,agegp,alcgp,tobgp,ncases,ncontrols
1,0,0,0,0,40
2,0,0,1,0,10
3,0,0,2,0,6
4,0,0,3,0,5
5,0,2,0,0,27
6,0,2,1,0,7
7,0,2,2,0,4
8,0,2,3,0,7
9,0,3,0,0,2
10,0,3,1,0,1
11,0,3,3,0,2
12,0,1,0,0,1
13,0,1,1,1,1
14,0,1,2,0,1
15,0,1,3,0,2
16,1,0,0,0,60
17,1,0,1,1,14
18,1,0,2,0,7
19,1,0,3,0,8
20,1,2,0,0,35
21,1,2,1,3,23
22,1,2,2,1,14
23,1,2,3,0,8
24,1,3,0,0,11
25,1,3,1,0,6
26,1,3,2,0,2
27,1,3,3,0,1
28,1,1,0,2,3
29,1,1,1,0,3
30,1,1,2,2,4
31,2,0,0,1,46
32,2,0,1,0,18
33,2,0,2,0,10
34,2,0,3,0,4
35,2,2,0,6,38
36,2,2,1,4,21
37,2,2,2,5,15
38,2,2,3,5,7
39,2,3,0,3,16
40,2,3,1,6,14
41,2,3,2,1,5
42,2,3,3,2,4
43,2,1,0,4,4
44,2,1,1,3,4
45,2,1,2,2,3
46,2,1,3,4,4
47,3,0,0,2,49
48,3,0,1,3,22
49,3,0,2,3,12
50,3,0,3,4,6
51,3,2,0,9,40
52,3,2,1,6,21
53,3,2,2,4,17
54,3,2,3,3,6
55,3,3,0,9,18
56,3,3,1,8,15
57,3,3,2,3,6
58,3,3,3,4,4
59,3,1,0,5,10
60,3,1,1,6,7
61,3,1,2,2,3
62,3,1,3,5,6
63,4,0,0,5,48
64,4,0,1,4,14
65,4,0,2,2,7
66,4,0,3,0,2
67,4,2,0,17,34
68,4,2,1,3,10
69,4,2,2,5,9
70,4,3,0,6,13
71,4,3,1,4,12
72,4,3,2,2,3
73,4,3,3,1,1
74,4,1,0,3,4
75,4,1,1,1,2
76,4,1,2,1,1
77,4,1,3,1,1
78,5,0,0,1,18
79,5,0,1,2,6
80,5,0,3,1,3
81,5,2,0,2,5
82,5,2,1,1,3
83,5,2,2,0,3
84,5,2,3,1,1
85,5,3,0,1,1
86,5,3,1,1,1
87,5,1,0,2,2
88,5,1,1,1,1
