,id,age,sex,dxyr,pcdx,pctime,futime,death,alb,creat,hgb,mspike
1,1,79,0,68,4,,760,1,2.8,1.2,11.5,2.0
2,2,76,0,69,1,2160.0,5441,1,3.1,1.0,13.3,1.8
3,3,87,1,68,4,,277,1,2.2,1.1,11.2,1.3
4,4,80,1,69,4,,1815,1,2.8,1.3,15.3,1.8
5,5,74,0,68,4,,2587,1,3.0,0.8,9.8,1.4
6,6,81,1,68,4,,547,1,2.9,0.9,11.5,1.8
7,7,72,0,68,4,,1125,1,3.0,0.8,13.5,1.3
8,8,79,0,69,4,,2010,1,3.1,0.8,15.5,1.4
9,9,85,1,70,4,,2422,1,3.2,1.0,12.4,1.5
10,10,58,1,65,4,,6155,1,3.5,1.0,14.8,2.2
11,11,79,1,62,4,,1767,1,3.7,,10.6,2.1
12,12,78,1,68,4,,61,1,2.1,2.0,12.7,1.5
13,13,83,1,64,4,,60,1,2.7,,12.8,1.8
14,14,66,1,69,4,,7807,0,3.2,1.3,15.3,1.9
15,15,80,1,69,4,,7732,0,3.1,,14.5,1.8
16,16,61,0,66,0,6126.0,7921,1,3.4,0.8,12.2,1.9
17,17,53,0,68,3,3590.0,5231,1,3.0,1.1,11.1,2.0
18,18,74,1,67,4,,5384,1,3.2,1.0,13.5,1.5
19,19,72,0,69,3,5934.0,6415,1,3.1,1.2,14.3,1.8
20,20,59,0,70,0,6789.0,6778,1,3.5,0.8,14.6,1.3
21,21,72,1,59,3,3561.0,4505,1,2.8,1.4,12.5,1.7
22,22,62,0,67,3,3987.0,4726,1,2.8,0.9,12.3,1.7
23,23,69,1,69,4,,5550,1,3.0,1.0,15.3,1.7
24,24,78,0,70,4,,5216,1,3.0,0.8,12.7,1.3
25,25,69,0,69,4,,5757,1,3.1,0.9,14.9,1.8
26,26,75,1,70,4,,2345,1,3.7,0.9,14.6,2.3
27,27,70,0,65,4,,6931,1,3.5,0.8,11.3,2.7
28,28,62,0,69,4,,6760,1,3.0,1.1,14.3,2.1
29,29,74,0,70,4,,5796,1,4.0,0.9,13.6,1.8
30,30,80,0,66,3,4810.0,5143,1,3.3,0.7,11.7,1.5
31,31,63,1,69,2,3091.0,3316,1,3.6,1.2,14.8,1.9
32,32,73,0,73,3,700.0,1706,1,3.3,0.7,13.7,0.9
33,33,73,1,64,4,,5088,1,3.0,1.0,14.6,1.5
34,34,62,0,72,3,944.0,2466,1,3.8,0.7,12.8,1.7
35,35,59,1,68,4,,1706,1,3.4,0.9,11.8,1.6
36,36,64,0,70,4,,7364,0,3.7,,13.7,1.8
37,37,66,0,63,4,,1857,1,3.3,,12.5,3.2
38,38,62,0,63,3,9510.0,9603,1,3.8,0.8,12.5,1.9
39,39,76,1,69,4,,31,1,2.6,1.1,10.4,1.7
40,40,73,0,70,4,,7479,0,3.3,0.9,13.7,2.0
41,41,76,0,70,4,,2006,1,3.3,0.9,13.3,2.3
42,42,68,0,63,3,2588.0,2983,1,3.6,1.0,11.8,1.8
43,43,60,1,66,4,,8761,0,3.2,,13.7,1.8
44,44,70,1,69,4,,3932,1,2.6,1.1,10.7,1.7
45,45,68,1,67,3,4201.0,5293,1,3.5,1.2,12.8,1.4
46,46,66,1,65,4,,273,1,3.4,,12.4,1.8
47,47,81,1,67,4,,2223,1,2.2,0.6,12.6,1.1
48,48,61,0,67,4,,4249,1,3.7,1.7,11.7,1.8
49,49,80,0,70,4,,5308,1,3.5,0.8,14.3,1.7
50,50,78,0,65,4,,8327,1,3.3,0.8,12.2,2.0
51,51,66,0,66,4,,499,1,3.3,,10.2,1.7
52,52,77,1,70,4,,5789,1,3.5,1.6,13.5,1.5
53,53,46,0,70,4,,7417,0,4.3,0.8,13.7,1.6
54,54,59,0,65,1,3242.0,3275,1,,,,1.3
55,55,58,0,60,3,10359.0,10852,1,3.3,0.8,12.4,1.8
56,56,58,1,70,4,,362,1,3.6,1.0,14.9,2.4
57,57,54,1,63,4,,9993,0,3.6,1.2,13.6,1.2
58,58,65,1,66,3,1795.0,3562,1,3.2,1.0,15.0,2.0
59,59,73,1,60,3,4139.0,4840,1,3.3,1.3,13.7,1.1
60,60,68,1,70,4,,4959,1,3.2,1.0,13.3,1.6
61,61,77,1,70,4,,547,1,3.0,1.5,12.6,1.9
62,62,73,0,70,4,,4119,1,3.8,1.0,12.6,2.6
63,63,44,0,67,4,,8308,0,3.4,0.8,13.3,2.2
64,64,84,1,63,4,,1674,1,3.6,1.1,13.9,1.8
65,65,48,1,67,3,2953.0,3776,1,,,13.4,2.3
66,66,68,1,68,4,,1369,1,3.3,1.0,13.0,1.8
67,67,58,0,69,4,,7911,0,3.0,2.6,12.7,1.9
68,68,69,0,59,3,7519.0,9318,1,,1.1,15.3,2.0
69,69,67,0,70,4,,4370,1,3.2,0.9,15.0,0.8
70,70,61,1,70,4,,7301,0,2.9,0.9,15.7,1.3
71,71,52,0,66,3,1642.0,4169,1,3.2,0.7,11.0,2.1
72,72,48,1,70,4,,7417,0,3.7,0.7,15.7,1.8
73,73,71,1,70,4,,6117,1,3.9,,16.5,1.8
74,74,52,1,69,3,4536.0,7235,1,3.6,1.1,16.5,1.6
75,75,60,1,70,4,,6723,1,3.6,0.7,12.7,1.8
76,76,58,1,66,3,7397.0,7428,1,3.6,0.9,12.6,1.5
77,77,65,1,70,0,2084.0,4066,1,3.6,1.0,12.6,1.7
78,78,56,0,66,4,,1673,1,3.1,0.8,11.8,2.4
79,79,74,1,66,4,,2860,1,3.1,1.5,11.3,1.4
80,80,78,1,68,4,,0,1,2.5,1.5,13.6,2.2
81,81,58,1,68,3,3773.0,4810,1,2.1,0.9,6.8,1.2
82,82,76,0,68,4,,4206,1,3.2,1.2,11.0,2.1
83,83,50,1,65,3,2314.0,4065,1,3.5,,,1.6
84,84,50,0,66,4,,8961,0,3.4,0.8,14.6,1.3
85,85,77,1,64,4,,6143,1,3.1,1.2,12.2,1.3
86,86,70,0,70,4,,517,1,2.9,0.7,14.5,2.0
87,87,52,0,70,1,3837.0,7498,0,,0.8,13.9,1.9
88,88,78,0,70,4,,2815,1,3.9,1.0,14.9,1.8
89,89,43,1,60,4,,8806,1,3.2,,13.0,1.4
90,90,59,1,70,4,,7668,0,3.3,1.7,12.8,2.4
91,91,56,1,56,4,,12457,0,3.8,1.1,13.9,2.2
92,92,56,0,59,4,,8600,1,3.4,,13.0,2.0
93,93,65,1,70,4,,7003,0,3.9,1.0,15.3,1.7
94,94,58,1,67,4,,2435,1,3.5,1.0,15.4,1.1
95,95,61,1,69,3,1826.0,2403,1,2.9,1.2,14.3,2.2
96,96,65,1,64,3,3805.0,4901,1,3.7,,13.9,1.1
97,97,75,0,70,4,,365,1,2.7,0.9,12.4,1.4
98,98,61,1,62,4,,6642,1,3.2,0.9,14.6,2.2
99,99,63,1,64,4,,3318,1,3.2,1.1,15.3,1.8
100,100,78,1,68,4,,3012,1,3.0,1.2,11.9,1.4
101,101,34,1,62,3,1431.0,2223,1,3.7,1.1,13.8,1.7
102,102,46,1,58,2,4962.0,5982,1,2.3,,15.9,2.2
103,103,71,0,70,4,,638,1,3.1,6.4,11.2,1.5
104,104,60,0,65,3,3346.0,4996,1,2.8,0.7,12.6,1.7
105,105,53,0,70,1,6800.0,7454,0,3.4,1.2,13.9,1.2
106,106,60,1,66,4,,8887,0,3.7,1.1,13.7,2.4
107,107,63,1,70,4,,5024,1,3.3,0.9,13.1,1.5
108,108,63,1,70,4,,2833,1,3.4,1.0,13.4,1.7
109,109,53,0,69,3,4232.0,5238,1,3.4,1.0,14.8,1.5
110,110,87,1,70,4,,3186,1,2.7,0.9,13.5,1.8
111,111,50,0,59,0,3380.0,3382,1,3.3,1.1,12.6,1.9
112,112,53,1,68,4,,8100,0,3.5,1.0,13.6,1.1
113,113,58,1,59,4,,1766,1,2.6,,13.0,2.5
114,114,55,0,60,2,7184.0,8059,1,3.2,,13.0,2.0
115,115,58,0,67,4,,6008,1,3.0,1.0,10.7,2.7
116,116,68,1,60,4,,5047,1,3.8,,12.0,2.0
117,117,56,0,65,4,,2236,1,3.5,1.1,12.9,1.7
118,118,65,0,68,4,,8165,0,3.0,,11.8,1.8
119,119,70,0,61,4,,4224,1,2.5,,12.6,
120,120,80,1,69,4,,2844,1,2.3,,14.5,1.3
121,121,69,1,70,4,,6256,1,3.3,1.1,14.4,1.7
122,122,49,0,70,4,,7370,0,,0.9,12.4,2.0
123,123,60,0,62,4,,3560,1,2.8,0.6,8.4,1.6
124,124,69,1,62,0,4939.0,4941,1,2.4,,14.3,1.3
125,125,66,0,70,0,2230.0,3068,1,3.4,0.9,12.8,1.5
126,126,48,0,62,4,,152,1,3.6,,14.5,0.3
127,127,54,0,62,4,,10122,0,3.3,,13.2,1.8
128,128,65,1,68,4,,3226,1,3.0,0.9,13.6,2.0
129,129,72,0,69,4,,3943,1,3.0,1.5,14.5,1.2
130,130,85,1,64,4,,518,1,2.4,,12.5,1.6
131,131,65,0,67,4,,8569,0,2.6,1.1,12.9,1.9
132,132,68,1,69,4,,845,1,1.9,0.8,9.6,1.7
133,133,87,1,69,4,,2099,1,2.1,1.0,9.6,1.6
134,134,59,0,63,1,8006.0,8052,1,3.8,0.8,12.1,2.0
135,135,51,0,63,4,,9560,0,3.3,1.0,15.2,2.3
136,136,85,1,69,4,,0,1,3.0,1.0,10.8,1.2
137,137,34,0,69,4,,7965,0,3.5,1.0,15.5,1.6
138,138,71,1,70,4,,7470,0,3.4,0.9,14.2,1.7
139,139,35,0,68,4,,8133,0,3.5,0.9,12.7,1.6
140,140,55,1,64,4,,809,1,3.0,3.5,9.8,2.2
141,141,90,1,68,4,,153,1,2.7,,11.9,2.3
142,142,66,1,70,4,,1851,1,4.5,0.9,16.2,1.9
143,143,64,1,70,4,,3010,1,3.7,1.2,13.7,1.7
144,144,61,0,64,4,,2121,1,,1.7,10.5,2.0
145,145,50,0,65,4,,7085,1,1.8,1.3,8.4,2.5
146,146,52,0,65,4,,5068,1,2.5,0.6,12.6,2.1
147,147,74,0,70,4,,7093,0,2.6,1.0,14.5,1.5
148,148,72,0,67,4,,5930,1,3.2,1.1,14.8,2.4
149,149,47,0,65,4,,6878,1,3.1,1.4,11.4,1.7
150,150,71,1,68,4,,8080,0,3.1,1.2,13.3,1.8
151,151,77,1,69,4,,791,1,2.4,1.2,11.0,1.5
152,152,75,1,66,4,,6626,1,2.9,,10.8,2.0
153,153,73,1,66,4,,3962,1,2.7,,11.7,2.2
154,154,58,0,66,3,1116.0,1249,1,3.1,,11.3,1.7
155,155,59,1,64,4,,9257,0,,,12.9,2.5
156,156,63,1,66,4,,1077,1,3.0,,12.1,1.8
157,157,82,1,69,4,,566,1,2.3,3.6,12.5,2.9
158,158,64,1,66,4,,174,1,3.3,,11.1,1.7
159,159,64,0,69,3,4627.0,5022,1,2.9,1.0,13.2,2.6
160,160,65,1,67,3,2070.0,3012,1,3.5,,13.5,1.5
161,161,70,1,69,4,,1625,1,3.4,3.7,9.5,1.4
162,162,71,0,67,4,,6607,1,3.1,,11.7,2.3
163,163,36,1,67,4,,8381,0,3.7,0.9,11.4,2.4
164,164,41,0,67,4,,8389,0,3.5,,14.5,2.1
165,165,53,0,67,4,,1005,1,3.4,0.7,14.8,2.2
166,166,62,1,67,3,3895.0,4236,1,3.1,1.3,14.8,1.4
167,167,55,0,67,3,6970.0,8497,0,3.1,0.8,12.4,1.8
168,168,51,1,67,2,2861.0,8487,0,3.1,1.1,13.6,2.3
169,169,50,1,68,4,,3227,1,3.2,,15.0,1.5
170,170,49,0,68,4,,8030,0,3.0,0.9,12.7,1.7
171,171,62,1,68,4,,8023,0,3.1,1.1,13.7,1.8
172,172,66,1,68,4,,31,1,3.2,1.1,13.2,1.7
173,173,80,1,68,4,,2435,1,3.2,,14.9,1.7
174,174,68,0,68,4,,518,1,2.8,0.9,13.4,1.7
175,175,75,1,68,4,,4758,1,2.8,0.9,10.8,1.8
176,176,54,0,68,4,,7958,0,3.3,0.9,12.6,1.6
177,177,47,0,68,4,,7884,0,3.0,1.0,13.1,1.7
178,178,70,0,68,4,,4453,1,3.2,0.8,7.7,2.2
179,179,47,0,68,4,,6349,1,2.4,0.7,12.1,1.7
180,180,50,0,68,4,,7862,0,2.7,0.9,12.4,1.7
181,181,74,1,68,4,,1392,1,3.3,1.1,14.1,1.6
182,182,81,1,68,4,,3167,1,2.9,1.2,12.2,1.4
183,183,60,0,68,4,,6025,1,3.3,1.2,11.1,1.2
184,184,72,1,68,4,,4656,1,3.0,1.0,14.0,1.1
185,185,64,1,67,4,,1767,1,,,13.2,1.8
186,186,38,1,68,4,,7736,0,3.9,1.1,13.3,2.2
187,187,56,1,68,4,,2678,1,2.8,0.9,12.7,1.6
188,188,63,1,69,3,2191.0,3658,1,3.1,1.1,14.7,2.0
189,189,37,0,69,4,,7758,0,2.6,1.0,10.1,1.2
190,190,44,1,69,4,,8009,0,3.6,1.1,14.5,1.5
191,191,60,1,69,0,2556.0,3511,1,2.9,0.9,14.0,1.6
192,192,48,1,69,4,,7954,0,3.2,1.0,16.2,1.5
193,193,56,1,67,4,,822,1,,1.0,11.3,1.6
194,194,50,1,68,3,4321.0,5151,1,5.1,1.3,14.5,1.4
195,195,70,0,69,3,7545.0,7576,1,2.2,0.8,12.4,1.0
196,196,57,1,69,4,,32,1,2.6,2.5,11.2,2.6
197,197,55,1,69,4,,7875,0,3.0,0.9,13.4,1.1
198,198,58,1,69,3,5236.0,7106,1,2.9,1.3,13.1,1.7
199,199,54,1,69,3,2802.0,7898,0,2.9,1.0,13.6,1.3
200,200,74,0,69,4,,3014,1,3.3,0.9,12.9,1.3
201,201,62,0,69,4,,7867,0,3.1,0.8,14.5,2.1
202,202,61,1,69,4,,5354,1,3.2,0.9,13.8,2.0
203,203,55,1,69,4,,2989,1,2.8,1.2,15.0,1.9
204,204,52,0,69,4,,7555,0,3.2,0.7,14.9,1.4
205,205,46,1,69,4,,6089,1,3.1,0.9,13.0,1.4
206,206,68,1,67,4,,8697,1,,1.0,14.2,1.5
207,207,59,1,69,4,,6479,1,3.5,1.1,14.9,1.2
208,208,68,1,70,4,,1826,1,2.1,1.1,15.9,2.4
209,209,47,0,70,4,,5917,1,2.7,0.7,11.6,2.4
210,210,62,1,70,4,,792,1,3.8,1.2,13.9,2.0
211,211,79,1,69,2,1431.0,1434,1,,1.1,12.8,1.9
212,212,64,1,70,4,,4763,1,3.9,0.9,15.5,2.6
213,213,77,0,70,4,,2910,1,3.9,0.8,12.8,1.4
214,214,76,1,70,4,,6209,1,3.6,0.9,13.7,2.6
215,215,64,0,70,4,,5824,1,3.6,1.2,12.6,1.5
216,216,70,1,70,4,,2400,1,2.9,1.2,7.4,1.4
217,217,51,0,70,3,1400.0,3027,1,3.1,0.9,12.8,1.4
218,218,57,0,70,4,,7198,0,3.7,0.8,15.1,1.4
219,219,49,1,70,4,,7247,0,,1.3,15.1,2.4
220,220,58,1,70,3,2557.0,3855,1,3.7,1.0,14.9,2.2
221,221,75,0,70,4,,61,1,2.7,1.3,12.2,1.9
222,222,53,1,70,4,,7410,0,3.4,1.0,13.0,2.2
223,223,82,0,69,4,,1492,1,,0.9,14.1,1.5
224,224,54,1,70,4,,7160,0,3.3,1.0,13.1,1.2
225,225,54,1,68,4,,7899,1,,1.0,14.2,1.9
226,226,72,1,70,4,,5181,1,3.9,1.0,15.4,1.3
227,227,39,1,70,4,,7280,0,3.8,,16.6,1.6
228,228,75,1,70,4,,3448,1,3.3,1.5,15.9,1.7
229,229,64,1,70,4,,7381,0,4.0,0.9,16.1,1.8
230,230,66,1,70,4,,2434,1,3.9,1.4,15.1,1.9
231,231,67,1,70,4,,6763,1,3.4,1.0,14.5,2.5
232,232,61,1,70,4,,7065,0,3.4,1.1,15.0,1.6
233,233,62,1,71,3,1218.0,1554,1,3.9,0.9,15.1,1.7
234,234,47,0,69,4,,7533,0,3.4,0.7,11.8,2.2
235,235,51,0,70,4,,7288,0,,0.6,13.6,1.4
236,236,66,1,67,3,2922.0,5988,1,4.1,,13.8,2.4
237,237,62,1,68,2,2495.0,5234,1,,1.3,12.1,2.1
238,238,38,1,64,4,,9598,0,3.8,1.4,14.0,2.6
239,239,39,1,69,0,2953.0,2961,1,,1.2,15.2,1.2
240,240,67,0,69,4,,4539,1,3.5,1.3,12.2,2.2
241,241,55,1,66,2,3775.0,6524,1,3.2,1.3,14.2,1.3
