,x3,x2,x1,y2,y1,x4
1,1,4,3,1,1,4
2,0,2,3,0,1,3
3,0,1,3,1,0,2
4,1,1,3,1,1,2
5,0,1,3,1,1,2
6,0,1,3,0,1,2
7,1,2,2,0,1,2
8,0,1,3,0,0,2
9,0,2,1,0,0,1
10,1,2,3,1,1,2
11,1,1,2,0,0,1
12,0,1,2,1,1,2
13,0,3,1,1,1,2
14,0,3,3,1,1,4
15,0,3,2,1,1,3
16,0,1,2,0,0,1
17,0,4,2,1,1,2
18,0,3,3,0,0,2
19,0,1,1,0,0,1
20,0,3,3,1,0,3
21,0,4,3,0,0,2
22,0,1,2,0,0,1
23,0,1,2,1,1,4
24,0,1,2,0,0,1
25,0,1,1,0,0,1
26,0,3,2,1,1,2
27,0,1,2,1,0,2
28,0,1,2,1,0,2
29,0,1,2,0,0,1
30,0,4,2,1,1,3
31,0,1,2,0,0,1
32,0,1,2,0,0,1
33,0,1,1,0,0,1
34,0,1,2,0,1,1
35,0,2,1,1,1,2
36,0,3,3,0,1,1
37,0,1,2,0,0,1
38,0,1,1,0,0,1
39,0,1,2,0,0,1
40,0,2,3,0,1,2
41,0,2,2,0,1,2
42,0,2,3,0,0,2
43,0,1,3,1,0,2
44,0,2,3,0,1,2
45,0,1,1,1,1,1
46,0,1,2,0,1,1
47,0,1,3,0,1,2
48,0,2,1,1,0,1
49,0,1,3,0,0,1
50,0,1,2,0,0,1
51,0,1,2,0,1,2
52,0,1,3,0,1,2
53,0,1,1,0,1,1
54,0,1,1,0,0,1
55,0,1,2,0,0,1
56,0,1,2,0,1,2
57,0,2,2,0,1,2
58,0,2,3,0,1,2
59,0,2,3,0,1,2
60,0,3,2,1,1,3
61,1,3,2,0,0,1
62,0,1,3,1,1,3
63,0,3,1,1,1,3
64,0,2,2,0,0,1
65,0,3,3,1,1,2
66,0,2,1,0,0,1
67,0,3,3,0,1,3
68,0,1,2,0,1,2
69,0,1,2,1,0,2
70,0,3,1,1,1,2
71,0,2,3,0,1,3
72,0,2,2,0,0,1
73,1,3,1,1,1,2
74,0,2,1,0,0,1
75,0,1,3,0,1,2
76,0,4,3,1,0,2
77,0,1,2,0,0,1
78,1,3,1,1,1,2
