,herd,incidence,size,period
1,1,2,14,1
2,1,3,12,2
3,1,4,9,3
4,1,0,5,4
5,2,3,22,1
6,2,1,18,2
7,2,1,21,3
8,3,8,22,1
9,3,2,16,2
10,3,0,16,3
11,3,2,20,4
12,4,2,10,1
13,4,0,10,2
14,4,2,9,3
15,4,0,6,4
16,5,5,18,1
17,5,0,25,2
18,5,0,24,3
19,5,1,4,4
20,6,3,17,1
21,6,0,17,2
22,6,0,18,3
23,6,1,20,4
24,7,8,16,1
25,7,1,10,2
26,7,3,9,3
27,7,0,5,4
28,8,12,34,1
29,9,2,9,1
30,9,0,6,2
31,9,0,8,3
32,9,0,6,4
33,10,1,22,1
34,10,1,22,2
35,10,0,18,3
36,10,2,22,4
37,11,0,25,1
38,11,5,27,2
39,11,3,22,3
40,11,1,22,4
41,12,2,10,1
42,12,1,8,2
43,12,0,6,3
44,12,0,5,4
45,13,1,21,1
46,13,2,24,2
47,13,0,19,3
48,13,0,23,4
49,14,11,19,1
50,14,0,2,2
51,14,0,3,3
52,14,0,2,4
53,15,1,19,1
54,15,1,15,2
55,15,1,15,3
56,15,0,15,4
