,Version,Date,Packages,Source
1,1.3,0,110,0
2,1.4,1,129,0
3,1.5,2,162,0
4,1.6,3,163,1
5,1.7,4,219,0
6,1.8,5,273,0
7,1.9,6,357,0
8,2.0,7,406,0
9,2.1,8,548,0
10,2.2,9,647,0
11,2.3,10,739,0
12,2.4,11,911,0
13,2.5,12,1000,0
14,2.6,13,1300,0
15,2.7,14,1427,0
16,2.8,15,1614,0
17,2.9,16,1952,0
18,2.1,17,2088,0
19,2.11,18,2445,0
20,2.12,19,2837,0
21,2.13,20,3286,0
22,2.14,21,3618,0
23,2.14,22,3786,2
24,2.15,23,4000,0
25,2.15,24,4082,2
26,2.15,25,4210,2
27,2.15,26,4960,2
28,2.15,27,5000,2
29,3.1,28,5428,2
