,x
1,1.68374816983895
2,2.09370424597365
3,1.73258125915081
4,1.77975402635432
5,4.61200585651537
6,8.72527379209371
7,7.89897510980966
8,2.20804538799414
9,1.48609077598829
10,2.79617130307467
11,7.32064421669107
12,3.36749633967789
13,1.46412884333821
14,1.72222254758419
15,11.3748169838946
16,2.48273938506589
17,26.2146412884334
18,2.00243045387994
19,4.53001464128843
20,1.84175256222548
21,3.80673499267936
22,14.1220761346999
23,5.4242532942899
24,11.7130307467057
25,1.51537335285505
26,2.53858857979502
27,2.0497803806735
28,12.4655929721816
29,1.73544509516837
30,1.68374816983895
31,3.32385212298682
32,1.82102489019034
33,2.41581259150805
34,1.46412884333821
35,5.8759019033675
36,1.792439238653
37,3.33821376281113
38,1.58448755490483
39,1.93132064421669
40,2.0497803806735
41,1.57375841874085
42,1.75695461200586
43,4.9311859443631
44,5.41727672035139
45,1.53733528550512
46,17.5695461200586
47,1.69112298682284
48,1.58161200585652
49,1.46711566617862
50,2.0497803806735
51,1.92871156661786
52,3.26315373352855
53,1.70424597364568
54,2.07460761346999
55,3.29428989751098
56,1.83997510980966
57,7.32064421669107
58,7.32064421669107
59,1.57621522693997
60,4.8560980966325
61,1.54227525622255
62,13.6207906295754
63,1.75695461200586
64,1.6398243045388
65,2.03637774524158
66,21.9619326500732
67,1.79902635431918
68,2.45241581259151
69,2.66910688140556
70,2.02414641288433
71,1.72474377745242
72,1.64386383601757
73,1.96193265007321
74,4.62664714494876
75,1.46412884333821
76,3.96325036603221
77,5.56385212298682
78,4.39238653001464
79,3.64031332357247
80,1.67789165446559
81,1.44948755490483
82,263.250366032211
83,2.50073206442167
84,1.82576866764275
85,9.88286969253294
86,2.14661786237189
87,2.87025915080527
88,6.31991361639824
89,2.12346120058565
90,2.92386530014641
91,2.03637628111274
92,1.73645680819912
93,2.0497803806735
94,1.90336749633968
95,1.61054172767204
96,1.71742313323572
97,3.12943777452416
98,2.05195754026354
99,1.96751830161054
100,2.10248901903367
101,3.25915080527086
102,1.99853587115666
103,5.41727672035139
104,2.81983601756955
105,3.69708345534407
106,2.04538799414348
107,2.67935578330893
108,3.42622401171303
109,1.58857979502196
110,4.26287115666179
111,1.75585944363104
112,1.98700585651537
113,1.66192532942899
114,7.61346998535871
115,1.794878477306
116,6.67481698389458
117,2.18594436310395
118,3.85505124450952
119,3.22108345534407
120,2.12298682284041
121,1.76029136163982
122,2.04165300146413
123,3.75593850658858
124,2.24211127379209
125,1.72111273792094
126,1.46412884333821
127,4.71189165446559
128,2.1538243045388
129,3.87481259150805
130,19.0702781844802
131,1.88726207906296
132,1.46412884333821
133,1.53616398243045
134,2.56006588579795
135,2.79970717423133
136,2.01317715959004
137,1.46412884333821
138,6.32503660322108
139,1.56730014641288
140,2.19619326500732
141,2.33528550512445
142,2.11566617862372
143,1.46954465592972
144,5.40263543191801
145,5.31478770131772
146,2.87262079062958
147,2.78184480234261
148,2.57682137628111
149,3.10102489019034
150,1.46412884333821
151,2.0497803806735
152,1.96193265007321
153,1.46412884333821
154,2.63543191800878
155,1.46412884333821
156,5.85651537335286
157,3.29428989751098
158,2.52085651537335
159,19.4729136163982
160,1.83546266471449
161,2.0497803806735
162,2.78330893118594
163,2.78184480234261
164,1.75695461200586
165,2.84040995607613
166,2.33089311859444
167,1.7562254259502
168,1.31454783748362
169,2.40397116644823
170,6.91563040629096
171,1.49187680209699
172,1.53239580602883
173,1.87386107470511
174,1.81520314547837
175,8.25688073394495
176,1.41020445609436
177,2.206625163827
178,34.1415465268676
179,2.44331061598951
180,3.59436959370904
181,2.37221494102228
182,3.6697247706422
183,6.88845347313237
184,1.80209698558322
185,1.44167758846658
186,9.1743119266055
187,2.09698558322412
188,2.81454783748362
189,1.68490301441678
190,2.09960681520315
191,2.62123197903014
192,1.37614678899083
193,1.66448230668414
194,2.35910878112713
195,4.1364875491481
196,1.39439580602883
197,1.80209698558322
198,1.81913499344692
199,1.51376146788991
200,3.08077326343381
201,20.9698558322412
202,4.19397116644823
203,1.86164351245085
204,2.49672346002621
205,2.21378112712975
206,5.24246395806029
207,1.32225425950197
208,8.55176933158585
209,1.96592398427261
210,12.8951507208388
211,1.78899082568807
212,2.17682699868938
213,8.77762778505898
214,1.81520314547837
215,1.68314023591088
216,3.6435124508519
217,1.61336828309305
218,1.46788990825688
219,1.40560419397117
220,3.12080340760157
221,1.59818086500655
222,3.80078636959371
223,1.51008912188729
224,1.57273918741809
225,1.83005242463958
226,2.62123197903014
227,2.80648099606815
228,1.35779816513761
229,1.61861074705111
230,1.96592398427261
231,3.02228047182176
232,56.2254259501966
233,4.98034076015727
234,1.9871625163827
235,1.96592398427261
236,2.71129226736566
237,1.90039318479685
238,1.72346002621232
239,1.57273918741809
240,1.70380078636959
241,3.01965923984273
242,1.8348623853211
243,1.41939711664482
244,4.39056356487549
245,7.86369593709043
246,1.57273918741809
247,1.33661336828309
248,1.70380078636959
249,2.63562254259502
250,1.86471821756225
251,1.45775491480996
252,7.55832241153342
253,2.03139711664482
254,1.34993446920052
255,1.4748623853211
256,5.11140235910878
257,5.24246395806029
258,1.44167758846658
259,3.93613892529489
260,4.06290956749672
261,1.37614678899083
262,1.68414154652687
263,1.44061992136304
264,1.36454914809961
265,1.57273918741809
266,2.18542201834862
267,3.28134600262123
268,1.36310091743119
269,2.12319790301442
270,2.63433813892529
271,2.09829619921363
272,3.43435255570118
273,1.47879554390564
274,2.62123197903014
275,3.00131061598951
276,1.42973394495413
277,10.2228047182176
278,2.57939580602883
279,1.75535910878113
280,1.47340498034076
281,1.95281782437746
282,1.77986893840105
283,1.9868623853211
284,1.93971166448231
285,1.6759003931848
286,1.57273918741809
287,2.52490170380079
288,14.6788990825688
289,3.03407601572739
290,1.97903014416776
291,5.93775884665793
292,1.44167758846658
293,2.62123197903014
294,2.03800786369594
295,3.75491480996068
296,2.43774574049803
297,1.70203145478375
298,7.10987024901704
299,2.01965923984273
300,1.85049017038008
301,1.4159501965924
302,7.69331585845347
303,3.01441677588467
304,2.35910878112713
305,1.59231585845347
306,1.38925294888598
307,1.33296854521625
308,1.42332896461337
309,2.97757142857143
310,1.38735517693316
311,1.40498034076016
312,2.62123197903014
313,4.27916120576671
314,1.60550458715596
315,2.01179554390564
316,2.26736566186107
317,1.4646500655308
318,3.37406553079948
319,1.4907994757536
320,2.09698558322412
321,1.57016644823067
322,1.37614678899083
323,3.14547837483617
324,8.45373525557012
325,3.03328309305373
326,2.06422018348624
327,6.42201834862385
328,1.8987876802097
329,1.49017038007864
330,50.0655307994758
331,1.55963302752294
332,1.96592398427261
333,1.80005242463958
334,2.42463958060288
335,1.31061598951507
336,1.61205766710354
337,4.22116527942925
338,1.26040428061831
339,1.40369322235434
340,1.29726516052319
341,1.92749227110583
342,1.91545778834721
343,1.207451843044
344,5.69858263971463
345,1.90249702734839
346,1.18913436385256
347,10.1780237812128
348,1.60207966706302
349,4.16171224732461
350,2.36304994054697
351,1.96504399524376
352,1.94598216409037
353,2.85374554102259
354,1.20243995243757
355,10.820451843044
356,1.58876337693222
357,2.09634958382878
358,5.46967895362664
359,1.89298454221165
360,2.0332936979786
361,1.60523186682521
362,1.40309155766944
363,1.19500594530321
364,3.2461355529132
365,1.26312247324614
366,2.97265160523187
367,1.20495005945303
368,1.88127348394768
369,1.78359096313912
370,3.92390011890606
371,1.90249702734839
372,1.66468489892985
373,4.45282520808561
374,1.32362068965517
375,1.60523186682521
376,24.9702734839477
377,2.73483947681332
378,1.78359096313912
379,1.81093935790725
380,2.1141498216409
381,1.39120095124851
382,1.34601664684899
383,1.5073840665874
384,1.94048751486326
385,2.56979785969084
386,1.58076575505351
387,1.48751486325803
388,1.52199762187872
389,1.69084423305589
390,1.78359096313912
391,1.25886563614744
392,1.57374791914388
393,1.46730083234245
394,2.71370511296076
395,2.73602853745541
396,1.45659928656361
397,2.13743162901308
398,2.4790903686088
399,2.37812128418549
400,4.63733650416171
401,1.18906064209275
402,1.54577883472057
403,2.34244946492271
404,2.33769322235434
405,1.39714625445898
406,4.22116527942925
407,1.63995243757432
408,1.21878715814507
409,3.68608799048751
410,2.49702734839477
411,2.49702734839477
412,5.23186682520809
413,1.30796670630202
414,1.26812485136742
415,2.16527942925089
416,4.64019262782402
417,2.97265160523187
418,1.66468489892985
419,1.18906064209275
420,11.8906064209275
421,2.86563614744352
422,1.24436741973841
423,1.72413793103448
424,5.69560047562426
425,1.35956956004756
426,7.07491082045184
427,1.40347562425684
428,1.40241854934602
429,1.31985731272295
430,4.32058858501784
431,1.84304399524376
432,1.41498216409037
433,1.48632580261593
434,4.94603210463734
435,1.91319857312723
436,20.0499405469679
437,1.43650772889417
438,5.5077288941736
439,3.21046373365042
440,1.39932818073722
441,5.00173483947681
442,3.44827586206897
443,3.55648038049941
444,1.35756837098692
445,2.1315112960761
446,1.84188585017836
447,1.4268727705113
448,2.41759809750297
449,1.25215457788347
450,1.89970273483948
451,1.55918311533888
452,1.24925326991677
453,1.90324137931034
454,1.60523186682521
455,2.22965873959572
456,1.2128418549346
457,3.44827586206897
458,1.24326753864447
459,1.67493103448276
460,1.35315101070155
461,1.78754458977408
462,2.03686087990488
463,1.97384066587396
464,1.64090368608799
465,2.9099322235434
466,2.55095838287753
467,1.80737217598098
468,4.00257788347206
469,1.4268727705113
470,2.34311177170036
471,1.38882282996433
472,4.17360285374554
473,1.27853745541023
474,3.55885850178359
475,1.2001498216409
476,1.55123424494649
477,1.69961950059453
478,65.7074910820452
479,27.262594530321
480,15.9262782401903
481,1.27949702734839
482,3.09844114149822
483,2.94696195005945
484,1.22473246135553
485,1.66468489892985
486,1.3196016646849
487,1.51659928656361
488,1.27323067776457
489,1.66468489892985
490,1.30796670630202
491,5.46967895362664
492,1.24851367419738
493,1.98682520808561
494,1.4268727705113
495,1.4268727705113
496,2.1640903686088
497,2.14030915576694
498,1.30796670630202
499,1.4983840665874
500,1.6884661117717
501,1.83994887039239
502,4.37574316290131
503,1.7866920332937
504,1.65594411414982
505,1.18906064209275
506,3.8507598097503
507,4.16171224732461
508,2.14030915576694
509,2.14030915576694
510,2.61593341260404
511,4.16171224732461
512,22.258225921522
513,2.25921521997622
514,4.28061831153389
515,1.30624732461356
516,5.58858501783591
517,2.79429250891795
518,1.44160177975528
519,1.34964627363737
520,1.5650723025584
521,1.11234705228031
522,2.81016351501669
523,1.78345272525028
524,2.12869855394883
525,4.34927697441602
526,2.71078976640712
527,1.13459399332592
528,2.62368631813126
529,2.39377085650723
530,6.23470522803115
531,1.37819799777531
532,1.21690767519466
533,1.16351501668521
534,2.45940711902113
535,4.72747497219132
536,1.55728587319244
537,1.30700778642937
538,3.14349276974416
539,1.19710789766407
540,1.16796440489433
541,1.11234705228031
542,1.7797552836485
543,1.64740266963293
544,1.72369187986652
545,5.56173526140156
546,1.33481646273637
547,1.4460511679644
548,1.33481646273637
549,1.59065628476085
550,1.11234705228031
551,3.03243604004449
552,3.78642936596218
553,2.22469410456062
554,2.44716351501669
555,10.0111234705228
556,1.16354727474972
557,1.11234705228031
558,3.15286318131257
559,3.72636262513904
560,4.44938820912125
561,2.28126362625139
562,3.559510567297
563,4.44938820912125
564,1.2091212458287
565,1.15684093437152
566,2.22469410456062
567,1.24026696329255
568,1.15925583982202
569,1.66852057842047
570,3.33704115684093
571,10.0723025583982
572,2.1412680756396
573,1.47497219132369
574,1.11234705228031
575,1.68965517241379
576,1.66852057842047
577,1.61735261401557
578,1.11234705228031
579,2.16907675194661
580,1.49388209121246
581,1.40823136818687
582,2.5027808676307
583,2.25806451612903
584,3.72636262513904
585,1.89369966629588
586,1.70411568409344
587,2.34285428253615
588,1.94660734149054
589,1.27919911012236
590,1.51069632925473
591,2.44716351501669
592,3.67519466073415
593,2.37824137931034
594,1.7741935483871
595,1.51512791991101
596,2.23470522803115
597,1.81646273637375
598,3.44827586206897
599,4.67185761957731
600,1.15684093437152
601,1.22358175750834
602,4.07892992213571
603,1.19243604004449
604,1.20409343715239
605,2.55839822024472
606,1.61846496106785
607,1.82202447163515
608,1.61056395995551
609,1.86095661846496
610,7.99207007786429
611,1.7853170189099
612,4.89432703003337
613,2.52057842046719
614,1.39488320355951
615,1.39043381535039
616,1.29717908787542
617,3.67074527252503
618,3.87652947719689
619,3.587319243604
620,1.43795439377086
621,1.17527474972191
622,1.50166852057842
623,1.50600333704116
624,5.92547274749722
625,12.6318131256952
626,3.06117908787542
627,1.43604004449388
628,2.27919911012236
629,1.49176640711902
630,6.91655394883203
631,1.60422914349277
632,1.66852057842047
633,1.15721134593993
634,1.32035595105673
635,3.44827586206897
636,1.97576195773081
637,1.85650723025584
638,2.00222469410456
639,5.30050389321468
640,4.00444938820912
641,1.12446829810901
642,1.54649499443826
643,2.55839822024472
644,1.47916573971079
645,1.25939933259177
646,3.1979977753059
647,3.11457174638487
648,1.31256952169077
649,5.67296996662959
650,13.3481646273637
651,11.4315906562848
652,4.25917686318131
653,3.36682647385984
654,1.11234705228031
655,1.11234705228031
656,1.4460511679644
657,2.07311457174638
658,1.22358175750834
659,1.61290322580645
660,1.31924360400445
661,1.12903225806452
662,2.33592880978865
663,1.72413793103448
664,11.1234705228031
665,1.66852057842047
666,1.55728587319244
667,1.55728587319244
668,1.93331145717464
669,1.72413793103448
670,1.50166852057842
671,2.20743455497382
672,1.04712041884817
673,1.4253612565445
674,1.36125654450262
675,9.31413612565445
676,1.64489005235602
677,2.61780104712042
678,2.54111204188482
679,1.57068062827225
680,1.2565445026178
681,1.4586387434555
682,1.04712041884817
683,2.23141361256544
684,2.19895287958115
685,5.0261780104712
686,2.40837696335079
687,1.6521780104712
688,1.15183246073298
689,1.31968376963351
690,2.70157068062827
691,2.54450261780105
692,2.35602094240838
693,1.2565445026178
694,1.67539267015707
695,1.36125654450262
696,3.87434554973822
697,1.7696335078534
698,1.11832460732984
699,2.20942408376963
700,1.09842931937173
701,1.15183246073298
702,2.9637497382199
703,11.6230366492147
704,14.2931937172775
705,1.28795811518325
706,1.46596858638743
707,13.6230366492147
708,1.12984293193717
709,2.40314136125654
710,5.44502617801047
711,1.0469109947644
712,1.05916230366492
713,2.09424083769634
714,1.85549738219895
715,1.57068062827225
716,1.93717277486911
717,2.20314136125654
718,2.46073298429319
719,1.4276167539267
720,1.73507853403141
721,4.08376963350785
722,2.15706806282723
723,1.46596858638743
724,1.16858638743456
725,1.22513089005236
726,1.15183246073298
727,3.7696335078534
728,1.09505235602094
729,1.20418848167539
730,2.61780104712042
731,1.87120418848168
732,4.3979057591623
733,4.60732984293194
734,18.6464837696335
735,1.04712041884817
736,1.04712041884817
737,1.04712041884817
738,15.8115183246073
739,1.98952879581152
740,1.04712041884817
741,1.2565445026178
742,1.15183246073298
743,1.07329842931937
744,1.19442094240838
745,1.0643612565445
746,1.38429319371728
747,1.13089005235602
748,1.15183246073298
749,1.79371727748691
750,1.1413612565445
751,1.6329057591623
752,2.64397905759162
753,1.28689633507853
754,4.45026178010471
755,1.23664921465969
756,1.95916230366492
757,1.1910502617801
758,1.3144335078534
759,1.98952879581152
760,1.64957068062827
761,2.72251308900524
762,1.13242094240838
763,1.78010471204188
764,1.60732984293194
765,1.20418848167539
766,1.07329842931937
767,1.09947643979058
768,1.40628272251309
769,1.96544502617801
770,3.36319057591623
771,1.57068062827225
772,1.2565445026178
773,2.76244083769634
774,1.06648586387435
775,1.37795078534031
776,1.30025340314136
777,1.31937172774869
778,3.40314136125654
779,1.36125654450262
780,1.17801047120419
781,4.29319371727749
782,4.80837696335078
783,1.09947643979058
784,2.21989528795812
785,2.61780104712042
786,1.43449633507853
787,1.04712041884817
788,2.5130890052356
789,1.62145968586387
790,19.1623036649215
791,1.57068062827225
792,2.30366492146597
793,1.84555497382199
794,1.04712041884817
795,1.98952879581152
796,2.82722513089005
797,1.2565445026178
798,3.97905759162304
799,1.36125654450262
800,1.63350785340314
801,18.848167539267
802,1.12565445026178
803,5.3055780104712
804,1.72774869109948
805,1.16534240837696
806,1.15183246073298
807,1.2565445026178
808,3.56858638743455
809,7.23560209424084
810,1.57068062827225
811,7.64397905759162
812,2.12200314136126
813,2.93193717277487
814,1.28795811518325
815,1.06800732984293
816,1.27561465968586
817,1.62303664921466
818,2.67015706806283
819,1.2565445026178
820,1.10304816753927
821,1.20418848167539
822,1.15183246073298
823,1.8848167539267
824,7.53926701570681
825,1.09947643979058
826,1.57068062827225
827,2.67015706806283
828,1.15183246073298
829,3.87434554973822
830,5.0261780104712
831,1.78010471204188
832,4.76439790575916
833,1.15183246073298
834,1.5
835,1.251
836,1.03
837,1.05
838,1.9
839,1.1
840,1.88175
841,1.007
842,1.63
843,1.025
844,1.007274
845,3.5
846,2.9
847,2.463137
848,4.625
849,1.03
850,1.4
851,1.077075
852,1.32
853,2.6
854,1.08
855,1.517
856,1.07
857,2.256823
858,1.788413
859,1.278896
860,4.609074
861,3.183
862,1.2
863,2.743
864,3.0
865,1.008938
866,1.004084
867,1.85
868,1.520994
869,1.250089
870,1.0
871,1.956
872,1.05
873,2.779
874,22.137567
875,1.445
876,1.0051
877,1.0
878,1.0
879,16.3
880,1.11
881,1.475
882,1.049873
883,1.753542
884,6.143355
885,1.23
886,1.939
887,46.5
888,1.241472
889,3.4
890,1.0
891,6.2
892,1.966237
893,2.17
894,1.296
895,1.555
896,1.15
897,1.33
898,4.124285
899,1.394239
900,4.761228
901,4.868852
902,4.0
903,1.6
904,7.085
905,1.765054
906,6.306654
907,1.25
908,1.2
909,1.226412
910,6.563
911,4.17
912,2.68
913,1.075
914,1.932957
915,1.375
916,1.25
917,3.38
918,1.3801
919,2.283
920,2.35
921,3.15
922,3.35
923,4.0
924,10.5
925,2.89
926,5.5
927,2.8
928,1.26
929,1.1
930,2.126759
931,2.2
932,1.07
933,9.2
934,1.5
935,1.65
936,12.225
937,1.4
938,14.239
939,1.085
940,1.05
941,2.65
942,2.123
943,5.2
944,1.825
945,1.1
946,1.0
947,2.065
948,1.2774
949,1.195
950,1.2
951,1.1
952,1.4
953,1.585
954,3.265042
955,1.2
956,2.433
957,1.6
958,2.0
959,4.76
960,1.165
961,1.372
962,1.2
963,1.65
964,1.7
965,1.3
966,1.1
967,1.1
968,1.241012
969,1.005
970,3.282
971,1.05
972,57.410636
973,1.088
974,1.118
975,2.67
976,1.0749
977,2.141
978,5.85
979,14.3
980,1.971
981,1.7
982,6.167
983,1.05
984,1.156058
985,3.58215
986,13.5
987,1.2015
988,1.65
989,1.3776
990,3.8
991,1.3255
992,4.05
993,6.7
994,1.16
995,1.5
996,1.06
997,1.491287
998,1.981813
999,1.5
1000,3.21436
1001,4.1
1002,1.0
1003,10.7
1004,19.4
1005,1.605603
1006,1.132
1007,2.255
1008,2.02
1009,1.231
1010,4.1
1011,7.23
1012,1.85
1013,1.0
1014,2.56
1015,1.553
1016,1.7
1017,1.045472
1018,1.054
1019,1.0
1020,8.71
1021,1.5
1022,1.5
1023,1.26106
1024,1.055
1025,1.282
1026,1.3
1027,1.3
1028,1.422078
1029,1.0
1030,1.2
1031,1.85
1032,1.18
1033,1.043
1034,1.0
1035,1.6
1036,5.6
1037,1.8
1038,2.5
1039,1.75
1040,1.45
1041,1.46094503375121
1042,1.15718418514947
1043,1.49575699132112
1044,5.20732883317261
1045,3.68370298939248
1046,1.44648023143684
1047,1.03865766634523
1048,1.25361620057859
1049,1.06075216972035
1050,1.39826422372228
1051,1.39826422372228
1052,2.41080038572806
1053,1.44185149469624
1054,1.63934426229508
1055,1.05062680810029
1056,1.75506268081003
1057,4.4840887174542
1058,1.67791706846673
1059,1.06075216972035
1060,1.0
1061,3.08293153326905
1062,1.27772420443587
1063,1.20732883317261
1064,1.92864030858245
1065,1.00289296046287
1066,1.08968177434908
1067,1.75812921890068
1068,1.44648023143684
1069,1.59112825458052
1070,1.10896817743491
1071,1.02310993249759
1072,2.00096432015429
1073,1.31431051108968
1074,2.06846673095468
1075,3.08582449373192
1076,6.79845708775313
1077,1.63934426229508
1078,1.63934426229508
1079,1.22950819672131
1080,1.7357762777242
1081,2.82341658630665
1082,2.50723240115718
1083,1.86673963355834
1084,4.43587270973963
1085,1.92864030858245
1086,1.06075216972035
1087,1.74146576663452
1088,3.08582449373192
1089,12.0540019286403
1090,1.15718418514947
1091,2.41080038572806
1092,1.55834136933462
1093,1.35004821600771
1094,3.18225650916104
1095,1.90066345226615
1096,2.31436837029894
1097,3.70781099324976
1098,3.20636451301832
1099,1.06075216972035
1100,1.44648023143684
1101,1.15718418514947
1102,5.20732883317261
1103,3.66441658630665
1104,1.65922854387657
1105,2.50723240115718
1106,3.19189971070395
1107,16.4416586306654
1108,1.08293153326905
1109,2.41080038572806
1110,3.66924783027965
1111,1.18129218900675
1112,29.0260366441659
1113,4.91803278688525
1114,1.14850530376085
1115,1.54291224686596
1116,1.56702025072324
1117,1.25361620057859
1118,1.54291224686596
1119,1.83220829315333
1120,1.66345226615236
1121,1.27772420443587
1122,2.44358919961427
1123,2.89296046287367
1124,3.13404050144648
1125,2.60366441658631
1126,3.78977820636451
1127,1.90260366441659
1128,3.7704387656702
1129,1.16682738669238
1130,1.18900675024108
1131,1.32111861137898
1132,1.7357762777242
1133,12.5361620057859
1134,1.32111861137898
1135,1.15718418514947
1136,5.78592092574735
1137,1.83220829315333
1138,1.38897974927676
1139,1.20540019286403
1140,1.10896817743491
1141,1.72935776277724
1142,1.63934426229508
1143,1.08764802314368
1144,1.54291224686596
1145,1.43201542912247
1146,2.16972034715526
1147,5.40019286403086
1148,5.78592092574735
1149,1.35004821600771
1150,6.07521697203472
1151,18.3220829315333
1152,1.15718418514947
1153,1.59112825458052
1154,1.92864030858245
1155,1.44648023143684
1156,1.67791706846673
1157,1.15718418514947
1158,1.01099807135969
1159,2.84474445515911
1160,1.7357762777242
1161,1.15043394406943
1162,2.50723240115718
1163,2.89296046287367
1164,2.09739633558341
1165,2.08649951783992
1166,1.44648023143684
1167,2.15028929604629
1168,1.12209257473481
1169,1.65863066538091
1170,1.69720347155256
1171,1.59112825458052
1172,5.78592092574735
1173,1.05593056894889
1174,1.44648023143684
1175,2.89296046287367
1176,1.15718418514947
1177,1.1205400192864
1178,1.15718418514947
1179,1.20337512054002
1180,5.5930568948891
1181,1.43297974927676
1182,1.26432015429122
1183,1.39922854387657
1184,1.14770395371263
1185,1.23823432979749
1186,1.75988428158149
1187,1.54291224686596
1188,2.12150433944069
1189,1.54291224686596
1190,1.25361620057859
1191,1.92864030858245
1192,1.33076181292189
1193,1.92864030858245
1194,1.10896817743491
1195,2.02507232401157
1196,8.67888138862102
1197,2.21793635486982
1198,1.30183220829315
1199,1.12389681774349
1200,1.72757955641273
1201,1.374156219865
1202,1.00695756991321
1203,8.10028929604629
1204,1.00289296046287
1205,1.17164898746384
1206,10.2700096432015
1207,1.27139537126326
1208,2.89296046287367
1209,3.34523240115718
1210,1.06075216972035
1211,2.89296046287367
1212,1.12150433944069
1213,1.69720347155256
1214,1.71648987463838
1215,1.10241080038573
1216,17.0684667309547
1217,2.60366441658631
1218,1.25361620057859
1219,3.56798457087753
1220,1.4946962391514
1221,1.63934426229508
1222,1.72227579556413
1223,2.35101253616201
1224,1.68756027000964
1225,1.47058823529412
1226,2.31436837029894
1227,1.25361620057859
1228,1.14442912246866
1229,1.20540019286403
1230,2.60270009643202
1231,2.94179363548698
1232,2.18129218900675
1233,1.44648023143684
1234,4.82160077145612
1235,3.83799421407907
1236,1.35004821600771
1237,1.54291224686596
1238,1.15718418514947
1239,1.92864030858245
1240,2.2420443587271
1241,1.2632594021215
1242,1.01253616200579
1243,1.92864030858245
1244,1.13789778206365
1245,1.03760848601736
1246,1.25361620057859
1247,2.18756027000964
1248,4.76729508196721
1249,1.54291224686596
1250,1.06075216972035
1251,2.75216972034716
1252,3.18225650916104
1253,1.44648023143684
1254,1.92864030858245
1255,1.59112825458052
1256,3.08582449373192
1257,4.09836065573771
1258,1.88042430086789
1259,2.41080038572806
1260,1.01253616200579
1261,1.92864030858245
1262,1.06075216972035
1263,1.63934426229508
1264,1.12825458052073
1265,1.44648023143684
1266,1.44648023143684
1267,2.89296046287367
1268,1.38862102217936
1269,1.63934426229508
1270,2.0221793635487
1271,1.70515911282546
1272,1.05110896817744
1273,17.7434908389585
1274,1.15718418514947
1275,3.8572806171649
1276,1.70515911282546
1277,1.35004821600771
1278,5.49662487945998
1279,1.02319109461967
1280,1.30426716141002
1281,1.06679035250464
1282,1.80890538033395
1283,3.24675324675325
1284,1.41743970315399
1285,2.49072356215213
1286,1.01113172541744
1287,2.97124304267161
1288,3.00463821892393
1289,1.42022263450835
1290,2.23376623376623
1291,1.39795918367347
1292,2.31910946196661
1293,2.85250463821892
1294,1.99443413729128
1295,1.74211502782931
1296,1.64656771799629
1297,2.97309833024119
1298,1.11317254174397
1299,1.48423005565863
1300,1.11317254174397
1301,1.14935064935065
1302,3.18460111317254
1303,2.22634508348794
1304,3.8961038961039
1305,1.43784786641929
1306,2.3682745825603
1307,1.02133580705009
1308,1.02040816326531
1309,2.73654916512059
1310,23.2838589981447
1311,1.39146567717996
1312,1.39146567717996
1313,2.04081632653061
1314,1.02040816326531
1315,2.1530612244898
1316,1.06679035250464
1317,1.39146567717996
1318,1.45918367346939
1319,4.99072356215213
1320,1.05751391465677
1321,4.12801484230056
1322,1.07699443413729
1323,1.50278293135436
1324,1.02133580705009
1325,4.5
1326,3.10760667903525
1327,2.25417439703154
1328,1.75788497217069
1329,1.39888682745826
1330,1.25231910946197
1331,4.49814471243043
1332,2.41187384044527
1333,2.10575139146568
1334,3.18831168831169
1335,3.68460111317254
1336,1.57699443413729
1337,1.65120593692022
1338,2.52319109461967
1339,1.66975881261596
1340,1.90445269016698
1341,1.85528756957328
1342,1.62337662337662
1343,1.85528756957328
1344,2.31910946196661
1345,1.43784786641929
1346,3.03803339517625
1347,1.2569573283859
1348,1.24489795918367
1349,3.8961038961039
1350,1.11317254174397
1351,1.28014842300557
1352,6.58627087198516
1353,1.08534322820037
1354,1.60667903525046
1355,1.2987012987013
1356,1.76252319109462
1357,1.11317254174397
1358,1.25046382189239
1359,1.23562152133581
1360,1.11317254174397
1361,4.82374768089054
1362,2.42578849721707
1363,3.14749536178108
1364,1.61873840445269
1365,1.52133580705009
1366,1.85528756957328
1367,7.14285714285714
1368,1.21706864564007
1369,1.11317254174397
1370,1.57699443413729
1371,1.62337662337662
1372,1.76252319109462
1373,1.39146567717996
1374,1.1595547309833
1375,11.1317254174397
1376,1.11317254174397
1377,1.85528756957328
1378,1.66975881261596
1379,12.5231910946197
1380,2.04081632653061
1381,5.75139146567718
1382,5.56586270871985
1383,5.75139146567718
1384,1.11317254174397
1385,4.17439703153989
1386,8.8126159554731
1387,3.78014842300557
1388,32.4675324675325
1389,2.08719851576994
1390,3.29313543599258
1391,3.33951762523191
1392,1.39053803339518
1393,1.62337662337662
1394,4.45269016697588
1395,1.05380333951763
1396,1.39146567717996
1397,1.39146567717996
1398,1.66975881261596
1399,1.69016697588126
1400,1.31725417439703
1401,4.40630797773655
1402,1.39146567717996
1403,2.13358070500928
1404,1.20593692022263
1405,1.36363636363636
1406,2.39795918367347
1407,3.24675324675325
1408,1.069573283859
1409,2.87569573283859
1410,1.02040816326531
1411,1.11317254174397
1412,1.81632653061224
1413,1.35621521335807
1414,1.48423005565863
1415,2.78293135435993
1416,1.61410018552876
1417,29.0371057513915
1418,18.5528756957328
1419,2.50463821892393
1420,3.06122448979592
1421,1.16419294990724
1422,1.11317254174397
1423,1.36363636363636
1424,1.0760667903525
1425,1.51205936920223
1426,1.84786641929499
1427,16.8831168831169
1428,1.39146567717996
1429,1.90166975881262
1430,1.44897959183673
1431,1.76808905380334
1432,1.02040816326531
1433,1.57977736549165
1434,1.20593692022263
1435,1.51669758812616
1436,1.02040816326531
1437,1.85528756957328
1438,1.20593692022263
1439,1.02040816326531
1440,1.22448979591837
1441,1.00463821892393
1442,7.79220779220779
1443,1.34972170686456
1444,27.8293135435993
1445,4.17439703153989
1446,5.89981447124304
1447,1.00649350649351
1448,1.50742115027829
1449,1.20593692022263
1450,1.11317254174397
1451,12.0593692022263
1452,2.31910946196661
1453,3.33951762523191
1454,1.1595547309833
1455,2.37291280148423
1456,1.09647495361781
1457,1.10482374768089
1458,1.25231910946197
1459,3.65027829313544
1460,1.39146567717996
1461,1.2987012987013
1462,6.30797773654916
1463,9.46196660482375
1464,2.87569573283859
1465,1.68367346938776
1466,3.48144712430427
1467,7.60667903525046
1468,1.39146567717996
1469,3.8961038961039
1470,1.1252319109462
1471,11.595547309833
1472,3.07699443413729
1473,2.11502782931354
1474,1.85528756957328
1475,1.7569573283859
1476,1.48423005565863
1477,3.06122448979592
1478,1.57699443413729
1479,1.73469387755102
1480,1.76252319109462
1481,1.28942486085343
1482,1.46846011131725
1483,5.19480519480519
1484,1.94805194805195
1485,4.11873840445269
1486,4.96289424860853
1487,5.10204081632653
1488,1.34508348794063
1489,1.07513914656772
1490,7.10111317254174
1491,2.07050092764378
1492,2.41187384044527
1493,1.23747680890538
1494,2.04081632653061
1495,1.2987012987013
1496,2.89424860853432
1497,1.06679035250464
1498,1.39146567717996
1499,1.53061224489796
1500,1.04823747680891
1501,1.17810760667904
1502,1.34508348794063
1503,2.04081632653061
1504,1.66975881261596
1505,1.61845607808341
1506,1.02750665483585
1507,16.4152617568767
1508,1.50842945874002
1509,1.68589174800355
1510,1.33096716947649
1511,2.30700976042591
1512,1.92014196983141
1513,3.77107364685004
1514,1.15350488021295
1515,5.09405501330967
1516,2.95652173913043
1517,1.79858030168589
1518,1.5527950310559
1519,1.33096716947649
1520,1.88731144631766
1521,1.77462289263531
1522,1.33096716947649
1523,6.01597160603372
1524,3.26175687666371
1525,1.16681455190772
1526,2.52085181898846
1527,1.29370008873114
1528,18.4241348713398
1529,1.06477373558119
1530,1.95563442768412
1531,2.04081632653061
1532,7.98580301685892
1533,3.49689440993789
1534,6.51109139307897
1535,1.25998225377107
1536,1.85359361135759
1537,1.5527950310559
1538,1.26708074534161
1539,2.12954747116238
1540,2.70629991126886
1541,1.5527950310559
1542,1.33096716947649
1543,1.46761313220941
1544,2.30700976042591
1545,1.90771960958296
1546,1.24223602484472
1547,1.2111801242236
1548,1.99645075421473
1549,38.1543921916593
1550,2.12954747116238
1551,2.48447204968944
1552,1.69032830523514
1553,1.76574977817214
1554,1.53859804791482
1555,1.68589174800355
1556,1.24223602484472
1557,1.33096716947649
1558,1.98225377107365
1559,1.86335403726708
1560,1.88553682342502
1561,5.21029281277728
1562,1.15350488021295
1563,1.7888198757764
1564,5.76752440106477
1565,1.33096716947649
1566,6.83229813664596
1567,1.3620230700976
1568,3.54924578527063
1569,1.37533274179237
1570,2.30700976042591
1571,2.66193433895297
1572,7.54214729370009
1573,5.68145519077196
1574,9.22803904170364
1575,1.08074534161491
1576,1.61224489795918
1577,1.24223602484472
1578,1.3566992014197
1579,1.50842945874002
1580,2.30700976042591
1581,1.37533274179237
1582,1.5527950310559
1583,27.338065661047
1584,1.23779946761313
1585,1.19254658385093
1586,1.27772848269743
1587,1.33096716947649
1588,7.54214729370009
1589,2.22360248447205
1590,1.15350488021295
1591,1.78793256433008
1592,1.43744454303461
1593,6.14019520851819
1594,1.61668145519077
1595,2.09405501330967
1596,11.8012422360248
1597,2.97249334516415
1598,1.95208518189885
1599,2.48802129547471
1600,3.99290150842946
1601,2.22271517302573
1602,25.2883762200532
1603,2.44010647737356
1604,3.72670807453416
1605,3.75244010647737
1606,1.64152617568767
1607,1.24223602484472
1608,1.24223602484472
1609,4.43655723158829
1610,1.06477373558119
1611,1.19787045252884
1612,2.39574090505768
1613,10.2040816326531
1614,1.77462289263531
1615,2.32031943212067
1616,2.30700976042591
1617,1.08784383318545
1618,1.14285714285714
1619,1.15350488021295
1620,1.86690328305235
1621,2.48447204968944
1622,2.57320319432121
1623,1.12156166814552
1624,5.98935226264419
1625,2.50931677018634
1626,1.32830523513753
1627,1.0452528837622
1628,1.38775510204082
1629,1.15350488021295
1630,1.2866015971606
1631,1.04702750665484
1632,4.61401952085182
1633,20.452528837622
1634,2.21827861579414
1635,5.32386867790594
1636,1.21650399290151
1637,7.09849157054126
1638,1.33096716947649
1639,1.77462289263531
1640,3.01242236024845
1641,47.019520851819
1642,1.1002661934339
1643,2.30967169476486
1644,1.1455190771961
1645,1.37622005323869
1646,1.14285714285714
1647,2.89618456078083
1648,1.77462289263531
1649,1.35403726708075
1650,24.5785270629991
1651,2.26175687666371
1652,4.43655723158829
1653,1.34871339840284
1654,15.8828748890861
1655,1.02040816326531
1656,1.26264418811003
1657,2.66193433895297
1658,1.05146406388642
1659,1.95208518189885
1660,1.35758651286602
1661,1.64152617568767
1662,7.54214729370009
1663,2.21827861579414
1664,5.50133096716948
1665,2.2111801242236
1666,1.4773735581189
1667,1.64152617568767
1668,1.02040816326531
1669,3.28305235137533
1670,25.9538598047915
1671,1.06477373558119
1672,4.08163265306122
1673,2.28837622005324
1674,1.1002661934339
1675,2.83850931677019
1676,3.19432120674357
1677,1.59716060337178
1678,1.77462289263531
1679,1.72138420585626
1680,2.33362910381544
1681,4.49423247559893
1682,8.87311446317657
1683,2.67613132209405
1684,1.14729370008873
1685,1.33096716947649
1686,1.50842945874002
1687,1.24223602484472
1688,1.10913930789707
1689,6.2111801242236
1690,1.73025732031943
1691,1.15350488021295
1692,1.05590062111801
1693,1.8793256433008
1694,1.4019520851819
1695,1.41969831410825
1696,2.71517302573203
1697,4.08163265306122
1698,1.75244010647737
1699,1.08873114463177
1700,3.54924578527063
1701,1.28305235137533
1702,2.17391304347826
1703,2.8393966282165
1704,3.3717834960071
1705,1.33096716947649
1706,4.61401952085182
1707,10.8251996450754
1708,5.76752440106477
1709,1.10913930789707
1710,31.055900621118
1711,3.1055900621118
1712,1.33096716947649
1713,1.68589174800355
1714,3.99290150842946
1715,1.84081287044877
1716,1.28281117696867
1717,5.37679932260796
1718,1.36155800169348
1719,1.0584250635055
1720,1.00338696020322
1721,2.96359017781541
1722,1.27095681625741
1723,1.90516511430991
1724,4.23370025402202
1725,1.94750211685013
1726,2.91109229466554
1727,24.5554614733277
1728,1.22777307366638
1729,1.21930567315834
1730,3.268416596105
1731,4.8264182895851
1732,1.65961049957663
1733,1.21422523285351
1734,1.01608806096528
1735,1.52328535139712
1736,2.68416596104996
1737,1.56223539373412
1738,1.12108382726503
1739,1.01439458086367
1740,42.0914479254869
1741,1.69348010160881
1742,1.64013547840813
1743,1.94750211685013
1744,4.65707027942422
1745,1.0584250635055
1746,1.1160033869602
1747,1.52413209144793
1748,1.39204064352244
1749,1.22777307366638
1750,14.3945808636749
1751,1.13039796782388
1752,1.74428450465707
1753,1.94750211685013
1754,1.18543607112616
1755,2.56562235393734
1756,1.14817950889077
1757,2.17612193056732
1758,1.33107535986452
1759,20.8636748518205
1760,1.89415749364945
1761,2.11685012701101
1762,1.65114309906859
1763,1.0584250635055
1764,9.22946655376799
1765,1.14309906858594
1766,5.92718035563082
1767,1.19813717188823
1768,1.77476714648603
1769,1.87552921253175
1770,5.66469093988146
1771,1.10076206604572
1772,4.14902624894158
1773,1.28365791701948
1774,1.0584250635055
1775,2.20152413209145
1776,1.28958509737511
1777,1.35478408128704
1778,4.41659610499577
1779,1.2701100762066
1780,14.3945808636749
1781,2.68670618120237
1782,1.69348010160881
1783,1.62404741744285
1784,3.38696020321761
1785,4.06435224386113
1786,1.30143945808637
1787,1.2701100762066
1788,1.55376799322608
1789,1.47671464860288
1790,1.18966977138019
1791,1.01608806096528
1792,10.1371718882303
1793,2.66299745977985
1794,1.04572396274344
1795,3.81033022861981
1796,1.2701100762066
1797,1.69348010160881
1798,1.48179508890771
1799,1.52413209144793
1800,2.96359017781541
1801,1.18120237087214
1802,1.56562235393734
1803,3.04826418289585
1804,3.33784928027096
1805,1.45723962743438
1806,1.01608806096528
1807,4.30143945808637
1808,2.03217612193057
1809,4.02201524132091
1810,1.12193056731583
1811,1.87976291278577
1812,2.20152413209145
1813,1.2701100762066
1814,1.73412362404742
1815,1.16850127011008
1816,6.77392040643522
1817,1.17696867061812
1818,4.5004233700254
1819,2.21337849280271
1820,1.01608806096528
1821,1.86282811176969
1822,2.20152413209145
1823,1.21930567315834
1824,5.71549534292972
1825,6.43522438611346
1826,5.50381033022862
1827,2.54022015241321
1828,5.08044030482642
1829,5.08044030482642
1830,2.03217612193057
1831,4.09144792548688
1832,1.90177815410669
1833,4.8264182895851
1834,2.13209144792549
1835,1.56985605419136
1836,1.25317527519052
1837,1.2701100762066
1838,3.09906858594412
1839,1.91024555461473
1840,1.29551227773074
1841,2.54022015241321
1842,2.48772226926334
1843,2.28619813717189
1844,1.40558848433531
1845,1.10245554614733
1846,1.01608806096528
1847,3.85266723116003
1848,12.8018628281118
1849,1.60880609652837
1850,1.52413209144793
1851,1.97290431837426
1852,1.2701100762066
1853,1.78492802709568
1854,16.0880609652837
1855,1.43945808636749
1856,152.413209144793
1857,1.43945808636749
1858,3.13039796782388
1859,6.28704487722269
1860,2.77730736663844
1861,1.03302286198137
1862,1.01608806096528
1863,14.0135478408129
1864,1.2701100762066
1865,1.21507197290432
1866,8.36748518204911
1867,1.0584250635055
1868,1.11769686706181
1869,3.81033022861981
1870,1.10076206604572
1871,1.52074513124471
1872,1.48772226926334
1873,3.38696020321761
1874,4.65707027942422
1875,2.27773073666384
1876,1.04149026248942
1877,1.17696867061812
1878,1.52413209144793
1879,1.2887383573243
1880,1.2701100762066
1881,3.77392040643522
1882,1.19813717188823
1883,2.35224386113463
1884,1.06689246401355
1885,1.06689246401355
1886,9.39881456392887
1887,1.2701100762066
1888,5.77053344623201
1889,1.04995766299746
1890,1.53683319220999
1891,1.08382726502964
1892,1.87976291278577
1893,1.27857747671465
1894,1.35478408128704
1895,3.97967823878069
1896,5.2497883149873
1897,1.56562235393734
1898,12.701100762066
1899,4.57239627434378
1900,2.92125317527519
1901,1.77815410668925
1902,1.52413209144793
1903,11.6850127011008
1904,2.11685012701101
1905,1.73327688399661
1906,2.54022015241321
1907,1.17612193056732
1908,6.01185436071126
1909,32.3878069432684
1910,10.584250635055
1911,1.64267569856054
1912,3.38696020321761
1913,1.01608806096528
1914,4.86875529212532
1915,1.52836579170195
1916,1.10076206604572
1917,1.07959356477561
1918,1.69348010160881
1919,18.6282811176969
1920,1.731583403895
1921,3.81033022861981
1922,1.10076206604572
1923,1.83742591024555
1924,1.01608806096528
1925,4.65707027942422
1926,1.31498729889924
1927,1.52413209144793
1928,2.28619813717189
1929,1.01608806096528
1930,1.88569009314141
1931,1.31160033869602
1932,1.22777307366638
1933,1.10076206604572
1934,3.38696020321761
1935,1.6342082980525
1936,1.01354784081287
1937,1.72650296359018
1938,3.81033022861981
1939,2.45639288738357
1940,2.68670618120237
1941,1.00338696020322
1942,1.01524132091448
1943,1.86282811176969
1944,1.08382726502964
1945,2.11685012701101
1946,4.14902624894158
1947,1.01608806096528
1948,1.01608806096528
1949,1.17696867061812
1950,1.87706270627063
1951,1.26815181518152
1952,1.35643564356436
1953,7.42574257425743
1954,1.13448844884488
1955,1.32920792079208
1956,1.28712871287129
1957,1.56518151815182
1958,1.07260726072607
1959,2.31023102310231
1960,1.09405940594059
1961,2.61716171617162
1962,1.99009900990099
1963,1.98762376237624
1964,1.15594059405941
1965,3.37871287128713
1966,1.21699669966997
1967,1.9513201320132
1968,4.12541254125412
1969,1.4026402640264
1970,1.02640264026403
1971,1.70792079207921
1972,1.23762376237624
1973,3.3003300330033
1974,1.27887788778878
1975,2.98102310231023
1976,4.07590759075908
1977,3.71287128712871
1978,1.23762376237624
1979,1.03135313531353
1980,1.4546204620462
1981,1.68976897689769
1982,2.36798679867987
1983,3.46534653465347
1984,1.23762376237624
1985,1.06435643564356
1986,1.42326732673267
1987,1.48514851485149
1988,2.47524752475248
1989,1.73679867986799
1990,10.9983498349835
1991,1.08498349834983
1992,1.15511551155116
1993,1.25825082508251
1994,1.8976897689769
1995,1.00660066006601
1996,1.10891089108911
1997,1.03135313531353
1998,1.32013201320132
1999,1.9026402640264
2000,8.25082508250825
2001,1.09488448844884
2002,2.88778877887789
2003,2.30280528052805
2004,1.73597359735974
2005,3.21782178217822
2006,1.08498349834983
2007,1.48514851485149
2008,2.49917491749175
2009,4.86798679867987
2010,1.10561056105611
2011,12.3762376237624
2012,1.746699669967
2013,3.58910891089109
2014,1.02145214521452
2015,3.46534653465347
2016,4.53795379537954
2017,5.1980198019802
2018,2.67574257425743
2019,1.27557755775578
2020,1.65016501650165
2021,3.3003300330033
2022,1.32013201320132
2023,1.48514851485149
2024,2.53300330033003
2025,3.85561056105611
2026,1.20874587458746
2027,1.29042904290429
2028,2.8052805280528
2029,1.26567656765677
2030,5.61221122112211
2031,1.44389438943894
2032,2.1039603960396
2033,2.47524752475248
2034,1.81518151815182
2035,1.4950495049505
2036,2.04290429042904
2037,1.07095709570957
2038,1.23762376237624
2039,2.06270627062706
2040,1.01732673267327
2041,1.65016501650165
2042,15.2846534653465
2043,2.29372937293729
2044,1.07260726072607
2045,4.53795379537954
2046,1.23762376237624
2047,10.1848184818482
2048,1.66419141914191
2049,2.31023102310231
2050,6.37293729372937
2051,1.41089108910891
2052,1.11468646864686
2053,1.87046204620462
2054,2.06270627062706
2055,1.06848184818482
2056,1.67079207920792
2057,1.31848184818482
2058,1.11551155115512
2059,2.06270627062706
2060,1.07260726072607
2061,4.29042904290429
2062,2.98267326732673
2063,1.02145214521452
2064,8.08580858085809
2065,3.17656765676568
2066,1.6542904290429
2067,1.26567656765677
2068,1.08168316831683
2069,1.08415841584158
2070,2.80528052805281
2071,2.16336633663366
2072,1.27887788778878
2073,1.32095709570957
2074,1.33910891089109
2075,1.48349834983498
2076,1.82260726072607
2077,6.20049504950495
2078,13.2013201320132
2079,4.31435643564356
2080,2.40759075907591
2081,1.36468646864686
2082,1.00577557755776
2083,2.14521452145215
2084,1.90181518151815
2085,1.46122112211221
2086,20.8267326732673
2087,5.94059405940594
2088,2.72277227722772
2089,2.76237623762376
2090,1.02722772277228
2091,1.14191419141914
2092,1.6460396039604
2093,1.77062706270627
2094,4.12541254125413
2095,1.98019801980198
2096,1.32013201320132
2097,1.00660066006601
2098,8.25082508250825
2099,1.11386138613861
2100,1.65016501650165
2101,1.26650165016502
2102,1.5536303630363
2103,4.08415841584158
2104,1.44884488448845
2105,14.8514851485149
2106,1.59653465346535
2107,3.87788778877888
2108,2.02145214521452
2109,1.65016501650165
2110,1.01072607260726
2111,1.48514851485149
2112,1.27887788778878
2113,1.02310231023102
2114,4.7029702970297
2115,3.13531353135314
2116,1.86468646864686
2117,2.03795379537954
2118,2.14521452145215
2119,1.15511551155116
2120,1.05610561056106
2121,144.657590759076
2122,28.6303630363036
2123,19.2656765676568
2124,5.52805280528053
2125,1.54290429042904
2126,4.62046204620462
2127,1.07260726072607
2128,3.71287128712871
2129,1.01402640264026
2130,1.11386138613861
2131,2.33993399339934
2132,1.93894389438944
2133,1.23762376237624
2134,3.05280528052805
2135,1.40924092409241
2136,2.5536303630363
2137,5.77557755775578
2138,1.13448844884488
2139,3.40759075907591
2140,1.07260726072607
2141,1.16749174917492
2142,1.07260726072607
2143,1.27062706270627
2144,1.47277227722772
2145,1.03630363036304
2146,1.65016501650165
2147,1.67821782178218
2148,2.64026402640264
2149,1.60148514851485
2150,17.7392739273927
2151,4.37293729372937
2152,1.36138613861386
2153,1.18399339933993
2154,2.97029702970297
2155,1.02310231023102
2156,1.13036303630363
2157,3.01155115511551
2158,1.4026402640264
2159,2.32260726072607
2160,1.11551155115512
2161,1.69141914191419
2162,1.23762376237624
2163,1.11468646864686
2164,1.4026402640264
2165,4.86798679867987
2166,1.07260726072607
2167,4.12541254125413
