,age,y
1,2,569.5
2,2,895.5
3,2,1111.0
4,2,1182.0
5,2,1277.5
6,2,1384.0
7,2,1464.5
8,2,2453.0
9,2,2538.0
10,2,2539.5
11,2,2830.5
12,2,2852.0
13,2,2865.0
14,2,2945.0
15,2,3023.0
16,2,3024.5
17,2,3171.5
18,2,3338.5
19,2,3419.0
20,2,3519.5
21,2,3519.5
22,2,3556.5
23,2,3619.5
24,2,3641.0
25,2,3748.0
26,2,3848.5
27,2,3984.5
28,2,4006.5
29,2,4028.5
30,2,4056.0
31,2,4066.0
32,2,4076.5
33,2,4113.0
34,2,4122.0
35,2,4262.5
36,2,4357.5
37,2,4430.5
38,2,4438.0
39,2,4598.0
40,2,4607.0
41,2,4616.5
42,2,4755.0
43,2,4791.0
44,2,4862.0
45,2,4921.5
46,2,4951.0
47,2,4970.0
48,2,5042.0
49,2,5042.5
50,2,5088.0
51,2,5094.0
52,2,5166.0
53,2,5337.0
54,2,5344.5
55,2,5440.5
56,2,5468.0
57,2,5512.0
58,2,5580.0
59,2,5630.0
60,2,5637.0
61,2,5661.0
62,2,5668.0
63,2,5685.0
64,2,5755.0
65,2,5808.0
66,2,5860.0
67,2,6046.5
68,2,6206.5
69,2,6230.5
70,2,6364.5
71,2,6377.5
72,2,6412.0
73,2,6464.5
74,2,6490.0
75,2,6602.0
76,2,6607.5
77,2,6622.0
78,2,6704.5
79,2,6869.0
80,2,6878.0
81,2,6970.0
82,2,6976.0
83,2,6990.0
84,2,7003.5
85,2,7009.5
86,2,7034.5
87,2,7044.0
88,2,7062.0
89,2,7083.5
90,2,7153.5
91,2,7181.5
92,2,7291.5
93,2,7363.5
94,2,7388.5
95,2,7559.0
96,2,7574.5
97,2,7577.0
98,2,7586.5
99,2,7625.5
100,2,7646.5
101,2,7654.5
102,2,7718.0
103,2,7789.0
104,2,7790.0
105,2,7834.0
106,2,7871.0
107,2,7941.0
108,2,7988.0
109,2,7993.5
110,2,7996.0
111,2,8037.5
112,2,8052.0
113,2,8205.0
114,2,8234.0
115,2,8257.5
116,2,8286.0
117,2,8290.5
118,2,8367.0
119,2,8381.0
120,2,8390.0
121,2,8397.0
122,2,8398.0
123,2,8434.5
124,2,8480.5
125,2,8522.0
126,2,8548.5
127,2,8566.0
128,2,8596.0
129,2,8655.5
130,2,8765.5
131,2,8847.5
132,2,8881.5
133,2,8928.0
134,2,9002.5
135,2,9004.5
136,2,9021.5
137,2,9205.5
138,2,9232.5
139,2,9260.0
140,2,9274.0
141,2,9279.0
142,2,9316.0
143,2,9334.5
144,2,9425.5
145,2,9440.5
146,2,9511.0
147,2,9516.0
148,2,9521.0
149,2,9543.0
150,2,9574.0
151,2,9617.5
152,2,9631.5
153,2,9631.5
154,2,9631.5
155,2,9677.0
156,2,9817.0
157,2,9817.5
158,2,9827.5
159,2,9841.5
160,2,9860.0
161,2,9931.0
162,2,9975.0
163,2,9984.5
164,2,10030.0
165,2,10041.5
166,2,10057.0
167,2,10063.5
168,2,10089.0
169,2,10112.0
170,2,10115.5
171,2,10140.0
172,2,10232.5
173,2,10270.0
174,2,10441.5
175,2,10442.0
176,2,10486.0
177,2,10492.0
178,2,10510.5
179,2,10637.0
180,2,10648.0
181,2,10680.0
182,2,10748.5
183,2,10764.0
184,2,10772.0
185,2,10785.5
186,2,10799.0
187,2,10813.0
188,2,10840.0
189,2,10899.0
190,2,10929.5
191,2,11032.5
192,2,11055.5
193,2,11060.0
194,2,11079.5
195,2,11096.0
196,2,11264.0
197,2,11276.5
198,2,11291.0
199,2,11293.5
200,2,11293.5
201,2,11293.5
202,2,11299.0
203,2,11307.5
204,2,11651.0
205,2,11665.0
206,2,11702.0
207,2,11719.5
208,2,11772.0
209,2,11774.5
210,2,11815.5
211,2,11847.0
212,2,11860.0
213,2,11861.5
214,2,11864.5
215,2,11900.5
216,2,11901.0
217,2,11917.5
218,2,11921.0
219,2,11932.5
220,2,11980.5
221,2,11982.0
222,2,12029.5
223,2,12036.5
224,2,12089.5
225,2,12145.5
226,2,12153.0
227,2,12186.5
228,2,12206.5
229,2,12249.0
230,2,12282.5
231,2,12309.0
232,2,12337.5
233,2,12362.5
234,2,12410.0
235,2,12412.0
236,2,12427.0
237,2,12431.5
238,2,12494.0
239,2,12503.0
240,2,12531.5
241,2,12544.0
242,2,12557.5
243,2,12571.5
244,2,12571.5
245,2,12571.5
246,2,12585.5
247,2,12650.5
248,2,12654.0
249,2,12659.0
250,2,12747.5
251,2,12808.0
252,2,12814.5
253,2,12827.0
254,2,12887.5
255,2,12895.5
256,2,12898.5
257,2,12928.0
258,2,12938.5
259,2,12956.0
260,2,12983.5
261,2,12984.0
262,2,12996.0
263,2,13056.0
264,2,13057.0
265,2,13089.5
266,2,13187.5
267,2,13203.5
268,2,13228.5
269,2,13331.5
270,2,13354.5
271,2,13396.0
272,2,13409.5
273,2,13422.0
274,2,13423.0
275,2,13430.0
276,2,13446.5
277,2,13473.0
278,2,13487.0
279,2,13488.0
280,2,13498.0
281,2,13519.5
282,2,13557.0
283,2,13567.5
284,2,13612.0
285,2,13622.5
286,2,13650.0
287,2,13726.0
288,2,13741.0
289,2,13795.5
290,2,13822.0
291,2,13829.0
292,2,13863.0
293,2,13911.0
294,2,13973.0
295,2,14046.0
296,2,14063.5
297,2,14112.5
298,2,14118.5
299,2,14192.5
300,2,14200.0
301,2,14206.5
302,2,14206.5
303,2,14234.0
304,2,14260.0
305,2,14301.0
306,2,14447.0
307,2,14495.5
308,2,14520.0
309,2,14524.5
310,2,14535.0
311,2,14555.0
312,2,14564.0
313,2,14564.5
314,2,14618.0
315,2,14642.0
316,2,14653.5
317,2,14658.5
318,2,14673.5
319,2,14701.0
320,2,14734.5
321,2,14760.0
322,2,14771.0
323,2,14787.5
324,2,14800.5
325,2,14811.0
326,2,14814.0
327,2,14852.5
328,2,14913.5
329,2,14929.5
330,2,14942.0
331,2,15006.5
332,2,15031.0
333,2,15031.0
334,2,15040.5
335,2,15044.5
336,2,15085.5
337,2,15085.5
338,2,15085.5
339,2,15107.5
340,2,15154.5
341,2,15183.5
342,2,15271.5
343,2,15285.0
344,2,15329.0
345,2,15387.0
346,2,15393.5
347,2,15402.0
348,2,15449.5
349,2,15453.0
350,2,15457.0
351,2,15471.0
352,2,15484.0
353,2,15484.0
354,2,15494.0
355,2,15518.5
356,2,15524.0
357,2,15641.5
358,2,15667.5
359,2,15675.0
360,2,15683.5
361,2,15726.5
362,2,15814.5
363,2,15843.5
364,2,15852.0
365,2,15874.5
366,2,15910.0
367,2,15910.0
368,2,15964.5
369,2,15966.5
370,2,15981.5
371,2,16009.5
372,2,16020.0
373,2,16037.5
374,2,16045.0
375,2,16066.0
376,2,16070.5
377,2,16075.0
378,2,16113.5
379,2,16129.5
380,2,16130.0
381,2,16135.0
382,2,16138.0
383,2,16234.0
384,2,16237.0
385,2,16267.5
386,2,16273.5
387,2,16290.5
388,2,16295.0
389,2,16308.5
390,2,16336.0
391,2,16347.5
392,2,16350.0
393,2,16350.0
394,2,16350.0
395,2,16354.5
396,2,16376.0
397,2,16379.5
398,2,16392.5
399,2,16424.5
400,2,16448.5
401,2,16455.5
402,2,16500.0
403,2,16502.0
404,2,16543.0
405,2,16604.0
406,2,16668.0
407,2,16707.5
408,2,16733.0
409,2,16734.5
410,2,16748.0
411,2,16762.0
412,2,16776.0
413,2,16811.5
414,2,16842.0
415,2,16852.0
416,2,16892.5
417,2,16940.5
418,2,16984.5
419,2,16995.0
420,2,16995.5
421,2,17015.0
422,2,17025.5
423,2,17035.5
424,2,17039.5
425,2,17105.5
426,2,17107.0
427,2,17119.5
428,2,17133.0
429,2,17146.5
430,2,17174.0
431,2,17215.5
432,2,17217.0
433,2,17229.0
434,2,17256.5
435,2,17318.0
436,2,17325.5
437,2,17339.5
438,2,17373.0
439,2,17393.5
440,2,17397.5
441,2,17435.0
442,2,17440.0
443,2,17445.5
444,2,17462.0
445,2,17489.0
446,2,17524.5
447,2,17526.0
448,2,17545.0
449,2,17545.0
450,2,17559.0
451,2,17572.5
452,2,17615.0
453,2,17646.0
454,2,17648.0
455,2,17662.5
456,2,17724.0
457,2,17772.0
458,2,17775.5
459,2,17808.0
460,2,17839.0
461,2,17854.0
462,2,17854.0
463,2,17904.5
464,2,17914.5
465,2,17917.5
466,2,17920.5
467,2,17960.5
468,2,17971.0
469,2,17975.0
470,2,17986.0
471,2,17996.5
472,2,17997.0
473,2,17998.5
474,2,18012.0
475,2,18039.5
476,2,18053.5
477,2,18053.5
478,2,18067.0
479,2,18117.5
480,2,18125.0
481,2,18254.5
482,2,18269.5
483,2,18304.5
484,2,18383.0
485,2,18392.0
486,2,18438.0
487,2,18474.0
488,2,18500.5
489,2,18506.5
490,2,18530.0
491,2,18534.0
492,2,18556.5
493,2,18608.0
494,2,18631.0
495,2,18642.5
496,2,18644.0
497,2,18649.0
498,2,18732.5
499,2,18760.5
500,2,18768.0
501,2,18775.0
502,2,18784.0
503,2,18788.5
504,2,18837.0
505,2,18842.5
506,2,18850.0
507,2,18898.0
508,2,19074.5
509,2,19139.5
510,2,19139.5
511,2,19166.5
512,2,19180.5
513,2,19221.5
514,2,19243.0
515,2,19244.0
516,2,19254.5
517,2,19255.0
518,2,19276.0
519,2,19276.0
520,2,19295.0
521,2,19297.0
522,2,19317.5
523,2,19374.0
524,2,19382.0
525,2,19431.0
526,2,19472.0
527,2,19493.0
528,2,19504.5
529,2,19536.0
530,2,19550.0
531,2,19561.0
532,2,19633.5
533,2,19647.5
534,2,19674.5
535,2,19680.5
536,2,19688.5
537,2,19688.5
538,2,19730.0
539,2,19810.0
540,2,19813.5
541,2,19985.0
542,2,20030.5
543,2,20042.0
544,2,20059.5
545,2,20086.5
546,2,20086.5
547,2,20091.5
548,2,20100.5
549,2,20125.5
550,2,20148.5
551,2,20169.0
552,2,20196.5
553,2,20222.5
554,2,20223.5
555,2,20251.5
556,2,20251.5
557,2,20267.5
558,2,20293.5
559,2,20302.5
560,2,20394.5
561,2,20408.5
562,2,20416.5
563,2,20423.5
564,2,20426.5
565,2,20434.5
566,2,20471.5
567,2,20499.0
568,2,20526.5
569,2,20526.5
570,2,20657.0
571,2,20665.5
572,2,20667.0
573,2,20718.5
574,2,20744.0
575,2,20768.0
576,2,20772.5
577,2,20884.5
578,2,20928.5
579,2,20938.5
580,2,20938.5
581,2,20938.5
582,2,20963.0
583,2,20966.5
584,2,20984.5
585,2,20993.5
586,2,21032.0
587,2,21033.5
588,2,21045.0
589,2,21057.5
590,2,21067.5
591,2,21092.0
592,2,21121.0
593,2,21182.5
594,2,21199.5
595,2,21242.0
596,2,21250.5
597,2,21259.0
598,2,21287.5
599,2,21296.0
600,2,21312.0
601,2,21378.5
602,2,21391.0
603,2,21405.5
604,2,21410.0
605,2,21428.5
606,2,21519.5
607,2,21564.0
608,2,21606.0
609,2,21641.0
610,2,21642.0
611,2,21672.5
612,2,21691.5
613,2,21691.5
614,2,21696.5
615,2,21698.5
616,2,21703.5
617,2,21735.5
618,2,21749.5
619,2,21756.0
620,2,21770.0
621,2,21777.0
622,2,21777.0
623,2,21801.5
624,2,21832.0
625,2,21832.5
626,2,21833.0
627,2,21845.5
628,2,21881.0
629,2,21942.0
630,2,21958.0
631,2,21962.5
632,2,22018.5
633,2,22066.0
634,2,22069.0
635,2,22085.5
636,2,22125.5
637,2,22137.0
638,2,22161.5
639,2,22175.5
640,2,22185.0
641,2,22297.0
642,2,22307.5
643,2,22315.0
644,2,22463.5
645,2,22468.0
646,2,22491.0
647,2,22516.0
648,2,22628.5
649,2,22652.5
650,2,22655.5
651,2,22656.0
652,2,22656.5
653,2,22684.5
654,2,22697.0
655,2,22818.0
656,2,22841.5
657,2,22910.0
658,2,22958.5
659,2,22962.0
660,2,23033.5
661,2,23040.5
662,2,23054.5
663,2,23068.0
664,2,23082.0
665,2,23153.0
666,2,23169.5
667,2,23178.0
668,2,23182.5
669,2,23232.0
670,2,23243.0
671,2,23339.0
672,2,23354.0
673,2,23381.5
674,2,23408.5
675,2,23425.5
676,2,23439.5
677,2,23458.5
678,2,23466.5
679,2,23501.0
680,2,23507.5
681,2,23535.5
682,2,23571.0
683,2,23576.5
684,2,23577.0
685,2,23580.5
686,2,23597.5
687,2,23602.5
688,2,23619.0
689,2,23630.0
690,2,23645.0
691,2,23687.5
692,2,23701.5
693,2,23739.5
694,2,23824.0
695,2,23829.0
696,2,23865.0
697,2,23865.0
698,2,23865.0
699,2,23879.0
700,2,23961.0
701,2,24001.5
702,2,24013.0
703,2,24036.0
704,2,24064.0
705,2,24071.0
706,2,24108.5
707,2,24134.0
708,2,24137.5
709,2,24152.0
710,2,24190.0
711,2,24195.5
712,2,24217.0
713,2,24301.5
714,2,24305.0
715,2,24316.0
716,2,24322.5
717,2,24345.5
718,2,24348.0
719,2,24413.5
720,2,24446.5
721,2,24463.0
722,2,24483.5
723,2,24504.0
724,2,24513.0
725,2,24526.5
726,2,24558.0
727,2,24564.0
728,2,24576.5
729,2,24600.0
730,2,24607.5
731,2,24627.5
732,2,24628.5
733,2,24676.0
734,2,24703.0
735,2,24703.0
736,2,24744.0
737,2,24752.5
738,2,24795.0
739,2,24834.0
740,2,24909.5
741,2,24957.0
742,2,24968.0
743,2,24980.5
744,2,25127.0
745,2,25129.0
746,2,25129.0
747,2,25143.0
748,2,25143.0
749,2,25156.5
750,2,25175.5
751,2,25225.0
752,2,25225.5
753,2,25243.5
754,2,25292.0
755,2,25310.5
756,2,25332.5
757,2,25369.5
758,2,25392.0
759,2,25447.5
760,2,25451.0
761,2,25458.0
762,2,25508.5
763,2,25520.5
764,2,25530.0
765,2,25541.5
766,2,25553.5
767,2,25556.5
768,2,25611.0
769,2,25623.5
770,2,25706.5
771,2,25720.0
772,2,25824.5
773,2,25875.5
774,2,25882.0
775,2,25974.5
776,2,26047.0
777,2,26092.5
778,2,26110.5
779,2,26134.5
780,2,26139.0
781,2,26159.5
782,2,26174.0
783,2,26180.5
784,2,26190.0
785,2,26192.0
786,2,26242.5
787,2,26259.5
788,2,26302.0
789,2,26414.0
790,2,26434.5
791,2,26448.0
792,2,26537.5
793,2,26565.0
794,2,26576.5
795,2,26613.0
796,2,26655.5
797,2,26660.0
798,2,26780.0
799,2,26792.0
800,2,26812.5
801,2,26820.5
802,2,26832.5
803,2,26934.5
804,2,26941.0
805,2,27008.5
806,2,27011.0
807,2,27037.5
808,2,27058.0
809,2,27123.0
810,2,27132.5
811,2,27135.0
812,2,27176.5
813,2,27188.5
814,2,27197.0
815,2,27199.5
816,2,27229.5
817,2,27249.0
818,2,27285.5
819,2,27286.0
820,2,27315.0
821,2,27327.0
822,2,27369.0
823,2,27371.5
824,2,27380.0
825,2,27478.5
826,2,27507.5
827,2,27509.0
828,2,27514.0
829,2,27514.0
830,2,27534.5
831,2,27550.0
832,2,27616.0
833,2,27629.0
834,2,27634.5
835,2,27684.5
836,2,27685.5
837,2,27727.0
838,2,27829.0
839,2,27858.0
840,2,27910.5
841,2,27936.0
842,2,27939.0
843,2,27947.0
844,2,27953.0
845,2,28014.5
846,2,28043.5
847,2,28069.5
848,2,28083.5
849,2,28097.0
850,2,28110.0
851,2,28124.5
852,2,28146.0
853,2,28240.0
854,2,28258.5
855,2,28303.0
856,2,28315.0
857,2,28358.5
858,2,28378.5
859,2,28440.5
860,2,28440.5
861,2,28454.0
862,2,28467.5
863,2,28467.5
864,2,28501.0
865,2,28517.5
866,2,28531.0
867,2,28533.5
868,2,28578.0
869,2,28608.0
870,2,28671.0
871,2,28681.0
872,2,28687.5
873,2,28703.0
874,2,28738.5
875,2,28804.0
876,2,28811.5
877,2,28848.5
878,2,28958.0
879,2,28984.0
880,2,29079.0
881,2,29113.5
882,2,29120.0
883,2,29128.0
884,2,29159.0
885,2,29179.5
886,2,29189.0
887,2,29212.5
888,2,29254.0
889,2,29263.0
890,2,29308.5
891,2,29319.5
892,2,29326.5
893,2,29333.5
894,2,29333.5
895,2,29346.0
896,2,29354.0
897,2,29375.0
898,2,29417.0
899,2,29498.5
900,2,29517.0
901,2,29546.0
902,2,29627.5
903,2,29670.0
904,2,29704.5
905,2,29774.5
906,2,29814.5
907,2,29873.5
908,2,29907.5
909,2,29917.5
910,2,29945.5
911,2,29961.0
912,2,29968.5
913,2,30052.0
914,2,30084.5
915,2,30126.0
916,2,30158.0
917,2,30185.5
918,2,30210.0
919,2,30240.5
920,2,30326.5
921,2,30346.5
922,2,30409.5
923,2,30449.0
924,2,30454.5
925,2,30542.0
926,2,30633.5
927,2,30687.0
928,2,30704.5
929,2,30711.5
930,2,30774.0
931,2,30818.5
932,2,30941.0
933,2,30977.5
934,2,30987.0
935,2,30996.5
936,2,31016.5
937,2,31042.5
938,2,31060.5
939,2,31063.5
940,2,31065.0
941,2,31085.0
942,2,31105.5
943,2,31120.0
944,2,31147.0
945,2,31205.0
946,2,31209.5
947,2,31229.5
948,2,31270.0
949,2,31279.5
950,2,31281.0
951,2,31326.0
952,2,31377.5
953,2,31394.5
954,2,31408.0
955,2,31421.5
956,2,31421.5
957,2,31513.5
958,2,31525.0
959,2,31566.0
960,2,31576.0
961,2,31620.0
962,2,31655.0
963,2,31678.5
964,2,31800.0
965,2,31820.0
966,2,31842.5
967,2,31847.5
968,2,31859.0
969,2,31861.5
970,2,31901.0
971,2,31959.5
972,2,31972.0
973,2,31972.5
974,2,31985.0
975,2,32011.0
976,2,32031.5
977,2,32085.0
978,2,32162.0
979,2,32190.5
980,2,32191.0
981,2,32191.5
982,2,32263.0
983,2,32265.0
984,2,32356.5
985,2,32606.0
986,2,32624.5
987,2,32632.5
988,2,32672.0
989,2,32686.0
990,2,32699.5
991,2,32752.0
992,2,32767.5
993,2,32795.5
994,2,32836.0
995,2,32836.5
996,2,32837.0
997,2,32982.5
998,2,33004.5
999,2,33033.0
1000,2,33036.0
1001,2,33064.0
1002,2,33112.0
1003,2,33112.0
1004,2,33119.5
1005,2,33166.5
1006,2,33209.0
1007,2,33212.0
1008,2,33222.5
1009,2,33243.5
1010,2,33254.5
1011,2,33278.0
1012,2,33398.0
1013,2,33406.5
1014,2,33476.0
1015,2,33482.5
1016,2,33508.5
1017,2,33531.5
1018,2,33534.0
1019,2,33541.0
1020,2,33579.0
1021,2,33581.5
1022,2,33589.5
1023,2,33603.0
1024,2,33609.0
1025,2,33627.0
1026,2,33633.0
1027,2,33660.0
1028,2,33730.0
1029,2,33743.5
1030,2,33765.0
1031,2,33786.0
1032,2,33821.5
1033,2,33888.0
1034,2,33929.5
1035,2,33930.0
1036,2,33949.5
1037,2,33949.5
1038,2,33998.5
1039,2,34032.0
1040,2,34059.5
1041,2,34135.5
1042,2,34145.0
1043,2,34160.0
1044,2,34173.5
1045,2,34186.0
1046,2,34187.5
1047,2,34321.0
1048,2,34329.5
1049,2,34338.5
1050,2,34355.0
1051,2,34416.5
1052,2,34425.5
1053,2,34467.5
1054,2,34595.5
1055,2,34732.5
1056,2,34749.5
1057,2,34760.5
1058,2,34791.5
1059,2,34815.5
1060,2,34870.5
1061,2,34878.5
1062,2,34960.0
1063,2,34980.5
1064,2,35023.0
1065,2,35041.5
1066,2,35042.0
1067,2,35120.0
1068,2,35148.0
1069,2,35234.0
1070,2,35249.5
1071,2,35268.5
1072,2,35286.5
1073,2,35290.5
1074,2,35295.5
1075,2,35324.0
1076,2,35516.5
1077,2,35542.0
1078,2,35585.0
1079,2,35620.5
1080,2,35692.0
1081,2,35742.5
1082,2,35790.5
1083,2,35814.5
1084,2,35823.5
1085,2,35834.5
1086,2,35858.5
1087,2,35887.5
1088,2,35897.0
1089,2,35929.0
1090,2,35940.5
1091,2,35956.0
1092,2,36051.0
1093,2,36238.0
1094,2,36312.0
1095,2,36313.5
1096,2,36377.5
1097,2,36388.5
1098,2,36462.5
1099,2,36499.5
1100,2,36505.0
1101,2,36582.5
1102,2,36619.5
1103,2,36699.5
1104,2,36718.0
1105,2,36740.5
1106,2,36755.5
1107,2,36764.5
1108,2,36766.5
1109,2,36823.5
1110,2,36854.0
1111,2,36986.0
1112,2,37022.5
1113,2,37109.0
1114,2,37111.5
1115,2,37153.5
1116,2,37234.0
1117,2,37315.5
1118,2,37467.5
1119,2,37517.5
1120,2,37528.5
1121,2,37604.5
1122,2,37644.5
1123,2,37770.5
1124,2,37802.5
1125,2,37892.0
1126,2,37943.0
1127,2,38007.0
1128,2,38101.0
1129,2,38116.5
1130,2,38156.0
1131,2,38168.0
1132,2,38175.5
1133,2,38201.0
1134,2,38280.5
1135,2,38312.0
1136,2,38342.5
1137,2,38346.5
1138,2,38349.0
1139,2,38354.0
1140,2,38382.5
1141,2,38406.0
1142,2,38435.5
1143,2,38481.0
1144,2,38655.5
1145,2,38670.5
1146,2,38677.0
1147,2,38687.0
1148,2,38697.0
1149,2,38725.5
1150,2,38751.5
1151,2,38751.5
1152,2,38754.5
1153,2,38797.0
1154,2,38848.0
1155,2,38897.5
1156,2,38923.0
1157,2,38923.5
1158,2,39013.0
1159,2,39058.5
1160,2,39115.5
1161,2,39228.0
1162,2,39232.0
1163,2,39252.0
1164,2,39254.5
1165,2,39313.5
1166,2,39353.5
1167,2,39373.0
1168,2,39390.5
1169,2,39411.0
1170,2,39431.5
1171,2,39442.5
1172,2,39460.0
1173,2,39501.0
1174,2,39524.5
1175,2,39543.0
1176,2,39589.5
1177,2,39596.5
1178,2,39610.5
1179,2,39695.5
1180,2,39762.0
1181,2,39762.0
1182,2,39768.5
1183,2,39789.0
1184,2,39865.5
1185,2,39880.0
1186,2,39887.5
1187,2,39935.5
1188,2,40043.0
1189,2,40194.0
1190,2,40215.0
1191,2,40291.0
1192,2,40300.0
1193,2,40358.5
1194,2,40489.0
1195,2,40562.5
1196,2,40635.0
1197,2,40645.5
1198,2,40698.0
1199,2,40865.0
1200,2,40883.5
1201,2,40905.0
1202,2,40926.5
1203,2,40929.5
1204,2,41022.5
1205,2,41028.0
1206,2,41039.5
1207,2,41063.5
1208,2,41303.5
1209,2,41334.0
1210,2,41363.5
1211,2,41383.5
1212,2,41437.5
1213,2,41438.5
1214,2,41494.0
1215,2,41534.0
1216,2,41541.5
1217,2,41616.5
1218,2,41756.0
1219,2,41925.0
1220,2,41997.5
1221,2,42042.0
1222,2,42056.5
1223,2,42063.0
1224,2,42107.5
1225,2,42138.0
1226,2,42145.0
1227,2,42167.5
1228,2,42216.5
1229,2,42330.5
1230,2,42756.5
1231,2,42885.5
1232,2,42948.0
1233,2,43013.5
1234,2,43085.5
1235,2,43144.0
1236,2,43155.0
1237,2,43175.5
1238,2,43257.0
1239,2,43531.0
1240,2,43697.5
1241,2,43698.5
1242,2,43732.0
1243,2,43836.5
1244,2,43856.0
1245,2,43878.5
1246,2,43903.5
1247,2,43970.5
1248,2,43979.5
1249,2,44020.5
1250,2,44117.0
1251,2,44171.5
1252,2,44176.0
1253,2,44185.5
1254,2,44187.0
1255,2,44192.5
1256,2,44254.5
1257,2,44258.0
1258,2,44378.0
1259,2,44423.0
1260,2,44456.5
1261,2,44492.0
1262,2,44632.0
1263,2,44652.5
1264,2,44719.0
1265,2,44843.5
1266,2,44874.0
1267,2,45061.0
1268,2,45095.0
1269,2,45305.0
1270,2,45381.5
1271,2,45614.5
1272,2,45911.5
1273,2,46156.0
1274,2,46178.0
1275,2,46306.5
1276,2,46308.0
1277,2,46568.0
1278,2,46584.5
1279,2,46591.5
1280,2,46716.0
1281,2,46784.0
1282,2,46801.5
1283,2,46869.0
1284,2,46965.0
1285,2,46972.0
1286,2,46988.5
1287,2,47055.5
1288,2,47125.5
1289,2,47252.0
1290,2,47263.0
1291,2,47295.0
1292,2,47381.0
1293,2,47414.0
1294,2,47543.5
1295,2,47599.5
1296,2,47607.0
1297,2,47632.0
1298,2,47676.0
1299,2,47709.5
1300,2,47900.5
1301,2,47908.5
1302,2,47909.5
1303,2,48086.0
1304,2,48097.5
1305,2,48201.5
1306,2,48232.0
1307,2,48504.5
1308,2,48551.0
1309,2,48569.5
1310,2,48589.0
1311,2,48597.5
1312,2,48606.0
1313,2,48652.0
1314,2,48685.0
1315,2,48718.0
1316,2,48829.5
1317,2,49116.0
1318,2,49173.5
1319,2,49312.5
1320,2,49323.0
1321,2,49324.0
1322,2,49468.5
1323,2,49638.5
1324,2,49696.0
1325,2,49717.0
1326,2,49791.5
1327,2,49907.5
1328,2,50066.0
1329,2,50268.0
1330,2,50326.0
1331,2,50441.5
1332,2,50602.0
1333,2,50838.5
1334,2,50842.5
1335,2,50847.5
1336,2,50975.5
1337,2,50987.0
1338,2,51011.0
1339,2,51093.0
1340,2,51110.0
1341,2,51166.5
1342,2,51274.5
1343,2,51411.0
1344,2,51426.5
1345,2,51466.0
1346,2,51563.5
1347,2,51567.0
1348,2,51577.5
1349,2,51582.5
1350,2,51583.5
1351,2,51584.5
1352,2,51921.0
1353,2,52295.0
1354,2,52329.5
1355,2,52445.5
1356,2,52549.0
1357,2,52589.5
1358,2,52683.0
1359,2,52835.0
1360,2,52903.5
1361,2,52965.0
1362,2,53018.0
1363,2,53049.0
1364,2,53171.0
1365,2,53417.5
1366,2,53447.0
1367,2,53511.0
1368,2,53536.5
1369,2,53630.5
1370,2,53755.0
1371,2,53862.0
1372,2,53956.0
1373,2,54163.0
1374,2,54297.0
1375,2,54308.5
1376,2,54337.5
1377,2,54407.5
1378,2,54480.0
1379,2,54593.0
1380,2,54642.0
1381,2,55602.0
1382,2,55703.5
1383,2,55719.5
1384,2,55767.5
1385,2,55781.5
1386,2,55890.0
1387,2,55923.5
1388,2,56125.0
1389,2,56253.0
1390,2,56392.0
1391,2,56594.0
1392,2,57231.0
1393,2,57760.5
1394,2,57815.0
1395,2,57944.0
1396,2,58014.5
1397,2,58172.0
1398,2,58268.0
1399,2,58435.5
1400,2,58580.5
1401,2,58613.5
1402,2,58642.0
1403,2,58679.0
1404,2,59083.0
1405,2,59150.0
1406,2,59356.5
1407,2,59443.0
1408,2,59657.5
1409,2,59672.5
1410,2,59779.5
1411,2,59910.0
1412,2,60057.0
1413,2,61071.0
1414,2,61519.5
1415,2,61726.5
1416,2,62040.5
1417,2,62199.0
1418,2,62439.0
1419,2,62446.5
1420,2,63152.0
1421,2,63675.0
1422,2,63722.5
1423,2,63762.0
1424,2,64786.5
1425,2,64904.5
1426,2,65176.5
1427,2,65498.5
1428,2,66348.5
1429,2,66497.5
1430,2,66777.5
1431,2,67205.5
1432,2,67253.5
1433,2,67265.0
1434,2,67322.0
1435,2,68187.5
1436,2,68827.0
1437,2,69355.5
1438,2,69506.5
1439,2,69933.0
1440,2,70190.0
1441,2,70311.0
1442,2,70452.0
1443,2,70502.5
1444,2,71587.5
1445,2,71590.5
1446,2,72063.5
1447,2,72205.5
1448,2,72392.0
1449,2,73375.5
1450,2,73801.5
1451,2,74014.5
1452,2,75718.0
1453,2,75930.5
1454,2,76044.5
1455,2,76267.0
1456,2,76569.5
1457,2,76569.5
1458,2,76655.0
1459,2,77187.5
1460,2,78609.5
1461,2,78699.0
1462,2,79179.5
1463,2,81680.5
1464,2,81749.0
1465,2,82106.5
1466,2,82532.5
1467,2,83512.0
1468,2,83810.5
1469,2,83810.5
1470,2,83810.5
1471,2,83810.5
1472,2,83810.5
1473,2,83810.5
1474,2,83810.5
1475,2,83810.5
1476,2,83810.5
1477,2,83810.5
1478,2,83810.5
1479,2,83810.5
1480,1,886.5
1481,1,949.0
1482,1,1266.5
1483,1,1701.5
1484,1,1879.5
1485,1,2102.0
1486,1,2187.5
1487,1,2194.0
1488,1,2198.0
1489,1,2455.0
1490,1,2560.0
1491,1,2738.0
1492,1,2799.0
1493,1,2954.0
1494,1,3167.5
1495,1,3437.5
1496,1,3517.0
1497,1,3524.5
1498,1,3539.5
1499,1,3549.5
1500,1,3561.5
1501,1,3562.5
1502,1,3587.5
1503,1,3589.5
1504,1,3638.5
1505,1,3723.5
1506,1,3791.0
1507,1,3803.0
1508,1,3852.5
1509,1,3855.0
1510,1,3894.0
1511,1,3899.5
1512,1,3969.5
1513,1,3992.0
1514,1,4013.0
1515,1,4060.0
1516,1,4098.5
1517,1,4222.5
1518,1,4247.5
1519,1,4261.5
1520,1,4276.0
1521,1,4345.0
1522,1,4444.5
1523,1,4582.5
1524,1,4589.0
1525,1,4591.0
1526,1,4696.5
1527,1,4703.5
1528,1,4742.5
1529,1,4761.0
1530,1,4791.0
1531,1,4837.0
1532,1,4911.5
1533,1,4914.5
1534,1,4933.0
1535,1,4981.5
1536,1,4999.0
1537,1,5004.5
1538,1,5092.5
1539,1,5106.5
1540,1,5106.5
1541,1,5236.0
1542,1,5273.0
1543,1,5280.0
1544,1,5283.5
1545,1,5304.0
1546,1,5412.0
1547,1,5419.0
1548,1,5439.5
1549,1,5471.5
1550,1,5476.5
1551,1,5496.0
1552,1,5535.0
1553,1,5557.5
1554,1,5606.0
1555,1,5606.0
1556,1,5621.0
1557,1,5625.0
1558,1,5652.5
1559,1,5659.0
1560,1,5682.5
1561,1,5738.0
1562,1,5781.5
1563,1,5843.0
1564,1,5867.0
1565,1,5867.0
1566,1,5867.0
1567,1,5869.5
1568,1,5906.0
1569,1,6038.5
1570,1,6048.5
1571,1,6072.0
1572,1,6075.5
1573,1,6186.5
1574,1,6192.0
1575,1,6210.0
1576,1,6267.5
1577,1,6334.0
1578,1,6335.0
1579,1,6348.5
1580,1,6360.0
1581,1,6399.5
1582,1,6403.0
1583,1,6430.5
1584,1,6444.5
1585,1,6490.5
1586,1,6514.0
1587,1,6529.0
1588,1,6541.5
1589,1,6609.0
1590,1,6655.0
1591,1,6661.5
1592,1,6678.0
1593,1,6691.5
1594,1,6701.5
1595,1,6755.5
1596,1,6759.5
1597,1,6759.5
1598,1,6760.5
1599,1,6761.0
1600,1,6762.5
1601,1,6770.5
1602,1,6782.0
1603,1,6793.0
1604,1,6812.0
1605,1,6854.0
1606,1,6869.5
1607,1,6886.0
1608,1,6889.5
1609,1,6904.0
1610,1,6916.5
1611,1,6924.5
1612,1,6927.5
1613,1,6946.0
1614,1,6961.0
1615,1,6994.0
1616,1,7003.0
1617,1,7006.0
1618,1,7048.0
1619,1,7117.0
1620,1,7182.5
1621,1,7209.5
1622,1,7248.0
1623,1,7253.5
1624,1,7269.0
1625,1,7302.5
1626,1,7408.0
1627,1,7409.0
1628,1,7424.0
1629,1,7474.0
1630,1,7500.5
1631,1,7515.5
1632,1,7531.5
1633,1,7538.5
1634,1,7543.0
1635,1,7556.0
1636,1,7556.5
1637,1,7569.0
1638,1,7570.5
1639,1,7597.5
1640,1,7602.5
1641,1,7613.0
1642,1,7648.5
1643,1,7663.5
1644,1,7696.5
1645,1,7716.0
1646,1,7771.5
1647,1,7841.0
1648,1,7877.5
1649,1,7914.0
1650,1,7941.0
1651,1,7941.0
1652,1,7954.5
1653,1,7955.0
1654,1,7995.0
1655,1,8052.5
1656,1,8054.0
1657,1,8089.0
1658,1,8089.5
1659,1,8093.5
1660,1,8098.5
1661,1,8119.5
1662,1,8176.0
1663,1,8244.0
1664,1,8250.5
1665,1,8312.5
1666,1,8381.0
1667,1,8381.0
1668,1,8381.0
1669,1,8403.0
1670,1,8408.0
1671,1,8484.5
1672,1,8486.0
1673,1,8508.5
1674,1,8535.5
1675,1,8643.0
1676,1,8652.0
1677,1,8672.0
1678,1,8712.0
1679,1,8744.0
1680,1,8790.0
1681,1,8797.5
1682,1,8799.0
1683,1,8807.0
1684,1,8820.5
1685,1,8833.0
1686,1,8863.5
1687,1,8903.0
1688,1,8939.5
1689,1,8946.5
1690,1,8947.0
1691,1,8978.5
1692,1,8989.0
1693,1,9020.0
1694,1,9077.5
1695,1,9099.5
1696,1,9175.5
1697,1,9181.0
1698,1,9188.0
1699,1,9189.0
1700,1,9191.5
1701,1,9205.5
1702,1,9252.5
1703,1,9257.5
1704,1,9258.5
1705,1,9276.5
1706,1,9301.0
1707,1,9318.0
1708,1,9328.5
1709,1,9330.0
1710,1,9335.0
1711,1,9336.5
1712,1,9413.5
1713,1,9473.0
1714,1,9473.5
1715,1,9480.5
1716,1,9493.0
1717,1,9497.0
1718,1,9511.0
1719,1,9562.5
1720,1,9590.0
1721,1,9590.5
1722,1,9592.5
1723,1,9613.0
1724,1,9617.5
1725,1,9624.5
1726,1,9631.0
1727,1,9631.5
1728,1,9661.0
1729,1,9690.0
1730,1,9699.5
1731,1,9734.0
1732,1,9755.0
1733,1,9831.5
1734,1,9843.0
1735,1,9851.0
1736,1,9954.5
1737,1,9969.0
1738,1,10017.0
1739,1,10050.5
1740,1,10057.0
1741,1,10057.0
1742,1,10173.0
1743,1,10245.5
1744,1,10285.5
1745,1,10301.5
1746,1,10304.0
1747,1,10325.0
1748,1,10434.0
1749,1,10453.5
1750,1,10454.5
1751,1,10469.0
1752,1,10483.0
1753,1,10491.5
1754,1,10541.0
1755,1,10583.5
1756,1,10585.0
1757,1,10607.0
1758,1,10607.0
1759,1,10658.0
1760,1,10666.5
1761,1,10711.5
1762,1,10716.5
1763,1,10741.5
1764,1,10750.5
1765,1,10758.0
1766,1,10768.0
1767,1,10839.0
1768,1,10854.0
1769,1,10881.5
1770,1,10881.5
1771,1,10895.0
1772,1,10895.0
1773,1,10922.5
1774,1,10955.0
1775,1,10964.0
1776,1,10972.5
1777,1,10996.0
1778,1,11019.0
1779,1,11031.0
1780,1,11051.5
1781,1,11065.0
1782,1,11087.5
1783,1,11094.5
1784,1,11190.0
1785,1,11222.5
1786,1,11242.0
1787,1,11261.5
1788,1,11280.0
1789,1,11283.0
1790,1,11302.5
1791,1,11307.5
1792,1,11307.5
1793,1,11309.5
1794,1,11321.0
1795,1,11326.5
1796,1,11328.0
1797,1,11335.0
1798,1,11349.0
1799,1,11377.0
1800,1,11430.0
1801,1,11446.0
1802,1,11449.0
1803,1,11457.0
1804,1,11537.5
1805,1,11548.5
1806,1,11635.0
1807,1,11637.0
1808,1,11691.0
1809,1,11692.5
1810,1,11705.5
1811,1,11719.5
1812,1,11747.0
1813,1,11768.0
1814,1,11815.5
1815,1,11825.5
1816,1,11841.5
1817,1,11857.0
1818,1,11871.0
1819,1,11897.0
1820,1,12026.0
1821,1,12117.0
1822,1,12159.5
1823,1,12159.5
1824,1,12199.5
1825,1,12280.0
1826,1,12288.0
1827,1,12344.5
1828,1,12347.0
1829,1,12358.5
1830,1,12360.0
1831,1,12363.0
1832,1,12365.5
1833,1,12447.5
1834,1,12517.0
1835,1,12519.5
1836,1,12536.5
1837,1,12544.0
1838,1,12570.0
1839,1,12571.5
1840,1,12585.5
1841,1,12614.0
1842,1,12631.5
1843,1,12639.0
1844,1,12716.0
1845,1,12761.0
1846,1,12824.0
1847,1,12906.0
1848,1,12910.5
1849,1,12992.0
1850,1,12997.5
1851,1,13024.5
1852,1,13038.5
1853,1,13038.5
1854,1,13039.0
1855,1,13044.5
1856,1,13067.5
1857,1,13096.0
1858,1,13099.5
1859,1,13134.5
1860,1,13137.5
1861,1,13152.5
1862,1,13154.5
1863,1,13165.0
1864,1,13172.0
1865,1,13218.0
1866,1,13231.5
1867,1,13241.0
1868,1,13300.5
1869,1,13338.0
1870,1,13341.0
1871,1,13344.0
1872,1,13349.0
1873,1,13382.0
1874,1,13385.5
1875,1,13390.5
1876,1,13396.0
1877,1,13396.5
1878,1,13397.5
1879,1,13416.5
1880,1,13451.0
1881,1,13464.5
1882,1,13489.5
1883,1,13492.5
1884,1,13501.0
1885,1,13513.0
1886,1,13606.0
1887,1,13631.5
1888,1,13643.0
1889,1,13670.5
1890,1,13691.0
1891,1,13725.0
1892,1,13756.0
1893,1,13794.5
1894,1,13808.0
1895,1,13810.5
1896,1,13817.0
1897,1,13817.5
1898,1,13822.0
1899,1,13826.0
1900,1,13849.5
1901,1,13855.0
1902,1,13869.0
1903,1,13888.5
1904,1,13915.0
1905,1,13931.5
1906,1,13984.5
1907,1,13987.0
1908,1,14025.0
1909,1,14028.0
1910,1,14035.0
1911,1,14055.0
1912,1,14055.5
1913,1,14167.0
1914,1,14206.5
1915,1,14206.5
1916,1,14220.5
1917,1,14234.0
1918,1,14240.5
1919,1,14242.0
1920,1,14261.0
1921,1,14275.0
1922,1,14276.5
1923,1,14290.5
1924,1,14302.5
1925,1,14305.5
1926,1,14305.5
1927,1,14341.5
1928,1,14343.5
1929,1,14343.5
1930,1,14352.5
1931,1,14358.5
1932,1,14428.5
1933,1,14445.5
1934,1,14447.0
1935,1,14454.0
1936,1,14488.5
1937,1,14496.0
1938,1,14518.5
1939,1,14518.5
1940,1,14545.0
1941,1,14547.5
1942,1,14574.5
1943,1,14604.5
1944,1,14632.5
1945,1,14649.5
1946,1,14720.0
1947,1,14726.0
1948,1,14744.0
1949,1,14747.0
1950,1,14820.5
1951,1,14830.0
1952,1,14831.5
1953,1,14839.0
1954,1,14866.0
1955,1,14874.0
1956,1,14893.5
1957,1,14896.0
1958,1,14898.0
1959,1,14929.0
1960,1,14935.5
1961,1,14976.0
1962,1,15056.5
1963,1,15058.5
1964,1,15058.5
1965,1,15085.5
1966,1,15085.5
1967,1,15106.0
1968,1,15114.5
1969,1,15119.0
1970,1,15119.5
1971,1,15120.0
1972,1,15168.0
1973,1,15173.5
1974,1,15219.5
1975,1,15271.0
1976,1,15314.0
1977,1,15352.5
1978,1,15354.0
1979,1,15363.0
1980,1,15389.5
1981,1,15447.5
1982,1,15453.5
1983,1,15469.5
1984,1,15471.5
1985,1,15479.0
1986,1,15498.0
1987,1,15498.0
1988,1,15547.5
1989,1,15576.5
1990,1,15580.0
1991,1,15594.0
1992,1,15628.5
1993,1,15632.5
1994,1,15641.5
1995,1,15654.5
1996,1,15677.0
1997,1,15689.0
1998,1,15731.5
1999,1,15742.5
2000,1,15751.5
2001,1,15763.5
2002,1,15765.5
2003,1,15785.5
2004,1,15797.0
2005,1,15834.0
2006,1,15848.5
2007,1,15875.0
2008,1,15883.0
2009,1,15896.0
2010,1,15910.0
2011,1,15913.0
2012,1,15919.5
2013,1,15922.0
2014,1,15924.0
2015,1,15930.5
2016,1,15931.5
2017,1,15979.0
2018,1,16023.5
2019,1,16036.0
2020,1,16073.5
2021,1,16076.0
2022,1,16232.0
2023,1,16247.5
2024,1,16281.5
2025,1,16307.0
2026,1,16314.5
2027,1,16316.5
2028,1,16322.0
2029,1,16322.0
2030,1,16336.0
2031,1,16377.0
2032,1,16444.0
2033,1,16485.0
2034,1,16535.0
2035,1,16549.0
2036,1,16549.0
2037,1,16615.0
2038,1,16652.0
2039,1,16678.5
2040,1,16713.5
2041,1,16729.5
2042,1,16734.5
2043,1,16734.5
2044,1,16739.0
2045,1,16748.0
2046,1,16762.0
2047,1,16776.0
2048,1,16776.0
2049,1,16777.0
2050,1,16781.0
2051,1,16847.0
2052,1,16851.0
2053,1,16864.0
2054,1,16865.5
2055,1,16882.5
2056,1,16928.0
2057,1,16945.5
2058,1,16954.5
2059,1,16990.0
2060,1,16996.5
2061,1,17001.0
2062,1,17005.0
2063,1,17025.5
2064,1,17088.5
2065,1,17092.0
2066,1,17136.5
2067,1,17146.5
2068,1,17152.0
2069,1,17156.0
2070,1,17160.5
2071,1,17160.5
2072,1,17160.5
2073,1,17166.5
2074,1,17181.0
2075,1,17186.5
2076,1,17275.0
2077,1,17300.5
2078,1,17322.5
2079,1,17413.0
2080,1,17423.0
2081,1,17449.0
2082,1,17501.0
2083,1,17508.5
2084,1,17564.0
2085,1,17584.0
2086,1,17586.5
2087,1,17586.5
2088,1,17600.0
2089,1,17600.5
2090,1,17607.0
2091,1,17613.5
2092,1,17616.5
2093,1,17620.5
2094,1,17664.5
2095,1,17669.5
2096,1,17673.0
2097,1,17690.5
2098,1,17730.0
2099,1,17746.0
2100,1,17774.5
2101,1,17778.5
2102,1,17802.0
2103,1,17826.0
2104,1,17826.5
2105,1,17842.5
2106,1,17843.5
2107,1,17863.0
2108,1,17873.0
2109,1,17907.5
2110,1,17916.0
2111,1,17998.5
2112,1,17998.5
2113,1,18007.0
2114,1,18012.5
2115,1,18013.0
2116,1,18046.5
2117,1,18059.5
2118,1,18060.0
2119,1,18074.5
2120,1,18083.5
2121,1,18107.5
2122,1,18138.5
2123,1,18207.0
2124,1,18245.0
2125,1,18276.0
2126,1,18287.5
2127,1,18292.5
2128,1,18367.5
2129,1,18371.5
2130,1,18397.0
2131,1,18418.5
2132,1,18465.5
2133,1,18479.5
2134,1,18486.5
2135,1,18506.5
2136,1,18538.5
2137,1,18551.0
2138,1,18566.0
2139,1,18582.0
2140,1,18584.0
2141,1,18610.0
2142,1,18637.5
2143,1,18653.0
2144,1,18763.5
2145,1,18771.5
2146,1,18805.5
2147,1,18807.5
2148,1,18823.0
2149,1,18832.0
2150,1,18850.0
2151,1,18850.0
2152,1,18850.0
2153,1,18856.0
2154,1,18864.0
2155,1,18912.5
2156,1,18934.5
2157,1,18975.5
2158,1,18988.5
2159,1,18997.5
2160,1,19054.0
2161,1,19081.5
2162,1,19103.0
2163,1,19112.0
2164,1,19180.5
2165,1,19207.5
2166,1,19222.0
2167,1,19247.0
2168,1,19249.0
2169,1,19249.0
2170,1,19253.5
2171,1,19262.5
2172,1,19272.5
2173,1,19276.0
2174,1,19283.0
2175,1,19310.0
2176,1,19344.5
2177,1,19347.0
2178,1,19396.0
2179,1,19396.5
2180,1,19412.0
2181,1,19427.5
2182,1,19446.5
2183,1,19485.5
2184,1,19498.0
2185,1,19510.5
2186,1,19520.5
2187,1,19526.5
2188,1,19533.0
2189,1,19561.0
2190,1,19587.0
2191,1,19647.5
2192,1,19688.5
2193,1,19688.5
2194,1,19688.5
2195,1,19737.5
2196,1,19744.5
2197,1,19834.5
2198,1,19849.5
2199,1,19885.0
2200,1,19891.5
2201,1,19912.0
2202,1,19922.0
2203,1,19935.5
2204,1,19953.0
2205,1,19980.5
2206,1,20002.5
2207,1,20086.5
2208,1,20100.5
2209,1,20122.0
2210,1,20127.5
2211,1,20128.5
2212,1,20129.5
2213,1,20155.0
2214,1,20157.0
2215,1,20158.0
2216,1,20196.5
2217,1,20217.0
2218,1,20350.0
2219,1,20353.5
2220,1,20359.0
2221,1,20375.0
2222,1,20376.0
2223,1,20416.5
2224,1,20441.0
2225,1,20457.5
2226,1,20472.0
2227,1,20482.0
2228,1,20504.5
2229,1,20506.5
2230,1,20519.0
2231,1,20553.0
2232,1,20595.0
2233,1,20620.0
2234,1,20625.5
2235,1,20636.0
2236,1,20746.5
2237,1,20748.0
2238,1,20753.5
2239,1,20774.0
2240,1,20774.0
2241,1,20809.0
2242,1,20819.0
2243,1,20861.5
2244,1,20884.0
2245,1,20911.0
2246,1,20946.5
2247,1,20952.5
2248,1,21035.0
2249,1,21036.0
2250,1,21037.5
2251,1,21091.0
2252,1,21110.5
2253,1,21113.5
2254,1,21119.0
2255,1,21150.0
2256,1,21201.5
2257,1,21220.0
2258,1,21222.0
2259,1,21241.5
2260,1,21266.0
2261,1,21321.0
2262,1,21323.5
2263,1,21351.0
2264,1,21362.0
2265,1,21364.5
2266,1,21364.5
2267,1,21378.5
2268,1,21381.5
2269,1,21419.5
2270,1,21419.5
2271,1,21436.0
2272,1,21446.5
2273,1,21458.0
2274,1,21502.5
2275,1,21511.5
2276,1,21547.5
2277,1,21600.5
2278,1,21603.5
2279,1,21722.0
2280,1,21728.0
2281,1,21756.0
2282,1,21763.0
2283,1,21763.0
2284,1,21768.0
2285,1,21784.5
2286,1,21790.5
2287,1,21790.5
2288,1,21816.5
2289,1,21818.0
2290,1,21832.5
2291,1,21833.0
2292,1,21834.0
2293,1,21845.5
2294,1,21845.5
2295,1,21922.5
2296,1,21980.5
2297,1,21999.5
2298,1,22018.5
2299,1,22051.5
2300,1,22106.5
2301,1,22189.0
2302,1,22197.5
2303,1,22232.0
2304,1,22236.5
2305,1,22244.0
2306,1,22245.5
2307,1,22271.0
2308,1,22271.0
2309,1,22305.5
2310,1,22312.0
2311,1,22316.0
2312,1,22352.5
2313,1,22491.5
2314,1,22498.5
2315,1,22511.5
2316,1,22532.5
2317,1,22546.5
2318,1,22573.5
2319,1,22594.5
2320,1,22598.0
2321,1,22604.5
2322,1,22610.0
2323,1,22615.0
2324,1,22642.0
2325,1,22651.0
2326,1,22670.0
2327,1,22697.5
2328,1,22705.5
2329,1,22711.5
2330,1,22714.0
2331,1,22750.5
2332,1,22825.0
2333,1,22825.0
2334,1,22857.0
2335,1,22859.5
2336,1,22903.5
2337,1,22978.0
2338,1,22991.5
2339,1,23013.5
2340,1,23067.0
2341,1,23068.0
2342,1,23082.5
2343,1,23089.0
2344,1,23128.0
2345,1,23135.0
2346,1,23177.0
2347,1,23210.5
2348,1,23259.5
2349,1,23260.5
2350,1,23281.5
2351,1,23293.5
2352,1,23310.0
2353,1,23393.5
2354,1,23396.5
2355,1,23398.5
2356,1,23405.0
2357,1,23432.0
2358,1,23436.0
2359,1,23446.5
2360,1,23453.0
2361,1,23480.5
2362,1,23480.5
2363,1,23521.5
2364,1,23526.0
2365,1,23527.5
2366,1,23542.0
2367,1,23645.5
2368,1,23669.5
2369,1,23728.0
2370,1,23730.5
2371,1,23734.5
2372,1,23744.0
2373,1,23757.5
2374,1,23794.5
2375,1,23804.0
2376,1,23804.0
2377,1,23818.0
2378,1,23844.5
2379,1,23851.5
2380,1,23864.0
2381,1,23897.0
2382,1,23906.5
2383,1,23906.5
2384,1,23920.0
2385,1,23927.0
2386,1,23937.5
2387,1,23959.5
2388,1,23996.0
2389,1,23996.5
2390,1,24052.5
2391,1,24078.0
2392,1,24080.5
2393,1,24118.0
2394,1,24210.5
2395,1,24259.0
2396,1,24265.0
2397,1,24291.0
2398,1,24291.0
2399,1,24291.0
2400,1,24291.5
2401,1,24304.0
2402,1,24305.0
2403,1,24335.0
2404,1,24346.0
2405,1,24359.5
2406,1,24373.5
2407,1,24373.5
2408,1,24396.5
2409,1,24426.0
2410,1,24439.5
2411,1,24442.0
2412,1,24461.5
2413,1,24487.5
2414,1,24497.0
2415,1,24522.5
2416,1,24530.5
2417,1,24615.5
2418,1,24652.5
2419,1,24654.0
2420,1,24676.0
2421,1,24683.5
2422,1,24689.5
2423,1,24689.5
2424,1,24703.0
2425,1,24703.5
2426,1,24711.0
2427,1,24724.0
2428,1,24728.0
2429,1,24731.0
2430,1,24744.5
2431,1,24758.0
2432,1,24758.0
2433,1,24798.0
2434,1,24825.0
2435,1,24861.0
2436,1,24869.0
2437,1,24916.0
2438,1,24937.0
2439,1,24949.5
2440,1,24971.5
2441,1,24979.0
2442,1,24986.5
2443,1,25015.5
2444,1,25018.5
2445,1,25024.0
2446,1,25032.0
2447,1,25043.5
2448,1,25055.0
2449,1,25064.0
2450,1,25064.5
2451,1,25091.5
2452,1,25102.5
2453,1,25119.5
2454,1,25135.5
2455,1,25170.0
2456,1,25176.0
2457,1,25194.0
2458,1,25218.5
2459,1,25230.5
2460,1,25233.5
2461,1,25241.5
2462,1,25304.0
2463,1,25328.5
2464,1,25352.0
2465,1,25409.5
2466,1,25442.0
2467,1,25445.5
2468,1,25465.5
2469,1,25521.5
2470,1,25541.5
2471,1,25541.5
2472,1,25555.0
2473,1,25623.5
2474,1,25654.0
2475,1,25678.5
2476,1,25695.0
2477,1,25710.0
2478,1,25724.0
2479,1,25768.0
2480,1,25771.0
2481,1,25790.5
2482,1,25838.0
2483,1,25848.5
2484,1,25865.5
2485,1,25865.5
2486,1,25870.0
2487,1,25871.0
2488,1,25874.0
2489,1,25885.0
2490,1,25929.0
2491,1,25940.0
2492,1,25965.0
2493,1,25967.5
2494,1,25972.5
2495,1,25998.5
2496,1,26016.0
2497,1,26027.0
2498,1,26029.0
2499,1,26036.5
2500,1,26041.0
2501,1,26041.0
2502,1,26043.5
2503,1,26051.0
2504,1,26071.5
2505,1,26084.5
2506,1,26096.0
2507,1,26104.5
2508,1,26137.5
2509,1,26186.5
2510,1,26206.5
2511,1,26245.5
2512,1,26345.5
2513,1,26357.0
2514,1,26379.5
2515,1,26406.5
2516,1,26429.0
2517,1,26449.5
2518,1,26503.0
2519,1,26511.5
2520,1,26514.0
2521,1,26517.5
2522,1,26524.5
2523,1,26574.0
2524,1,26588.5
2525,1,26633.5
2526,1,26652.5
2527,1,26658.0
2528,1,26706.5
2529,1,26716.5
2530,1,26777.5
2531,1,26805.0
2532,1,26805.0
2533,1,26819.0
2534,1,26832.5
2535,1,26838.0
2536,1,26861.0
2537,1,26871.0
2538,1,26876.0
2539,1,26881.0
2540,1,26924.0
2541,1,27027.0
2542,1,27032.0
2543,1,27032.5
2544,1,27113.5
2545,1,27176.5
2546,1,27204.0
2547,1,27215.5
2548,1,27215.5
2549,1,27245.0
2550,1,27451.0
2551,1,27529.5
2552,1,27533.5
2553,1,27537.5
2554,1,27574.5
2555,1,27577.5
2556,1,27598.5
2557,1,27602.5
2558,1,27609.5
2559,1,27627.0
2560,1,27634.5
2561,1,27779.0
2562,1,27842.5
2563,1,27864.0
2564,1,27867.0
2565,1,27904.5
2566,1,27906.0
2567,1,27945.0
2568,1,28032.0
2569,1,28070.0
2570,1,28076.0
2571,1,28094.0
2572,1,28095.5
2573,1,28097.0
2574,1,28116.0
2575,1,28124.0
2576,1,28146.5
2577,1,28149.0
2578,1,28156.0
2579,1,28187.5
2580,1,28221.5
2581,1,28225.5
2582,1,28325.0
2583,1,28328.0
2584,1,28330.0
2585,1,28430.5
2586,1,28440.5
2587,1,28483.0
2588,1,28509.0
2589,1,28518.0
2590,1,28536.0
2591,1,28538.0
2592,1,28577.5
2593,1,28611.5
2594,1,28631.0
2595,1,28691.0
2596,1,28714.0
2597,1,28729.0
2598,1,28748.5
2599,1,28751.5
2600,1,28756.5
2601,1,28758.5
2602,1,28852.5
2603,1,28853.0
2604,1,28862.0
2605,1,28880.0
2606,1,28887.5
2607,1,28907.5
2608,1,28939.5
2609,1,28962.0
2610,1,28962.0
2611,1,28977.5
2612,1,29067.0
2613,1,29127.5
2614,1,29149.0
2615,1,29181.5
2616,1,29239.0
2617,1,29307.5
2618,1,29319.5
2619,1,29333.5
2620,1,29335.0
2621,1,29336.0
2622,1,29347.0
2623,1,29354.0
2624,1,29384.5
2625,1,29402.0
2626,1,29429.0
2627,1,29445.0
2628,1,29451.0
2629,1,29465.0
2630,1,29465.5
2631,1,29484.5
2632,1,29488.5
2633,1,29512.0
2634,1,29524.5
2635,1,29546.5
2636,1,29565.5
2637,1,29575.0
2638,1,29587.5
2639,1,29598.5
2640,1,29710.0
2641,1,29725.0
2642,1,29745.5
2643,1,29773.0
2644,1,29785.0
2645,1,29795.0
2646,1,29800.5
2647,1,29800.5
2648,1,29884.0
2649,1,29922.0
2650,1,29952.5
2651,1,29966.5
2652,1,29994.5
2653,1,30017.5
2654,1,30083.0
2655,1,30089.5
2656,1,30137.5
2657,1,30175.5
2658,1,30178.0
2659,1,30199.0
2660,1,30290.0
2661,1,30308.0
2662,1,30328.5
2663,1,30329.5
2664,1,30353.0
2665,1,30357.0
2666,1,30363.5
2667,1,30366.5
2668,1,30371.0
2669,1,30512.0
2670,1,30542.0
2671,1,30551.0
2672,1,30584.0
2673,1,30611.5
2674,1,30696.5
2675,1,30697.5
2676,1,30725.5
2677,1,30771.5
2678,1,30889.0
2679,1,30892.5
2680,1,30904.5
2681,1,30925.5
2682,1,30989.5
2683,1,31051.0
2684,1,31111.0
2685,1,31123.5
2686,1,31221.5
2687,1,31262.0
2688,1,31275.0
2689,1,31367.0
2690,1,31376.5
2691,1,31394.5
2692,1,31408.0
2693,1,31414.5
2694,1,31547.0
2695,1,31573.0
2696,1,31697.5
2697,1,31730.0
2698,1,31736.0
2699,1,31809.0
2700,1,31818.0
2701,1,31829.5
2702,1,31849.0
2703,1,31850.0
2704,1,32033.0
2705,1,32047.0
2706,1,32128.0
2707,1,32156.5
2708,1,32169.0
2709,1,32233.5
2710,1,32235.0
2711,1,32271.5
2712,1,32281.0
2713,1,32317.5
2714,1,32367.5
2715,1,32376.0
2716,1,32467.5
2717,1,32490.5
2718,1,32540.5
2719,1,32558.0
2720,1,32578.0
2721,1,32600.5
2722,1,32631.0
2723,1,32697.0
2724,1,32699.5
2725,1,32713.5
2726,1,32728.5
2727,1,32788.5
2728,1,32810.5
2729,1,32823.5
2730,1,32846.0
2731,1,32860.5
2732,1,32999.5
2733,1,32999.5
2734,1,33002.5
2735,1,33019.0
2736,1,33044.5
2737,1,33097.0
2738,1,33121.5
2739,1,33211.5
2740,1,33224.5
2741,1,33362.5
2742,1,33395.5
2743,1,33448.5
2744,1,33455.5
2745,1,33461.0
2746,1,33471.0
2747,1,33497.0
2748,1,33512.0
2749,1,33540.0
2750,1,33542.0
2751,1,33565.5
2752,1,33580.0
2753,1,33608.5
2754,1,33619.0
2755,1,33661.5
2756,1,33676.5
2757,1,33688.0
2758,1,33691.5
2759,1,33706.5
2760,1,33764.5
2761,1,33800.0
2762,1,33807.5
2763,1,33826.5
2764,1,33895.0
2765,1,34214.0
2766,1,34224.5
2767,1,34225.0
2768,1,34278.0
2769,1,34307.0
2770,1,34307.0
2771,1,34348.5
2772,1,34375.5
2773,1,34403.0
2774,1,34415.5
2775,1,34458.0
2776,1,34458.5
2777,1,34569.0
2778,1,34574.5
2779,1,34604.5
2780,1,34617.0
2781,1,34650.0
2782,1,34655.0
2783,1,34659.0
2784,1,34764.0
2785,1,34824.0
2786,1,34903.5
2787,1,34970.5
2788,1,34972.5
2789,1,34987.5
2790,1,35002.0
2791,1,35068.5
2792,1,35077.0
2793,1,35082.5
2794,1,35140.0
2795,1,35220.5
2796,1,35270.0
2797,1,35328.5
2798,1,35377.0
2799,1,35403.0
2800,1,35404.5
2801,1,35461.5
2802,1,35516.5
2803,1,35537.0
2804,1,35555.0
2805,1,35587.0
2806,1,35621.0
2807,1,35626.0
2808,1,35629.5
2809,1,35770.5
2810,1,35779.5
2811,1,35807.5
2812,1,35873.5
2813,1,35927.5
2814,1,35968.5
2815,1,35969.5
2816,1,36012.0
2817,1,36142.0
2818,1,36142.5
2819,1,36155.5
2820,1,36163.0
2821,1,36214.5
2822,1,36247.0
2823,1,36263.5
2824,1,36288.5
2825,1,36307.0
2826,1,36324.0
2827,1,36368.0
2828,1,36408.0
2829,1,36423.0
2830,1,36436.5
2831,1,36477.5
2832,1,36482.0
2833,1,36547.5
2834,1,36549.5
2835,1,36574.0
2836,1,36592.0
2837,1,36613.0
2838,1,36710.0
2839,1,36821.5
2840,1,36835.0
2841,1,36947.5
2842,1,37021.0
2843,1,37167.0
2844,1,37372.5
2845,1,37419.5
2846,1,37578.5
2847,1,37604.5
2848,1,37607.5
2849,1,37646.0
2850,1,37705.5
2851,1,37750.0
2852,1,37854.5
2853,1,37902.0
2854,1,37995.0
2855,1,38010.0
2856,1,38126.5
2857,1,38187.0
2858,1,38203.0
2859,1,38222.5
2860,1,38284.5
2861,1,38331.5
2862,1,38377.0
2863,1,38402.0
2864,1,38497.5
2865,1,38512.0
2866,1,38538.5
2867,1,38552.5
2868,1,38581.5
2869,1,38605.0
2870,1,38620.5
2871,1,38658.0
2872,1,38688.0
2873,1,38745.5
2874,1,38770.0
2875,1,38794.0
2876,1,38880.0
2877,1,38923.5
2878,1,38950.5
2879,1,38978.5
2880,1,39115.5
2881,1,39151.0
2882,1,39154.5
2883,1,39259.0
2884,1,39455.0
2885,1,39527.5
2886,1,39528.0
2887,1,39530.5
2888,1,39602.0
2889,1,39610.5
2890,1,39686.0
2891,1,39698.0
2892,1,39723.5
2893,1,39760.0
2894,1,39795.0
2895,1,39797.5
2896,1,39880.5
2897,1,39897.5
2898,1,39908.0
2899,1,39940.5
2900,1,39992.5
2901,1,40107.5
2902,1,40132.5
2903,1,40211.5
2904,1,40215.0
2905,1,40264.0
2906,1,40292.0
2907,1,40428.0
2908,1,40503.5
2909,1,40546.0
2910,1,40611.0
2911,1,40642.0
2912,1,40657.5
2913,1,40668.0
2914,1,40682.0
2915,1,40682.0
2916,1,40690.0
2917,1,40727.0
2918,1,40807.5
2919,1,40847.0
2920,1,40933.5
2921,1,41140.0
2922,1,41163.0
2923,1,41179.5
2924,1,41313.5
2925,1,41410.0
2926,1,41497.0
2927,1,41630.0
2928,1,41736.0
2929,1,41892.5
2930,1,42070.0
2931,1,42085.5
2932,1,42104.5
2933,1,42164.5
2934,1,42194.0
2935,1,42208.0
2936,1,42221.0
2937,1,42559.5
2938,1,42735.0
2939,1,42743.0
2940,1,42806.0
2941,1,42814.5
2942,1,43141.0
2943,1,43141.0
2944,1,43147.5
2945,1,43211.0
2946,1,43265.0
2947,1,43279.0
2948,1,43288.5
2949,1,43326.0
2950,1,43326.0
2951,1,43368.0
2952,1,43492.0
2953,1,43540.0
2954,1,43549.5
2955,1,43567.0
2956,1,43663.0
2957,1,43794.0
2958,1,43883.0
2959,1,43965.5
2960,1,44024.0
2961,1,44073.0
2962,1,44082.0
2963,1,44089.5
2964,1,44335.5
2965,1,44419.0
2966,1,44518.0
2967,1,44524.0
2968,1,44614.0
2969,1,44790.0
2970,1,44804.0
2971,1,44807.0
2972,1,44859.0
2973,1,44888.0
2974,1,44894.5
2975,1,45023.5
2976,1,45026.5
2977,1,45138.5
2978,1,45440.5
2979,1,45550.5
2980,1,45669.5
2981,1,45687.0
2982,1,45710.5
2983,1,45911.0
2984,1,46026.5
2985,1,46175.5
2986,1,46199.5
2987,1,46347.0
2988,1,46352.0
2989,1,46397.5
2990,1,46421.5
2991,1,46462.0
2992,1,46601.0
2993,1,46644.5
2994,1,46708.5
2995,1,46819.0
2996,1,46938.5
2997,1,46947.0
2998,1,47285.0
2999,1,47362.5
3000,1,47545.5
3001,1,47668.5
3002,1,47688.5
3003,1,47691.5
3004,1,47738.5
3005,1,47779.0
3006,1,47854.0
3007,1,47909.0
3008,1,47945.5
3009,1,48067.0
3010,1,48068.0
3011,1,48086.5
3012,1,48170.0
3013,1,48183.5
3014,1,48296.5
3015,1,48393.0
3016,1,48404.0
3017,1,48462.5
3018,1,48524.0
3019,1,48606.0
3020,1,48776.0
3021,1,48907.0
3022,1,48954.5
3023,1,48995.0
3024,1,49024.5
3025,1,49070.5
3026,1,49099.5
3027,1,49132.0
3028,1,49274.5
3029,1,49322.0
3030,1,49519.0
3031,1,49667.5
3032,1,49708.0
3033,1,49708.0
3034,1,49712.0
3035,1,49738.5
3036,1,49878.5
3037,1,50061.5
3038,1,50220.0
3039,1,50549.0
3040,1,50618.0
3041,1,50629.0
3042,1,50650.0
3043,1,50860.5
3044,1,51154.5
3045,1,51166.0
3046,1,51442.0
3047,1,51512.5
3048,1,51536.0
3049,1,51613.0
3050,1,51645.5
3051,1,51756.0
3052,1,51761.5
3053,1,51762.5
3054,1,52036.0
3055,1,52278.5
3056,1,52336.5
3057,1,52339.5
3058,1,52375.0
3059,1,52555.5
3060,1,52999.5
3061,1,53023.5
3062,1,53031.5
3063,1,53066.0
3064,1,53145.5
3065,1,53253.5
3066,1,53292.0
3067,1,53526.0
3068,1,53727.0
3069,1,53760.0
3070,1,53804.0
3071,1,54000.5
3072,1,54005.0
3073,1,54105.5
3074,1,54120.0
3075,1,54192.0
3076,1,54369.0
3077,1,54431.5
3078,1,54456.0
3079,1,54508.5
3080,1,54544.5
3081,1,54648.0
3082,1,55142.5
3083,1,55322.0
3084,1,55349.0
3085,1,55438.0
3086,1,55548.0
3087,1,55740.5
3088,1,55889.5
3089,1,56379.0
3090,1,56452.0
3091,1,56701.5
3092,1,57168.0
3093,1,57355.5
3094,1,57828.5
3095,1,57854.0
3096,1,57857.5
3097,1,58171.0
3098,1,58250.5
3099,1,58422.0
3100,1,58744.0
3101,1,58858.5
3102,1,59071.5
3103,1,59162.0
3104,1,59925.0
3105,1,60265.0
3106,1,60314.5
3107,1,60385.5
3108,1,60598.5
3109,1,60659.0
3110,1,60727.5
3111,1,61085.0
3112,1,61804.5
3113,1,61991.5
3114,1,62325.0
3115,1,62401.5
3116,1,62872.5
3117,1,63022.0
3118,1,63200.0
3119,1,63421.0
3120,1,63677.5
3121,1,63684.5
3122,1,63736.0
3123,1,63849.0
3124,1,63887.0
3125,1,63954.0
3126,1,64918.0
3127,1,67206.0
3128,1,67391.5
3129,1,68515.0
3130,1,69163.0
3131,1,69193.0
3132,1,70314.5
3133,1,71033.0
3134,1,71269.5
3135,1,73505.0
3136,1,73505.0
3137,1,73742.0
3138,1,73903.5
3139,1,73917.5
3140,1,74014.5
3141,1,74447.0
3142,1,74634.5
3143,1,75154.0
3144,1,76868.0
3145,1,79125.0
3146,1,79636.0
3147,1,81543.0
3148,1,82161.5
3149,1,82617.5
3150,1,83810.5
3151,1,83810.5
3152,1,83810.5
3153,1,83810.5
3154,1,83810.5
3155,1,83810.5
3156,1,83810.5
3157,1,83810.5
3158,0,332.5
3159,0,857.5
3160,0,1208.0
3161,0,1366.0
3162,0,1662.5
3163,0,1787.0
3164,0,2155.5
3165,0,2180.0
3166,0,2222.0
3167,0,2351.0
3168,0,2571.5
3169,0,2572.5
3170,0,2810.5
3171,0,2813.0
3172,0,2851.5
3173,0,2869.0
3174,0,3113.0
3175,0,3380.0
3176,0,3390.5
3177,0,3473.5
3178,0,3515.5
3179,0,3569.5
3180,0,3726.0
3181,0,3844.5
3182,0,3861.0
3183,0,3882.0
3184,0,4012.0
3185,0,4044.0
3186,0,4062.5
3187,0,4069.0
3188,0,4077.5
3189,0,4086.0
3190,0,4136.0
3191,0,4171.0
3192,0,4223.5
3193,0,4235.5
3194,0,4386.0
3195,0,4456.5
3196,0,4492.5
3197,0,4550.0
3198,0,4619.0
3199,0,4621.0
3200,0,4634.5
3201,0,4769.5
3202,0,4781.5
3203,0,4857.5
3204,0,4880.5
3205,0,4896.0
3206,0,4955.5
3207,0,5042.5
3208,0,5064.5
3209,0,5114.0
3210,0,5124.5
3211,0,5146.0
3212,0,5202.0
3213,0,5205.0
3214,0,5221.5
3215,0,5264.5
3216,0,5288.5
3217,0,5298.0
3218,0,5394.0
3219,0,5496.0
3220,0,5607.5
3221,0,5618.0
3222,0,5630.0
3223,0,5647.0
3224,0,5652.5
3225,0,5722.0
3226,0,5729.5
3227,0,5752.5
3228,0,5780.5
3229,0,5813.5
3230,0,5825.0
3231,0,5825.5
3232,0,5834.0
3233,0,5865.5
3234,0,5867.0
3235,0,5880.0
3236,0,5888.5
3237,0,5930.0
3238,0,5935.0
3239,0,5947.5
3240,0,6018.0
3241,0,6045.0
3242,0,6065.5
3243,0,6101.0
3244,0,6123.0
3245,0,6234.0
3246,0,6271.0
3247,0,6287.5
3248,0,6329.5
3249,0,6387.5
3250,0,6389.0
3251,0,6433.5
3252,0,6466.5
3253,0,6513.5
3254,0,6514.5
3255,0,6519.5
3256,0,6543.0
3257,0,6572.0
3258,0,6576.0
3259,0,6622.5
3260,0,6625.0
3261,0,6676.0
3262,0,6678.0
3263,0,6680.5
3264,0,6772.5
3265,0,6791.0
3266,0,6867.0
3267,0,6876.5
3268,0,6880.5
3269,0,6892.0
3270,0,6922.5
3271,0,6943.0
3272,0,6952.5
3273,0,6990.0
3274,0,7025.0
3275,0,7076.0
3276,0,7103.5
3277,0,7185.5
3278,0,7191.0
3279,0,7268.0
3280,0,7301.5
3281,0,7449.0
3282,0,7474.5
3283,0,7495.5
3284,0,7515.5
3285,0,7527.0
3286,0,7568.5
3287,0,7630.0
3288,0,7638.0
3289,0,7683.5
3290,0,7688.5
3291,0,7750.5
3292,0,7792.5
3293,0,7838.0
3294,0,7849.0
3295,0,7884.5
3296,0,7934.5
3297,0,7941.0
3298,0,7941.0
3299,0,7955.0
3300,0,7955.0
3301,0,8000.0
3302,0,8117.0
3303,0,8128.0
3304,0,8162.5
3305,0,8174.5
3306,0,8288.0
3307,0,8297.0
3308,0,8318.0
3309,0,8367.5
3310,0,8377.5
3311,0,8447.0
3312,0,8455.5
3313,0,8458.0
3314,0,8587.0
3315,0,8614.5
3316,0,8617.0
3317,0,8622.5
3318,0,8630.5
3319,0,8632.5
3320,0,8763.0
3321,0,8805.5
3322,0,8814.0
3323,0,8815.5
3324,0,8875.5
3325,0,8894.5
3326,0,8926.0
3327,0,8950.5
3328,0,8957.5
3329,0,9032.5
3330,0,9077.5
3331,0,9103.5
3332,0,9112.0
3333,0,9113.5
3334,0,9137.5
3335,0,9162.0
3336,0,9226.0
3337,0,9242.5
3338,0,9258.5
3339,0,9297.0
3340,0,9305.0
3341,0,9412.0
3342,0,9413.5
3343,0,9469.0
3344,0,9475.0
3345,0,9487.0
3346,0,9590.0
3347,0,9590.0
3348,0,9614.5
3349,0,9631.5
3350,0,9633.0
3351,0,9643.5
3352,0,9672.5
3353,0,9687.5
3354,0,9744.0
3355,0,9768.5
3356,0,9784.0
3357,0,9874.0
3358,0,9880.0
3359,0,9923.5
3360,0,9935.0
3361,0,9955.0
3362,0,9960.0
3363,0,9963.0
3364,0,10014.5
3365,0,10022.5
3366,0,10032.5
3367,0,10043.5
3368,0,10056.0
3369,0,10065.0
3370,0,10069.0
3371,0,10121.0
3372,0,10269.0
3373,0,10270.0
3374,0,10335.0
3375,0,10428.0
3376,0,10442.0
3377,0,10449.0
3378,0,10483.0
3379,0,10508.0
3380,0,10510.5
3381,0,10515.0
3382,0,10562.5
3383,0,10669.5
3384,0,10698.0
3385,0,10716.5
3386,0,10785.5
3387,0,10792.0
3388,0,10798.0
3389,0,10799.5
3390,0,10848.0
3391,0,10858.0
3392,0,10909.0
3393,0,10922.5
3394,0,10928.5
3395,0,10943.0
3396,0,11060.0
3397,0,11078.0
3398,0,11089.0
3399,0,11110.0
3400,0,11129.0
3401,0,11147.5
3402,0,11150.5
3403,0,11175.5
3404,0,11182.0
3405,0,11196.5
3406,0,11249.5
3407,0,11274.0
3408,0,11307.5
3409,0,11335.0
3410,0,11340.0
3411,0,11354.0
3412,0,11358.5
3413,0,11362.0
3414,0,11393.0
3415,0,11429.5
3416,0,11431.0
3417,0,11465.5
3418,0,11541.0
3419,0,11601.0
3420,0,11627.0
3421,0,11678.5
3422,0,11706.5
3423,0,11796.0
3424,0,11815.5
3425,0,11856.5
3426,0,11900.5
3427,0,11910.0
3428,0,11932.5
3429,0,11946.0
3430,0,11952.5
3431,0,11953.5
3432,0,11966.5
3433,0,11980.5
3434,0,12029.5
3435,0,12040.5
3436,0,12053.0
3437,0,12059.5
3438,0,12102.5
3439,0,12117.5
3440,0,12131.0
3441,0,12148.0
3442,0,12159.5
3443,0,12166.0
3444,0,12173.0
3445,0,12184.0
3446,0,12224.5
3447,0,12236.0
3448,0,12272.0
3449,0,12310.5
3450,0,12326.0
3451,0,12344.5
3452,0,12394.0
3453,0,12403.0
3454,0,12410.0
3455,0,12472.0
3456,0,12503.0
3457,0,12505.5
3458,0,12525.5
3459,0,12553.5
3460,0,12566.0
3461,0,12571.5
3462,0,12571.5
3463,0,12584.5
3464,0,12612.5
3465,0,12612.5
3466,0,12648.5
3467,0,12680.0
3468,0,12743.5
3469,0,12764.0
3470,0,12874.5
3471,0,12899.0
3472,0,12901.5
3473,0,12909.5
3474,0,12922.5
3475,0,12924.0
3476,0,12929.0
3477,0,12949.5
3478,0,12956.0
3479,0,12970.0
3480,0,12980.0
3481,0,12983.5
3482,0,12983.5
3483,0,12983.5
3484,0,12997.5
3485,0,12998.0
3486,0,13003.5
3487,0,13016.5
3488,0,13026.5
3489,0,13034.0
3490,0,13037.5
3491,0,13066.0
3492,0,13085.0
3493,0,13102.0
3494,0,13128.5
3495,0,13233.5
3496,0,13254.0
3497,0,13290.5
3498,0,13319.5
3499,0,13344.5
3500,0,13356.5
3501,0,13382.0
3502,0,13402.0
3503,0,13423.0
3504,0,13446.5
3505,0,13464.0
3506,0,13464.5
3507,0,13481.5
3508,0,13561.0
3509,0,13597.0
3510,0,13694.0
3511,0,13736.5
3512,0,13788.0
3513,0,13808.0
3514,0,13822.0
3515,0,13835.0
3516,0,13852.0
3517,0,13865.5
3518,0,13937.5
3519,0,13949.5
3520,0,14035.0
3521,0,14097.0
3522,0,14118.5
3523,0,14134.5
3524,0,14161.0
3525,0,14167.5
3526,0,14179.0
3527,0,14220.5
3528,0,14247.5
3529,0,14247.5
3530,0,14289.0
3531,0,14297.0
3532,0,14319.0
3533,0,14361.5
3534,0,14559.0
3535,0,14591.0
3536,0,14633.5
3537,0,14639.5
3538,0,14684.0
3539,0,14716.5
3540,0,14721.5
3541,0,14729.0
3542,0,14742.0
3543,0,14753.5
3544,0,14781.0
3545,0,14948.5
3546,0,15044.5
3547,0,15062.5
3548,0,15085.5
3549,0,15085.5
3550,0,15085.5
3551,0,15085.5
3552,0,15113.0
3553,0,15117.5
3554,0,15152.0
3555,0,15193.5
3556,0,15235.0
3557,0,15271.5
3558,0,15292.5
3559,0,15356.5
3560,0,15388.5
3561,0,15401.5
3562,0,15408.5
3563,0,15415.5
3564,0,15424.0
3565,0,15484.0
3566,0,15500.5
3567,0,15612.0
3568,0,15631.0
3569,0,15678.0
3570,0,15725.5
3571,0,15767.0
3572,0,15783.0
3573,0,15870.5
3574,0,15883.0
3575,0,15910.0
3576,0,15910.0
3577,0,15931.5
3578,0,15955.5
3579,0,15964.5
3580,0,16025.5
3581,0,16033.0
3582,0,16061.0
3583,0,16089.0
3584,0,16161.0
3585,0,16174.0
3586,0,16240.0
3587,0,16245.0
3588,0,16301.5
3589,0,16366.5
3590,0,16419.0
3591,0,16474.0
3592,0,16474.5
3593,0,16479.0
3594,0,16483.0
3595,0,16486.0
3596,0,16526.0
3597,0,16579.5
3598,0,16585.0
3599,0,16632.5
3600,0,16658.5
3601,0,16709.0
3602,0,16715.5
3603,0,16789.0
3604,0,16800.5
3605,0,16803.0
3606,0,16817.0
3607,0,16869.5
3608,0,16884.5
3609,0,16932.5
3610,0,16940.0
3611,0,16947.5
3612,0,16992.0
3613,0,17009.5
3614,0,17027.5
3615,0,17043.5
3616,0,17051.0
3617,0,17051.0
3618,0,17103.5
3619,0,17146.5
3620,0,17174.0
3621,0,17219.0
3622,0,17287.0
3623,0,17411.0
3624,0,17559.0
3625,0,17572.5
3626,0,17574.5
3627,0,17583.5
3628,0,17585.0
3629,0,17603.0
3630,0,17614.5
3631,0,17651.0
3632,0,17688.0
3633,0,17696.5
3634,0,17713.0
3635,0,17719.0
3636,0,17733.0
3637,0,17754.0
3638,0,17834.0
3639,0,17849.5
3640,0,17919.0
3641,0,17937.5
3642,0,17971.0
3643,0,17980.5
3644,0,17981.5
3645,0,18030.5
3646,0,18036.0
3647,0,18103.0
3648,0,18118.0
3649,0,18163.0
3650,0,18198.0
3651,0,18211.5
3652,0,18252.0
3653,0,18272.5
3654,0,18411.0
3655,0,18417.5
3656,0,18419.0
3657,0,18452.0
3658,0,18495.5
3659,0,18504.5
3660,0,18547.0
3661,0,18577.5
3662,0,18655.0
3663,0,18689.0
3664,0,18732.5
3665,0,18754.0
3666,0,18754.5
3667,0,18759.0
3668,0,18765.0
3669,0,18795.5
3670,0,18823.0
3671,0,18848.5
3672,0,18869.5
3673,0,18919.0
3674,0,18960.5
3675,0,18974.5
3676,0,19067.5
3677,0,19077.0
3678,0,19087.5
3679,0,19099.5
3680,0,19144.5
3681,0,19285.5
3682,0,19303.5
3683,0,19426.0
3684,0,19427.0
3685,0,19446.0
3686,0,19481.5
3687,0,19511.5
3688,0,19585.0
3689,0,19633.5
3690,0,19648.0
3691,0,19687.0
3692,0,19691.0
3693,0,19703.5
3694,0,19710.0
3695,0,19798.5
3696,0,19834.5
3697,0,19835.0
3698,0,19839.5
3699,0,19845.0
3700,0,19935.0
3701,0,19958.0
3702,0,19979.5
3703,0,19991.0
3704,0,20004.5
3705,0,20023.5
3706,0,20074.5
3707,0,20087.5
3708,0,20100.5
3709,0,20100.5
3710,0,20142.0
3711,0,20149.5
3712,0,20151.0
3713,0,20221.5
3714,0,20312.0
3715,0,20439.5
3716,0,20472.0
3717,0,20497.0
3718,0,20517.0
3719,0,20519.5
3720,0,20553.5
3721,0,20630.0
3722,0,20636.0
3723,0,20638.0
3724,0,20725.5
3725,0,20732.5
3726,0,20745.0
3727,0,20776.5
3728,0,20788.0
3729,0,20806.0
3730,0,20827.5
3731,0,20843.0
3732,0,20901.5
3733,0,20911.0
3734,0,20957.0
3735,0,20973.0
3736,0,20973.0
3737,0,20977.0
3738,0,20990.0
3739,0,20993.5
3740,0,20994.5
3741,0,21008.0
3742,0,21018.0
3743,0,21058.5
3744,0,21085.0
3745,0,21160.0
3746,0,21194.0
3747,0,21232.5
3748,0,21234.5
3749,0,21243.5
3750,0,21310.0
3751,0,21323.5
3752,0,21341.5
3753,0,21376.5
3754,0,21378.5
3755,0,21384.5
3756,0,21398.0
3757,0,21401.5
3758,0,21413.0
3759,0,21414.0
3760,0,21470.5
3761,0,21601.0
3762,0,21601.0
3763,0,21607.0
3764,0,21680.5
3765,0,21694.5
3766,0,21708.5
3767,0,21771.5
3768,0,21799.0
3769,0,21803.0
3770,0,21851.5
3771,0,22005.5
3772,0,22006.0
3773,0,22118.5
3774,0,22157.0
3775,0,22161.5
3776,0,22161.5
3777,0,22175.5
3778,0,22184.0
3779,0,22185.5
3780,0,22217.0
3781,0,22257.5
3782,0,22271.0
3783,0,22276.5
3784,0,22286.0
3785,0,22334.5
3786,0,22400.0
3787,0,22469.5
3788,0,22568.0
3789,0,22619.5
3790,0,22628.5
3791,0,22877.5
3792,0,22986.0
3793,0,23180.0
3794,0,23226.5
3795,0,23246.5
3796,0,23252.0
3797,0,23283.0
3798,0,23295.0
3799,0,23296.0
3800,0,23325.5
3801,0,23384.5
3802,0,23412.0
3803,0,23425.5
3804,0,23439.5
3805,0,23453.0
3806,0,23480.5
3807,0,23552.0
3808,0,23565.5
3809,0,23628.0
3810,0,23636.5
3811,0,23668.0
3812,0,23722.0
3813,0,23841.0
3814,0,23846.0
3815,0,23847.0
3816,0,23857.5
3817,0,23864.5
3818,0,23879.0
3819,0,23885.0
3820,0,23893.0
3821,0,23920.0
3822,0,24004.0
3823,0,24051.0
3824,0,24056.5
3825,0,24085.0
3826,0,24098.0
3827,0,24162.0
3828,0,24197.0
3829,0,24309.5
3830,0,24319.5
3831,0,24323.0
3832,0,24405.0
3833,0,24438.5
3834,0,24476.5
3835,0,24479.0
3836,0,24594.0
3837,0,24689.0
3838,0,24697.0
3839,0,24703.0
3840,0,24752.0
3841,0,24772.0
3842,0,24773.5
3843,0,24837.5
3844,0,24865.5
3845,0,24906.5
3846,0,24944.5
3847,0,24986.0
3848,0,24992.0
3849,0,25003.5
3850,0,25006.0
3851,0,25016.0
3852,0,25074.5
3853,0,25128.0
3854,0,25156.5
3855,0,25177.0
3856,0,25203.5
3857,0,25225.0
3858,0,25253.5
3859,0,25307.5
3860,0,25365.0
3861,0,25425.5
3862,0,25437.0
3863,0,25454.0
3864,0,25510.0
3865,0,25555.5
3866,0,25558.0
3867,0,25610.0
3868,0,25628.0
3869,0,25632.0
3870,0,25644.5
3871,0,25699.5
3872,0,25700.0
3873,0,25744.5
3874,0,25750.0
3875,0,25770.5
3876,0,25786.0
3877,0,25893.5
3878,0,25926.0
3879,0,25940.0
3880,0,25995.0
3881,0,26009.5
3882,0,26041.5
3883,0,26174.0
3884,0,26174.5
3885,0,26210.5
3886,0,26214.5
3887,0,26239.0
3888,0,26290.0
3889,0,26335.5
3890,0,26366.5
3891,0,26386.5
3892,0,26406.5
3893,0,26420.5
3894,0,26448.5
3895,0,26458.5
3896,0,26579.0
3897,0,26598.5
3898,0,26606.0
3899,0,26636.5
3900,0,26674.5
3901,0,26681.0
3902,0,26724.0
3903,0,26753.0
3904,0,26778.0
3905,0,26792.0
3906,0,26792.0
3907,0,26834.0
3908,0,26853.5
3909,0,26901.0
3910,0,27037.5
3911,0,27042.0
3912,0,27052.5
3913,0,27062.0
3914,0,27165.0
3915,0,27190.0
3916,0,27228.5
3917,0,27231.0
3918,0,27272.5
3919,0,27286.0
3920,0,27289.0
3921,0,27327.5
3922,0,27493.0
3923,0,27500.5
3924,0,27501.5
3925,0,27506.5
3926,0,27517.0
3927,0,27665.5
3928,0,27708.5
3929,0,27752.0
3930,0,27755.0
3931,0,27767.0
3932,0,27797.5
3933,0,27904.0
3934,0,27962.0
3935,0,27993.0
3936,0,28055.0
3937,0,28055.5
3938,0,28068.5
3939,0,28084.5
3940,0,28228.0
3941,0,28277.0
3942,0,28321.5
3943,0,28343.5
3944,0,28348.5
3945,0,28440.5
3946,0,28509.0
3947,0,28521.5
3948,0,28646.5
3949,0,28763.0
3950,0,28812.5
3951,0,28820.5
3952,0,28840.0
3953,0,28942.0
3954,0,28976.5
3955,0,29038.0
3956,0,29072.5
3957,0,29156.0
3958,0,29168.0
3959,0,29191.0
3960,0,29211.0
3961,0,29334.5
3962,0,29338.0
3963,0,29339.0
3964,0,29430.0
3965,0,29443.0
3966,0,29552.0
3967,0,29586.0
3968,0,29599.0
3969,0,29609.0
3970,0,29690.5
3971,0,29718.0
3972,0,29786.5
3973,0,29826.0
3974,0,29862.5
3975,0,29875.0
3976,0,29891.0
3977,0,29935.5
3978,0,29947.0
3979,0,29972.5
3980,0,30019.0
3981,0,30021.0
3982,0,30062.0
3983,0,30083.5
3984,0,30093.5
3985,0,30116.5
3986,0,30130.5
3987,0,30144.0
3988,0,30148.0
3989,0,30161.5
3990,0,30170.5
3991,0,30199.0
3992,0,30221.5
3993,0,30282.5
3994,0,30305.5
3995,0,30311.5
3996,0,30316.5
3997,0,30358.5
3998,0,30372.5
3999,0,30410.0
4000,0,30419.5
4001,0,30448.0
4002,0,30539.5
4003,0,30646.0
4004,0,30686.5
4005,0,30771.5
4006,0,30833.5
4007,0,30885.0
4008,0,30900.0
4009,0,30982.5
4010,0,30994.5
4011,0,30995.5
4012,0,31023.0
4013,0,31060.5
4014,0,31181.5
4015,0,31215.5
4016,0,31215.5
4017,0,31259.5
4018,0,31380.5
4019,0,31490.0
4020,0,31593.5
4021,0,31660.5
4022,0,31694.0
4023,0,31769.5
4024,0,31784.0
4025,0,31845.5
4026,0,31943.0
4027,0,31985.5
4028,0,32080.0
4029,0,32081.0
4030,0,32104.5
4031,0,32168.5
4032,0,32172.5
4033,0,32177.5
4034,0,32177.5
4035,0,32234.5
4036,0,32238.5
4037,0,32246.0
4038,0,32273.5
4039,0,32298.0
4040,0,32473.0
4041,0,32483.5
4042,0,32521.5
4043,0,32567.0
4044,0,32646.0
4045,0,32672.0
4046,0,32727.5
4047,0,32748.5
4048,0,32809.0
4049,0,32906.5
4050,0,32985.5
4051,0,32986.0
4052,0,33043.5
4053,0,33070.5
4054,0,33120.0
4055,0,33125.0
4056,0,33156.0
4057,0,33244.5
4058,0,33276.0
4059,0,33358.5
4060,0,33402.0
4061,0,33482.5
4062,0,33524.0
4063,0,33763.5
4064,0,33811.5
4065,0,33836.5
4066,0,33935.5
4067,0,33940.0
4068,0,34048.0
4069,0,34209.0
4070,0,34251.5
4071,0,34334.5
4072,0,34348.5
4073,0,34349.5
4074,0,34361.5
4075,0,34568.0
4076,0,34581.5
4077,0,34598.0
4078,0,34671.5
4079,0,34711.0
4080,0,34738.5
4081,0,34759.0
4082,0,34769.5
4083,0,34795.5
4084,0,34874.5
4085,0,34898.0
4086,0,34967.0
4087,0,35012.0
4088,0,35203.5
4089,0,35220.0
4090,0,35229.0
4091,0,35341.5
4092,0,35414.0
4093,0,35516.5
4094,0,35537.5
4095,0,35577.0
4096,0,35859.5
4097,0,35896.5
4098,0,35956.5
4099,0,36013.0
4100,0,36124.0
4101,0,36153.5
4102,0,36169.5
4103,0,36259.5
4104,0,36337.5
4105,0,36452.0
4106,0,36464.0
4107,0,36634.5
4108,0,36693.0
4109,0,36748.0
4110,0,36822.5
4111,0,36823.0
4112,0,36825.5
4113,0,36899.5
4114,0,36908.5
4115,0,36973.5
4116,0,37098.0
4117,0,37117.0
4118,0,37171.5
4119,0,37251.0
4120,0,37756.0
4121,0,38011.5
4122,0,38201.5
4123,0,38210.0
4124,0,38427.5
4125,0,38710.5
4126,0,38924.5
4127,0,38989.5
4128,0,39047.0
4129,0,39119.5
4130,0,39364.0
4131,0,39549.0
4132,0,39923.5
4133,0,40141.5
4134,0,40366.5
4135,0,40379.5
4136,0,40773.5
4137,0,40893.5
4138,0,40897.0
4139,0,41019.0
4140,0,41054.5
4141,0,41108.0
4142,0,41231.0
4143,0,41317.5
4144,0,41465.5
4145,0,41738.5
4146,0,41904.5
4147,0,41923.0
4148,0,41962.5
4149,0,42130.0
4150,0,42166.5
4151,0,42317.0
4152,0,42343.0
4153,0,42364.5
4154,0,42516.5
4155,0,42831.5
4156,0,42909.0
4157,0,43004.5
4158,0,43030.5
4159,0,43175.5
4160,0,43232.0
4161,0,43266.5
4162,0,43364.0
4163,0,43389.0
4164,0,43793.5
4165,0,43995.0
4166,0,44011.0
4167,0,44104.0
4168,0,44201.0
4169,0,44359.5
4170,0,44567.5
4171,0,44581.0
4172,0,44647.5
4173,0,44655.5
4174,0,44750.0
4175,0,44886.0
4176,0,45040.0
4177,0,45231.5
4178,0,45264.0
4179,0,45410.0
4180,0,45417.5
4181,0,45516.0
4182,0,45656.0
4183,0,45669.0
4184,0,45873.0
4185,0,45906.5
4186,0,46026.5
4187,0,46592.0
4188,0,46629.5
4189,0,46652.0
4190,0,46961.0
4191,0,47002.0
4192,0,47003.0
4193,0,47067.0
4194,0,47326.0
4195,0,47388.0
4196,0,47617.5
4197,0,47764.5
4198,0,47764.5
4199,0,47773.0
4200,0,47836.5
4201,0,47943.0
4202,0,48683.0
4203,0,48935.0
4204,0,48938.0
4205,0,49585.5
4206,0,49612.5
4207,0,49738.5
4208,0,49764.0
4209,0,49943.0
4210,0,50009.5
4211,0,50366.0
4212,0,51024.5
4213,0,51311.5
4214,0,51729.0
4215,0,52227.5
4216,0,52282.0
4217,0,52374.0
4218,0,52677.5
4219,0,52773.0
4220,0,53050.5
4221,0,53609.5
4222,0,53789.0
4223,0,54407.5
4224,0,55674.0
4225,0,55786.0
4226,0,55899.5
4227,0,56740.5
4228,0,57892.0
4229,0,58199.5
4230,0,58426.5
4231,0,58625.5
4232,0,59274.0
4233,0,60011.0
4234,0,60569.5
4235,0,60775.0
4236,0,61057.5
4237,0,61462.5
4238,0,61794.5
4239,0,62004.5
4240,0,62075.5
4241,0,62994.5
4242,0,63672.5
4243,0,63917.0
4244,0,64039.5
4245,0,64306.5
4246,0,64424.5
4247,0,65581.5
4248,0,68068.0
4249,0,68270.5
4250,0,68558.5
4251,0,68662.5
4252,0,69160.5
4253,0,69239.5
4254,0,69314.0
4255,0,70578.5
4256,0,70587.5
4257,0,70616.5
4258,0,71033.0
4259,0,75377.0
4260,0,78492.5
4261,0,80905.5
4262,0,83769.0
4263,0,83810.5
4264,0,83810.5
4265,0,83810.5
4266,0,83810.5
