,ALP.B,ALT.B,AST.B,TBL.B,ALP.M,ALT.M,AST.M,TBL.M,dose
1,80,13,14,12.654,87,22,22,23.085,0
2,37,15,16,6.498,37,25,23,8.037,0
3,52,10,13,4.788,55,10,13,6.498,0
4,36,13,13,6.84,35,11,12,8.037,0
5,39,18,12,14.364,37,21,15,16.758,0
6,48,8,13,6.156,50,8,13,5.985,0
7,71,12,18,9.063,74,10,15,7.524,0
8,81,13,16,10.773,89,17,13,7.866,0
9,77,18,19,7.353,83,21,22,8.379,0
10,38,13,14,7.182,36,16,17,7.866,0
11,56,10,15,7.866,58,13,18,8.208,0
12,33,28,21,8.721,32,27,27,13.338,0
13,64,10,15,13.338,78,14,16,15.732,0
14,70,13,13,7.866,78,18,15,8.208,0
15,43,12,12,11.628,43,13,13,14.706,0
16,45,28,16,10.089,51,41,23,15.39,0
17,59,15,23,5.301,60,14,22,7.866,0
18,42,7,12,9.918,47,8,12,7.353,0
19,59,11,14,7.353,50,13,13,9.918,0
20,45,13,12,7.182,51,14,15,7.866,0
21,47,13,12,8.892,54,18,18,8.208,0
22,53,11,12,10.602,52,16,12,10.602,0
23,39,17,15,8.721,43,16,13,10.26,0
24,99,15,15,7.353,105,16,16,6.498,0
25,57,19,19,8.721,58,29,23,10.26,0
26,44,11,14,6.327,44,14,15,7.011,0
27,87,22,18,10.773,95,26,22,9.918,0
28,68,17,15,10.773,69,17,15,16.416,0
29,74,7,13,6.669,82,6,12,6.156,0
30,49,15,12,16.416,46,14,12,17.271,0
31,51,9,14,15.732,55,13,18,14.364,0
32,67,23,21,6.669,66,16,19,10.089,0
33,54,10,12,6.156,62,16,14,6.84,0
34,59,16,26,11.628,58,16,17,12.654,0
35,74,16,13,7.182,81,13,13,8.892,0
36,34,11,17,6.156,31,15,17,7.524,0
37,47,10,13,10.602,46,9,10,11.799,0
38,49,12,14,5.985,49,10,13,6.84,0
39,45,13,19,11.457,51,16,29,9.576,0
40,51,12,12,6.669,49,17,17,12.312,0
41,64,9,16,5.643,68,8,15,7.011,0
42,61,17,18,9.063,58,18,22,16.416,0
43,94,53,28,14.535,99,54,33,11.286,0
44,73,9,11,6.327,83,11,14,4.788,0
45,56,19,14,10.089,56,17,13,10.089,0
46,99,11,21,6.498,93,14,25,9.576,0
47,63,15,18,6.669,59,12,15,4.788,0
48,41,15,14,7.695,49,15,14,5.472,0
49,48,18,18,9.918,49,12,12,6.498,0
50,57,10,12,7.524,52,9,11,7.866,0
51,64,21,16,8.892,62,36,18,7.011,0
52,79,20,17,8.55,87,30,19,12.141,0
53,50,8,12,9.576,50,10,15,6.156,0
54,54,6,13,6.84,63,7,12,7.695,0
55,62,21,18,6.498,61,16,18,5.301,0
56,55,11,11,7.353,56,10,9,4.617,0
57,59,16,17,7.524,63,18,18,6.84,0
58,38,11,15,6.669,43,10,13,4.617,0
59,44,7,13,9.576,46,9,13,11.286,0
60,71,24,16,5.985,71,39,29,8.037,0
61,67,15,11,8.208,67,24,19,11.286,0
62,83,15,18,8.721,87,15,16,9.405,0
63,62,11,11,5.301,66,13,16,5.814,0
64,52,31,21,9.918,52,40,27,12.483,0
65,61,16,12,9.747,68,18,15,9.405,0
66,69,17,15,5.985,88,13,14,5.472,0
67,44,12,20,9.918,50,18,26,10.602,0
68,47,15,18,11.115,54,22,25,12.483,0
69,45,19,15,12.996,43,23,17,14.193,0
70,44,14,15,10.944,51,36,37,8.892,0
71,57,21,15,9.576,62,24,15,10.944,0
72,57,11,17,5.814,57,17,24,6.84,0
73,36,13,17,9.234,33,16,19,14.877,0
74,84,13,15,6.327,79,13,17,7.695,0
75,65,21,18,5.301,63,24,16,4.788,0
76,43,7,16,12.654,43,8,18,12.141,0
77,63,21,17,7.695,58,17,17,6.84,0
78,49,18,17,8.721,44,22,21,8.892,0
79,70,8,12,8.55,74,9,13,9.576,0
80,29,12,14,9.576,32,14,12,7.182,0
81,43,6,16,19.323,44,8,15,10.944,0
82,79,15,21,5.985,79,22,30,5.985,0
83,70,18,14,7.524,84,19,15,6.327,0
84,52,14,18,6.498,50,14,18,7.695,0
85,70,12,16,10.089,83,17,20,8.721,0
86,36,19,23,9.576,40,17,19,8.379,0
87,41,15,14,8.037,44,11,13,7.353,0
88,61,11,15,12.483,66,14,19,16.929,0
89,93,27,21,15.732,101,18,16,13.851,0
90,54,11,14,11.115,50,9,12,14.706,0
91,55,11,15,9.234,59,11,16,10.773,0
92,34,20,17,11.97,34,13,21,8.55,0
93,62,17,16,9.747,66,26,22,10.602,0
94,29,14,14,9.576,34,24,19,12.141,0
95,95,20,18,12.825,97,16,19,13.68,0
96,50,18,23,8.721,48,22,27,12.312,0
97,52,17,17,6.156,63,20,19,7.011,0
98,36,14,13,6.156,39,21,19,8.037,0
99,54,26,19,7.011,55,40,27,7.353,0
100,64,7,17,7.353,66,7,14,7.011,0
101,99,15,11,12.141,95,15,13,13.509,0
102,76,18,18,14.877,70,24,24,21.717,0
103,70,21,20,12.312,82,25,22,8.379,0
104,65,17,17,14.364,63,15,16,11.457,0
105,43,19,20,11.115,40,23,21,11.115,0
106,53,19,14,8.208,56,22,17,10.944,0
107,68,31,25,9.576,69,32,21,9.918,0
108,44,18,16,7.182,54,19,14,7.353,0
109,54,8,12,7.866,53,12,15,9.234,0
110,61,14,18,8.208,59,13,17,9.063,0
111,35,14,11,7.353,35,29,21,10.089,0
112,42,17,12,6.327,46,17,12,7.695,0
113,70,17,18,7.695,75,16,18,6.156,0
114,74,14,19,10.944,80,17,18,5.985,0
115,36,27,31,8.55,39,25,32,16.245,0
116,51,13,18,5.643,52,14,17,6.84,0
117,37,13,15,14.364,36,17,16,9.405,0
118,33,11,14,6.84,34,15,15,8.037,0
119,32,7,12,8.037,35,12,17,7.866,0
120,46,10,17,10.431,47,13,18,8.721,0
121,34,10,16,4.275,35,9,16,5.13,0
122,37,10,16,8.037,43,20,25,7.524,0
123,67,12,13,7.182,72,16,13,8.55,0
124,74,11,18,9.405,75,12,18,11.799,0
125,38,12,13,7.182,42,13,14,7.011,0
126,65,16,18,8.721,67,8,13,7.182,0
127,50,12,13,10.944,63,18,23,7.011,0
128,40,30,26,11.799,43,32,20,11.115,0
129,36,13,14,6.156,42,11,12,6.84,0
130,72,10,11,6.156,75,8,9,7.182,0
131,52,19,18,10.944,56,15,18,12.825,0
132,71,10,13,8.721,86,14,15,5.472,0
133,65,13,17,8.721,74,16,18,8.208,0
134,65,18,14,8.55,72,13,14,11.286,0
135,41,26,19,10.602,42,24,24,13.338,0
136,81,9,13,8.721,82,12,15,12.654,0
137,42,29,31,21.888,48,29,23,23.085,0
138,51,31,21,14.706,57,32,19,16.587,0
139,54,16,15,6.669,53,20,17,8.892,0
140,80,18,23,5.472,92,11,19,6.156,0
141,51,21,20,10.089,60,19,19,12.312,0
142,47,13,20,9.234,48,14,21,6.498,0
143,69,12,18,11.457,78,25,22,11.799,0
144,46,11,13,8.55,48,15,19,10.773,0
145,40,16,13,4.104,42,10,12,3.249,0
146,107,19,24,5.472,101,19,27,8.379,0
147,65,16,15,7.866,66,14,17,5.472,0
148,65,21,16,8.037,62,16,19,8.208,0
149,34,8,14,8.379,35,8,16,9.405,0
150,48,17,16,9.234,51,15,13,7.866,0
151,86,14,17,8.208,99,17,19,7.866,0
152,49,16,27,8.208,63,15,24,7.524,0
153,78,31,25,10.431,78,31,26,8.892,1
154,49,12,17,8.208,58,27,28,8.379,1
155,64,10,14,8.208,66,12,16,7.524,1
156,71,12,14,5.643,64,11,12,5.814,1
157,65,19,18,11.457,67,21,19,17.442,1
158,61,15,20,9.405,67,23,29,11.457,1
159,50,9,13,7.695,50,11,13,10.089,1
160,50,13,19,9.918,48,19,27,9.747,1
161,54,20,18,12.654,50,26,19,13.338,1
162,46,21,18,8.892,56,23,19,17.1,1
163,48,10,12,8.721,50,13,15,9.234,1
164,57,17,14,11.97,59,18,17,10.773,1
165,65,12,15,9.747,72,16,17,10.602,1
166,64,18,18,8.037,76,17,16,8.037,1
167,37,18,13,16.587,38,21,19,14.193,1
168,62,17,15,11.97,63,15,13,13.68,1
169,32,14,22,7.524,39,18,21,8.55,1
170,85,18,15,6.156,85,18,17,5.814,1
171,51,30,19,12.483,47,50,27,14.364,1
172,53,14,14,7.695,54,15,14,8.379,1
173,43,11,17,11.628,48,13,17,14.535,1
174,53,12,18,5.643,50,12,17,7.011,1
175,49,23,15,8.892,64,20,18,8.892,1
176,54,19,17,10.602,55,16,18,11.628,1
177,54,21,15,8.379,66,37,28,14.022,1
178,50,25,23,9.918,59,45,33,11.97,1
179,50,12,17,16.929,50,20,18,20.52,1
180,62,29,24,12.141,65,39,35,8.55,1
181,47,19,19,5.985,56,29,21,7.866,1
182,43,9,13,13.338,44,8,14,9.918,1
183,35,10,12,7.695,45,43,35,8.037,1
184,45,8,15,4.617,50,8,15,4.275,1
185,43,16,14,16.587,42,17,13,14.022,1
186,42,20,23,10.431,46,20,19,9.063,1
187,61,12,17,10.431,72,16,21,12.141,1
188,58,12,14,5.472,63,14,13,6.669,1
189,71,8,13,20.007,77,7,12,23.256,1
190,32,7,11,10.431,36,10,13,13.338,1
191,54,24,19,7.011,53,13,13,5.643,1
192,49,13,14,9.405,60,36,31,8.55,1
193,45,11,17,11.115,49,11,13,11.115,1
194,58,18,31,10.089,64,22,29,10.089,1
195,64,13,12,8.379,72,21,15,9.063,1
196,45,21,21,9.918,47,19,20,6.498,1
197,67,10,13,15.048,70,19,18,14.364,1
198,63,15,14,6.669,59,20,16,8.55,1
199,62,13,15,7.524,63,15,17,7.011,1
200,35,11,21,13.167,37,15,16,12.141,1
201,60,14,16,4.104,70,13,14,3.42,1
202,39,12,16,9.747,36,16,20,11.115,1
203,57,18,16,10.431,71,12,16,14.193,1
204,53,11,22,14.022,60,14,19,25.992,1
205,29,6,11,8.55,31,7,14,10.431,1
206,75,20,15,7.353,83,26,19,9.405,1
207,71,17,16,10.602,82,22,16,13.68,1
208,59,13,14,16.074,63,17,19,15.561,1
209,56,10,17,10.431,53,17,17,8.208,1
210,54,14,17,9.918,59,14,18,14.364,1
211,37,10,13,10.089,40,14,14,9.747,1
212,30,9,15,9.234,34,12,16,8.55,1
213,35,44,28,9.576,41,32,23,10.26,1
214,73,14,13,8.721,80,17,18,7.866,1
215,60,37,19,7.524,71,63,29,9.234,1
216,41,16,17,12.483,44,16,18,15.39,1
217,50,11,13,12.312,50,13,13,15.048,1
218,64,13,14,7.524,63,10,9,8.208,1
219,52,198,104,7.866,60,30,24,9.747,1
220,99,15,20,9.234,109,17,21,5.985,1
221,56,13,12,13.68,67,16,15,10.773,1
222,66,10,17,10.431,68,11,18,10.431,1
223,71,18,16,9.234,75,16,14,6.84,1
224,46,10,15,8.037,45,16,17,7.011,1
225,48,11,14,8.379,65,10,12,7.353,1
226,44,10,10,5.472,43,12,12,4.446,1
227,71,20,18,5.13,71,22,20,11.799,1
228,83,29,17,9.747,179,78,56,12.483,1
229,56,10,20,4.959,59,16,28,7.011,1
230,65,25,20,7.524,66,27,19,8.037,1
231,64,34,26,8.55,77,32,25,7.182,1
232,57,16,19,7.524,58,18,19,6.327,1
233,29,25,19,10.944,32,33,23,15.048,1
234,49,9,16,8.037,51,10,15,9.918,1
235,48,9,13,7.353,53,11,15,8.892,1
236,46,24,18,12.141,52,42,21,11.97,1
237,45,17,21,23.598,45,13,17,21.033,1
238,63,15,23,24.111,68,14,16,18.297,1
239,46,11,16,10.431,52,11,13,14.877,1
240,72,10,19,7.353,74,11,21,8.892,1
241,34,12,12,8.721,37,16,19,8.892,1
242,77,16,16,7.524,78,12,15,8.721,1
243,66,11,14,4.959,1,2,13,7.524,1
244,65,14,19,10.773,66,22,26,10.089,1
245,60,16,16,10.26,62,16,17,11.97,1
246,44,10,9,7.011,49,11,10,8.55,1
247,59,16,18,6.84,53,16,14,10.602,1
248,62,12,13,8.892,65,19,15,12.996,1
249,27,10,16,4.617,27,12,20,3.762,1
250,49,10,16,7.182,47,7,12,7.524,1
251,43,11,16,12.141,46,13,17,11.457,1
252,55,12,11,7.353,70,13,13,4.959,1
253,71,4,7,8.892,66,10,11,8.379,1
254,87,12,11,7.695,95,16,12,7.011,1
255,45,9,13,6.156,50,10,13,8.208,1
256,52,27,21,9.576,46,22,23,15.048,1
257,40,18,17,7.011,40,24,21,9.063,1
258,74,14,16,12.825,83,11,16,7.182,1
259,53,16,17,9.405,47,13,15,14.193,1
260,94,11,14,11.628,106,11,14,14.706,1
261,88,25,18,6.327,95,16,15,8.379,1
262,15,5,11,9.576,14,10,19,9.234,1
263,59,11,10,7.695,83,13,15,14.364,1
264,47,8,18,8.892,34,7,19,10.602,1
265,58,25,17,9.234,66,30,17,8.55,1
266,44,10,11,17.613,50,18,12,8.208,1
267,65,16,13,6.156,58,14,13,6.669,1
268,62,7,7,5.301,48,8,7,4.275,1
269,69,12,12,7.182,63,18,17,8.721,1
270,55,17,21,25.65,49,19,19,25.137,1
271,48,13,14,11.115,53,17,15,11.286,1
272,43,14,14,7.524,50,14,15,8.892,1
273,39,15,14,8.037,48,16,13,9.576,1
274,61,10,16,6.156,47,6,10,5.301,1
275,52,9,12,13.509,54,16,15,13.338,1
276,51,17,20,17.442,58,19,21,20.178,1
277,50,29,21,15.219,51,37,23,16.245,1
278,62,21,20,9.576,61,17,18,16.929,1
279,49,10,14,7.011,50,12,13,7.695,1
280,45,17,15,7.353,48,27,20,7.695,1
281,62,9,14,8.379,63,10,15,10.431,1
282,50,14,15,6.498,43,12,17,9.918,1
283,52,10,13,13.509,55,10,15,16.929,1
284,51,7,12,4.104,63,7,10,5.643,1
285,45,13,15,4.788,42,16,17,5.643,1
286,78,12,19,7.866,84,14,22,5.814,1
287,37,7,12,11.115,48,11,15,20.862,1
288,38,14,15,10.089,53,12,15,11.97,1
289,35,11,13,17.613,38,17,16,15.219,1
290,62,16,14,6.327,58,12,13,7.695,1
291,52,24,16,5.643,59,31,19,6.156,1
292,49,16,16,11.457,53,35,28,10.26,1
293,46,11,12,9.918,49,11,14,14.877,1
294,54,11,13,7.353,55,13,14,8.379,1
295,34,13,14,10.26,35,14,14,8.55,1
296,62,6,5,6.156,71,11,6,5.985,1
297,87,16,17,12.996,87,16,14,9.747,1
298,44,10,15,6.84,49,9,15,8.892,1
299,55,8,14,4.275,59,10,15,7.011,1
300,46,24,25,13.167,44,39,29,12.825,1
301,45,10,13,16.758,47,13,16,28.728,2
302,42,13,13,15.561,51,26,19,10.602,2
303,56,21,15,9.918,56,22,17,4.959,2
304,54,7,15,11.115,50,8,14,15.903,2
305,38,16,17,12.483,50,19,22,16.587,2
306,49,26,17,12.312,54,24,20,13.338,2
307,55,9,14,9.576,61,16,17,8.379,2
308,52,10,14,7.524,53,17,17,8.55,2
309,81,13,13,7.695,76,11,13,8.55,2
310,47,12,13,6.156,51,18,18,7.524,2
311,66,10,12,5.472,71,13,17,12.654,2
312,27,8,12,6.327,35,7,12,9.063,2
313,51,15,20,6.327,64,15,20,6.327,2
314,55,19,20,13.68,54,19,18,17.613,2
315,54,11,15,12.654,54,14,15,14.364,2
316,85,14,15,8.379,104,21,18,15.048,2
317,68,12,16,7.866,74,12,14,7.182,2
318,83,13,17,6.669,81,12,15,6.327,2
319,57,16,21,12.312,56,32,27,15.903,2
320,51,16,17,10.944,63,23,25,14.877,2
321,61,23,19,5.13,56,19,19,7.182,2
322,43,10,10,11.286,53,13,12,14.535,2
323,69,31,18,16.587,74,31,16,4.959,2
324,39,25,21,10.602,42,36,22,14.364,2
325,63,13,12,7.182,66,19,17,11.457,2
326,72,6,14,6.84,65,6,13,4.275,2
327,38,15,14,7.011,38,18,19,5.814,2
328,69,13,11,11.457,61,22,19,8.037,2
329,68,13,12,7.353,77,19,15,7.353,2
330,61,15,16,5.985,79,20,21,8.208,2
331,76,19,11,6.498,77,20,11,8.892,2
332,46,15,15,5.985,54,23,18,7.866,2
333,50,13,18,6.327,59,11,15,7.011,2
334,56,16,11,7.011,59,21,13,8.037,2
335,58,11,13,24.111,80,12,13,42.75,2
336,54,13,16,10.602,61,18,16,11.628,2
337,43,8,10,7.866,69,20,19,8.721,2
338,48,27,14,9.747,71,32,18,9.747,2
339,82,16,16,7.011,75,21,18,11.115,2
340,46,14,14,4.617,53,16,18,5.985,2
341,71,11,15,6.498,82,15,20,5.985,2
342,43,9,15,8.721,46,15,21,7.011,2
343,54,16,14,8.379,54,22,19,9.405,2
344,58,12,17,6.156,59,14,17,8.721,2
345,66,13,13,5.643,70,10,12,7.182,2
346,36,16,14,10.602,40,25,17,13.851,2
347,47,34,19,9.918,62,66,33,15.39,2
348,30,22,15,12.996,29,33,21,11.799,2
349,69,10,21,8.037,65,19,27,9.234,2
350,47,28,20,7.524,53,26,18,9.063,2
351,47,14,13,7.866,51,24,21,8.721,2
352,82,15,17,14.364,92,41,20,20.349,2
353,40,17,20,9.063,45,15,20,9.747,2
354,66,54,53,9.918,73,25,25,7.353,2
355,74,15,18,8.037,82,12,14,13.338,2
356,48,8,12,14.193,56,11,12,13.167,2
357,78,8,14,8.037,90,9,13,6.84,2
358,52,25,13,7.866,58,29,12,7.353,2
359,36,15,16,14.364,39,22,19,14.706,2
360,68,10,11,5.985,74,14,14,7.011,2
361,70,18,16,8.721,68,19,18,8.037,2
362,34,21,20,15.561,38,33,28,10.26,2
363,55,7,11,6.669,67,9,13,5.814,2
364,61,12,14,8.892,59,16,18,8.892,2
365,49,14,14,10.26,46,17,18,16.758,2
366,39,16,23,11.286,45,21,22,9.234,2
367,54,10,15,11.457,57,11,17,10.26,2
368,51,9,13,6.156,61,11,12,6.156,2
369,41,17,18,8.379,44,21,19,10.602,2
370,51,9,13,8.037,130,36,17,8.721,2
371,53,16,20,9.234,54,25,28,12.141,2
372,47,10,12,9.576,49,8,12,9.063,2
373,54,18,14,11.115,56,24,18,15.048,2
374,36,15,21,11.115,37,26,28,7.182,2
375,52,11,13,9.576,58,9,13,10.089,2
376,52,12,12,7.524,47,18,15,13.167,2
377,53,15,15,9.234,53,17,16,6.84,2
378,46,16,17,7.182,44,18,14,8.721,2
379,33,11,14,11.97,35,15,19,10.944,2
380,68,40,24,9.063,72,48,51,10.089,2
381,65,24,20,7.011,64,32,21,7.011,2
382,68,21,19,5.814,71,27,23,9.918,2
383,62,12,13,15.903,61,13,16,18.297,2
384,55,30,18,8.379,57,25,19,8.208,2
385,41,14,18,6.498,43,24,25,5.643,2
386,73,15,14,7.695,80,36,22,11.457,2
387,56,31,21,9.747,67,38,21,16.245,2
388,37,7,14,10.089,41,11,16,8.208,2
389,66,15,15,8.892,86,19,16,9.405,2
390,47,22,21,9.747,48,34,26,7.182,2
391,57,20,15,6.156,83,71,44,8.037,2
392,63,8,10,7.524,80,17,19,10.602,2
393,36,20,17,11.97,39,22,18,12.825,2
394,38,11,14,10.602,43,11,14,9.576,2
395,41,7,11,10.602,47,8,10,11.286,2
396,47,16,16,9.576,59,32,21,10.602,2
397,57,9,17,5.643,68,10,13,6.327,2
398,71,19,16,5.301,77,19,16,8.037,2
399,36,8,12,2.736,39,9,12,5.301,2
400,56,17,14,9.405,66,21,10,11.97,2
401,105,14,19,14.022,164,19,19,17.784,2
402,46,8,18,7.011,51,17,22,5.985,2
403,66,9,15,7.182,71,10,15,5.301,2
404,58,15,25,7.695,52,14,15,8.721,2
405,61,11,14,17.442,65,16,14,14.022,2
406,47,10,15,17.613,61,9,12,22.914,2
407,57,9,12,11.628,56,13,15,11.799,2
408,61,16,12,6.498,69,13,10,13.68,2
409,76,15,14,8.55,81,17,15,7.524,2
410,80,16,15,4.959,91,17,16,7.866,2
411,49,11,14,8.721,56,16,17,9.405,2
412,59,11,15,7.182,64,37,31,8.892,2
413,41,10,12,5.814,59,16,17,7.524,2
414,50,14,12,5.985,55,8,12,6.498,2
415,58,11,13,7.353,68,14,17,9.405,2
416,51,22,18,18.126,48,18,17,20.007,2
417,37,14,15,16.416,37,8,14,18.468,2
418,45,12,21,23.256,41,13,22,37.791,2
419,74,21,18,10.773,83,20,15,12.825,2
420,63,8,15,8.892,77,10,18,13.167,2
421,86,6,9,4.959,100,6,10,6.498,2
422,36,5,8,8.379,36,8,10,6.327,2
423,68,15,15,4.959,64,15,15,8.037,2
424,81,24,26,8.379,110,44,30,8.892,2
425,68,15,14,5.643,79,17,16,9.747,2
426,55,20,18,9.405,63,23,19,11.115,2
427,29,6,11,5.814,33,6,14,6.669,2
428,43,16,15,9.405,50,22,19,9.063,2
429,46,14,19,12.141,51,17,21,10.944,2
430,86,15,17,5.814,84,25,22,6.84,2
431,23,10,15,5.301,22,13,17,5.814,2
432,42,37,21,9.063,45,40,23,13.338,2
433,60,17,16,7.182,71,25,20,7.353,2
434,71,10,11,12.312,71,16,19,11.115,2
435,59,13,15,9.576,65,11,13,10.773,2
436,49,9,11,10.089,58,9,13,12.483,2
437,52,11,22,6.498,54,14,18,5.814,2
438,35,16,13,13.338,36,14,13,15.903,2
439,49,25,13,10.773,55,40,21,9.918,2
440,72,25,17,8.208,83,38,22,12.996,2
441,51,25,16,10.944,50,30,17,11.457,2
442,39,8,12,10.089,50,15,14,15.903,2
443,47,17,13,12.141,52,25,21,13.851,2
444,74,19,15,11.628,104,17,12,15.219,2
445,53,9,14,10.602,50,11,15,10.26,2
446,64,11,19,8.379,60,13,21,8.892,2
447,41,10,11,4.959,44,14,12,5.985,2
448,43,30,34,11.799,62,25,27,9.063,2
449,35,13,14,8.721,41,17,12,14.364,3
450,49,26,18,10.944,69,38,24,17.613,3
451,36,12,15,12.654,43,16,18,16.587,3
452,33,9,11,8.55,53,11,14,11.115,3
453,42,19,16,13.509,57,24,23,16.074,3
454,59,12,16,10.089,84,17,17,12.996,3
455,61,15,14,7.353,74,14,14,7.353,3
456,49,14,13,8.55,52,13,13,9.063,3
457,35,11,12,20.862,65,13,15,16.074,3
458,38,15,15,10.431,51,44,30,14.535,3
459,30,22,18,4.617,33,17,17,7.353,3
460,58,18,15,12.141,69,20,18,14.022,3
461,59,22,22,9.405,71,31,29,9.234,3
462,34,15,20,8.379,35,20,19,7.524,3
463,50,8,14,7.182,49,14,13,9.234,3
464,54,17,20,10.431,59,33,27,10.26,3
465,35,27,16,20.349,32,29,21,17.442,3
466,42,11,15,11.628,47,15,19,8.892,3
467,50,13,17,9.063,65,38,21,11.115,3
468,74,9,15,6.498,83,7,12,10.26,3
469,55,29,21,9.405,56,23,21,12.141,3
470,53,26,25,8.037,52,21,23,12.141,3
471,77,19,20,9.063,89,31,25,13.167,3
472,53,19,15,8.55,65,25,17,11.457,3
473,54,18,20,24.111,62,25,25,21.546,3
474,38,21,20,9.918,39,22,17,10.089,3
475,61,10,12,8.037,73,16,15,7.866,3
476,48,16,14,7.182,56,20,19,10.602,3
477,62,17,17,11.115,78,29,19,17.613,3
478,60,19,17,19.152,74,27,19,19.323,3
479,54,21,16,17.955,54,39,25,23.427,3
480,56,16,25,7.353,66,21,25,9.405,3
481,78,13,19,7.182,115,36,31,9.234,3
482,71,9,15,5.985,105,12,20,9.747,3
483,67,23,16,6.498,146,324,250,6.84,3
484,117,19,16,10.089,136,29,16,11.115,3
485,47,13,16,9.405,51,19,19,9.063,3
486,61,11,12,16.587,67,19,15,12.996,3
487,54,11,20,5.985,53,16,19,6.669,3
488,58,11,18,7.524,60,16,22,14.193,3
489,45,19,18,11.97,49,42,29,11.799,3
490,55,21,20,22.743,56,31,25,35.568,3
491,66,15,17,13.338,71,28,35,12.654,3
492,67,13,12,8.892,66,16,11,11.286,3
493,50,21,18,6.669,70,27,19,12.312,3
494,35,15,18,6.84,56,19,21,10.26,3
495,28,18,14,11.97,34,17,16,15.048,3
496,48,9,13,10.773,52,25,22,15.048,3
497,48,22,17,16.074,48,19,15,14.364,3
498,70,32,18,10.431,110,101,43,10.431,3
499,42,13,14,12.483,47,11,15,11.115,3
500,43,25,19,17.442,52,28,18,16.587,3
501,32,18,18,7.011,44,25,27,9.918,3
502,73,15,19,4.617,76,16,19,9.405,3
503,78,15,15,13.338,82,28,22,16.929,3
504,45,8,13,6.669,51,11,13,9.063,3
505,42,15,16,10.431,53,16,16,6.498,3
506,53,11,21,6.327,55,10,19,9.063,3
507,57,6,27,6.84,69,11,22,8.379,3
508,32,31,19,13.167,41,38,26,13.509,3
509,44,17,9,6.498,49,18,13,6.156,3
510,51,13,16,22.914,245,277,154,29.754,3
511,43,18,16,11.286,43,24,21,19.323,3
512,102,11,15,4.446,119,11,19,4.275,3
513,55,34,26,6.327,58,33,25,8.55,3
514,66,11,16,7.182,125,90,70,13.338,3
515,46,9,16,8.721,48,9,15,10.26,3
516,99,9,16,3.249,96,12,18,4.275,3
517,52,15,15,12.654,59,47,30,14.877,3
518,47,13,17,9.234,47,22,21,11.286,3
519,39,6,15,13.338,47,7,18,11.115,3
520,45,10,10,9.063,62,28,18,8.208,3
521,49,12,14,7.011,50,22,21,11.115,3
522,71,22,21,7.866,81,21,18,7.866,3
523,48,9,13,5.814,59,9,11,5.472,3
524,44,29,30,13.338,47,28,31,15.561,3
525,47,12,15,8.379,53,16,16,14.535,3
526,90,10,15,16.587,159,45,38,19.323,3
527,69,34,18,10.602,74,32,18,8.037,3
528,72,14,17,11.799,77,22,21,14.364,3
529,46,22,17,9.405,53,39,24,9.918,3
530,71,15,12,5.472,72,14,15,7.524,3
531,37,15,17,7.353,43,22,22,13.167,3
532,41,9,10,6.327,57,21,19,7.353,3
533,63,10,14,15.732,76,9,13,16.245,3
534,42,20,16,12.825,47,29,20,14.535,3
535,47,26,19,14.022,1,18,29,14.022,3
536,52,13,14,6.669,59,21,19,7.011,3
537,42,9,12,6.84,45,10,15,7.524,3
538,47,12,15,18.81,55,25,19,15.048,3
539,50,15,16,7.695,51,22,19,9.063,3
540,48,24,20,11.286,50,22,16,11.286,3
541,41,19,16,8.892,50,21,15,11.457,3
542,64,38,21,7.524,78,28,19,9.405,3
543,44,12,11,10.089,47,16,14,11.286,3
544,56,20,15,6.669,73,35,24,6.327,3
545,49,14,19,6.327,53,22,23,7.695,3
546,38,18,17,10.431,50,44,23,6.498,3
547,59,9,17,6.84,66,11,15,6.84,3
548,51,10,10,12.996,59,18,16,27.36,3
549,80,13,17,13.167,107,41,35,15.048,3
550,55,9,13,8.379,67,11,12,10.26,3
551,50,13,17,16.245,56,19,19,12.483,3
552,76,11,17,10.089,90,22,22,19.494,3
553,69,18,15,12.483,71,19,15,12.483,3
554,49,15,19,9.576,54,28,26,9.747,3
555,47,9,12,6.156,54,13,19,7.182,3
556,83,12,18,7.695,81,14,18,9.234,3
557,55,14,20,6.498,68,23,26,8.55,3
558,51,19,20,10.089,57,15,17,9.576,3
559,41,24,18,8.892,44,30,20,9.234,3
560,67,22,19,6.156,77,16,15,9.063,3
561,123,22,21,7.353,341,196,113,9.063,3
562,42,12,17,8.55,45,15,19,7.695,3
563,69,9,11,5.13,90,27,23,5.472,3
564,68,18,14,14.535,71,21,15,16.929,3
565,79,11,13,7.695,97,19,20,17.784,3
566,45,21,33,7.011,55,10,13,8.55,3
567,76,13,14,7.353,163,27,23,8.037,3
568,43,25,18,12.996,47,24,16,11.286,3
569,49,25,17,9.576,54,38,20,13.851,3
570,55,20,25,5.13,55,17,23,4.446,3
571,46,32,22,14.877,49,48,26,13.68,3
572,50,11,10,12.825,64,11,11,13.851,3
573,77,9,12,17.1,108,30,23,20.007,3
574,47,8,12,4.788,63,10,16,8.037,3
575,40,17,19,9.918,38,24,21,17.1,3
576,49,7,11,6.669,58,11,13,10.431,3
577,31,15,10,6.84,38,16,10,8.55,3
578,61,17,19,8.379,65,16,19,10.602,3
579,46,8,12,7.695,53,14,14,10.602,3
580,53,14,14,10.26,54,11,12,12.141,3
581,41,12,16,10.944,53,20,27,11.115,3
582,40,27,22,4.617,46,37,24,5.472,3
583,58,9,12,7.353,59,8,12,10.089,3
584,90,10,13,6.669,77,15,16,12.312,3
585,38,14,13,12.141,38,36,20,18.81,3
586,43,9,16,13.338,101,36,27,16.929,3
587,92,18,20,7.695,113,16,18,8.379,3
588,34,22,22,6.669,39,31,29,7.524,3
589,43,19,15,27.531,49,17,17,39.843,3
590,37,35,17,12.141,34,36,21,21.033,3
591,43,12,13,4.959,53,14,14,5.814,3
592,44,10,12,6.498,61,18,19,11.628,3
593,75,19,20,3.933,77,36,35,3.933,3
594,129,19,17,5.985,85,22,16,7.695,3
595,41,16,14,6.327,49,16,13,16.416,3
596,56,13,14,7.011,62,21,18,11.799,3
597,40,15,16,8.55,43,20,17,8.721,3
598,71,11,12,6.669,64,13,13,6.669,3
599,38,17,18,9.747,45,37,27,7.524,3
600,64,9,10,7.182,65,9,12,6.84,3
601,46,10,17,13.167,53,11,15,16.245,3
602,52,22,21,7.353,59,43,27,10.089,3
603,57,11,15,5.472,91,21,23,7.695,3
604,55,11,14,7.866,67,23,18,7.695,3
605,50,15,18,11.286,66,28,25,15.048,3
606,61,14,14,6.84,72,11,12,9.576,3
