,142.24,144.78,147.32,149.86,152.4,154.94,157.48,160.02,162.56,165.1,167.64,170.18,172.72,175.26,177.8,180.34,182.88,185.42,187.96,190.5,193.04,195.58
9.4,0,0,0,0,0,0,0,0,0,0,0,0,0,0,0,0,0,0,0,0,0,0
9.5,0,0,0,0,0,1,0,0,0,0,0,0,0,0,0,0,0,0,0,0,0,0
9.6,0,0,0,0,0,0,0,0,0,0,0,0,0,0,0,0,0,0,0,0,0,0
9.7,0,0,0,0,0,0,0,0,0,0,0,0,0,0,0,0,0,0,0,0,0,0
9.8,0,0,0,0,0,0,1,0,0,0,0,0,0,0,0,0,0,0,0,0,0,0
9.9,0,0,1,0,1,0,1,0,0,0,0,0,0,0,0,0,0,0,0,0,0,0
10.0,1,0,0,1,2,0,2,0,0,1,0,0,0,0,0,0,0,0,0,0,0,0
10.1,0,0,0,1,3,1,0,1,1,0,0,0,0,0,0,0,0,0,0,0,0,0
10.2,0,0,2,2,2,1,0,2,0,1,0,0,0,0,0,0,0,0,0,0,0,0
10.3,0,1,1,3,2,2,3,5,0,0,0,0,0,0,0,0,0,0,0,0,0,0
10.4,0,0,1,1,2,3,3,4,3,3,0,0,0,0,0,0,0,0,0,0,0,0
10.5,0,0,0,1,3,7,6,4,3,1,3,1,0,1,0,0,0,0,0,0,0,0
10.6,0,0,0,1,4,5,9,14,6,3,1,0,0,1,0,0,0,0,0,0,0,0
10.7,0,0,1,2,4,9,14,16,15,7,3,1,2,0,0,0,0,0,0,0,0,0
10.8,0,0,0,2,5,6,14,27,10,7,1,2,1,0,0,0,0,0,0,0,0,0
10.9,0,0,0,0,2,6,14,24,27,14,10,4,1,0,0,0,0,0,0,0,0,0
11.0,0,0,0,2,6,12,15,31,37,27,17,10,6,0,0,0,0,0,0,0,0,0
11.1,0,0,0,3,3,12,22,26,24,26,24,7,4,1,0,0,0,0,0,0,0,0
11.2,0,0,0,3,2,7,21,30,38,29,27,20,4,1,0,0,0,0,0,0,0,1
11.3,0,0,0,1,0,5,10,24,26,39,26,24,7,2,0,0,0,0,0,0,0,0
11.4,0,0,0,0,3,4,9,29,56,58,26,22,10,11,0,0,0,0,0,0,0,0
11.5,0,0,0,0,0,5,11,17,33,57,38,34,25,11,2,0,0,0,0,0,0,0
11.6,0,0,0,0,2,1,4,13,37,39,48,38,27,12,2,2,0,1,0,0,0,0
11.7,0,0,0,0,0,2,9,17,30,37,48,45,24,9,9,2,0,0,0,0,0,0
11.8,0,0,0,0,1,0,2,11,15,35,41,34,29,10,5,1,0,0,0,0,0,0
11.9,0,0,0,0,1,1,2,12,10,27,32,35,19,10,9,3,1,0,0,0,0,0
12.0,0,0,0,0,0,0,1,4,8,19,42,39,22,16,8,2,2,0,0,0,0,0
12.1,0,0,0,0,0,0,0,2,4,13,22,28,15,27,10,4,1,0,0,0,0,0
12.2,0,0,0,0,0,0,1,2,5,6,23,17,16,11,8,1,1,0,0,0,0,0
12.3,0,0,0,0,0,0,0,0,4,8,10,13,20,23,6,5,0,0,0,0,0,0
12.4,0,0,0,0,0,0,1,1,1,2,7,12,4,7,7,1,0,0,1,0,0,0
12.5,0,0,0,0,0,0,0,1,0,1,3,12,11,8,6,8,0,2,0,0,0,0
12.6,0,0,0,0,0,0,0,0,0,1,0,3,5,7,8,6,3,1,1,0,0,0
12.7,0,0,0,0,0,0,0,0,0,1,1,7,5,5,8,2,2,0,0,0,0,0
12.8,0,0,0,0,0,0,0,0,0,0,1,2,3,1,8,5,3,1,1,0,0,0
12.9,0,0,0,0,0,0,0,0,0,0,0,1,2,2,0,1,1,0,0,0,0,0
13.0,0,0,0,0,0,0,0,0,0,0,3,0,1,0,1,0,2,1,0,0,0,0
13.1,0,0,0,0,0,0,0,0,0,0,0,1,1,0,0,0,0,0,0,0,0,0
13.2,0,0,0,0,0,0,0,0,0,0,1,1,0,1,0,3,0,0,0,0,0,0
13.3,0,0,0,0,0,0,0,0,0,0,0,0,0,0,0,0,1,0,1,0,0,0
13.4,0,0,0,0,0,0,0,0,0,0,0,0,0,0,0,0,0,0,0,0,0,0
13.5,0,0,0,0,0,0,0,0,0,0,0,0,0,0,0,0,0,1,0,0,0,0
