,y,ap,hilo,week,ID,trt
1,1,1,0,0,0,2
2,1,1,0,2,0,2
3,1,1,0,4,0,2
4,1,1,0,11,0,2
5,1,0,0,0,1,1
6,1,0,0,2,1,1
7,0,0,0,6,1,1
8,1,0,0,11,1,1
9,1,0,1,0,2,0
10,1,0,1,2,2,0
11,1,0,1,4,2,0
12,1,0,1,6,2,0
13,1,0,1,11,2,0
14,1,1,1,0,3,2
15,1,1,1,2,3,2
16,1,1,1,4,3,2
17,1,1,1,6,3,2
18,1,1,1,11,3,2
19,1,1,1,0,4,2
20,1,1,1,2,4,2
21,1,1,1,4,4,2
22,1,1,1,6,4,2
23,1,1,1,11,4,2
24,1,0,1,0,5,0
25,1,0,1,2,5,0
26,1,0,1,4,5,0
27,1,0,1,11,5,0
28,1,0,0,0,6,1
29,0,0,0,2,6,1
30,0,0,0,4,6,1
31,0,0,0,6,6,1
32,1,0,0,11,6,1
33,0,1,0,0,7,2
34,1,1,0,2,7,2
35,1,1,0,4,7,2
36,1,1,0,6,7,2
37,1,1,0,11,7,2
38,1,1,1,0,8,2
39,1,1,1,2,8,2
40,1,1,1,4,8,2
41,1,1,1,6,8,2
42,1,1,1,11,8,2
43,1,0,0,0,9,1
44,1,0,0,6,9,1
45,1,1,0,0,10,2
46,1,1,0,2,10,2
47,1,1,0,4,10,2
48,1,1,0,6,10,2
49,1,1,0,11,10,2
50,1,0,1,0,11,0
51,0,0,1,2,11,0
52,0,0,1,4,11,0
53,1,0,1,6,11,0
54,1,0,1,11,11,0
55,1,1,0,0,12,2
56,1,1,0,2,12,2
57,1,1,0,4,12,2
58,1,1,0,6,12,2
59,1,1,0,11,12,2
60,1,1,1,0,13,2
61,1,1,1,2,13,2
62,0,1,1,4,13,2
63,1,0,1,0,14,0
64,1,0,1,2,14,0
65,1,0,1,4,14,0
66,1,0,1,6,14,0
67,1,0,1,11,14,0
68,1,0,0,0,15,1
69,1,0,0,2,15,1
70,0,0,0,4,15,1
71,1,0,0,6,15,1
72,1,0,0,11,15,1
73,1,1,0,0,16,2
74,1,1,0,2,16,2
75,1,1,0,4,16,2
76,0,1,0,6,16,2
77,1,1,0,11,16,2
78,1,0,1,0,17,0
79,1,0,1,2,17,0
80,0,0,1,4,17,0
81,0,0,1,6,17,0
82,0,0,1,11,17,0
83,1,1,1,0,18,2
84,1,1,1,2,18,2
85,0,1,1,4,18,2
86,1,1,1,6,18,2
87,0,1,1,11,18,2
88,1,0,0,0,19,1
89,1,0,0,2,19,1
90,1,0,0,4,19,1
91,1,0,0,11,19,1
92,1,1,0,0,20,2
93,1,1,0,2,20,2
94,1,1,0,4,20,2
95,1,1,0,6,20,2
96,1,1,0,11,20,2
97,1,1,0,0,21,2
98,1,1,0,2,21,2
99,1,1,0,4,21,2
100,1,1,0,6,21,2
101,1,1,0,11,21,2
102,0,1,1,0,22,2
103,1,1,1,2,22,2
104,0,1,1,4,22,2
105,1,1,1,6,22,2
106,0,1,1,11,22,2
107,1,0,0,0,23,1
108,1,0,0,2,23,1
109,1,0,0,4,23,1
110,0,0,0,6,23,1
111,0,0,0,11,23,1
112,0,0,1,0,24,0
113,1,0,1,2,24,0
114,0,0,1,4,24,0
115,0,0,1,11,24,0
116,1,1,0,0,25,2
117,0,1,0,2,25,2
118,0,1,0,11,25,2
119,1,1,1,0,26,2
120,1,1,1,2,26,2
121,1,1,1,6,26,2
122,1,1,1,11,26,2
123,1,0,1,0,27,0
124,1,0,1,2,27,0
125,1,0,1,4,27,0
126,0,0,1,6,27,0
127,0,0,1,11,27,0
128,1,0,0,0,28,1
129,1,0,0,4,28,1
130,1,0,0,6,28,1
131,0,0,0,11,28,1
132,1,1,1,0,29,2
133,1,1,1,4,29,2
134,1,1,1,6,29,2
135,1,1,1,11,29,2
136,1,0,1,0,30,0
137,1,0,1,2,30,0
138,0,0,1,4,30,0
139,1,0,1,6,30,0
140,1,0,1,11,30,0
141,1,1,0,0,31,2
142,1,1,0,2,31,2
143,1,1,0,4,31,2
144,1,1,0,6,31,2
145,1,1,0,11,31,2
146,1,0,0,0,32,1
147,1,0,0,4,32,1
148,1,0,1,0,33,0
149,0,0,1,2,33,0
150,0,0,1,4,33,0
151,0,0,1,6,33,0
152,1,1,0,0,34,2
153,1,1,0,2,34,2
154,1,1,0,11,34,2
155,1,0,1,0,35,0
156,1,0,1,2,35,0
157,1,0,1,11,35,0
158,1,1,0,0,36,2
159,1,1,0,2,36,2
160,1,1,0,4,36,2
161,1,1,0,6,36,2
162,1,1,0,11,36,2
163,1,0,0,0,37,1
164,1,0,0,2,37,1
165,1,0,0,4,37,1
166,1,0,0,6,37,1
167,1,0,0,11,37,1
168,1,1,0,0,38,2
169,1,1,0,2,38,2
170,0,1,0,4,38,2
171,1,1,0,6,38,2
172,0,1,0,11,38,2
173,0,0,0,0,39,1
174,1,0,0,4,39,1
175,0,0,1,0,40,0
176,1,0,1,2,40,0
177,1,0,1,4,40,0
178,0,0,1,6,40,0
179,1,0,1,11,40,0
180,1,0,0,0,41,1
181,1,0,0,2,41,1
182,1,0,0,6,41,1
183,1,0,0,11,41,1
184,1,1,0,0,42,2
185,1,1,0,2,42,2
186,1,1,0,4,42,2
187,1,1,0,6,42,2
188,1,1,0,11,42,2
189,1,0,1,0,43,0
190,1,0,1,2,43,0
191,1,0,1,4,43,0
192,1,0,1,6,43,0
193,1,0,1,11,43,0
194,1,0,0,0,44,1
195,1,0,0,2,44,1
196,1,0,0,4,44,1
197,1,0,0,6,44,1
198,0,0,0,11,44,1
199,1,0,1,0,45,0
200,1,0,1,4,45,0
201,1,0,1,6,45,0
202,1,0,0,0,46,1
203,1,0,0,2,46,1
204,1,0,0,4,46,1
205,1,0,0,6,46,1
206,1,0,0,11,46,1
207,1,0,1,0,47,0
208,1,0,1,2,47,0
209,0,0,1,6,47,0
210,0,0,1,11,47,0
211,1,0,0,0,48,1
212,1,0,0,2,48,1
213,1,0,0,4,48,1
214,0,0,0,6,48,1
215,0,0,0,11,48,1
216,1,0,0,0,49,1
217,1,0,0,2,49,1
218,1,0,0,4,49,1
219,0,0,0,6,49,1
220,1,0,0,11,49,1
