,time,nhtemp
1,1912,49.9
2,1913,52.3
3,1914,49.4
4,1915,51.1
5,1916,49.4
6,1917,47.9
7,1918,49.8
8,1919,50.9
9,1920,49.3
10,1921,51.9
11,1922,50.8
12,1923,49.6
13,1924,49.3
14,1925,50.6
15,1926,48.4
16,1927,50.7
17,1928,50.9
18,1929,50.6
19,1930,51.5
20,1931,52.8
21,1932,51.8
22,1933,51.1
23,1934,49.8
24,1935,50.2
25,1936,50.4
26,1937,51.6
27,1938,51.8
28,1939,50.9
29,1940,48.8
30,1941,51.7
31,1942,51.0
32,1943,50.6
33,1944,51.7
34,1945,51.5
35,1946,52.1
36,1947,51.3
37,1948,51.0
38,1949,54.0
39,1950,51.4
40,1951,52.7
41,1952,53.1
42,1953,54.6
43,1954,52.0
44,1955,52.0
45,1956,50.9
46,1957,52.6
47,1958,50.2
48,1959,52.6
49,1960,51.6
50,1961,51.9
51,1962,50.5
52,1963,50.9
53,1964,51.7
54,1965,51.4
55,1966,51.7
56,1967,50.8
57,1968,51.9
58,1969,51.8
59,1970,51.9
60,1971,53.0
