,id,type,gender,age,aao,aad,updrs,maoai2,ai2code,maobi2,bi2code,gtbex3,bex3code,maoavntr,vntrcode,vntrcod2,maoa31,mao31cod,mao31co2
1,0,0,0,69.0,,,,28,33,19,19,12,12,11,11,11,48,7,7
2,1,0,0,,,,,37,2,19,19,12,12,11,11,11,48,7,7
3,2,0,0,,,,,15,20,8,8,12,12,11,11,11,48,7,7
4,3,0,0,,,,,23,28,19,19,12,12,11,11,11,48,7,7
5,4,0,1,,,,,16,23,24,24,7,7,11,11,11,48,7,7
6,5,0,1,,,,,17,24,24,24,13,13,8,8,8,40,6,6
7,6,0,1,,,,,10,16,16,16,13,13,11,11,11,48,7,7
8,7,0,1,,,,,16,23,16,16,13,13,8,8,8,40,6,6
9,8,0,1,,,,,16,23,9,9,13,13,8,8,8,44,6,6
10,9,0,1,,,,,41,6,20,20,13,13,11,11,11,48,7,7
11,10,0,0,,,,,15,20,23,23,5,5,7,7,7,43,5,5
12,11,0,0,,,,,2,7,23,23,12,12,11,11,11,48,7,7
13,12,0,0,,,,,15,20,13,13,12,12,11,11,11,48,7,7
14,13,0,1,,,,,34,41,14,14,13,13,11,11,11,48,7,7
15,14,0,1,,,,,10,16,16,16,13,13,3,3,3,11,4,4
16,15,0,1,,,,,26,32,10,10,13,13,11,11,11,48,7,7
17,16,0,1,,,,,10,16,24,24,13,13,11,11,11,48,7,7
18,17,0,0,,,,,15,20,8,8,12,12,11,11,11,48,7,7
19,18,0,0,,,,,8,13,13,13,12,12,7,7,7,39,5,5
20,19,0,0,,,,,31,36,23,23,12,12,7,7,7,39,5,5
21,20,0,1,,,,,17,24,16,16,7,7,8,8,8,42,6,6
22,21,0,0,,,,,8,13,13,13,5,5,1,1,1,35,5,5
23,22,0,0,,,,,15,20,23,23,12,12,7,7,7,36,5,5
24,23,0,1,75.0,,,,10,16,21,21,13,13,11,11,11,48,7,7
25,24,0,1,,,,,10,16,12,12,7,7,11,11,11,48,7,7
26,25,0,1,,,,,10,16,9,9,13,13,3,3,3,40,6,6
27,26,0,0,83.0,,,,8,13,13,13,12,12,7,7,7,43,5,5
28,27,0,1,,,,,17,24,14,14,13,13,8,8,8,5,4,4
29,28,0,1,,,,,20,27,10,10,13,13,3,3,3,18,4,4
30,29,0,1,,,,,16,23,17,17,13,13,3,3,3,5,4,4
31,30,0,1,,,,,34,41,24,24,13,13,3,3,3,11,4,4
32,31,0,1,,,,,10,16,16,16,13,13,8,8,8,44,6,6
33,32,0,0,,,,,15,20,23,23,12,12,7,7,7,39,5,5
34,33,0,1,,,,,10,16,20,20,13,13,8,8,8,44,6,6
35,34,0,0,,,,,15,20,23,23,12,12,7,7,7,31,2,2
36,35,0,1,73.0,,,,26,32,11,11,4,4,3,3,3,13,4,4
37,36,0,0,,,,,8,13,23,23,12,12,7,7,7,43,5,5
38,37,0,0,,,,,31,36,8,8,12,12,1,1,1,8,2,2
39,38,0,1,,,,,32,37,24,24,10,10,8,8,8,44,6,6
40,39,0,0,,,,,8,13,2,2,12,12,11,11,11,48,7,7
41,40,0,0,,,,,23,28,8,8,12,12,7,7,7,28,2,2
42,41,0,0,,,,,15,20,13,13,12,12,7,7,7,43,5,5
43,42,0,0,,,,,8,13,2,2,12,12,7,7,7,43,5,5
44,43,0,0,,,,,23,28,23,23,12,12,1,1,1,14,2,2
45,44,0,1,,,,,11,17,15,15,13,13,8,8,8,44,6,6
46,45,0,0,,,,,39,4,8,8,12,12,1,1,1,14,2,2
47,46,0,1,,,,,22,22,12,12,13,13,3,3,3,12,4,4
48,47,0,0,,,,,33,38,23,23,12,12,11,11,11,48,7,7
49,48,0,0,,,,,15,20,13,13,12,12,11,11,11,48,7,7
50,49,0,0,68.0,,,,15,20,29,29,12,12,11,11,11,48,7,7
51,50,0,1,75.0,,,,20,27,20,20,7,7,11,11,11,48,7,7
52,51,0,0,,,,,23,28,23,23,12,12,7,7,7,41,5,5
53,52,0,0,,,,,33,38,8,8,12,12,1,1,1,26,2,2
54,53,0,0,,,,,8,13,23,23,12,12,7,7,7,39,5,5
55,54,0,0,,,,,8,13,2,2,12,12,7,7,7,43,5,5
56,55,0,1,68.0,,,,10,16,16,16,13,13,8,8,8,44,6,6
57,56,0,1,51.0,,,,17,24,25,25,13,13,2,2,2,44,6,6
58,57,0,0,,,,,23,28,23,23,12,12,7,7,7,14,2,2
59,58,0,1,49.0,46.0,48.0,,16,23,21,21,4,4,11,11,11,48,7,7
60,59,0,1,,,,,34,41,15,15,13,13,2,2,2,44,6,6
61,60,0,0,51.0,47.0,49.0,,8,13,23,23,5,5,7,7,7,43,5,5
62,61,0,1,,,,,17,24,10,10,13,13,3,3,3,20,4,4
63,62,0,0,63.0,40.0,40.0,24.0,15,20,23,23,12,12,7,7,7,29,2,2
64,63,0,0,71.0,49.0,49.0,14.0,23,28,8,8,12,12,1,1,1,26,2,2
65,64,0,1,,,,,32,37,24,24,13,13,2,2,2,34,6,6
66,65,0,1,80.0,,71.0,22.0,13,19,6,6,13,13,3,3,3,20,4,4
67,66,0,1,68.0,60.0,60.0,15.0,10,16,16,16,13,13,11,11,11,48,7,7
68,67,0,1,70.0,65.0,65.0,15.0,17,24,14,14,13,13,3,3,3,44,6,6
69,68,0,1,,,,,4,9,20,20,13,13,6,6,6,42,6,6
70,69,0,1,73.0,71.0,71.0,12.0,10,16,21,21,7,7,6,6,6,42,6,6
71,70,0,1,,,,,11,17,21,21,4,4,3,3,3,44,6,6
72,71,0,0,73.0,71.0,71.0,13.0,15,20,23,23,12,12,11,11,11,48,7,7
73,72,0,0,69.0,61.0,62.0,20.0,15,20,23,23,12,12,7,7,7,43,5,5
74,73,0,1,,,,,1,1,24,24,8,8,3,3,3,20,4,4
75,74,0,0,,,,,33,38,23,23,16,16,1,1,1,14,2,2
76,75,0,1,,,,,32,37,24,24,14,14,11,11,11,48,7,7
77,76,0,1,,,,,20,27,24,24,14,14,3,3,3,20,4,4
78,77,0,1,49.0,36.0,38.0,26.0,40,5,21,21,13,13,3,3,3,20,4,4
79,78,0,1,,,,,32,37,24,24,13,13,2,2,2,4,3,3
80,79,0,1,,,,,32,37,21,21,13,13,2,2,2,4,3,3
81,80,0,1,58.0,45.0,45.0,15.0,10,16,12,12,13,13,8,8,8,44,6,6
82,81,0,0,65.0,,,,15,20,19,19,0,0,1,1,1,36,5,5
83,82,0,1,65.0,62.0,62.0,9.0,5,10,20,20,13,13,3,3,3,20,4,4
84,83,0,0,66.0,60.0,62.0,9.0,33,38,19,19,12,12,1,1,1,33,5,5
85,84,0,1,67.0,64.0,66.0,10.0,34,41,7,7,13,13,8,8,8,32,4,4
86,85,0,1,70.0,68.0,68.0,21.0,14,14,15,15,13,13,3,3,3,20,4,4
87,86,0,1,70.0,55.0,55.0,28.0,20,27,12,12,13,13,3,3,3,24,4,4
88,87,0,1,44.0,35.0,38.0,21.0,32,37,21,21,13,13,2,2,2,15,3,3
89,88,0,1,62.0,,,,17,24,21,21,7,7,3,3,3,24,4,4
90,89,0,0,67.0,59.0,59.0,25.0,15,20,8,8,12,12,11,11,11,48,7,7
91,90,0,1,,,,,38,3,4,4,13,13,2,2,2,15,3,3
92,91,0,0,67.0,63.0,63.0,13.0,31,36,19,19,12,12,1,1,1,14,2,2
93,92,0,1,,,,,32,37,24,24,13,13,2,2,2,15,3,3
94,93,0,0,77.0,,,,15,20,8,8,12,12,10,10,10,43,5,5
95,94,0,1,,,,,34,41,15,15,13,13,3,3,3,20,4,4
96,95,0,1,71.0,63.0,63.0,9.0,5,10,6,6,13,13,8,8,8,44,6,6
97,96,0,1,,,,,10,16,24,24,13,13,8,8,8,44,6,6
98,97,0,1,67.0,58.0,58.0,18.0,10,16,25,25,13,13,3,3,3,20,4,4
99,98,0,0,67.0,58.0,58.0,14.0,15,20,23,23,12,12,11,11,11,48,7,7
100,99,0,1,76.0,55.0,55.0,,10,16,24,24,13,13,8,8,8,44,6,6
101,100,0,0,,,,,33,38,19,19,12,12,1,1,1,14,2,2
102,101,0,1,,35.0,37.0,,20,27,24,24,8,8,3,3,3,20,4,4
103,102,0,1,63.0,,,,30,34,22,22,13,13,3,3,3,20,4,4
104,103,0,0,57.0,42.0,42.0,,8,13,19,19,16,16,5,5,5,41,5,5
105,104,0,0,,,,,23,28,8,8,9,9,7,7,7,43,5,5
106,105,0,0,57.0,51.0,51.0,14.0,15,20,23,23,16,16,7,7,7,43,5,5
107,106,0,1,51.0,33.0,35.0,26.0,24,30,14,15,13,13,8,8,8,44,6,6
108,107,0,1,71.0,62.0,62.0,17.0,10,16,24,24,11,11,8,8,8,44,6,6
109,108,0,0,67.0,64.0,64.0,14.0,15,20,23,23,0,0,1,1,1,36,5,5
110,109,0,1,50.0,45.0,45.0,19.0,40,5,20,20,13,13,3,3,3,20,4,4
111,110,0,1,,,,,10,16,9,9,13,13,8,8,8,44,6,6
112,111,0,0,65.0,63.0,63.0,21.0,33,38,23,23,12,12,1,1,1,14,2,2
113,112,0,1,,,,,17,24,20,20,1,1,8,8,8,44,6,6
114,113,0,1,,,,,34,41,11,11,4,4,3,3,3,20,4,4
115,114,0,1,55.0,40.0,40.0,19.0,10,16,12,12,13,13,8,8,8,44,6,6
116,115,0,1,,,,,10,16,9,9,13,13,8,8,8,44,6,6
117,116,0,1,,,,,10,16,12,12,11,11,8,8,8,44,6,6
118,117,0,1,,,,,10,16,24,24,13,13,8,8,8,44,6,6
119,118,0,1,,,,,10,16,10,10,13,13,8,8,8,44,6,6
120,119,0,1,84.0,71.0,71.0,14.0,17,24,20,20,13,13,8,8,8,44,6,6
121,120,0,0,59.0,50.0,50.0,,15,20,19,19,12,12,11,11,11,48,7,7
122,121,0,1,63.0,,,,10,16,16,16,7,7,8,8,8,44,6,6
123,122,0,0,65.0,,,,8,13,13,13,12,12,7,7,7,43,5,5
124,123,0,1,,,,,40,5,21,21,13,13,2,2,2,18,4,4
125,124,0,1,64.0,59.0,59.0,11.0,10,16,11,11,13,13,9,9,9,30,4,4
126,125,0,1,53.0,42.0,42.0,26.0,16,23,21,21,13,13,11,11,11,48,7,7
127,126,0,1,,,,,16,23,5,5,13,13,3,3,3,20,4,4
128,127,0,1,,,,,10,16,16,16,7,7,8,8,8,44,6,6
129,128,0,1,,,,,17,24,21,21,4,4,2,2,2,17,4,4
130,129,0,1,48.0,41.0,43.0,18.0,10,16,11,11,19,19,8,8,8,44,6,6
131,130,0,0,,,,,37,2,29,29,9,9,7,7,7,43,5,5
132,131,0,0,55.0,48.0,48.0,8.0,2,7,27,27,12,12,7,7,7,43,5,5
133,132,0,0,57.0,48.0,48.0,17.0,8,13,13,13,12,12,7,7,7,43,5,5
134,133,0,1,,,,,40,5,14,14,11,11,2,2,2,15,3,3
135,134,0,0,73.0,59.0,59.0,17.0,28,33,13,13,12,12,11,11,11,48,7,7
136,135,0,0,58.0,,,,31,36,8,8,12,12,11,11,11,48,7,7
137,136,0,1,83.0,,,,3,8,20,20,13,13,3,3,3,1,1,1
138,137,0,0,51.0,42.0,42.0,33.0,0,0,2,2,9,9,7,7,7,43,5,5
139,138,0,0,72.0,,,,8,13,8,8,12,12,7,7,7,43,5,5
140,139,0,1,60.0,51.0,57.0,16.0,6,11,14,14,11,11,8,8,8,44,6,6
141,140,0,1,,,,,6,11,21,21,11,11,8,8,8,44,6,6
142,141,0,1,71.0,,,,32,37,16,16,11,11,3,3,3,20,4,4
143,142,0,0,75.0,58.0,72.0,14.0,15,20,19,19,0,0,1,1,1,36,5,5
144,143,0,0,58.0,40.0,52.0,20.0,15,20,19,19,0,0,1,1,1,36,5,5
145,144,0,0,,,,,15,20,19,19,0,0,1,1,1,36,5,5
146,145,0,0,84.0,,,,15,20,13,13,12,12,7,7,7,45,5,5
147,146,0,0,43.0,,,,15,20,23,23,12,12,7,7,7,43,5,5
148,147,0,0,76.0,,,,33,38,8,8,12,12,1,1,1,22,2,2
149,148,0,1,,,,,16,23,20,20,13,13,6,6,6,44,6,6
150,149,0,0,69.0,,,,15,20,29,29,12,12,7,7,7,43,5,5
151,150,0,0,66.0,,,,33,38,23,23,12,12,1,1,1,33,5,5
152,151,0,0,58.0,,,,33,38,13,13,12,12,1,1,1,22,2,2
153,152,0,1,75.0,,,,36,40,21,21,13,13,2,2,2,15,3,3
154,153,0,0,73.0,,,,31,36,8,8,12,12,1,1,1,14,2,2
155,154,0,0,26.0,,,,2,7,19,19,12,12,7,7,7,43,5,5
156,155,0,1,69.0,,,,16,23,16,16,13,13,8,8,8,40,6,6
157,156,0,1,,,,,34,41,11,11,4,4,3,3,3,20,4,4
158,157,1,1,,,,,24,30,24,24,13,13,3,3,3,40,6,6
159,161,1,1,77.0,,,,17,24,21,21,4,4,3,3,3,42,6,6
160,162,1,1,,,,,16,23,28,28,13,13,3,3,3,44,6,6
161,163,1,1,84.0,,,,20,27,12,12,13,13,3,3,3,25,4,4
162,164,1,1,,,,,20,27,12,12,13,13,3,3,3,21,4,4
163,165,1,1,,,,,10,16,15,15,13,13,8,8,8,44,6,6
164,166,1,1,77.0,,,,25,31,6,6,4,4,2,2,2,17,4,4
165,167,1,0,,,,,23,28,23,23,12,12,7,7,7,43,5,5
166,168,1,1,88.0,,,,16,23,21,21,13,13,11,11,11,44,6,6
167,159,1,0,,,,,15,20,23,23,12,12,7,7,7,43,5,5
168,160,1,1,83.0,,,,20,27,6,6,13,13,3,3,3,7,4,4
169,169,1,1,82.0,,,,16,23,15,15,13,13,3,3,3,44,6,6
170,173,1,0,81.0,,,,33,38,23,23,12,12,1,1,1,22,2,2
171,174,1,1,,,,,20,27,24,24,6,6,3,3,3,25,4,4
172,175,1,0,,,,,8,13,13,13,12,12,7,7,7,43,5,5
173,176,1,0,,,,,33,38,13,13,12,12,1,1,1,22,2,2
174,177,1,0,,,,,23,28,19,19,0,0,1,1,1,36,5,5
175,178,1,1,90.0,,,,29,35,24,24,13,13,11,11,11,15,3,3
176,179,1,1,,,,,32,37,21,21,13,13,2,2,2,17,4,4
177,180,1,1,,,,,27,29,16,16,13,13,2,2,2,20,4,4
178,170,1,0,81.0,,,,39,4,19,19,12,12,1,1,1,14,2,2
179,171,1,1,77.0,,,,20,27,11,11,13,13,3,3,3,37,6,6
180,172,1,1,81.0,,,,16,23,11,11,13,13,8,8,8,44,6,6
181,181,1,0,79.0,,,,39,4,19,19,12,12,1,1,1,14,2,2
182,185,1,0,82.0,,,,15,20,23,23,12,12,7,7,7,43,5,5
183,186,1,0,83.0,,,,39,4,19,19,16,16,1,1,1,22,2,2
184,187,1,0,77.0,,,,15,20,19,19,12,12,7,7,7,43,5,5
185,188,1,0,,,,,33,38,23,23,12,12,1,1,1,22,2,2
186,189,1,1,91.0,,,,17,24,24,24,13,13,8,8,8,44,6,6
187,190,1,1,78.0,,,,26,32,5,5,13,13,3,3,3,20,4,4
188,191,1,1,75.0,,,,19,26,10,10,13,13,3,3,3,20,4,4
189,192,1,1,,,,,9,15,14,14,13,13,3,3,3,37,6,6
190,182,1,1,82.0,,,,20,27,10,10,11,11,3,3,3,20,4,4
191,183,1,1,88.0,,,,7,12,16,16,13,13,11,11,11,5,4,4
192,184,1,0,83.0,,,,8,13,23,23,12,12,7,7,7,43,5,5
193,193,1,1,88.0,,,,16,23,21,21,8,8,2,2,2,20,4,4
194,197,1,0,,,,,15,20,13,13,16,16,7,7,7,43,5,5
195,198,1,0,80.0,,,,39,4,13,13,12,12,1,1,1,14,2,2
196,199,1,0,79.0,,,,15,20,23,23,12,12,1,1,1,43,5,5
197,200,1,0,76.0,,,,39,4,19,19,12,12,1,1,1,14,2,2
198,201,1,1,77.0,,,,17,24,4,4,13,13,8,8,8,30,4,4
199,202,1,0,76.0,,,,33,38,23,23,12,12,1,1,1,14,2,2
200,203,1,0,84.0,,,,15,20,19,19,12,12,11,11,11,48,7,7
201,204,1,1,76.0,,,,16,23,25,25,13,13,3,3,3,44,6,6
202,194,1,1,,,,,17,24,24,24,2,2,3,3,3,37,6,6
203,195,1,0,87.0,,,,15,20,19,19,12,12,11,11,11,43,5,5
204,196,1,0,,,,,15,20,13,13,12,12,7,7,7,38,5,5
205,205,1,0,,,,,15,20,13,13,12,12,7,7,7,43,5,5
206,209,1,0,87.0,,,,28,33,23,23,12,12,1,1,1,26,2,2
207,210,1,0,79.0,,,,8,13,8,8,12,12,7,7,7,43,5,5
208,211,1,1,,,,,10,16,11,11,4,4,3,3,3,42,6,6
209,212,1,0,,,,,2,7,23,23,12,12,7,7,7,41,5,5
210,213,1,1,77.0,,,,34,41,12,12,13,13,2,2,2,16,4,4
211,214,1,1,87.0,,,,24,30,12,12,13,13,8,8,8,44,6,6
212,215,1,0,82.0,,,,28,33,13,13,12,12,11,11,11,48,7,7
213,216,1,0,83.0,,,,23,28,23,23,12,12,7,7,7,43,5,5
214,206,1,1,,,,,16,23,9,9,13,13,3,3,3,44,6,6
215,207,1,1,81.0,,,,22,22,3,3,13,13,3,3,3,20,4,4
216,208,1,1,80.0,,,,17,24,15,15,13,13,8,8,8,44,6,6
217,217,1,1,,,,,10,16,14,14,11,11,8,8,8,46,6,6
218,221,1,1,,,,,26,32,24,24,13,13,3,3,3,34,6,6
219,222,1,1,80.0,,,,34,41,0,0,13,13,8,8,8,44,6,6
220,223,1,1,89.0,,,,16,23,0,0,13,13,11,11,11,0,0,0
221,224,1,0,,,,,8,13,8,8,12,12,7,7,7,43,5,5
222,225,1,1,76.0,,,,29,35,4,4,13,13,3,3,3,19,4,4
223,226,1,0,81.0,,,,33,38,23,23,12,12,1,1,1,14,2,2
224,227,1,1,,,,,12,18,15,15,14,14,3,3,3,25,4,4
225,228,1,0,,,,,15,20,13,13,12,12,7,7,7,39,5,5
226,218,1,0,85.0,,,,8,13,23,23,5,5,11,11,11,45,5,5
227,219,1,1,85.0,,,,9,15,10,10,13,13,8,8,8,44,6,6
228,220,1,0,86.0,,,,8,13,13,13,12,12,11,11,11,45,5,5
229,229,1,0,,,,,23,28,13,13,12,12,1,1,1,14,2,2
230,233,1,0,,,,,15,20,19,19,0,0,1,1,1,36,5,5
231,234,1,0,,,,,15,20,2,2,9,9,7,7,7,43,5,5
232,235,1,0,,,,,8,13,1,1,12,12,7,7,7,43,5,5
233,236,1,0,,,,,31,36,19,19,9,9,7,7,7,41,5,5
234,237,1,1,,,,,11,17,21,21,13,13,2,2,2,15,3,3
235,238,1,1,,,,,4,9,21,21,13,13,8,8,8,44,6,6
236,239,1,0,,,,,8,13,23,23,18,18,7,7,7,43,5,5
237,240,1,0,,,,,15,20,8,8,12,12,7,7,7,29,2,2
238,230,1,1,,,,,17,24,15,15,15,15,2,2,2,9,3,3
239,231,1,1,80.0,,,,34,41,14,14,13,13,3,3,3,42,6,6
240,232,1,0,84.0,,,,15,20,2,2,12,12,1,1,1,36,5,5
241,241,1,1,,,,,24,30,14,14,19,19,3,3,3,20,3,3
242,245,1,0,,,,,28,33,19,19,12,12,1,1,1,14,2,2
243,246,1,0,,,,,33,38,23,23,12,12,7,7,7,43,5,5
244,247,1,1,,,,,13,19,14,14,13,13,0,0,0,20,4,4
245,248,1,0,,,,,15,20,23,23,12,12,7,7,7,14,2,2
246,249,1,1,,,,,22,22,5,5,13,13,3,3,3,37,6,6
247,250,1,1,,,,,20,27,20,20,13,13,8,8,8,2,1,1
248,251,1,1,,,,,11,17,21,21,4,4,8,8,8,44,6,6
249,252,1,0,85.0,,,,33,38,13,13,12,12,11,11,11,22,2,2
250,242,1,1,77.0,,,,16,23,17,17,14,14,8,8,8,40,6,6
251,243,1,1,78.0,,,,17,24,16,16,7,7,3,3,3,40,6,6
252,244,1,0,82.0,,,,39,4,27,27,12,12,1,1,1,14,2,2
253,158,1,1,,,,,10,16,15,15,13,13,6,6,6,44,6,6
254,162,1,0,,,,,23,28,27,27,16,16,7,7,7,43,5,5
255,164,1,1,,,,,16,23,15,15,13,13,8,8,8,44,6,6
256,167,1,0,,,,,15,20,13,13,12,12,1,1,1,14,2,2
257,168,1,1,,,,,17,24,14,14,13,13,3,3,3,20,4,4
258,159,1,0,,,,,15,20,13,13,12,12,7,7,7,43,5,5
259,160,1,0,78.0,,,,15,20,8,8,16,16,1,1,1,14,2,2
260,169,1,1,,,,,24,30,22,22,17,17,6,6,6,44,6,6
261,173,1,0,,,,,33,38,23,23,16,16,7,7,7,43,5,5
262,174,1,1,,,,,24,30,26,26,13,13,8,8,8,44,6,6
263,175,1,1,,,,,17,24,16,16,13,13,8,8,8,40,6,6
264,176,1,1,,,,,17,24,5,5,3,3,8,8,8,44,6,6
265,177,1,0,,,,,8,13,13,13,12,12,7,7,7,43,5,5
266,179,1,0,,,,,37,2,19,19,12,12,1,1,1,14,5,5
267,180,1,1,,,,,16,23,12,12,13,13,11,11,11,48,7,7
268,170,1,1,,,,,16,23,24,24,7,7,3,3,3,40,6,6
269,171,1,0,79.0,,,,33,38,19,19,12,12,1,1,1,14,2,2
270,172,1,1,76.0,,,,34,41,24,24,14,14,3,3,3,44,6,6
271,181,1,1,,,,,22,22,15,15,4,4,3,3,3,20,4,4
272,186,1,1,,,,,10,16,12,12,14,14,2,2,2,16,4,4
273,187,1,0,,,,,15,20,23,23,12,12,7,7,7,43,5,5
274,188,1,0,,,,,28,33,8,8,12,12,1,1,1,22,2,2
275,189,1,1,,,,,20,27,21,21,13,13,3,3,3,20,4,4
276,190,1,1,,,,,16,23,12,12,13,13,8,8,8,42,6,6
277,191,1,1,,,,,20,27,12,12,11,11,2,2,2,10,4,4
278,192,1,1,,,,,26,32,25,25,4,4,2,2,2,37,6,6
279,182,1,0,,,,,23,28,8,8,12,12,7,7,7,41,5,5
280,183,1,1,,,,,16,23,5,5,13,13,3,3,3,46,6,6
281,184,1,1,,,,,17,24,16,16,13,13,3,3,3,25,4,4
282,193,1,1,,,,,25,31,16,16,13,13,3,3,3,20,4,4
283,197,1,1,,,,,16,23,11,11,13,13,8,8,8,42,6,6
284,198,1,1,,,,,20,27,24,24,13,13,2,2,2,34,6,6
285,199,1,1,,,,,16,23,24,24,13,13,3,3,3,19,4,4
286,200,1,0,,,,,15,20,13,13,12,12,7,7,7,43,5,5
287,201,1,1,,,,,17,24,12,12,13,13,8,8,8,46,6,6
288,202,1,1,,,,,21,21,15,15,13,13,3,3,3,12,4,4
289,203,1,1,,,,,26,32,21,21,14,14,8,8,8,44,6,6
290,204,1,1,,,,,16,23,20,20,13,13,3,3,3,25,4,4
291,194,1,1,,,,,16,23,12,12,13,13,3,3,3,24,4,4
292,195,1,0,87.0,,,,15,20,23,23,12,12,1,1,1,45,5,5
293,196,1,1,77.0,,,,16,23,11,11,13,13,4,4,4,25,4,4
294,209,1,1,,,,,16,23,10,10,13,13,8,8,8,44,6,6
295,210,1,1,,,,,16,23,20,20,13,13,3,3,3,20,4,4
296,211,1,0,,,,,33,38,19,19,12,12,1,1,1,22,2,2
297,212,1,0,,,,,33,38,23,23,16,16,1,1,1,8,2,2
298,213,1,1,,,,,34,41,24,24,11,11,2,2,2,4,3,3
299,214,1,0,,,,,33,38,23,23,12,12,1,1,1,8,2,2
300,215,1,0,76.0,,,,15,20,29,29,12,12,7,7,7,41,5,5
301,216,1,1,80.0,,,,16,23,14,14,13,13,3,3,3,19,4,4
302,206,1,1,80.0,,,,16,23,12,12,13,13,8,8,8,46,6,6
303,207,1,0,,,,,23,28,13,13,12,12,7,7,7,28,5,5
304,208,1,0,78.0,,,,15,20,19,19,12,12,7,7,7,41,5,5
305,217,1,1,,,,,16,23,18,18,13,13,9,9,9,42,6,6
306,221,1,0,80.0,,,,15,20,13,13,12,12,7,7,7,47,5,5
307,222,1,1,,,,,16,23,14,14,11,11,3,3,3,12,4,4
308,223,1,0,,,,,33,38,13,13,12,12,1,1,1,8,2,2
309,224,1,0,,,,,15,20,23,23,12,12,7,7,7,41,5,5
310,225,1,1,80.0,,,,26,32,11,11,13,13,3,3,3,23,3,3
311,226,1,0,77.0,,,,23,28,8,8,12,12,7,7,7,41,5,5
312,227,1,1,,,,,17,24,10,10,13,13,8,8,8,42,6,6
313,228,1,0,79.0,,,,2,7,8,8,12,12,1,1,1,3,2,2
314,218,1,0,88.0,,,,33,38,13,13,12,12,11,11,11,48,7,7
315,219,1,1,81.0,,,,16,23,24,24,13,13,2,2,2,4,3,3
316,220,1,1,85.0,,,,35,39,15,15,13,13,8,8,8,40,6,6
317,229,1,0,,,,,33,38,8,8,12,12,1,1,1,8,2,2
318,233,1,1,87.0,,,,16,23,12,12,13,13,8,8,8,40,6,6
319,234,1,1,,,,,20,27,9,9,13,13,3,3,3,6,4,4
320,235,1,0,,,,,15,20,8,8,12,12,7,7,7,39,5,5
321,236,1,0,,,,,23,28,13,13,9,9,7,7,7,39,5,5
322,237,1,0,84.0,,,,15,20,19,19,12,12,7,7,7,39,5,5
323,238,1,1,,,,,18,25,14,14,13,13,8,8,8,27,4,4
324,239,1,0,79.0,,,,15,20,13,13,12,12,7,7,7,39,5,5
325,240,1,1,79.0,,,,16,23,20,20,13,13,8,8,8,40,6,6
326,230,1,1,87.0,,,,17,24,16,16,13,13,3,3,3,5,4,4
327,231,1,1,,,,,20,27,11,11,13,13,8,8,8,40,6,6
328,232,1,1,82.0,,,,10,16,20,20,4,4,3,3,3,44,6,6
329,241,1,1,76.0,,,,17,24,11,11,13,13,8,8,8,40,6,6
330,245,1,1,,,,,20,27,6,6,13,13,3,3,3,34,6,6
331,246,1,0,91.0,,,,37,2,13,13,12,12,11,11,11,8,2,2
332,247,1,0,83.0,,,,8,13,23,23,12,12,11,11,11,39,5,5
333,248,1,0,79.0,,,,23,28,13,13,12,12,7,7,7,39,5,5
334,249,1,1,,,,,20,27,6,6,11,11,3,3,3,5,4,4
335,250,1,1,77.0,,,,17,24,4,4,13,13,8,8,8,40,6,6
336,251,1,0,78.0,,,,23,28,8,8,9,9,7,7,7,39,5,5
337,252,1,0,,,,,15,20,8,8,12,12,11,11,11,48,7,7
338,242,1,1,,,,,16,23,15,15,13,13,2,2,2,9,3,3
339,243,1,0,,,,,37,2,8,8,12,12,1,1,1,8,2,2
340,244,1,1,88.0,,,,40,5,20,20,13,13,11,11,11,48,7,7
