,t42,t54,t45,t46,t23,t24,t27,t10,t51
t42,1.0,0.554,0.227,0.189,0.461,0.506,0.408,0.28,0.241
t54,0.554,1.0,0.296,0.219,0.479,0.53,0.425,0.311,0.311
t45,0.227,0.296,1.0,0.769,0.237,0.243,0.304,0.718,0.73
t46,0.189,0.219,0.769,1.0,0.212,0.226,0.291,0.681,0.661
t23,0.461,0.479,0.237,0.212,1.0,0.52,0.514,0.313,0.245
t24,0.506,0.53,0.243,0.226,0.52,1.0,0.473,0.348,0.29
t27,0.408,0.425,0.304,0.291,0.514,0.473,1.0,0.374,0.306
t10,0.28,0.311,0.718,0.681,0.313,0.348,0.374,1.0,0.672
t51,0.241,0.311,0.73,0.661,0.245,0.29,0.306,0.672,1.0
