,gtype,dtype,time,delta,score,wtime
1,1,1,28,1,90,24
2,1,1,32,1,30,7
3,1,1,49,1,40,8
4,1,1,84,1,60,10
5,1,1,357,1,70,42
6,1,1,933,0,90,9
7,1,1,1078,0,100,16
8,1,1,1183,0,90,16
9,1,1,1560,0,80,20
10,1,1,2114,0,80,27
11,1,1,2144,0,90,5
12,1,2,2,1,20,34
13,1,2,4,1,50,28
14,1,2,72,1,80,59
15,1,2,77,1,60,102
16,1,2,79,1,70,71
17,2,1,42,1,80,19
18,2,1,53,1,90,17
19,2,1,57,1,30,9
20,2,1,63,1,60,13
21,2,1,81,1,50,12
22,2,1,140,1,100,11
23,2,1,81,1,50,12
24,2,1,252,1,90,21
25,2,1,524,1,90,39
26,2,1,210,0,90,16
27,2,1,476,0,90,24
28,2,1,1037,0,90,84
29,2,2,30,1,90,73
30,2,2,36,1,80,61
31,2,2,41,1,70,34
32,2,2,52,1,60,18
33,2,2,62,1,90,40
34,2,2,108,1,70,65
35,2,2,132,1,60,17
36,2,2,180,0,100,61
37,2,2,307,0,100,24
38,2,2,406,0,100,48
39,2,2,446,0,100,52
40,2,2,484,0,90,84
41,2,2,748,0,90,171
42,2,2,1290,0,90,20
43,2,2,1345,0,80,98
