,mode,ttme,invc,invt,gc,hinc,psize
1,0,69,59,100,70,35,1
2,0,34,31,372,71,35,1
3,0,35,25,417,70,35,1
4,1,0,10,180,30,35,1
5,0,64,58,68,68,30,2
6,0,44,31,354,84,30,2
7,0,53,25,399,85,30,2
8,1,0,11,255,50,30,2
9,0,69,115,125,129,40,1
10,0,34,98,892,195,40,1
11,0,35,53,882,149,40,1
12,1,0,23,720,101,40,1
13,0,64,49,68,59,70,3
14,0,44,26,354,79,70,3
15,0,53,21,399,81,70,3
16,1,0,5,180,32,70,3
17,0,64,60,144,82,45,2
18,0,44,32,404,93,45,2
19,0,53,26,449,94,45,2
20,1,0,8,600,99,45,2
21,0,69,59,100,70,20,1
22,1,40,20,345,57,20,1
23,0,35,13,417,58,20,1
24,0,0,12,284,43,20,1
25,1,45,148,115,160,45,1
26,0,34,111,945,213,45,1
27,0,35,66,935,167,45,1
28,0,0,36,821,125,45,1
29,0,69,121,152,137,12,1
30,0,34,52,889,149,12,1
31,0,35,50,879,146,12,1
32,1,0,50,780,135,12,1
33,0,69,59,100,70,40,1
34,0,34,31,372,71,40,1
35,0,35,25,417,70,40,1
36,1,0,17,210,40,40,1
37,0,69,58,68,65,70,2
38,0,34,31,357,69,70,2
39,0,35,25,402,68,70,2
40,1,0,7,210,30,70,2
41,0,64,58,68,68,15,2
42,0,44,16,357,70,15,2
43,0,53,13,402,73,15,2
44,1,0,4,210,36,15,2
45,0,64,62,108,79,35,2
46,0,44,34,370,90,35,2
47,0,53,28,415,91,35,2
48,1,0,6,250,44,35,2
49,0,64,45,114,63,50,4
50,0,44,24,378,81,50,4
51,0,53,19,423,83,50,4
52,1,0,5,240,41,50,4
53,0,64,58,94,72,40,1
54,0,44,31,360,85,40,1
55,0,53,25,405,86,40,1
56,1,0,15,285,58,40,1
57,0,64,83,169,109,26,4
58,0,44,70,948,214,26,4
59,0,53,47,938,189,26,4
60,1,0,17,1200,199,26,4
61,0,69,60,127,73,26,1
62,1,20,19,325,55,26,1
63,0,35,25,435,72,26,1
64,0,0,14,350,52,26,1
65,0,69,61,74,69,26,1
66,1,15,38,255,66,26,1
67,0,35,26,389,68,26,1
68,0,0,13,315,47,26,1
69,0,69,67,86,76,6,1
70,1,20,21,300,54,6,1
71,0,35,19,399,63,6,1
72,0,0,17,327,53,6,1
73,0,69,59,148,75,20,1
74,1,45,18,305,51,20,1
75,0,35,14,456,63,20,1
76,0,0,16,427,62,20,1
77,0,64,58,93,72,72,2
78,1,10,28,305,75,72,2
79,0,53,25,346,78,72,2
80,0,0,9,316,57,72,2
81,0,69,61,73,69,6,1
82,1,20,21,305,54,6,1
83,0,35,15,395,58,6,1
84,0,0,13,314,47,6,1
85,0,64,62,235,98,10,2
86,1,45,45,465,116,10,2
87,0,53,17,623,111,10,2
88,0,0,13,559,98,10,2
89,1,90,142,105,153,50,1
90,0,34,71,596,136,50,1
91,0,35,32,590,96,50,1
92,0,0,33,577,96,50,1
93,1,50,120,110,132,50,1
94,0,34,70,596,135,50,1
95,0,35,31,590,95,50,1
96,0,0,33,577,96,50,1
97,1,15,85,65,92,18,2
98,0,34,15,361,55,18,2
99,0,35,12,406,56,18,2
100,0,0,9,296,41,18,2
101,1,30,85,140,106,60,1
102,0,44,90,928,231,60,1
103,0,53,45,918,185,60,1
104,0,0,86,902,223,60,1
105,1,80,75,110,87,45,1
106,0,34,70,638,140,45,1
107,0,35,31,632,100,45,1
108,0,0,39,581,102,45,1
109,1,45,85,140,106,18,2
110,0,44,39,664,139,18,2
111,0,53,35,658,135,18,2
112,0,0,19,592,109,18,2
113,0,64,74,179,101,8,2
114,1,60,43,320,91,8,2
115,0,53,21,345,74,8,2
116,0,0,9,321,58,8,2
117,0,69,59,100,70,6,1
118,1,2,11,285,42,6,1
119,0,35,13,417,58,6,1
120,0,0,13,284,44,6,1
121,0,69,59,101,70,20,1
122,1,5,17,300,50,20,1
123,0,35,25,420,70,20,1
124,0,0,13,297,45,20,1
125,0,69,64,90,73,45,1
126,1,15,32,325,67,45,1
127,0,35,29,405,73,45,1
128,0,0,18,327,54,45,1
129,0,64,59,73,70,70,2
130,1,45,29,290,73,70,2
131,0,53,26,395,86,70,2
132,0,0,9,314,57,70,2
133,0,69,62,66,70,4,1
134,1,10,31,295,63,4,1
135,0,35,19,397,62,4,1
136,0,0,17,307,50,4,1
137,0,69,60,132,75,40,1
138,1,15,15,330,50,40,1
139,0,35,26,373,67,40,1
140,0,0,12,309,46,40,1
141,0,69,60,117,73,35,1
142,1,10,23,325,58,35,1
143,0,35,25,425,71,35,1
144,0,0,17,307,50,35,1
145,0,64,62,184,90,40,2
146,1,45,24,360,79,40,2
147,0,53,28,464,98,40,2
148,0,0,11,427,76,40,2
149,0,64,50,67,60,4,3
150,1,30,31,265,71,4,3
151,0,53,14,393,73,4,3
152,0,0,6,308,53,4,3
153,0,64,48,154,71,15,4
154,1,55,25,360,80,15,4
155,0,53,14,462,84,15,4
156,0,0,4,351,57,15,4
157,1,30,147,100,158,26,1
158,0,34,96,678,169,26,1
159,0,35,57,672,130,26,1
160,0,0,28,629,96,26,1
161,1,75,125,110,137,26,1
162,0,34,70,596,135,26,1
163,0,35,31,590,95,26,1
164,0,0,24,577,87,26,1
165,1,40,152,95,162,70,1
166,0,34,73,600,138,70,1
167,0,35,34,594,98,70,1
168,0,0,24,587,88,70,1
169,1,30,116,180,136,70,1
170,0,34,71,657,142,70,1
171,0,35,32,651,102,70,1
172,0,0,29,629,97,70,1
173,1,40,100,105,116,45,2
174,0,44,70,622,165,45,2
175,0,53,31,616,125,45,2
176,0,0,17,577,105,45,2
177,1,45,105,115,122,8,2
178,0,44,35,622,130,8,2
179,0,53,31,616,125,8,2
180,0,0,12,577,100,8,2
181,1,20,106,190,127,70,1
182,0,34,72,659,143,70,1
183,0,35,33,653,104,70,1
184,0,0,44,592,108,70,1
185,1,60,90,100,105,26,2
186,0,44,69,596,160,26,2
187,0,53,30,590,120,26,2
188,0,0,13,577,101,26,2
189,1,40,48,115,60,50,1
190,0,34,31,365,70,50,1
191,0,35,25,410,69,50,1
192,0,0,16,308,49,50,1
193,1,50,69,85,82,10,3
194,0,44,16,344,68,10,3
195,0,53,13,389,72,10,3
196,0,0,4,315,52,10,3
197,1,75,99,135,114,30,1
198,0,34,96,678,169,30,1
199,0,35,57,672,130,30,1
200,0,0,29,629,97,30,1
201,1,90,64,155,88,60,2
202,0,44,74,678,177,60,2
203,0,53,35,672,137,60,2
204,0,0,20,629,115,60,2
205,1,85,105,85,118,30,4
206,0,44,56,665,156,30,4
207,0,53,35,659,135,30,4
208,0,0,8,587,97,30,4
209,0,69,60,123,73,30,1
210,1,15,24,365,64,30,1
211,0,35,25,430,71,30,1
212,0,0,13,332,49,30,1
213,0,64,58,90,72,50,2
214,1,30,22,340,74,50,2
215,0,53,25,417,88,50,2
216,0,0,9,334,60,50,2
217,0,64,45,73,56,6,4
218,1,15,22,290,66,6,4
219,0,53,13,395,73,6,4
220,0,0,5,314,53,6,4
221,0,69,108,170,126,30,1
222,1,30,31,875,126,30,1
223,0,35,44,887,140,30,1
224,0,0,50,884,146,30,1
225,0,69,110,249,137,12,1
226,1,45,22,890,119,12,1
227,0,35,47,955,151,12,1
228,0,0,38,990,146,12,1
229,0,64,115,138,136,36,2
230,1,10,44,830,170,36,2
231,0,53,50,869,182,36,2
232,0,0,18,862,149,36,2
233,0,69,117,147,133,30,1
234,1,40,59,790,145,30,1
235,0,35,48,885,144,30,1
236,0,0,38,883,134,30,1
237,0,64,88,119,106,35,3
238,1,50,78,775,196,35,3
239,0,53,43,840,170,35,3
240,0,0,16,855,146,35,3
241,0,69,105,196,126,6,1
242,1,40,43,895,140,6,1
243,0,35,44,919,144,6,1
244,0,0,50,935,152,6,1
245,0,64,120,333,170,6,1
246,1,25,28,870,160,6,1
247,0,53,52,890,187,6,1
248,0,0,38,921,178,6,1
249,0,64,103,146,125,8,2
250,1,25,36,875,169,8,2
251,0,53,43,943,186,8,2
252,0,0,19,887,154,8,2
253,0,69,103,138,118,6,1
254,1,5,22,800,109,6,1
255,0,35,43,821,132,6,1
256,0,0,36,846,128,6,1
257,0,64,116,164,141,12,2
258,1,75,89,685,193,12,2
259,0,53,47,875,180,12,2
260,0,0,19,874,152,12,2
261,0,69,103,129,117,30,1
262,0,34,88,925,189,30,1
263,1,10,30,790,116,30,1
264,0,0,50,887,146,30,1
265,0,64,109,230,144,35,2
266,0,44,101,1104,269,35,2
267,0,53,56,1094,222,35,2
268,1,0,26,960,172,35,2
269,0,69,108,177,127,35,1
270,0,34,92,907,191,35,1
271,1,45,39,850,131,35,1
272,0,0,52,865,146,35,1
273,0,64,92,161,117,60,3
274,1,40,73,792,193,60,3
275,0,53,46,920,186,60,3
276,0,0,16,887,151,60,3
277,0,64,119,161,143,60,2
278,1,45,75,765,191,60,2
279,0,53,51,869,182,60,2
280,0,0,19,898,155,60,2
281,0,64,109,190,138,12,2
282,1,40,24,399,85,12,2
283,0,53,46,951,190,12,2
284,0,0,27,897,163,12,2
285,0,69,111,108,122,10,1
286,1,30,30,760,113,10,1
287,0,35,50,867,144,10,1
288,0,0,47,844,139,10,1
289,0,69,104,246,131,10,1
290,1,25,23,830,113,10,1
291,0,35,45,1068,161,10,1
292,0,0,41,978,147,10,1
293,0,69,104,200,126,15,1
294,1,75,23,835,114,15,1
295,0,35,43,846,135,15,1
296,0,0,40,927,141,15,1
297,0,64,124,160,148,10,2
298,1,30,82,850,211,10,2
299,0,53,54,893,189,10,2
300,0,0,19,886,153,10,2
301,0,64,103,145,125,8,1
302,1,50,73,840,200,8,1
303,0,53,43,892,178,8,1
304,0,0,50,894,186,8,1
305,0,69,103,125,116,30,1
306,1,30,80,800,167,30,1
307,0,35,42,844,134,30,1
308,0,0,38,861,132,30,1
309,0,64,113,163,137,20,2
310,0,44,51,948,195,20,2
311,0,53,49,938,191,20,2
312,1,0,26,720,135,20,2
313,0,64,76,147,98,70,5
314,0,44,63,918,203,70,5
315,0,53,44,908,182,70,5
316,1,0,10,1440,228,70,5
317,0,69,108,163,125,20,1
318,0,34,89,905,187,20,1
319,1,30,43,785,128,20,1
320,0,0,35,879,130,20,1
321,0,69,127,193,148,60,1
322,0,34,109,888,205,60,1
323,1,60,52,1025,163,60,1
324,0,0,50,892,147,60,1
325,0,64,44,100,59,70,4
326,0,44,25,351,78,70,4
327,0,53,20,361,75,70,4
328,1,0,5,180,32,70,4
329,0,69,59,98,69,8,1
330,1,1,11,320,46,8,1
331,0,35,13,413,57,8,1
332,0,0,17,332,53,8,1
333,0,69,59,114,72,30,1
334,1,25,60,337,97,30,1
335,0,35,25,423,71,30,1
336,0,0,8,335,44,30,1
337,1,25,65,140,86,70,2
338,0,44,69,596,160,70,2
339,0,53,30,590,120,70,2
340,0,0,16,577,104,70,2
341,0,69,60,67,67,60,1
342,1,10,37,285,68,60,1
343,0,35,28,400,72,60,1
344,0,0,14,320,49,60,1
345,0,64,59,118,77,20,2
346,0,44,17,349,70,20,2
347,0,53,14,359,68,20,2
348,1,0,5,240,41,20,2
349,0,69,61,72,69,15,1
350,1,10,18,305,51,15,1
351,0,35,27,396,70,15,1
352,0,0,12,332,48,15,1
353,0,64,59,118,77,30,2
354,0,44,32,349,85,30,2
355,0,53,26,359,80,30,2
356,1,0,6,265,46,30,2
357,0,64,60,74,71,26,2
358,1,20,40,262,80,26,2
359,0,53,26,389,85,26,2
360,0,0,10,315,58,26,2
361,0,64,44,93,58,35,4
362,1,20,30,291,74,35,4
363,0,53,19,346,72,35,4
364,0,0,4,316,52,35,4
365,0,69,58,124,71,12,1
366,1,10,30,340,67,12,1
367,0,35,25,427,71,12,1
368,0,0,14,364,54,12,1
369,0,64,84,108,100,70,2
370,0,44,70,596,160,70,2
371,0,53,31,590,120,70,2
372,1,0,15,360,70,70,2
373,1,30,145,90,158,50,1
374,0,44,31,343,83,50,1
375,0,53,25,388,84,50,1
376,0,0,13,296,58,50,1
377,1,45,121,100,136,40,2
378,0,44,92,926,233,40,2
379,0,53,47,916,186,40,2
380,0,0,20,885,154,40,2
381,1,30,84,180,103,70,1
382,0,34,72,707,149,70,1
383,0,35,33,701,109,70,1
384,0,0,26,626,94,70,1
385,0,69,61,146,77,10,1
386,0,34,17,409,61,10,1
387,1,5,31,300,64,10,1
388,0,0,13,350,51,10,1
389,1,45,180,160,197,26,1
390,0,34,89,985,196,26,1
391,0,35,44,975,150,26,1
392,0,0,39,896,136,26,1
393,0,64,94,231,129,50,3
394,0,44,79,949,223,50,3
395,1,40,32,1110,201,50,3
396,0,0,13,942,156,50,3
397,0,64,92,203,123,70,3
398,0,44,77,961,223,70,3
399,0,53,46,951,190,70,3
400,1,0,17,780,135,70,3
401,0,69,59,111,71,30,1
402,0,34,31,376,72,30,1
403,1,15,25,360,64,30,1
404,0,0,23,351,61,30,1
405,0,64,75,153,99,50,5
406,0,44,64,900,201,50,5
407,0,53,45,890,180,50,5
408,1,0,13,720,122,50,5
409,0,69,58,99,68,20,1
410,0,34,16,366,55,20,1
411,0,35,13,411,57,20,1
412,1,0,13,300,46,20,1
413,0,64,110,153,133,32,2
414,0,44,91,874,223,32,2
415,0,53,46,864,177,32,2
416,1,0,21,960,167,32,2
417,0,64,108,187,136,27,2
418,0,44,90,932,231,27,2
419,0,53,45,922,185,27,2
420,1,0,20,1440,238,27,2
421,0,69,104,179,123,30,1
422,0,34,89,978,195,30,1
423,1,30,28,795,114,30,1
424,0,0,40,904,138,30,1
425,0,69,108,180,128,35,1
426,0,34,89,901,187,35,1
427,0,35,44,891,141,35,1
428,1,0,34,720,112,35,1
429,0,64,78,146,100,40,4
430,0,44,66,903,203,40,4
431,0,53,43,893,178,40,4
432,1,0,11,870,143,40,4
433,0,64,60,144,82,60,2
434,0,44,32,404,93,60,2
435,0,53,26,449,94,60,2
436,1,0,8,270,49,60,2
437,0,64,78,175,105,40,4
438,0,44,67,932,208,40,4
439,0,53,44,922,183,40,4
440,1,0,12,720,121,40,4
441,0,69,67,108,79,70,1
442,0,34,38,370,78,70,1
443,0,35,32,415,77,70,1
444,1,0,12,240,38,70,1
445,0,64,108,200,139,70,2
446,0,44,90,944,234,70,2
447,0,53,45,934,187,70,2
448,1,0,19,720,128,70,2
449,1,60,108,80,120,30,2
450,0,44,32,344,84,30,2
451,0,53,26,389,85,30,2
452,0,0,7,315,55,30,2
453,1,30,58,90,72,35,2
454,0,44,32,506,109,35,2
455,0,53,26,551,110,35,2
456,0,0,8,402,69,35,2
457,1,55,69,115,81,60,1
458,0,34,43,392,85,60,1
459,0,35,37,437,84,60,1
460,0,0,13,268,42,60,1
461,1,40,66,105,77,45,1
462,0,34,31,372,71,45,1
463,0,35,25,417,70,45,1
464,0,0,18,327,54,45,1
465,0,69,57,67,65,45,1
466,0,34,31,355,69,45,1
467,1,40,18,245,45,45,1
468,0,0,13,320,48,45,1
469,0,69,129,185,149,6,1
470,0,34,67,933,168,6,1
471,1,20,54,820,143,6,1
472,0,0,38,894,135,6,1
473,1,90,151,95,161,36,1
474,0,34,96,895,193,36,1
475,0,35,51,885,147,36,1
476,0,0,35,844,127,36,1
477,1,10,70,85,80,20,1
478,0,34,34,351,72,20,1
479,0,35,28,396,71,20,1
480,0,0,22,307,55,20,1
481,1,25,75,100,90,20,2
482,0,44,15,348,68,20,2
483,0,53,12,393,72,20,2
484,0,0,7,290,51,20,2
485,1,99,110,260,138,26,1
486,0,34,92,934,193,26,1
487,0,35,47,924,147,26,1
488,0,0,45,816,134,26,1
489,1,30,94,195,115,29,1
490,0,34,89,943,191,29,1
491,0,35,44,933,145,29,1
492,0,0,58,912,157,29,1
493,1,35,95,155,119,8,2
494,0,44,45,930,186,8,2
495,0,53,43,920,183,8,2
496,0,0,23,860,153,8,2
497,0,69,104,178,123,32,1
498,0,34,89,992,197,32,1
499,1,15,38,675,111,32,1
500,0,0,39,900,137,32,1
501,0,64,103,170,129,45,2
502,0,44,88,889,222,45,2
503,1,30,35,770,152,45,2
504,0,0,18,905,155,45,2
505,0,64,86,167,112,45,3
506,0,44,75,972,222,45,3
507,0,53,44,962,190,45,3
508,1,0,13,870,145,45,3
509,0,64,108,139,129,26,2
510,0,44,90,862,220,26,2
511,1,30,36,780,154,26,2
512,0,0,18,875,151,26,2
513,0,69,59,106,71,60,1
514,0,34,31,372,71,60,1
515,0,35,25,417,70,60,1
516,1,0,13,300,46,60,1
517,0,64,58,124,77,10,2
518,1,10,35,380,92,10,2
519,0,53,13,427,78,10,2
520,0,0,8,364,63,10,2
521,0,64,107,153,131,45,2
522,0,44,89,880,222,45,2
523,0,53,44,870,176,45,2
524,1,0,2,660,102,45,2
525,0,64,86,143,108,60,3
526,0,44,74,880,207,60,3
527,0,53,43,870,175,60,3
528,1,0,16,660,116,60,3
529,0,69,108,196,129,60,1
530,0,34,91,967,196,60,1
531,1,15,35,935,136,60,1
532,0,0,38,903,136,60,1
533,0,69,103,149,119,8,1
534,0,34,45,892,142,8,1
535,1,25,25,730,104,8,1
536,0,0,37,882,133,8,1
537,0,64,103,160,127,60,2
538,0,44,89,987,239,60,2
539,0,53,44,977,192,60,2
540,1,0,34,660,134,60,2
541,0,64,114,161,138,12,2
542,0,44,60,1031,217,12,2
543,0,53,58,1021,213,12,2
544,1,0,19,720,128,12,2
545,0,69,107,150,123,45,1
546,0,34,91,914,190,45,1
547,0,35,46,904,144,45,1
548,1,0,36,750,117,45,1
549,0,69,118,137,132,50,1
550,0,34,96,904,194,50,1
551,1,5,65,850,157,50,1
552,0,0,64,859,157,50,1
553,0,69,102,101,113,26,1
554,0,34,87,870,182,26,1
555,1,45,35,800,122,26,1
556,0,0,35,825,125,26,1
557,0,64,85,101,101,35,3
558,0,44,73,870,205,35,3
559,0,53,42,860,173,35,3
560,1,0,12,600,103,35,3
561,0,69,107,158,125,12,1
562,1,30,61,780,146,12,1
563,0,35,45,901,143,12,1
564,0,0,54,853,147,12,1
565,0,69,113,244,140,15,1
566,1,30,67,845,158,15,1
567,0,35,49,893,146,15,1
568,0,0,47,868,141,15,1
569,0,64,84,215,117,12,4
570,1,99,37,885,171,12,4
571,0,53,46,966,193,12,4
572,0,0,10,921,150,12,4
573,0,64,94,163,119,35,3
574,1,25,68,755,183,35,3
575,0,53,47,895,183,35,3
576,0,0,16,879,149,35,3
577,0,69,112,161,129,26,1
578,1,15,21,797,108,26,1
579,0,35,45,876,140,26,1
580,0,0,47,852,140,26,1
581,0,69,103,166,121,6,1
582,1,45,20,820,109,6,1
583,0,35,43,836,134,6,1
584,0,0,35,886,131,6,1
585,0,69,107,152,124,4,1
586,1,30,33,755,115,4,1
587,0,35,44,882,140,4,1
588,0,0,48,845,140,4,1
589,0,64,103,164,128,40,2
590,1,10,41,730,152,40,2
591,0,53,43,925,183,40,2
592,0,0,19,898,155,40,2
593,0,64,143,166,168,40,1
594,1,10,83,825,208,40,1
595,0,53,70,896,206,40,1
596,0,0,50,911,188,40,1
597,1,45,94,270,123,60,1
598,0,34,91,916,190,60,1
599,0,35,46,906,144,60,1
600,0,0,49,872,144,60,1
601,1,45,138,115,150,4,1
602,0,34,60,880,156,4,1
603,0,35,58,870,153,4,1
604,0,0,47,888,143,4,1
605,1,60,102,250,129,50,1
606,0,34,112,997,220,50,1
607,0,35,67,952,170,50,1
608,0,0,43,971,148,50,1
609,1,60,151,255,190,60,2
610,0,44,91,941,234,60,2
611,0,53,46,931,187,60,2
612,0,0,21,959,166,60,2
613,1,60,111,205,133,70,1
614,0,34,97,888,193,70,1
615,0,35,52,878,147,70,1
616,0,0,49,855,142,70,1
617,1,60,70,95,93,40,2
618,0,44,31,360,85,40,2
619,0,53,25,405,86,40,2
620,0,0,7,335,58,40,2
621,1,45,74,70,85,35,3
622,0,44,26,361,81,35,3
623,0,53,21,406,82,35,3
624,0,0,4,315,52,35,3
625,1,75,165,180,192,60,2
626,0,44,98,967,245,60,2
627,0,53,53,922,193,60,2
628,0,0,26,947,170,60,2
629,1,30,93,175,112,60,1
630,0,34,96,1030,208,60,1
631,0,35,51,1020,162,60,1
632,0,0,54,967,159,60,1
633,1,90,71,115,89,50,2
634,0,44,31,385,89,50,2
635,0,53,25,430,90,50,2
636,0,0,7,332,57,50,2
637,1,45,75,75,96,40,3
638,0,44,33,418,96,40,3
639,0,53,28,463,98,40,3
640,0,0,5,291,49,40,3
641,1,60,81,70,89,60,1
642,0,34,32,341,69,60,1
643,0,35,26,386,68,60,1
644,0,0,13,307,46,60,1
645,1,75,94,95,104,20,1
646,0,34,33,367,73,20,1
647,0,35,27,412,72,20,1
648,0,0,14,314,48,20,1
649,0,64,70,158,93,50,3
650,0,44,61,778,179,50,3
651,0,53,34,772,151,50,3
652,1,0,11,470,82,50,3
653,0,64,65,145,87,70,4
654,0,44,54,674,156,70,4
655,0,53,33,668,135,70,4
656,1,0,8,560,93,70,4
657,0,64,71,133,91,50,3
658,0,44,59,625,153,50,3
659,0,53,32,619,126,50,3
660,1,0,8,510,85,50,3
661,0,69,81,139,96,26,1
662,0,34,71,698,147,26,1
663,0,35,32,692,107,26,1
664,1,0,33,600,98,26,1
665,0,64,65,154,89,45,4
666,0,44,53,621,147,45,4
667,0,53,32,615,125,45,4
668,1,0,9,535,90,45,4
669,0,64,58,148,80,45,6
670,0,44,48,646,145,45,6
671,0,53,32,640,129,45,6
672,1,0,5,470,76,45,6
673,0,69,81,95,91,30,1
674,0,34,70,610,136,30,1
675,0,35,31,604,96,30,1
676,1,0,30,440,78,30,1
677,0,64,71,145,93,40,3
678,0,44,59,658,159,40,3
679,0,53,32,652,131,40,3
680,1,0,10,590,100,40,3
681,0,64,82,159,106,50,2
682,0,44,71,765,187,50,2
683,0,53,32,759,147,50,2
684,1,0,13,490,87,50,2
685,0,69,61,73,69,35,1
686,0,34,33,350,71,35,1
687,1,50,26,227,51,35,1
688,0,0,14,314,48,35,1
689,0,69,60,133,74,34,1
690,0,34,31,397,74,34,1
691,1,15,21,240,47,34,1
692,0,0,14,351,52,34,1
693,0,64,81,129,101,8,2
694,0,44,35,677,138,8,2
695,1,15,31,565,117,8,2
696,0,0,12,588,101,8,2
697,0,69,59,117,72,30,1
698,0,34,32,397,75,30,1
699,0,35,26,442,74,30,1
700,1,0,17,180,37,30,1
701,0,69,111,276,141,32,1
702,0,34,93,1047,207,32,1
703,1,30,35,860,128,32,1
704,0,0,42,1008,151,32,1
705,0,69,59,88,68,26,1
706,0,34,30,361,70,26,1
707,1,15,21,295,53,26,1
708,0,0,13,299,45,26,1
709,0,69,59,114,71,42,1
710,0,34,31,389,73,42,1
711,1,15,21,243,47,42,1
712,0,0,13,334,49,42,1
713,1,90,55,115,72,50,1
714,0,44,72,602,163,50,1
715,0,53,33,596,123,50,1
716,0,0,24,589,113,50,1
717,1,15,87,110,104,70,2
718,0,44,31,348,84,70,2
719,0,53,25,393,85,70,2
720,0,0,7,320,56,70,2
721,0,69,62,76,71,30,1
722,0,34,39,377,80,30,1
723,0,35,33,422,79,30,1
724,1,0,12,300,45,30,1
725,0,69,59,121,72,26,1
726,0,34,31,386,73,26,1
727,0,35,25,431,72,26,1
728,1,0,14,270,43,26,1
729,0,64,51,90,64,26,3
730,1,20,61,350,114,26,3
731,0,53,22,405,83,26,3
732,0,0,6,327,56,26,3
733,0,64,64,215,97,18,2
734,1,50,41,420,104,18,2
735,0,53,15,385,73,18,2
736,0,0,9,321,58,18,2
737,0,64,58,74,69,35,2
738,1,30,21,295,66,35,2
739,0,53,24,389,83,35,2
740,0,0,7,315,55,35,2
741,0,64,71,119,89,50,3
742,0,44,58,617,152,50,3
743,1,15,35,615,128,50,3
744,0,0,11,586,100,50,3
745,1,15,50,75,58,4,1
746,0,34,15,361,55,4,1
747,0,35,12,406,56,4,1
748,0,0,13,315,47,4,1
749,1,10,61,80,73,30,4
750,0,44,24,350,77,30,4
751,0,53,19,395,79,30,4
752,0,0,4,314,52,30,4
753,0,69,59,100,70,45,1
754,0,34,31,372,71,45,1
755,0,35,25,417,70,45,1
756,1,0,13,210,36,45,1
757,0,69,58,73,66,60,1
758,0,34,31,324,66,60,1
759,0,35,25,334,61,60,1
760,1,0,18,240,44,60,1
761,0,69,62,184,82,4,1
762,0,34,19,454,68,4,1
763,0,35,16,464,66,4,1
764,1,0,18,225,42,4,1
765,1,30,93,85,102,30,1
766,0,34,33,365,72,30,1
767,0,35,27,410,71,30,1
768,0,0,13,308,46,30,1
769,1,20,76,95,86,60,1
770,0,34,33,344,70,60,1
771,0,35,27,389,69,60,1
772,0,0,13,315,47,60,1
773,0,64,100,190,129,4,2
774,0,44,49,678,152,4,2
775,1,30,48,430,113,4,2
776,0,0,14,629,109,4,2
777,0,64,48,63,58,18,3
778,1,10,21,255,60,18,3
779,0,53,13,397,73,18,3
780,0,0,4,324,53,18,3
781,0,64,58,93,72,15,2
782,1,10,30,315,78,15,2
783,0,53,13,346,65,15,2
784,0,0,6,316,54,15,2
785,0,69,59,94,69,26,1
786,0,34,30,361,70,26,1
787,0,35,24,406,68,26,1
788,1,0,10,270,39,26,1
789,1,30,111,105,122,40,1
790,0,34,71,596,136,40,1
791,0,35,32,590,96,40,1
792,0,0,27,577,90,40,1
793,1,5,64,80,76,70,2
794,0,44,30,348,83,70,2
795,0,53,24,393,84,70,2
796,0,0,7,291,51,70,2
797,1,5,60,85,73,45,4
798,0,44,24,379,81,45,4
799,0,53,19,424,83,45,4
800,0,0,3,337,54,45,4
801,0,64,97,188,125,26,3
802,0,44,76,825,201,26,3
803,1,16,38,810,161,26,3
804,0,0,15,803,137,26,3
805,0,69,91,117,104,35,1
806,0,34,77,630,145,35,1
807,0,35,38,624,106,35,1
808,1,0,29,540,88,35,1
809,0,69,59,114,72,4,1
810,0,34,16,378,57,4,1
811,1,5,14,370,54,4,1
812,0,0,17,335,53,4,1
813,0,69,60,66,67,20,1
814,0,34,34,352,72,20,1
815,1,10,37,250,64,20,1
816,0,0,13,307,46,20,1
817,0,69,107,144,123,45,1
818,0,34,89,879,184,45,1
819,1,30,35,775,119,45,1
820,0,0,37,868,131,45,1
821,0,69,81,124,94,40,1
822,0,34,69,605,135,40,1
823,0,35,30,599,95,40,1
824,1,0,30,720,108,40,1
825,1,45,126,135,141,40,1
826,0,34,70,596,135,40,1
827,0,35,31,590,95,40,1
828,0,0,32,577,95,40,1
829,0,69,59,86,68,2,1
830,0,34,15,360,54,2,1
831,1,50,29,265,57,2,1
832,0,0,13,300,46,2,1
833,0,69,81,124,94,20,1
834,0,34,35,605,100,20,1
835,0,35,31,599,96,20,1
836,1,0,27,510,82,20,1
837,0,64,66,140,87,70,4
838,0,44,54,670,156,70,4
839,0,53,33,664,134,70,4
840,1,0,12,540,94,70,4
