,manufacturer,model,displ,year,cyl,trans,drv,cty,hwy,fl,class
1,0,1,1.8,1999,4,3,1,18,29,3,1
2,0,1,1.8,1999,4,8,1,21,29,3,1
3,0,1,2.0,2008,4,9,1,20,31,3,1
4,0,1,2.0,2008,4,0,1,21,30,3,1
5,0,1,2.8,1999,6,3,1,16,26,3,1
6,0,1,2.8,1999,6,8,1,18,26,3,1
7,0,1,3.1,2008,6,0,1,18,27,3,1
8,0,2,1.8,1999,4,8,0,18,26,3,1
9,0,2,1.8,1999,4,3,0,16,25,3,1
10,0,2,2.0,2008,4,9,0,20,28,3,1
11,0,2,2.0,2008,4,7,0,19,27,3,1
12,0,2,2.8,1999,6,3,0,15,25,3,1
13,0,2,2.8,1999,6,8,0,17,25,3,1
14,0,2,3.1,2008,6,7,0,17,25,3,1
15,0,2,3.1,2008,6,9,0,15,25,3,1
16,0,3,2.8,1999,6,3,0,15,24,3,2
17,0,3,3.1,2008,6,7,0,17,25,3,2
18,0,3,4.2,2008,8,7,0,16,23,3,2
19,1,5,5.3,2008,8,2,2,14,20,4,6
20,1,5,5.3,2008,8,2,2,11,15,2,6
21,1,5,5.3,2008,8,2,2,14,20,4,6
22,1,5,5.7,1999,8,2,2,13,17,4,6
23,1,5,6.0,2008,8,2,2,12,17,4,6
24,1,11,5.7,1999,8,9,2,16,26,3,0
25,1,11,5.7,1999,8,2,2,15,23,3,0
26,1,11,6.2,2008,8,9,2,16,26,3,0
27,1,11,6.2,2008,8,7,2,15,25,3,0
28,1,11,7.0,2008,8,9,2,15,24,3,0
29,1,23,5.3,2008,8,2,0,14,19,4,6
30,1,23,5.3,2008,8,2,0,11,14,2,6
31,1,23,5.7,1999,8,2,0,11,15,4,6
32,1,23,6.5,1999,8,2,0,14,17,1,6
33,1,25,2.4,1999,4,2,1,19,27,4,2
34,1,25,2.4,2008,4,2,1,22,30,4,2
35,1,25,3.1,1999,6,2,1,18,26,4,2
36,1,25,3.5,2008,6,2,1,18,29,4,2
37,1,25,3.6,2008,6,7,1,17,26,4,2
38,2,8,2.4,1999,4,1,1,18,24,4,3
39,2,8,3.0,1999,6,2,1,17,24,4,3
40,2,8,3.3,1999,6,2,1,16,22,4,3
41,2,8,3.3,1999,6,2,1,16,22,4,3
42,2,8,3.3,2008,6,2,1,17,24,4,3
43,2,8,3.3,2008,6,2,1,17,24,4,3
44,2,8,3.3,2008,6,2,1,11,17,2,3
45,2,8,3.8,1999,6,2,1,15,22,4,3
46,2,8,3.8,1999,6,2,1,15,21,4,3
47,2,8,3.8,2008,6,4,1,16,23,4,3
48,2,8,4.0,2008,6,4,1,16,23,4,3
49,2,12,3.7,2008,6,9,0,15,19,4,4
50,2,12,3.7,2008,6,2,0,14,18,4,4
51,2,12,3.9,1999,6,2,0,13,17,4,4
52,2,12,3.9,1999,6,8,0,14,17,4,4
53,2,12,4.7,2008,8,3,0,14,19,4,4
54,2,12,4.7,2008,8,3,0,14,19,4,4
55,2,12,4.7,2008,8,3,0,9,12,2,4
56,2,12,5.2,1999,8,8,0,11,17,4,4
57,2,12,5.2,1999,8,2,0,11,15,4,4
58,2,13,3.9,1999,6,2,0,13,17,4,6
59,2,13,4.7,2008,8,3,0,13,17,4,6
60,2,13,4.7,2008,8,3,0,9,12,2,6
61,2,13,4.7,2008,8,3,0,13,17,4,6
62,2,13,5.2,1999,8,2,0,11,16,4,6
63,2,13,5.7,2008,8,3,0,13,18,4,6
64,2,13,5.9,1999,8,2,0,11,15,4,6
65,2,33,4.7,2008,8,9,0,12,16,4,4
66,2,33,4.7,2008,8,3,0,9,12,2,4
67,2,33,4.7,2008,8,3,0,13,17,4,4
68,2,33,4.7,2008,8,3,0,13,17,4,4
69,2,33,4.7,2008,8,9,0,12,16,4,4
70,2,33,4.7,2008,8,9,0,9,12,2,4
71,2,33,5.2,1999,8,2,0,11,15,4,4
72,2,33,5.2,1999,8,8,0,11,16,4,4
73,2,33,5.7,2008,8,3,0,13,17,4,4
74,2,33,5.9,1999,8,2,0,11,15,4,4
75,3,14,4.6,1999,8,2,2,11,17,4,6
76,3,14,5.4,1999,8,2,2,11,17,4,6
77,3,14,5.4,2008,8,4,2,12,18,4,6
78,3,15,4.0,1999,6,3,0,14,17,4,6
79,3,15,4.0,1999,6,8,0,15,19,4,6
80,3,15,4.0,1999,6,3,0,14,17,4,6
81,3,15,4.0,2008,6,3,0,13,19,4,6
82,3,15,4.6,2008,8,4,0,13,19,4,6
83,3,15,5.0,1999,8,2,0,13,17,4,6
84,3,16,4.2,1999,6,2,0,14,17,4,4
85,3,16,4.2,1999,6,8,0,14,17,4,4
86,3,16,4.6,1999,8,8,0,13,16,4,4
87,3,16,4.6,1999,8,2,0,13,16,4,4
88,3,16,4.6,2008,8,2,0,13,17,4,4
89,3,16,5.4,1999,8,2,0,11,15,4,4
90,3,16,5.4,2008,8,2,0,13,17,4,4
91,3,28,3.8,1999,6,8,2,18,26,4,5
92,3,28,3.8,1999,6,2,2,18,25,4,5
93,3,28,4.0,2008,6,8,2,17,26,4,5
94,3,28,4.0,2008,6,3,2,16,24,4,5
95,3,28,4.6,1999,8,2,2,15,21,4,5
96,3,28,4.6,1999,8,8,2,15,22,4,5
97,3,28,4.6,2008,8,8,2,15,23,4,5
98,3,28,4.6,2008,8,3,2,15,22,4,5
99,3,28,5.4,2008,8,9,2,14,20,3,5
100,4,9,1.6,1999,4,8,1,28,33,4,5
101,4,9,1.6,1999,4,2,1,24,32,4,5
102,4,9,1.6,1999,4,8,1,25,32,4,5
103,4,9,1.6,1999,4,8,1,23,29,3,5
104,4,9,1.6,1999,4,2,1,24,32,4,5
105,4,9,1.8,2008,4,8,1,26,34,4,5
106,4,9,1.8,2008,4,3,1,25,36,4,5
107,4,9,1.8,2008,4,3,1,24,36,0,5
108,4,9,2.0,2008,4,9,1,21,29,3,5
109,5,35,2.4,1999,4,2,1,18,26,4,2
110,5,35,2.4,1999,4,8,1,18,27,4,2
111,5,35,2.4,2008,4,2,1,21,30,4,2
112,5,35,2.4,2008,4,8,1,21,31,4,2
113,5,35,2.5,1999,6,2,1,18,26,4,2
114,5,35,2.5,1999,6,8,1,18,26,4,2
115,5,35,3.3,2008,6,3,1,19,28,4,2
116,5,36,2.0,1999,4,2,1,19,26,4,5
117,5,36,2.0,1999,4,8,1,19,29,4,5
118,5,36,2.0,2008,4,8,1,20,28,4,5
119,5,36,2.0,2008,4,2,1,20,27,4,5
120,5,36,2.7,2008,6,2,1,17,24,4,5
121,5,36,2.7,2008,6,9,1,16,24,4,5
122,5,36,2.7,2008,6,8,1,17,24,4,5
123,6,18,3.0,2008,6,3,0,17,22,1,6
124,6,18,3.7,2008,6,3,0,15,19,4,6
125,6,18,4.0,1999,6,2,0,15,20,4,6
126,6,18,4.7,1999,8,2,0,14,17,4,6
127,6,18,4.7,2008,8,3,0,9,12,2,6
128,6,18,4.7,2008,8,3,0,14,19,4,6
129,6,18,5.7,2008,8,3,0,13,18,4,6
130,6,18,6.1,2008,8,3,0,11,14,3,6
131,7,34,4.0,1999,8,2,0,11,15,3,6
132,7,34,4.2,2008,8,7,0,12,18,4,6
133,7,34,4.4,2008,8,7,0,12,18,4,6
134,7,34,4.6,1999,8,2,0,11,15,3,6
135,8,29,5.4,1999,8,2,2,11,17,4,6
136,8,29,5.4,1999,8,2,2,11,16,3,6
137,8,29,5.4,2008,8,4,2,12,18,4,6
138,9,27,4.0,1999,6,3,0,14,17,4,6
139,9,27,4.0,2008,6,3,0,13,19,4,6
140,9,27,4.6,2008,8,4,0,13,19,4,6
141,9,27,5.0,1999,8,2,0,13,17,4,6
142,10,4,2.4,1999,4,8,1,21,29,4,1
143,10,4,2.4,1999,4,2,1,19,27,4,1
144,10,4,2.5,2008,4,0,1,23,31,4,2
145,10,4,2.5,2008,4,9,1,23,32,4,2
146,10,4,3.5,2008,6,9,1,19,27,3,2
147,10,4,3.5,2008,6,0,1,19,26,3,2
148,10,26,3.0,1999,6,2,1,18,26,4,2
149,10,26,3.0,1999,6,8,1,19,25,4,2
150,10,26,3.5,2008,6,0,1,19,25,3,2
151,10,32,3.3,1999,6,2,0,14,17,4,6
152,10,32,3.3,1999,6,8,0,15,17,4,6
153,10,32,4.0,2008,6,3,0,14,20,3,6
154,10,32,5.6,2008,8,6,0,12,18,3,6
155,11,19,3.1,1999,6,2,1,18,26,4,2
156,11,19,3.8,1999,6,2,1,16,26,3,2
157,11,19,3.8,1999,6,2,1,17,27,4,2
158,11,19,3.8,2008,6,2,1,18,28,4,2
159,11,19,5.3,2008,8,5,1,16,25,3,2
160,12,17,2.5,1999,4,8,0,18,25,4,6
161,12,17,2.5,1999,4,2,0,18,24,4,6
162,12,17,2.5,2008,4,8,0,20,27,4,6
163,12,17,2.5,2008,4,8,0,19,25,3,6
164,12,17,2.5,2008,4,2,0,20,26,4,6
165,12,17,2.5,2008,4,2,0,18,23,3,6
166,12,21,2.2,1999,4,2,0,21,26,4,5
167,12,21,2.2,1999,4,8,0,19,26,4,5
168,12,21,2.5,1999,4,8,0,19,26,4,5
169,12,21,2.5,1999,4,2,0,19,26,4,5
170,12,21,2.5,2008,4,5,0,20,25,3,1
171,12,21,2.5,2008,4,5,0,20,27,4,1
172,12,21,2.5,2008,4,8,0,19,25,3,1
173,12,21,2.5,2008,4,8,0,20,27,4,1
174,13,0,2.7,1999,4,8,0,15,20,4,6
175,13,0,2.7,1999,4,2,0,16,20,4,6
176,13,0,3.4,1999,6,2,0,15,19,4,6
177,13,0,3.4,1999,6,8,0,15,17,4,6
178,13,0,4.0,2008,6,3,0,16,20,4,6
179,13,0,4.7,2008,8,3,0,14,17,4,6
180,13,6,2.2,1999,4,8,1,21,29,4,2
181,13,6,2.2,1999,4,2,1,21,27,4,2
182,13,6,2.4,2008,4,8,1,21,31,4,2
183,13,6,2.4,2008,4,3,1,21,31,4,2
184,13,6,3.0,1999,6,2,1,18,26,4,2
185,13,6,3.0,1999,6,8,1,18,26,4,2
186,13,6,3.5,2008,6,7,1,19,28,4,2
187,13,7,2.2,1999,4,2,1,21,27,4,1
188,13,7,2.2,1999,4,8,1,21,29,4,1
189,13,7,2.4,2008,4,8,1,21,31,4,1
190,13,7,2.4,2008,4,6,1,22,31,4,1
191,13,7,3.0,1999,6,2,1,18,26,4,1
192,13,7,3.0,1999,6,8,1,18,26,4,1
193,13,7,3.3,2008,6,6,1,18,27,4,1
194,13,10,1.8,1999,4,1,1,24,30,4,1
195,13,10,1.8,1999,4,2,1,24,33,4,1
196,13,10,1.8,1999,4,8,1,26,35,4,1
197,13,10,1.8,2008,4,8,1,28,37,4,1
198,13,10,1.8,2008,4,2,1,26,35,4,1
199,13,24,4.7,1999,8,2,0,11,15,4,6
200,13,24,5.7,2008,8,7,0,13,18,4,6
201,13,37,2.7,1999,4,8,0,15,20,4,4
202,13,37,2.7,1999,4,2,0,16,20,4,4
203,13,37,2.7,2008,4,8,0,17,22,4,4
204,13,37,3.4,1999,6,8,0,15,17,4,4
205,13,37,3.4,1999,6,2,0,15,19,4,4
206,13,37,4.0,2008,6,9,0,15,18,4,4
207,13,37,4.0,2008,6,3,0,16,20,4,4
208,14,20,2.0,1999,4,8,1,21,29,4,1
209,14,20,2.0,1999,4,2,1,19,26,4,1
210,14,20,2.0,2008,4,9,1,21,29,3,1
211,14,20,2.0,2008,4,7,1,22,29,3,1
212,14,20,2.8,1999,6,8,1,17,24,4,1
213,14,22,1.9,1999,4,8,1,33,44,1,1
214,14,22,2.0,1999,4,8,1,21,29,4,1
215,14,22,2.0,1999,4,2,1,19,26,4,1
216,14,22,2.0,2008,4,7,1,22,29,3,1
217,14,22,2.0,2008,4,9,1,21,29,3,1
218,14,22,2.5,2008,5,7,1,21,29,4,1
219,14,22,2.5,2008,5,8,1,21,29,4,1
220,14,22,2.8,1999,6,2,1,16,23,4,1
221,14,22,2.8,1999,6,8,1,17,24,4,1
222,14,30,1.9,1999,4,8,1,35,44,1,5
223,14,30,1.9,1999,4,2,1,29,41,1,5
224,14,30,2.0,1999,4,8,1,21,29,4,5
225,14,30,2.0,1999,4,2,1,19,26,4,5
226,14,30,2.5,2008,5,8,1,20,28,4,5
227,14,30,2.5,2008,5,7,1,20,29,4,5
228,14,31,1.8,1999,4,8,1,21,29,3,2
229,14,31,1.8,1999,4,3,1,18,29,3,2
230,14,31,2.0,2008,4,7,1,19,28,3,2
231,14,31,2.0,2008,4,9,1,21,29,3,2
232,14,31,2.8,1999,6,3,1,16,26,3,2
233,14,31,2.8,1999,6,8,1,18,26,3,2
234,14,31,3.6,2008,6,7,1,17,26,3,2
