,ipip,wage1992,prtyid,ideol,gender
1,3,0.614226460456848,7.0,5.0,1
2,4,0.596963346004486,5.0,5.0,1
3,4,0.267989993095398,7.0,6.0,1
4,1,0.261489987373352,1.0,4.0,1
5,3,0.437947690486908,2.0,3.31290054321289,1
6,4,0.464700013399124,5.0,3.0,0
7,3,0.673849999904633,3.0,5.0,1
8,5,0.612436830997467,4.0,2.0,1
9,2,0.600469946861267,1.0,1.0,1
10,4,0.785520017147064,2.0,3.0,1
11,3,0.367390006780624,5.0,2.0,0
12,3,0.387620002031326,7.0,4.0,0
13,4,0.394959986209869,2.62966799736023,3.67877650260925,1
14,3,0.312420010566711,5.0,4.42300605773926,1
15,5,1.13774001598358,4.0,4.0,0
16,3,0.600469946861267,7.0,6.0,1
17,3,0.461620002985001,6.0,4.0,0
18,2,0.785520017147064,1.0,3.9916307926178,0
19,3,0.408399999141693,5.0,3.0,1
20,5,0.518409967422485,7.0,4.0,1
21,5,0.267989993095398,3.0,2.0,0
22,3,0.265219986438751,3.0,2.46880722045898,1
23,4,0.614226460456848,3.0,5.0,1
24,3,0.284888297319412,4.0,3.0,0
25,5,0.452622711658478,7.0,6.0,1
26,3,0.318247318267822,3.0,6.0,1
27,2,0.581430017948151,5.0,5.4493613243103,1
28,3,0.408399999141693,2.0,4.05274391174316,1
29,5,0.261489987373352,4.0,5.65098285675049,1
30,3,0.631883382797241,5.0,4.88335466384888,1
31,5,0.267989993095398,1.0,2.0560417175293,1
32,5,0.408399999141693,6.0,5.21073722839355,0
33,4,0.440597921609879,6.0,4.0,1
34,3,0.394959986209869,2.0,4.0,1
35,3,0.511519968509674,1.0,3.23466920852661,0
36,3,0.785520017147064,6.0,3.4414975643158,0
37,5,0.785520017147064,5.0,6.0,0
38,3,0.614226460456848,4.0,5.21029710769653,0
39,3,0.673849999904633,5.0,6.0,0
40,2,0.65021002292633,2.0,3.0,1
41,3,0.592509984970093,5.0,5.0,0
42,3,0.644749999046326,6.0,3.0,1
43,4,0.267989993095398,6.0,5.0,0
44,5,0.614226460456848,2.0,5.0,0
45,3,0.445836186408997,1.0,4.0,1
46,3,0.701979994773865,2.0,3.0,1
47,5,0.427269995212555,6.0,6.0,1
48,3,0.189989998936653,6.0,4.0,1
49,3,0.511519968509674,2.0,3.98858666419983,0
50,4,0.518409967422485,7.0,7.0,0
51,5,0.335929989814758,5.0,4.0,1
52,2,0.65021002292633,1.0,2.0,0
53,3,0.592509984970093,7.0,4.0,0
54,4,0.367390006780624,4.0,4.0,0
55,3,0.387620002031326,5.0,6.17189264297485,0
56,3,0.785520017147064,6.0,3.0,0
57,3,0.320780009031296,1.0,6.0,1
58,3,0.394959986209869,7.0,6.0,1
59,5,0.785520017147064,7.0,6.0,1
60,5,0.267989993095398,2.0,2.0,0
61,3,0.414970010519028,7.0,6.0,0
62,4,0.309140026569366,4.0,3.0,0
63,4,0.406390011310577,1.0,2.0,1
64,3,0.673849999904633,7.0,6.0,1
65,5,0.511519968509674,1.0,2.0,0
66,3,0.614226460456848,2.0,2.0,0
67,3,0.261489987373352,2.0,3.54713201522827,1
68,4,0.600469946861267,1.0,5.0,1
69,5,0.785520017147064,7.0,7.0,0
70,5,0.516614854335785,1.0,5.0,1
71,3,0.364969998598099,5.0,5.0,0
72,3,0.320780009031296,6.27468061447144,7.0,1
73,3,0.336679995059967,2.0,5.34947633743286,0
74,5,0.390350013971329,3.0,4.0,0
75,3,0.785520017147064,7.0,4.0,0
76,3,0.446730017662048,5.0,4.0,0
77,3,0.727735817432404,7.0,6.0,1
78,1,0.309140026569366,7.0,4.0,0
79,2,0.408399999141693,7.0,4.0,1
80,3,0.592509984970093,7.0,2.0,0
81,3,0.662460029125214,1.0,2.0,0
82,5,0.267989993095398,2.0,4.54243183135986,1
83,5,0.592509984970093,3.0,5.0,0
84,3,0.903599977493286,2.0,2.0,0
85,5,0.477019995450974,5.0,1.52099096775055,0
86,3,0.545379996299744,5.0,5.48101282119751,0
87,5,0.688880026340485,5.0,6.0,1
88,5,0.309140026569366,2.0,5.81549835205078,0
89,3,0.265219986438751,4.0,5.615966796875,0
90,4,0.592509984970093,1.0,2.0,1
91,3,0.701979994773865,7.0,6.0,1
92,3,0.903599977493286,5.0,5.0,0
93,3,0.408600002527237,1.0,3.87153434753418,0
94,3,0.785520017147064,1.0,2.0,1
95,4,0.529449999332428,1.0,4.0,0
96,4,0.320780009031296,7.0,2.0,1
97,5,0.364969998598099,5.0,3.0,1
98,3,0.361250013113022,2.0,5.70326995849609,1
99,5,0.662460029125214,4.0,3.58190965652466,0
100,5,0.673849999904633,4.0,5.0,1
101,4,0.38925313949585,5.0,4.0,1
102,3,0.532429993152618,1.0,1.1063334941864,0
103,3,0.440597921609879,1.0,2.0,0
104,4,0.367390006780624,4.0,4.77544164657593,0
105,3,0.785520017147064,5.0,5.0,0
106,4,0.688880026340485,2.0,5.0,0
107,4,0.385200023651123,4.0,6.03722524642944,0
108,4,0.414762914180756,3.0,6.0,1
109,5,0.701979994773865,6.0,4.0,0
110,3,0.401980012655258,1.0,4.0,0
111,3,0.296324640512466,5.0,5.92802572250366,1
112,3,0.343410015106201,2.0,0.362428516149521,1
113,2,0.65021002292633,4.0,3.0,1
114,2,0.488460183143616,7.0,6.0,0
115,3,0.343410015106201,4.0,4.0,0
116,3,0.785520017147064,6.0,5.0,0
117,4,0.592509984970093,1.0,4.0,0
118,4,0.288779735565186,1.0,6.0,0
119,4,0.395176887512207,4.0,4.0,1
120,3,0.197089686989784,2.0,5.44724035263062,1
121,3,0.673849999904633,3.0,3.35220837593079,0
122,1,0.688880026340485,2.0,4.0,1
123,3,0.364969998598099,1.0,2.69973087310791,1
124,3,0.320780009031296,3.0,3.0,1
125,3,0.399568438529968,3.0,3.0,1
126,5,0.609759986400604,6.0,2.0,1
127,4,0.320780009031296,1.0,2.81309199333191,1
128,5,0.400240004062653,6.0,5.0,1
129,3,0.600469946861267,3.0,4.0,1
130,5,0.518409967422485,3.0,4.0,1
131,3,0.600469946861267,2.0,4.0,1
132,5,0.785520017147064,7.0,4.8306713104248,0
133,5,0.785520017147064,5.0,5.0,0
134,5,0.566213011741638,4.0,6.0,1
135,5,0.600902915000916,3.6433322429657,3.95950174331665,1
136,3,0.644749999046326,1.0,6.0,0
137,3,0.320780009031296,6.0,5.0,1
138,3,0.385200023651123,1.0,3.0,1
139,3,0.522410154342651,7.0,5.0,1
140,3,0.315829992294312,2.0,3.1316385269165,1
141,4,0.785520017147064,3.0,3.0,0
142,3,0.518409967422485,7.0,6.0,1
143,5,0.614226460456848,7.0,6.0,0
144,3,1.10091006755829,6.0,5.0,0
145,4,0.600469946861267,6.0,5.0,1
146,3,0.600469946861267,2.0,4.0,1
147,3,0.785520017147064,5.0,5.65956592559814,1
148,5,0.414970010519028,7.0,4.0,0
149,4,0.36285999417305,6.0,4.0,0
150,3,0.65021002292633,4.0,4.0,0
151,4,0.464899986982346,4.0,3.71332240104675,1
152,5,0.785520017147064,5.0,4.0,1
153,3,0.785520017147064,2.0,2.0,0
154,3,0.785520017147064,1.0,3.0,1
155,4,0.785520017147064,7.0,5.0,0
156,3,0.600469946861267,5.0,1.07251465320587,0
157,1,0.511519968509674,4.0,3.98861360549927,0
158,5,0.629091441631317,5.0,4.0,0
159,4,0.673849999904633,5.0,6.0,0
160,3,0.785520017147064,6.0,5.0,0
161,4,0.673849999904633,6.0,5.0,0
162,3,0.614226460456848,6.0,6.0,0
163,3,0.823901236057281,7.0,6.0,0
164,2,0.793409943580627,5.0,6.0,0
165,3,0.701979994773865,2.0,5.0,0
166,5,0.320780009031296,1.0,2.34157609939575,1
167,3,0.487359970808029,3.0,3.0,0
168,4,0.394959986209869,4.0,5.0,1
169,2,0.529449999332428,3.0,5.966787815094,0
170,4,0.320780009031296,1.0,4.0,1
171,5,0.785520017147064,2.0,6.0,0
172,3,0.609759986400604,2.0,4.0,1
173,3,0.614226460456848,3.0,2.0,0
174,4,0.267989993095398,1.0,3.0,1
175,4,0.394959986209869,4.0,4.0,1
176,5,0.785520017147064,3.0,4.0,0
177,3,0.614226460456848,5.0,6.0,0
178,3,0.65021002292633,7.0,6.0,0
179,5,0.343410015106201,4.0,5.19104099273682,1
180,3,0.8400399684906,6.0,4.0,0
181,5,0.267989993095398,7.0,5.0,1
182,3,0.267989993095398,1.0,4.0,1
183,5,0.493121325969696,1.0,3.21473026275635,1
184,5,0.65021002292633,5.0,6.0,1
185,4,0.312420010566711,2.0,3.0,1
186,5,0.511519968509674,3.0,5.0,0
187,5,0.785520017147064,7.0,5.0,0
188,2,0.171543195843697,2.0,4.0,1
189,4,0.487359970808029,5.0,3.0,0
190,5,0.614226460456848,6.0,3.0,1
191,1,0.258366107940674,7.0,6.0,1
192,5,0.265219986438751,5.0,4.0,1
193,3,0.343410015106201,2.0,5.27543210983276,1
194,1,0.320780009031296,3.0,1.0,0
195,3,0.785520017147064,6.0,4.0,0
196,3,0.793409943580627,2.0,5.0,0
197,4,0.608996152877808,5.0,2.94039964675903,1
198,4,0.903599977493286,7.0,4.0,1
199,3,0.414970010519028,7.0,7.0,0
200,5,0.407070010900497,1.0,2.79634404182434,1
201,3,0.8400399684906,5.0,6.0,0
202,3,0.673849999904633,1.0,5.0,0
203,3,0.529449999332428,5.0,4.0,1
204,5,0.267989993095398,3.0,4.6389307975769,1
205,5,0.785520017147064,6.0,0.758948981761932,0
206,3,0.785520017147064,7.0,6.0,0
207,3,0.688880026340485,5.0,4.0,1
208,1,0.390350013971329,3.0,7.0,0
209,3,0.381099998950958,4.0,3.27168202400208,0
210,3,0.461620002985001,1.0,4.0,0
211,4,0.394959986209869,3.0,4.0,1
212,4,0.65021002292633,7.0,6.0,0
213,1,0.673849999904633,7.0,6.0,1
214,3,0.507754027843475,5.0,5.0,1
215,3,0.581430017948151,3.0,3.50895237922668,0
216,5,0.511519968509674,3.0,2.0,0
217,3,0.527284443378448,6.0,5.71724224090576,0
218,3,0.343410015106201,3.0,5.14934206008911,1
219,4,0.785520017147064,2.0,7.0,1
220,1,0.461620002985001,5.0,6.0,0
221,5,0.698559999465942,2.0,7.0,0
222,5,0.401980012655258,2.0,4.68675518035889,1
223,5,0.785520017147064,3.0,4.0,0
224,4,0.387620002031326,2.0,5.64213180541992,1
225,3,0.400240004062653,2.0,4.25117492675781,1
226,5,0.267989993095398,1.0,2.48742723464966,1
227,5,0.335929989814758,4.0,6.48164987564087,0
228,1,0.520840048789978,6.0,4.0,0
229,2,0.600469946861267,4.0,4.0,0
230,3,0.673849999904633,1.0,2.0,0
231,3,0.394959986209869,3.0,2.0,1
232,5,0.394959986209869,6.0,6.0,1
233,5,0.401980012655258,3.0,5.0,1
234,3,0.673849999904633,1.0,5.0,1
235,3,0.614226460456848,3.0,1.0,0
236,4,0.457309991121292,3.0,4.0,0
237,4,0.394959986209869,7.0,5.0,1
238,5,0.600469946861267,2.0,4.0,1
239,3,0.407070010900497,2.0,4.0,1
240,4,0.701979994773865,7.0,4.0,1
241,3,0.903599977493286,4.0,5.0,0
242,3,0.315829992294312,6.0,5.32721185684204,0
243,5,0.387620002031326,1.0,2.0,1
244,5,0.614226460456848,1.0,6.0,0
245,4,0.315829992294312,4.0,4.0,0
246,3,0.312420010566711,5.0,4.77738332748413,1
247,5,0.600469946861267,4.0,3.0,1
248,5,0.343410015106201,2.0,4.89799928665161,0
249,4,0.367390006780624,8.75871562957764,6.2587456703186,0
250,4,0.440597921609879,2.0,4.0,0
251,5,0.343410015106201,3.0,4.0,1
252,2,0.400240004062653,1.0,4.0,1
253,3,0.320780009031296,7.0,5.0,1
254,3,0.414970010519028,5.0,5.0,0
255,5,0.903599977493286,7.0,5.0,0
256,4,0.600469946861267,6.0,3.0,1
257,5,0.903599977493286,5.0,5.0,0
258,3,0.609759986400604,5.0,3.0,1
259,3,0.394959986209869,6.0,4.37225723266602,1
260,4,0.451003193855286,6.0,5.0,0
261,3,0.401980012655258,3.0,1.29911458492279,0
262,5,0.679544389247894,2.0,6.0,1
263,1,0.688880026340485,2.0,2.0,1
264,2,0.592509984970093,4.0,6.0,0
265,4,0.464700013399124,1.0,2.0,1
266,4,0.688880026340485,7.0,4.0,1
267,3,0.408399999141693,2.0,5.0,0
268,3,1.10091006755829,6.0,5.0,0
269,5,0.614226460456848,7.0,6.0,0
270,1,0.267989993095398,4.0,6.24294137954712,1
271,5,0.408399999141693,1.0,3.1588306427002,1
272,4,0.408399999141693,3.0,4.64158391952515,1
273,4,0.477019995450974,2.0,5.22187423706055,0
274,3,0.487359970808029,4.0,3.0,0
275,3,0.343410015106201,3.0,6.0,1
276,3,0.65021002292633,3.0,2.0,1
277,4,0.348175942897797,2.0,5.72563171386719,1
278,3,0.446730017662048,3.0,2.0,0
279,5,0.600469946861267,5.0,6.0,1
280,5,0.267989993095398,2.83136701583862,5.18223476409912,0
281,3,0.600469946861267,2.0,3.0,1
282,3,0.415124773979187,1.0,3.54239964485168,1
283,5,0.518409967422485,7.0,5.0,0
284,4,0.36285999417305,5.0,4.14398813247681,0
285,5,0.414970010519028,4.0,4.93925046920776,0
286,1,0.400240004062653,5.0,4.14371681213379,1
287,3,0.785520017147064,5.0,4.71131086349487,1
288,3,0.777340054512024,7.0,7.0,0
289,4,0.600469946861267,2.0,4.0,1
290,2,0.785520017147064,7.0,6.0,0
291,4,0.614226460456848,2.0,2.58397817611694,1
292,5,0.401980012655258,2.0,4.25728893280029,0
293,3,0.309140026569366,7.0,5.25989389419556,1
294,4,0.477019995450974,2.0,3.41569781303406,0
295,3,0.394959986209869,1.0,1.0,1
296,5,0.381099998950958,2.0,4.0,1
297,4,0.322678208351135,1.0,7.0,1
298,5,0.446730017662048,4.0,3.0,1
299,2,0.785520017147064,6.0,4.0,1
300,4,0.343410015106201,4.0,2.0,1
301,5,0.427269995212555,2.0,7.0,0
302,4,0.688880026340485,2.0,4.0,1
303,3,0.785520017147064,6.0,5.0,1
304,5,0.511519968509674,2.0,5.0,0
305,4,0.440597921609879,1.0,4.4717173576355,0
306,4,0.785520017147064,3.0,3.0,0
307,3,0.427269995212555,1.0,2.50268650054932,0
308,4,0.407070010900497,3.0,2.0,1
309,3,0.343410015106201,4.0,4.0,0
310,4,0.267989993095398,2.0,4.0,0
311,3,0.267989993095398,1.0,3.25417494773865,1
312,4,0.394959986209869,3.0,3.57950687408447,1
313,3,0.343410015106201,6.0,4.0,1
314,4,0.343410015106201,2.0,4.0,0
315,5,0.592509984970093,2.0,4.0,0
316,3,0.3887699842453,7.0,4.69186496734619,0
317,5,0.460569351911545,7.0,6.0,0
318,4,0.461620002985001,1.0,1.95146405696869,0
319,4,0.394959986209869,4.0,4.0,1
320,2,0.614226460456848,5.0,4.0,1
321,5,0.673849999904633,6.0,4.0,1
322,3,0.673849999904633,7.0,6.0,0
323,3,0.785520017147064,7.0,6.0,0
324,3,0.394959986209869,3.0,4.06597185134888,1
325,5,0.512063324451447,3.0,3.10875940322876,1
326,3,0.343410015106201,6.0,6.0,1
327,4,0.503975689411163,6.0,2.0,1
328,4,0.592509984970093,1.0,2.32305121421814,0
329,3,0.487359970808029,2.0,2.0,0
330,1,0.0614172741770744,4.0,1.0,1
331,3,0.614226460456848,3.0,2.0,1
332,5,0.267989993095398,3.0,4.0,1
333,4,0.419795125722885,6.0,5.0,0
334,3,0.712669909000397,2.0,4.0,1
335,3,0.464899986982346,6.0,6.0,1
336,5,0.320780009031296,7.0,6.0,1
337,3,0.529449999332428,1.0,3.0,0
338,2,0.600469946861267,7.0,6.0,1
339,4,0.414970010519028,7.0,6.0,0
340,5,0.387620002031326,5.0,6.0,1
341,3,0.62365996837616,1.0,2.3706693649292,0
342,4,0.785520017147064,4.0,4.56331300735474,0
343,3,0.673849999904633,5.0,6.78436470031738,1
344,3,0.267989993095398,4.0,3.58158731460571,1
345,3,0.461620002985001,1.0,1.0,0
346,5,0.132812827825546,7.0,6.0,1
347,3,0.701979994773865,6.0,5.0,0
348,4,0.600469946861267,4.0,2.74117374420166,1
349,3,0.267989993095398,1.0,6.0,1
350,5,0.364969998598099,5.0,3.0,1
351,4,0.343410015106201,1.0,4.0,1
352,5,0.387620002031326,6.0,5.25149869918823,1
353,3,0.520840048789978,4.0,5.38645029067993,0
354,4,0.614226460456848,3.0,3.0,0
355,5,0.400240004062653,7.0,6.0,0
356,3,0.785520017147064,6.0,6.0,0
357,5,0.65021002292633,1.0,4.0,1
358,5,0.903599977493286,3.0,4.0,0
359,3,0.400240004062653,6.0,4.0,1
360,2,0.559467196464539,5.0,5.42345523834229,1
361,2,0.364969998598099,2.0,4.98907327651978,1
362,5,0.464700013399124,3.0,2.0,1
363,3,0.903599977493286,5.0,3.0,1
364,3,0.315829992294312,1.0,4.8636965751648,1
365,4,0.511519968509674,5.0,6.44863176345825,0
366,2,0.273153513669968,6.0,4.0,1
367,4,0.315829992294312,3.0,3.0,1
368,3,0.400240004062653,6.0,4.0,1
369,5,0.407070010900497,3.0,4.0,1
370,4,0.335929989814758,2.0,1.0,0
371,4,0.488574981689453,4.0,4.0,1
372,3,0.457444936037064,3.0,3.48304152488708,1
373,4,0.320780009031296,5.0,4.56214714050293,1
374,3,0.600469946861267,2.0,4.0,1
375,3,0.446730017662048,1.0,4.0,0
376,5,0.343410015106201,2.0,3.70791792869568,1
377,4,1.13774001598358,1.0,1.0,0
378,3,0.518409967422485,1.0,4.0,0
379,5,0.8400399684906,7.0,7.0,0
380,1,0.408399999141693,3.0,2.0,1
381,5,0.714826583862305,2.0,4.28629159927368,1
382,3,0.785520017147064,5.0,6.66223382949829,0
383,5,0.545379996299744,4.0,4.0,0
384,3,0.309140026569366,3.0,4.0,0
385,3,0.400240004062653,5.0,4.0,1
386,3,0.315829992294312,1.0309180021286,5.54921531677246,0
387,4,0.903599977493286,5.0,5.0,0
388,3,0.189989998936653,4.0,5.39741468429565,1
389,2,0.367390006780624,4.0,4.0,0
390,5,0.315829992294312,7.0,6.0,0
391,5,0.267989993095398,2.0,1.0,1
392,3,0.390350013971329,4.0,3.0,0
393,5,0.440597921609879,5.0,7.0,0
394,2,0.343410015106201,1.0,2.0,1
395,3,0.785520017147064,2.0,3.0,1
396,3,0.76259034872055,2.0,4.21355056762695,1
397,3,0.65021002292633,7.0,5.68207502365112,1
398,3,0.315829992294312,1.0,3.0,1
399,2,0.673849999904633,4.0,6.0,0
400,3,0.315829992294312,3.0,2.0,0
401,2,0.261489987373352,2.0,5.0,1
402,3,0.567328572273254,5.0,5.0,1
403,3,0.267989993095398,4.0,3.81096053123474,1
404,3,0.604248642921448,6.0,5.0,0
405,4,0.394959986209869,6.0,3.94397449493408,1
406,4,0.614226460456848,4.0,4.0,0
407,1,0.461620002985001,5.0,5.0,0
408,1,0.903599977493286,6.0,5.0,0
409,4,0.461620002985001,1.0,1.0,0
410,5,0.777340054512024,5.0,5.0,0
411,3,0.903599977493286,5.0,5.0,0
412,4,0.265219986438751,3.0,4.08635807037354,0
413,3,0.267989993095398,7.0,4.0,1
414,4,0.777340054512024,3.0,3.0,0
415,3,0.644749999046326,2.0,2.0,0
416,3,0.614226460456848,7.0,6.0,1
417,4,0.785520017147064,7.0,6.0,0
418,1,0.320780009031296,1.0,4.0,1
419,2,0.487359970808029,2.0,2.41104769706726,0
420,3,0.75151002407074,1.0,5.64723014831543,0
421,5,0.696812868118286,3.0,3.94131803512573,1
422,3,0.545379996299744,5.0,6.0,0
423,3,0.644749999046326,7.0,5.0,1
424,3,0.614189624786377,1.0,2.0,1
425,5,0.688880026340485,6.0,3.0,0
426,4,0.644749999046326,3.0,3.0,0
427,3,0.785520017147064,3.0,2.0,1
428,4,0.414970010519028,1.0,6.0,0
429,3,0.401980012655258,4.0,4.79572343826294,1
430,4,0.523437678813934,2.0,4.60852813720703,1
431,3,0.8400399684906,1.0,3.0,1
432,3,0.620838820934296,6.0,6.0,1
433,3,0.394959986209869,5.0,3.83698630332947,1
434,3,0.287420958280563,3.0,4.6947135925293,1
435,4,0.609759986400604,3.0,3.0,0
436,3,0.511519968509674,3.0,4.0,0
437,3,0.367390006780624,2.0,3.0,1
438,3,0.8400399684906,4.0,3.0,0
439,4,0.611156761646271,3.0,2.0,1
440,3,0.320780009031296,1.0,4.78522205352783,1
441,5,0.592509984970093,6.0,5.0,1
442,3,0.592509984970093,6.0,5.0,0
443,3,0.644749999046326,2.0,2.0,1
444,5,0.903599977493286,5.0,5.0,0
445,2,0.701979994773865,5.0,5.0,0
446,5,0.461620002985001,4.0,4.0,0
447,4,0.487359970808029,5.0,6.0,0
448,4,0.673849999904633,2.0,3.0,1
449,2,0.614226460456848,4.0,4.0,0
450,3,0.36285999417305,4.0,4.0,0
451,3,0.364150673151016,4.0,4.0,1
452,3,0.581430017948151,4.0,4.0,0
453,5,0.343410015106201,2.0,5.57827091217041,1
454,3,0.609759986400604,5.0,6.0,1
455,4,0.600469946861267,2.0,5.0,1
456,2,0.343410015106201,3.0,3.0,1
457,5,0.408399999141693,5.0,4.0,1
458,3,0.511519968509674,3.0,0.368488639593124,0
459,1,0.189989998936653,3.0,5.0,1
460,5,0.614226460456848,4.0,4.08794498443604,1
461,3,0.688880026340485,6.0,4.0,1
462,5,0.315829992294312,1.0,4.30872869491577,1
463,3,0.785520017147064,4.0,4.0,0
464,3,0.408600002527237,1.0,3.9465868473053,1
465,3,0.267989993095398,5.0,3.0,1
466,4,0.603155493736267,7.0,3.0,0
467,4,0.511519968509674,4.0,5.92974042892456,0
468,5,0.335929989814758,2.0,4.68977165222168,0
469,5,0.401980012655258,1.0,2.0,1
470,4,0.688880026340485,1.0,3.1253035068512,1
471,1,0.189989998936653,1.0,4.95949697494507,1
472,1,0.84213000535965,2.0,1.0,0
473,3,0.643445611000061,6.0,5.0,1
474,4,0.267989993095398,2.0,3.93010067939758,1
475,4,0.463347733020782,4.0,5.53948974609375,1
476,3,0.394959986209869,6.0,6.0,1
477,5,0.511519968509674,2.0,5.0,0
478,5,0.783742487430573,7.0,4.0,1
479,5,0.614226460456848,5.0,7.0,0
480,1,0.343410015106201,2.0,4.0,0
481,3,0.785520017147064,4.0,4.0,1
482,4,0.343410015106201,4.0,5.0,1
483,4,0.440597921609879,4.0,1.59576082229614,0
484,3,0.315829992294312,2.0,2.0,0
485,5,0.532429993152618,4.0,4.0,0
486,3,0.320780009031296,3.0,1.74819493293762,1
487,1,0.336679995059967,6.0,5.0,0
488,4,0.394959986209869,7.0,3.0,1
489,4,0.390350013971329,4.0,4.90368556976318,0
490,1,0.793409943580627,3.0,4.0,0
491,3,0.673849999904633,5.0,4.0,0
492,5,0.400240004062653,4.0,4.0,0
493,5,0.614226460456848,6.0,5.0,0
494,5,0.532429993152618,5.0,6.0,1
495,4,0.408399999141693,2.0,7.09881258010864,0
496,3,0.343410015106201,5.0,3.24796628952026,0
497,1,0.644749999046326,6.0,6.0,0
498,3,0.8400399684906,4.0,2.80276942253113,1
499,3,0.830358982086182,5.0,4.0,1
500,3,0.593036949634552,2.0,7.0,1
501,3,0.464700013399124,5.0,4.0,1
502,3,0.581430017948151,5.0,5.0,0
503,3,0.312420010566711,3.0,4.32895851135254,1
504,3,0.320780009031296,1.0,4.80682277679443,1
505,5,0.408600002527237,1.0,5.34873390197754,1
506,4,0.267989993095398,4.0,5.0,1
507,3,0.267989993095398,2.0,4.33527326583862,1
508,3,0.785520017147064,3.0,2.0,0
509,2,0.427269995212555,2.0,6.0,0
510,5,0.408399999141693,7.38979864120483,3.0,0
511,3,0.394959986209869,3.0,4.0,1
512,5,0.267989993095398,6.0,4.0,0
513,3,0.614226460456848,7.0,5.0,0
514,5,0.518409967422485,5.0,7.0,0
515,3,0.84213000535965,3.0,2.0,1
516,4,0.312420010566711,1.0,4.0,1
517,5,0.312420010566711,2.0,4.0,1
518,3,0.394959986209869,2.0,4.0,1
519,4,0.609759986400604,5.0,4.0,1
520,5,0.468820005655289,3.34197688102722,4.0,1
521,4,0.385200023651123,3.0,4.0,0
522,3,1.13774001598358,2.0,3.0,0
523,3,0.532429993152618,7.0,6.0,0
524,3,0.614226460456848,2.0,4.0,0
525,3,0.644749999046326,3.0,4.0,1
526,4,0.320780009031296,2.0,3.78910207748413,1
527,5,0.609759986400604,2.0,1.0639967918396,1
528,4,0.343410015106201,3.0,5.0,0
529,4,0.662460029125214,4.0,3.0,0
530,5,0.600469946861267,3.0,4.0,1
531,2,0.320780009031296,1.0,2.0,0
532,2,0.312420010566711,3.0,4.0,0
533,4,0.62365996837616,1.0,4.0,0
534,3,0.600469946861267,3.26599740982056,4.0,1
535,3,0.614226460456848,5.0,4.0,0
536,3,0.326128512620926,5.0,5.26922750473022,1
537,3,0.189989998936653,2.0,6.0,1
538,3,0.408600002527237,1.0,3.0,1
539,3,0.401980012655258,5.0,5.38045072555542,1
540,3,0.261489987373352,5.0,6.0,1
541,5,0.511519968509674,2.0,4.899977684021,0
542,4,0.407070010900497,3.0,4.0,1
543,3,0.214758828282356,6.0,3.37318825721741,1
544,5,0.532429993152618,6.0,6.0,1
545,3,0.461620002985001,5.0,4.40593719482422,0
546,5,0.344236493110657,4.0,5.0,1
547,1,0.588578343391418,2.0,4.30885791778564,0
548,3,0.335929989814758,5.0,4.0,0
549,4,0.343410015106201,2.0,2.0,1
550,4,0.614226460456848,1.0,2.0,0
551,4,0.614226460456848,1.0,2.0,0
552,3,0.8400399684906,7.0,6.0,0
553,4,0.487359970808029,2.0,3.0,0
554,4,0.532429993152618,7.0,4.0,1
555,4,0.464899986982346,2.0,5.32258081436157,0
556,4,0.408600002527237,3.0,4.0,0
557,3,0.401980012655258,5.0,5.0,0
558,4,0.701979994773865,3.0,3.02818298339844,0
559,3,0.387620002031326,5.0,7.0,1
560,1,0.312420010566711,2.0,6.0,1
561,3,0.312420010566711,5.0,4.0,1
562,5,0.600469946861267,7.0,2.0,0
563,5,0.532429993152618,7.0,6.0,0
564,3,0.408399999141693,1.0,3.0,0
565,4,0.511519968509674,1.0,7.0,0
566,3,0.662460029125214,6.0,4.0,0
567,5,0.364969998598099,6.0,4.40789031982422,1
568,3,0.343410015106201,5.0,5.19522190093994,0
569,1,0.577791571617126,3.0,2.0,1
570,3,0.511519968509674,4.0,2.68830943107605,0
571,4,0.673849999904633,4.0,4.01375913619995,1
572,4,0.315829992294312,7.0,4.0,0
573,3,0.427269995212555,7.0,2.0,0
574,4,0.343410015106201,2.0,5.0,1
575,3,0.408399999141693,3.0,5.0,1
576,3,0.315829992294312,3.0,4.0,1
577,2,0.558867514133453,6.0,6.0,1
578,3,0.401980012655258,4.0,5.0,0
579,5,0.408399999141693,4.0,4.0,1
580,5,0.401980012655258,1.0,2.99083995819092,1
581,4,0.746187031269073,3.0,4.0,0
582,5,0.357275784015656,6.0,5.0,1
583,5,0.315829992294312,4.0,4.0,0
584,5,0.394959986209869,5.0,6.0,1
585,3,0.461620002985001,6.0,5.0,0
586,4,0.189989998936653,2.0,2.76443934440613,1
587,4,0.609709143638611,1.0,2.0,1
588,5,0.604048728942871,1.0,4.0,1
589,3,0.673849999904633,5.0,5.0,1
590,4,0.511519968509674,4.0,6.03350496292114,0
591,3,0.387620002031326,6.0,5.0,0
592,3,0.592509984970093,2.0,4.0,0
593,3,0.267989993095398,4.0,4.0,1
594,2,0.785520017147064,6.0,6.0,0
595,3,0.36285999417305,2.0,2.70252299308777,1
596,5,0.408399999141693,5.0,6.0,0
597,4,0.267989993095398,6.0,7.0,1
598,1,0.442198395729065,5.0,4.0,1
599,5,0.614226460456848,6.0,5.0,1
600,5,0.401980012655258,3.0,3.09061026573181,1
601,3,0.903599977493286,6.0,4.0,0
602,4,0.407070010900497,3.0,6.0,1
603,2,0.457309991121292,6.0,4.86252450942993,0
604,2,0.644749999046326,5.0,4.0,0
605,4,0.62365996837616,7.0,6.0,0
606,4,0.267989993095398,2.0,7.0,1
607,3,0.414970010519028,5.0,2.0,0
608,4,0.604912877082825,6.0,5.0,0
609,3,0.609759986400604,7.0,5.34856939315796,1
610,3,0.785520017147064,1.0,4.0,1
611,4,0.903599977493286,6.0,3.0,0
612,1,0.609759986400604,3.0,6.0,1
613,5,0.62365996837616,2.0,4.0,0
614,3,0.356893509626389,2.91516280174255,4.54493570327759,1
615,3,0.400240004062653,1.0,2.0,1
616,4,0.614226460456848,7.0,6.0,1
617,5,0.614226460456848,2.0,4.0,0
618,3,0.518409967422485,1.0,4.0,0
619,4,0.785520017147064,5.0,4.0,0
620,5,0.614226460456848,6.0,3.0,1
621,4,0.427269995212555,3.0,2.71001696586609,0
622,3,0.597940564155579,5.0,4.0,1
623,5,0.267989993095398,4.0,4.0,0
624,3,0.903599977493286,4.0,4.0,0
625,5,0.688880026340485,6.0,4.0,1
626,5,0.312420010566711,6.0,4.0,1
627,3,0.532429993152618,1.0,5.0,0
628,1,0.673849999904633,6.0,4.0,1
629,3,0.309140026569366,4.0,2.62924075126648,0
630,3,0.785520017147064,6.0,5.0,1
631,4,0.600469946861267,5.0,7.0,1
632,5,0.421348363161087,1.0,4.0,1
633,4,0.487359970808029,5.0,3.64989709854126,0
634,4,0.660903692245483,5.0,3.0,0
635,4,0.785520017147064,6.0,7.0,0
636,1,0.644749999046326,3.0,2.0,0
637,1,0.309140026569366,5.0,5.0,0
638,4,0.673849999904633,3.0,2.0,0
639,5,0.532429993152618,2.0,4.27908420562744,0
640,5,0.315829992294312,1.0,2.20176386833191,1
641,3,0.440597921609879,4.0,7.0,0
642,3,0.343410015106201,5.0,6.0,1
643,3,0.320780009031296,2.0,4.14187574386597,1
644,5,0.364969998598099,1.0,6.0,1
645,5,0.52224999666214,2.0,1.0,1
646,4,0.387665718793869,5.0,5.0,1
647,3,0.464700013399124,5.0,5.94379568099976,1
648,5,0.487359970808029,7.0,5.49042415618896,0
649,3,0.461620002985001,7.0,4.0,0
650,5,0.315829992294312,1.0,7.0,0
651,2,0.84213000535965,3.0,1.0,1
652,3,0.219866663217545,3.0,4.09747934341431,1
653,3,0.600469946861267,6.0,4.0,1
654,3,0.487359970808029,4.0,5.0,0
655,3,0.487359970808029,1.0,4.0,0
656,3,0.785520017147064,6.0,4.0,0
657,4,0.343410015106201,3.0,4.0,1
658,5,0.531797349452972,6.0,6.0,1
659,3,0.387620002031326,4.0,2.21902275085449,1
660,5,0.614226460456848,6.0,5.0,1
661,3,0.343410015106201,2.0,3.0,0
662,5,0.315829992294312,2.0,4.0,0
663,5,0.785520017147064,7.0,5.0,0
664,3,0.532429993152618,6.0,4.0,1
665,1,0.428841322660446,7.0,6.0,1
666,3,0.903599977493286,2.0,3.0,0
667,3,0.343410015106201,5.0,6.0,0
668,3,0.261489987373352,3.0,7.743887424469,1
669,3,0.688880026340485,5.0,3.0,1
670,4,0.400240004062653,5.0,2.46843552589417,1
671,3,0.65021002292633,2.0,3.0,1
672,2,0.375601470470428,4.0,2.40260148048401,1
673,3,-0.005560727789998,1.0,3.0,1
674,3,0.785520017147064,3.0,2.0,1
675,3,0.401980012655258,4.0,4.0,0
676,1,0.390350013971329,2.0,6.0,0
677,3,0.221464976668358,6.0,5.24009609222412,1
678,3,0.785520017147064,6.0,6.0,0
679,3,0.84213000535965,2.0,3.0,1
680,1,0.320780009031296,1.0,4.0,1
681,4,0.690761089324951,2.0,3.0,0
682,3,0.785520017147064,3.0,3.0,0
683,3,0.461620002985001,1.0,5.47757434844971,1
684,3,0.511519968509674,7.0,7.0,0
685,3,0.36285999417305,3.0,5.0,1
686,4,0.793409943580627,2.0,2.0,1
687,3,0.477019995450974,1.0,4.0,0
688,3,0.614226460456848,5.0,5.0,0
689,3,0.381099998950958,-0.854747176170349,1.37907099723816,1
690,4,0.367390006780624,2.0,4.0,0
691,2,0.644749999046326,2.0,4.0,0
692,3,0.600469946861267,5.0,6.0,0
693,3,0.408399999141693,4.0,4.0,1
694,3,0.600469946861267,2.0,4.0,1
695,5,0.614226460456848,4.0,4.0,0
696,5,0.614226460456848,6.0,6.1585283279419,0
697,4,0.266112148761749,5.0,4.0,1
698,5,0.3953657746315,6.0,4.0,1
699,4,0.424562364816666,1.0,3.45471620559692,1
700,2,0.267989993095398,2.0,3.33950042724609,1
701,2,0.394959986209869,2.0,3.0,1
702,2,0.407070010900497,5.0,4.16126775741577,1
703,3,0.394959986209869,5.0,3.0,1
704,3,0.394959986209869,3.0,3.0,1
705,4,0.785520017147064,6.0,6.0,0
706,5,0.487359970808029,7.0,3.0,0
707,5,0.670388340950012,3.0,4.0,1
708,5,0.401980012655258,1.0,1.0,0
709,3,0.343410015106201,5.0,3.0,1
710,4,0.8400399684906,3.0,4.0,0
711,4,0.785520017147064,2.0,4.0,0
712,5,0.592509984970093,4.0,6.0,0
713,4,0.528928339481354,6.0,4.0,1
714,5,0.785520017147064,6.0,4.0,0
715,5,0.394959986209869,2.0,4.0,1
716,3,0.84213000535965,3.0,3.0,0
717,3,0.394959986209869,8.44166564941406,1.01595067977905,1
718,4,0.691672921180725,7.0,5.0,1
719,5,0.592900276184082,6.0,7.68362426757812,1
720,3,0.312420010566711,2.0,5.0,1
721,3,0.465197205543518,3.0,3.77556324005127,1
722,4,0.446730017662048,2.0,4.0,0
723,3,0.581430017948151,2.0,3.0,0
724,3,0.609759986400604,1.0,2.0,1
725,4,0.394959986209869,2.0,3.56392049789429,1
726,3,0.688880026340485,4.0,4.0,1
727,5,0.511519968509674,1.0,6.0,0
728,3,0.688880026340485,1.0,2.0,0
729,3,0.644749999046326,4.0,3.0,0
730,5,0.592509984970093,4.0,4.0,0
731,5,0.320780009031296,2.0,1.95093560218811,1
732,4,0.785520017147064,6.0,6.0,0
733,4,0.600469946861267,5.0,3.0,1
734,5,0.511519968509674,6.0,6.0,0
735,3,0.903599977493286,6.0,5.0,0
736,3,0.785520017147064,1.0,2.0,1
737,3,0.532429993152618,3.0,1.0,0
738,3,0.65021002292633,4.0,4.0,1
739,5,0.614226460456848,2.0,3.0,1
740,5,0.511519968509674,1.0,7.0,0
741,1,0.276813358068466,5.0,4.20052242279053,1
742,4,0.440597921609879,3.0,2.04869270324707,0
743,3,0.267989993095398,6.0,4.0,1
744,3,0.785520017147064,2.0,4.0,1
745,5,0.397190093994141,2.0,4.0,1
746,3,1.13774001598358,3.0,4.0,0
747,3,0.320780009031296,6.0,7.46789503097534,1
748,5,0.532429993152618,1.0,4.0,1
749,5,0.600469946861267,5.0,6.0,1
750,1,0.785520017147064,5.0,5.0,0
751,3,0.785520017147064,5.0,5.0,1
752,5,0.358355641365051,3.0,4.51409196853638,1
753,5,0.688880026340485,6.0,5.0,0
754,2,0.400240004062653,2.0,4.0,1
755,1,0.688880026340485,5.0,5.0,1
756,5,0.673849999904633,6.0,5.0,1
757,3,0.407070010900497,7.0,5.0,1
758,3,0.785520017147064,5.0,6.0,1
759,4,1.10091006755829,6.0,5.0,0
760,4,0.401980012655258,7.0,2.0,0
761,5,0.600469946861267,6.0,5.0,0
762,3,0.614226460456848,2.0,5.0,0
763,3,0.343410015106201,1.0,3.0,1
764,3,0.921793282032013,1.0,2.0,1
765,5,0.785520017147064,7.0,5.0,1
766,5,0.609759986400604,5.0,4.0,1
767,2,0.65021002292633,3.0,2.0,0
768,2,1.13774001598358,1.0,2.0,0
769,3,0.407070010900497,4.0,4.06688976287842,1
770,4,0.3887699842453,2.0,4.0,0
771,4,0.65021002292633,5.0,6.0,0
772,4,0.903599977493286,4.0,4.0,0
773,4,0.406390011310577,2.0,2.39029860496521,1
774,3,0.379955917596817,1.0,2.0,1
775,2,0.609759986400604,2.0,2.0,1
776,5,0.592509984970093,7.0,5.84785556793213,0
777,3,0.688880026340485,3.0,5.0,1
778,5,0.701979994773865,5.0,5.0,0
779,2,1.10091006755829,1.0,1.0,1
780,2,0.408600002527237,2.0,7.00244903564453,1
781,2,0.414970010519028,5.0,6.0,0
782,4,0.364969998598099,6.0,4.0,1
783,4,0.673849999904633,4.0,4.0,1
784,4,0.267989993095398,1.0,5.0,1
785,5,0.477019995450974,6.0,2.0,0
786,5,0.309140026569366,5.0,5.0,0
787,3,0.394959986209869,2.0,2.0,1
788,4,0.592509984970093,1.0,2.81514811515808,0
789,3,0.785520017147064,2.0,4.7893009185791,0
790,4,0.785520017147064,6.0,3.0,1
791,5,0.407024323940277,1.0,3.45561027526855,1
792,3,0.644749999046326,1.0,4.0,1
793,3,0.785520017147064,4.0,4.0,0
794,2,0.320780009031296,7.0,6.0,1
795,2,0.615192532539368,2.0,4.0,1
796,5,0.407070010900497,1.0,5.0,1
797,1,0.600469946861267,1.0,4.0,1
798,4,0.600469946861267,6.0,4.0,1
799,3,0.407070010900497,4.0,4.0,1
800,2,0.688880026340485,5.0,5.0,1
801,5,0.320780009031296,1.0,6.0,1
802,3,0.651520788669586,6.0,5.0,1
803,5,0.785520017147064,1.0,4.0,0
804,5,0.62365996837616,5.0,4.0,0
805,3,0.320780009031296,5.0,3.01730728149414,1
806,5,0.340220004320145,7.0,4.0,1
807,1,0.785520017147064,1.0,2.0,0
808,1,0.532429993152618,7.0,4.0,0
809,3,0.614226460456848,2.0,2.0,1
810,2,0.261489987373352,3.0,1.5150955915451,1
811,4,0.532429993152618,1.0,2.0,0
812,3,0.400240004062653,5.0,4.0,1
813,5,0.785520017147064,7.0,5.0,0
814,2,0.320780009031296,1.0,2.0,0
815,3,0.364133059978485,4.0,4.0,1
816,4,0.267989993095398,1.0,3.0,1
817,3,0.386619985103607,5.0,4.0,0
818,3,0.427269995212555,6.0,5.0,1
819,3,0.182607159018517,6.0,4.60342788696289,1
820,4,0.394959986209869,5.0,4.0,1
821,3,0.644749999046326,7.0,6.0,1
822,4,0.408399999141693,2.0,4.0,0
823,4,0.461620002985001,5.0,4.0,0
824,3,0.785520017147064,7.0,4.73944902420044,0
825,1,0.477680921554565,1.0,5.0,1
826,3,0.195971265435219,3.0,4.0,1
827,5,0.532429993152618,1.0,4.98184442520142,0
828,4,0.785520017147064,4.0,5.0,0
829,5,0.609759986400604,7.0,5.0,0
830,3,0.785520017147064,7.0,5.0,0
831,5,0.636278748512268,6.0,4.0,1
832,5,0.84213000535965,2.0,1.0,1
833,3,0.581430017948151,2.0,5.50876569747925,1
834,5,0.408600002527237,2.0,1.0,1
835,3,0.394959986209869,3.0,4.84382152557373,1
836,4,0.491175681352615,7.0,6.0,1
837,4,0.312420010566711,3.0,2.69235777854919,1
838,3,0.461620002985001,2.0,3.57960629463196,0
839,4,0.673849999904633,4.0,2.0,1
840,5,0.309140026569366,7.0,5.0,0
841,5,0.390350013971329,1.0,6.0,0
842,4,0.785520017147064,7.0,4.0,0
843,3,0.427269995212555,7.0,5.0,1
844,3,0.673849999904633,6.0,5.0,1
845,5,0.677060604095459,4.0,2.0,0
846,5,0.785520017147064,5.0,5.0,0
847,5,0.785520017147064,1.0,3.0,0
848,3,0.600469946861267,1.0,2.0,1
849,3,0.343410015106201,6.0,4.0,1
850,3,0.267989993095398,3.0,4.0,1
851,4,0.520840048789978,3.0,5.0,0
852,5,0.511519968509674,4.0,4.0,0
853,4,0.401980012655258,4.0,6.0,0
854,3,0.592509984970093,7.0,6.0,0
855,5,0.62978994846344,4.0,4.45151138305664,0
856,3,0.261489987373352,3.0,4.69016408920288,1
857,3,0.393507063388824,3.0,3.46066284179688,1
858,3,0.688880026340485,3.0,2.36505150794983,1
859,3,0.636294484138489,2.0,5.0,1
860,4,0.609759986400604,7.0,6.0,1
861,4,0.62365996837616,4.0,6.0,0
862,3,0.214435413479805,2.0,2.19382858276367,1
863,3,0.401980012655258,1.0,3.0,0
864,3,0.673849999904633,4.0,5.0,0
865,4,0.343410015106201,7.0,4.0,1
866,5,0.529449999332428,1.0,2.0,1
867,5,0.400240004062653,1.0,4.0,1
868,3,0.492096394300461,2.0,5.0,0
869,4,0.785520017147064,2.0,3.0,1
870,3,0.614226460456848,6.0,4.0,0
871,4,0.320780009031296,3.0,1.0,1
872,3,0.431402504444122,2.0,2.09129428863525,1
873,4,0.532429993152618,3.0,4.0,0
874,3,0.446730017662048,7.0,4.0,0
875,5,0.65021002292633,1.0,4.0,0
876,4,0.688880026340485,7.0,5.0,0
877,5,0.464700013399124,3.0,3.35421466827393,1
878,3,0.688880026340485,6.0,6.0,1
879,3,0.446730017662048,5.0,5.0,0
880,4,0.320780009031296,3.0,3.26248121261597,1
881,3,0.785520017147064,1.0,4.0,0
882,3,1.13774001598358,3.0,3.0,0
883,5,0.408600002527237,1.0,4.28278684616089,1
884,3,0.644749999046326,5.0,5.0,0
885,3,0.312420010566711,3.0,3.97631978988647,1
886,4,0.523760437965393,5.0,4.0,0
887,4,0.414970010519028,1.0,4.0,0
888,3,0.511519968509674,4.0,4.0,0
889,4,0.600469946861267,6.0,4.90154075622559,0
890,3,0.784729719161987,4.0,4.0,1
891,3,0.394959986209869,2.0,4.0,1
892,3,0.903599977493286,7.0,4.0,0
893,1,0.673849999904633,7.0,7.0,0
894,2,0.600469946861267,3.0,2.0,1
895,4,0.267989993095398,4.0,4.53396224975586,1
896,3,1.10091006755829,3.0,2.0,0
897,3,0.62365996837616,1.0,4.0,0
898,3,0.785520017147064,6.0,5.0,0
899,4,0.412335008382797,4.0,3.0,1
900,4,0.592509984970093,7.0,7.0,0
901,4,0.477019995450974,4.0,3.72531270980835,0
902,4,0.401980012655258,4.0,5.53681659698486,1
903,3,0.600469946861267,1.0,2.0,1
904,3,0.62365996837616,7.0,6.0,0
905,3,0.267989993095398,2.0,4.257728099823,1
906,4,0.662460029125214,5.0,6.0,0
907,5,0.461620002985001,3.0,4.44774198532104,0
908,3,0.62365996837616,6.0,4.0,0
909,3,0.427914381027222,4.0,3.0,1
910,2,0.477019995450974,6.0,3.0,0
911,3,0.487359970808029,2.0,1.91124665737152,0
912,5,0.600469946861267,2.0,2.0,1
913,5,0.390350013971329,3.0,1.3215719461441,0
914,3,0.673849999904633,1.0,2.0,0
915,4,0.526836514472961,6.0,4.0,1
916,4,0.648710191249847,2.0,4.31469106674194,1
917,3,0.464700013399124,1.0,4.0,1
918,4,0.662460029125214,4.0,5.0,0
919,4,0.614226460456848,6.0,5.0,1
920,5,0.464899986982346,1.0,4.0,0
921,3,0.401980012655258,2.0,3.0,0
922,2,0.903599977493286,2.0,4.0,0
923,5,0.609759986400604,6.0,5.0,1
924,3,0.673849999904633,6.0,3.0,1
925,4,0.785520017147064,2.0,2.0,0
926,5,0.401980012655258,3.0,4.95905256271362,0
927,4,0.312420010566711,3.0,2.0,1
928,4,0.785520017147064,2.0,3.05681300163269,1
929,3,0.320780009031296,1.0,7.0,1
930,1,0.267989993095398,1.0,2.0,0
931,3,0.688880026340485,2.0,5.0,1
932,3,0.394959986209869,2.0,3.0,1
933,4,0.592509984970093,6.0,5.0,0
934,4,0.394959986209869,4.0,0.571366310119629,1
935,5,0.673849999904633,5.0,5.0,0
936,3,0.614226460456848,4.0,4.26194858551025,1
937,4,0.65021002292633,4.0,3.0,0
938,3,0.464700013399124,7.0,5.0,1
939,3,0.394959986209869,3.0,3.0,1
940,3,0.487359970808029,3.0,5.0,0
941,4,0.427269995212555,1.93386697769165,1.60901474952698,1
942,5,0.65021002292633,3.0,2.0,0
943,3,0.400240004062653,2.0,4.0,0
944,4,0.532429993152618,2.0,5.26833724975586,0
945,2,0.267989993095398,4.0,2.0,1
946,3,0.265219986438751,5.0,4.0,0
947,3,0.673849999904633,2.0,5.0,0
948,3,0.427269995212555,5.0,5.0,0
949,3,0.464899986982346,1.0,5.0,1
950,3,0.315829992294312,1.0,5.0,1
951,5,0.511519968509674,5.0,4.79383516311646,0
952,3,0.340220004320145,6.0,5.33989191055298,0
953,2,0.394260913133621,4.0,5.81439161300659,1
954,3,0.290249586105347,4.0,2.0,1
955,4,0.3887699842453,5.0,2.0,0
956,3,0.461620002985001,1.0,5.0,0
957,3,0.793409943580627,3.0,3.0,0
958,3,0.407070010900497,3.0,4.0,1
959,3,0.785520017147064,3.0,1.0,1
960,3,0.673849999904633,2.0,4.0,1
961,3,0.320780009031296,6.0,5.0,1
962,4,0.84213000535965,4.0,5.0,0
963,3,0.343410015106201,2.0,4.0,1
964,4,0.464899986982346,2.25284600257874,2.59833383560181,1
965,2,0.343410015106201,2.0,4.0,1
966,5,0.688880026340485,3.0,4.0,1
967,3,0.394959986209869,4.0,5.04488277435303,1
968,5,0.614226460456848,3.0,3.25095748901367,0
969,4,0.408399999141693,1.0,2.0,1
970,3,0.614226460456848,3.0,4.0,1
971,5,0.461620002985001,5.0,4.0,0
972,3,0.655749261379242,5.0,6.0,0
973,3,0.614226460456848,3.0,4.0,0
974,3,0.394959986209869,4.0,4.0,1
975,4,0.320780009031296,1.0,5.0,1
976,2,0.600469946861267,3.0,1.0,0
977,4,0.267989993095398,7.0,3.58448028564453,0
978,4,0.403782367706299,1.0,2.43026185035706,1
979,1,0.447308152914047,3.0,3.0,1
980,5,0.600469946861267,4.0,4.0,1
981,3,0.343410015106201,3.0,4.42316675186157,1
982,5,0.642986536026001,4.0,4.23076581954956,1
983,3,0.414970010519028,5.0,5.0,0
984,2,0.394959986209869,4.0,2.8956937789917,1
985,3,0.723715960979462,3.0,5.0,1
986,3,0.320780009031296,1.0,4.14483737945557,1
987,3,0.903599977493286,5.0,5.0,0
988,5,0.335929989814758,6.0,2.0,0
989,5,0.461620002985001,2.0,4.0,0
990,4,0.397411644458771,7.0,6.0,1
991,3,0.477019995450974,1.0,2.0,0
992,2,0.343410015106201,1.0,5.0,1
993,5,0.268586695194244,2.0,4.0,1
994,3,0.777340054512024,1.0,2.0,1
995,4,0.8400399684906,4.0,4.0,0
996,4,0.701979994773865,4.0,3.0,1
997,5,0.394959986209869,3.0,4.0,1
998,5,0.785520017147064,2.0,2.0,0
999,3,0.8400399684906,5.0,4.0,0
1000,4,0.387620002031326,2.0,3.0,1
1001,4,0.600469946861267,3.0,4.0,0
1002,3,0.320780009031296,3.0,1.0,0
1003,5,0.457309991121292,2.0,3.90357875823975,0
1004,4,0.601567149162292,7.0,6.72658634185791,1
1005,4,0.320780009031296,5.0,3.96685099601746,1
1006,3,0.785520017147064,2.0,5.14893960952759,1
1007,3,0.343410015106201,1.0,1.8546656370163,1
1008,3,0.401980012655258,3.0,2.0,0
1009,2,0.343410015106201,6.0,5.50839996337891,1
1010,3,0.785520017147064,2.0,3.0,0
1011,2,0.315829992294312,1.0,4.0,1
1012,4,0.394959986209869,4.0,5.59070062637329,1
1013,5,0.600469946861267,1.0,2.92553663253784,1
1014,5,0.688880026340485,4.0,7.0,1
1015,2,0.518409967422485,2.0,2.0,1
1016,3,0.701979994773865,7.0,7.0,0
1017,5,0.309140026569366,5.0,4.14524269104004,0
1018,2,0.600469946861267,2.0,6.0,0
1019,3,0.600469946861267,3.0,4.0,1
1020,5,0.189989998936653,1.0,2.0,1
1021,4,0.315829992294312,1.0,2.0,1
1022,2,0.487359970808029,6.0,4.0,0
1023,4,0.343410015106201,1.0,2.0,1
1024,3,0.461620002985001,6.0,4.0,0
1025,3,0.673849999904633,1.0,3.0,1
1026,3,0.381550222635269,2.0,4.0,1
1027,3,0.673849999904633,2.0,4.0,0
1028,3,0.609759986400604,7.0,5.0,1
1029,3,0.25917637348175,3.0,3.0,1
1030,4,0.614226460456848,2.0,5.0,1
1031,2,0.387620002031326,4.0,4.0,0
1032,1,0.320780009031296,3.0,3.0,0
1033,4,0.607953310012817,2.0,4.0,1
1034,3,0.545379996299744,1.0,4.0,0
1035,5,0.401980012655258,4.0,5.0,1
1036,5,0.52963650226593,7.0,6.0,0
1037,3,0.161785677075386,2.0,5.78136253356934,1
1038,5,0.189989998936653,5.42457675933838,7.47722864151001,1
1039,4,0.464700013399124,4.0,3.0,1
1040,4,0.609759986400604,5.0,6.0,1
1041,5,0.394959986209869,7.0,7.0,1
1042,4,0.340220004320145,1.0,3.0,0
1043,3,0.614226460456848,5.0,4.0,0
1044,4,0.785520017147064,3.0,4.0,0
1045,5,0.408600002527237,1.0,5.04642677307129,1
1046,5,0.320780009031296,7.0,6.0,1
1047,5,0.461620002985001,1.0,5.02294540405273,0
1048,2,0.609759986400604,7.0,4.0,1
1049,3,0.50937831401825,3.0,6.0,1
1050,4,0.65021002292633,6.0,4.0,1
1051,3,0.518094062805176,7.0,7.0,0
1052,5,0.414970010519028,4.0,5.0,0
1053,3,0.414970010519028,6.0,5.18100023269653,0
1054,4,0.614226460456848,5.0,4.68316507339478,1
1055,3,0.407070010900497,3.0,3.43067622184753,1
1056,2,0.576180279254913,7.0,4.0,1
1057,5,0.785520017147064,5.0,5.0,1
1058,5,0.785520017147064,7.0,7.0,0
1059,5,0.532429993152618,2.0,4.0,0
1060,3,0.673849999904633,1.0,4.0,0
1061,4,0.65021002292633,2.0,6.0,1
1062,5,0.511519968509674,4.0,6.0,0
1063,5,0.414970010519028,1.0,4.0,0
1064,4,0.407070010900497,7.0,6.0,0
1065,3,0.408399999141693,2.0,7.0,1
1066,3,0.600469946861267,2.0,2.0,1
1067,4,0.532429993152618,1.0,6.0,1
1068,4,0.785520017147064,6.0,6.0,0
1069,1,0.309140026569366,1.0,4.0,0
1070,5,0.673849999904633,4.0,4.0,1
1071,4,0.464700013399124,7.0,7.0,1
1072,4,0.400240004062653,6.0,5.0,1
1073,4,0.785520017147064,2.0,1.92685437202454,0
1074,4,0.785520017147064,6.0,4.0,0
1075,3,0.688880026340485,6.0,5.0,1
1076,3,0.785520017147064,7.0,6.0,0
1077,4,0.192525520920753,1.0,5.0,1
1078,2,0.592509984970093,5.0,6.0,0
1079,5,0.407070010900497,1.0,5.0,0
1080,3,0.707158088684082,2.0,6.0,1
1081,3,0.464700013399124,6.0,3.0,1
1082,5,0.673849999904633,7.0,4.0,1
1083,3,0.320780009031296,7.0,6.0,0
1084,3,0.406390011310577,5.0,5.0,1
1085,5,0.518409967422485,6.0,4.0,1
1086,5,0.427269995212555,4.0,2.47368407249451,0
1087,4,0.8400399684906,2.0,5.0,1
1088,5,0.673849999904633,3.0,4.0,0
1089,4,0.265219986438751,3.0,2.0,0
1090,4,0.785520017147064,2.0,3.0,0
1091,3,0.785520017147064,5.0,6.29159164428711,1
1092,5,0.701979994773865,6.0,4.0,1
1093,4,0.614226460456848,3.0,4.0,1
1094,5,0.511519968509674,5.0,3.0,0
1095,3,0.511519968509674,7.0,6.0,0
1096,3,0.390350013971329,6.0,5.08561944961548,0
1097,3,0.785520017147064,1.0,2.0,1
1098,3,0.785520017147064,6.0,5.0,0
1099,3,0.600469946861267,2.0,2.0,1
1100,4,0.701979994773865,3.0,1.0,1
1101,4,0.688880026340485,3.0,4.0,1
1102,3,0.400240004062653,4.0,4.0,1
1103,3,0.712025344371796,2.0,2.0,0
1104,5,0.511519968509674,4.0,4.0,0
1105,3,0.614226460456848,4.0,5.0,0
1106,4,0.614226460456848,6.0,5.0,0
1107,4,0.377424836158752,3.0,5.0,0
1108,3,0.33590167760849,1.0,1.49680006504059,1
1109,3,0.722595572471619,5.0,7.0,1
1110,4,0.785520017147064,2.0,4.0,1
1111,3,0.785520017147064,5.0,4.0,0
1112,3,0.261489987373352,1.0,3.13771605491638,1
1113,1,0.261489987373352,1.0,4.3910984992981,1
1114,2,0.477019995450974,4.0,4.0,0
1115,3,0.320780009031296,5.0,4.0,1
1116,2,0.511519968509674,2.0,5.0,0
1117,3,0.614226460456848,6.0,6.0,0
1118,3,0.614226460456848,6.0,6.0,1
1119,3,0.614226460456848,5.0,3.0,0
1120,3,0.600469946861267,7.0,7.0,1
1121,4,0.315829992294312,3.0,2.0,0
1122,5,0.903599977493286,6.0,5.0,0
1123,5,0.400240004062653,6.0,4.0,1
1124,5,0.343410015106201,1.0,3.0,1
1125,4,0.662460029125214,7.0,5.0,0
1126,1,0.777340054512024,3.0,2.0,1
1127,4,0.407070010900497,3.0,5.0,1
1128,3,0.343410015106201,1.0,4.0,0
1129,5,0.390350013971329,7.0,6.8479676246643,0
1130,3,0.575314581394196,2.0,4.0,1
1131,3,0.335929989814758,5.0,5.0,0
1132,3,0.407070010900497,3.0,5.0,1
1133,5,0.614226460456848,6.0,4.0,0
1134,3,0.23816791176796,6.0,4.04363536834717,1
1135,5,0.400240004062653,5.0,7.45997095108032,1
1136,4,0.211133852601051,1.0,4.0,1
1137,3,0.600469946861267,4.0,3.11667203903198,1
1138,5,0.600469946861267,1.0,5.0,1
1139,5,0.62365996837616,3.0,4.0,0
1140,3,0.477019995450974,5.0,3.0,0
1141,4,0.785520017147064,4.0,4.0,0
1142,3,0.673849999904633,2.0,3.0,0
1143,4,0.315829992294312,4.0,5.0,0
1144,2,0.189989998936653,1.0,3.0,1
1145,5,0.532429993152618,6.0,3.0,0
1146,4,0.400240004062653,7.0,7.0,1
1147,5,0.400240004062653,6.0,3.0,1
1148,5,0.477019995450974,1.0,3.18216514587402,0
1149,3,0.439797669649124,7.0,5.17444372177124,1
1150,3,0.386619985103607,3.0,5.36770629882812,0
1151,3,0.487359970808029,2.0,6.0,0
1152,3,0.401980012655258,2.0,4.0,0
1153,3,0.785520017147064,1.0,3.0,0
1154,4,0.487359970808029,2.0,2.0,0
1155,4,0.474606573581696,3.0,4.41754770278931,1
1156,3,0.600469946861267,2.0,5.03066730499268,1
1157,4,0.407070010900497,6.0,5.0,1
1158,3,0.414970010519028,7.0,4.0,0
1159,4,0.335929989814758,3.0,5.0,0
1160,4,0.343410015106201,1.0,2.0,1
1161,3,0.62365996837616,1.0,2.0,0
1162,3,0.367390006780624,4.0,8.21100044250488,0
1163,1,0.267989993095398,1.0,2.26194643974304,1
1164,5,0.461620002985001,1.0,1.0,0
1165,4,0.592509984970093,4.0,4.00975656509399,0
1166,3,0.265219986438751,2.0,2.62589740753174,0
1167,3,0.532539963722229,1.0,4.0,0
1168,3,0.280374348163605,3.0,4.0,1
1169,4,0.560828804969788,4.0,3.0,1
1170,3,0.785520017147064,6.0,3.41546654701233,1
1171,3,0.340220004320145,2.0,2.83776879310608,1
1172,3,0.673849999904633,1.0,4.0,1
1173,5,0.267989993095398,1.0,3.0,0
1174,3,0.446730017662048,1.0,2.0,1
1175,3,0.427269995212555,1.0,3.0,0
1176,5,0.265219986438751,1.0,4.0,1
1177,4,0.785520017147064,3.0,4.0,1
1178,4,0.532429993152618,6.0,4.0,0
1179,5,0.614226460456848,5.0,7.0,0
1180,5,0.785520017147064,6.0,5.0,1
1181,4,0.464700013399124,6.0,5.0,1
1182,3,0.688880026340485,3.0,4.0,0
1183,5,0.518409967422485,3.0,4.0,1
1184,4,0.427269995212555,2.0,5.0,0
1185,4,0.440693318843842,6.0,4.5829701423645,1
1186,5,0.400240004062653,1.0,3.0,1
1187,4,0.427269995212555,1.0,5.0,0
1188,3,0.65021002292633,1.0,3.0,1
1189,2,0.581430017948151,2.0,5.0,0
1190,3,0.414970010519028,6.0,6.97683000564575,0
1191,5,0.414970010519028,7.0,6.0,0
1192,2,0.267989993095398,3.0,6.0,1
1193,4,0.364969998598099,2.0,3.0,1
1194,5,0.394959986209869,3.0,4.0,1
1195,3,0.407070010900497,3.0,4.85768985748291,1
1196,3,0.614226460456848,3.0,3.80408763885498,0
1197,4,0.668709516525269,2.0,5.55055379867554,1
1198,4,0.440597921609879,4.0,4.42202615737915,0
1199,4,0.62365996837616,1.0,4.0,0
1200,3,0.394959986209869,2.0,4.0,1
1201,3,0.511519968509674,2.0,3.16774559020996,0
1202,4,0.343410015106201,4.0,4.0,1
1203,2,0.267989993095398,1.0,1.0,0
1204,3,0.62365996837616,6.0,4.0,0
1205,3,0.398382961750031,2.0,3.94285750389099,1
1206,3,0.394959986209869,1.0,2.0,1
1207,5,0.516537308692932,3.0,4.0,1
1208,3,0.352585881948471,6.0,6.0,1
1209,3,0.785520017147064,2.0,6.0,0
1210,2,0.532539963722229,5.0,6.0,0
1211,3,0.903599977493286,7.0,6.0,0
1212,2,0.487359970808029,1.0,2.62445187568665,0
1213,5,0.312420010566711,3.0,5.0,1
1214,3,0.529449999332428,1.0,2.0,1
1215,3,0.315829992294312,3.0,5.7641339302063,1
1216,3,0.592509984970093,6.0,3.0,0
1217,3,0.522888839244843,0.980419218540192,3.97567415237427,1
1218,5,0.581430017948151,5.0,5.0,0
1219,4,0.320780009031296,4.0,4.0,1
1220,3,0.400240004062653,7.0,4.0,1
1221,5,0.515625357627869,1.0,3.0,1
1222,5,0.785520017147064,2.0,3.0,0
1223,3,0.785520017147064,4.0,5.29289245605469,0
1224,4,0.320780009031296,1.0,3.22039365768433,1
1225,5,0.343410015106201,7.0,5.0,1
1226,3,0.350979804992676,6.0,5.0,1
1227,1,0.345105797052383,7.0,3.6112368106842,1
1228,3,0.563462495803833,4.0,7.0,1
1229,4,0.507031917572021,7.0,5.0,1
1230,4,0.315829992294312,1.0,5.0,0
1231,1,0.343410015106201,2.0,2.0,1
1232,4,0.446730017662048,6.0,4.0,1
1233,4,0.320780009031296,2.0,5.08686828613281,1
1234,5,0.468018531799316,3.0,5.0,1
1235,2,0.408600002527237,7.0,7.0,1
1236,3,0.529449999332428,1.0,6.0,0
1237,4,0.394959986209869,1.0,2.0,1
1238,3,0.461620002985001,4.0,3.60691213607788,0
1239,3,0.265219986438751,1.0,5.78630781173706,1
1240,4,0.614226460456848,3.0,5.0,1
1241,3,0.533647060394287,4.0,3.43447136878967,1
1242,4,0.65021002292633,7.0,5.0,0
1243,4,0.35325688123703,2.0,4.68023586273193,1
1244,3,0.401980012655258,6.08816003799438,5.31264686584473,1
1245,4,0.509047865867615,7.0,6.0,1
1246,5,0.592509984970093,5.0,5.0,0
1247,4,0.62365996837616,4.0,3.99037575721741,0
1248,4,0.381099998950958,7.0,6.0,0
1249,4,0.511519968509674,6.0,4.0,0
1250,4,0.261489987373352,5.0,5.0,0
1251,1,0.280302554368973,7.0,4.0,1
1252,5,0.532429993152618,7.0,6.0,0
1253,3,0.518409967422485,2.0,3.0,1
1254,5,0.587125420570374,1.0,4.0,1
1255,4,0.3887699842453,2.0,3.0,0
1256,3,0.614226460456848,5.0,5.0,1
1257,3,0.343410015106201,3.0,4.0,1
1258,4,0.36285999417305,1.0,5.01210355758667,0
1259,3,0.267989993095398,4.0,4.59622287750244,1
1260,4,0.701979994773865,2.0,5.0,0
1261,5,0.785520017147064,2.0,2.0,0
1262,5,0.903599977493286,5.0,5.0,0
1263,5,0.401980012655258,2.0,4.0,1
1264,4,0.701979994773865,7.0,6.0,0
1265,5,0.189989998936653,1.0,2.0,1
1266,3,0.398441553115845,6.0,2.85557985305786,0
1267,2,0.407070010900497,1.0,4.0,1
1268,4,0.688880026340485,6.0,3.0,1
1269,4,0.320780009031296,2.0,4.6185941696167,1
1270,4,0.600469946861267,3.0,2.0,0
1271,4,0.622951090335846,4.0,4.0,0
1272,3,0.483960807323456,2.0,5.0,1
1273,4,0.267989993095398,5.0,6.0,1
1274,4,0.793409943580627,7.0,5.0,1
1275,2,0.518409967422485,3.0,3.0,1
1276,4,0.189989998936653,1.0,3.0,1
1277,5,0.335929989814758,1.0,3.0,1
1278,3,0.408399999141693,4.0,4.0,0
1279,1,0.785520017147064,5.0,5.0,0
1280,3,0.401980012655258,6.0,6.0,0
1281,5,0.440597921609879,6.0,4.0,0
1282,3,0.785520017147064,4.0,4.0,0
1283,3,0.688880026340485,7.0,4.0,1
1284,5,0.335929989814758,7.0,5.0,0
1285,5,0.267989993095398,4.0,4.0,1
1286,5,0.477019995450974,5.0,5.0,0
1287,3,0.701979994773865,7.0,6.0,0
1288,3,0.109185211360455,2.0,4.0,1
1289,3,0.701979994773865,4.0,3.31416320800781,0
1290,4,0.800311386585236,1.0,5.0,1
1291,4,0.903599977493286,5.0,6.0,0
1292,4,0.673849999904633,2.0,3.73790502548218,1
1293,4,0.511519968509674,6.0,4.0,0
1294,4,0.145007386803627,4.0,5.69967889785767,1
1295,5,0.265219986438751,6.0,4.0,0
1296,3,0.461620002985001,2.0,1.0,0
1297,5,0.785520017147064,7.0,4.0,0
1298,4,0.414970010519028,7.0,6.0,1
1299,3,0.903599977493286,7.0,5.0,0
1300,5,0.785520017147064,7.0,5.46896648406982,0
1301,3,0.688880026340485,6.0,5.0,0
1302,4,0.143221840262413,2.0,6.0,1
1303,4,0.174791425466537,2.0,3.84458637237549,1
1304,3,0.600469946861267,1.0,5.0,0
1305,3,0.461620002985001,1.0,2.0,0
1306,3,0.414970010519028,2.0,4.67613220214844,1
1307,4,0.777340054512024,2.0,3.0,1
1308,3,0.312420010566711,1.0,6.0,1
1309,5,0.261489987373352,1.0,6.0,1
1310,3,0.267989993095398,2.0,4.13898229598999,1
1311,4,0.408399999141693,6.0,4.0,0
1312,4,0.343410015106201,6.0,4.0,1
1313,4,0.315829992294312,1.0,5.0,1
1314,4,0.364969998598099,5.0,3.0,1
1315,5,0.457309991121292,6.0,3.81868314743042,0
1316,3,0.785520017147064,1.0,2.38525152206421,0
1317,3,0.396249622106552,7.0,4.03020524978638,1
1318,4,0.785520017147064,5.0,5.0,0
1319,3,0.30041640996933,3.0,4.0,1
1320,5,0.414970010519028,5.0,5.06522512435913,1
1321,5,0.401980012655258,5.0,4.16917610168457,0
1322,4,0.414970010519028,6.0,5.10278224945068,0
1323,3,0.189989998936653,3.0,5.18007802963257,1
1324,4,0.312420010566711,1.0,4.0,1
1325,3,0.62365996837616,2.0,4.0,0
1326,3,0.608242452144623,6.0,3.0,1
1327,5,0.367390006780624,2.0,4.0,0
1328,4,0.367390006780624,2.0,4.0,1
1329,5,0.315829992294312,2.0,3.96372079849243,1
1330,4,0.401980012655258,2.0,3.45916938781738,0
1331,3,0.0635207965970039,6.0,3.57422661781311,1
1332,5,0.320780009031296,2.0,3.40158557891846,1
1333,2,0.518409967422485,2.0,3.0,1
1334,2,0.487359970808029,6.0,5.0,0
1335,4,0.267989993095398,2.0,3.0,0
1336,4,0.8400399684906,7.0,6.0,0
1337,5,0.785520017147064,4.0,5.47533464431763,1
1338,4,0.267989993095398,1.0,5.0,1
1339,3,0.511519968509674,6.0,5.0,0
1340,3,0.457309991121292,5.0,5.09949731826782,0
1341,3,0.394959986209869,3.0,3.0,1
1342,3,0.503037869930267,2.0,2.0,1
1343,5,0.261489987373352,5.0,6.34340524673462,1
1344,5,0.440597921609879,4.0,3.44653344154358,0
1345,5,0.321559369564056,7.0,4.0,1
1346,3,0.407070010900497,3.0,4.0,1
1347,5,0.394959986209869,4.0,4.0,1
1348,3,0.400240004062653,7.0,5.0,1
1349,5,0.511519968509674,2.0,4.0,0
1350,5,0.394959986209869,3.0,4.0,1
1351,4,0.367390006780624,1.0,4.0,1
1352,4,0.464899986982346,3.0,2.0,1
1353,3,0.394959986209869,4.0,4.0,1
1354,3,0.532429993152618,3.0,1.0,0
1355,3,0.343410015106201,4.0,5.0,0
1356,4,0.662460029125214,1.0,4.0,0
1357,5,0.464700013399124,3.0,5.0,1
1358,3,0.1956847012043,1.0,3.0792510509491,1
1359,5,0.407070010900497,7.0,6.0,0
1360,4,0.592509984970093,5.0,4.17194414138794,0
1361,4,0.785520017147064,6.0,3.0,0
1362,4,0.903599977493286,7.0,6.0,0
1363,3,0.343410015106201,3.0,5.0,0
1364,5,0.36285999417305,3.0,4.0,0
1365,5,0.320780009031296,2.0,4.0,1
1366,5,0.387620002031326,6.0,3.02165222167969,1
1367,3,0.265219986438751,1.80903720855713,1.36930668354034,0
1368,3,0.688880026340485,3.0,4.0,1
1369,5,0.477019995450974,3.0,3.95673727989197,0
1370,4,0.600469946861267,5.0,5.0,0
1371,5,0.427269995212555,6.0,6.0,1
1372,5,0.532429993152618,6.0,6.0,0
1373,5,0.464700013399124,1.0,6.0,1
1374,3,0.315829992294312,1.0,3.19634914398193,1
1375,3,0.785520017147064,6.0,3.0,1
1376,4,0.511519968509674,4.0,4.0,0
1377,5,0.614226460456848,7.0,6.0,0
1378,5,0.785520017147064,1.0,4.0,0
1379,4,-0.0260551758110523,1.0,4.0,1
1380,5,0.514144659042358,4.0,2.0,0
1381,4,0.600469946861267,6.0,7.0,0
1382,3,0.662460029125214,1.0,3.13472437858582,0
1383,5,0.62365996837616,3.0,4.0,0
1384,5,0.401980012655258,1.0,4.0,0
1385,3,0.394959986209869,2.0,5.0,1
1386,3,0.189989998936653,7.0,5.26684951782227,1
1387,5,0.315829992294312,4.0,6.8828182220459,0
1388,5,0.414970010519028,2.0,6.0,1
1389,5,0.267989993095398,6.0,2.32899641990662,1
1390,5,0.320780009031296,6.0,5.0,1
1391,4,0.609759986400604,3.0,3.0,1
1392,3,0.267989993095398,1.0,2.0,1
1393,3,0.320780009031296,4.0,2.0,0
1394,4,1.10091006755829,3.0,2.0,0
1395,3,0.65021002292633,5.0,5.0,1
1396,2,1.10091006755829,1.0,2.0,1
1397,3,0.581430017948151,4.0,4.0,0
1398,3,0.343410015106201,2.0,5.0,1
1399,3,0.414970010519028,7.0,4.54838991165161,0
1400,4,0.400240004062653,2.0,4.8506326675415,1
1401,3,0.343410015106201,7.0,5.0,1
1402,4,0.600469946861267,2.0,5.0,0
1403,5,0.461620002985001,2.0,6.0,1
1404,2,0.62365996837616,7.0,5.0,0
1405,3,0.65021002292633,1.0,3.0,0
1406,3,0.519323408603668,1.0,2.0,1
1407,1,0.407070010900497,2.0,4.0,1
1408,3,0.532429993152618,1.0,2.0,0
1409,4,0.688880026340485,3.0,3.91203999519348,1
1410,4,0.785520017147064,3.0,4.0,1
1411,4,0.267989993095398,1.0,2.83960032463074,1
1412,4,0.381099998950958,7.0,4.0,0
1413,3,0.518409967422485,5.0,6.0,0
1414,5,0.364969998598099,2.0,3.0,1
1415,3,0.320780009031296,7.0,5.43234729766846,1
1416,4,0.394959986209869,2.0,4.0,1
1417,5,0.261489987373352,3.0,3.60318636894226,1
1418,5,0.408399999141693,1.0,5.0,1
1419,4,0.427269995212555,2.0,5.13794136047363,0
1420,3,0.609759986400604,2.0,3.0,1
1421,3,0.487359970808029,7.0,6.0,1
1422,3,0.308983236551285,3.0,4.0,1
1423,3,0.427269995212555,3.0,2.14885234832764,1
1424,4,0.532429993152618,2.0,3.0,0
1425,3,0.407070010900497,5.0,6.0,1
1426,4,0.312420010566711,5.0,6.0,1
1427,3,0.461620002985001,7.0,5.35753011703491,0
1428,5,0.477569788694382,6.0,5.1809287071228,1
1429,5,0.614226460456848,6.0,6.0,0
1430,2,0.903599977493286,7.0,5.0,0
1431,3,0.667370617389679,5.0,4.0,1
1432,3,0.387620002031326,3.0,3.92871260643005,1
1433,3,0.315829992294312,7.0,6.1289119720459,1
1434,3,0.785520017147064,1.0,4.0,1
1435,3,0.487359970808029,6.0,6.0,0
1436,4,0.408399999141693,2.0,2.0,0
1437,4,0.394959986209869,2.0,6.0,1
1438,3,0.600469946861267,3.0,2.0,0
1439,2,0.451066255569458,3.0,3.06718254089355,1
1440,4,0.511519968509674,4.0,4.0,0
1441,4,0.600469946861267,7.0,6.0,0
1442,5,0.614226460456848,7.0,6.0,0
1443,5,0.464700013399124,4.0,5.09317207336426,1
1444,5,0.315829992294312,3.0,7.50719022750854,1
1445,5,0.390350013971329,5.0,6.0,0
1446,3,0.644749999046326,4.0,5.98192167282104,1
1447,3,0.299626767635345,2.0,2.0,1
1448,3,0.343410015106201,4.0,4.0,1
1449,3,0.401980012655258,1.0,5.17809391021729,1
1450,1,0.785520017147064,2.0,4.0,0
1451,3,0.62365996837616,1.0,5.35917186737061,0
1452,5,0.315829992294312,7.0,6.0,1
1453,5,0.903599977493286,7.0,6.0,0
1454,4,0.437002032995224,6.0,3.83220815658569,1
1455,3,0.785520017147064,7.0,6.0,0
1456,5,0.345128178596497,1.0,4.0,1
1457,4,0.265219986438751,1.0,4.0,0
1458,3,0.785520017147064,5.0,4.0,0
1459,3,0.400240004062653,3.0,4.0,1
1460,3,0.62365996837616,6.0,6.0,0
1461,3,0.592509984970093,3.0,1.0,0
1462,4,0.473252147436142,6.0,4.74335384368896,1
1463,4,0.785520017147064,3.0,4.53157615661621,1
1464,4,0.511519968509674,3.0,4.0,0
1465,5,0.461620002985001,4.0,4.0,0
1466,3,0.701979994773865,1.0,4.0,0
1467,2,0.65021002292633,3.0,3.0,1
1468,4,0.220313057303429,6.0,2.38196396827698,1
1469,3,0.315829992294312,1.0,2.0,0
1470,4,0.315829992294312,2.0,4.52397680282593,0
1471,4,0.385200023651123,1.0,4.15563678741455,0
1472,2,1.10091006755829,2.0,4.0,0
1473,5,1.10091006755829,3.0,2.0,0
1474,5,0.511519968509674,2.0,3.64870715141296,0
1475,4,0.592509984970093,1.0,4.0,0
1476,3,0.343410015106201,2.87028455734253,4.00099611282349,1
1477,3,0.461620002985001,4.0,3.11764931678772,1
1478,3,0.390350013971329,5.0,4.0,0
1479,5,0.698559999465942,5.0,2.0,0
1480,4,0.265219986438751,6.0,3.74778985977173,0
1481,4,0.461620002985001,6.0,8.07778549194336,0
1482,4,0.408399999141693,6.0,6.0,0
1483,5,0.229945033788681,2.0,5.0,1
1484,5,0.363073825836182,2.0,4.03146266937256,1
1485,3,0.614226460456848,5.0,5.0,0
1486,4,0.65021002292633,2.0,2.0,0
1487,5,0.267989993095398,5.0,7.0,1
1488,3,0.315829992294312,5.0,4.0,1
1489,4,0.267989993095398,2.0,4.0,1
1490,3,0.785520017147064,6.0,4.0,0
1491,4,0.248870328068733,4.0,3.0,1
1492,3,0.701979994773865,1.0,6.0,0
1493,4,0.267989993095398,6.0,5.14749145507812,1
1494,5,0.511519968509674,6.0,6.0,0
1495,5,0.609759986400604,3.0,5.0,1
1496,4,0.65021002292633,7.0,6.0,1
1497,3,0.785520017147064,5.0,6.0,0
1498,4,0.320780009031296,3.0,2.07753300666809,1
1499,5,-0.0899754166603088,1.0,7.0,1
1500,3,0.407070010900497,1.0,2.6759626865387,1
1501,5,0.364091604948044,3.0,2.0,1
1502,3,0.8400399684906,5.15212154388428,5.61947154998779,0
1503,3,1.10091006755829,2.0,4.0,0
1504,4,0.673849999904633,6.0,3.89208817481995,1
1505,1,0.343410015106201,4.0,4.93266534805298,1
1506,5,0.394959986209869,5.0,6.0,1
1507,3,0.614226460456848,7.0,6.0,0
1508,5,0.614226460456848,7.0,7.0,0
1509,4,0.408399999141693,3.0,4.62234687805176,0
1510,5,0.407070010900497,7.0,6.0,1
1511,4,0.785520017147064,1.0,4.0,1
1512,3,0.785520017147064,1.0,6.0,0
1513,3,0.701979994773865,4.0,4.0,0
1514,3,0.343410015106201,3.0,3.0,0
1515,3,0.335929989814758,5.0,3.0,0
1516,4,0.8400399684906,7.0,5.0,1
1517,5,0.345655769109726,2.0,3.0,0
1518,5,0.903599977493286,6.0,5.0,0
1519,3,0.8400399684906,4.0,2.41525936126709,0
1520,3,0.592509984970093,1.0,5.17434406280518,1
1521,5,0.785520017147064,1.0,3.0,0
1522,5,0.785520017147064,7.0,5.0,0
1523,4,0.62365996837616,6.0,5.0,0
1524,3,0.315829992294312,5.0,4.0,1
1525,3,0.381099998950958,5.0,2.29739999771118,0
1526,3,0.468820005655289,6.0,6.0,0
1527,5,0.614226460456848,1.0,1.0,1
1528,5,0.609759986400604,2.0,4.0,1
1529,4,0.65021002292633,2.0,3.0,0
1530,3,0.315829992294312,1.0,5.72209978103638,1
1531,3,0.401980012655258,1.0,7.0,0
1532,4,0.414970010519028,6.0,4.0,0
1533,4,0.400240004062653,6.0,3.0,1
1534,3,0.343410015106201,4.0,2.46614646911621,1
1535,4,0.511519968509674,3.0,4.0,0
1536,4,0.306452423334122,1.0,4.0,1
1537,3,0.394959986209869,6.0,4.0,1
1538,4,0.429351627826691,3.89348602294922,4.90377187728882,1
1539,3,0.511519968509674,3.0,6.0,0
1540,5,0.367390006780624,1.0,5.0,0
1541,3,0.527086436748505,2.0,3.20298528671265,1
1542,5,0.414970010519028,1.0,4.11768579483032,0
1543,5,0.401980012655258,2.0,4.0,1
1544,3,0.65021002292633,3.0,3.0,1
1545,4,0.364969998598099,3.0,3.0,1
1546,3,0.68820321559906,5.0,5.0,0
1547,3,0.446730017662048,7.0,6.0,1
1548,3,0.464700013399124,5.0,4.0,1
1549,3,0.518409967422485,1.0,2.0,0
1550,3,0.394959986209869,7.0,6.0,1
1551,5,0.367390006780624,2.0,5.0,0
1552,5,0.688880026340485,2.0,3.84698104858398,1
1553,3,0.592509984970093,6.0,3.94510817527771,0
1554,2,0.267989993095398,1.0,3.41450786590576,1
1555,4,0.265219986438751,7.0,5.0,1
1556,2,0.367390006780624,4.24102210998535,4.54337167739868,0
1557,5,0.444008380174637,4.0,3.45976996421814,1
1558,5,0.673849999904633,4.0,5.0,1
1559,5,0.401980012655258,5.0,4.76639032363892,1
1560,3,0.385200023651123,7.0,2.0,0
1561,3,0.777340054512024,2.0,2.0,0
1562,4,0.401980012655258,5.0,3.34514880180359,1
1563,4,0.407070010900497,3.0,4.0,1
1564,4,1.10091006755829,5.0,3.0,1
1565,3,0.785520017147064,6.0,4.30691528320312,1
1566,5,0.381099998950958,6.0,5.40412998199463,1
1567,3,0.407070010900497,6.0,6.0,1
1568,3,0.673849999904633,3.0,4.0,1
1569,4,0.600469946861267,1.0,3.0,1
1570,5,0.427269995212555,2.0,4.6310133934021,1
1571,3,0.364969998598099,3.0,4.0,0
1572,3,0.518409967422485,1.0,3.0,0
1573,4,0.267989993095398,3.0,4.0,0
1574,3,0.614226460456848,2.0,4.0,1
1575,2,0.518409967422485,4.0,4.0,0
1576,3,0.785520017147064,7.0,7.0,0
1577,3,0.600469946861267,2.0,3.0,0
1578,5,1.10091006755829,6.0,6.0,0
1579,1,0.320780009031296,4.0,3.0,1
1580,3,0.316481053829193,4.0,4.0,1
1581,3,0.315829992294312,1.0,3.0,0
1582,2,0.267989993095398,1.0,3.0,1
1583,3,0.701979994773865,6.0,4.0,0
1584,3,0.414970010519028,5.0,2.0,0
1585,2,0.785520017147064,7.0,6.0,0
1586,3,0.267989993095398,1.0,4.0,1
1587,4,0.511519968509674,2.0,5.0,1
1588,3,0.511519968509674,2.0,6.0,0
1589,5,0.206083551049232,3.0,3.58754801750183,1
1590,4,0.312420010566711,2.0,6.0,1
1591,5,0.261489987373352,2.0,2.0,0
1592,4,0.390350013971329,7.0,4.0,0
1593,4,0.487359970808029,3.0,4.14936065673828,0
1594,4,0.312420010566711,2.0,6.0,1
1595,5,0.600469946861267,2.0,5.0,0
1596,2,0.267989993095398,2.0,6.0,1
1597,3,0.309140026569366,1.0,2.83734822273254,0
1598,1,0.261489987373352,1.0,3.0,1
1599,3,0.62365996837616,6.0,4.0,0
1600,3,0.592509984970093,7.0,5.0,0
1601,4,0.0444758199155331,5.0,5.0,1
1602,1,0.592509984970093,2.0,3.13267183303833,0
1603,5,0.785520017147064,2.0,4.45748043060303,0
1604,3,0.532429993152618,5.0,5.0,0
1605,5,0.265219986438751,7.0,4.0,0
1606,3,0.557306528091431,5.0,5.0,0
1607,5,0.701979994773865,7.0,6.0,0
1608,3,0.673849999904633,1.0,3.0,1
1609,3,0.315829992294312,7.0,3.0,1
1610,5,0.673849999904633,6.0,4.0,1
1611,4,0.477019995450974,2.0,3.41514158248901,0
1612,4,0.364969998598099,6.0,5.0,1
1613,5,0.673849999904633,2.0,2.0,0
1614,2,0.267989993095398,5.70202207565308,4.04488801956177,1
1615,4,0.61163204908371,2.0,5.0,1
1616,4,0.146114990115166,2.0,6.0,1
1617,3,0.592509984970093,1.0,2.0,0
1618,5,0.541463136672974,7.0,6.0,1
1619,3,0.189989998936653,1.0,4.0,1
1620,2,0.592509984970093,7.0,6.0,0
1621,3,0.427269995212555,4.0,2.82568883895874,0
1622,4,0.716473400592804,3.0,4.79604196548462,1
1623,4,0.785520017147064,5.0,5.0,0
1624,5,0.62365996837616,1.0,5.0,0
1625,2,0.673849999904633,2.0,3.0,0
1626,3,1.13774001598358,5.0,3.0,0
1627,3,0.600469946861267,4.0,3.0,1
1628,3,0.267989993095398,1.0,5.49658823013306,0
1629,3,0.394959986209869,4.0,3.62222933769226,1
1630,4,0.62365996837616,7.0,6.0,0
1631,3,0.385200023651123,1.0,2.58268094062805,0
1632,4,0.394959986209869,2.0,3.0,1
1633,4,0.335929989814758,7.0,4.0,0
1634,4,0.364969998598099,1.0,4.0,0
1635,3,0.36285999417305,4.0,3.0,1
1636,3,0.903599977493286,1.0,2.0,0
1637,3,0.600469946861267,7.0,4.0,1
1638,4,0.487359970808029,6.0,5.0,0
1639,3,0.343410015106201,7.0,6.0,0
1640,5,0.464899986982346,1.0,4.21116209030151,0
1641,5,0.487359970808029,3.0,4.0,0
1642,3,0.614226460456848,7.0,4.0,0
1643,3,0.785520017147064,6.0,7.0,1
1644,5,0.386416137218475,4.0,4.0,1
1645,2,1.13774001598358,1.0,2.0,1
1646,3,0.408399999141693,1.0,4.0,0
1647,4,0.407070010900497,5.0,4.0,1
1648,3,0.614226460456848,6.0,5.0,0
1649,3,0.609759986400604,6.0,4.0,1
1650,4,0.634375512599945,5.0,4.0,1
1651,5,0.688880026340485,2.0,1.22227513790131,1
1652,3,0.520840048789978,2.0,4.0,0
1653,3,0.673849999904633,1.0,2.0,0
1654,5,0.609759986400604,5.0,6.32746839523315,1
1655,4,0.267989993095398,5.0,4.0,1
1656,5,0.331275373697281,7.0,5.0,1
1657,3,0.267989993095398,4.0,3.0,0
1658,4,0.614226460456848,6.0,5.0,0
1659,4,0.261489987373352,1.0,4.0,1
1660,3,0.673849999904633,4.0,7.0,1
1661,3,0.394959986209869,2.0,4.0,1
1662,2,0.394959986209869,6.0,6.0,0
1663,3,0.777340054512024,2.0,3.0,0
1664,4,0.600469946861267,2.0,5.0,1
1665,3,0.461620002985001,5.0,6.0,0
1666,3,0.189989998936653,6.0,5.19649505615234,1
1667,3,0.267989993095398,2.0,4.0,0
1668,3,0.343410015106201,3.0,4.59208679199219,1
1669,5,0.65021002292633,5.0,5.0,0
1670,4,0.394959986209869,7.0,4.0,1
1671,2,0.903599977493286,3.0,4.0,1
1672,2,0.387619256973267,1.0,1.0,1
1673,5,0.558861196041107,2.0,4.0,0
1674,4,0.407070010900497,6.0,3.0,1
1675,3,0.511519968509674,6.0,4.0,0
1676,3,0.407457232475281,3.0,4.14507436752319,1
1677,4,0.343410015106201,6.0,4.0,1
1678,4,0.75151002407074,4.0,6.0,0
1679,5,0.600469946861267,6.0,5.0,1
1680,4,0.65021002292633,7.0,7.06288719177246,0
1681,4,0.414970010519028,4.0,5.0,0
1682,1,0.222090646624565,3.0,5.2990837097168,1
1683,2,0.171873971819878,1.33130443096161,1.03765046596527,1
1684,4,0.56122899055481,2.86719822883606,6.04744911193848,1
1685,5,0.189989998936653,4.0,2.48239731788635,1
1686,4,0.395851701498032,4.0,3.30270266532898,1
1687,4,0.592509984970093,1.0,4.0,0
1688,3,0.390350013971329,1.0,6.20786619186401,0
1689,5,0.315829992294312,4.0,4.12569236755371,1
1690,3,0.487359970808029,6.0,6.0,0
1691,3,0.785520017147064,1.0,2.04831290245056,1
1692,4,0.312420010566711,1.0,3.68528652191162,1
1693,4,0.343410015106201,3.0,5.0,1
1694,3,0.0431988202035427,4.0,3.0,1
1695,4,0.673849999904633,2.0,4.0,1
1696,1,0.688880026340485,4.0,4.0,1
1697,2,0.65021002292633,1.0,1.0,0
1698,3,0.8400399684906,6.0,5.0,0
1699,4,0.36285999417305,3.0,4.0,0
1700,3,0.387620002031326,2.0,4.0,1
1701,3,0.65021002292633,3.0,2.0,1
1702,3,0.295473277568817,2.0,4.0,1
1703,5,0.408399999141693,3.0,4.0,1
1704,2,0.315829992294312,3.0,2.0,0
1705,1,0.903599977493286,6.0,6.0,0
1706,1,0.545379996299744,2.0,5.0,0
1707,2,0.394959986209869,3.0,2.0,1
1708,2,0.903599977493286,4.0,4.0,0
1709,4,0.401980012655258,5.0,5.0,0
1710,3,0.151747047901154,1.0,2.39806413650513,1
1711,3,0.785520017147064,2.0,3.0,0
1712,3,0.335929989814758,3.0,4.63240671157837,0
1713,3,0.785520017147064,3.0,5.0,1
1714,2,0.599258303642273,2.0,4.39333820343018,1
1715,5,0.785520017147064,6.0,5.0,0
1716,3,0.464899986982346,1.0,3.87527632713318,1
1717,4,0.464700013399124,6.0,6.7151427268982,1
1718,2,0.271426022052765,5.0,3.84598302841187,1
1719,5,0.328650116920471,2.0,6.0,1
1720,4,0.343410015106201,2.0,3.0,0
1721,4,0.532429993152618,4.0,4.0,1
1722,3,0.414970010519028,7.0,6.0,0
1723,4,0.673849999904633,7.0,3.93555736541748,1
1724,4,0.785520017147064,3.0,2.0,1
1725,4,0.581430017948151,3.0,4.68980503082275,0
1726,3,1.13774001598358,1.0,2.0,0
1727,5,0.562857508659363,2.66892075538635,3.25155639648438,1
1728,5,0.390350013971329,1.0,2.90617799758911,0
1729,2,1.13774001598358,3.0,2.0,0
1730,4,0.343410015106201,6.0,6.0,1
1731,2,0.487359970808029,6.0,6.0,0
1732,3,0.785520017147064,7.0,4.0,0
1733,4,0.381099998950958,2.03629922866821,5.0,0
1734,3,0.261489987373352,5.0,6.0,1
1735,4,0.461620002985001,1.0,4.72006225585938,0
1736,2,1.10091006755829,7.0,6.0,0
1737,3,0.660891234874725,7.0,5.0,1
1738,3,0.189989998936653,4.0,4.04039716720581,1
1739,5,0.400240004062653,2.0,4.0,1
1740,3,0.414970010519028,2.0,3.0412859916687,0
1741,3,0.550576686859131,6.0,6.0,1
1742,3,0.903599977493286,2.0,4.0,0
1743,3,0.408600002527237,5.0,3.82964253425598,1
1744,4,0.267989993095398,6.0,4.06442642211914,1
1745,3,0.373017847537994,4.0,4.85119915008545,1
1746,4,0.464700013399124,4.0,5.51982975006104,1
1747,3,0.600469946861267,1.0,2.0,1
1748,3,0.394959986209869,1.0,4.0,1
1749,5,0.464700013399124,2.0,3.09971523284912,1
1750,5,0.343410015106201,3.0,3.61798620223999,1
1751,1,0.461620002985001,1.0,3.0,0
1752,4,0.464700013399124,1.0,7.0,1
1753,5,0.394959986209869,5.0,6.0,1
1754,3,0.903599977493286,2.0,5.0,0
1755,5,0.673849999904633,5.0,5.0,1
1756,3,0.401980012655258,3.0,4.0,0
1757,3,0.673849999904633,5.0,6.0,1
1758,4,0.785520017147064,6.0,6.0,0
1759,3,0.777340054512024,3.0,4.0,0
1760,3,0.688880026340485,2.0,4.0,1
1761,5,0.511519968509674,3.0,4.0,0
1762,4,0.609759986400604,2.0,3.23445463180542,1
1763,3,0.394959986209869,6.0,4.43845891952515,1
1764,1,0.95257157087326,6.0,7.31130504608154,1
1765,3,0.408600002527237,1.0,5.43846988677979,1
1766,3,0.511519968509674,5.0,6.0,0
1767,3,0.261012345552444,5.0,6.0,1
1768,5,0.261489987373352,1.0,3.27125692367554,1
1769,3,0.616387069225311,2.0,4.0,1
1770,3,0.401980012655258,4.0,2.0,0
1771,5,0.511519968509674,7.0,6.0,0
1772,4,0.65021002292633,2.0,2.0,1
1773,3,0.425717502832413,7.0,6.0,1
1774,5,0.312420010566711,4.0,7.0,0
1775,5,0.785520017147064,4.0,4.0,0
1776,4,0.597007036209106,4.0,3.55607271194458,1
1777,3,0.367390006780624,5.0,5.0,0
1778,3,0.497933208942413,6.0,5.0,0
1779,3,0.785520017147064,2.0,4.0,1
1780,3,0.758204221725464,1.0,3.26581454277039,0
1781,4,0.549640417098999,6.0,3.0,1
1782,2,0.646434009075165,6.0,6.0,1
1783,1,0.592509984970093,7.0,4.0,1
1784,2,0.394959986209869,4.0,5.0,1
1785,3,0.464700013399124,6.0,4.0,1
1786,2,0.65021002292633,1.0,2.0,0
1787,5,0.367390006780624,1.0,3.0,0
1788,5,0.320780009031296,2.0,6.0,1
1789,5,0.267989993095398,1.0,3.90483450889587,1
1790,3,0.394959986209869,6.0,5.23428821563721,1
1791,3,0.282407134771347,6.0,6.0,1
1792,4,0.446730017662048,7.0,6.0,0
1793,4,0.614226460456848,5.0,6.0,0
1794,3,0.269944876432419,1.0,3.0,1
1795,4,0.385200023651123,1.0,3.03038239479065,0
1796,2,0.614337801933289,6.0,4.0,1
1797,3,0.394959986209869,1.0,4.61818504333496,1
1798,3,0.511519968509674,4.0,2.0,0
1799,3,0.461620002985001,4.0,5.0,0
1800,5,0.312420010566711,2.0,1.84329235553741,1
1801,5,0.600469946861267,6.0,5.0,1
1802,4,0.701979994773865,1.0,2.0,0
1803,3,0.785520017147064,2.0,3.0,1
1804,3,0.785520017147064,1.0,3.23132419586182,1
1805,3,0.633534729480743,3.30745482444763,2.60495519638062,0
1806,3,0.394959986209869,1.0,4.0,1
1807,4,0.482356458902359,5.0,6.0,1
1808,4,0.315829992294312,2.0,3.0,0
1809,3,0.487359970808029,6.0,5.0,1
1810,3,0.315829992294312,1.0,2.0,1
1811,3,0.23514723777771,1.0,4.0,1
1812,5,0.785520017147064,3.0,5.0,1
1813,3,0.614226460456848,4.0,5.0,1
1814,4,0.477019995450974,4.0,5.0,0
1815,4,0.8400399684906,6.0,5.0,0
1816,4,0.614226460456848,3.0,2.0,0
1817,2,0.343410015106201,3.0,5.0,0
1818,3,0.336679995059967,2.0,3.0,0
1819,3,0.785520017147064,6.0,5.0,0
1820,3,0.414970010519028,3.0,5.34141731262207,0
1821,5,0.673849999904633,6.0,4.0,0
1822,5,0.511519968509674,4.0,4.0,0
1823,3,0.668053805828094,2.0,4.0,1
1824,4,0.414970010519028,7.0,6.87110233306885,0
1825,5,0.464700013399124,4.0,4.73007440567017,1
1826,4,0.367390006780624,3.0,6.58733320236206,0
1827,3,0.109953641891479,2.0,1.39417910575867,1
1828,4,0.609759986400604,2.0,4.0,0
1829,5,0.785520017147064,1.0,3.0,1
1830,1,0.36538890004158,5.0,2.63553762435913,1
1831,5,0.41298633813858,2.0,5.80663681030273,1
1832,3,0.468874841928482,1.0,3.38869309425354,1
1833,5,0.427269995212555,2.0,4.0,0
1834,4,0.407070010900497,6.0,6.0,1
1835,3,0.315829992294312,1.0,3.95963549613953,1
1836,5,0.785520017147064,1.0,4.0,0
1837,3,0.614226460456848,7.0,5.0,1
1838,3,0.592509984970093,6.0,5.19425106048584,0
1839,3,0.265219986438751,4.0,5.0,0
1840,4,0.532429993152618,7.0,7.0,0
1841,4,0.673849999904633,4.0,5.09508609771729,1
1842,4,0.62978994846344,1.0,3.44530558586121,1
1843,3,0.65021002292633,1.0,4.0,0
1844,4,0.315829992294312,3.0,3.24627494812012,0
1845,3,0.461620002985001,6.0,4.64463663101196,0
1846,3,0.785520017147064,6.0,1.79383158683777,0
1847,2,0.343410015106201,2.0,1.0,1
1848,4,0.267989993095398,5.0,3.55931758880615,1
1849,3,0.673849999904633,4.0,4.0,0
1850,3,0.511519968509674,3.0,5.0,0
1851,5,0.785520017147064,5.0,3.0,0
1852,2,0.427269995212555,1.0,2.9842324256897,1
1853,3,0.785520017147064,5.0,5.0,0
1854,3,0.785520017147064,2.0,4.0,1
1855,3,0.407070010900497,4.0,4.0,1
1856,5,0.470753073692322,2.0,4.9148120880127,1
1857,4,0.315829992294312,6.0,5.56482172012329,1
1858,3,0.785520017147064,2.0,5.0,0
1859,5,0.401980012655258,1.0,4.44344854354858,0
1860,5,0.511519968509674,3.0,6.0,0
1861,5,0.265219986438751,6.0,4.0,1
1862,5,0.512487351894379,7.0,6.0,1
1863,3,0.261489987373352,2.0,4.9334454536438,1
1864,4,0.688880026340485,2.0,5.0,1
1865,3,0.407070010900497,1.0,4.0,1
1866,4,0.315829992294312,6.0,6.0,0
1867,3,0.785520017147064,2.0,5.0,1
1868,3,0.417615115642548,2.0,6.0,1
1869,4,0.189989998936653,4.0,3.55646777153015,1
1870,2,0.407070010900497,4.0,3.0,1
1871,3,0.342653393745422,5.0,4.0,1
1872,3,0.315829992294312,2.0,7.0,0
1873,3,0.785520017147064,3.0,5.0,1
1874,3,0.343410015106201,3.0,1.23040592670441,1
1875,5,0.487359970808029,2.0,2.0,0
1876,3,0.592509984970093,5.0,4.0,0
1877,3,0.785520017147064,7.0,6.0,0
1878,5,0.540455341339111,6.0,4.0,1
1879,4,0.320780009031296,3.0,1.0,0
1880,3,0.448824733495712,2.0,4.0,1
1881,2,0.315829992294312,1.0,3.12418866157532,1
1882,4,0.394959986209869,6.0,3.0,1
1883,3,0.487359970808029,2.0,5.193922996521,0
1884,5,0.785520017147064,1.0,5.0,0
1885,3,0.320780009031296,2.0,3.78839445114136,1
1886,3,0.614226460456848,1.0,2.87099194526672,1
1887,3,0.793409943580627,1.0,3.0,1
1888,3,0.511519968509674,3.0,3.0,0
1889,1,0.189989998936653,2.0,1.11474430561066,1
1890,3,0.785520017147064,7.0,6.0,0
1891,3,0.343410015106201,2.27822995185852,3.5093686580658,1
1892,4,0.312420010566711,5.0,6.0,0
1893,3,0.600469946861267,3.0,4.0,0
1894,4,0.600469946861267,2.0,4.0,0
1895,5,0.511519968509674,3.0,3.0,0
1896,4,0.701979994773865,5.0,4.0,1
1897,3,0.592509984970093,4.0,3.08425188064575,0
1898,5,0.466322034597397,6.0,5.78267240524292,1
1899,5,0.320780009031296,1.9089652299881,5.0,1
1900,4,0.772051632404327,6.0,3.24532032012939,1
1901,4,0.414970010519028,5.0,7.0,0
1902,4,0.261489987373352,4.0,5.21686315536499,1
1903,5,0.154112130403519,1.0,3.01795148849487,1
1904,4,0.84213000535965,3.0,3.0,0
1905,4,0.394959986209869,2.0,3.80665278434753,1
1906,5,0.487925171852112,3.0,3.3679986000061,1
1907,5,0.511519968509674,2.0,4.0,0
1908,5,0.320780009031296,6.0,5.0,0
1909,3,0.446730017662048,5.0,3.8603937625885,1
1910,5,0.62365996837616,3.0,2.0,1
1911,5,0.367390006780624,2.0,2.24336194992065,0
1912,3,0.600469946861267,3.0,4.0,1
1913,4,0.600469946861267,1.0,3.0,0
1914,3,0.401980012655258,4.0,2.97788238525391,1
1915,2,0.320780009031296,6.0,4.89928770065308,1
1916,5,0.592509984970093,5.0,4.8922438621521,0
1917,3,0.778782904148102,2.0,3.0,1
1918,5,0.309140026569366,6.0,5.0,0
1919,3,0.414970010519028,7.0,5.75726699829102,0
1920,4,0.390350013971329,5.0,4.0,0
1921,3,0.614226460456848,5.0,5.0,0
1922,3,0.600469946861267,2.0,4.0,1
1923,2,0.644749999046326,1.0,2.0,0
1924,3,0.785520017147064,3.0,2.0,0
1925,5,0.401980012655258,4.0,5.41699504852295,0
1926,2,0.414970010519028,3.0,5.0,0
1927,5,0.331734329462051,6.0,5.0,1
1928,5,0.605241537094116,6.0,6.0,0
1929,5,0.401980012655258,3.0,4.0,1
1930,5,0.673849999904633,5.0,4.0,1
1931,4,0.688880026340485,1.0,4.0,1
1932,5,0.427269995212555,1.0,5.0,0
1933,3,0.487359970808029,1.0,4.91084575653076,0
1934,5,0.408399999141693,1.0,3.68955063819885,0
1935,2,0.65021002292633,3.0,4.0,1
1936,3,0.261489987373352,4.0,1.83346140384674,0
1937,5,0.267989993095398,3.0,3.0,1
1938,5,0.673849999904633,2.0,5.0,0
1939,4,0.662460029125214,3.0,3.80174231529236,0
1940,3,0.408399999141693,5.0,6.0,0
1941,4,0.394959986209869,7.0,4.0,1
1942,5,0.464899986982346,3.0,2.0,1
1943,3,0.785520017147064,5.0,6.0,0
1944,3,0.785520017147064,2.0,5.0,0
1945,4,0.502270519733429,4.0,2.0,1
1946,3,0.267989993095398,2.0,7.0,1
1947,3,0.600469946861267,3.0,3.0,1
1948,5,0.345085203647614,5.0,4.00282335281372,1
1949,5,0.267989993095398,4.0,4.90142440795898,1
1950,3,0.261489987373352,1.0,4.32463598251343,1
1951,3,0.673849999904633,7.0,6.0,1
1952,3,0.511519968509674,1.0,3.0,0
1953,3,0.511519968509674,4.0,4.17847871780396,0
1954,5,0.312420010566711,6.0,6.0,1
1955,5,0.315829992294312,3.0,6.0,1
1956,4,0.477019995450974,6.0,4.0,0
1957,5,0.392832785844803,6.0,4.87147855758667,1
1958,3,0.267989993095398,-0.577221393585205,4.39002227783203,1
1959,2,0.414970010519028,5.0,6.0,0
1960,5,0.312420010566711,1.0,4.0,1
1961,3,0.400240004062653,2.0,4.0,1
1962,1,0.427269995212555,2.0,5.19325351715088,1
1963,3,0.903599977493286,6.0,5.0,0
1964,2,0.590027570724487,6.0,5.0,1
1965,4,0.315829992294312,3.0,6.0,1
1966,3,0.261489987373352,1.0,1.94006490707397,1
1967,5,0.394959986209869,3.0,4.77637958526611,1
1968,3,0.381099998950958,2.0,2.0,0
1969,5,0.267989993095398,1.0,1.0,0
1970,4,0.84213000535965,3.0,3.0,1
1971,5,0.785520017147064,5.0,2.72101020812988,0
1972,4,0.511519968509674,5.0,5.0,0
1973,4,0.518409967422485,5.0,4.0,1
1974,1,0.214632242918015,3.0,2.87889170646667,1
1975,4,0.265219986438751,1.0,6.53428220748901,1
1976,3,0.343410015106201,6.0,4.0,1
1977,3,0.261489987373352,6.0,5.48567199707031,1
1978,4,0.261489987373352,2.0,4.68765783309937,1
1979,4,0.511519968509674,4.0,4.9759578704834,0
1980,3,0.343410015106201,3.0,2.0,1
1981,3,0.611993312835693,1.0,3.0,1
1982,5,0.737942039966583,3.0,6.740149974823,1
1983,5,0.785520017147064,4.0,3.22738647460938,1
1984,4,0.394959986209869,4.0,2.40555453300476,1
1985,3,0.785520017147064,4.0,2.0,1
1986,4,0.267989993095398,2.0,1.0,1
1987,5,0.315829992294312,1.0,5.78002452850342,0
1988,5,0.381099998950958,3.0,2.0,0
1989,4,0.267989993095398,1.0,2.0,1
1990,2,0.267989993095398,3.0,7.0,0
1991,3,0.532429993152618,5.0,4.0,0
1992,3,0.903599977493286,1.0,4.0,0
1993,4,0.785520017147064,6.0,3.89381742477417,1
1994,3,0.477019995450974,4.0,4.86327314376831,1
1995,3,0.464700013399124,1.0,6.0,1
1996,3,0.335929989814758,1.0,3.0,0
1997,3,0.343410015106201,5.0,3.0,1
1998,2,0.268894255161285,6.0,3.0,1
1999,5,0.440597921609879,2.0,1.0,0
2000,4,0.785520017147064,4.0,4.67512655258179,0
2001,3,0.487359970808029,2.0,4.15047645568848,0
2002,3,0.487359970808029,1.0,6.0,0
2003,3,0.785520017147064,6.0,4.0,0
2004,2,0.42946994304657,1.0,4.0,1
2005,5,0.407070010900497,7.0,5.0,1
2006,5,0.343410015106201,1.0,3.20559906959534,1
2007,2,0.461620002985001,1.0,2.0,0
2008,4,0.477019995450974,3.0,4.0,0
2009,4,0.688880026340485,1.0,4.0,1
2010,5,0.414970010519028,2.0,5.0,0
2011,4,0.407070010900497,6.0,5.0,1
2012,3,0.407070010900497,1.0,2.25864243507385,1
2013,4,0.614226460456848,5.0,2.13613629341125,1
2014,3,0.673849999904633,4.0,4.0,1
2015,3,0.614226460456848,2.0,3.72279834747314,0
2016,4,0.400240004062653,2.0,2.88426971435547,1
2017,5,0.408600002527237,7.0,5.0,0
2018,3,0.688880026340485,1.0,4.0,1
2019,3,0.903599977493286,6.0,5.0,0
2020,3,0.427269995212555,5.0,4.0,0
2021,5,0.62978994846344,4.0,4.0,0
2022,4,0.265219986438751,6.0,3.0,1
2023,3,0.267989993095398,2.0,1.86669564247131,0
2024,3,0.673849999904633,5.0,3.0,0
2025,3,0.529449999332428,6.0,6.83705234527588,1
2026,3,0.340220004320145,3.0,1.59994459152222,1
2027,5,0.532429993152618,6.0,5.7176103591919,0
2028,3,0.267989993095398,3.0,2.0,1
2029,5,0.511519968509674,6.0,4.0,0
2030,3,0.487359970808029,6.0,5.26083755493164,0
2031,5,0.461620002985001,3.0,4.0,0
2032,3,0.84213000535965,1.0,2.0,0
2033,5,0.408399999141693,3.0,3.74640417098999,1
2034,2,0.369544625282288,3.0,6.0,0
2035,5,0.673849999904633,5.0,5.85484457015991,1
2036,2,1.10091006755829,2.0,3.0,1
2037,3,0.687634289264679,7.0,6.0,1
2038,4,0.614226460456848,2.0,4.0,0
2039,3,0.464700013399124,3.0,2.0,1
2040,3,0.261489987373352,3.0,1.0,0
2041,5,0.62978994846344,1.0,5.2714114189148,0
2042,3,0.261489987373352,1.0,6.0,1
2043,5,0.343410015106201,2.0,2.44488954544067,1
2044,5,0.461620002985001,3.0,3.86764121055603,0
2045,5,0.400240004062653,4.0,4.0,1
2046,4,0.518409967422485,5.0,6.0,1
2047,5,0.340520590543747,1.0,6.63810634613037,1
2048,4,0.267989993095398,1.0,4.40699768066406,1
2049,4,0.532429993152618,2.0,5.0,0
2050,5,0.547987401485443,5.22330856323242,6.32050371170044,0
2051,3,0.464899986982346,2.0,4.57281112670898,1
2052,3,0.487359970808029,5.0,3.16775918006897,0
2053,5,0.785520017147064,6.0,5.0,0
2054,3,0.336679995059967,1.0,2.0,0
2055,5,0.532429993152618,3.0,4.0,0
2056,4,0.427269995212555,3.0,4.68967962265015,1
2057,3,0.473166227340698,6.0,5.21204566955566,1
2058,3,0.614226460456848,5.0,5.0,1
2059,3,0.315829992294312,4.0,1.0,1
2060,3,0.446730017662048,3.0,3.48954057693481,1
2061,3,0.320780009031296,2.0,4.0,1
2062,2,0.785520017147064,1.0,3.0,0
2063,3,0.477019995450974,1.0,2.72095775604248,0
2064,5,0.673849999904633,2.0,2.0,1
2065,2,1.10091006755829,4.0,4.0,0
2066,4,0.518409967422485,3.0,3.0,0
2067,5,0.600469946861267,3.0,3.0,1
2068,2,0.532429993152618,2.0,3.0,0
2069,3,0.600469946861267,5.0,4.0,1
2070,2,0.487359970808029,3.0,3.48071980476379,0
2071,3,0.600469946861267,3.0,2.0,1
2072,5,0.394959986209869,2.0,6.33011722564697,1
2073,5,0.394959986209869,4.0,2.81442260742188,1
2074,5,0.394959986209869,7.0,6.0,1
2075,5,0.394959986209869,2.0,3.6018660068512,1
2076,3,0.609759986400604,6.0,3.0,1
2077,4,0.267989993095398,6.0,4.0,1
2078,5,0.600469946861267,7.0,5.0,1
2079,4,0.581430017948151,3.0,3.0,0
2080,3,0.265219986438751,7.0,6.12998819351196,0
2081,5,0.477019995450974,5.0,4.52762794494629,0
2082,3,0.414970010519028,6.0,6.0,0
2083,3,0.511519968509674,7.0,4.0,0
2084,5,0.461620002985001,7.0,6.0,0
2085,4,0.461620002985001,6.0,4.0,0
2086,3,0.785520017147064,1.0,2.0,1
2087,1,0.487359970808029,1.0,2.66731715202332,0
2088,5,0.320780009031296,5.0,7.0,1
2089,3,0.600469946861267,6.0,6.0,0
2090,3,0.62365996837616,5.0,3.0,0
2091,3,0.688880026340485,3.0,3.0,1
2092,3,0.767831981182098,2.0,2.96222567558289,1
2093,5,0.427269995212555,4.0,6.0,0
2094,3,0.267989993095398,1.0,2.38920378684998,1
2095,3,0.600469946861267,1.0,2.0,0
2096,3,0.394959986209869,6.0,6.0,1
2097,4,0.397658586502075,6.0,3.49010872840881,1
2098,5,0.309140026569366,3.0,3.62836217880249,0
2099,3,0.461620002985001,4.0,3.0,0
2100,3,0.320780009031296,1.0,2.26333522796631,1
2101,3,0.265219986438751,2.0,3.3082287311554,1
2102,3,0.427269995212555,5.0,5.0,1
2103,5,0.487359970808029,7.0,5.24266338348389,0
2104,2,0.408399999141693,3.0,5.0,0
2105,3,0.785520017147064,6.0,6.0,1
2106,4,0.376717120409012,1.0,4.0,1
2107,4,0.343410015106201,7.0,4.0,0
2108,4,0.27315765619278,3.0,3.54378461837769,1
2109,4,0.673849999904633,6.0,5.0,0
2110,3,0.335929989814758,4.0,5.0,0
2111,5,0.600469946861267,3.0,2.0,1
2112,4,0.592509984970093,7.0,4.0,1
2113,4,0.592509984970093,1.0,2.31108355522156,0
2114,4,0.267989993095398,2.0,5.0,1
2115,4,0.425221621990204,3.0,4.28229522705078,1
2116,4,0.644749999046326,6.0,3.44168448448181,0
2117,3,0.408399999141693,3.0,3.0,1
2118,4,0.189989998936653,7.0,6.0,1
2119,5,0.592509984970093,4.0,3.84992790222168,0
2120,4,0.785520017147064,7.0,6.0,1
2121,5,0.267989993095398,7.0,5.0,1
2122,4,0.701979994773865,3.0,5.0,0
2123,3,0.688880026340485,2.0,4.0,1
2124,4,0.785520017147064,6.0,5.0,0
2125,5,1.10091006755829,1.0,2.0,1
2126,4,0.785520017147064,1.0,3.0,0
2127,5,0.532429993152618,7.0,5.0,0
2128,3,0.62365996837616,2.0,5.52448606491089,0
2129,3,0.461620002985001,1.0,2.0,0
2130,3,0.327805459499359,1.0,1.0,1
2131,4,0.785520017147064,6.0,4.0,1
2132,3,0.476700603961945,5.0,4.0,1
2133,3,0.673849999904633,6.0,4.0,0
2134,3,0.8400399684906,5.0,6.0,0
2135,3,0.487359970808029,4.0,3.0,0
2136,3,0.71255898475647,3.0,5.0,0
2137,3,0.62978994846344,5.0,5.0,0
2138,3,0.446730017662048,3.0,5.0,1
2139,5,0.75151002407074,1.0,1.0,0
2140,3,0.414970010519028,7.0,6.0,0
2141,2,0.518409967422485,1.0,1.0,1
2142,3,0.364969998598099,1.0,2.0,1
2143,3,0.446730017662048,2.0,3.824458360672,1
2144,2,0.785520017147064,2.0,3.0,0
2145,5,0.785520017147064,2.0,2.0,1
2146,3,0.673849999904633,5.0,4.74759531021118,0
2147,5,0.511519968509674,5.0,5.0,0
2148,4,0.518409967422485,7.0,6.0,1
2149,3,0.609759986400604,6.0,6.0,0
2150,3,0.343410015106201,2.0,3.0,1
2151,3,0.343410015106201,4.0,5.0,1
2152,5,0.374105125665665,6.0,5.00568342208862,1
2153,4,0.511519968509674,7.0,6.0,0
2154,3,0.267989993095398,1.0,3.0,0
2155,3,0.614226460456848,1.0,6.0,0
2156,4,0.414970010519028,2.0,4.0,0
2157,4,0.343410015106201,2.0,2.0,1
2158,5,0.427269995212555,3.0,6.0,0
2159,5,0.320780009031296,6.0,5.0,1
2160,4,0.532539963722229,6.0,3.60869288444519,1
2161,4,0.614226460456848,2.0,3.0,1
2162,5,0.545379996299744,1.0,5.0,1
2163,3,0.414970010519028,7.0,5.0,0
2164,4,0.461620002985001,3.0,3.0,0
2165,3,0.76146799325943,6.0,5.0,1
2166,5,0.385200023651123,4.0,5.0,0
2167,3,0.385200023651123,5.0,3.75860524177551,1
2168,3,0.592509984970093,3.0,3.0,0
2169,5,0.529449999332428,1.0,4.0,1
2170,3,0.408399999141693,2.0,3.40934228897095,0
2171,5,0.487359970808029,6.0,6.0,0
2172,1,0.464700013399124,6.0,6.0,1
2173,4,0.777340054512024,6.0,4.0,1
2174,3,0.494871437549591,6.0,5.0,1
2175,3,0.487359970808029,1.0,4.66144609451294,0
2176,4,0.682132303714752,7.0,4.0,1
2177,5,0.44097912311554,6.0,5.0,1
2178,3,0.65021002292633,5.0,4.0,0
2179,5,0.511519968509674,7.0,4.0,0
2180,4,0.785520017147064,6.0,5.0,0
2181,5,0.614226460456848,3.0,3.67445397377014,1
2182,3,0.511519968509674,4.0,3.0,0
2183,5,0.320780009031296,6.0,7.59301471710205,1
2184,4,0.464700013399124,2.0,5.0,1
2185,3,0.414970010519028,7.0,4.0,1
2186,4,0.414970010519028,3.0,5.0,0
2187,5,0.408399999141693,4.0,5.0,0
2188,3,0.673849999904633,5.0,6.0,1
2189,4,0.414970010519028,0.427076131105423,3.0,0
2190,5,0.62365996837616,1.0,5.0,0
2191,4,0.785520017147064,2.0,4.0,1
2192,5,0.688880026340485,3.0,6.0,1
2193,3,0.364969998598099,1.0,5.0,1
2194,2,0.673849999904633,7.0,6.0,0
2195,2,0.673849999904633,1.0,2.0,1
2196,3,0.614226460456848,2.0,4.0,0
2197,3,0.673849999904633,1.0,3.0,0
2198,3,0.267989993095398,1.0,6.0,1
2199,1,0.644749999046326,6.0,5.0,0
2200,3,0.442031651735306,4.0,4.0,1
2201,3,0.600479066371918,6.0,4.0,1
2202,4,0.50039392709732,3.0,4.0,1
2203,3,0.390350013971329,2.0,6.0,0
2204,5,0.343410015106201,5.0,4.0,0
2205,3,0.189989998936653,2.90587902069092,2.99859428405762,1
2206,4,0.532429993152618,1.0,2.0,0
2207,3,0.903599977493286,6.0,4.0,0
2208,5,0.414970010519028,3.0,4.0,0
2209,3,0.367390006780624,6.0,6.63935375213623,1
2210,5,0.511519968509674,6.0,7.0,0
2211,4,0.364969998598099,4.0,4.0,1
2212,4,0.320780009031296,7.0,6.0,1
2213,5,0.41927245259285,4.0,6.00817918777466,1
2214,4,0.673849999904633,3.0,5.0,1
2215,2,0.452273398637772,3.0,4.29793787002563,0
2216,1,0.688880026340485,6.0,4.22027540206909,1
2217,3,0.387620002031326,5.0,5.0,0
2218,2,0.609759986400604,5.0,3.0,1
2219,2,0.320780009031296,1.0,3.03197813034058,1
2220,1,0.688880026340485,1.0,4.0,1
2221,2,0.364969998598099,5.0,5.11471557617188,1
2222,3,0.592509984970093,2.0,2.3392014503479,0
2223,2,0.62365996837616,3.0,3.0,0
2224,3,0.785520017147064,6.0,5.0,0
2225,5,0.520840048789978,2.0,2.0,0
2226,5,0.461620002985001,1.0,3.0,0
2227,3,0.344157487154007,3.0,4.0,1
2228,5,0.367390006780624,6.0,4.0,0
2229,4,0.414970010519028,1.0,4.0,0
2230,5,0.25083002448082,3.21877717971802,4.82182931900024,1
2231,4,0.477019995450974,6.0,4.0,0
2232,4,0.539053618907928,1.0,3.0,1
2233,5,0.785520017147064,1.0,3.0,1
2234,5,0.414970010519028,4.0,3.06093668937683,1
2235,1,0.65021002292633,4.0,5.0,0
2236,5,0.408600002527237,3.0,4.0,1
2237,2,1.13774001598358,3.0,2.0,0
2238,1,0.265219986438751,3.0,1.0,1
2239,5,0.394959986209869,2.0,2.8824028968811,1
2240,5,0.0057396194897592,3.0,4.98991250991821,1
2241,4,0.477019995450974,5.0,4.08255052566528,0
2242,3,0.461620002985001,6.0,5.0,0
2243,5,0.785520017147064,2.0,3.4985830783844,0
2244,2,0.600469946861267,2.0,2.0,1
2245,2,1.13774001598358,3.0,4.0,0
2246,4,0.401980012655258,4.0,1.95270323753357,0
2247,3,0.511519968509674,3.0,4.98996734619141,0
2248,4,0.320780009031296,6.0,5.0,0
2249,3,0.600469946861267,7.0,6.0,1
2250,4,0.155706241726875,3.66934704780579,4.15280246734619,1
2251,3,0.600469946861267,6.0,4.0,1
2252,2,0.189989998936653,2.0,2.97006106376648,1
2253,3,0.563246190547943,7.0,5.0,0
2254,4,0.408399999141693,6.0,4.0,0
2255,3,0.394959986209869,3.0,3.3044285774231,1
2256,3,0.198884412646294,7.0,6.0,1
2257,4,0.698559999465942,4.0,3.33184242248535,1
2258,4,0.785520017147064,3.0,4.0,1
2259,5,0.267989993095398,2.0,3.90490746498108,1
2260,5,0.8400399684906,7.0,5.0,1
2261,4,0.408399999141693,4.0,4.0,0
2262,3,0.644749999046326,6.0,5.0,0
2263,3,0.785520017147064,2.0,4.0,0
2264,5,0.600469946861267,1.0,1.0,1
2265,4,0.267989993095398,5.0,6.0,1
2266,5,0.408600002527237,2.0,1.0,1
2267,3,0.464700013399124,2.0,2.31387233734131,1
2268,2,0.400240004062653,4.0,6.0,1
2269,3,0.614226460456848,2.0,4.03718185424805,0
2270,5,0.343410015106201,3.0,3.24905800819397,1
2271,3,0.387620002031326,2.0,2.0,1
2272,4,0.477019995450974,3.0,6.0,0
2273,4,0.367390006780624,1.0,4.95116329193115,0
2274,4,0.398313015699387,5.0,4.0,1
2275,3,0.364969998598099,2.0,6.25880575180054,1
2276,3,0.219274565577507,7.0,6.0,1
2277,4,0.785520017147064,7.0,6.0,1
2278,4,0.335929989814758,6.0,5.0,1
2279,5,0.267989993095398,2.0,4.0,0
2280,3,0.36285999417305,4.0,7.0,1
2281,3,0.315829992294312,1.0,4.21786642074585,1
2282,4,0.614226460456848,3.0,1.0,0
2283,4,0.644749999046326,2.0,5.59092140197754,0
2284,3,0.364969998598099,1.0,2.0,1
2285,4,0.785520017147064,1.0,2.0,1
2286,5,0.265219986438751,2.0,4.8710789680481,0
2287,3,0.662460029125214,7.0,5.0,0
2288,1,0.407070010900497,6.0,6.0,1
2289,5,0.310577630996704,3.0,2.30949592590332,1
2290,4,0.315829992294312,1.0,5.39654684066772,0
2291,4,0.903599977493286,6.0,6.0,0
2292,5,0.62365996837616,6.61473417282104,4.8800253868103,0
2293,4,0.785520017147064,7.0,5.0,0
2294,3,0.673849999904633,6.0,5.0,0
2295,2,0.903599977493286,2.0,2.0,1
2296,4,0.265219986438751,6.0,4.0,1
2297,3,0.903599977493286,7.0,6.0,0
2298,5,0.734821259975433,6.0,4.0,1
2299,5,0.464700013399124,5.0,4.0,1
2300,4,0.532429993152618,7.0,6.0,0
2301,5,0.968420684337616,1.0,3.0,1
2302,3,0.511519968509674,4.0,4.38492298126221,0
2303,3,0.477019995450974,3.0,4.38358306884766,0
2304,4,0.62365996837616,5.0,5.61200046539307,0
2305,3,0.785520017147064,1.0,5.0,1
2306,3,0.785520017147064,7.0,6.0,0
2307,3,0.265219986438751,4.97214078903198,7.01810359954834,0
2308,4,0.267989993095398,3.0,3.01065373420715,1
2309,3,0.65021002292633,2.0,3.0,1
2310,5,0.36285999417305,2.0,5.0,0
2311,4,0.785520017147064,7.0,6.0,0
2312,3,0.336679995059967,1.0,7.0,1
2313,3,0.394959986209869,1.0,4.0,1
2314,5,0.600469946861267,3.0,5.0,0
2315,4,0.785520017147064,3.0,3.0,1
2316,3,0.461620002985001,1.0,3.0,0
2317,4,0.511519968509674,5.0,4.0,0
2318,4,0.8400399684906,4.0,5.0,0
2319,4,0.688880026340485,6.0,5.0,1
2320,3,0.614226460456848,2.0,4.0,1
2321,3,0.261489987373352,1.0,4.0,1
2322,5,0.785520017147064,5.0,4.0,1
2323,3,0.785520017147064,3.0,3.0,0
2324,3,0.407070010900497,1.0,4.0,1
2325,3,0.511519968509674,5.2981481552124,4.0,0
2326,4,0.320780009031296,4.0,3.0,1
2327,3,0.309140026569366,7.0,6.0,0
2328,2,0.673849999904633,2.0,5.0,1
2329,1,0.487359970808029,6.0,4.0,0
2330,5,0.717036306858063,2.0,4.34889698028564,1
2331,4,0.427269995212555,2.0,0.658913731575012,1
2332,3,0.509518623352051,1.0,1.0,0
2333,4,0.548222482204437,7.0,6.0,0
2334,3,0.367390006780624,4.0,3.88252830505371,1
2335,5,0.343410015106201,1.0,1.0,1
2336,4,0.461620002985001,1.0,4.38572645187378,1
2337,4,0.388308376073837,5.0,2.0,1
2338,3,0.65021002292633,3.0,2.0,0
2339,4,0.614226460456848,1.0,4.0,0
2340,1,0.518409967422485,4.0,6.0,0
2341,4,0.614226460456848,1.0,5.62685680389404,1
2342,4,0.785520017147064,4.0,5.0,1
2343,3,0.461620002985001,2.0,3.96782398223877,1
2344,5,0.511519968509674,6.0,4.0,0
2345,5,0.312420010566711,2.0,2.0,1
2346,4,0.487359970808029,1.0,4.56402111053467,0
2347,5,0.581430017948151,5.0,6.0,0
2348,4,0.458203792572021,1.0,4.0,1
2349,4,0.600469946861267,1.0,4.0,1
2350,5,0.785520017147064,4.0,4.0,1
2351,5,0.390350013971329,5.0,4.0,0
2352,4,0.511519968509674,5.0,4.0,0
2353,3,0.315829992294312,1.0,4.85428762435913,1
2354,2,0.400240004062653,4.0,3.0,1
2355,3,0.343410015106201,7.0,6.0,1
2356,5,0.487359970808029,6.0,4.0,0
2357,5,0.511519968509674,6.0,4.0,0
2358,3,0.592509984970093,5.0,3.47315239906311,0
2359,3,0.461620002985001,1.0,6.0,0
2360,4,0.609759986400604,7.0,4.0,1
2361,3,0.312420010566711,1.0,3.0,0
2362,5,0.84213000535965,7.0,4.0,1
2363,3,0.315829992294312,1.0,1.67678105831146,0
2364,3,0.785520017147064,5.0,5.0,0
2365,3,0.401980012655258,1.0,3.0,0
2366,3,0.267989993095398,3.0,3.0,1
2367,5,0.785520017147064,1.0,5.38551664352417,0
2368,5,0.65021002292633,5.0,6.0,0
2369,3,0.400240004062653,3.0,6.0,1
2370,3,0.335929989814758,6.0,4.05641603469849,0
2371,2,0.673849999904633,1.0,3.0,1
2372,2,0.673849999904633,6.0,2.0,1
2373,5,0.477019995450974,7.0,2.8386869430542,0
2374,5,0.36285999417305,2.0,2.0,0
2375,2,0.673849999904633,6.0,6.0,0
2376,4,0.461620002985001,2.0,4.0,0
2377,3,0.267989993095398,7.0,4.0,1
2378,3,0.267989993095398,5.0,4.0,0
2379,3,0.320780009031296,5.0,4.33855152130127,1
2380,3,0.407070010900497,7.0,5.44146871566772,0
2381,3,0.581857740879059,6.0,4.32605028152466,1
2382,3,0.400240004062653,1.0,6.0,1
2383,4,0.343410015106201,3.0,6.0,0
2384,5,0.511519968509674,1.0,2.0,0
2385,1,0.312420010566711,1.0,1.0,1
2386,5,0.320780009031296,1.0,2.0,1
2387,5,0.688880026340485,5.0,5.0,1
2388,4,1.10091006755829,7.0,6.0,0
2389,3,1.10091006755829,5.0,6.0,1
2390,3,0.644749999046326,3.0,3.0,0
2391,4,0.673849999904633,7.0,5.0,1
2392,3,0.785520017147064,5.0,6.0,0
2393,5,0.440597921609879,1.0,1.0,1
2394,4,0.903599977493286,4.0,2.0,0
2395,5,0.785520017147064,6.0,2.68651843070984,1
2396,5,0.785520017147064,1.0,3.47911834716797,1
2397,2,0.673849999904633,1.0,2.0,0
2398,3,0.312420010566711,5.0,6.0,1
2399,3,0.511519968509674,2.0,5.0,0
2400,4,0.394959986209869,5.0,5.0,1
2401,5,0.461620002985001,1.0,2.64134836196899,0
2402,3,0.464700013399124,1.0,4.3054141998291,1
2403,5,0.793409943580627,3.0,3.0,0
2404,3,0.390350013971329,1.0,7.0,0
2405,1,0.532429993152618,4.0,6.0,0
2406,3,0.67891013622284,4.0,2.0,0
2407,4,0.364969998598099,2.0,3.0,1
2408,3,0.267989993095398,5.0,5.0,0
2409,5,0.609759986400604,3.0,3.81299114227295,1
2410,3,0.311895281076431,2.0,5.0,1
2411,5,0.320780009031296,4.0,6.0,1
2412,5,0.367390006780624,2.0,3.28611493110657,0
2413,4,0.49225589632988,4.0,2.26888585090637,1
2414,4,0.401980012655258,2.0,4.0,0
2415,4,0.265219986438751,6.0,7.0,1
2416,3,0.511519968509674,2.0,2.0,0
2417,4,0.309140026569366,0.607175827026367,4.74963903427124,1
2418,5,0.400240004062653,3.0,2.76260304450989,1
2419,3,0.75151002407074,5.0,6.0,0
2420,3,0.600469946861267,6.0,6.0,1
2421,5,0.609759986400604,4.0,5.0,1
2422,4,0.335381120443344,4.0,5.0,1
2423,5,0.267989993095398,4.0,3.8592255115509,1
2424,2,0.265219986438751,6.0,5.26739645004272,0
2425,3,0.394959986209869,1.0,2.0,1
2426,3,0.600469946861267,3.0,4.0,0
2427,4,0.367390006780624,6.0,5.0,1
2428,4,0.461620002985001,6.0,6.63811922073364,0
2429,2,0.381099998950958,1.0,4.0,0
2430,3,0.408399999141693,5.0,6.0,0
2431,3,0.315829992294312,4.0,2.0,1
2432,3,0.785520017147064,1.0,2.0,1
2433,4,0.491228610277176,7.0,4.0,1
2434,4,0.394959986209869,5.0,3.96166634559631,1
2435,5,0.261489987373352,2.0,3.97492265701294,1
2436,4,0.400240004062653,4.0,5.0,1
2437,5,0.644749999046326,1.0,3.0,1
2438,2,0.673849999904633,7.0,7.0,0
2439,4,0.267989993095398,3.0,4.0,1
2440,3,0.227393269538879,3.0,4.21475505828857,1
2441,2,0.394959986209869,2.0,5.37769222259521,1
2442,5,0.343410015106201,3.0,4.0,1
2443,5,0.487359970808029,2.0,3.39688801765442,1
2444,5,0.65021002292633,7.0,6.0,1
2445,4,0.364969998598099,1.0,6.0,1
2446,4,0.785520017147064,2.0,4.84535503387451,0
2447,3,0.600469946861267,1.0,2.0,1
2448,3,0.592509984970093,2.0,4.0,1
2449,3,0.62978994846344,5.0,6.0,0
2450,3,0.394959986209869,4.0,4.30713605880737,1
2451,5,0.532429993152618,4.0,5.0,0
2452,5,0.581430017948151,7.0,5.0,0
2453,5,0.592509984970093,2.0,3.0,1
2454,3,0.408399999141693,7.0,4.0,0
2455,3,0.394959986209869,6.0,4.0,0
2456,4,0.511519968509674,5.0,5.0,0
2457,4,0.614226460456848,6.0,5.0,0
2458,3,0.592509984970093,4.0,7.0,0
2459,2,0.401980012655258,1.0,3.94476652145386,1
2460,3,0.903599977493286,3.0,5.0,0
2461,4,0.785520017147064,2.0,5.0,1
2462,5,0.223326027393341,1.0,2.15272569656372,1
2463,5,0.401980012655258,1.0,2.0,1
2464,3,0.461620002985001,4.0,4.62234497070312,0
2465,3,0.267989993095398,2.0,4.0,1
2466,1,0.461620002985001,1.0,5.47336006164551,0
2467,3,0.785520017147064,7.0,6.0,0
2468,4,0.600469946861267,2.0,4.0,1
2469,3,0.175205454230309,3.0,4.0,1
2470,4,0.785520017147064,5.0,3.82838487625122,1
2471,3,0.688880026340485,1.0,3.0,1
2472,4,0.62978994846344,2.0,3.0,0
2473,3,0.785520017147064,1.0,3.84211349487305,1
2474,5,0.387620002031326,1.0,1.0,1
2475,1,0.312420010566711,4.0,5.39851427078247,1
2476,3,0.43155699968338,1.0,4.0,1
2477,3,0.154886499047279,1.0,6.0,1
2478,3,0.267989993095398,1.0,2.76697659492493,0
2479,3,0.592509984970093,2.0,2.63608956336975,0
2480,4,0.609759986400604,7.0,5.0,1
2481,4,0.312420010566711,1.0,6.0,1
2482,4,0.785520017147064,2.0,3.0,0
2483,5,0.607374370098114,4.0,4.0,0
2484,3,0.402013391256332,6.0,3.0,1
2485,5,0.673849999904633,6.0,6.0,1
