,dur,gdp
1,5,0.01517
2,23,0.01517
3,34,0.01517
4,52,0.01517
5,52,0.01517
6,12,0.00997
7,28,0.00997
8,60,0.00997
9,165,0.00997
10,1,0.0117
11,2,0.0117
12,8,0.0117
13,10,0.0117
14,22,0.0117
15,44,0.0117
16,3,0.00473
17,4,0.00473
18,13,0.00473
19,14,0.00473
20,28,0.00473
21,28,0.00473
22,31,0.00473
23,35,0.00473
24,37,0.00473
25,45,0.00473
26,48,0.00473
27,49,0.00473
28,50,0.00473
29,60,0.00473
30,102,0.00473
31,103,0.00473
32,9,0.01277
33,9,0.01277
34,11,0.01277
35,43,0.01277
36,49,0.01277
37,7,0.01138
38,9,0.01138
39,13,0.01138
40,14,0.01138
41,26,0.01138
42,29,0.01138
43,52,0.01138
44,130,0.01138
45,3,0.00424
46,3,0.00424
47,8,0.00424
48,10,0.00424
49,24,0.00424
50,53,0.00424
51,91,0.00424
52,205,0.00424
53,4,-0.00687
54,5,-0.00687
55,7,-0.00687
56,11,-0.00687
57,18,-0.00687
58,22,-0.00687
59,48,-0.00687
60,53,-0.00687
61,56,-0.00687
62,1,-0.00023
63,2,-0.00023
64,7,-0.00023
65,16,-0.00023
66,17,-0.00023
67,44,-0.00023
68,57,-0.00023
69,64,-0.00023
70,70,-0.00023
71,175,-0.00023
72,1,0.00791
73,4,0.00791
74,4,0.00791
75,7,0.00791
76,12,0.00791
77,30,0.00791
78,46,0.00791
79,53,0.00791
80,61,0.00791
81,208,0.00791
82,5,0.02538
83,8,0.02538
84,14,0.02538
85,30,0.02538
86,32,0.02538
87,44,0.02538
88,49,0.02538
89,3,0.02939
90,4,0.03927
91,4,0.03927
92,9,0.03927
93,13,0.03927
94,33,0.03927
95,98,0.03927
96,17,0.0371
97,34,0.0371
98,46,0.0371
99,65,0.0371
100,82,0.0371
101,5,0.04186
102,18,0.04186
103,44,0.04186
104,44,0.04186
105,59,0.04186
106,60,0.04186
107,7,0.03156
108,14,0.03156
109,31,0.03156
110,32,0.03156
111,77,0.03156
112,1,0.0218
113,2,0.0218
114,7,0.0218
115,10,0.0218
116,18,0.0218
117,23,0.0218
118,25,0.0218
119,36,0.0218
120,42,0.0218
121,46,0.0218
122,47,0.0218
123,50,0.0218
124,77,0.0218
125,9,0.02299
126,37,0.02299
127,41,0.02299
128,49,0.02299
129,52,0.02299
130,119,0.02299
131,2,0.02057
132,13,0.02057
133,25,0.02057
134,31,0.02057
135,31,0.02057
136,35,0.02057
137,44,0.02057
138,45,0.02057
139,53,0.02057
140,111,0.02057
141,3,0.02191
142,4,0.02191
143,5,0.02191
144,6,0.02191
145,7,0.02191
146,9,0.02191
147,14,0.02191
148,23,0.02191
149,26,0.02191
150,37,0.02191
151,46,0.02191
152,47,0.02191
153,77,0.02191
154,2,0.02094
155,11,0.02094
156,16,0.02094
157,147,0.02094
158,2,0.02171
159,2,0.02171
160,4,0.02171
161,6,0.02171
162,16,0.02171
163,18,0.02171
164,37,0.02171
165,42,0.02171
166,6,0.01298
167,7,0.01298
168,32,0.01298
169,44,0.01298
170,70,0.01298
171,32,-0.00268
172,71,-0.00268
173,7,-0.00987
174,27,-0.00987
175,14,-0.01491
176,26,-0.01491
177,4,-0.02361
178,4,-0.02361
179,43,-0.02361
180,60,-0.02361
181,62,-0.02361
182,64,-0.02361
183,68,-0.02361
184,82,-0.02361
185,3,-0.03252
186,13,-0.03252
187,30,-0.03252
188,154,-0.03252
189,3,-0.03957
190,17,-0.03957
191,19,-0.03957
192,28,-0.03957
193,72,-0.03957
194,99,-0.03957
195,104,-0.03957
196,114,-0.03957
197,152,-0.03957
198,153,-0.03957
199,216,-0.03957
200,15,-0.04163
201,21,-0.04163
202,52,-0.04163
203,109,-0.04163
204,3,-0.05107
205,5,-0.05107
206,9,-0.05107
207,26,-0.05107
208,52,-0.05107
209,61,-0.05107
210,148,-0.05107
211,168,-0.05107
212,2,-0.06215
213,11,-0.06215
214,19,-0.06215
215,26,-0.06215
216,30,-0.06215
217,36,-0.06215
218,47,-0.06215
219,50,-0.06215
220,87,-0.06215
221,3,-0.08626
222,5,-0.08626
223,7,-0.08626
224,17,-0.08626
225,23,-0.08626
226,30,-0.08626
227,104,-0.08626
228,108,-0.08626
229,192,-0.08626
230,18,-0.09308
231,40,-0.09308
232,47,-0.09308
233,57,-0.09308
234,1,-0.04777
235,5,-0.04777
236,10,-0.04777
237,15,-0.04777
238,19,-0.04777
239,28,-0.04777
240,42,-0.04777
241,64,-0.04777
242,148,-0.04777
243,4,-0.05161
244,6,-0.05161
245,12,-0.05161
246,12,-0.05161
247,28,-0.05161
248,105,-0.05161
249,112,-0.05161
250,163,-0.05161
251,11,-0.05473
252,12,-0.05473
253,29,-0.05473
254,50,-0.05473
255,235,-0.05473
256,10,-0.05417
257,19,-0.05417
258,41,-0.05417
259,52,-0.05417
260,100,-0.05417
261,3,-0.05196
262,4,-0.05196
263,10,-0.05196
264,12,-0.05196
265,34,-0.05196
266,88,-0.05196
267,101,-0.05196
268,102,-0.05196
269,104,-0.05196
270,124,-0.05196
271,15,-0.05467
272,61,-0.05467
273,98,-0.05467
274,22,-0.06169
275,24,-0.06169
276,38,-0.06169
277,64,-0.06169
278,84,-0.06169
279,5,-0.06945
280,6,-0.06945
281,70,-0.06945
282,70,-0.06945
283,1,-0.05824
284,11,-0.05824
285,18,-0.05824
286,19,-0.05824
287,50,-0.05824
288,90,-0.05824
289,9,-0.04592
290,15,-0.04592
291,20,-0.04592
292,24,-0.04592
293,84,-0.04592
294,117,-0.04592
295,1,-0.0461
296,23,-0.0461
297,25,-0.0461
298,59,-0.0461
299,63,-0.0461
300,179,-0.03983
301,92,-0.01353
302,153,-0.01353
303,17,-0.00784
304,226,-0.00784
305,13,-0.00354
306,23,-0.00354
307,2,0.01303
308,38,0.01303
309,3,0.00513
310,3,0.00513
311,6,0.00513
312,139,0.00513
313,2,0.00535
314,25,0.00535
315,85,0.00535
316,13,-0.00426
317,125,-0.00426
318,4,0.01355
319,54,0.01355
320,91,0.01355
321,38,0.02125
322,2,0.03531
323,6,0.03531
324,61,0.0565
325,18,0.06344
326,64,0.07687
327,122,0.07902
328,11,0.07602
329,16,0.07602
330,31,0.07602
331,39,0.07602
332,41,0.07602
333,2,0.07744
334,4,0.07744
335,5,0.07744
336,7,0.07744
337,9,0.07744
338,13,0.07744
339,38,0.07744
340,3,0.07427
341,10,0.07427
342,4,0.07816
343,5,0.07816
344,22,0.07816
345,27,0.07816
346,28,0.07816
347,36,0.07816
348,39,0.07816
349,85,0.07816
350,191,0.07816
351,5,0.07036
352,44,0.07036
353,56,0.07036
354,6,0.07217
355,21,0.07217
356,33,0.07216
357,109,0.07217
358,125,0.07217
359,127,0.07217
360,8,0.07773
361,9,0.07773
362,13,0.07773
363,14,0.07773
364,15,0.07773
365,28,0.07773
366,50,0.07773
367,60,0.07773
368,135,0.07773
369,5,0.08554
370,7,0.08554
371,16,0.08554
372,21,0.07418
373,37,0.07428
374,41,0.07428
375,2,0.07053
376,2,0.07053
377,20,0.07053
378,24,0.07053
379,57,0.07053
380,8,0.06554
381,16,0.06554
382,24,0.06554
383,59,0.06554
384,115,0.06554
385,123,0.06554
386,141,0.06554
387,146,0.06554
388,146,0.06554
389,3,0.06753
390,15,0.06753
391,15,0.06753
392,18,0.06753
393,20,0.06753
394,26,0.06753
395,34,0.06753
396,84,0.06753
397,122,0.06753
398,174,0.06753
399,4,0.06072
400,14,0.06072
401,15,0.06072
402,17,0.06072
403,22,0.06072
404,24,0.06072
405,39,0.06072
406,53,0.06072
407,107,0.06072
408,5,0.06508
409,9,0.06508
410,10,0.06508
411,16,0.06508
412,22,0.06508
413,24,0.06508
414,31,0.06508
415,31,0.06508
416,34,0.06508
417,38,0.06508
418,42,0.06508
419,65,0.06508
420,74,0.06508
421,101,0.06508
422,130,0.06508
423,1,0.0645
424,2,0.0645
425,2,0.0645
426,3,0.0645
427,4,0.0645
428,8,0.0645
429,11,0.0645
430,22,0.0645
431,23,0.0645
432,27,0.0645
433,32,0.0645
434,33,0.0645
435,35,0.0645
436,43,0.0645
437,43,0.0645
438,44,0.0645
439,3,0.0645
440,100,0.0645
441,2,0.06319
442,19,0.06319
443,20,0.06319
444,20,0.06319
445,20,0.06319
446,23,0.06319
447,24,0.06319
448,33,0.06319
449,33,0.06319
450,63,0.06319
451,67,0.06319
452,94,0.06319
453,116,0.06319
454,1,0.05579
455,8,0.05579
456,15,0.05579
457,15,0.05579
458,22,0.05579
459,23,0.05579
460,26,0.05579
461,27,0.05579
462,55,0.05579
463,160,0.05579
464,5,0.05197
465,8,0.05197
466,13,0.05197
467,20,0.05197
468,42,0.05197
469,53,0.05197
470,59,0.05197
471,83,0.05197
472,101,0.05197
473,8,0.03458
474,11,0.03458
475,15,0.03458
476,22,0.03458
477,58,0.03458
478,60,0.03458
479,108,0.03458
480,31,-0.00225
481,42,-0.00225
482,45,-0.00225
483,50,-0.00225
484,61,-0.00225
485,106,-0.00225
486,142,-0.00225
487,36,-0.09771
488,52,-0.09771
489,99,-0.09771
490,38,-0.12124
491,47,-0.12124
492,62,-0.12124
493,38,-0.13996
494,51,-0.13996
495,98,-0.13996
496,133,-0.13996
497,9,-0.1259
498,86,-0.1259
499,141,-0.12224
500,5,-0.10443
501,49,-0.10443
502,8,-0.08656
503,13,-0.08656
504,2,-0.06279
505,6,-0.06279
506,37,-0.06279
507,28,-0.0579
508,36,-0.0579
509,48,-0.0579
510,136,-0.0579
511,139,-0.0579
512,2,-0.04919
513,14,-0.04919
514,15,-0.04919
515,33,-0.04919
516,143,-0.04919
517,42,-0.04494
518,8,-0.027
519,122,-0.00601
520,56,-0.00693
521,14,-0.00528
522,14,-0.00528
523,106,-0.00528
524,127,-0.00528
525,131,-0.00528
526,140,-0.00528
527,141,-0.00528
528,163,-0.00528
529,22,-0.00155
530,23,-0.00155
531,29,-0.00155
532,99,-0.00155
533,118,-0.00155
534,2,-0.007
535,12,-0.007
536,12,-0.007
537,21,-0.007
538,21,-0.007
539,27,-0.007
540,38,-0.007
541,42,-0.007
542,117,-0.007
543,2,-0.00157
544,12,-0.00157
545,19,-0.00157
546,22,-0.00157
547,75,-0.00157
548,126,-0.00157
549,8,0.00134
550,36,0.00134
551,107,0.00134
552,5,-0.01281
553,5,-0.01281
554,29,-0.01281
555,151,-0.01281
556,9,-0.01538
557,16,-0.01538
558,29,-0.01538
559,35,-0.01538
560,65,-0.01538
561,136,-0.01538
562,50,-0.00703
563,55,-0.00703
564,1,-3e-05
565,12,-3e-05
566,27,-3e-05
