,Rehnquist,Stevens,OConnor,Scalia,Kennedy,Souter,Thomas,Ginsburg,Breyer
1,0,1.0,1.0,0,1,1,0,1,1
2,0,1.0,0.0,0,0,1,0,1,1
3,0,1.0,0.0,0,0,1,0,1,1
4,0,0.0,0.0,0,0,0,0,0,1
5,1,1.0,0.0,0,1,0,0,0,0
6,0,1.0,0.0,0,0,0,0,0,0
7,0,1.0,1.0,0,0,1,0,1,1
8,0,1.0,0.0,0,0,0,0,0,0
9,0,1.0,0.0,0,1,1,0,1,1
10,1,1.0,1.0,0,1,1,0,1,1
11,0,1.0,1.0,0,1,1,0,1,1
12,0,1.0,0.0,0,0,1,0,1,1
13,1,0.0,1.0,1,1,1,1,1,0
14,0,1.0,0.0,0,0,1,0,1,1
15,0,1.0,1.0,0,0,1,0,1,1
16,0,1.0,0.0,0,0,1,0,1,1
17,0,1.0,1.0,0,0,0,0,1,1
18,0,1.0,0.0,0,0,1,0,1,1
19,0,1.0,0.0,0,0,1,0,1,1
20,0,0.0,0.0,0,0,0,0,1,0
21,0,1.0,0.0,1,0,0,1,0,1
22,0,1.0,1.0,0,1,1,0,1,1
23,1,,,0,1,1,0,1,1
24,0,1.0,0.0,0,0,1,0,1,1
25,1,1.0,1.0,0,1,1,0,1,1
26,0,1.0,0.0,0,0,1,0,1,1
27,0,1.0,1.0,0,1,1,0,1,1
28,0,1.0,0.0,0,0,0,0,0,0
29,0,0.0,0.0,1,0,1,1,1,1
30,0,0.0,1.0,0,0,1,0,1,1
31,0,1.0,0.0,0,0,1,0,1,0
32,0,0.0,0.0,0,0,0,0,1,1
33,1,1.0,1.0,0,1,1,1,1,1
34,0,1.0,1.0,0,0,1,0,1,1
35,0,1.0,0.0,0,1,1,0,1,1
36,0,1.0,0.0,0,1,1,0,1,1
37,1,1.0,0.0,1,1,1,1,0,0
38,0,1.0,1.0,0,0,1,0,1,1
39,1,0.0,1.0,1,1,1,1,1,0
40,1,0.0,1.0,1,1,0,1,0,0
41,0,1.0,0.0,0,0,1,0,1,1
42,0,1.0,0.0,0,0,1,0,1,1
43,0,1.0,1.0,0,0,1,0,1,1
