,temp,time,cens
1,150,8064,0
2,150,8064,0
3,150,8064,0
4,150,8064,0
5,150,8064,0
6,150,8064,0
7,150,8064,0
8,150,8064,0
9,150,8064,0
10,150,8064,0
11,170,1764,1
12,170,2772,1
13,170,3444,1
14,170,3542,1
15,170,3780,1
16,170,4860,1
17,170,5196,1
18,170,5448,0
19,170,5448,0
20,170,5448,0
21,190,408,1
22,190,408,1
23,190,1344,1
24,190,1344,1
25,190,1440,1
26,190,1680,0
27,190,1680,0
28,190,1680,0
29,190,1680,0
30,190,1680,0
31,220,408,1
32,220,408,1
33,220,504,1
34,220,504,1
35,220,504,1
36,220,528,0
37,220,528,0
38,220,528,0
39,220,528,0
40,220,528,0
