,numvisit,badh,age
1,30,0,58
2,20,0,54
3,16,0,44
4,20,0,57
5,15,0,33
6,15,0,28
7,13,0,37
8,15,0,31
9,15,0,30
10,40,1,47
11,15,0,51
12,13,0,40
13,12,0,40
14,13,0,42
15,12,0,27
16,30,1,37
17,10,0,34
18,12,0,43
19,12,0,50
20,10,0,33
21,10,0,42
22,10,0,45
23,10,0,46
24,10,0,56
25,8,0,38
26,10,0,57
27,10,0,59
28,10,0,51
29,8,0,28
30,8,0,33
31,8,0,27
32,8,0,29
33,9,0,57
34,7,0,37
35,8,0,30
36,10,0,55
37,8,0,29
38,7,0,26
39,7,0,29
40,9,0,50
41,7,0,29
42,7,0,23
43,6,0,34
44,7,0,36
45,20,1,30
46,6,0,26
47,6,0,33
48,6,0,23
49,20,1,57
50,6,0,47
51,6,0,28
52,6,0,27
53,6,0,32
54,6,0,35
55,6,0,25
56,6,0,38
57,6,0,33
58,6,0,24
59,6,0,31
60,6,0,41
61,7,0,53
62,6,0,29
63,6,0,25
64,6,0,24
65,5,0,22
66,20,1,50
67,6,0,28
68,6,0,41
69,6,0,34
70,5,0,27
71,6,0,29
72,6,0,30
73,6,0,29
74,5,0,46
75,15,1,38
76,6,0,42
77,5,0,33
78,6,0,59
79,6,0,37
80,6,0,49
81,5,0,27
82,5,0,40
83,15,1,46
84,6,0,50
85,5,0,36
86,6,0,52
87,5,0,27
88,5,0,24
89,5,0,37
90,5,0,30
91,5,0,31
92,5,0,32
93,5,0,33
94,15,1,32
95,5,0,38
96,5,0,28
97,20,1,60
98,5,0,28
99,6,0,58
100,5,0,28
101,5,0,22
102,15,1,22
103,5,0,32
104,5,0,22
105,5,0,41
106,6,0,45
107,5,0,24
108,5,0,47
109,5,0,35
110,5,0,32
111,15,1,42
112,5,0,29
113,5,0,49
114,5,0,26
115,5,0,36
116,6,0,58
117,13,1,43
118,13,1,46
119,5,0,27
120,5,0,31
121,5,0,42
122,5,0,43
123,14,1,31
124,4,0,27
125,5,0,29
126,15,1,51
127,5,0,58
128,4,0,25
129,4,0,35
130,5,0,59
131,4,0,30
132,4,0,26
133,4,0,32
134,12,1,29
135,4,0,29
136,12,1,42
137,4,0,31
138,4,0,46
139,4,0,30
140,4,0,30
141,4,0,25
142,4,0,34
143,4,0,26
144,5,0,57
145,4,0,42
146,4,0,21
147,4,0,37
148,4,0,23
149,4,0,33
150,4,0,47
151,4,0,29
152,5,0,57
153,10,1,30
154,4,0,42
155,4,0,41
156,4,0,33
157,4,0,28
158,4,0,21
159,4,0,32
160,4,0,42
161,4,0,27
162,4,0,42
163,4,0,32
164,10,1,44
165,4,0,55
166,11,1,56
167,4,0,59
168,4,0,54
169,4,0,41
170,10,1,49
171,4,0,51
172,3,0,34
173,3,0,26
174,3,0,26
175,3,0,39
176,10,1,47
177,4,0,57
178,3,0,38
179,3,0,25
180,4,0,51
181,3,0,24
182,3,0,30
183,3,0,26
184,3,0,32
185,3,0,37
186,3,0,46
187,3,0,26
188,3,0,34
189,3,0,35
190,3,0,46
191,4,0,56
192,3,0,38
193,3,0,27
194,9,1,26
195,3,0,29
196,3,0,37
197,3,0,21
198,3,0,32
199,3,0,20
200,3,0,40
201,4,0,58
202,3,0,24
203,3,0,41
204,3,0,39
205,3,0,38
206,3,0,28
207,3,0,45
208,4,0,51
209,3,0,27
210,3,0,32
211,3,0,35
212,3,0,28
213,3,0,30
214,3,0,27
215,3,0,33
216,3,0,31
217,3,0,32
218,3,0,42
219,3,0,25
220,3,0,28
221,3,0,25
222,3,0,36
223,3,0,28
224,3,0,26
225,3,0,42
226,4,0,56
227,3,0,44
228,10,1,42
229,3,0,28
230,3,0,30
231,3,0,34
232,3,0,37
233,3,0,29
234,3,0,45
235,3,0,40
236,3,0,24
237,3,0,21
238,3,0,28
239,3,0,45
240,3,0,30
241,3,0,24
242,3,0,39
243,3,0,41
244,3,0,25
245,3,0,49
246,10,1,51
247,10,1,59
248,8,1,49
249,3,0,43
250,3,0,34
251,3,0,22
252,3,0,24
253,3,0,22
254,3,0,30
255,3,0,29
256,3,0,35
257,3,0,26
258,3,0,21
259,3,0,44
260,3,0,49
261,3,0,32
262,3,0,45
263,3,0,23
264,3,0,24
265,3,0,30
266,3,0,56
267,3,0,31
268,3,0,27
269,3,0,28
270,3,0,34
271,3,0,36
272,3,0,49
273,3,0,43
274,3,0,42
275,8,1,28
276,3,0,30
277,3,0,57
278,8,1,20
279,3,0,43
280,3,0,41
281,8,1,40
282,3,0,45
283,3,0,32
284,3,0,57
285,3,0,33
286,3,0,51
287,10,1,60
288,3,0,51
289,3,0,32
290,3,0,55
291,3,0,57
292,10,1,50
293,3,0,48
294,3,0,52
295,3,0,58
296,3,0,57
297,3,0,59
298,3,0,53
299,3,0,57
300,3,0,52
301,3,0,50
302,3,0,50
303,3,0,56
304,8,1,37
305,3,0,60
306,3,0,51
307,10,1,52
308,8,1,60
309,3,0,52
310,2,0,20
311,2,0,37
312,2,0,21
313,3,0,56
314,2,0,36
315,2,0,30
316,2,0,26
317,2,0,36
318,2,0,30
319,2,0,22
320,2,0,28
321,2,0,31
322,2,0,29
323,2,0,43
324,2,0,27
325,2,0,34
326,2,0,29
327,2,0,36
328,2,0,26
329,2,0,31
330,2,0,24
331,8,1,54
332,2,0,45
333,2,0,29
334,2,0,27
335,2,0,28
336,2,0,26
337,2,0,26
338,2,0,38
339,2,0,29
340,2,0,27
341,2,0,25
342,2,0,29
343,2,0,47
344,2,0,33
345,2,0,25
346,2,0,20
347,2,0,37
348,2,0,40
349,2,0,28
350,2,0,33
351,2,0,31
352,2,0,25
353,2,0,36
354,2,0,28
355,2,0,33
356,2,0,38
357,2,0,49
358,2,0,23
359,2,0,32
360,2,0,27
361,2,0,31
362,2,0,31
363,2,0,38
364,2,0,21
365,2,0,44
366,2,0,28
367,2,0,32
368,2,0,48
369,2,0,21
370,6,1,22
371,2,0,29
372,2,0,32
373,2,0,28
374,2,0,21
375,2,0,40
376,2,0,26
377,2,0,34
378,2,0,30
379,2,0,30
380,2,0,42
381,2,0,44
382,2,0,44
383,2,0,33
384,2,0,41
385,2,0,35
386,6,1,39
387,2,0,27
388,2,0,21
389,2,0,36
390,2,0,20
391,2,0,27
392,2,0,30
393,2,0,49
394,2,0,27
395,2,0,44
396,2,0,43
397,2,0,49
398,2,0,35
399,2,0,22
400,2,0,31
401,2,0,34
402,2,0,21
403,2,0,35
404,2,0,37
405,2,0,47
406,2,0,40
407,2,0,28
408,2,0,20
409,2,0,27
410,2,0,32
411,6,1,41
412,2,0,21
413,2,0,47
414,2,0,34
415,2,0,36
416,2,0,22
417,2,0,28
418,2,0,48
419,2,0,30
420,2,0,36
421,2,0,32
422,2,0,24
423,2,0,31
424,2,0,33
425,2,0,23
426,2,0,50
427,2,0,31
428,2,0,21
429,2,0,28
430,2,0,22
431,2,0,30
432,2,0,31
433,2,0,43
434,2,0,34
435,2,0,22
436,2,0,30
437,2,0,24
438,2,0,21
439,2,0,21
440,2,0,24
441,2,0,23
442,2,0,48
443,2,0,32
444,2,0,28
445,2,0,22
446,2,0,35
447,2,0,27
448,2,0,23
449,2,0,42
450,2,0,36
451,2,0,23
452,2,0,32
453,2,0,42
454,2,0,32
455,2,0,44
456,2,0,30
457,2,0,22
458,2,0,50
459,2,0,51
460,2,0,58
461,2,0,29
462,2,0,26
463,2,0,57
464,2,0,55
465,2,0,38
466,6,1,33
467,2,0,41
468,2,0,48
469,2,0,39
470,2,0,50
471,2,0,37
472,2,0,50
473,2,0,53
474,5,1,29
475,2,0,44
476,2,0,51
477,2,0,58
478,2,0,51
479,2,0,56
480,2,0,51
481,2,0,57
482,2,0,44
483,2,0,26
484,2,0,43
485,2,0,48
486,2,0,45
487,7,1,54
488,5,1,32
489,2,0,56
490,2,0,45
491,2,0,24
492,2,0,40
493,2,0,51
494,2,0,55
495,2,0,60
496,5,1,43
497,5,1,42
498,2,0,56
499,2,0,59
500,5,1,31
501,5,1,31
502,2,0,54
503,2,0,56
504,6,1,55
505,6,1,56
506,4,1,32
507,5,1,47
508,2,0,57
509,4,1,33
510,2,0,50
511,4,1,34
512,1,0,21
513,1,0,31
514,1,0,28
515,4,1,48
516,1,0,29
517,4,1,46
518,1,0,39
519,1,0,30
520,1,0,37
521,1,0,29
522,1,0,38
523,1,0,37
524,1,0,23
525,1,0,23
526,1,0,33
527,1,0,40
528,1,0,28
529,1,0,25
530,1,0,29
531,1,0,28
532,1,0,31
533,1,0,28
534,5,1,59
535,1,0,26
536,1,0,27
537,1,0,25
538,1,0,22
539,1,0,22
540,1,0,33
541,1,0,31
542,1,0,29
543,4,1,36
544,1,0,32
545,1,0,23
546,1,0,21
547,1,0,33
548,1,0,32
549,1,0,34
550,1,0,33
551,1,0,33
552,1,0,32
553,1,0,24
554,1,0,31
555,4,1,39
556,1,0,26
557,1,0,30
558,1,0,29
559,1,0,34
560,1,0,39
561,4,1,53
562,1,0,23
563,1,0,34
564,1,0,36
565,1,0,27
566,1,0,25
567,1,0,49
568,1,0,37
569,1,0,36
570,1,0,35
571,1,0,29
572,1,0,28
573,1,0,25
574,1,0,32
575,1,0,33
576,1,0,29
577,1,0,25
578,1,0,37
579,1,0,45
580,1,0,20
581,1,0,46
582,1,0,46
583,1,0,21
584,1,0,41
585,1,0,28
586,1,0,49
587,1,0,34
588,1,0,44
589,1,0,41
590,1,0,27
591,1,0,26
592,1,0,23
593,1,0,41
594,1,0,31
595,1,0,32
596,1,0,30
597,3,1,35
598,1,0,44
599,1,0,28
600,1,0,31
601,1,0,32
602,1,0,39
603,1,0,44
604,1,0,49
605,1,0,48
606,1,0,44
607,1,0,27
608,4,1,56
609,1,0,31
610,1,0,31
611,1,0,39
612,1,0,35
613,1,0,27
614,1,0,39
615,1,0,49
616,3,1,47
617,1,0,24
618,1,0,23
619,1,0,31
620,1,0,27
621,1,0,24
622,1,0,28
623,1,0,32
624,1,0,45
625,1,0,34
626,1,0,26
627,1,0,45
628,1,0,28
629,1,0,20
630,1,0,48
631,1,0,23
632,4,1,54
633,1,0,33
634,1,0,27
635,1,0,47
636,1,0,29
637,1,0,27
638,1,0,22
639,1,0,24
640,1,0,28
641,1,0,38
642,1,0,26
643,1,0,44
644,1,0,27
645,1,0,49
646,1,0,28
647,1,0,28
648,1,0,46
649,1,0,29
650,1,0,20
651,1,0,25
652,1,0,39
653,1,0,37
654,1,0,48
655,1,0,42
656,1,0,26
657,1,0,36
658,1,0,42
659,1,0,42
660,1,0,25
661,1,0,24
662,1,0,46
663,1,0,52
664,1,0,32
665,1,0,26
666,1,0,21
667,1,0,30
668,1,0,27
669,1,0,34
670,1,0,33
671,1,0,47
672,1,0,29
673,1,0,29
674,1,0,30
675,1,0,42
676,1,0,25
677,1,0,28
678,1,0,31
679,1,0,28
680,1,0,22
681,1,0,27
682,1,0,21
683,1,0,22
684,1,0,48
685,1,0,32
686,1,0,52
687,1,0,41
688,1,0,40
689,1,0,30
690,1,0,31
691,1,0,30
692,3,1,47
693,4,1,53
694,1,0,50
695,1,0,46
696,1,0,42
697,3,1,45
698,1,0,48
699,1,0,47
700,1,0,56
701,1,0,45
702,1,0,30
703,1,0,47
704,4,1,59
705,1,0,57
706,1,0,36
707,1,0,42
708,3,1,30
709,1,0,54
710,1,0,27
711,1,0,44
712,1,0,44
713,1,0,43
714,1,0,53
715,1,0,56
716,1,0,47
717,1,0,50
718,1,0,57
719,1,0,55
720,3,1,42
721,1,0,42
722,3,1,35
723,1,0,51
724,1,0,52
725,3,1,39
726,1,0,39
727,1,0,52
728,1,0,53
729,3,1,49
730,1,0,55
731,3,1,26
732,1,0,52
733,3,1,59
734,1,0,52
735,1,0,52
736,1,0,51
737,1,0,50
738,1,0,51
739,1,0,54
740,1,0,53
741,1,0,56
742,1,0,56
743,3,1,48
744,3,1,56
745,3,1,43
746,3,1,30
747,1,0,50
748,1,0,50
749,3,1,51
750,2,1,22
751,2,1,45
752,2,1,53
753,2,1,47
754,2,1,42
755,2,1,57
756,2,1,30
757,2,1,55
758,1,1,39
759,1,1,41
760,1,1,49
761,1,1,41
762,1,1,45
763,1,1,54
764,1,1,59
765,1,1,58
766,1,1,55
767,1,1,54
768,0,0,28
769,0,0,30
770,0,0,24
771,0,0,24
772,0,0,43
773,0,0,20
774,0,0,26
775,0,0,30
776,0,0,36
777,0,0,35
778,0,0,32
779,0,0,31
780,0,0,23
781,0,0,39
782,0,0,28
783,0,0,33
784,0,0,28
785,0,0,27
786,0,0,23
787,0,0,39
788,0,0,38
789,0,0,23
790,0,0,37
791,0,0,26
792,0,0,20
793,0,0,27
794,0,0,28
795,0,0,21
796,0,0,37
797,0,0,31
798,0,0,36
799,0,0,38
800,0,0,44
801,0,0,26
802,0,0,32
803,0,0,44
804,0,0,37
805,0,0,22
806,0,0,26
807,0,0,27
808,0,0,29
809,0,0,29
810,0,0,33
811,0,0,33
812,0,0,31
813,0,0,36
814,0,0,48
815,0,0,34
816,0,0,46
817,0,0,25
818,0,0,26
819,0,0,23
820,0,0,36
821,0,0,41
822,0,0,38
823,0,0,27
824,0,0,27
825,0,0,27
826,0,0,29
827,0,0,23
828,0,0,33
829,0,0,23
830,0,0,24
831,0,0,21
832,0,0,28
833,0,0,27
834,0,0,30
835,0,0,38
836,0,0,20
837,0,0,27
838,0,0,42
839,0,0,44
840,0,0,25
841,0,0,30
842,0,0,20
843,0,0,39
844,0,0,30
845,0,0,42
846,0,0,26
847,0,0,37
848,0,0,38
849,0,0,31
850,0,0,27
851,0,0,32
852,0,0,29
853,0,0,24
854,0,0,39
855,0,0,37
856,0,0,26
857,0,0,38
858,0,0,21
859,0,0,32
860,0,0,28
861,0,0,32
862,0,0,25
863,0,0,25
864,0,0,43
865,0,0,42
866,0,0,48
867,0,0,46
868,0,0,35
869,0,0,31
870,0,0,22
871,0,0,35
872,0,0,23
873,0,0,33
874,0,0,30
875,0,0,23
876,0,0,23
877,0,0,43
878,0,0,30
879,0,0,36
880,0,0,38
881,0,0,39
882,0,0,45
883,0,0,23
884,0,0,31
885,0,0,48
886,0,0,42
887,0,0,35
888,0,0,46
889,0,0,48
890,0,0,45
891,0,0,31
892,0,0,45
893,0,0,42
894,0,0,30
895,0,0,31
896,0,0,25
897,0,0,42
898,0,0,33
899,0,0,44
900,0,0,43
901,0,0,34
902,0,0,44
903,0,0,30
904,0,0,40
905,0,0,29
906,0,0,45
907,0,0,47
908,0,0,23
909,0,0,37
910,0,0,30
911,0,0,45
912,0,0,33
913,0,0,37
914,0,0,35
915,0,0,27
916,0,0,47
917,0,0,49
918,0,0,47
919,0,0,40
920,0,0,32
921,0,0,27
922,0,0,33
923,0,0,41
924,0,0,40
925,0,0,49
926,0,0,20
927,0,0,48
928,0,0,46
929,0,0,26
930,0,0,35
931,0,0,38
932,0,0,25
933,0,0,49
934,0,0,40
935,0,0,41
936,0,0,48
937,0,0,44
938,0,0,47
939,0,0,48
940,0,0,28
941,0,0,26
942,0,0,29
943,0,0,36
944,0,0,37
945,0,0,26
946,0,0,48
947,0,0,43
948,0,0,33
949,0,0,45
950,0,0,38
951,0,0,44
952,0,0,41
953,0,0,21
954,0,0,21
955,0,0,23
956,0,0,29
957,0,0,33
958,0,0,26
959,0,0,25
960,0,0,23
961,0,0,41
962,0,0,20
963,0,0,25
964,0,0,51
965,0,0,35
966,0,0,45
967,0,0,29
968,0,0,27
969,0,0,49
970,0,0,25
971,0,0,31
972,0,0,37
973,0,0,25
974,0,0,37
975,0,0,28
976,0,0,26
977,0,0,23
978,0,0,27
979,0,0,22
980,0,0,27
981,0,0,42
982,0,0,29
983,0,0,28
984,0,0,37
985,0,0,41
986,0,0,30
987,0,0,25
988,0,0,23
989,0,0,25
990,0,0,28
991,0,0,28
992,0,0,55
993,0,0,41
994,0,0,32
995,0,0,48
996,0,0,53
997,0,0,24
998,0,0,35
999,0,0,25
1000,0,0,52
1001,0,0,43
1002,0,0,26
1003,0,0,25
1004,0,0,45
1005,0,0,46
1006,0,0,49
1007,0,0,29
1008,0,0,21
1009,0,0,32
1010,0,0,27
1011,0,0,23
1012,0,0,24
1013,0,0,29
1014,0,0,28
1015,0,0,49
1016,0,0,34
1017,0,0,23
1018,0,0,45
1019,0,0,40
1020,0,0,50
1021,0,0,33
1022,0,0,34
1023,0,0,31
1024,0,0,36
1025,0,0,26
1026,0,0,45
1027,0,0,40
1028,0,0,43
1029,0,0,26
1030,0,0,45
1031,0,0,45
1032,0,0,40
1033,0,0,47
1034,0,0,28
1035,0,0,48
1036,0,0,40
1037,0,0,49
1038,0,0,47
1039,0,0,34
1040,0,0,49
1041,0,0,48
1042,0,0,55
1043,0,0,37
1044,0,0,35
1045,0,0,29
1046,0,0,32
1047,0,0,42
1048,0,0,45
1049,0,0,47
1050,0,0,44
1051,0,0,56
1052,0,0,52
1053,0,0,52
1054,0,0,44
1055,0,0,51
1056,0,0,58
1057,0,0,26
1058,0,0,53
1059,0,0,47
1060,0,0,46
1061,0,0,49
1062,0,0,55
1063,0,0,28
1064,0,0,51
1065,0,0,58
1066,0,0,43
1067,0,0,45
1068,0,0,41
1069,0,0,41
1070,0,0,50
1071,0,0,58
1072,0,0,58
1073,0,0,50
1074,0,0,60
1075,0,0,50
1076,0,0,54
1077,0,0,50
1078,0,0,53
1079,0,0,51
1080,0,0,57
1081,0,0,50
1082,0,0,54
1083,0,0,29
1084,0,0,54
1085,0,0,55
1086,0,0,54
1087,0,0,46
1088,0,0,58
1089,0,0,57
1090,0,0,51
1091,0,0,50
1092,0,0,56
1093,0,0,58
1094,0,0,53
1095,0,0,54
1096,0,0,57
1097,0,0,56
1098,0,0,50
1099,0,0,57
1100,0,0,50
1101,0,0,53
1102,0,0,50
1103,0,0,51
1104,0,0,50
1105,0,0,51
1106,0,0,56
1107,0,0,51
1108,0,0,53
1109,0,0,50
1110,0,0,50
1111,0,0,50
1112,0,0,53
1113,0,1,22
1114,0,1,44
1115,0,1,33
1116,0,1,30
1117,0,1,37
1118,0,1,42
1119,0,1,47
1120,0,1,57
1121,0,1,49
1122,0,1,32
1123,0,1,44
1124,0,1,46
1125,0,1,46
1126,0,1,60
1127,0,1,50
