,epoch,mb,bh,bl,nh
1,3,131,138,89,49
2,3,125,131,92,48
3,3,131,132,99,50
4,3,119,132,96,44
5,3,136,143,100,54
6,3,138,137,89,56
7,3,139,130,108,48
8,3,125,136,93,48
9,3,131,134,102,51
10,3,134,134,99,51
11,3,129,138,95,50
12,3,134,121,95,53
13,3,126,129,109,51
14,3,132,136,100,50
15,3,141,140,100,51
16,3,131,134,97,54
17,3,135,137,103,50
18,3,132,133,93,53
19,3,139,136,96,50
20,3,132,131,101,49
21,3,126,133,102,51
22,3,135,135,103,47
23,3,134,124,93,53
24,3,128,134,103,50
25,3,130,130,104,49
26,3,138,135,100,55
27,3,128,132,93,53
28,3,127,129,106,48
29,3,131,136,114,54
30,3,124,138,101,46
31,2,124,138,101,48
32,2,133,134,97,48
33,2,138,134,98,45
34,2,148,129,104,51
35,2,126,124,95,45
36,2,135,136,98,52
37,2,132,145,100,54
38,2,133,130,102,48
39,2,131,134,96,50
40,2,133,125,94,46
41,2,133,136,103,53
42,2,131,139,98,51
43,2,131,136,99,56
44,2,138,134,98,49
45,2,130,136,104,53
46,2,131,128,98,45
47,2,138,129,107,53
48,2,123,131,101,51
49,2,130,129,105,47
50,2,134,130,93,54
51,2,137,136,106,49
52,2,126,131,100,48
53,2,135,136,97,52
54,2,129,126,91,50
55,2,134,139,101,49
56,2,131,134,90,53
57,2,132,130,104,50
58,2,130,132,93,52
59,2,135,132,98,54
60,2,130,128,101,51
61,0,137,141,96,52
62,0,129,133,93,47
63,0,132,138,87,48
64,0,130,134,106,50
65,0,134,134,96,45
66,0,140,133,98,50
67,0,138,138,95,47
68,0,136,145,99,55
69,0,136,131,92,46
70,0,126,136,95,56
71,0,137,129,100,53
72,0,137,139,97,50
73,0,136,126,101,50
74,0,137,133,90,49
75,0,129,142,104,47
76,0,135,138,102,55
77,0,129,135,92,50
78,0,134,125,90,60
79,0,138,134,96,51
80,0,136,135,94,53
81,0,132,130,91,52
82,0,133,131,100,50
83,0,138,137,94,51
84,0,130,127,99,45
85,0,136,133,91,49
86,0,134,123,95,52
87,0,136,137,101,54
88,0,133,131,96,49
89,0,138,133,100,55
90,0,138,133,91,46
91,1,137,134,107,54
92,1,141,128,95,53
93,1,141,130,87,49
94,1,135,131,99,51
95,1,133,120,91,46
96,1,131,135,90,50
97,1,140,137,94,60
98,1,139,130,90,48
99,1,140,134,90,51
100,1,138,140,100,52
101,1,132,133,90,53
102,1,134,134,97,54
103,1,135,135,99,50
104,1,133,136,95,52
105,1,136,130,99,55
106,1,134,137,93,52
107,1,131,141,99,55
108,1,129,135,95,47
109,1,136,128,93,54
110,1,131,125,88,48
111,1,139,130,94,53
112,1,144,124,86,50
113,1,141,131,97,53
114,1,130,131,98,53
115,1,133,128,92,51
116,1,138,126,97,54
117,1,131,142,95,53
118,1,136,138,94,55
119,1,132,136,92,52
120,1,135,130,100,51
121,4,137,123,91,50
122,4,136,131,95,49
123,4,128,126,91,57
124,4,130,134,92,52
125,4,138,127,86,47
126,4,126,138,101,52
127,4,136,138,97,58
128,4,126,126,92,45
129,4,132,132,99,55
130,4,139,135,92,54
131,4,143,120,95,51
132,4,141,136,101,54
133,4,135,135,95,56
134,4,137,134,93,53
135,4,142,135,96,52
136,4,139,134,95,47
137,4,138,125,99,51
138,4,137,135,96,54
139,4,133,125,92,50
140,4,145,129,89,47
141,4,138,136,92,46
142,4,131,129,97,44
143,4,143,126,88,54
144,4,134,124,91,55
145,4,132,127,97,52
146,4,137,125,85,57
147,4,129,128,81,52
148,4,140,135,103,48
149,4,147,129,87,48
150,4,136,133,97,51
