,n,r,x,var,block
1,87,76,19,1,0
2,119,8,14,2,0
3,94,74,9,3,0
4,95,11,12,4,0
5,134,0,12,5,0
6,92,0,3,6,0
7,118,11,17,7,0
8,70,32,3,8,0
9,128,33,3,9,0
10,85,14,21,10,0
11,77,3,8,11,0
12,29,3,3,12,0
13,109,28,7,13,0
14,209,63,10,14,0
15,89,3,7,15,0
16,171,16,14,16,0
17,243,11,17,17,0
18,109,2,14,18,0
19,66,8,18,19,0
20,177,62,12,20,0
21,124,14,18,21,0
22,159,34,10,22,0
23,68,0,6,23,0
24,136,13,12,24,0
25,86,7,10,25,0
26,75,12,16,26,0
27,100,0,13,27,0
28,147,22,18,28,0
29,49,5,6,29,0
30,111,17,13,30,0
31,134,0,8,31,0
32,179,15,32,32,0
33,120,20,5,33,0
34,169,27,6,34,0
35,45,0,2,35,0
36,105,0,10,36,0
37,65,6,7,37,0
38,192,25,15,38,0
39,92,2,18,39,0
40,212,112,12,40,0
41,79,9,10,41,0
42,119,10,15,42,0
43,97,0,10,43,0
44,129,1,9,44,0
45,72,27,8,45,0
46,70,70,12,1,1
47,125,21,13,2,1
48,105,95,9,3,1
49,104,21,12,4,1
50,115,6,25,5,1
51,195,63,17,6,1
52,111,7,15,7,1
53,131,22,6,8,1
54,108,77,3,9,1
55,121,12,21,10,1
56,74,0,4,11,1
57,111,26,5,12,1
58,120,50,10,13,1
59,231,105,12,14,1
60,113,18,12,15,1
61,131,32,15,16,1
62,222,9,9,17,1
63,109,0,12,18,1
64,161,36,19,19,1
65,112,9,14,20,1
66,121,17,16,21,1
67,191,110,10,22,1
68,85,0,8,23,1
69,143,14,17,24,1
70,82,7,12,25,1
71,105,22,13,26,1
72,140,8,15,27,1
73,167,7,11,28,1
74,38,0,3,29,1
75,81,13,11,30,1
76,162,1,6,31,1
77,243,11,18,32,1
78,66,18,5,33,1
79,120,25,6,34,1
80,133,0,6,35,1
81,119,10,15,36,1
82,92,43,6,37,1
83,162,6,26,38,1
84,131,17,26,39,1
85,108,48,9,40,1
86,46,0,5,41,1
87,147,16,20,42,1
88,130,11,14,43,1
89,148,0,17,44,1
90,100,64,17,45,1
91,73,54,25,1,2
92,130,10,12,2,2
93,71,44,6,3,2
94,104,15,13,4,2
95,195,3,19,5,2
96,99,21,11,6,2
97,63,8,12,7,2
98,85,28,5,8,2
99,59,11,4,9,2
100,113,13,28,10,2
101,63,0,3,11,2
102,50,3,1,12,2
103,102,36,10,13,2
104,223,59,10,14,2
105,91,5,15,15,2
106,169,4,7,16,2
107,130,57,7,17,2
108,103,0,8,18,2
109,98,22,17,19,2
110,173,92,17,20,2
111,152,21,22,21,2
112,137,57,7,22,2
113,33,0,5,23,2
114,123,24,10,24,2
115,88,0,11,25,2
116,99,8,9,26,2
117,153,1,9,27,2
118,154,6,16,28,2
119,78,4,12,29,2
120,80,6,17,30,2
121,161,0,13,31,2
122,184,7,25,32,2
123,69,18,2,33,2
124,141,10,8,34,2
125,113,8,4,35,2
126,132,2,10,36,2
127,63,24,3,37,2
128,161,22,19,38,2
129,111,10,20,39,2
130,78,8,7,40,2
131,71,0,6,41,2
132,118,16,20,42,2
133,84,6,8,43,2
134,175,0,12,44,2
135,143,42,24,45,2
136,59,39,14,1,3
137,177,26,15,2,3
138,48,38,3,3,3
139,165,41,11,4,3
140,150,5,15,5,3
141,135,47,19,6,3
142,97,15,11,7,3
143,75,18,3,8,3
144,51,11,3,9,3
145,135,28,19,10,3
146,102,0,6,11,3
147,57,39,4,12,3
148,58,13,9,13,3
149,157,23,9,14,3
150,94,1,13,15,3
151,172,69,10,16,3
152,105,24,2,17,3
153,147,1,10,18,3
154,94,30,36,19,3
155,106,23,10,20,3
156,137,15,13,21,3
157,243,131,17,22,3
158,137,4,10,23,3
159,104,2,17,24,3
160,116,3,13,25,3
161,102,13,10,26,3
162,151,3,15,27,3
163,113,7,15,28,3
164,67,3,8,29,3
165,111,13,12,30,3
166,132,0,12,31,3
167,220,6,14,32,3
168,67,2,4,33,3
169,146,10,9,34,3
170,110,0,4,35,3
171,93,2,11,36,3
172,79,11,3,37,3
173,167,36,26,38,3
174,144,16,14,39,3
175,182,63,17,40,3
176,61,2,8,41,3
177,154,12,35,42,3
178,98,0,8,43,3
179,129,9,14,44,3
180,130,24,20,45,3
