,partic,hincome,children,region
1,1,15,1,2
2,1,13,1,2
3,1,45,1,2
4,1,23,1,2
5,1,19,1,2
6,1,7,1,2
7,1,15,1,2
8,0,7,1,2
9,1,15,1,2
10,1,23,1,2
11,1,23,1,2
12,0,13,1,2
13,1,9,1,3
14,1,9,1,3
15,1,45,1,0
16,1,15,1,0
17,1,5,1,2
18,1,9,1,2
19,1,13,1,2
20,1,13,0,2
21,2,19,0,2
22,1,23,1,3
23,0,10,0,3
24,0,11,0,2
25,1,23,1,2
26,1,23,1,2
27,1,19,1,2
28,1,19,1,2
29,1,17,1,3
30,0,14,1,3
31,1,13,1,2
32,1,13,1,2
33,1,15,1,2
34,1,9,0,2
35,1,9,0,2
36,1,19,0,2
37,1,15,1,2
38,0,20,0,2
39,1,9,1,0
40,2,6,0,0
41,1,9,1,1
42,2,4,1,2
43,2,28,0,2
44,1,23,1,2
45,2,5,1,2
46,1,28,1,2
47,1,7,1,2
48,1,7,1,2
49,1,23,1,3
50,0,15,0,3
51,2,10,1,3
52,2,10,1,3
53,1,9,0,2
54,1,9,0,2
55,2,9,1,0
56,1,17,0,0
57,1,23,1,0
58,1,23,1,0
59,1,9,1,2
60,1,9,1,2
61,0,9,0,2
62,0,28,0,2
63,2,10,1,2
64,2,23,0,3
65,1,11,1,3
66,1,15,1,2
67,1,15,1,2
68,1,19,1,2
69,1,19,1,2
70,1,23,1,2
71,1,17,1,2
72,1,17,1,2
73,1,17,1,2
74,1,17,1,2
75,1,17,1,2
76,2,38,1,2
77,2,38,1,2
78,1,7,1,0
79,1,19,1,3
80,2,19,1,1
81,0,13,0,2
82,2,15,1,2
83,0,17,1,2
84,0,17,1,2
85,2,23,1,2
86,0,27,0,1
87,0,16,1,1
88,0,27,0,2
89,1,35,0,2
90,1,35,0,2
91,1,35,0,2
92,2,9,1,2
93,2,9,1,2
94,2,9,1,2
95,1,13,1,2
96,1,17,1,2
97,1,17,1,2
98,0,15,0,2
99,0,15,0,2
100,1,15,1,2
101,0,11,0,0
102,1,23,1,0
103,1,15,1,0
104,1,15,0,1
105,2,12,0,1
106,2,12,0,1
107,1,13,1,3
108,1,19,1,2
109,1,19,1,0
110,1,3,1,0
111,1,9,1,0
112,0,17,1,0
113,1,1,1,0
114,1,1,1,0
115,2,13,1,3
116,1,13,1,3
117,1,19,0,1
118,1,19,0,1
119,0,15,0,1
120,2,30,1,2
121,1,9,1,0
122,1,23,1,0
123,0,9,0,2
124,0,9,0,2
125,1,13,1,3
126,2,13,1,2
127,1,17,1,0
128,2,13,1,3
129,2,13,1,3
130,2,19,1,2
131,2,19,1,2
132,1,3,1,2
133,0,14,0,2
134,0,14,0,2
135,0,11,1,2
136,0,11,1,2
137,2,14,1,2
138,1,13,1,2
139,1,28,1,2
140,1,28,1,2
141,1,14,1,2
142,1,14,1,2
143,1,11,1,3
144,1,13,1,3
145,1,13,1,3
146,2,11,1,0
147,2,11,1,0
148,1,19,1,1
149,0,6,0,1
150,1,28,0,1
151,0,13,0,1
152,0,13,0,1
153,1,5,0,1
154,2,28,1,1
155,2,11,1,1
156,1,23,1,1
157,2,15,1,1
158,1,13,1,1
159,0,22,0,2
160,0,15,0,2
161,1,15,1,2
162,1,15,1,0
163,0,5,1,0
164,0,1,0,3
165,0,1,0,3
166,1,9,1,0
167,1,15,1,2
168,0,13,0,2
169,1,19,1,0
170,2,8,1,1
171,0,7,1,3
172,1,19,1,2
173,1,7,1,2
174,0,9,0,2
175,0,9,0,2
176,0,24,0,2
177,1,15,1,2
178,0,13,0,2
179,1,13,0,1
180,0,13,0,1
181,0,17,1,0
182,0,16,0,0
183,0,18,0,2
184,0,18,0,2
185,1,13,0,2
186,2,15,1,1
187,1,13,1,1
188,1,7,1,1
189,0,9,1,0
190,1,23,1,1
191,1,17,1,3
192,1,15,1,1
193,1,11,1,3
194,1,17,1,3
195,1,17,1,3
196,0,5,1,3
197,0,5,1,3
198,1,26,1,2
199,0,10,0,4
200,0,11,0,4
201,0,20,1,4
202,1,13,1,4
203,1,15,1,4
204,1,28,1,4
205,2,9,1,4
206,1,19,1,4
207,1,11,1,4
208,0,11,0,4
209,1,9,1,4
210,0,10,0,4
211,1,19,1,4
212,1,13,1,4
213,0,3,0,4
214,1,15,1,4
215,1,15,1,4
216,2,17,1,4
217,1,7,1,4
218,2,15,0,4
219,1,19,1,4
220,0,16,0,4
221,1,5,0,4
222,1,11,1,4
223,1,11,1,4
224,1,19,1,4
225,1,15,1,4
226,1,15,1,4
227,1,11,1,4
228,0,5,0,4
229,2,23,1,4
230,2,23,1,4
231,1,7,1,4
232,1,13,1,4
233,0,15,0,4
234,0,5,0,4
235,1,7,1,4
236,0,6,0,4
237,0,5,1,4
238,0,5,1,4
239,1,13,1,4
240,1,13,1,4
241,1,13,1,4
242,1,13,0,4
243,1,17,1,4
244,0,6,1,4
245,1,5,1,4
246,2,19,1,4
247,0,3,1,4
248,1,23,0,4
249,1,23,0,4
250,0,15,0,4
251,1,11,0,4
252,1,23,0,4
253,1,13,1,4
254,2,23,1,4
255,0,11,0,4
256,1,9,0,4
257,0,2,0,4
258,1,15,1,4
259,1,15,0,4
260,1,15,1,4
261,1,11,1,4
262,1,11,0,4
263,1,15,1,4
