,subject,onset,disorder,month
1,1,0,2,0
45,1,0,2,2
89,1,0,0,6
133,1,0,0,8
177,1,0,0,10
2,2,1,0,0
46,2,1,0,2
90,2,1,0,6
134,2,1,0,8
178,2,1,0,10
3,3,0,2,0
47,3,0,2,2
91,3,0,0,6
135,3,0,0,8
179,3,0,0,10
4,4,0,0,0
48,4,0,0,2
92,4,0,0,6
136,4,0,0,8
180,4,0,0,10
5,5,0,2,0
49,5,0,2,2
93,5,0,2,6
137,5,0,2,8
181,5,0,2,10
6,6,0,2,0
50,6,0,2,2
94,6,0,0,6
138,6,0,0,8
182,6,0,0,10
7,7,0,2,0
51,7,0,0,2
95,7,0,2,6
139,7,0,0,8
183,7,0,0,10
8,8,0,2,0
52,8,0,2,2
96,8,0,0,6
140,8,0,0,8
184,8,0,0,10
9,9,0,0,0
53,9,0,0,2
97,9,0,2,6
141,9,0,0,8
185,9,0,0,10
10,10,1,0,0
54,10,1,0,2
98,10,1,0,6
142,10,1,0,8
186,10,1,0,10
11,11,1,2,0
55,11,1,2,2
99,11,1,2,6
143,11,1,0,8
187,11,1,2,10
12,12,0,0,0
56,12,0,0,2
100,12,0,1,6
144,12,0,1,8
188,12,0,1,10
13,13,1,2,0
57,13,1,2,2
101,13,1,0,6
145,13,1,0,8
189,13,1,0,10
14,14,0,2,0
58,14,0,2,2
102,14,0,0,6
146,14,0,0,8
190,14,0,0,10
15,15,1,2,0
59,15,1,2,2
103,15,1,0,6
147,15,1,0,8
191,15,1,0,10
16,16,0,2,0
60,16,0,2,2
104,16,0,2,6
148,16,0,0,8
192,16,0,0,10
17,17,0,0,0
61,17,0,2,2
105,17,0,0,6
149,17,0,0,8
193,17,0,0,10
18,18,0,2,0
62,18,0,2,2
106,18,0,0,6
150,18,0,2,8
194,18,0,0,10
19,19,0,2,0
63,19,0,2,2
107,19,0,2,6
151,19,0,0,8
195,19,0,0,10
20,20,0,0,0
64,20,0,0,2
108,20,0,0,6
152,20,0,0,8
196,20,0,0,10
21,21,0,0,0
65,21,0,0,2
109,21,0,2,6
153,21,0,2,8
197,21,0,2,10
22,22,1,0,0
66,22,1,2,2
110,22,1,2,6
154,22,1,0,8
198,22,1,0,10
23,23,0,2,0
67,23,0,2,2
111,23,0,0,6
155,23,0,2,8
199,23,0,0,10
24,24,0,2,0
68,24,0,0,2
112,24,0,0,6
156,24,0,0,8
200,24,0,0,10
25,25,1,2,0
69,25,1,0,2
113,25,1,0,6
157,25,1,0,8
201,25,1,0,10
26,26,0,0,0
70,26,0,0,2
114,26,0,0,6
158,26,0,0,8
202,26,0,0,10
27,27,0,2,0
71,27,0,2,2
115,27,0,0,6
159,27,0,0,8
203,27,0,0,10
28,28,0,0,0
72,28,0,0,2
116,28,0,0,6
160,28,0,0,8
204,28,0,0,10
29,29,1,2,0
73,29,1,2,2
117,29,1,0,6
161,29,1,0,8
205,29,1,0,10
30,30,1,0,0
74,30,1,0,2
118,30,1,0,6
162,30,1,0,8
206,30,1,0,10
31,31,0,0,0
75,31,0,0,2
119,31,0,0,6
163,31,0,0,8
207,31,0,0,10
32,32,0,0,0
76,32,0,2,2
120,32,0,0,6
164,32,0,0,8
208,32,0,0,10
33,33,0,2,0
77,33,0,2,2
121,33,0,2,6
165,33,0,2,8
209,33,0,2,10
34,34,0,2,0
78,34,0,2,2
122,34,0,2,6
166,34,0,0,8
210,34,0,0,10
35,35,0,2,0
79,35,0,0,2
123,35,0,0,6
167,35,0,0,8
211,35,0,0,10
36,36,1,2,0
80,36,1,0,2
124,36,1,0,6
168,36,1,1,8
212,36,1,1,10
37,37,0,0,0
81,37,0,2,2
125,37,0,1,6
169,37,0,1,8
213,37,0,1,10
38,38,1,0,0
82,38,1,0,2
126,38,1,0,6
170,38,1,0,8
214,38,1,0,10
39,39,0,2,0
83,39,0,1,2
127,39,0,1,6
171,39,0,1,8
215,39,0,1,10
40,40,0,2,0
84,40,0,2,2
128,40,0,0,6
172,40,0,0,8
216,40,0,0,10
41,41,1,2,0
85,41,1,2,2
129,41,1,2,6
173,41,1,0,8
217,41,1,0,10
42,42,0,0,0
86,42,0,2,2
130,42,0,1,6
174,42,0,1,8
218,42,0,1,10
43,43,0,2,0
87,43,0,0,2
131,43,0,0,6
175,43,0,0,8
219,43,0,1,10
44,44,0,2,0
88,44,0,2,2
132,44,0,0,6
176,44,0,0,8
220,44,0,0,10
