,age,gender
1,20,0
2,30,0
3,21,0
4,23,0
5,30,0
6,25,0
7,13,0
8,19,0
9,16,0
10,25,0
11,20,0
12,25,0
13,27,0
14,43,0
15,6,0
16,21,0
17,15,0
18,26,0
19,23,0
20,21,0
21,23,0
22,23,0
23,34,0
24,14,0
25,17,0
26,18,0
27,21,0
28,16,0
29,35,0
30,32,0
31,48,0
32,53,0
33,51,0
34,48,0
35,29,0
36,25,0
37,44,0
38,23,0
39,36,0
40,58,0
41,28,0
42,51,0
43,40,0
44,43,0
45,21,0
46,48,0
47,17,0
48,23,0
49,28,0
50,44,0
51,28,0
52,21,0
53,31,0
54,22,0
55,56,0
56,60,0
57,15,0
58,21,0
59,30,0
60,26,0
61,28,0
62,23,0
63,21,0
64,20,0
65,43,0
66,39,0
67,40,0
68,26,0
69,50,0
70,17,0
71,17,0
72,23,0
73,44,0
74,30,0
75,35,0
76,20,0
77,41,0
78,18,0
79,39,0
80,27,0
81,28,0
82,30,0
83,34,0
84,33,0
85,30,0
86,29,0
87,46,0
88,36,0
89,58,0
90,28,0
91,30,0
92,28,0
93,37,0
94,31,0
95,29,0
96,32,0
97,48,0
98,49,0
99,30,0
100,21,1
101,18,1
102,23,1
103,21,1
104,27,1
105,24,1
106,20,1
107,12,1
108,15,1
109,19,1
110,21,1
111,22,1
112,19,1
113,24,1
114,9,1
115,19,1
116,18,1
117,17,1
118,23,1
119,17,1
120,23,1
121,19,1
122,37,1
123,26,1
124,22,1
125,24,1
126,19,1
127,22,1
128,19,1
129,16,1
130,16,1
131,18,1
132,16,1
133,33,1
134,22,1
135,23,1
136,10,1
137,14,1
138,15,1
139,20,1
140,11,1
141,25,1
142,9,1
143,22,1
144,25,1
145,20,1
146,19,1
147,22,1
148,23,1
149,24,1
150,29,1
151,24,1
152,22,1
153,26,1
154,20,1
155,25,1
156,17,1
157,25,1
158,28,1
159,22,1
160,22,1
161,23,1
162,35,1
163,16,1
164,29,1
165,33,1
166,15,1
167,29,1
168,20,1
169,29,1
170,24,1
171,39,1
172,10,1
173,20,1
174,23,1
175,15,1
176,18,1
177,20,1
178,21,1
179,30,1
180,21,1
181,18,1
182,19,1
183,15,1
184,19,1
185,18,1
186,25,1
187,17,1
188,15,1
189,42,1
190,27,1
191,18,1
192,43,1
193,20,1
194,17,1
195,21,1
196,5,1
197,27,1
198,25,1
199,18,1
200,24,1
201,33,1
202,32,1
203,29,1
204,34,1
205,20,1
206,21,1
207,31,1
208,22,1
209,15,1
210,27,1
211,26,1
212,23,1
213,47,1
214,17,1
215,21,1
216,16,1
217,21,1
218,19,1
219,31,1
220,34,1
221,23,1
222,23,1
223,20,1
224,21,1
225,18,1
226,26,1
227,30,1
228,17,1
229,21,1
230,19,1
231,22,1
232,52,1
233,19,1
234,24,1
235,19,1
236,19,1
237,33,1
238,32,1
239,29,1
240,58,1
241,39,1
242,42,1
243,32,1
244,32,1
245,46,1
246,38,1
247,44,1
248,35,1
249,45,1
250,41,1
251,31,1
