,location,town,mortality,hardness
1,1,0,1247,105
2,0,1,1668,17
3,1,2,1466,5
4,0,3,1800,14
5,0,4,1609,18
6,0,5,1558,10
7,0,6,1807,15
8,1,7,1299,78
9,0,8,1637,10
10,1,9,1359,84
11,1,10,1392,73
12,0,11,1755,12
13,1,12,1519,21
14,1,13,1307,78
15,1,14,1254,96
16,0,15,1491,20
17,0,16,1555,39
18,0,17,1428,39
19,1,18,1318,122
20,1,19,1260,21
21,0,20,1723,44
22,0,21,1379,94
23,0,22,1742,8
24,0,23,1574,9
25,0,24,1569,91
26,1,25,1096,138
27,0,26,1591,16
28,1,27,1402,37
29,0,28,1772,15
30,0,29,1828,8
31,0,30,1704,26
32,0,31,1702,44
33,1,32,1581,14
34,1,33,1309,59
35,1,34,1259,133
36,0,35,1427,27
37,0,36,1724,6
38,1,37,1175,107
39,1,38,1486,5
40,1,39,1456,90
41,0,40,1696,6
42,1,41,1236,101
43,0,42,1711,13
44,0,43,1444,14
45,0,50,1591,49
46,0,44,1987,8
47,0,45,1495,14
48,1,47,1369,68
49,1,48,1257,50
50,0,49,1587,75
51,0,46,1713,71
52,0,51,1557,13
53,0,52,1640,57
54,0,53,1709,71
55,1,54,1625,13
56,0,55,1625,20
57,1,56,1527,60
58,1,57,1627,53
59,1,58,1486,122
60,1,59,1485,81
61,0,60,1378,71
