,INDEX,TICKS,BROOD,HEIGHT,YEAR,LOCATION,cHEIGHT
1,1,0,501,465,95,32,2.75930521091811
2,2,0,501,465,95,32,2.75930521091811
3,3,0,502,472,95,36,9.75930521091811
4,4,0,503,475,95,37,12.7593052109181
5,5,0,503,475,95,37,12.7593052109181
6,6,3,503,475,95,37,12.7593052109181
7,7,2,503,475,95,37,12.7593052109181
8,8,0,504,488,95,44,25.7593052109181
9,9,0,504,488,95,44,25.7593052109181
10,10,2,504,488,95,44,25.7593052109181
11,11,0,505,492,95,47,29.7593052109181
12,12,0,505,492,95,47,29.7593052109181
13,13,0,505,492,95,47,29.7593052109181
14,14,0,506,490,95,45,27.7593052109181
15,15,0,506,490,95,45,27.7593052109181
16,16,0,506,490,95,45,27.7593052109181
17,17,0,507,464,95,31,1.75930521091811
18,18,0,507,464,95,31,1.75930521091811
19,19,0,507,464,95,31,1.75930521091811
20,20,1,507,464,95,31,1.75930521091811
21,21,2,507,464,95,31,1.75930521091811
22,22,1,509,457,95,28,-5.24069478908189
23,23,0,510,457,95,28,-5.24069478908189
24,24,0,511,457,95,28,-5.24069478908189
25,25,5,511,457,95,28,-5.24069478908189
26,26,8,512,451,95,26,-11.2406947890819
27,27,3,512,451,95,26,-11.2406947890819
28,28,4,512,451,95,26,-11.2406947890819
29,29,7,513,437,95,17,-25.2406947890819
30,30,0,513,437,95,17,-25.2406947890819
31,31,4,513,437,95,17,-25.2406947890819
32,32,4,514,430,95,14,-32.2406947890819
33,33,1,514,430,95,14,-32.2406947890819
34,34,0,514,430,95,14,-32.2406947890819
35,35,0,514,430,95,14,-32.2406947890819
36,36,3,514,430,95,14,-32.2406947890819
37,37,1,514,430,95,14,-32.2406947890819
38,38,6,515,427,95,13,-35.2406947890819
39,39,0,515,427,95,13,-35.2406947890819
40,40,1,515,427,95,13,-35.2406947890819
41,41,0,515,427,95,13,-35.2406947890819
42,42,2,516,419,95,7,-43.2406947890819
43,43,7,516,419,95,7,-43.2406947890819
44,44,31,516,419,95,7,-43.2406947890819
45,45,34,517,411,95,4,-51.2406947890819
46,46,17,517,411,95,4,-51.2406947890819
47,47,16,517,411,95,4,-51.2406947890819
48,48,66,518,419,95,7,-43.2406947890819
49,49,49,518,419,95,7,-43.2406947890819
50,50,82,518,419,95,7,-43.2406947890819
51,51,85,518,419,95,7,-43.2406947890819
52,52,64,518,419,95,7,-43.2406947890819
53,53,11,519,424,95,11,-38.2406947890819
54,54,14,519,424,95,11,-38.2406947890819
55,55,4,519,424,95,11,-38.2406947890819
56,56,10,519,424,95,11,-38.2406947890819
57,57,3,520,427,95,13,-35.2406947890819
58,58,15,520,427,95,13,-35.2406947890819
59,59,8,520,427,95,13,-35.2406947890819
60,60,9,521,422,95,9,-40.2406947890819
61,61,11,521,422,95,9,-40.2406947890819
62,62,7,521,422,95,9,-40.2406947890819
63,63,13,521,422,95,9,-40.2406947890819
64,64,3,522,503,95,53,40.7593052109181
65,65,0,523,496,95,51,33.7593052109181
66,66,0,523,496,95,51,33.7593052109181
67,67,1,523,496,95,51,33.7593052109181
68,68,1,523,496,95,51,33.7593052109181
69,69,0,525,507,95,54,44.7593052109181
70,70,0,525,507,95,54,44.7593052109181
71,71,0,525,507,95,54,44.7593052109181
72,72,0,525,507,95,54,44.7593052109181
73,73,0,526,496,95,51,33.7593052109181
74,74,0,526,496,95,51,33.7593052109181
75,75,0,526,496,95,51,33.7593052109181
76,76,1,526,496,95,51,33.7593052109181
77,77,1,526,496,95,51,33.7593052109181
78,78,0,526,496,95,51,33.7593052109181
79,79,2,528,466,95,33,3.75930521091811
80,80,0,528,466,95,33,3.75930521091811
81,81,3,528,466,95,33,3.75930521091811
82,82,1,531,488,95,44,25.7593052109181
83,83,7,533,442,95,19,-20.2406947890819
84,84,2,533,442,95,19,-20.2406947890819
85,85,16,533,442,95,19,-20.2406947890819
86,86,12,533,442,95,19,-20.2406947890819
87,87,0,533,442,95,19,-20.2406947890819
88,88,1,535,442,95,19,-20.2406947890819
89,89,0,537,533,95,63,70.7593052109181
90,90,0,537,533,95,63,70.7593052109181
91,91,1,537,533,95,63,70.7593052109181
92,92,0,537,533,95,63,70.7593052109181
93,93,0,537,533,95,63,70.7593052109181
94,94,1,537,533,95,63,70.7593052109181
95,95,0,537,533,95,63,70.7593052109181
96,96,0,538,533,95,63,70.7593052109181
97,97,0,539,515,95,59,52.7593052109181
98,98,0,539,515,95,59,52.7593052109181
99,99,0,539,515,95,59,52.7593052109181
100,100,0,539,515,95,59,52.7593052109181
101,101,5,540,518,95,60,55.7593052109181
102,102,2,540,518,95,60,55.7593052109181
103,103,2,542,493,95,48,30.7593052109181
104,104,1,542,493,95,48,30.7593052109181
105,105,1,542,493,95,48,30.7593052109181
106,106,0,548,468,95,34,5.75930521091811
107,107,0,548,468,95,34,5.75930521091811
108,108,1,548,468,95,34,5.75930521091811
109,109,1,549,476,95,38,13.7593052109181
110,110,1,549,476,95,38,13.7593052109181
111,111,0,549,476,95,38,13.7593052109181
112,112,0,549,476,95,38,13.7593052109181
113,113,5,550,446,95,22,-16.2406947890819
114,114,3,550,446,95,22,-16.2406947890819
115,115,2,553,460,95,30,-2.24069478908189
116,116,2,559,525,95,62,62.7593052109181
117,117,1,559,525,95,62,62.7593052109181
118,118,1,601,410,96,3,-52.2406947890819
119,119,0,601,410,96,3,-52.2406947890819
120,120,2,601,410,96,3,-52.2406947890819
121,121,5,601,410,96,3,-52.2406947890819
122,122,1,601,410,96,3,-52.2406947890819
123,123,2,601,410,96,3,-52.2406947890819
124,124,2,601,410,96,3,-52.2406947890819
125,125,3,602,417,96,6,-45.2406947890819
126,126,14,602,417,96,6,-45.2406947890819
127,127,11,602,417,96,6,-45.2406947890819
128,128,9,602,417,96,6,-45.2406947890819
129,129,4,602,417,96,6,-45.2406947890819
130,130,10,602,417,96,6,-45.2406947890819
131,131,33,602,417,96,6,-45.2406947890819
132,132,19,602,417,96,6,-45.2406947890819
133,133,16,602,417,96,6,-45.2406947890819
134,134,16,603,430,96,14,-32.2406947890819
135,135,13,603,430,96,14,-32.2406947890819
136,136,11,603,430,96,14,-32.2406947890819
137,137,7,603,430,96,14,-32.2406947890819
138,138,4,603,430,96,14,-32.2406947890819
139,139,11,603,430,96,14,-32.2406947890819
140,140,1,604,456,96,27,-6.24069478908189
141,141,1,604,456,96,27,-6.24069478908189
142,142,4,604,456,96,27,-6.24069478908189
143,143,6,605,457,96,28,-5.24069478908189
144,144,2,605,457,96,28,-5.24069478908189
145,145,7,605,457,96,28,-5.24069478908189
146,146,8,605,457,96,28,-5.24069478908189
147,147,14,605,457,96,28,-5.24069478908189
148,148,6,606,430,96,14,-32.2406947890819
149,149,13,606,430,96,14,-32.2406947890819
150,150,5,606,430,96,14,-32.2406947890819
151,151,8,606,430,96,14,-32.2406947890819
152,152,13,606,430,96,14,-32.2406947890819
153,153,17,606,430,96,14,-32.2406947890819
154,154,5,606,430,96,14,-32.2406947890819
155,155,1,606,430,96,14,-32.2406947890819
156,156,1,606,430,96,14,-32.2406947890819
157,157,2,606,430,96,14,-32.2406947890819
158,158,7,607,423,96,10,-39.2406947890819
159,159,7,608,421,96,8,-41.2406947890819
160,160,11,608,421,96,8,-41.2406947890819
161,161,1,609,525,96,62,62.7593052109181
162,162,0,609,525,96,62,62.7593052109181
163,163,5,610,509,96,55,46.7593052109181
164,164,4,610,509,96,55,46.7593052109181
165,165,0,611,499,96,52,36.7593052109181
166,166,0,611,499,96,52,36.7593052109181
167,167,0,611,499,96,52,36.7593052109181
168,168,7,612,503,96,53,40.7593052109181
169,169,5,612,503,96,53,40.7593052109181
170,170,3,612,503,96,53,40.7593052109181
171,171,1,612,503,96,53,40.7593052109181
172,172,6,612,503,96,53,40.7593052109181
173,173,1,614,492,96,47,29.7593052109181
174,174,2,614,492,96,47,29.7593052109181
175,175,14,615,491,96,46,28.7593052109181
176,176,5,615,491,96,46,28.7593052109181
177,177,27,615,491,96,46,28.7593052109181
178,178,1,616,475,96,37,12.7593052109181
179,179,2,616,475,96,37,12.7593052109181
180,180,3,616,475,96,37,12.7593052109181
181,181,0,616,475,96,37,12.7593052109181
182,182,1,617,479,96,40,16.7593052109181
183,183,0,617,479,96,40,16.7593052109181
184,184,5,617,479,96,40,16.7593052109181
185,185,5,617,479,96,40,16.7593052109181
186,186,8,617,479,96,40,16.7593052109181
187,187,21,617,479,96,40,16.7593052109181
188,188,15,618,472,96,36,9.75930521091811
189,189,15,618,472,96,36,9.75930521091811
190,190,6,618,472,96,36,9.75930521091811
191,191,19,618,472,96,36,9.75930521091811
192,192,14,618,472,96,36,9.75930521091811
193,193,1,621,485,96,42,22.7593052109181
194,194,1,621,485,96,42,22.7593052109181
195,195,3,621,485,96,42,22.7593052109181
196,196,2,621,485,96,42,22.7593052109181
197,197,3,621,485,96,42,22.7593052109181
198,198,2,623,495,96,50,32.7593052109181
199,199,5,623,495,96,50,32.7593052109181
200,200,0,624,472,96,36,9.75930521091811
201,201,6,624,472,96,36,9.75930521091811
202,202,3,624,472,96,36,9.75930521091811
203,203,1,625,458,96,29,-4.24069478908189
204,204,0,625,458,96,29,-4.24069478908189
205,205,1,625,458,96,29,-4.24069478908189
206,206,6,625,458,96,29,-4.24069478908189
207,207,1,625,458,96,29,-4.24069478908189
208,208,85,626,449,96,24,-13.2406947890819
209,209,45,626,449,96,24,-13.2406947890819
210,210,68,626,449,96,24,-13.2406947890819
211,211,84,626,449,96,24,-13.2406947890819
212,212,50,626,449,96,24,-13.2406947890819
213,213,13,628,442,96,19,-20.2406947890819
214,214,1,628,442,96,19,-20.2406947890819
215,215,19,629,448,96,23,-14.2406947890819
216,216,26,629,448,96,23,-14.2406947890819
217,217,9,629,448,96,23,-14.2406947890819
218,218,2,629,448,96,23,-14.2406947890819
219,219,4,629,448,96,23,-14.2406947890819
220,220,3,629,448,96,23,-14.2406947890819
221,221,22,630,448,96,23,-14.2406947890819
222,222,32,630,448,96,23,-14.2406947890819
223,223,5,631,403,96,1,-59.2406947890819
224,224,21,631,403,96,1,-59.2406947890819
225,225,26,631,403,96,1,-59.2406947890819
226,226,13,631,403,96,1,-59.2406947890819
227,227,23,631,403,96,1,-59.2406947890819
228,228,42,632,411,96,4,-51.2406947890819
229,229,38,632,411,96,4,-51.2406947890819
230,230,61,632,411,96,4,-51.2406947890819
231,231,79,632,411,96,4,-51.2406947890819
232,232,39,632,411,96,4,-51.2406947890819
233,233,41,632,411,96,4,-51.2406947890819
234,234,15,634,415,96,5,-47.2406947890819
235,235,23,634,415,96,5,-47.2406947890819
236,236,14,634,415,96,5,-47.2406947890819
237,237,7,635,427,96,13,-35.2406947890819
238,238,24,636,424,96,11,-38.2406947890819
239,239,3,638,525,96,62,62.7593052109181
240,240,1,638,525,96,62,62.7593052109181
241,241,2,640,521,96,61,58.7593052109181
242,242,1,640,521,96,61,58.7593052109181
243,243,0,640,521,96,61,58.7593052109181
244,244,3,641,518,96,60,55.7593052109181
245,245,8,641,518,96,60,55.7593052109181
246,246,1,642,495,96,50,32.7593052109181
247,247,2,642,495,96,50,32.7593052109181
248,248,0,642,495,96,50,32.7593052109181
249,249,8,643,495,96,50,32.7593052109181
250,250,3,643,495,96,50,32.7593052109181
251,251,14,643,495,96,50,32.7593052109181
252,252,16,643,495,96,50,32.7593052109181
253,253,18,643,495,96,50,32.7593052109181
254,254,11,643,495,96,50,32.7593052109181
255,255,13,643,495,96,50,32.7593052109181
256,256,6,645,460,96,30,-2.24069478908189
257,257,7,645,460,96,30,-2.24069478908189
258,258,10,645,460,96,30,-2.24069478908189
259,259,5,647,442,96,19,-20.2406947890819
260,260,7,647,442,96,19,-20.2406947890819
261,261,25,648,443,96,20,-19.2406947890819
262,262,11,648,443,96,20,-19.2406947890819
263,263,6,648,443,96,20,-19.2406947890819
264,264,4,648,443,96,20,-19.2406947890819
265,265,7,648,443,96,20,-19.2406947890819
266,266,4,650,425,96,12,-37.2406947890819
267,267,6,650,425,96,12,-37.2406947890819
268,268,2,650,425,96,12,-37.2406947890819
269,269,5,651,439,96,18,-23.2406947890819
270,270,3,651,439,96,18,-23.2406947890819
271,271,7,651,439,96,18,-23.2406947890819
272,272,3,652,444,96,21,-18.2406947890819
273,273,1,701,450,97,25,-12.2406947890819
274,274,4,701,450,97,25,-12.2406947890819
275,275,4,701,450,97,25,-12.2406947890819
276,276,2,701,450,97,25,-12.2406947890819
277,277,5,701,450,97,25,-12.2406947890819
278,278,3,702,446,97,22,-16.2406947890819
279,279,0,702,446,97,22,-16.2406947890819
280,280,3,702,446,97,22,-16.2406947890819
281,281,1,702,446,97,22,-16.2406947890819
282,282,2,702,446,97,22,-16.2406947890819
283,283,3,702,446,97,22,-16.2406947890819
284,284,1,704,472,97,36,9.75930521091811
285,285,0,704,472,97,36,9.75930521091811
286,286,4,704,472,97,36,9.75930521091811
287,287,0,704,472,97,36,9.75930521091811
288,288,0,704,472,97,36,9.75930521091811
289,289,0,705,472,97,36,9.75930521091811
290,290,0,706,460,97,30,-2.24069478908189
291,291,0,706,460,97,30,-2.24069478908189
292,292,0,706,460,97,30,-2.24069478908189
293,293,1,708,442,97,19,-20.2406947890819
294,294,3,708,442,97,19,-20.2406947890819
295,295,4,708,442,97,19,-20.2406947890819
296,296,0,708,442,97,19,-20.2406947890819
297,297,4,708,442,97,19,-20.2406947890819
298,298,2,708,442,97,19,-20.2406947890819
299,299,0,709,525,97,62,62.7593052109181
300,300,0,709,525,97,62,62.7593052109181
301,301,1,709,525,97,62,62.7593052109181
302,302,0,710,533,97,63,70.7593052109181
303,303,1,710,533,97,63,70.7593052109181
304,304,2,710,533,97,63,70.7593052109181
305,305,0,710,533,97,63,70.7593052109181
306,306,0,710,533,97,63,70.7593052109181
307,307,0,710,533,97,63,70.7593052109181
308,308,1,711,513,97,57,50.7593052109181
309,309,0,711,513,97,57,50.7593052109181
310,310,0,711,513,97,57,50.7593052109181
311,311,1,711,513,97,57,50.7593052109181
312,312,1,711,513,97,57,50.7593052109181
313,313,0,711,513,97,57,50.7593052109181
314,314,0,711,513,97,57,50.7593052109181
315,315,0,712,514,97,58,51.7593052109181
316,316,0,712,514,97,58,51.7593052109181
317,317,0,713,511,97,56,48.7593052109181
318,318,0,713,511,97,56,48.7593052109181
319,319,1,713,511,97,56,48.7593052109181
320,320,0,713,511,97,56,48.7593052109181
321,321,0,713,511,97,56,48.7593052109181
322,322,0,714,511,97,56,48.7593052109181
323,323,0,714,511,97,56,48.7593052109181
324,324,1,714,511,97,56,48.7593052109181
325,325,0,714,511,97,56,48.7593052109181
326,326,0,714,511,97,56,48.7593052109181
327,327,0,714,511,97,56,48.7593052109181
328,328,0,715,496,97,51,33.7593052109181
329,329,0,715,496,97,51,33.7593052109181
330,330,0,715,496,97,51,33.7593052109181
331,331,0,715,496,97,51,33.7593052109181
332,332,1,716,494,97,49,31.7593052109181
333,333,0,716,494,97,49,31.7593052109181
334,334,0,717,494,97,49,31.7593052109181
335,335,0,717,494,97,49,31.7593052109181
336,336,0,717,494,97,49,31.7593052109181
337,337,2,718,411,97,4,-51.2406947890819
338,338,4,718,411,97,4,-51.2406947890819
339,339,4,718,411,97,4,-51.2406947890819
340,340,1,718,411,97,4,-51.2406947890819
341,341,2,718,411,97,4,-51.2406947890819
342,342,2,719,411,97,4,-51.2406947890819
343,343,1,719,411,97,4,-51.2406947890819
344,344,4,719,411,97,4,-51.2406947890819
345,345,1,719,411,97,4,-51.2406947890819
346,346,3,719,411,97,4,-51.2406947890819
347,347,3,719,411,97,4,-51.2406947890819
348,348,2,720,423,97,10,-39.2406947890819
349,349,0,720,423,97,10,-39.2406947890819
350,350,3,721,424,97,11,-38.2406947890819
351,351,2,722,403,97,1,-59.2406947890819
352,352,0,722,403,97,1,-59.2406947890819
353,353,1,722,403,97,1,-59.2406947890819
354,354,0,723,409,97,2,-53.2406947890819
355,355,3,723,409,97,2,-53.2406947890819
356,356,1,723,409,97,2,-53.2406947890819
357,357,10,724,434,97,16,-28.2406947890819
358,358,4,724,434,97,16,-28.2406947890819
359,359,1,724,434,97,16,-28.2406947890819
360,360,2,725,477,97,39,14.7593052109181
361,361,0,725,477,97,39,14.7593052109181
362,362,1,725,477,97,39,14.7593052109181
363,363,0,727,472,97,36,9.75930521091811
364,364,0,728,468,97,34,5.75930521091811
365,365,0,728,468,97,34,5.75930521091811
366,366,0,729,470,97,35,7.75930521091811
367,367,0,730,486,97,43,23.7593052109181
368,368,0,731,495,97,50,32.7593052109181
369,369,0,731,495,97,50,32.7593052109181
370,370,0,731,495,97,50,32.7593052109181
371,371,0,731,495,97,50,32.7593052109181
372,372,0,731,495,97,50,32.7593052109181
373,373,0,732,483,97,41,20.7593052109181
374,374,0,732,483,97,41,20.7593052109181
375,375,2,732,483,97,41,20.7593052109181
376,376,2,733,442,97,19,-20.2406947890819
377,377,2,733,442,97,19,-20.2406947890819
378,378,0,734,457,97,28,-5.24069478908189
379,379,4,736,457,97,28,-5.24069478908189
380,380,5,736,457,97,28,-5.24069478908189
381,381,2,737,457,97,28,-5.24069478908189
382,382,3,737,457,97,28,-5.24069478908189
383,383,2,737,457,97,28,-5.24069478908189
384,384,2,737,457,97,28,-5.24069478908189
385,385,1,737,457,97,28,-5.24069478908189
386,386,2,737,457,97,28,-5.24069478908189
387,387,0,737,457,97,28,-5.24069478908189
388,388,2,738,464,97,31,1.75930521091811
389,389,0,738,464,97,31,1.75930521091811
390,390,1,738,464,97,31,1.75930521091811
391,391,0,739,433,97,15,-29.2406947890819
392,392,3,739,433,97,15,-29.2406947890819
393,393,1,739,433,97,15,-29.2406947890819
394,394,0,739,433,97,15,-29.2406947890819
395,395,0,740,442,97,19,-20.2406947890819
396,396,0,740,442,97,19,-20.2406947890819
397,397,0,741,433,97,15,-29.2406947890819
398,398,1,741,433,97,15,-29.2406947890819
399,399,0,741,433,97,15,-29.2406947890819
400,400,0,742,430,97,14,-32.2406947890819
401,401,0,742,430,97,14,-32.2406947890819
402,402,2,743,450,97,25,-12.2406947890819
403,403,0,743,450,97,25,-12.2406947890819
