,score,gre.quant,gre.verbal,ap,pt,female
1,2,630,630,0,0,1
2,1,520,490,0,0,1
3,4,670,400,0,0,0
4,1,600,560,0,0,0
5,1,620,570,0,0,0
6,4,730,670,0,0,0
7,1,640,590,0,0,1
8,4,470,610,1,0,1
9,2,550,500,1,0,0
10,5,720,710,0,0,1
11,4,750,480,0,0,1
12,1,720,470,0,0,0
13,2,590,550,0,0,1
14,4,760,680,0,0,0
15,4,750,690,0,0,0
16,1,580,440,0,0,0
17,1,640,710,0,0,0
18,5,710,560,0,0,0
19,4,610,720,1,0,0
20,1,530,600,0,0,0
21,4,740,750,0,0,0
22,5,740,730,1,0,0
23,1,430,630,0,0,1
24,2,510,620,0,0,0
25,4,620,680,0,1,1
26,4,620,680,1,0,0
27,1,330,460,0,0,0
28,5,700,730,1,0,0
29,5,770,470,0,0,0
30,5,790,760,0,0,1
31,2,660,640,0,1,0
32,1,720,670,0,0,0
33,2,630,590,1,0,0
34,1,420,640,0,0,0
35,4,640,410,0,0,1
36,2,670,610,0,0,0
37,2,690,640,0,0,1
38,1,390,610,0,1,1
39,1,410,410,0,0,0
40,2,700,470,0,0,0
41,4,640,640,0,0,1
42,2,740,650,0,0,1
43,1,720,370,0,1,0
44,5,640,670,0,0,0
45,1,740,290,0,0,0
46,5,770,420,0,0,1
47,5,800,740,0,0,0
48,2,750,510,0,0,0
49,1,670,530,0,0,0
50,5,730,560,0,0,0
51,2,620,600,0,0,0
52,2,560,530,0,0,1
53,4,660,630,0,1,0
54,5,750,630,1,0,0
55,2,730,410,0,0,1
56,2,780,490,0,0,0
57,4,770,670,0,0,0
58,5,770,750,0,0,0
59,4,680,680,0,0,0
60,2,720,530,0,0,0
61,4,720,760,1,0,0
62,5,590,720,1,0,1
63,4,770,480,0,0,0
64,5,790,720,0,0,0
65,5,770,660,0,0,1
66,1,540,460,0,0,1
67,4,740,730,0,0,0
68,5,780,640,0,0,1
69,4,740,650,0,0,0
70,5,770,670,1,0,0
71,1,680,430,0,0,0
72,2,720,760,0,0,0
73,4,770,720,0,0,0
74,2,720,480,0,0,0
75,4,770,510,0,0,0
76,2,640,580,0,1,0
77,4,750,410,0,0,0
78,4,660,710,0,0,1
79,4,750,570,0,0,0
80,2,550,720,0,0,0
81,3,540,640,0,0,1
82,4,650,670,0,1,1
83,4,720,770,0,0,0
84,1,470,320,0,0,1
85,4,750,720,0,0,0
86,1,560,370,0,0,0
87,1,560,690,0,0,1
88,5,710,610,0,0,0
89,4,750,570,0,0,0
90,4,760,620,0,0,0
91,3,740,310,0,0,1
92,4,790,330,0,0,0
93,4,790,710,0,0,0
94,4,670,620,0,0,0
95,1,580,530,0,0,0
96,5,790,700,0,0,1
97,4,740,720,0,0,1
98,2,730,570,0,0,0
99,2,730,620,0,0,1
100,2,750,500,0,1,0
101,2,640,600,0,0,1
102,5,720,720,1,0,1
103,4,770,600,0,0,0
104,4,740,620,0,0,1
105,4,760,600,0,0,1
106,4,650,710,0,0,0
