,accident,op,co.65.69,co.70.74,co.75.79,service,ship
1,0.0,0,0,0,0,127.0,1
2,0.0,1,0,0,0,63.0,1
3,3.0,0,1,0,0,1095.0,1
4,4.0,1,1,0,0,1095.0,1
5,6.0,0,0,1,0,1512.0,1
6,18.0,1,0,1,0,3353.0,1
7,,0,0,0,1,,1
8,11.0,1,0,0,1,2244.0,1
9,39.0,0,0,0,0,44882.0,2
10,29.0,1,0,0,0,17176.0,2
11,58.0,0,1,0,0,28609.0,2
12,53.0,1,1,0,0,20370.0,2
13,12.0,0,0,1,0,7064.0,2
14,44.0,1,0,1,0,13099.0,2
15,,0,0,0,1,,2
16,18.0,1,0,0,1,7117.0,2
17,1.0,0,0,0,0,1179.0,3
18,1.0,1,0,0,0,552.0,3
19,0.0,0,1,0,0,781.0,3
20,1.0,1,1,0,0,676.0,3
21,6.0,0,0,1,0,783.0,3
22,2.0,1,0,1,0,1948.0,3
23,,0,0,0,1,,3
24,1.0,1,0,0,1,274.0,3
25,0.0,0,0,0,0,251.0,4
26,0.0,1,0,0,0,105.0,4
27,0.0,0,1,0,0,288.0,4
28,0.0,1,1,0,0,192.0,4
29,2.0,0,0,1,0,349.0,4
30,11.0,1,0,1,0,1208.0,4
31,,0,0,0,1,,4
32,4.0,1,0,0,1,2051.0,4
33,0.0,0,0,0,0,45.0,5
34,,1,0,0,0,,5
35,7.0,0,1,0,0,789.0,5
36,7.0,1,1,0,0,437.0,5
37,5.0,0,0,1,0,1157.0,5
38,12.0,1,0,1,0,2161.0,5
39,,0,0,0,1,,5
40,1.0,1,0,0,1,542.0,5
