,duration,ciep12,invest,fract,polar,numst2,crisis,country
1,0.5,1,1,656,11,0,24,0
2,3.0,1,1,656,11,1,10,0
3,7.0,1,1,656,11,1,24,0
4,20.0,1,1,656,11,1,7,0
5,6.0,1,1,656,11,1,7,0
6,7.0,1,1,634,6,1,45,0
7,2.0,1,1,599,3,1,51,0
8,17.0,1,1,599,3,1,4,0
9,27.0,1,1,599,3,1,6,0
10,49.0,0,1,620,2,1,10,0
11,4.0,1,1,592,1,0,23,0
12,29.0,1,1,592,1,1,2,0
13,49.0,0,1,628,5,1,29,0
14,6.0,1,1,719,11,1,65,0
15,23.0,1,1,719,11,1,38,0
16,41.0,0,1,757,18,1,132,0
17,10.0,1,1,775,24,1,73,0
18,12.0,1,1,775,24,1,61,0
19,2.0,1,1,762,24,0,65,0
20,33.0,1,1,762,24,1,0,0
21,1.0,1,1,762,24,0,0,0
22,16.0,1,1,735,17,1,46,0
23,2.0,1,1,753,17,1,9,0
24,9.0,1,1,850,17,1,106,0
25,3.0,1,1,850,17,1,7,0
26,5.0,1,1,850,17,1,39,0
27,5.0,1,1,850,17,1,18,0
28,6.0,1,1,850,17,1,6,0
29,45.0,0,1,868,15,1,87,0
30,23.0,1,1,857,9,1,46,0
31,41.0,1,0,648,1,0,0,1
32,7.0,1,0,648,1,1,0,1
33,49.0,0,0,428,0,1,0,1
34,46.0,1,0,536,0,1,0,1
35,9.0,1,0,650,0,0,4,1
36,51.0,0,0,349,0,1,0,1
37,10.0,1,0,648,0,0,0,1
38,32.0,1,0,622,0,0,5,1
39,28.0,1,0,614,0,0,0,1
40,3.0,1,0,614,0,0,0,1
41,53.0,0,0,571,0,1,1,1
42,17.0,1,0,648,0,0,0,1
43,59.0,0,0,583,0,1,62,1
44,9.0,1,0,602,0,0,0,1
45,52.0,0,0,582,0,1,0,1
46,3.0,1,0,582,0,1,0,1
47,23.0,1,0,777,12,0,14,2
48,33.0,1,0,719,6,0,40,2
49,1.0,1,0,749,5,0,36,2
50,30.0,1,0,749,5,0,1,2
51,5.0,1,0,740,5,0,0,2
52,16.0,1,0,725,5,0,3,2
53,27.0,1,0,725,5,0,3,2
54,33.0,1,0,735,3,1,12,2
55,9.0,1,0,735,3,1,2,2
56,22.0,1,0,722,6,0,2,2
57,25.0,1,0,722,6,0,0,2
58,25.0,1,0,715,6,0,3,2
59,14.0,1,0,748,11,0,26,2
60,44.0,0,0,764,9,1,8,2
61,12.0,1,0,746,10,0,14,2
62,14.0,1,0,746,10,0,2,2
63,13.0,1,0,855,26,0,14,2
64,24.0,1,0,815,25,0,15,2
65,18.0,1,0,811,26,0,0,2
66,13.0,1,0,811,26,0,0,2
67,29.0,1,0,791,21,0,28,2
68,8.0,1,0,817,21,0,48,2
69,16.0,1,0,817,24,0,7,2
70,43.0,0,0,802,18,0,14,2
71,28.0,1,0,791,25,1,20,3
72,19.0,1,0,780,19,0,7,3
73,10.0,1,0,780,19,0,16,3
74,2.0,1,0,780,19,1,0,3
75,21.0,1,0,791,22,1,183,3
76,4.0,1,0,791,22,0,12,3
77,5.0,1,0,788,22,1,148,3
78,16.0,1,0,788,22,1,6,3
79,15.0,1,0,788,22,1,14,3
80,1.0,1,0,788,22,0,5,3
81,2.0,1,0,788,22,0,0,3
82,2.0,1,0,788,22,0,0,3
83,3.0,1,0,795,25,1,0,3
84,30.0,1,0,795,25,0,40,3
85,8.0,1,0,795,25,0,16,3
86,20.0,1,0,803,24,1,44,3
87,19.0,1,0,803,24,1,1,3
88,21.0,1,0,799,21,1,43,3
89,24.0,1,0,799,21,1,21,3
90,8.0,1,0,821,27,1,0,3
91,7.0,1,0,821,27,1,9,3
92,5.0,1,0,818,28,0,0,3
93,33.0,1,0,818,28,1,47,3
94,10.0,1,0,812,21,1,0,3
95,7.0,1,0,812,21,0,12,3
96,9.0,1,0,812,21,1,4,3
97,13.0,1,0,812,21,1,13,3
98,32.0,1,0,808,21,1,69,3
99,11.0,1,0,808,21,1,16,3
100,3.0,1,0,808,21,0,1,3
101,47.0,0,0,805,22,1,25,3
102,5.0,1,1,788,28,1,11,4
103,1.0,1,1,788,31,0,18,4
104,3.0,1,1,788,31,1,2,4
105,5.0,1,1,788,31,1,5,4
106,1.0,1,1,788,31,1,0,4
107,8.0,1,1,788,31,1,5,4
108,1.0,1,1,788,31,1,7,4
109,0.5,1,1,788,31,1,9,4
110,13.0,1,1,788,31,1,4,4
111,3.0,1,1,788,31,1,23,4
112,5.0,1,1,788,31,0,3,4
113,0.5,1,1,788,31,0,8,4
114,7.0,1,1,788,31,1,8,4
115,4.0,1,1,788,31,1,10,4
116,5.0,1,1,842,27,0,41,4
117,1.0,1,1,842,27,0,13,4
118,10.0,1,1,842,27,0,8,4
119,4.0,1,1,842,27,0,16,4
120,11.0,1,1,842,27,1,38,4
121,7.0,1,1,842,27,1,7,4
122,0.5,1,1,842,27,0,14,4
123,11.0,1,1,842,27,1,4,4
124,16.0,1,1,839,38,0,8,4
125,4.0,1,1,839,38,0,22,4
126,0.5,1,1,839,38,0,18,4
127,0.5,1,1,839,38,0,10,4
128,5.0,1,1,839,38,1,7,4
129,0.5,1,1,839,38,1,28,4
130,4.0,1,1,839,38,1,0,4
131,33.0,1,0,722,19,1,117,5
132,40.0,0,0,712,17,1,11,5
133,34.0,1,0,709,14,1,77,5
134,28.0,1,0,712,15,1,0,5
135,11.0,1,0,712,15,0,19,5
136,5.0,1,0,687,14,0,0,5
137,43.0,0,0,710,17,1,1,5
138,5.0,1,0,699,15,1,0,5
139,43.0,0,0,699,15,1,0,5
140,37.0,0,0,718,15,1,0,5
141,8.0,1,0,718,15,1,62,5
142,36.0,1,0,740,17,1,30,5
143,46.0,0,0,704,18,1,58,5
144,13.0,1,0,761,23,1,65,5
145,2.0,1,0,761,23,0,3,5
146,39.0,0,0,736,18,1,67,5
147,48.0,0,0,754,17,1,28,5
148,40.0,1,1,724,0,0,0,6
149,35.0,1,1,692,0,0,0,6
150,34.0,1,1,671,0,1,13,6
151,27.0,1,1,636,3,1,0,6
152,28.0,1,1,636,3,1,0,6
153,42.0,1,1,645,0,0,0,6
154,19.0,1,1,620,0,1,0,6
155,32.0,1,1,620,0,1,2,6
156,44.0,1,1,593,0,1,0,6
157,52.0,0,1,612,0,1,0,6
158,29.0,1,1,580,0,1,0,6
159,18.0,1,1,580,0,1,6,6
160,7.0,1,1,582,0,0,0,6
161,8.0,1,1,609,0,0,19,6
162,48.0,1,1,608,0,1,20,6
163,11.0,1,1,802,11,1,71,7
164,3.0,1,1,802,11,1,0,7
165,12.0,1,1,802,11,1,4,7
166,18.0,1,1,802,11,1,28,7
167,4.0,1,1,802,11,1,0,7
168,6.0,1,1,834,18,1,7,7
169,16.0,1,1,834,18,1,0,7
170,13.0,1,1,797,16,1,44,7
171,17.0,1,1,814,18,1,274,7
172,18.0,1,1,814,18,1,10,7
173,10.0,1,1,814,18,1,8,7
174,17.0,1,1,789,5,1,70,7
175,21.0,1,1,789,5,1,0,7
176,8.0,1,1,789,5,1,19,7
177,8.0,1,1,721,5,1,31,7
178,41.0,0,1,721,5,1,0,7
179,1.0,1,1,702,8,1,68,7
180,5.0,1,1,702,8,1,53,7
181,26.0,1,1,702,8,1,0,7
182,4.0,1,1,771,11,0,183,7
183,44.0,0,1,771,11,1,0,7
184,25.0,1,1,680,5,0,36,7
185,9.0,1,1,680,5,0,35,7
186,25.0,1,1,741,6,1,52,7
187,2.0,1,1,652,36,1,7,8
188,14.0,1,1,652,36,1,15,8
189,3.0,1,1,652,36,1,1,8
190,23.0,1,1,652,36,1,10,8
191,0.5,1,1,718,36,0,17,8
192,5.0,1,1,718,36,0,20,8
193,0.5,1,1,718,36,0,13,8
194,16.0,1,1,718,36,1,11,8
195,22.0,1,1,718,36,1,14,8
196,13.0,1,1,718,36,0,13,8
197,7.0,1,1,710,32,0,12,8
198,12.0,1,1,710,32,0,20,8
199,4.0,1,1,710,32,0,30,8
200,19.0,1,1,710,32,0,7,8
201,15.0,1,1,710,32,1,19,8
202,5.0,1,1,733,32,0,36,8
203,7.0,1,1,733,32,1,29,8
204,18.0,1,1,733,32,1,26,8
205,27.0,1,1,733,32,1,33,8
206,5.0,1,1,717,37,0,19,8
207,7.0,1,1,717,37,1,23,8
208,6.0,1,1,717,37,0,31,8
209,3.0,1,1,717,37,1,48,8
210,7.0,1,1,717,37,1,31,8
211,10.0,1,1,717,37,1,0,8
212,0.5,1,1,717,37,0,33,8
213,12.0,1,1,719,37,1,121,8
214,8.0,1,1,719,37,1,25,8
215,7.0,1,1,719,37,1,12,8
216,14.0,1,1,719,37,0,51,8
217,3.0,1,1,719,37,0,36,8
218,18.0,1,1,683,43,0,90,8
219,11.0,1,1,683,43,0,55,8
220,0.5,1,1,683,43,0,47,8
221,8.0,1,1,710,38,0,126,8
222,6.0,1,1,710,38,1,15,8
223,7.0,1,1,710,38,1,22,8
224,13.0,1,1,710,38,1,33,8
225,3.0,1,1,710,38,1,16,8
226,5.0,1,1,710,38,1,17,8
227,45.0,1,1,751,39,1,98,8
228,30.0,1,0,786,8,1,30,10
229,15.0,1,0,786,8,1,50,10
230,46.0,0,0,785,6,1,69,10
231,26.0,1,0,754,5,1,12,10
232,3.0,1,0,754,5,1,12,10
233,48.0,0,0,759,3,1,63,10
234,19.0,1,0,778,8,1,70,10
235,18.0,1,0,778,8,1,46,10
236,3.0,1,0,778,8,0,39,10
237,49.0,0,0,825,16,1,49,10
238,13.0,1,0,844,15,1,69,10
239,4.0,1,0,844,15,0,23,10
240,46.0,0,0,844,9,1,163,10
241,41.0,0,0,730,3,1,270,10
242,8.0,1,0,767,5,1,108,10
243,3.0,1,0,767,5,0,17,10
244,43.0,0,0,751,5,1,57,10
245,47.0,0,0,685,7,1,0,11
246,25.0,1,0,626,0,1,0,11
247,23.0,1,0,626,0,1,2,11
248,15.0,1,0,677,2,1,0,11
249,33.0,1,0,677,2,1,7,11
250,47.0,0,0,666,1,1,0,11
251,23.0,1,0,689,1,0,0,11
252,1.0,1,0,689,1,0,4,11
253,25.0,1,0,689,1,0,4,11
254,47.0,0,0,715,1,1,1,11
255,18.0,1,0,680,0,1,0,11
256,19.0,1,0,680,0,0,11,11
257,12.0,1,0,680,0,0,11,11
258,27.0,1,0,758,13,0,4,11
259,20.0,1,0,758,13,0,3,11
260,41.0,0,0,663,1,0,0,11
261,8.0,1,0,663,1,0,5,11
262,19.0,1,0,687,5,0,2,11
263,28.0,1,0,687,5,1,0,11
264,7.0,1,0,676,5,0,0,11
265,3.0,1,0,709,16,1,0,9
266,17.0,1,0,709,16,0,9,9
267,6.0,1,0,709,16,1,46,9
268,9.0,1,0,762,19,1,7,9
269,2.0,1,0,763,16,1,0,9
270,23.0,1,0,763,16,1,36,9
271,3.0,1,0,763,16,1,35,9
272,24.0,1,0,701,18,1,47,9
273,3.0,1,0,701,18,1,9,9
274,17.0,1,0,761,15,0,30,9
275,22.0,1,1,644,13,0,3,12
276,22.0,1,1,644,13,0,28,12
277,43.0,0,1,575,5,1,35,12
278,14.0,1,0,648,7,1,0,13
279,23.0,1,0,648,7,1,5,13
280,36.0,1,0,673,3,0,0,13
281,12.0,1,0,673,3,1,1,13
282,48.0,0,0,677,2,1,0,13
283,13.0,1,0,686,3,1,0,13
284,7.0,1,0,686,3,0,4,13
285,28.0,1,0,684,2,0,0,13
286,48.0,0,0,679,2,0,0,13
287,48.0,0,0,692,3,0,0,13
288,12.0,1,0,653,1,1,0,13
289,11.0,1,0,653,1,1,18,13
290,36.0,0,0,698,5,0,0,13
291,36.0,0,0,702,5,0,0,13
292,24.0,1,0,710,5,1,18,13
293,12.0,1,0,710,5,0,8,13
294,19.0,1,0,713,6,1,1,13
295,16.0,1,0,713,6,0,14,13
296,37.0,0,0,681,6,0,18,13
297,5.0,1,0,705,5,0,19,13
298,55.0,0,0,511,0,1,21,14
299,20.0,1,0,518,0,1,0,14
300,41.0,1,0,513,0,1,1,14
301,2.0,1,0,513,0,1,1,14
302,19.0,1,0,508,0,1,1,14
303,33.0,1,0,508,0,1,1,14
304,48.0,1,0,497,0,1,0,14
305,12.0,1,0,497,0,1,5,14
306,16.0,1,0,514,0,1,0,14
307,51.0,0,0,506,0,1,0,14
308,44.0,1,0,518,0,1,0,14
309,7.0,1,0,556,3,0,4,14
310,18.0,1,0,556,2,1,0,14
311,7.0,1,0,556,2,1,0,14
312,30.0,1,0,556,2,0,0,14
313,50.0,0,0,536,1,1,0,14
314,49.0,0,0,522,1,1,6,14
