,Sex,Bwt,Hwt
1,0,2.0,7.0
2,0,2.0,7.4
3,0,2.0,9.5
4,0,2.1,7.2
5,0,2.1,7.3
6,0,2.1,7.6
7,0,2.1,8.1
8,0,2.1,8.2
9,0,2.1,8.3
10,0,2.1,8.5
11,0,2.1,8.7
12,0,2.1,9.8
13,0,2.2,7.1
14,0,2.2,8.7
15,0,2.2,9.1
16,0,2.2,9.7
17,0,2.2,10.9
18,0,2.2,11.0
19,0,2.3,7.3
20,0,2.3,7.9
21,0,2.3,8.4
22,0,2.3,9.0
23,0,2.3,9.0
24,0,2.3,9.5
25,0,2.3,9.6
26,0,2.3,9.7
27,0,2.3,10.1
28,0,2.3,10.1
29,0,2.3,10.6
30,0,2.3,11.2
31,0,2.4,6.3
32,0,2.4,8.7
33,0,2.4,8.8
34,0,2.4,10.2
35,0,2.5,9.0
36,0,2.5,10.9
37,0,2.6,8.7
38,0,2.6,10.1
39,0,2.6,10.1
40,0,2.7,8.5
41,0,2.7,10.2
42,0,2.7,10.8
43,0,2.9,9.9
44,0,2.9,10.1
45,0,2.9,10.1
46,0,3.0,10.6
47,0,3.0,13.0
48,1,2.0,6.5
49,1,2.0,6.5
50,1,2.1,10.1
51,1,2.2,7.2
52,1,2.2,7.6
53,1,2.2,7.9
54,1,2.2,8.5
55,1,2.2,9.1
56,1,2.2,9.6
57,1,2.2,9.6
58,1,2.2,10.7
59,1,2.3,9.6
60,1,2.4,7.3
61,1,2.4,7.9
62,1,2.4,7.9
63,1,2.4,9.1
64,1,2.4,9.3
65,1,2.5,7.9
66,1,2.5,8.6
67,1,2.5,8.8
68,1,2.5,8.8
69,1,2.5,9.3
70,1,2.5,11.0
71,1,2.5,12.7
72,1,2.5,12.7
73,1,2.6,7.7
74,1,2.6,8.3
75,1,2.6,9.4
76,1,2.6,9.4
77,1,2.6,10.5
78,1,2.6,11.5
79,1,2.7,8.0
80,1,2.7,9.0
81,1,2.7,9.6
82,1,2.7,9.6
83,1,2.7,9.8
84,1,2.7,10.4
85,1,2.7,11.1
86,1,2.7,12.0
87,1,2.7,12.5
88,1,2.8,9.1
89,1,2.8,10.0
90,1,2.8,10.2
91,1,2.8,11.4
92,1,2.8,12.0
93,1,2.8,13.3
94,1,2.8,13.5
95,1,2.9,9.4
96,1,2.9,10.1
97,1,2.9,10.6
98,1,2.9,11.3
99,1,2.9,11.8
100,1,3.0,10.0
101,1,3.0,10.4
102,1,3.0,10.6
103,1,3.0,11.6
104,1,3.0,12.2
105,1,3.0,12.4
106,1,3.0,12.7
107,1,3.0,13.3
108,1,3.0,13.8
109,1,3.1,9.9
110,1,3.1,11.5
111,1,3.1,12.1
112,1,3.1,12.5
113,1,3.1,13.0
114,1,3.1,14.3
115,1,3.2,11.6
116,1,3.2,11.9
117,1,3.2,12.3
118,1,3.2,13.0
119,1,3.2,13.5
120,1,3.2,13.6
121,1,3.3,11.5
122,1,3.3,12.0
123,1,3.3,14.1
124,1,3.3,14.9
125,1,3.3,15.4
126,1,3.4,11.2
127,1,3.4,12.2
128,1,3.4,12.4
129,1,3.4,12.8
130,1,3.4,14.4
131,1,3.5,11.7
132,1,3.5,12.9
133,1,3.5,15.6
134,1,3.5,15.7
135,1,3.5,17.2
136,1,3.6,11.8
137,1,3.6,13.3
138,1,3.6,14.8
139,1,3.6,15.0
140,1,3.7,11.0
141,1,3.8,14.8
142,1,3.8,16.8
143,1,3.9,14.4
144,1,3.9,20.5
