,lfp,lnnlinc,age,educ,nyc,noc,foreign
1,0,10.787497,3.0,8,1,1,0
2,1,10.524251,4.5,8,0,1,0
3,0,10.968578,4.6,9,0,0,0
4,0,11.104999,3.1,11,2,0,0
5,0,11.10847,4.4,12,0,2,0
6,1,11.028254,4.2,12,0,1,0
7,0,11.454707,5.1,8,0,0,0
8,1,10.490918,3.2,8,0,2,0
9,0,10.62474,3.9,12,0,0,0
10,0,10.48642,4.3,11,0,2,0
11,0,10.660618,4.5,11,0,2,0
12,0,10.467589,6.0,12,0,0,0
13,0,11.229592,3.3,11,2,0,0
14,0,11.906462,5.6,14,0,0,0
15,0,11.501562,5.6,11,0,0,0
16,0,11.293492,4.7,11,0,1,0
17,0,10.861253,5.0,8,0,0,0
18,1,11.844049,3.9,12,0,0,0
19,0,11.048627,4.7,8,0,1,0
20,1,10.957795,5.3,11,0,0,0
21,0,10.860134,2.9,19,0,0,0
22,1,11.108121,4.6,11,0,1,0
23,0,10.84862,4.4,8,0,2,0
24,0,10.482397,2.0,12,1,0,0
25,1,10.48404,5.4,8,0,0,0
26,1,10.601204,4.7,8,0,0,0
27,0,10.540632,2.8,9,2,0,0
28,0,11.224276,4.7,8,0,1,0
29,1,10.841085,4.9,12,0,0,0
30,0,10.566288,3.0,11,0,1,0
31,0,11.769593,5.1,11,0,0,0
32,0,10.667089,2.8,11,0,2,0
33,0,10.624627,5.4,11,0,0,0
34,0,10.537148,4.9,8,0,0,0
35,0,11.135636,5.3,10,0,0,0
36,0,10.315332,5.5,8,0,0,0
37,0,10.372655,2.4,11,1,0,0
38,0,11.507138,5.0,8,0,1,0
39,1,11.156561,3.6,13,0,2,0
40,0,10.452933,2.3,9,1,0,0
41,1,11.106286,4.1,12,0,2,0
42,0,10.657185,2.3,10,0,1,0
43,0,10.518618,3.8,10,0,2,0
44,0,10.699437,5.3,12,0,0,0
45,0,9.668874,4.5,12,0,1,0
46,0,10.922165,3.7,12,0,2,0
47,0,11.249361,3.6,15,2,0,0
48,0,10.051168,4.6,12,0,0,0
49,0,10.621104,3.1,10,1,1,0
50,1,10.644639,4.2,10,0,2,0
51,0,10.419983,2.2,10,1,0,0
52,1,10.466988,3.2,8,0,1,0
53,1,10.478207,3.4,9,0,2,0
54,1,10.435452,4.4,9,0,1,0
55,1,10.427258,5.8,12,0,0,0
56,1,10.471779,4.4,9,0,2,0
57,0,11.138516,5.5,9,0,0,0
58,0,10.31886,2.3,11,2,0,0
59,0,10.305638,6.0,15,0,0,0
60,0,10.864139,5.0,10,0,2,0
61,0,10.465655,5.9,9,0,0,0
62,0,10.2239,3.5,9,0,2,0
63,0,12.019113,6.1,13,0,0,0
64,1,11.411158,4.0,13,0,2,0
65,0,10.51476,2.4,11,1,0,0
66,1,10.493266,3.5,4,0,2,0
67,1,10.71857,3.1,10,1,1,0
68,0,11.33689,6.1,12,0,0,0
69,1,10.814724,5.5,10,0,1,0
70,0,10.316425,2.0,9,1,0,0
71,0,11.096651,3.1,15,1,0,0
72,1,10.47289,3.5,9,0,2,0
73,0,10.588166,5.5,8,0,0,0
74,0,11.584711,3.5,11,1,2,0
75,0,10.618983,4.4,17,0,4,0
76,1,10.517572,5.6,9,0,0,0
77,0,10.825584,3.4,10,0,2,0
78,1,10.909947,4.3,8,0,0,0
79,1,10.363575,2.4,12,0,0,0
80,1,9.646148,5.4,8,0,0,0
81,0,10.157078,3.4,8,0,4,0
82,1,10.279822,5.2,7,0,2,0
83,0,10.571089,3.4,8,1,3,0
84,0,10.763515,2.1,9,2,0,0
85,1,10.540896,3.4,10,0,0,0
86,0,10.654575,2.2,9,1,0,0
87,0,10.852278,3.6,8,0,3,0
88,0,10.28561,3.2,10,1,3,0
89,0,11.338939,4.4,13,0,4,0
90,1,11.235833,4.9,12,0,2,0
91,0,10.471702,4.9,14,0,2,0
92,0,10.787214,4.5,10,0,3,0
93,0,10.599964,2.8,10,1,1,0
94,0,10.280773,3.6,8,0,3,0
95,0,10.840751,5.0,8,0,2,0
96,0,11.052507,4.8,8,0,5,0
97,0,10.65334,4.5,7,0,2,0
98,0,10.338464,6.2,7,0,0,0
99,0,10.708192,3.3,12,2,0,0
100,1,10.348194,4.8,8,0,0,0
101,1,11.021232,3.8,10,0,3,0
102,1,10.605906,4.6,7,0,1,0
103,1,10.649509,3.8,10,0,1,0
104,1,10.386903,5.6,7,0,0,0
105,1,10.741169,3.9,13,0,3,0
106,0,10.541059,2.8,10,2,0,0
107,0,11.081039,4.6,10,0,3,0
108,1,10.771101,2.7,10,0,0,0
109,0,12.285946,5.8,12,0,0,0
110,0,10.778364,2.7,12,2,0,0
111,0,10.669682,5.2,10,0,0,0
112,1,10.784824,3.1,9,0,3,0
113,1,11.269807,3.5,11,0,2,0
114,1,11.34666,3.4,12,0,1,0
115,1,10.825946,5.7,4,0,0,0
116,0,11.013918,4.4,10,0,2,0
117,0,9.574635,5.6,7,0,1,0
118,1,10.528624,3.4,4,0,3,0
119,1,10.741468,2.7,16,1,0,0
120,0,10.75483,4.4,9,0,3,0
121,1,10.830751,3.3,12,2,0,0
122,0,10.490775,5.2,9,0,2,0
123,0,10.363387,2.6,8,1,0,0
124,0,10.812684,2.8,9,0,2,0
125,0,10.763303,4.6,8,2,1,0
126,1,10.700171,4.2,9,0,2,0
127,0,10.446508,2.4,6,1,0,0
128,1,10.449971,2.1,8,0,0,0
129,0,10.663366,5.8,4,0,0,0
130,1,10.925736,4.7,8,0,4,0
131,0,10.865444,3.7,8,0,2,0
132,1,11.41671,3.1,11,1,0,0
133,1,10.819836,5.7,8,0,0,0
134,1,10.963413,3.8,9,0,2,0
135,0,9.263988,2.2,13,1,0,0
136,1,10.74062,4.0,8,0,2,0
137,0,11.329038,4.0,11,0,1,0
138,1,11.175732,3.5,9,0,2,0
139,0,11.1317,3.7,9,0,2,0
140,1,10.666515,5.4,12,0,0,0
141,0,11.086339,5.2,10,0,0,0
142,1,10.569454,3.1,11,0,2,0
143,0,11.03635,4.6,10,0,2,0
144,0,10.740618,4.4,6,1,1,0
145,0,10.620524,2.5,10,1,0,0
146,0,10.871253,2.7,9,1,0,0
147,1,10.664763,4.5,9,0,1,0
148,0,11.86487,3.1,15,0,2,0
149,1,10.639207,3.1,13,0,2,0
150,1,10.665111,3.4,14,0,2,0
151,1,10.937405,3.7,11,0,2,0
152,1,11.115698,5.1,8,0,0,0
153,0,10.392553,5.2,9,0,0,0
154,0,10.916087,3.4,8,0,2,0
155,1,10.530598,4.5,11,0,2,0
156,1,11.049862,2.6,14,1,0,0
157,0,10.961591,4.0,9,0,1,0
158,0,10.782629,4.4,10,0,2,0
159,0,10.893155,2.8,13,2,0,0
160,0,10.637464,4.1,8,1,3,0
161,0,10.804152,5.8,10,0,0,0
162,0,10.881099,3.5,10,0,1,0
163,0,11.995501,5.6,12,0,0,0
164,1,11.216231,4.0,13,0,4,0
165,0,10.510004,3.4,9,1,1,0
166,0,10.459609,2.9,14,1,1,0
167,1,10.763969,3.7,13,0,2,0
168,1,10.755772,2.6,12,0,0,0
169,0,10.689363,4.3,8,0,3,0
170,1,11.065612,3.8,9,0,3,0
171,1,10.693192,4.7,8,0,1,0
172,0,10.604953,5.3,8,0,3,0
173,0,10.401214,5.4,8,0,0,0
174,0,10.61778,3.9,11,2,0,0
175,1,10.833661,3.4,10,0,0,0
176,0,10.02621,5.4,8,0,1,0
177,0,10.746228,3.1,9,2,0,0
178,0,10.933002,3.5,8,0,4,0
179,1,10.84025,3.7,12,1,1,0
180,0,10.714731,4.0,8,0,2,0
181,0,10.612391,2.4,8,2,0,0
182,0,11.07683,3.3,12,1,0,0
183,1,11.128016,4.9,9,0,3,0
184,0,10.522886,3.0,12,0,2,0
185,0,10.659896,6.1,9,0,0,0
186,0,11.733083,3.2,13,2,1,0
187,0,10.91997,3.9,8,0,5,0
188,0,10.514121,4.0,8,0,2,0
189,0,11.069464,2.7,10,0,2,0
190,0,10.619196,2.0,9,1,0,0
191,0,10.562078,4.3,11,0,2,0
192,1,10.905702,3.2,13,1,1,0
193,0,10.95099,3.4,11,0,2,0
194,1,10.50612,4.6,8,0,2,0
195,0,11.047871,4.4,5,0,1,0
196,0,10.574165,3.6,8,0,3,0
197,1,11.193011,4.5,12,0,2,0
198,0,10.984266,3.3,12,1,0,0
199,0,11.334915,5.5,4,0,0,0
200,0,10.851937,3.6,12,0,2,0
201,1,10.404555,3.7,8,0,0,0
202,0,10.988086,3.9,11,0,2,0
203,0,10.864314,5.3,8,0,0,0
204,0,10.523238,2.2,9,1,0,0
205,0,10.820928,3.3,12,0,2,0
206,1,10.162354,4.0,10,0,0,0
207,0,11.198758,5.7,12,0,0,0
208,0,11.225668,2.9,10,1,2,0
209,1,10.893887,4.7,8,0,0,0
210,1,10.641333,4.1,10,0,0,0
211,0,10.850221,4.1,8,0,2,0
212,1,10.660521,3.1,12,0,0,0
213,0,11.349021,4.3,12,0,1,0
214,0,11.242483,5.1,8,0,1,0
215,1,11.159617,3.6,10,0,2,0
216,1,10.911874,3.9,10,0,1,0
217,1,10.507997,3.0,8,0,2,0
218,0,10.975945,3.0,21,2,0,0
219,0,10.368614,2.4,2,0,0,0
220,0,10.567141,4.9,8,0,1,0
221,0,10.445417,4.9,9,0,0,0
222,0,10.518592,3.0,8,0,2,0
223,1,10.700863,4.0,9,0,4,0
224,0,10.596668,4.4,6,0,0,0
225,0,11.197492,2.9,13,1,1,0
226,0,10.939767,2.8,13,1,0,0
227,1,10.557954,4.3,10,0,1,0
228,0,10.75464,2.9,10,2,2,0
229,1,10.464695,4.4,7,1,1,0
230,0,10.954447,4.2,12,0,3,0
231,1,10.800645,4.5,8,0,6,0
232,0,9.774489,5.7,8,0,1,0
233,0,11.043071,5.1,8,0,0,0
234,1,10.949314,4.4,11,0,1,0
235,0,10.015288,5.5,7,0,2,0
236,0,11.499515,5.5,14,0,0,0
237,1,10.606732,4.8,10,0,1,0
238,0,10.647289,4.5,9,0,3,0
239,0,10.513616,5.4,11,0,0,0
240,0,11.226845,5.6,12,0,0,0
241,1,10.698781,3.3,13,2,0,0
242,0,10.873052,4.0,10,0,3,0
243,0,10.518034,5.4,7,0,2,0
244,0,10.398972,5.6,4,0,0,0
245,0,11.12097,4.0,9,0,2,0
246,1,10.160162,4.2,8,0,3,0
247,0,11.189876,5.0,14,0,1,0
248,1,10.580379,4.9,9,0,0,0
249,0,10.807338,5.8,8,0,0,0
250,1,9.761367,5.8,8,0,0,0
251,0,10.67489,5.7,4,0,0,0
252,0,10.688645,5.4,4,0,0,0
253,0,10.185521,5.9,8,0,0,0
254,1,11.672285,5.1,18,0,1,0
255,0,10.795038,2.6,12,1,0,0
256,1,10.972098,4.3,10,0,2,0
257,0,10.556449,3.8,9,0,2,0
258,1,10.704404,3.9,8,0,2,0
259,1,10.428636,5.3,9,0,0,0
260,0,11.051191,3.8,10,0,1,0
261,1,10.851682,4.8,7,0,0,0
262,1,10.482903,4.1,9,0,0,0
263,0,10.788455,5.5,12,0,0,0
264,0,10.535781,3.0,13,1,0,0
265,1,10.131345,5.8,8,0,0,0
266,0,10.413317,2.8,8,2,0,0
267,1,10.550204,3.6,15,0,0,0
268,0,10.678824,5.0,4,0,1,0
269,0,10.845567,2.7,10,1,1,0
270,1,10.326767,5.5,8,0,0,0
271,0,10.756853,2.8,12,1,0,0
272,1,10.687163,4.5,8,0,2,0
273,1,10.69541,3.9,4,0,0,0
274,1,10.447811,3.0,9,0,1,0
275,1,11.010256,5.3,8,0,0,0
276,0,10.704237,2.3,10,2,0,0
277,0,10.913541,5.8,13,0,0,0
278,0,10.23621,4.4,9,0,1,0
279,0,11.76194,5.2,9,0,1,0
280,0,10.485152,2.4,12,1,0,0
281,1,11.147722,4.8,9,0,0,0
282,0,11.153504,3.8,11,0,2,0
283,0,10.645516,5.6,11,0,0,0
284,1,10.777797,5.0,8,0,0,0
285,1,10.986342,4.3,14,0,3,0
286,0,10.628565,2.8,10,0,2,0
287,0,10.916267,5.6,12,0,0,0
288,1,10.702699,3.6,12,0,2,0
289,0,10.952528,4.7,11,0,1,0
290,1,10.382414,3.7,11,0,0,0
291,0,10.698292,4.6,11,0,0,0
292,0,11.051727,5.7,9,0,0,0
293,0,10.656841,3.3,10,0,2,0
294,0,10.554549,4.7,8,0,2,0
295,0,11.692279,4.5,14,0,2,0
296,1,11.472848,4.2,13,0,3,0
297,0,11.656427,3.3,11,2,2,0
298,1,10.696645,4.5,12,0,2,0
299,1,10.839479,3.9,9,0,1,0
300,1,10.795194,3.3,10,0,3,0
301,1,10.379617,2.9,4,1,1,0
302,1,10.886384,4.4,13,0,2,0
303,0,11.363417,3.3,15,0,3,0
304,0,11.132031,2.6,11,1,0,0
305,1,10.899869,3.2,12,0,0,0
306,0,11.160232,2.9,12,1,2,0
307,1,10.058137,6.0,9,0,0,0
308,1,10.73593,3.9,11,0,2,0
309,1,9.680395,4.7,9,0,0,0
310,0,11.150011,3.4,8,0,3,0
311,1,7.186901,5.7,12,0,0,0
312,0,10.762847,3.3,12,0,2,0
313,0,10.641994,5.6,8,0,0,0
314,1,10.821105,5.5,9,0,0,0
315,0,11.697144,3.7,13,0,3,0
316,1,10.867016,5.4,8,0,0,0
317,1,11.597597,3.3,14,1,2,0
318,0,11.34655,5.2,4,0,1,0
319,1,10.440166,2.5,13,0,0,0
320,1,10.786756,4.7,8,0,1,0
321,0,10.693526,4.2,9,0,2,0
322,0,10.639603,3.1,12,0,2,0
323,0,10.391253,3.0,11,1,0,0
324,0,11.094102,5.8,4,0,0,0
325,1,9.952297,5.7,15,0,0,0
326,0,10.881145,6.0,8,0,0,0
327,1,10.945509,4.4,11,0,1,0
328,0,10.723123,2.6,8,1,2,0
329,1,10.778036,5.9,12,0,0,0
330,0,10.410974,2.1,12,1,0,0
331,1,10.331526,5.0,9,0,0,0
332,0,11.038619,4.5,9,0,0,0
333,0,10.427884,4.4,8,0,1,0
334,0,9.903508,2.4,8,1,0,0
335,0,10.415019,3.1,10,0,1,0
336,0,11.552967,4.7,7,0,1,0
337,0,10.726891,4.9,7,0,1,0
338,1,10.719912,4.5,3,0,4,0
339,1,10.635413,3.6,9,0,3,0
340,1,10.607927,4.3,8,0,1,0
341,1,10.89815,5.7,8,0,0,0
342,0,10.564245,2.8,10,0,1,0
343,0,11.0089,4.3,12,1,0,0
344,0,10.966264,5.7,11,0,1,0
345,0,11.094889,5.1,8,0,0,0
346,0,10.949635,2.7,12,1,0,0
347,0,11.142022,3.2,14,3,0,0
348,1,10.955511,3.8,12,0,1,0
349,0,9.999619,6.1,11,0,0,0
350,1,10.883356,3.3,11,2,0,0
351,1,10.725962,4.4,11,0,0,0
352,0,10.379433,4.2,8,0,0,0
353,1,10.517781,5.9,8,0,0,0
354,0,10.960598,3.4,8,0,1,0
355,0,11.017487,2.6,13,1,1,0
356,0,10.630611,3.1,11,1,1,0
357,0,10.879928,4.1,9,0,1,0
358,0,10.556337,5.6,11,0,0,0
359,0,10.873372,3.6,12,0,2,0
360,0,10.974541,4.7,12,0,0,0
361,0,11.213668,3.8,12,0,3,0
362,0,10.565516,3.9,9,1,2,0
363,0,10.757045,5.2,8,0,1,0
364,1,10.218074,4.3,4,0,0,0
365,1,10.771807,4.9,11,0,0,0
366,0,10.645901,3.1,16,1,2,0
367,1,10.609652,3.8,11,0,2,0
368,0,10.497103,4.9,4,0,0,0
369,1,11.286425,3.6,11,0,2,0
370,1,10.713582,2.8,10,1,1,0
371,0,11.080241,3.1,12,2,0,0
372,1,10.765547,3.9,12,0,2,0
373,0,11.787341,3.8,14,0,2,0
374,0,11.404879,5.4,13,0,0,0
375,1,10.593832,4.5,12,0,1,0
376,1,10.56617,2.7,8,0,0,0
377,1,11.153773,4.3,9,0,0,0
378,0,10.644508,6.1,8,0,0,0
379,1,10.962912,3.0,15,1,1,0
380,1,10.952085,2.6,10,1,2,0
381,1,11.006509,5.1,12,0,0,0
382,0,10.50368,5.9,9,0,0,0
383,0,10.522554,5.8,14,0,0,0
384,1,10.443773,3.1,11,0,0,0
385,0,10.363842,5.9,4,0,0,0
386,0,10.868344,4.1,9,0,1,0
387,0,10.708355,2.5,10,1,0,0
388,1,10.959935,4.5,11,0,4,0
389,0,10.545824,2.3,12,0,0,0
390,1,10.635506,4.2,10,0,2,0
391,0,10.674844,3.3,8,0,2,0
392,0,10.600635,4.6,8,0,1,0
393,0,10.261245,3.0,4,2,0,0
394,1,10.618609,3.6,10,0,4,0
395,1,10.084304,2.5,12,0,0,0
396,1,11.232703,4.1,12,0,2,0
397,1,10.614631,2.1,10,0,0,0
398,1,10.891872,3.8,12,0,0,0
399,0,10.987128,3.4,9,0,3,0
400,1,10.901279,5.5,8,0,0,0
401,0,10.996947,4.3,11,0,2,0
402,0,10.573843,5.9,8,0,0,0
403,1,10.530697,3.8,12,0,2,0
404,1,10.750773,4.3,9,0,0,0
405,1,10.303822,2.2,8,0,0,0
406,1,11.071775,3.6,11,0,2,0
407,1,10.933235,2.8,9,0,1,0
408,0,10.765986,3.0,9,1,1,0
409,1,10.808117,5.1,11,0,0,0
410,1,11.130052,4.4,9,0,0,0
411,1,10.139643,2.0,11,0,0,0
412,1,10.446164,4.7,12,0,0,0
413,1,10.497118,4.1,7,0,0,0
414,0,10.502569,4.2,8,0,2,0
415,0,10.813208,3.1,10,0,0,0
416,1,10.819643,6.1,4,0,0,0
417,0,10.965238,3.7,8,0,2,0
418,0,10.94079,3.8,12,0,2,0
419,0,10.698575,2.8,12,1,1,0
420,0,10.557849,2.0,12,1,0,0
421,0,10.869824,5.1,8,0,0,0
422,1,10.486398,2.1,9,0,0,0
423,0,10.651588,2.2,12,1,0,0
424,1,10.741222,2.6,9,0,0,0
425,0,10.63413,5.7,9,0,0,0
426,1,10.576883,3.4,9,0,2,0
427,0,11.29929,2.8,12,0,0,0
428,1,10.480109,3.2,10,2,0,0
429,0,10.453177,2.1,14,1,0,0
430,1,10.471801,3.8,9,0,1,0
431,0,9.743722,6.1,4,0,0,0
432,0,10.639916,4.3,9,0,0,0
433,0,10.621275,2.8,12,3,1,0
434,1,10.842806,2.7,11,1,0,0
435,0,11.257013,3.4,17,1,0,0
436,1,10.245578,4.0,9,0,6,0
437,0,10.954252,4.9,9,0,0,0
438,0,10.986144,3.1,11,2,0,0
439,0,10.479591,2.6,10,2,0,0
440,1,10.616295,4.0,6,0,3,0
441,1,10.464226,3.7,8,0,3,0
442,0,10.482289,2.1,11,1,0,0
443,1,10.692477,3.3,9,0,3,0
444,1,10.110817,3.4,16,0,2,0
445,1,10.775342,2.3,12,0,0,0
446,1,10.511332,3.9,8,0,3,0
447,0,10.908272,5.2,10,0,1,0
448,0,11.270174,3.5,3,0,2,0
449,0,11.305993,5.6,12,0,0,0
450,0,11.344299,5.1,10,0,0,0
451,1,10.563152,4.3,9,0,1,0
452,1,10.758702,5.2,8,0,0,0
453,0,10.77885,4.9,10,0,0,0
454,1,10.779335,3.6,10,0,2,0
455,1,10.517219,2.3,15,0,0,0
456,0,11.410587,4.2,5,0,2,0
457,0,10.5381,5.8,8,0,0,0
458,0,10.406401,5.7,9,0,0,0
459,0,10.924246,3.4,12,0,2,0
460,0,10.549157,5.6,13,0,0,0
461,0,10.835671,5.8,10,0,0,0
462,0,10.43276,6.0,12,0,0,0
463,1,11.244346,4.9,11,0,0,0
464,1,10.714287,5.0,12,0,0,0
465,0,11.07037,4.1,12,0,2,0
466,0,11.762758,4.6,12,0,1,0
467,1,10.560963,2.8,12,2,0,0
468,1,10.706676,3.3,13,0,0,0
469,0,10.741618,3.3,12,0,1,0
470,1,10.465761,2.7,13,1,1,0
471,0,10.850747,5.1,10,0,0,0
472,1,10.507702,5.1,5,0,1,0
473,0,10.205067,6.0,9,0,0,0
474,0,10.722933,2.9,12,2,0,0
475,1,10.699512,2.8,14,0,2,0
476,1,10.935753,3.5,12,0,2,0
477,0,12.247989,3.5,16,1,2,0
478,0,10.840948,4.8,9,0,0,0
479,0,10.809457,3.2,10,0,2,0
480,1,11.275831,3.5,12,0,2,0
481,1,10.659463,2.7,5,1,0,0
482,1,10.520523,2.6,13,2,0,0
483,1,10.539925,3.6,16,0,1,0
484,0,11.121529,4.0,11,0,4,0
485,0,10.109396,2.6,7,2,0,0
486,1,10.494469,2.0,12,0,0,0
487,0,10.711324,3.9,10,1,3,0
488,0,10.446385,2.8,9,1,0,0
489,1,10.852547,4.2,14,0,2,0
490,0,10.805715,2.3,12,1,0,0
491,0,10.628192,2.4,9,2,0,0
492,0,10.49979,2.5,16,2,0,0
493,1,10.723695,3.4,12,0,1,0
494,0,10.999623,3.7,9,0,2,0
495,1,10.261038,4.9,15,0,0,0
496,1,9.866105,3.6,9,0,2,0
497,1,10.580137,3.7,8,0,2,0
498,1,10.550487,2.8,13,1,1,0
499,1,10.627829,4.3,5,0,2,0
500,1,10.4651,5.2,5,0,0,0
501,1,10.465806,3.5,13,0,2,0
502,0,10.630966,5.5,10,0,0,0
503,0,10.434609,5.7,5,0,0,0
504,0,10.625388,4.4,9,0,2,0
505,0,10.680572,2.5,10,2,0,0
506,1,10.892263,3.8,14,0,3,0
507,1,10.230812,3.7,9,0,1,0
508,0,10.948595,4.9,8,0,1,0
509,0,10.878098,4.6,10,0,0,0
510,1,10.521214,2.7,13,0,1,0
511,1,10.143847,5.1,9,0,0,0
512,1,10.590745,4.8,11,0,2,0
513,0,10.49173,2.6,11,1,2,0
514,1,9.555266,4.4,13,0,0,0
515,0,10.738894,5.0,11,0,0,0
516,0,10.625338,4.8,6,0,0,0
517,1,10.729806,4.1,10,0,2,0
518,1,11.3456,3.8,12,0,0,0
519,1,10.881607,3.5,13,0,1,0
520,1,10.738787,4.2,15,0,1,0
521,1,10.63154,4.5,11,0,2,0
522,1,10.513256,4.4,9,0,1,0
523,0,10.930967,5.6,12,0,0,0
524,1,11.219622,2.9,13,1,0,0
525,1,10.705048,4.6,12,0,1,0
526,0,10.673697,3.3,11,1,1,0
527,0,11.045694,2.8,14,1,1,0
528,0,10.832491,5.0,14,0,0,0
529,1,10.761609,2.7,14,0,0,0
530,1,10.724068,3.8,11,0,0,0
531,0,10.623711,5.0,5,0,0,0
532,1,10.494012,2.1,11,1,0,0
533,0,10.452885,2.4,7,1,1,0
534,0,10.09352,5.5,9,0,0,0
535,0,11.456245,3.8,11,0,2,0
536,0,10.850163,3.3,7,0,2,0
537,0,10.813476,6.0,10,0,0,0
538,0,10.763189,5.3,6,0,0,0
539,0,11.02583,2.9,11,1,0,0
540,1,10.077104,4.0,10,0,1,0
541,1,10.66022,3.9,12,0,2,0
542,1,10.801198,3.4,14,1,1,0
543,1,10.59889,4.8,4,0,1,0
544,1,10.449333,3.5,13,0,0,0
545,0,11.346352,3.0,9,1,0,0
546,0,11.659979,2.5,11,1,0,0
547,0,9.937027,5.9,9,0,0,0
548,0,11.064019,5.1,19,0,2,0
549,0,10.5383,3.9,9,0,2,0
550,0,10.69059,5.9,10,0,0,0
551,0,10.65591,4.0,8,0,2,0
552,0,9.398499,3.6,8,1,0,0
553,0,10.649899,4.8,8,0,2,0
554,0,10.526564,2.1,11,1,0,0
555,0,10.236696,5.8,5,0,0,0
556,0,10.225496,6.0,8,0,0,0
557,0,11.047337,4.8,11,0,1,0
558,1,11.304028,3.5,13,0,1,0
559,0,10.554331,4.9,11,0,0,0
560,1,10.260208,4.4,7,0,1,0
561,0,11.383919,4.7,13,0,0,0
562,0,10.737768,5.3,8,0,0,0
563,0,10.888288,4.6,12,0,2,0
564,0,11.816648,5.4,13,0,2,0
565,0,9.994667,5.9,11,0,0,0
566,0,10.754622,5.7,10,0,0,0
567,0,10.44249,4.2,5,0,0,0
568,0,10.009821,6.2,11,0,0,0
569,0,10.583045,4.6,4,0,2,0
570,0,10.811378,3.5,12,0,2,0
571,0,10.958915,3.2,12,2,0,0
572,0,9.946032,3.5,12,0,2,0
573,0,10.498668,4.0,11,0,2,0
574,1,10.5957,2.5,14,0,0,0
575,0,10.525842,4.0,12,0,1,0
576,0,10.783294,2.9,10,0,0,0
577,0,11.11614,3.7,11,0,2,0
578,0,11.151357,5.3,5,0,1,0
579,0,9.824778,6.0,9,0,0,0
580,1,9.895686,4.2,9,0,3,0
581,0,10.655496,3.2,12,0,3,0
582,0,9.763989,5.9,5,0,0,0
583,1,9.878902,4.5,8,0,1,0
584,0,11.134995,5.1,8,0,1,0
585,1,10.401523,3.5,8,0,0,0
586,0,10.749253,2.8,11,0,0,0
587,0,10.333153,5.7,5,0,0,0
588,1,10.823801,2.6,7,1,0,0
589,1,10.321485,4.2,5,0,0,0
590,0,10.656044,3.1,12,1,1,0
591,0,10.657436,5.5,8,0,0,0
592,0,10.846169,4.2,15,0,2,0
593,0,11.078196,4.0,11,0,3,0
594,0,10.453034,4.7,11,0,0,0
595,0,10.654172,4.7,9,0,1,0
596,1,10.646433,2.6,13,1,0,0
597,0,11.280745,4.4,9,1,0,0
598,0,10.583034,2.3,9,0,1,0
599,0,10.871061,5.0,8,0,0,0
600,0,10.263108,5.8,12,0,0,0
601,1,11.067098,4.0,9,0,2,0
602,1,10.517282,3.3,12,0,2,0
603,1,11.172825,3.0,15,0,0,0
604,0,10.596755,3.1,12,1,0,0
605,0,11.797981,3.1,12,2,0,0
606,1,10.552378,3.3,9,1,1,0
607,0,10.794188,3.5,12,0,2,0
608,1,10.139508,2.6,11,0,0,0
609,0,10.855759,2.4,14,1,0,0
610,0,10.96235,6.1,5,0,0,0
611,0,10.757639,2.9,10,0,1,0
612,1,9.554492,5.9,8,0,0,0
613,0,10.505683,2.7,12,1,0,0
614,0,9.855987,6.2,11,0,0,0
615,1,10.790935,4.4,12,0,0,0
616,1,10.652796,3.6,10,0,0,0
617,0,10.539981,4.0,11,0,2,0
618,0,11.339795,4.8,10,0,1,0
619,1,11.224238,3.5,16,0,2,0
620,0,11.109163,3.2,12,1,1,0
621,0,10.866395,3.2,12,1,0,0
622,0,11.186703,4.9,8,0,0,0
623,1,10.192269,4.3,11,0,1,0
624,0,12.37565,3.9,12,0,4,0
625,0,10.472476,2.7,11,1,1,0
626,0,12.281528,4.2,12,0,3,0
627,0,10.537006,5.6,12,0,1,0
628,0,10.899256,3.1,13,0,3,0
629,1,10.658714,3.7,4,0,2,0
630,0,10.441724,3.8,8,0,1,0
631,0,10.407655,5.1,8,0,0,0
632,0,10.694172,5.0,9,0,0,0
633,0,9.886124,6.0,5,0,0,0
634,1,10.479397,3.5,9,0,2,0
635,1,11.072008,3.5,11,0,2,0
636,1,10.455375,4.5,8,0,2,0
637,0,10.657366,2.4,11,2,0,0
638,0,10.452542,3.5,8,1,1,0
639,1,10.408072,3.2,17,1,0,0
640,1,10.242023,3.3,12,0,2,0
641,0,10.594236,4.6,8,0,1,0
642,0,11.764058,5.0,5,0,2,0
643,0,10.828298,3.2,12,0,0,0
644,0,10.255769,5.8,8,0,0,0
645,0,10.703698,4.1,8,0,2,0
646,0,10.915251,3.4,6,0,2,0
647,0,10.522782,2.1,4,1,0,0
648,0,10.271325,5.6,13,0,0,0
649,0,10.226447,3.4,8,0,3,0
650,0,10.265912,3.7,10,0,1,0
651,0,11.016894,3.1,12,0,1,0
652,0,10.607904,2.2,11,1,0,0
653,0,10.711562,3.2,11,1,1,0
654,1,10.83166,4.1,8,0,3,0
655,0,10.759536,3.7,12,0,4,0
656,0,10.591802,2.9,10,0,0,0
657,1,10.616046,4.6,9,0,1,1
658,1,10.391358,2.6,7,2,0,1
659,1,10.795493,4.4,9,0,0,1
660,1,10.38051,4.8,4,0,0,1
661,1,10.564662,3.4,4,0,3,1
662,0,10.698279,3.4,12,1,2,1
663,0,10.610146,4.8,5,0,0,1
664,1,10.684275,2.8,6,1,2,1
665,1,10.626887,3.2,5,0,2,1
666,1,10.409648,5.0,4,0,3,1
667,1,10.543944,3.6,5,2,1,1
668,1,11.22967,5.0,12,0,0,1
669,0,10.503701,2.5,11,2,0,1
670,1,10.696332,3.0,11,3,0,1
671,1,10.421497,2.5,5,0,2,1
672,1,10.59306,3.2,8,1,1,1
673,1,10.531076,2.9,10,1,1,1
674,0,10.5864,4.4,7,0,2,1
675,1,10.447639,4.0,5,0,3,1
676,0,10.633358,5.2,12,0,0,1
677,1,10.619115,2.7,8,2,1,1
678,1,10.814894,3.2,8,0,1,1
679,0,10.633692,3.0,12,2,0,1
680,1,10.495332,4.0,5,0,1,1
681,1,10.69087,4.7,4,0,0,1
682,1,10.389276,4.8,4,0,1,1
683,1,10.506461,3.6,6,0,1,1
684,1,10.806028,3.8,10,0,1,1
685,1,10.605672,3.8,3,0,1,1
686,0,10.439596,4.8,11,0,0,1
687,1,10.422506,4.1,7,0,0,1
688,1,10.436939,3.9,4,0,2,1
689,0,10.630927,3.1,9,2,0,1
690,0,10.945442,3.2,7,0,2,1
691,0,10.902927,4.1,4,1,1,1
692,1,10.706151,3.6,5,0,2,1
693,1,10.56807,3.8,3,0,3,1
694,1,10.255037,5.7,3,0,0,1
695,1,10.577855,3.4,8,0,2,1
696,1,10.562634,4.2,5,0,3,1
697,1,10.89776,3.2,11,0,0,1
698,1,10.181681,4.8,5,0,2,1
699,1,10.391575,2.2,9,2,0,1
700,0,10.551271,3.1,8,0,2,1
701,1,10.573802,2.6,4,0,0,1
702,1,10.688289,4.3,11,0,1,1
703,1,10.486849,4.4,4,0,2,1
704,1,10.108172,4.5,4,0,1,1
705,1,10.638368,2.9,5,1,1,1
706,1,10.368427,4.6,4,0,0,1
707,1,10.678598,3.1,5,1,1,1
708,1,10.599005,2.1,11,0,0,1
709,1,11.165198,4.1,12,0,1,1
710,0,10.614234,2.8,8,1,2,1
711,0,10.705376,3.9,2,1,0,1
712,1,10.433034,4.5,3,0,1,1
713,0,10.321651,4.9,4,0,1,1
714,1,10.574284,4.2,10,0,2,1
715,0,9.737393,5.9,4,0,0,1
716,1,10.599734,5.4,5,0,0,1
717,1,10.277369,3.3,7,0,3,1
718,0,10.472802,2.4,9,1,1,1
719,1,10.349497,3.5,5,0,0,1
720,1,10.559267,4.9,8,0,0,1
721,0,10.587798,4.8,5,1,2,1
722,1,10.363468,4.1,5,0,0,1
723,1,10.422002,3.7,5,0,2,1
724,1,10.472802,3.8,9,0,4,1
725,1,10.56164,4.2,7,0,1,1
726,0,11.587482,4.6,11,0,1,1
727,1,10.460904,3.3,5,0,2,1
728,0,11.600476,5.5,15,0,0,1
729,1,10.464381,5.0,5,0,2,1
730,1,10.379642,2.2,6,1,0,1
731,0,10.501483,4.0,5,0,2,1
732,0,10.506813,4.7,5,0,1,1
733,1,10.628378,5.0,10,0,0,1
734,1,10.610259,2.8,8,0,2,1
735,0,10.612646,3.9,5,0,3,1
736,1,10.696993,3.6,12,0,2,1
737,1,10.710382,3.9,4,0,2,1
738,1,10.437066,4.8,4,0,0,1
739,0,10.568229,2.9,5,2,0,1
740,1,10.558129,4.6,5,0,0,1
741,1,10.378959,5.8,5,0,0,1
742,0,10.476105,2.5,5,1,0,1
743,0,10.603369,2.9,5,1,2,1
744,1,10.49096,2.1,11,0,0,1
745,1,10.600079,3.1,5,0,1,1
746,1,10.536475,3.5,4,0,2,1
747,1,10.831383,3.0,5,0,2,1
748,1,10.461597,3.1,8,1,0,1
749,1,10.49143,3.4,12,1,1,1
750,1,10.444563,2.8,11,3,0,1
751,1,10.530988,4.1,2,0,2,1
752,0,11.254684,5.9,8,0,0,1
753,1,10.644262,2.7,9,1,2,1
754,0,11.134107,5.4,16,0,0,1
755,0,11.163557,4.0,11,1,1,1
756,1,10.748157,3.5,7,0,1,1
757,1,10.424117,3.9,5,0,3,1
758,0,10.358268,4.3,5,0,2,1
759,1,10.546735,3.6,8,0,2,1
760,1,10.167575,4.6,4,0,0,1
761,1,10.232409,4.4,4,0,0,1
762,1,10.415019,4.4,6,0,0,1
763,1,9.439709,2.9,1,2,0,1
764,1,10.526048,3.2,10,1,2,1
765,1,10.169228,5.5,5,0,0,1
766,1,10.403554,3.4,5,0,2,1
767,1,10.375732,3.7,8,1,1,1
768,1,10.51803,2.6,5,0,1,1
769,0,11.197707,3.8,12,0,1,1
770,0,10.387608,4.5,8,0,1,1
771,0,10.592153,3.4,8,0,2,1
772,1,10.554045,3.6,6,0,2,1
773,1,10.591844,2.6,10,0,2,1
774,1,10.406093,4.0,5,1,1,1
775,0,10.680139,4.0,9,0,1,1
776,0,9.281793,5.7,5,0,0,1
777,0,10.529899,2.5,8,2,0,1
778,1,10.524458,3.0,8,0,1,1
779,1,10.645608,2.5,7,1,1,1
780,1,10.610342,4.3,2,0,2,1
781,0,11.292684,4.6,10,0,1,1
782,0,10.5143,2.6,7,1,1,1
783,1,10.364109,2.3,4,1,0,1
784,1,10.678174,3.2,8,0,2,1
785,1,10.676672,3.4,13,0,2,1
786,1,10.451906,3.3,3,1,1,1
787,1,10.493905,2.5,6,0,1,1
788,1,10.933745,3.9,11,0,2,1
789,1,10.220448,3.2,9,1,0,1
790,1,10.279145,4.7,5,0,0,1
791,1,10.376983,4.6,9,0,1,1
792,1,10.548088,4.1,8,0,2,1
793,1,10.457786,2.5,5,2,1,1
794,1,10.507745,3.9,10,0,1,1
795,1,10.474064,5.1,3,0,0,1
796,1,10.325908,5.1,10,0,0,1
797,1,10.399045,4.9,16,0,0,1
798,1,10.339881,3.5,8,1,2,1
799,0,10.522865,2.7,7,1,1,1
800,0,10.114141,4.7,4,0,1,1
801,0,10.522161,3.0,8,3,0,1
802,0,10.414384,3.2,5,2,1,1
803,1,10.491921,3.4,8,0,3,1
804,1,10.202841,4.1,4,0,0,1
805,1,10.465267,2.6,6,1,2,1
806,0,10.60335,3.3,8,2,0,1
807,1,9.546312,4.9,6,0,3,1
808,0,10.420614,4.1,6,0,3,1
809,1,11.002878,3.7,9,0,2,1
810,1,10.446016,4.0,3,0,2,1
811,1,10.31609,5.0,6,0,1,1
812,1,10.400943,2.9,8,0,2,1
813,0,9.701465,2.6,4,1,1,1
814,1,10.481405,3.1,8,0,1,1
815,1,10.109776,3.2,5,0,1,1
816,1,10.656443,4.4,5,0,1,1
817,0,10.527389,2.3,8,1,0,1
818,0,10.2496,2.4,8,1,0,1
819,0,10.742908,2.7,8,1,1,1
820,1,10.440141,2.8,8,0,1,1
821,0,10.421623,5.2,4,0,1,1
822,0,10.57064,4.7,12,0,2,1
823,0,10.695252,4.2,8,0,2,1
824,1,10.364536,4.2,5,0,1,1
825,1,10.327931,4.7,4,0,0,1
826,1,10.177955,3.6,5,0,1,1
827,1,10.226662,4.1,8,0,0,1
828,0,10.417757,3.8,3,1,1,1
829,0,11.466458,3.6,13,0,2,1
830,1,10.362868,2.5,8,1,0,1
831,0,10.412528,4.7,5,0,1,1
832,1,10.417331,4.4,7,0,1,1
833,0,10.483624,4.4,2,0,1,1
834,1,10.451833,4.7,8,0,0,1
835,1,10.187326,2.0,5,1,0,1
836,0,10.541466,4.1,8,0,1,1
837,0,10.74696,5.0,7,0,1,1
838,1,10.442706,3.6,4,1,1,1
839,1,10.307899,2.0,8,0,0,1
840,0,10.50997,2.8,6,2,0,1
841,1,10.302572,4.4,7,0,0,1
842,1,10.50766,3.5,9,0,2,1
843,1,10.662906,4.6,15,0,1,1
844,1,10.656736,2.6,9,1,0,1
845,1,10.554351,3.1,8,0,2,1
846,0,10.500807,4.9,5,0,1,1
847,0,10.31735,5.5,5,0,0,1
848,1,10.728559,4.0,4,0,1,1
849,0,10.010429,5.7,6,0,1,1
850,1,10.474912,5.1,5,0,2,1
851,1,11.356841,5.6,3,0,0,1
852,1,10.483732,3.3,2,1,3,1
853,1,10.752502,4.1,5,0,2,1
854,0,10.559347,3.2,12,1,0,1
855,0,10.215829,2.5,11,1,0,1
856,1,11.574043,4.7,13,0,0,1
857,1,10.806046,3.1,16,2,0,1
858,0,10.945839,3.3,14,0,2,1
859,1,10.379906,2.8,5,0,2,1
860,1,10.775556,3.8,11,0,0,1
861,1,10.528899,3.4,9,1,1,1
862,1,10.468534,3.3,6,0,2,1
863,0,11.110955,3.5,10,1,1,1
864,0,10.471365,5.1,9,0,1,1
865,0,10.147503,4.1,5,1,0,1
866,1,10.69323,3.5,9,0,2,1
867,1,10.027595,4.2,14,0,0,1
868,0,10.597393,2.4,4,2,1,1
869,1,10.377773,4.8,8,0,0,1
870,0,10.13374,2.4,6,2,0,1
871,1,10.932351,4.1,10,0,1,1
872,0,11.220691,5.1,10,0,0,1
