,state,sex,diag,death,status,T.categ,age
1,0,1,10905,11081,1,3,35
2,0,1,11029,11096,1,3,53
3,0,1,9551,9983,1,3,42
4,0,1,9577,9654,1,1,44
5,0,1,10015,10290,1,3,39
6,0,1,9971,10344,1,3,36
7,0,1,10746,11135,1,7,36
8,0,1,10042,11069,1,3,31
9,0,1,10464,10956,1,3,26
10,0,1,10439,10873,1,4,27
11,0,1,10416,10432,1,3,45
12,0,1,10216,10524,1,3,36
13,0,1,10385,10477,1,3,27
14,0,1,10366,10631,1,3,35
15,0,1,10452,11504,0,3,30
16,0,1,10552,10684,1,3,39
17,0,1,10673,11200,1,3,30
18,0,1,10923,11504,0,1,21
19,0,1,10993,11504,0,3,56
20,0,1,11020,11171,1,3,41
21,0,1,10805,10877,1,3,28
22,0,1,10996,11504,0,3,38
23,0,1,10738,11504,0,2,26
24,0,1,11063,11504,0,5,39
25,0,1,10885,11196,1,3,46
26,0,1,11056,11504,0,1,13
27,0,1,11283,11504,0,3,34
28,0,1,11195,11504,0,2,39
29,0,1,10848,11504,0,3,31
30,0,1,11289,11504,0,6,1
31,0,0,10961,11504,0,5,30
32,0,1,11311,11312,1,0,37
33,0,1,11337,11504,0,3,38
34,0,1,11458,11463,1,3,33
35,0,1,11480,11504,0,3,30
36,0,1,11462,11504,0,3,40
37,0,1,8302,8469,1,3,51
38,0,1,8711,8850,1,3,29
39,0,1,8726,9254,1,4,29
40,0,1,8760,8959,1,4,37
41,0,1,8802,8879,1,3,46
42,0,1,8877,9180,1,3,37
43,0,1,9011,9696,1,0,54
44,0,1,8990,9175,1,3,30
45,0,1,9063,9172,1,0,25
46,0,1,9003,9109,1,4,26
47,0,1,9022,9218,1,3,41
48,0,1,8985,9254,1,3,41
49,0,1,9030,9781,1,3,27
50,0,1,9086,9314,1,3,35
51,0,1,9015,9943,1,3,35
52,0,1,9009,9350,1,3,25
53,0,1,8970,9240,1,3,34
54,0,1,9171,9309,1,3,35
55,0,1,9087,9598,1,3,33
56,0,1,9115,9686,1,3,31
57,0,1,9065,9262,1,3,43
58,0,1,9104,9126,1,3,59
59,0,1,9028,9532,1,3,31
60,0,1,9101,9268,1,3,41
61,0,1,9096,9226,1,3,34
62,0,1,9128,9660,1,3,37
63,0,1,9125,9207,1,3,31
64,0,1,9083,9682,1,3,37
65,0,1,9150,9285,1,3,38
66,0,0,9014,9152,1,0,44
67,0,1,9157,9962,1,3,41
68,0,1,9098,9418,1,3,41
69,0,1,8913,9082,1,3,32
70,0,1,9141,9222,1,3,40
71,0,1,9158,9920,1,3,23
72,0,1,9167,10461,1,3,42
73,0,1,9244,9379,1,3,33
74,0,1,9138,9565,1,3,47
75,0,1,9222,9536,1,3,52
76,0,1,9272,9290,1,3,35
77,0,1,9131,9392,1,3,38
78,0,1,9236,10013,1,3,23
79,0,1,9145,9250,1,3,45
80,0,1,8964,9300,1,1,48
81,0,1,9207,9768,1,3,32
82,0,1,9240,9447,1,3,38
83,0,1,9281,9723,1,3,25
84,0,1,9300,9736,1,3,36
85,0,1,9294,10070,1,3,39
86,0,0,9258,9259,1,0,25
87,0,1,9145,9436,1,3,33
88,0,1,9310,9533,1,3,35
89,0,1,9344,11320,1,3,49
90,0,1,9185,9214,1,3,38
91,0,1,9247,9549,1,3,30
92,0,1,9201,9315,1,3,44
93,0,0,9349,9392,1,0,55
94,0,1,9246,9956,1,3,31
95,0,1,9273,10018,1,3,32
96,0,1,9241,9576,1,3,29
97,0,1,9264,9451,1,3,42
98,0,1,9310,9730,1,3,28
99,0,1,9230,9501,1,3,49
100,0,1,9361,10046,1,3,32
101,0,1,9225,9318,1,3,42
102,0,1,9233,9304,1,3,33
103,0,1,9413,9986,1,3,29
104,0,1,9270,10237,1,3,28
105,0,0,9385,9600,1,0,70
106,0,1,9272,9380,1,3,33
107,0,1,9236,10738,1,3,34
108,0,1,9398,9782,1,3,33
109,0,1,9347,9639,1,3,27
110,0,1,9248,9630,1,3,38
111,0,1,9273,10295,1,3,46
112,0,1,9470,9489,1,3,45
113,0,1,9344,9705,1,3,36
114,0,1,9412,9457,1,3,39
115,0,1,9334,9615,1,3,31
116,0,1,9167,9492,1,0,16
117,0,1,9301,9462,1,3,48
118,0,1,9378,9684,1,3,24
119,0,1,9446,10717,1,3,25
120,0,1,9380,9763,1,3,42
121,0,1,9401,9604,1,3,23
122,0,1,9439,9695,1,7,48
123,0,1,9383,10679,1,3,49
124,0,1,9369,9448,1,3,38
125,0,1,9516,9532,1,0,69
126,0,1,9452,9561,1,3,37
127,0,1,9267,9964,1,3,34
128,0,1,9474,9827,1,3,30
129,0,1,9378,9757,1,3,29
130,0,1,9301,9355,1,1,59
131,0,1,9327,9757,1,3,25
132,0,1,9439,9449,1,7,48
133,0,1,9534,9579,1,3,34
134,0,1,9436,9452,1,3,41
135,0,1,9489,9870,1,3,41
136,0,1,9429,9735,1,3,36
137,0,1,9514,9812,1,3,20
138,0,1,9439,9518,1,3,49
139,0,1,9555,11504,0,3,45
140,0,1,9456,9525,1,3,64
141,0,1,9413,9434,1,3,27
142,0,1,9419,9893,1,3,39
143,0,1,9566,9592,1,3,28
144,0,1,9467,9518,1,3,46
145,0,1,9525,9831,1,3,24
146,0,1,9434,9543,1,3,34
147,0,1,9496,9617,1,3,26
148,0,1,9512,9532,1,3,35
149,0,1,9277,9595,1,3,31
150,0,1,9109,9388,1,0,52
151,0,1,9510,9584,1,3,34
152,0,1,9615,9945,1,3,41
153,0,1,9571,9816,1,3,38
154,0,1,9462,9999,1,3,39
155,0,1,9480,10565,1,3,39
156,0,1,9501,9507,1,0,56
157,0,1,9501,9791,1,3,49
158,0,1,9605,9857,1,3,41
159,0,1,9596,9936,1,3,31
160,0,1,9585,9613,1,3,32
161,0,1,9549,9607,1,3,37
162,0,1,9517,9956,1,3,36
163,0,1,9636,9651,1,0,57
164,0,1,9588,10976,1,3,32
165,0,1,10813,10813,1,3,44
166,0,1,9485,10171,1,3,40
167,0,1,9642,9887,1,3,33
168,0,1,9629,9833,1,3,32
169,0,1,9639,9957,1,3,38
170,0,0,9265,9525,1,0,17
171,0,1,9551,9843,1,3,35
172,0,1,9655,9997,1,3,37
173,0,1,9568,9637,1,3,38
174,0,1,9518,9773,1,3,27
175,0,1,9684,11504,0,3,38
176,0,1,9667,9749,1,3,26
177,0,1,9598,10623,1,3,40
178,0,1,9552,9932,1,3,36
179,0,1,9581,9606,1,3,40
180,0,1,9558,9848,1,4,21
181,0,1,9693,9877,1,3,38
182,0,1,9620,9934,1,3,29
183,0,1,9645,9945,1,3,31
184,0,1,9572,9741,1,3,34
185,0,1,9695,11504,0,3,40
186,0,1,9595,10154,1,3,29
187,0,1,9689,10136,1,5,34
188,0,1,9673,9880,1,3,39
189,0,1,9551,9591,1,3,43
190,0,1,9606,10045,1,3,30
191,0,0,9189,9700,1,0,57
192,0,1,9647,9718,1,3,36
193,0,1,9682,9791,1,3,29
194,0,1,9681,11504,0,3,23
195,0,1,9652,9683,1,3,24
196,0,1,9697,9867,1,3,49
197,0,1,9620,9677,1,3,82
198,0,1,9741,11504,0,3,37
199,0,1,9596,9851,1,3,52
200,0,1,9641,9843,1,3,45
201,0,1,9368,9612,1,3,42
202,0,1,9713,9827,1,3,39
203,0,1,9778,10007,1,3,57
204,0,1,9639,9875,1,3,30
205,0,1,9625,9642,1,3,49
206,0,1,9714,10029,1,3,25
207,0,1,9676,9905,1,3,28
208,0,1,9700,9767,1,3,51
209,0,1,9685,9733,1,3,44
210,0,1,9639,11234,1,3,37
211,0,1,9694,9855,1,3,41
212,0,1,9708,9850,1,3,37
213,0,1,9459,11095,1,3,48
214,0,1,9619,9756,1,3,26
215,0,1,9661,9980,1,3,31
216,0,1,9741,10625,1,3,42
217,0,1,9744,10007,1,3,31
218,0,1,9645,11504,0,3,23
219,0,1,9796,9863,1,3,42
220,0,1,9719,10690,1,3,31
221,0,1,9790,9918,1,3,47
222,0,1,9747,9886,1,3,39
223,0,1,9780,10022,1,3,33
224,0,1,9780,10104,1,3,42
225,0,1,9654,10040,1,3,28
226,0,1,9700,10562,1,3,35
227,0,1,9751,10123,1,3,34
228,0,1,9634,10048,1,3,35
229,0,1,9656,10109,1,3,38
230,0,0,9787,9879,1,0,71
231,0,1,9707,10254,1,3,30
232,0,1,9734,11504,0,3,29
233,0,1,9755,9857,1,3,24
234,0,1,9693,9752,1,3,54
235,0,1,9726,9741,1,3,30
236,0,1,9661,9847,1,3,27
237,0,1,9745,11504,0,3,35
238,0,1,9742,9743,1,3,25
239,0,1,9653,11504,0,3,53
240,0,1,9684,11504,0,4,41
241,0,1,9841,9849,1,3,38
242,0,1,9670,9687,1,3,44
243,0,1,9675,10364,1,3,31
244,0,1,9790,9840,1,4,30
245,0,1,9679,9694,1,0,58
246,0,1,9763,9997,1,3,40
247,0,1,9999,10419,1,3,57
248,0,1,9739,10181,1,3,31
249,0,1,9759,9767,1,3,33
250,0,1,9839,10419,1,3,49
251,0,1,9726,9810,1,3,66
252,0,1,9834,10260,1,3,35
253,0,1,9873,10135,1,4,25
254,0,1,9700,10072,1,3,21
255,0,1,9867,9961,1,3,33
256,0,1,9701,9874,1,3,35
257,0,1,9821,10256,1,3,26
258,0,1,9743,9908,1,3,54
259,0,1,9758,10387,1,3,46
260,0,1,9806,9925,1,3,49
261,0,1,9768,9945,1,3,69
262,0,1,9845,10671,1,3,37
263,0,1,9871,10007,1,3,38
264,0,1,9715,9736,1,3,43
265,0,1,9787,9798,1,3,47
266,0,1,9856,10671,1,3,48
267,0,1,9710,9725,1,3,31
268,0,1,9834,10040,1,3,29
269,0,1,9748,9872,1,3,34
270,0,1,9832,10340,1,3,45
271,0,1,9763,10005,1,3,41
272,0,1,9740,9748,1,3,20
273,0,1,9362,9362,1,0,12
274,0,1,8945,8945,1,0,11
275,0,1,9775,9801,1,7,78
276,0,1,9752,10245,1,3,31
277,0,1,10604,10682,1,0,58
278,0,0,9857,10351,1,0,47
279,0,0,9863,9912,1,0,67
280,0,1,9824,10890,1,3,29
281,0,1,9893,10000,1,3,34
282,0,1,9846,9933,1,3,40
283,0,1,9813,10321,1,3,43
284,0,1,9869,10349,1,3,45
285,0,1,9781,11398,1,3,29
286,0,1,9864,10257,1,4,24
287,0,1,9865,9985,1,3,23
288,0,1,9890,10059,1,3,50
289,0,1,9893,9893,1,3,39
290,0,1,9813,9867,1,3,46
291,0,1,9922,10352,1,3,35
292,0,1,9888,11064,1,3,35
293,0,1,9759,9897,1,3,47
294,0,1,9908,10095,1,3,30
295,0,1,9835,10128,1,3,32
296,0,1,9779,9888,1,3,37
297,0,1,9905,10142,1,3,25
298,0,1,9858,9976,1,3,37
299,0,1,9946,10188,1,3,40
300,0,1,9861,10557,1,3,41
301,0,1,9873,9891,1,3,31
302,0,1,9845,10672,1,0,57
303,0,1,9955,10058,1,3,30
304,0,1,9892,11504,0,3,39
305,0,1,9787,9806,1,7,64
306,0,1,9947,10157,1,3,48
307,0,1,9950,10012,1,3,43
308,0,1,9805,10294,1,3,41
309,0,1,9849,9926,1,3,40
310,0,1,9877,10081,1,3,34
311,0,1,9922,10050,1,3,54
312,0,1,9919,10171,1,3,34
313,0,1,9455,10212,1,3,28
314,0,1,9928,10164,1,3,55
315,0,1,9823,10505,1,3,31
316,0,1,9782,10000,1,3,43
317,0,1,9892,11504,0,3,34
318,0,1,9914,11504,0,1,32
319,0,1,9867,9923,1,3,48
320,0,1,10018,10217,1,3,22
321,0,1,9849,10066,1,3,33
322,0,1,9828,9840,1,3,39
323,0,1,9795,9796,1,4,32
324,0,1,9929,10038,1,3,37
325,0,1,9911,10028,1,3,30
326,0,1,9955,10173,1,3,40
327,0,1,9969,11504,0,3,43
328,0,1,9988,10583,1,3,39
329,0,1,9960,10428,1,3,38
330,0,1,9920,10344,1,3,37
331,0,1,9868,10119,1,3,42
332,0,0,9845,9847,1,0,60
333,0,1,9614,9930,1,0,29
334,0,1,9925,10407,1,3,29
335,0,1,9862,11074,1,3,32
336,0,1,9826,10010,1,3,42
337,0,1,9936,10156,1,3,38
338,0,1,9910,10127,1,3,37
339,0,1,9975,9984,1,3,48
340,0,1,9901,10674,1,3,29
341,0,1,9862,9955,1,3,42
342,0,1,9929,10669,1,3,50
343,0,1,10010,10293,1,1,64
344,0,1,9941,9944,1,3,56
345,0,0,10037,10046,1,0,22
346,0,1,9992,10577,1,3,35
347,0,1,10006,10147,1,3,45
348,0,0,9734,10037,1,5,30
349,0,1,9924,10859,1,3,40
350,0,1,10003,10236,1,0,39
351,0,1,9920,10051,1,3,26
352,0,1,9948,10382,1,3,41
353,0,1,9902,9999,1,3,40
354,0,1,9916,10246,1,3,31
355,0,0,9856,9894,1,0,50
356,0,1,10024,10075,1,3,41
357,0,1,9999,10116,1,3,43
358,0,1,9892,10309,1,3,27
359,0,1,9991,10501,1,3,28
360,0,1,9979,10125,1,3,36
361,0,1,10018,10660,1,3,43
362,0,0,9938,10780,1,2,35
363,0,1,9971,9993,1,3,26
364,0,1,9966,10441,1,3,32
365,0,1,9919,10439,1,3,31
366,0,1,10076,10088,1,3,26
367,0,1,9947,10916,1,3,53
368,0,1,9935,10061,1,3,44
369,0,1,9915,10101,1,7,39
370,0,1,10041,11026,1,3,26
371,0,1,10037,10039,1,3,26
372,0,1,10027,10409,1,3,39
373,0,1,9931,10660,1,3,23
374,0,1,10013,10961,1,3,29
375,0,1,10043,10809,1,3,33
376,0,1,9948,10587,1,3,29
377,0,1,9978,10260,1,3,24
378,0,1,9940,10747,1,3,23
379,0,1,10001,10439,1,3,26
380,0,1,9976,10264,1,3,33
381,0,1,10039,10466,1,3,40
382,0,1,10062,10069,1,3,33
383,0,1,10020,11081,1,3,39
384,0,1,9973,11054,1,3,37
385,0,1,10090,10513,1,3,24
386,0,1,10054,10930,1,3,39
387,0,1,10025,10354,1,3,42
388,0,1,10092,10092,1,3,55
389,0,1,10097,10116,1,3,52
390,0,1,10063,10760,1,7,43
391,0,1,10028,11504,0,3,36
392,0,1,9978,10539,1,3,45
393,0,1,10007,10161,1,0,39
394,0,1,9926,10532,1,3,35
395,0,1,9992,10594,1,3,42
396,0,1,10006,10816,1,3,30
397,0,1,10128,10256,1,3,48
398,0,1,10020,10340,1,3,24
399,0,1,10086,10939,1,3,36
400,0,1,10116,10622,1,3,49
401,0,1,10037,10742,1,3,44
402,0,1,10076,11001,1,3,45
403,0,1,10083,10551,1,4,37
404,0,1,10119,10147,1,3,30
405,0,1,9994,10615,1,3,46
406,0,1,10111,10113,1,3,44
407,0,1,10066,10322,1,3,34
408,0,1,10030,10242,1,3,40
409,0,1,9966,10792,1,4,34
410,0,0,10008,10024,1,0,40
411,0,1,10051,10689,1,3,37
412,0,1,9955,9959,1,3,29
413,0,1,10112,10117,1,3,56
414,0,1,10094,10762,1,3,36
415,0,1,9988,10466,1,3,36
416,0,1,10093,10103,1,3,45
417,0,1,9980,10318,1,3,38
418,0,1,10149,10466,1,3,24
419,0,1,10086,10755,1,3,27
420,0,1,10088,10708,1,3,44
421,0,1,9976,9982,1,7,43
422,0,1,10127,10468,1,3,32
423,0,1,10066,10859,1,3,33
424,0,1,10033,10288,1,3,33
425,0,1,10081,10560,1,3,34
426,0,1,10122,10374,1,3,53
427,0,1,9890,10046,1,3,56
428,0,1,10066,10625,1,3,32
429,0,1,10104,10426,1,3,34
430,0,1,10162,10869,1,3,36
431,0,1,9436,10938,1,0,3
432,0,1,10188,10210,1,3,24
433,0,1,10007,11504,0,3,27
434,0,1,10098,10260,1,3,34
435,0,1,10032,10967,1,3,52
436,0,1,10064,11504,0,3,32
437,0,0,9781,9793,1,0,59
438,0,1,10129,10139,1,3,39
439,0,1,10033,10507,1,3,43
440,0,1,9967,11380,1,3,40
441,0,1,10141,11504,0,3,27
442,0,1,10085,10441,1,3,41
443,0,1,10079,10881,1,3,50
444,0,1,10163,11382,1,3,37
445,0,1,10095,10844,1,3,29
446,0,1,10177,10682,1,3,30
447,0,1,10038,10174,1,3,32
448,0,1,10069,10167,1,3,38
449,0,1,10166,10631,1,3,40
450,0,1,10186,10321,1,3,31
451,0,1,10200,10395,1,3,28
452,0,1,10057,10081,1,3,27
453,0,1,10094,10490,1,3,38
454,0,1,10098,10462,1,3,37
455,0,1,10184,10367,1,3,35
456,0,1,10167,10447,1,3,43
457,0,1,10053,11350,1,3,41
458,0,1,10084,10423,1,3,27
459,0,1,10109,10942,1,3,37
460,0,1,10101,11504,0,4,24
461,0,1,9978,10990,1,4,32
462,0,1,10064,10212,1,3,32
463,0,1,10088,10611,1,3,38
464,0,1,10195,10905,1,3,34
465,0,1,10158,11237,1,3,42
466,0,1,10136,10936,1,3,36
467,0,1,10061,11094,1,3,58
468,0,1,10078,10636,1,3,45
469,0,1,10187,10787,1,3,34
470,0,1,10160,10965,1,3,34
471,0,1,10139,10594,1,3,35
472,0,1,10205,10868,1,3,36
473,0,1,10100,11032,1,3,33
474,0,0,10130,10239,1,0,69
475,0,1,10708,10765,1,3,49
476,0,1,10129,11504,0,3,33
477,0,1,10034,11504,0,3,33
478,0,1,10171,10668,1,3,28
479,0,1,10174,10302,1,3,37
480,0,0,10151,10535,1,0,27
481,0,1,10211,11504,0,3,27
482,0,1,10182,10206,1,3,47
483,0,1,10209,11504,0,3,26
484,0,1,10119,10515,1,3,27
485,0,1,9914,10122,1,7,70
486,0,1,10174,10315,1,3,38
487,0,1,10173,10260,1,3,41
488,0,1,10099,10111,1,3,50
489,0,1,10217,11066,1,3,37
490,0,1,10218,10730,1,3,35
491,0,1,10167,10563,1,4,20
492,0,1,10137,10186,1,3,52
493,0,1,10215,11165,1,3,30
494,0,1,10083,10266,1,3,34
495,0,1,10103,10297,1,3,25
496,0,1,9637,9684,1,4,24
497,0,1,10111,10495,1,3,32
498,0,1,10236,10397,1,3,41
499,0,1,10268,11504,0,3,29
500,0,1,10134,10678,1,3,36
501,0,1,10141,10705,1,1,36
502,0,1,10191,11504,0,3,42
503,0,1,9979,10336,1,0,41
504,0,1,10225,10362,1,3,35
505,0,1,10241,10276,1,3,51
506,0,1,10126,11504,0,3,38
507,0,1,10121,10641,1,3,52
508,0,1,10262,10839,1,3,31
509,0,1,10271,10273,1,3,36
510,0,0,10214,10232,1,0,63
511,0,1,9555,10153,1,3,35
512,0,1,10283,10944,1,3,33
513,0,1,10256,10704,1,3,34
514,0,1,10283,10924,1,3,25
515,0,1,10136,10678,1,3,30
516,0,1,10173,10860,1,3,37
517,0,1,10062,10999,1,3,37
518,0,1,10213,10735,1,3,43
519,0,1,10216,10325,1,3,53
520,0,1,10249,10299,1,3,45
521,0,1,10172,10174,1,3,40
522,0,1,10181,10184,1,3,50
523,0,1,10163,10284,1,3,39
524,0,1,10137,11504,0,3,33
525,0,1,10230,10717,1,3,30
526,0,1,10203,10903,1,4,35
527,0,1,10321,11504,0,3,38
528,0,1,9998,10032,1,3,31
529,0,1,10252,10498,1,3,30
530,0,1,10274,10699,1,3,31
531,0,0,10185,11237,1,5,24
532,0,1,10218,11504,0,3,35
533,0,1,10251,11504,0,3,40
534,0,1,10197,11504,0,3,44
535,0,1,10175,10472,1,3,40
536,0,1,10252,10261,1,3,53
537,0,1,10178,11504,0,3,39
538,0,1,10262,10825,1,3,27
539,0,1,10310,10814,1,3,33
540,0,1,10334,10469,1,3,23
541,0,1,10275,11285,1,3,48
542,0,1,10294,10642,1,3,43
543,0,1,10290,10827,1,3,29
544,0,1,10172,11041,1,3,29
545,0,1,10250,11254,1,3,41
546,0,1,10143,10349,1,3,34
547,0,1,10169,10462,1,0,65
548,0,1,10345,11071,1,3,48
549,0,1,10274,10897,1,3,43
550,0,1,10146,10423,1,0,65
551,0,1,10307,11129,1,3,47
552,0,1,10220,11504,0,3,31
553,0,1,10264,10559,1,3,50
554,0,1,10299,10735,1,3,38
555,0,1,10311,10471,1,3,44
556,0,1,10304,10312,1,3,43
557,0,1,10241,11504,0,3,39
558,0,1,10330,10939,1,3,45
559,0,1,10217,11095,1,3,38
560,0,1,10295,10315,1,3,41
561,0,1,10329,11504,0,3,41
562,0,1,10212,11504,0,3,40
563,0,1,10216,10571,1,3,26
564,0,1,10311,10404,1,3,28
565,0,1,10365,11372,1,3,38
566,0,1,10322,10776,1,3,40
567,0,1,10195,11328,1,1,21
568,0,1,10350,11133,1,3,46
569,0,1,10230,11471,1,3,42
570,0,1,10283,11504,0,3,31
571,0,1,10318,10705,1,3,42
572,0,1,10247,10655,1,3,41
573,0,1,10220,10727,1,3,34
574,0,1,10380,11504,0,3,36
575,0,1,10351,11504,0,3,27
576,0,1,10309,10990,1,3,50
577,0,0,10291,11504,0,0,5
578,0,1,10275,11504,0,3,45
579,0,1,10421,11265,1,3,25
580,0,0,10423,11504,0,7,68
581,0,1,10443,10893,1,3,42
582,0,1,10412,10788,1,3,41
583,0,0,9707,10372,1,0,30
584,0,1,10301,11504,0,3,22
585,0,1,10355,10371,1,3,49
586,0,1,10145,10755,1,3,41
587,0,1,10167,10883,1,3,34
588,0,1,10256,11229,1,3,32
589,0,1,10336,10714,1,3,29
590,0,1,10316,11041,1,3,41
591,0,1,10405,11112,1,3,31
592,0,1,10255,11415,1,3,39
593,0,1,10317,10376,1,3,52
594,0,1,10392,10657,1,3,61
595,0,1,10314,10375,1,3,45
596,0,1,10345,11054,1,3,41
597,0,1,10377,10940,1,3,37
598,0,1,10424,10446,1,3,28
599,0,1,10318,10365,1,3,35
600,0,1,10355,10355,1,3,67
601,0,1,10254,11504,0,3,47
602,0,1,10314,11504,0,3,35
603,0,1,10292,11068,1,3,27
604,0,1,10315,10775,1,3,39
605,0,1,10330,11504,0,3,44
606,0,1,10387,10785,1,3,24
607,0,1,10424,10904,1,3,28
608,0,1,10361,11039,1,3,24
609,0,1,10370,10603,1,3,39
610,0,1,10435,10927,1,3,37
611,0,1,10441,10512,1,3,40
612,0,1,10379,11504,0,3,25
613,0,1,10364,11191,1,3,37
614,0,1,10391,11504,0,3,32
615,0,1,10345,10458,1,3,29
616,0,1,10384,11182,1,3,39
617,0,1,10396,10794,1,3,44
618,0,1,10371,10626,1,3,38
619,0,1,10460,10479,1,3,24
620,0,1,10409,10762,1,3,41
621,0,1,10358,11007,1,3,23
622,0,1,10435,10736,1,3,34
623,0,1,10449,10860,1,3,32
624,0,1,10429,11376,1,3,28
625,0,1,10448,10583,1,3,34
626,0,1,10446,11062,1,3,40
627,0,1,10319,10319,1,3,41
628,0,1,10351,10351,1,3,31
629,0,1,10416,11504,0,2,31
630,0,1,10494,11336,1,3,47
631,0,1,10509,11370,1,3,54
632,0,0,10438,11504,0,7,25
633,0,1,10371,10457,1,3,30
634,0,1,10384,10405,1,3,66
635,0,1,10340,10911,1,3,39
636,0,1,10455,10902,1,3,39
637,0,1,10457,10582,1,3,65
638,0,1,10372,10577,1,3,45
639,0,1,10500,10949,1,3,28
640,0,1,10372,11504,0,3,39
641,0,1,10448,10831,1,3,33
642,0,1,10483,11094,1,3,27
643,0,1,10466,10488,1,3,42
644,0,1,10432,10778,1,3,29
645,0,1,10383,10815,1,3,37
646,0,0,10482,11115,1,5,18
647,0,1,10403,10711,1,3,30
648,0,1,10395,10782,1,3,30
649,0,1,10521,10794,1,3,48
650,0,1,10431,10836,1,3,42
651,0,1,10437,10846,1,3,40
652,0,1,10330,11504,0,3,24
653,0,1,10460,10492,1,3,37
654,0,1,10508,10630,1,3,53
655,0,1,10418,11044,1,3,30
656,0,1,10476,11504,0,3,25
657,0,1,10412,11504,0,3,50
658,0,1,10521,10819,1,3,39
659,0,1,10522,11504,0,3,29
660,0,1,10399,11390,1,1,20
661,0,1,10431,10676,1,2,74
662,0,1,10243,10639,1,3,47
663,0,1,10377,10487,1,3,52
664,0,1,10488,10965,1,3,26
665,0,1,10540,11239,1,3,43
666,0,1,10521,10634,1,3,46
667,0,1,10403,11031,1,3,55
668,0,1,10522,11098,1,3,33
669,0,1,10393,11262,1,3,33
670,0,1,10432,11504,0,3,51
671,0,1,10447,11169,1,3,27
672,0,1,10497,10799,1,3,22
673,0,1,10459,10957,1,3,30
674,0,1,10446,10996,1,3,30
675,0,1,10490,11277,1,3,31
676,0,1,10519,10586,1,3,30
677,0,1,10488,11014,1,3,30
678,0,1,10413,10711,1,3,38
679,0,1,10424,10949,1,3,25
680,0,1,10534,11009,1,3,39
681,0,1,10415,11504,0,3,49
682,0,1,10566,11092,1,3,58
683,0,1,10408,10881,1,3,49
684,0,1,10543,11213,1,3,29
685,0,1,10419,10850,1,3,44
686,0,1,10456,11156,1,3,23
687,0,1,10451,10816,1,3,28
688,0,1,10551,11504,0,3,44
689,0,1,10422,10737,1,7,29
690,0,1,10479,11053,1,3,31
691,0,1,10537,10744,1,3,40
692,0,1,10410,10736,1,3,37
693,0,1,10571,10873,1,7,56
694,0,1,10424,10924,1,3,33
695,0,1,10529,10597,1,4,32
696,0,1,10461,10825,1,4,24
697,0,1,10571,11109,1,3,34
698,0,1,10462,10912,1,3,53
699,0,1,10440,10832,1,4,24
700,0,1,10461,10626,1,3,24
701,0,1,10501,10505,1,3,35
702,0,1,10568,11180,1,3,38
703,0,1,10448,11078,1,3,29
704,0,1,10481,10690,1,1,52
705,0,1,10355,11504,0,4,33
706,0,1,10289,11168,1,3,22
707,0,1,10309,11504,0,3,38
708,0,1,10451,11052,1,3,31
709,0,1,10430,10577,1,3,55
710,0,1,10472,11504,0,3,32
711,0,1,10552,11075,1,3,31
712,0,1,10539,10594,1,3,32
713,0,1,10455,10929,1,3,27
714,0,1,10468,10744,1,3,26
715,0,1,10512,11285,1,3,44
716,0,1,10546,11284,1,3,30
717,0,1,10494,11504,0,3,51
718,0,1,10509,10862,1,3,44
719,0,1,10425,10919,1,3,29
720,0,1,10432,11369,1,3,26
721,0,1,10591,10977,1,3,32
722,0,1,10617,10635,1,3,29
723,0,1,10514,10949,1,3,43
724,0,1,10478,11504,0,3,41
725,0,1,10569,10894,1,3,36
726,0,1,10473,10886,1,3,25
727,0,1,10092,10621,1,3,49
728,0,1,10236,11504,0,3,29
729,0,1,10428,10959,1,3,33
730,0,1,10532,10962,1,3,38
731,0,1,10477,10669,1,3,62
732,0,1,10568,11504,0,3,47
733,0,1,10500,11504,0,3,23
734,0,1,10460,11504,0,3,30
735,0,1,10496,11373,1,3,45
736,0,1,10546,11504,0,3,23
737,0,1,10285,11109,1,3,33
738,0,1,10524,10840,1,3,37
739,0,1,10163,11227,1,3,47
740,0,1,10305,11205,1,3,42
741,0,1,10452,10868,1,3,36
742,0,1,10525,11504,0,3,55
743,0,1,10529,11504,0,0,51
744,0,1,10389,10608,1,3,56
745,0,1,10572,10868,1,3,38
746,0,0,10437,10666,1,0,32
747,0,1,10502,11288,1,3,42
748,0,1,10511,11197,1,3,27
749,0,1,10483,10640,1,3,38
750,0,1,10624,11137,1,3,61
751,0,1,10516,11128,1,3,26
752,0,1,10475,11188,1,3,38
753,0,1,10487,11504,0,3,38
754,0,1,10592,11078,1,3,28
755,0,1,10496,10668,1,3,38
756,0,1,10492,11504,0,4,37
757,0,1,10551,10553,1,3,52
758,0,1,10623,11504,0,3,27
759,0,1,10577,11172,1,3,29
760,0,1,10528,11504,0,0,18
761,0,1,10560,11051,1,3,48
762,0,1,10599,10758,1,3,30
763,0,1,10498,10830,1,3,31
764,0,0,10584,11238,1,6,5
765,0,1,10519,10865,1,7,45
766,0,1,10083,10884,1,3,40
767,0,1,10650,11236,1,3,46
768,0,1,10551,11312,1,3,32
769,0,1,10576,11495,0,3,34
770,0,1,10527,11144,1,3,43
771,0,1,10610,10706,1,3,50
772,0,1,10515,10932,1,3,43
773,0,1,10521,10770,1,3,23
774,0,1,10524,10538,1,3,44
775,0,1,10588,11215,1,3,36
776,0,1,10646,10746,1,3,42
777,0,1,10579,11024,1,3,41
778,0,1,10643,10671,1,3,28
779,0,1,10582,11339,1,3,38
780,0,1,10612,10839,1,3,45
781,0,1,10515,11037,1,4,25
782,0,1,10595,10953,1,3,26
783,0,1,10383,11504,0,3,38
784,0,1,10568,10986,1,4,26
785,0,1,10535,11504,0,3,37
786,0,1,10689,11504,0,3,32
787,0,1,10570,11504,0,3,26
788,0,1,10563,11232,1,3,34
789,0,1,10651,10821,1,3,53
790,0,1,10595,11504,0,3,35
791,0,1,10679,10861,1,3,40
792,0,1,10665,11504,0,3,36
793,0,1,10566,11504,0,3,39
794,0,1,10648,11221,1,3,34
795,0,1,10772,11504,0,3,42
796,0,1,10676,11195,1,3,42
797,0,1,10682,11504,0,3,39
798,0,1,10689,11038,1,3,51
799,0,1,10196,10582,1,3,38
800,0,1,10677,11344,1,3,24
801,0,1,10354,11307,1,3,34
802,0,1,10621,11291,1,3,41
803,0,1,10579,10585,1,3,30
804,0,1,10659,11007,1,3,39
805,0,1,10671,10783,1,3,26
806,0,1,10643,11504,0,4,39
807,0,1,9873,11033,1,3,38
808,0,1,10681,10716,1,3,38
809,0,1,10610,11061,1,3,29
810,0,0,10649,10705,1,2,63
811,0,1,10632,11005,1,3,45
812,0,1,10586,11504,0,3,39
813,0,0,10597,11504,0,5,24
814,0,1,10680,11370,1,3,30
815,0,1,10687,11504,0,3,33
816,0,1,10639,11347,1,3,27
817,0,1,10645,10949,1,3,38
818,0,1,10586,10743,1,3,42
819,0,1,10632,11318,1,3,30
820,0,1,10646,11283,1,3,40
821,0,1,10569,11504,0,3,42
822,0,1,10402,10545,1,3,28
823,0,1,10647,11504,0,3,41
824,0,1,10680,10832,1,3,29
825,0,1,10683,10717,1,3,67
826,0,1,10636,11368,1,3,26
827,0,1,10651,11062,1,3,31
828,0,1,10619,11339,1,3,38
829,0,1,10629,10781,1,3,34
830,0,1,10365,10963,1,3,34
831,0,1,10639,11157,1,3,33
832,0,1,10463,10795,1,3,36
833,0,1,10707,11504,0,3,36
834,0,1,10729,10952,1,3,35
835,0,1,10724,11504,0,3,32
836,0,1,10735,10825,1,3,33
837,0,1,10681,10789,1,3,64
838,0,1,10620,10948,1,3,51
839,0,1,10653,10961,1,3,48
840,0,1,10668,10805,1,3,41
841,0,1,10741,10747,1,3,27
842,0,1,10535,10565,1,3,46
843,0,1,10615,11504,0,3,23
844,0,1,10636,11286,1,3,44
845,0,1,10643,10788,1,3,37
846,0,1,10688,11226,1,3,27
847,0,1,10706,11504,0,3,48
848,0,1,10600,11288,1,4,30
849,0,1,10747,11504,0,5,28
850,0,1,10629,11374,1,3,45
851,0,1,10287,11504,0,3,35
852,0,1,10688,11504,0,3,33
853,0,1,10468,10949,1,3,25
854,0,1,10741,11187,1,3,47
855,0,1,10543,10807,1,3,40
856,0,1,10698,11504,0,3,48
857,0,1,10253,11504,0,3,31
858,0,1,10701,11337,1,3,33
859,0,1,10547,10873,1,3,41
860,0,1,10633,10997,1,3,36
861,0,1,10607,11129,1,3,37
862,0,0,10587,11504,0,7,24
863,0,1,10681,11422,1,3,34
864,0,1,10637,11213,1,3,24
865,0,1,10628,11287,1,3,43
866,0,1,10755,10755,1,3,57
867,0,1,10740,10767,1,3,51
868,0,1,10806,11072,1,3,41
869,0,1,10671,11242,1,3,38
870,0,1,10523,11339,1,3,39
871,0,1,10670,11220,1,3,43
872,0,1,10817,11244,1,5,36
873,0,1,10691,11504,0,2,42
874,0,1,10639,11454,1,0,46
875,0,1,10821,10822,1,3,36
876,0,1,10665,10674,1,3,27
877,0,1,10717,11058,1,3,39
878,0,1,10683,11026,1,3,39
879,0,1,10633,11504,0,3,43
880,0,1,10715,10731,1,3,41
881,0,1,10518,10648,1,3,48
882,0,1,10805,10974,1,4,32
883,0,1,10757,11050,1,3,50
884,0,1,10807,11057,1,3,33
885,0,1,10775,10958,1,3,40
886,0,1,10758,11504,0,3,27
887,0,1,10830,11100,1,3,28
888,0,1,10835,11464,1,3,49
889,0,1,10776,10786,1,3,35
890,0,1,10679,11026,1,3,37
891,0,1,10818,10841,1,3,47
892,0,1,10585,10831,1,3,43
893,0,1,10734,11367,1,3,39
894,0,1,10461,11504,0,3,44
895,0,1,10350,11504,0,3,29
896,0,1,10690,11504,0,3,35
897,0,1,10723,11377,1,3,36
898,0,1,10782,10831,1,3,29
899,0,1,10453,11044,1,3,24
900,0,1,10719,11472,1,2,49
901,0,1,10830,11114,1,3,40
902,0,1,10485,10724,1,3,34
903,0,1,10865,11317,1,3,28
904,0,1,10746,11203,1,3,32
905,0,1,10776,11205,1,3,37
906,0,1,10739,11430,1,3,33
907,0,1,10737,11504,0,3,41
908,0,1,10868,11200,1,5,34
909,0,1,10765,11475,1,3,24
910,0,1,10799,11504,0,4,26
911,0,1,10880,11108,1,3,30
912,0,1,10789,11302,1,3,34
913,0,1,10743,11504,0,3,24
914,0,1,10762,10763,1,3,42
915,0,1,10720,10983,1,5,34
916,0,1,10840,11439,1,3,45
917,0,1,10783,11443,1,3,39
918,0,1,10735,11504,0,3,37
919,0,1,10793,11150,1,3,42
920,0,1,10827,10868,1,3,29
921,0,1,10796,11504,0,3,31
922,0,1,10802,10927,1,3,39
923,0,1,10753,10754,1,0,24
924,0,1,10555,11158,1,3,30
925,0,1,10802,11275,1,3,32
926,0,1,10800,10963,1,3,45
927,0,1,10914,11057,1,3,28
928,0,1,10860,11504,0,3,25
929,0,1,10741,10909,1,3,36
930,0,1,10770,11504,0,4,33
931,0,1,10777,11504,0,3,47
932,0,1,10911,11504,0,3,46
933,0,1,10597,11504,0,0,5
934,0,1,10767,11504,0,6,3
935,0,1,10688,10944,1,1,15
936,0,1,10760,11163,1,3,53
937,0,1,10136,10848,1,3,32
938,0,1,10696,11069,1,3,33
939,0,1,10723,10868,1,3,40
940,0,1,10840,11289,1,3,35
941,0,1,10832,11504,0,3,45
942,0,1,10770,10967,1,3,50
943,0,1,10837,11504,0,3,36
944,0,1,10772,11249,1,3,47
945,0,1,10863,11504,0,3,49
946,0,1,10583,10983,1,3,43
947,0,1,10717,11504,0,3,27
948,0,1,10886,10964,1,3,45
949,0,1,10757,11504,0,3,30
950,0,1,10136,11435,1,3,43
951,0,1,9947,10793,1,3,30
952,0,1,10929,11242,1,3,31
953,0,1,10812,11304,1,3,37
954,0,1,10803,10876,1,3,50
955,0,1,10917,11504,0,3,35
956,0,1,10905,11504,0,3,35
957,0,1,10904,11116,1,3,33
958,0,1,10707,10889,1,3,54
959,0,1,10792,11326,1,3,26
960,0,1,10857,11499,0,3,25
961,0,1,10951,11504,0,3,25
962,0,1,10795,10852,1,3,33
963,0,1,10757,11141,1,3,46
964,0,1,10801,10951,1,3,25
965,0,1,10586,10820,1,4,37
966,0,1,10959,11504,1,3,47
967,0,1,10928,11178,1,3,39
968,0,1,10908,11012,1,3,32
969,0,1,10793,10803,1,3,29
970,0,1,10875,10950,1,3,44
971,0,1,10884,10900,1,3,42
972,0,1,10748,11014,1,3,29
973,0,1,10880,11504,0,3,43
974,0,1,10906,11099,1,3,40
975,0,1,10898,11323,1,3,26
976,0,1,10967,11504,0,3,40
977,0,1,10948,11504,0,3,28
978,0,1,10730,11504,0,7,66
979,0,1,10549,11504,0,3,46
980,0,1,10849,10868,1,3,38
981,0,1,10841,11109,1,3,29
982,0,1,10921,11016,1,3,40
983,0,1,10885,11504,0,3,28
984,0,1,10882,11244,1,3,43
985,0,1,10820,11504,0,3,26
986,0,1,10887,11504,0,3,33
987,0,0,10905,11411,1,0,35
988,0,1,10262,10890,1,3,39
989,0,1,10879,11095,1,3,31
990,0,1,10746,10888,1,3,32
991,0,1,10696,11504,0,3,47
992,0,1,10606,11419,1,3,37
993,0,1,10956,11103,1,3,58
994,0,1,10830,10987,1,3,32
995,0,1,10875,10881,1,3,32
996,0,1,10909,11504,0,3,43
997,0,1,10944,11183,1,3,32
998,0,1,10999,11217,1,3,38
999,0,1,10579,10899,1,3,27
1000,0,1,10856,11504,0,3,28
1001,0,1,10859,11051,1,3,26
1002,0,1,10427,10956,1,3,41
1003,0,1,10806,11002,1,3,43
1004,0,1,10944,11479,1,3,31
1005,0,1,10963,11504,0,3,33
1006,0,1,10982,11504,0,3,38
1007,0,1,10942,11504,0,3,34
1008,0,1,10947,11123,1,3,44
1009,0,1,11018,11140,1,3,37
1010,0,1,10943,11504,0,3,44
1011,0,1,11023,11069,1,3,38
1012,0,1,10976,11098,1,3,35
1013,0,1,10982,11252,1,3,39
1014,0,1,10818,11504,0,3,25
1015,0,1,10796,11504,0,3,65
1016,0,1,10858,11157,1,0,69
1017,0,1,10732,11504,0,4,30
1018,0,1,10739,10975,1,3,29
1019,0,1,10720,11198,1,3,33
1020,0,1,10961,11463,1,3,44
1021,0,1,10565,11235,1,3,51
1022,0,1,10441,11504,0,3,38
1023,0,1,10603,11504,0,4,32
1024,0,1,10917,11374,1,3,44
1025,0,1,10404,10954,1,5,33
1026,0,1,10769,11345,1,3,38
1027,0,1,10727,10912,1,3,43
1028,0,1,10524,10902,1,3,44
1029,0,1,10665,10970,1,3,31
1030,0,1,10735,11504,0,3,30
1031,0,1,10908,11319,1,3,55
1032,0,1,10940,10996,1,3,35
1033,0,1,10795,10800,1,3,47
1034,0,1,10876,10912,1,3,33
1035,0,1,11000,11380,1,3,43
1036,0,1,10209,10565,1,3,37
1037,0,1,10846,10878,1,7,39
1038,0,1,10719,11243,1,3,44
1039,0,1,10896,11138,1,3,48
1040,0,1,10890,10894,1,3,55
1041,0,1,10852,11120,1,3,38
1042,0,1,10945,10952,1,3,27
1043,0,1,10859,11504,0,3,36
1044,0,1,10837,11045,1,3,56
1045,0,1,10857,11198,1,3,35
1046,0,1,10917,11408,1,3,34
1047,0,1,10928,11504,0,3,36
1048,0,1,10862,11094,1,5,31
1049,0,1,10927,11504,0,3,37
1050,0,1,10823,11504,0,3,44
1051,0,1,10936,11504,0,3,52
1052,0,1,10593,10803,1,3,49
1053,0,1,10751,10982,1,1,15
1054,0,1,10531,11379,1,3,30
1055,0,1,10530,11447,1,3,39
1056,0,1,10930,11504,0,0,58
1057,0,1,10872,10932,1,3,41
1058,0,1,10473,11504,0,3,32
1059,0,1,10119,10869,1,3,28
1060,0,1,9741,11504,0,3,49
1061,0,1,10917,10998,1,3,44
1062,0,1,10843,11267,1,4,36
1063,0,1,10673,11209,1,3,46
1064,0,1,10528,11169,1,3,30
1065,0,1,10610,11090,1,3,27
1066,0,1,10217,11462,1,3,26
1067,0,1,10637,10674,1,3,44
1068,0,1,10516,11038,1,3,41
1069,0,1,10639,11504,0,3,37
1070,0,1,10339,10690,1,3,39
1071,0,1,10585,10885,1,3,43
1072,0,1,10404,10438,1,4,21
1073,0,1,10736,11173,1,3,32
1074,0,1,10253,10560,1,3,39
1075,0,1,10958,11179,1,3,49
1076,0,1,10597,11366,1,3,27
1077,0,0,10124,10679,1,0,44
1078,0,1,10672,11504,0,7,29
1079,0,1,10150,10865,1,3,42
1080,0,1,10187,10803,1,3,29
1081,0,1,10416,11504,0,3,43
1082,0,1,10670,11237,1,5,29
1083,0,1,10800,10812,1,3,33
1084,0,1,10904,11213,1,3,47
1085,0,1,10835,11504,0,3,33
1086,0,1,10958,11457,1,3,47
1087,0,1,11046,11504,0,3,43
1088,0,1,10419,11504,0,3,30
1089,0,1,11022,11504,0,3,32
1090,0,1,10501,11504,0,3,52
1091,0,1,10787,11480,1,3,37
1092,0,1,10846,10847,1,3,40
1093,0,1,10410,11504,0,3,45
1094,0,1,10477,11075,1,3,39
1095,0,1,10708,11504,0,3,30
1096,0,1,10386,10402,1,7,31
1097,0,1,9034,11504,0,3,26
1098,0,1,11033,11504,0,3,47
1099,0,1,10640,11504,0,3,40
1100,0,1,10601,11251,1,3,39
1101,0,1,10871,10904,1,3,29
1102,0,1,10766,11255,1,3,29
1103,0,1,10834,11504,0,3,60
1104,0,1,11034,11504,0,3,27
1105,0,1,10860,11504,0,3,22
1106,0,1,10426,11267,1,4,31
1107,0,1,10607,11504,0,3,43
1108,0,1,11017,11026,1,7,33
1109,0,1,10889,11504,0,3,28
1110,0,1,10899,11273,1,3,31
1111,0,1,10977,11504,0,3,31
1112,0,1,10935,11504,0,3,27
1113,0,1,10962,11096,1,3,41
1114,0,1,10690,11495,0,3,50
1115,0,1,10848,11122,1,3,34
1116,0,1,10987,11056,1,3,37
1117,0,1,10963,11504,0,3,31
1118,0,1,11003,11053,1,3,42
1119,0,1,10948,11277,1,3,42
1120,0,1,10977,11504,0,4,28
1121,0,1,10876,11292,1,3,50
1122,0,1,10273,11504,0,3,46
1123,0,1,10990,11037,1,3,43
1124,0,1,11047,11504,0,3,32
1125,0,1,10785,11504,0,3,39
1126,0,1,10491,11504,0,3,32
1127,0,1,10963,11110,1,3,43
1128,0,1,9971,11504,0,3,36
1129,0,1,10960,11043,1,4,33
1130,0,1,10900,10914,1,3,43
1131,0,1,10974,11504,0,3,25
1132,0,1,11028,11504,0,3,36
1133,0,1,11065,11504,0,3,25
1134,0,1,10937,11504,0,3,29
1135,0,1,10863,11504,0,3,41
1136,0,1,10997,11181,1,3,43
1137,0,1,11088,11504,0,3,29
1138,0,1,10894,10945,1,3,52
1139,0,1,10995,11243,1,3,44
1140,0,1,11022,11504,0,3,28
1141,0,1,10950,11018,1,3,50
1142,0,1,10939,11380,1,3,20
1143,0,1,10953,11504,0,3,31
1144,0,1,11036,11504,0,3,27
1145,0,1,10972,11504,0,3,29
1146,0,1,10957,11504,0,3,31
1147,0,1,10938,10945,1,4,27
1148,0,1,11003,11504,0,7,57
1149,0,1,10127,10127,1,3,42
1150,0,1,10492,10984,1,0,69
1151,0,1,11054,11504,0,3,44
1152,0,1,10877,11504,0,3,46
1153,0,1,11063,11504,0,3,34
1154,0,1,10999,11504,0,3,46
1155,0,1,11002,11504,0,3,53
1156,0,1,11034,11159,1,3,51
1157,0,1,11093,11246,1,3,43
1158,0,1,11053,11504,0,3,40
1159,0,1,10793,11195,1,3,39
1160,0,1,11054,11167,1,3,39
1161,0,1,11006,11504,0,3,31
1162,0,1,10859,11011,1,3,53
1163,0,1,11096,11504,0,4,36
1164,0,1,11001,11327,1,3,43
1165,0,1,11125,11504,0,3,35
1166,0,1,11011,11101,1,3,52
1167,0,1,11072,11504,0,3,44
1168,0,1,11120,11504,0,3,41
1169,0,1,11030,11504,0,3,32
1170,0,1,11026,11047,1,3,31
1171,0,1,10405,11405,1,3,26
1172,0,1,10876,11504,0,3,38
1173,0,1,10878,11504,0,5,42
1174,0,1,11043,11499,0,3,30
1175,0,1,11008,11504,0,3,49
1176,0,1,10971,11156,1,3,29
1177,0,1,11053,11504,0,3,46
1178,0,1,11066,11504,0,3,27
1179,0,1,11071,11265,1,3,41
1180,0,1,11058,11504,0,3,30
1181,0,1,11016,11504,0,3,51
1182,0,1,11063,11088,1,3,36
1183,0,1,11074,11087,1,3,58
1184,0,1,11121,11502,0,3,40
1185,0,1,11020,11504,0,3,28
1186,0,1,10770,11001,1,3,31
1187,0,1,10899,11001,1,3,36
1188,0,1,11005,11450,1,3,39
1189,0,1,10781,10817,1,3,47
1190,0,1,10708,10917,1,7,26
1191,0,1,10319,10640,1,3,49
1192,0,1,10175,10909,1,3,33
1193,0,1,11151,11441,1,3,37
1194,0,1,11082,11504,0,3,33
1195,0,1,10984,11504,0,3,47
1196,0,1,11029,11504,0,7,56
1197,0,1,11057,11504,0,3,36
1198,0,1,11110,11504,0,3,27
1199,0,1,11111,11504,0,3,45
1200,0,1,11096,11481,1,3,41
1201,0,1,11158,11504,0,3,27
1202,0,1,11061,11504,0,3,32
1203,0,1,11102,11504,0,3,32
1204,0,1,10919,11185,1,3,28
1205,0,1,10997,11504,0,3,47
1206,0,1,11049,11504,0,3,28
1207,0,1,11131,11347,1,3,38
1208,0,1,11028,11163,1,3,49
1209,0,1,11064,11067,1,7,55
1210,0,1,11092,11504,0,3,30
1211,0,1,10584,10602,1,4,23
1212,0,1,11171,11391,1,3,43
1213,0,1,10759,11504,0,3,39
1214,0,1,10986,11239,1,3,33
1215,0,1,11080,11504,0,3,43
1216,0,1,11167,11504,0,3,24
1217,0,1,11048,11504,0,3,46
1218,0,1,10963,11501,1,4,26
1219,0,1,10978,11236,1,3,34
1220,0,1,10860,11256,1,4,28
1221,0,1,10963,11504,0,3,26
1222,0,1,10917,11504,0,3,42
1223,0,0,10237,11087,1,2,50
1224,0,1,11038,11130,1,3,42
1225,0,1,10936,11504,0,3,29
1226,0,1,10797,11504,0,3,32
1227,0,1,11028,11504,0,3,27
1228,0,1,11036,11504,0,3,40
1229,0,1,10940,11432,1,3,28
1230,0,1,11040,11504,0,3,39
1231,0,1,11085,11504,0,3,35
1232,0,1,10925,11504,0,3,35
1233,0,1,11162,11504,0,3,30
1234,0,1,9933,10028,1,3,51
1235,0,1,10917,11504,0,7,28
1236,0,1,10982,11504,0,0,46
1237,0,0,11000,11462,1,5,32
1238,0,1,11050,11097,1,3,29
1239,0,1,10502,11504,0,3,27
1240,0,1,11107,11504,0,3,33
1241,0,1,10828,11504,0,3,37
1242,0,1,11087,11208,1,3,44
1243,0,1,11134,11504,0,3,41
1244,0,1,10931,10951,1,7,41
1245,0,1,9944,10033,1,3,44
1246,0,1,10715,11504,0,7,31
1247,0,1,10093,10579,1,3,43
1248,0,1,11210,11504,0,3,38
1249,0,1,10286,10347,1,3,39
1250,0,1,11162,11504,0,3,30
1251,0,1,9986,9987,1,3,42
1252,0,1,11054,11504,0,3,43
1253,0,1,10663,11504,0,3,32
1254,0,1,11031,11455,1,3,33
1255,0,1,11130,11402,1,7,67
1256,0,1,10863,11504,0,3,30
1257,0,1,11067,11465,1,3,29
1258,0,1,11164,11504,0,3,32
1259,0,1,11145,11504,0,3,36
1260,0,1,11126,11328,1,3,43
1261,0,1,10616,11504,0,3,28
1262,0,1,10868,11504,0,3,49
1263,0,1,10878,11504,0,3,28
1264,0,1,11122,11152,1,3,54
1265,0,1,10968,11504,0,3,55
1266,0,1,11143,11504,0,4,32
1267,0,1,11102,11504,0,3,40
1268,0,1,11205,11504,0,3,46
1269,0,1,11077,11504,0,3,31
1270,0,1,11094,11504,0,3,30
1271,0,1,11019,11504,0,3,42
1272,0,1,10905,11504,0,3,32
1273,0,1,10104,10207,1,1,25
1274,0,1,10988,11491,0,1,16
1275,0,1,9746,9817,1,1,56
1276,0,1,10309,10448,1,1,29
1277,0,1,10711,10770,1,1,62
1278,0,1,10942,11034,1,1,14
1279,0,1,10955,11207,1,1,28
1280,0,1,11012,11102,1,1,30
1281,0,1,11023,11054,1,3,43
1282,0,1,11154,11504,0,3,30
1283,0,1,11053,11250,1,3,47
1284,0,1,11095,11504,0,3,37
1285,0,1,11073,11194,1,3,29
1286,0,1,11136,11481,1,3,33
1287,0,0,11066,11504,0,5,24
1288,0,1,11109,11504,0,3,39
1289,0,1,11236,11504,0,3,35
1290,0,1,11227,11504,0,3,66
1291,0,1,10345,11352,1,3,43
1292,0,1,11028,11504,0,3,31
1293,0,1,11240,11504,0,3,30
1294,0,1,10724,11504,0,3,38
1295,0,1,11209,11412,1,3,37
1296,0,1,11204,11217,1,3,42
1297,0,1,11214,11504,0,3,48
1298,0,1,10876,11504,0,4,22
1299,0,1,11135,11504,0,3,42
1300,0,1,11148,11504,0,3,44
1301,0,1,10643,11275,1,3,27
1302,0,1,11188,11504,0,3,29
1303,0,1,11223,11245,1,3,35
1304,0,1,11100,11234,1,3,39
1305,0,1,11168,11348,1,3,45
1306,0,1,11204,11504,0,3,41
1307,0,1,11177,11186,1,3,32
1308,0,1,11123,11418,1,3,39
1309,0,1,11258,11504,0,3,24
1310,0,1,11211,11504,0,3,39
1311,0,1,11222,11504,0,3,29
1312,0,1,10991,11504,0,3,30
1313,0,1,11131,11504,0,3,52
1314,0,0,10639,11504,0,5,30
1315,0,0,11025,11227,1,0,42
1316,0,1,11143,11504,0,3,32
1317,0,1,11027,11504,0,3,33
1318,0,1,10921,10930,1,3,48
1319,0,1,11046,11504,0,3,25
1320,0,1,10973,11504,0,3,26
1321,0,1,10402,10544,1,3,31
1322,0,1,11047,11147,1,3,47
1323,0,1,10960,11065,1,3,47
1324,0,1,10355,10797,1,3,35
1325,0,1,10696,11504,0,3,37
1326,0,1,10976,11090,1,3,45
1327,0,1,11003,11504,0,2,34
1328,0,1,10937,11133,1,2,35
1329,0,1,11125,11441,1,2,58
1330,0,1,11146,11361,1,3,47
1331,0,1,10577,11190,1,3,36
1332,0,1,11198,11237,1,3,26
1333,0,1,11118,11164,1,3,53
1334,0,1,11268,11388,1,3,27
1335,0,1,11248,11504,0,3,28
1336,0,1,11282,11504,0,3,46
1337,0,1,11203,11504,0,3,35
1338,0,1,11192,11504,0,3,38
1339,0,1,10989,11234,1,3,46
1340,0,1,11175,11206,1,3,52
1341,0,1,11218,11504,0,3,47
1342,0,1,11247,11423,1,3,38
1343,0,1,11167,11320,1,3,43
1344,0,1,11200,11504,0,3,45
1345,0,1,11238,11504,0,3,50
1346,0,1,11282,11504,0,3,34
1347,0,1,11153,11504,0,3,43
1348,0,1,11060,11504,0,3,39
1349,0,1,11231,11504,0,3,49
1350,0,1,11162,11504,0,3,44
1351,0,1,11239,11504,0,3,43
1352,0,1,11074,11504,0,3,35
1353,0,1,11145,11504,0,7,39
1354,0,1,11283,11504,0,3,27
1355,0,1,11197,11504,0,3,34
1356,0,1,11289,11504,0,3,27
1357,0,1,11171,11431,1,1,66
1358,0,1,10899,11504,0,3,46
1359,0,1,9554,9569,1,0,52
1360,0,1,11149,11504,0,1,25
1361,0,1,11218,11504,0,3,30
1362,0,1,9588,9598,1,3,34
1363,0,1,11026,11504,0,3,32
1364,0,1,11118,11441,1,3,34
1365,0,1,11280,11375,1,7,34
1366,0,1,10751,11504,0,3,36
1367,0,1,11060,11504,0,1,18
1368,0,1,10752,10752,1,3,25
1369,0,1,11276,11504,0,7,36
1370,0,1,11257,11504,0,3,38
1371,0,1,11198,11504,0,3,45
1372,0,1,11172,11504,0,3,21
1373,0,1,11143,11504,0,1,62
1374,0,1,11168,11504,0,3,32
1375,0,1,11263,11504,0,3,34
1376,0,1,11205,11235,1,7,27
1377,0,1,11163,11504,0,3,54
1378,0,1,11174,11504,0,3,53
1379,0,1,11205,11504,0,3,25
1380,0,1,11215,11504,0,3,33
1381,0,1,11178,11504,0,3,45
1382,0,1,11067,11504,0,3,57
1383,0,1,11274,11504,0,3,25
1384,0,1,11128,11385,1,3,26
1385,0,1,10887,11504,0,3,36
1386,0,1,11245,11381,1,3,51
1387,0,1,11054,11343,1,3,30
1388,0,1,11289,11504,0,3,35
1389,0,1,11157,11322,1,3,52
1390,0,1,11147,11504,0,3,27
1391,0,1,11212,11485,1,3,42
1392,0,1,11240,11504,0,3,37
1393,0,1,10808,11295,1,3,41
1394,0,1,11273,11504,0,3,34
1395,0,1,11121,11138,1,3,56
1396,0,1,11190,11191,1,3,56
1397,0,1,11308,11504,0,3,52
1398,0,1,11178,11504,0,3,27
1399,0,1,11205,11504,0,3,38
1400,0,1,11208,11504,0,3,43
1401,0,1,11194,11504,0,3,30
1402,0,1,11276,11504,0,3,39
1403,0,1,11200,11504,0,3,33
1404,0,1,11162,11504,0,3,41
1405,0,1,11266,11504,0,3,66
1406,0,1,11283,11504,0,3,31
1407,0,1,11235,11504,0,3,34
1408,0,1,10995,11504,0,3,55
1409,0,1,11234,11322,1,3,78
1410,0,1,11232,11384,1,3,25
1411,0,1,10730,11036,1,3,33
1412,0,1,11264,11504,0,3,36
1413,0,0,11101,11504,0,2,33
1414,0,1,10927,10934,1,3,37
1415,0,1,11239,11504,0,3,41
1416,0,1,11282,11504,0,3,36
1417,0,1,11324,11504,0,3,40
1418,0,1,11230,11443,1,3,45
1419,0,1,11269,11504,0,3,37
1420,0,1,10308,11504,0,3,57
1421,0,1,10690,11504,0,3,28
1422,0,1,11117,11504,0,3,32
1423,0,1,9470,11410,1,4,33
1424,0,1,11026,11504,0,0,26
1425,0,1,11151,11504,0,3,32
1426,0,1,10431,10813,1,3,30
1427,0,1,10959,11258,1,3,37
1428,0,1,10783,11504,0,3,37
1429,0,1,11066,11504,0,3,44
1430,0,1,11139,11504,0,3,26
1431,0,1,10702,11504,0,3,20
1432,0,1,10859,11504,0,3,26
1433,0,1,10844,11123,1,3,48
1434,0,1,10970,11504,0,3,25
1435,0,1,10583,10706,1,3,33
1436,0,1,11309,11504,0,3,45
1437,0,1,11030,11102,1,3,35
1438,0,1,10811,11252,1,3,36
1439,0,1,11025,11504,0,3,32
1440,0,1,10948,11307,1,3,27
1441,0,1,10949,11504,0,1,33
1442,0,0,11092,11490,0,7,27
1443,0,1,10947,11242,1,3,26
1444,0,0,10503,11197,1,2,27
1445,0,1,11025,11504,0,3,43
1446,0,1,10960,11504,0,3,26
1447,0,1,10985,11504,0,3,29
1448,0,1,11107,11108,1,3,45
1449,0,0,9392,11504,0,0,53
1450,0,1,11228,11504,0,3,38
1451,0,1,10767,11399,1,7,38
1452,0,1,11000,11081,1,3,41
1453,0,1,11240,11504,0,3,45
1454,0,1,11284,11504,0,3,37
1455,0,1,11200,11504,0,3,33
1456,0,1,11155,11504,0,3,41
1457,0,1,10286,11504,0,3,37
1458,0,1,11203,11504,0,3,40
1459,0,1,10965,11504,0,3,40
1460,0,1,11254,11504,0,3,36
1461,0,1,11315,11504,0,3,31
1462,0,1,10991,11504,0,3,46
1463,0,1,11117,11504,0,3,30
1464,0,1,10668,11504,0,3,40
1465,0,1,11245,11504,0,3,25
1466,0,0,11137,11504,0,2,65
1467,0,1,11110,11504,0,3,28
1468,0,1,11178,11289,1,3,37
1469,0,1,11177,11337,1,3,52
1470,0,1,11235,11251,1,3,55
1471,0,1,11143,11504,0,3,32
1472,0,1,11073,11105,1,3,23
1473,0,1,11255,11504,0,3,46
1474,0,1,11035,11504,0,3,46
1475,0,0,11106,11148,1,0,64
1476,0,1,11097,11504,0,3,37
1477,0,1,11187,11504,0,3,27
1478,0,1,11201,11504,0,3,30
1479,0,1,11242,11504,0,3,45
1480,0,1,9270,9274,1,3,27
1481,0,1,11134,11154,1,3,64
1482,0,1,9051,11504,0,0,16
1483,0,1,11158,11504,0,3,35
1484,0,1,11279,11504,0,3,24
1485,0,1,11307,11421,1,3,29
1486,0,1,11218,11376,1,1,44
1487,0,1,11298,11504,0,3,24
1488,0,1,10220,11504,0,3,35
1489,0,1,11125,11504,0,3,39
1490,0,1,11124,11504,0,7,32
1491,0,1,11073,11504,0,3,21
1492,0,1,10601,11504,0,3,25
1493,0,1,10704,11504,0,3,32
1494,0,1,11301,11504,0,3,28
1495,0,1,10463,11504,0,3,41
1496,0,1,11153,11504,0,3,29
1497,0,1,10416,11504,0,3,45
1498,0,1,11071,11504,0,3,41
1499,0,1,11205,11504,0,3,60
1500,0,1,11054,11163,1,3,37
1501,0,1,10515,11504,0,3,51
1502,0,1,10901,11504,0,3,40
1503,0,1,11223,11504,0,3,43
1504,0,1,11284,11504,0,3,34
1505,0,1,11200,11504,0,2,42
1506,0,1,11367,11504,0,3,48
1507,0,1,11233,11504,0,3,27
1508,0,1,11327,11504,0,3,37
1509,0,1,11316,11504,0,3,33
1510,0,1,11205,11504,0,3,29
1511,0,1,11237,11278,1,3,37
1512,0,1,11332,11504,0,3,40
1513,0,1,10859,11453,1,3,34
1514,0,1,11232,11504,0,3,42
1515,0,1,11194,11504,0,3,34
1516,0,1,11301,11504,0,3,39
1517,0,1,11296,11504,0,3,34
1518,0,1,11253,11504,0,3,39
1519,0,1,11343,11504,0,3,31
1520,0,1,11334,11504,0,3,39
1521,0,1,11177,11504,0,3,41
1522,0,1,11218,11504,0,3,32
1523,0,1,11293,11504,0,3,25
1524,0,1,11205,11327,1,3,53
1525,0,1,11318,11504,0,3,36
1526,0,1,11346,11504,0,3,44
1527,0,1,11375,11504,0,3,43
1528,0,1,11292,11504,0,3,42
1529,0,1,11388,11504,0,3,28
1530,0,1,11278,11346,1,3,41
1531,0,1,11223,11504,0,3,29
1532,0,1,11278,11504,0,3,44
1533,0,1,11383,11504,0,3,37
1534,0,1,11337,11504,0,3,33
1535,0,1,11277,11442,1,3,26
1536,0,1,11362,11504,0,3,35
1537,0,1,11336,11504,0,3,36
1538,0,1,11306,11504,0,3,35
1539,0,1,11331,11504,0,3,33
1540,0,1,11352,11504,0,3,43
1541,0,1,11376,11443,1,3,47
1542,0,1,10943,11504,0,3,39
1543,0,1,11223,11504,0,2,29
1544,0,1,11256,11504,0,3,32
1545,0,1,11373,11504,0,3,53
1546,0,1,11321,11504,0,0,56
1547,0,0,11414,11504,0,5,28
1548,0,0,11328,11423,1,0,42
1549,0,1,11263,11504,0,3,45
1550,0,1,11054,11275,1,0,63
1551,0,1,11165,11331,1,3,40
1552,0,1,11399,11504,0,3,28
1553,0,1,11391,11504,0,3,42
1554,0,1,11249,11504,0,3,26
1555,0,1,11337,11504,0,4,26
1556,0,1,11372,11504,0,3,29
1557,0,1,11264,11264,1,3,43
1558,0,1,11360,11425,1,3,44
1559,0,1,11208,11504,0,3,39
1560,0,1,11325,11504,0,3,41
1561,0,1,11309,11504,0,3,42
1562,0,1,11448,11504,0,3,45
1563,0,1,11399,11504,0,3,31
1564,0,1,11358,11493,0,3,56
1565,0,1,11359,11504,0,3,36
1566,0,1,11093,11401,1,3,42
1567,0,1,11335,11487,1,3,30
1568,0,1,11300,11504,0,3,24
1569,0,1,11285,11363,1,4,29
1570,0,1,11316,11504,0,3,29
1571,0,0,11300,11504,0,5,32
1572,0,1,11323,11504,0,7,43
1573,0,1,11365,11504,0,3,22
1574,0,1,11319,11504,0,3,40
1575,0,1,11372,11504,0,3,39
1576,0,1,11334,11504,0,3,47
1577,0,1,11336,11504,0,7,50
1578,0,1,11289,11504,0,3,25
1579,0,1,11324,11504,0,3,35
1580,0,1,11280,11504,0,3,38
1581,0,1,11430,11504,0,3,28
1582,0,1,11280,11504,0,3,27
1583,0,1,11302,11504,0,3,44
1584,0,1,11368,11504,0,3,40
1585,0,1,11298,11504,0,3,39
1586,0,1,11292,11504,0,3,65
1587,0,1,11327,11504,0,3,32
1588,0,1,11230,11504,0,3,30
1589,0,1,11317,11504,0,3,22
1590,0,1,10398,11504,0,3,29
1591,0,1,11254,11454,1,3,51
1592,0,1,11078,11504,0,5,27
1593,0,1,11421,11504,0,3,48
1594,0,1,11441,11504,0,3,40
1595,0,1,11394,11504,0,3,44
1596,0,1,11384,11504,0,3,55
1597,0,1,11453,11504,0,3,31
1598,0,1,11414,11504,0,3,44
1599,0,1,11446,11504,0,3,37
1600,0,1,11472,11504,0,0,55
1601,0,1,11330,11504,0,3,29
1602,0,1,11402,11504,0,3,47
1603,0,1,11168,11220,1,3,33
1604,0,1,11386,11504,0,3,39
1605,0,1,11421,11504,0,3,29
1606,0,1,11434,11504,0,3,30
1607,0,1,11368,11504,0,3,30
1608,0,1,11269,11504,0,4,41
1609,0,1,11313,11504,0,3,44
1610,0,1,11208,11463,1,3,53
1611,0,1,11417,11498,0,3,35
1612,0,1,11332,11504,0,3,28
1613,0,1,11453,11504,0,3,42
1614,0,1,11432,11504,0,3,27
1615,0,1,11362,11504,0,3,43
1616,0,1,11480,11504,0,3,55
1617,0,1,11501,11504,0,7,56
1618,0,1,11399,11504,0,1,30
1619,0,1,11442,11504,0,1,29
1620,0,1,11414,11504,0,3,42
1621,0,1,11407,11504,0,3,36
1622,0,1,11348,11504,0,3,41
1623,0,1,11469,11504,0,3,40
1624,0,1,11108,11480,1,3,45
1625,0,1,11456,11504,0,3,27
1626,0,1,11357,11504,0,0,34
1627,0,1,11106,11504,0,3,40
1628,0,1,10116,11291,1,0,72
1629,0,1,11080,11504,0,3,23
1630,0,1,11458,11504,0,3,26
1631,0,1,11392,11504,0,3,40
1632,0,1,11226,11504,0,3,46
1633,0,1,11490,11504,0,3,45
1634,0,1,11307,11504,0,5,28
1635,0,1,11404,11504,0,3,30
1636,0,1,11351,11504,0,7,31
1637,0,0,11455,11504,0,7,29
1638,0,1,11441,11504,0,3,43
1639,0,1,11469,11504,0,3,46
1640,0,1,11391,11504,0,3,32
1641,0,1,11363,11416,1,3,32
1642,0,1,11407,11467,1,3,43
1643,0,1,11367,11424,1,3,22
1644,0,1,11437,11504,0,3,37
1645,0,1,11411,11504,0,3,26
1646,0,1,11407,11504,0,3,34
1647,0,1,11448,11504,0,3,32
1648,0,1,11477,11504,0,3,41
1649,0,1,11385,11504,0,3,29
1650,0,1,11502,11504,0,3,39
1651,0,1,11092,11391,1,3,34
1652,0,1,11466,11504,0,3,31
1653,0,1,11413,11504,0,3,26
1654,0,1,11503,11504,0,3,56
1655,0,1,11463,11504,0,3,77
1656,0,1,11209,11370,1,3,37
1657,0,0,9310,9788,1,0,73
1658,0,1,9301,9301,1,0,80
1659,0,1,11421,11450,1,3,50
1660,0,1,11454,11504,0,1,36
1661,0,1,11376,11504,0,3,32
1662,0,1,11392,11504,0,3,28
1663,0,1,11437,11504,0,3,54
1664,0,1,11358,11378,1,3,62
1665,0,1,11393,11504,0,3,33
1666,0,1,11493,11504,0,3,69
1667,0,1,11145,11504,0,3,25
1668,0,1,11324,11504,0,3,46
1669,0,1,11401,11504,0,3,35
1670,0,1,11423,11504,0,3,28
1671,0,1,11442,11504,0,3,57
1672,0,1,11287,11446,1,3,40
1673,0,1,11376,11377,1,3,35
1674,0,1,11431,11431,1,3,42
1675,0,1,11394,11504,0,3,24
1676,0,1,11076,11504,0,3,41
1677,0,1,11366,11446,1,3,30
1678,0,1,11484,11504,0,3,43
1679,0,1,11467,11504,0,3,31
1680,0,1,11502,11504,0,3,26
1681,0,1,11423,11504,0,3,42
1682,0,1,11431,11504,0,3,38
1683,0,1,11288,11370,1,3,34
1684,0,1,11484,11504,0,3,31
1685,0,1,11459,11504,0,3,47
1686,0,1,11451,11504,0,3,54
1687,0,1,11438,11504,0,3,28
1688,0,1,11493,11504,0,3,28
1689,0,1,11421,11504,0,3,46
1690,0,1,11501,11504,0,3,35
1691,0,1,11405,11504,0,3,35
1692,0,1,11501,11504,0,3,35
1693,0,1,11498,11504,0,3,29
1694,0,1,11430,11504,0,3,60
1695,0,1,11397,11504,0,2,37
1696,0,1,11372,11504,0,3,42
1697,0,1,11309,11424,1,3,59
1698,0,1,11398,11504,0,3,42
1699,0,1,11404,11504,0,5,34
1700,0,1,11464,11504,0,3,46
1701,0,1,11415,11504,0,0,59
1702,0,1,11414,11504,0,3,28
1703,0,1,11266,11504,0,3,29
1704,0,1,10148,11504,0,3,31
1705,0,1,11492,11504,0,3,44
1706,0,1,11467,11504,0,5,21
1707,0,1,11294,11433,1,3,24
1708,0,1,11304,11398,1,3,43
1709,0,1,11443,11504,0,3,24
1710,0,1,11236,11478,1,3,41
1711,0,1,11325,11447,1,3,42
1712,0,0,11470,11504,0,5,30
1713,0,1,11454,11504,0,3,37
1714,0,1,11435,11504,0,3,29
1715,0,1,11495,11504,0,4,33
1716,0,1,11485,11504,0,3,33
1717,0,1,11301,11504,0,3,49
1718,0,1,11495,11504,0,3,29
1719,0,1,11482,11504,0,3,26
1720,0,1,11406,11420,1,3,30
1721,0,1,11400,11504,0,3,36
1722,0,1,11416,11504,0,3,25
1723,0,1,11369,11501,0,3,35
1724,0,1,11345,11504,0,3,26
1725,0,1,11442,11504,0,3,31
1726,0,1,9209,11504,0,0,73
1727,0,1,11501,11504,0,3,45
1728,0,1,11336,11504,0,4,25
1729,0,0,11484,11504,0,5,42
1730,0,1,11481,11504,0,3,30
1731,0,1,11393,11504,0,3,36
1732,0,1,11315,11504,0,3,48
1733,0,1,11361,11504,0,3,38
1734,0,1,11371,11443,1,5,37
1735,0,1,11470,11504,0,3,50
1736,0,1,11340,11413,1,3,34
1737,0,1,11431,11504,0,7,43
1738,0,1,11433,11504,0,3,33
1739,0,1,11441,11504,0,3,49
1740,0,1,11392,11504,0,3,35
1741,0,1,10387,11504,0,3,28
1742,0,1,11484,11504,0,3,35
1743,0,1,11481,11504,0,3,22
1744,0,1,11202,11504,0,3,44
1745,0,1,11059,11504,0,3,31
1746,0,0,11500,11504,0,0,46
1747,0,1,11407,11504,0,3,40
1748,0,1,11387,11504,0,3,41
1749,0,1,11397,11504,0,0,39
1750,0,1,11295,11504,0,3,24
1751,0,1,11428,11504,0,3,30
1752,0,1,11432,11504,0,3,42
1753,0,1,11410,11504,0,3,38
1754,0,1,11143,11504,0,3,39
1755,0,1,11503,11504,0,3,32
1756,0,1,11492,11504,0,3,63
1757,0,1,11371,11504,0,3,42
1758,0,0,10710,11504,0,5,24
1759,0,1,11431,11504,0,3,41
1760,0,1,11437,11504,0,3,21
1761,0,1,11259,11504,0,3,40
1762,0,1,11086,11300,1,3,31
1763,0,1,11362,11504,0,3,31
1764,0,1,11331,11504,0,3,48
1765,0,1,11342,11450,1,3,48
1766,0,1,11457,11504,0,3,37
1767,0,1,10959,11504,0,3,44
1768,0,1,10943,11504,0,3,30
1769,0,1,11329,11504,0,3,48
1770,0,1,10338,11504,0,3,42
1771,0,1,11258,11504,0,3,47
1772,0,0,11196,11370,1,0,50
1773,0,1,11158,11504,0,3,30
1774,0,1,11212,11504,0,3,44
1775,0,1,10849,11379,1,3,29
1776,0,1,10971,11453,1,3,46
1777,0,1,9353,11504,0,7,31
1778,0,1,11486,11504,0,3,42
1779,0,1,11489,11504,0,3,55
1780,0,1,11046,11504,0,3,30
1781,1,1,9321,11504,0,3,25
1782,1,1,9381,9424,1,3,35
1783,1,1,10745,10745,1,3,41
1784,1,1,11093,11242,1,3,45
1785,1,1,11330,11504,0,3,48
1786,1,1,11379,11504,0,5,35
1787,1,1,11425,11504,0,3,29
1788,1,1,11419,11504,0,1,51
1789,2,1,9023,9039,1,0,0
1790,2,1,8963,8979,1,0,0
1791,2,1,9199,9215,1,0,1
1792,2,1,9167,9176,1,3,30
1793,2,1,9151,9956,1,3,27
1794,2,1,8815,8815,1,0,0
1795,2,0,9194,9239,1,0,45
1796,2,1,9208,9224,1,3,28
1797,2,1,9200,9308,1,3,52
1798,2,1,9235,9654,1,3,42
1799,2,1,9318,9395,1,3,46
1800,2,1,9278,9994,1,3,36
1801,2,1,9384,9673,1,3,32
1802,2,0,9495,9753,1,0,66
1803,2,1,9490,9567,1,3,51
1804,2,1,9316,9788,1,3,41
1805,2,1,9245,9381,1,0,59
1806,2,1,9586,9877,1,3,25
1807,2,1,9652,10236,1,3,35
1808,2,1,9681,9696,1,3,45
1809,2,1,9718,10754,1,3,43
1810,2,1,9730,9777,1,3,22
1811,2,1,10770,11504,0,4,29
1812,2,1,9820,9820,1,3,34
1813,2,1,9728,11504,0,3,50
1814,2,1,9815,9892,1,3,48
1815,2,1,9972,10518,1,3,35
1816,2,1,9868,9881,1,0,3
1817,2,1,9873,10028,1,0,56
1818,2,1,9869,10033,1,3,36
1819,2,0,9905,10801,1,2,25
1820,2,1,9983,10003,1,3,50
1821,2,1,9981,10928,1,3,48
1822,2,1,9912,9967,1,3,38
1823,2,1,9949,9989,1,3,37
1824,2,1,10005,10891,1,3,38
1825,2,1,10051,11052,1,3,50
1826,2,1,9978,9980,1,3,30
1827,2,1,9988,10049,1,3,32
1828,2,1,9750,9752,1,3,47
1829,2,1,10039,10862,0,3,20
1830,2,1,10102,10792,1,3,35
1831,2,1,10228,10509,1,1,21
1832,2,1,10237,11504,0,3,32
1833,2,1,10248,11504,0,0,44
1834,2,1,10122,10466,1,3,39
1835,2,1,10259,10261,1,3,27
1836,2,1,10130,10834,1,3,39
1837,2,1,9454,9590,1,0,73
1838,2,0,9938,10011,1,0,60
1839,2,1,10236,11139,1,3,30
1840,2,1,10330,11167,1,3,31
1841,2,1,10323,10523,1,3,43
1842,2,1,10173,11031,1,3,34
1843,2,1,9765,10059,1,3,26
1844,2,1,10330,10345,1,3,44
1845,2,1,9777,11276,1,3,45
1846,2,1,10280,10718,1,3,30
1847,2,1,10365,10996,1,3,37
1848,2,1,10437,11115,1,3,33
1849,2,1,10338,10758,1,3,51
1850,2,1,10354,10583,1,2,37
1851,2,1,10424,10518,1,3,43
1852,2,1,10329,11044,1,4,30
1853,2,1,10365,11504,0,3,48
1854,2,1,10340,10513,1,3,32
1855,2,1,10689,11504,0,3,46
1856,2,1,10466,10480,1,3,51
1857,2,1,10498,10733,1,3,46
1858,2,1,10553,11381,1,3,47
1859,2,1,10523,11504,0,3,41
1860,2,1,10518,10928,1,3,41
1861,2,1,10557,11122,1,3,31
1862,2,1,10549,10556,1,3,45
1863,2,1,10557,10560,1,3,36
1864,2,1,10269,10272,1,3,36
1865,2,1,10581,10748,1,3,51
1866,2,1,10458,10731,1,4,34
1867,2,1,10611,11469,1,3,32
1868,2,1,10643,10831,1,3,50
1869,2,1,10776,11504,0,3,31
1870,2,1,10633,11504,0,3,28
1871,2,1,10631,10633,1,3,52
1872,2,1,10688,11418,1,3,33
1873,2,1,10570,10914,1,3,37
1874,2,1,10513,11093,1,3,24
1875,2,1,10674,11504,0,3,49
1876,2,1,10680,10879,1,3,41
1877,2,1,10645,11338,1,3,52
1878,2,1,10779,10839,1,3,32
1879,2,1,10674,11446,1,3,37
1880,2,1,10816,11225,1,3,45
1881,2,1,10741,11220,1,3,49
1882,2,1,10662,10757,1,3,29
1883,2,1,10716,11504,0,3,38
1884,2,1,10239,10789,1,3,39
1885,2,1,10772,10779,1,7,70
1886,2,1,10487,10903,1,3,29
1887,2,1,10860,10908,1,3,66
1888,2,1,10723,10729,1,3,24
1889,2,1,10794,11150,1,3,40
1890,2,1,10945,10953,1,3,57
1891,2,0,10841,11193,1,5,24
1892,2,1,10875,11504,0,3,39
1893,2,1,10702,11188,1,3,42
1894,2,1,10765,10799,1,3,47
1895,2,1,10545,10884,1,1,19
1896,2,1,10848,10998,1,3,45
1897,2,1,10826,10856,1,3,42
1898,2,1,10874,11191,1,3,36
1899,2,1,10564,10957,1,3,29
1900,2,1,10396,10963,1,3,36
1901,2,1,10773,11414,1,3,33
1902,2,1,10985,11180,1,1,35
1903,2,1,10328,11001,1,3,34
1904,2,1,11063,11504,0,7,51
1905,2,1,10915,11504,0,3,35
1906,2,1,10369,11504,0,5,30
1907,2,1,10588,11299,1,7,23
1908,2,1,10917,11108,1,3,34
1909,2,1,10568,11436,1,3,46
1910,2,1,10723,11208,1,3,28
1911,2,1,10679,11269,1,3,61
1912,2,1,10751,11476,1,3,25
1913,2,1,10759,10988,1,3,33
1914,2,1,11042,11504,0,3,46
1915,2,1,10897,10901,1,3,35
1916,2,1,10911,11504,0,3,52
1917,2,1,10912,11504,0,3,44
1918,2,0,10995,11262,1,0,32
1919,2,1,11024,11504,0,3,32
1920,2,1,10969,11504,0,3,44
1921,2,1,11106,11504,0,3,47
1922,2,1,11137,11142,1,3,28
1923,2,1,10885,11084,1,3,42
1924,2,1,11075,11504,0,3,42
1925,2,1,11036,11504,0,3,29
1926,2,1,10843,11330,1,3,33
1927,2,1,11061,11504,0,3,29
1928,2,1,11118,11334,1,3,41
1929,2,1,11134,11504,0,5,28
1930,2,1,11160,11504,0,3,26
1931,2,1,11146,11504,0,3,42
1932,2,1,11086,11186,1,3,51
1933,2,1,11031,11155,1,3,50
1934,2,1,11193,11211,1,3,43
1935,2,1,11019,11198,1,3,56
1936,2,1,11054,11089,1,3,29
1937,2,1,11172,11504,0,3,31
1938,2,1,10151,11154,1,3,40
1939,2,1,11241,11241,0,3,49
1940,2,1,11282,11504,0,3,35
1941,2,0,11306,11504,0,6,6
1942,2,1,11258,11504,0,3,42
1943,2,1,11214,11230,1,3,27
1944,2,1,11234,11504,0,3,32
1945,2,1,11008,11504,0,3,24
1946,2,1,11047,11504,0,3,40
1947,2,1,10940,11213,1,3,35
1948,2,1,10989,11504,0,4,35
1949,2,1,11286,11462,1,3,35
1950,2,1,11131,11437,1,3,34
1951,2,1,10934,11392,1,3,28
1952,2,1,11155,11504,0,3,49
1953,2,1,11119,11504,0,3,21
1954,2,1,11218,11481,1,3,25
1955,2,1,10890,11441,1,3,33
1956,2,1,11270,11504,0,3,33
1957,2,1,11033,11443,1,3,36
1958,2,1,11053,11504,0,3,53
1959,2,1,11190,11392,1,3,30
1960,2,1,11012,11504,0,3,31
1961,2,1,11192,11504,0,3,45
1962,2,1,10819,11174,1,3,29
1963,2,1,11070,11504,0,2,25
1964,2,1,11351,11410,1,3,37
1965,2,1,11333,11392,1,3,17
1966,2,1,11089,11504,0,3,36
1967,2,1,11165,11504,0,3,32
1968,2,1,11275,11285,1,3,47
1969,2,1,11392,11504,0,3,35
1970,2,1,11147,11504,0,3,44
1971,2,1,11246,11282,1,3,26
1972,2,1,11277,11504,0,3,43
1973,2,1,11030,11504,0,3,34
1974,2,1,11320,11334,1,5,51
1975,2,1,11344,11504,0,7,25
1976,2,1,11301,11344,1,3,63
1977,2,1,11288,11504,0,3,28
1978,2,1,11275,11275,1,0,63
1979,2,1,10575,11189,1,3,53
1980,2,1,11336,11504,0,3,52
1981,2,0,10400,11485,1,2,47
1982,2,1,11283,11504,0,3,34
1983,2,1,11386,11504,0,3,30
1984,2,1,11312,11504,0,3,40
1985,2,1,11104,11504,0,3,41
1986,2,1,11240,11504,0,3,44
1987,2,1,11426,11504,0,3,57
1988,2,1,11407,11504,0,3,29
1989,2,1,9541,11504,0,3,46
1990,2,1,10385,11504,0,3,27
1991,2,1,10995,11007,1,3,22
1992,2,1,10105,10537,1,3,42
1993,2,1,11402,11504,0,1,12
1994,2,1,11363,11504,0,3,41
1995,2,1,11481,11504,0,3,29
1996,2,1,10574,10933,1,3,61
1997,2,1,10874,11504,0,3,46
1998,2,1,11435,11449,1,4,27
1999,2,1,11429,11504,0,3,40
2000,2,1,11478,11479,1,3,37
2001,2,1,9862,10777,1,2,33
2002,2,0,11455,11504,0,3,23
2003,2,1,11385,11504,0,3,48
2004,2,1,10567,10954,1,0,40
2005,2,1,11481,11504,0,3,41
2006,2,1,11442,11504,0,4,41
2007,2,1,11487,11504,0,3,36
2008,2,1,11185,11504,0,3,49
2009,2,1,11325,11504,0,3,28
2010,2,1,11401,11504,0,3,34
2011,2,1,11502,11504,0,4,36
2012,2,1,11404,11504,0,3,35
2013,2,1,11487,11504,0,3,45
2014,2,1,11335,11442,1,3,57
2015,1,1,9474,10319,1,3,34
2016,1,1,9541,9741,1,3,37
2017,1,1,9691,10050,1,4,32
2018,1,1,9793,9799,1,3,29
2019,1,1,9934,10509,1,3,26
2020,1,1,10035,10280,1,3,35
2021,1,1,10084,10506,1,5,41
2022,1,0,9447,9447,1,6,0
2023,1,1,10106,10223,1,3,35
2024,1,1,10126,10596,1,3,38
2025,1,1,10166,10454,1,3,35
2026,1,1,10091,10508,1,3,40
2027,1,1,9857,9997,1,3,37
2028,1,1,10217,11015,1,3,46
2029,1,1,10236,10896,1,3,31
2030,1,1,10324,10470,1,3,53
2031,1,1,10292,10330,1,3,40
2032,1,1,10308,10615,1,7,51
2033,1,1,10834,10838,1,3,35
2034,1,1,10279,10392,1,7,33
2035,1,1,10413,10611,1,3,36
2036,1,1,10887,11504,0,3,31
2037,1,1,10412,10988,1,3,32
2038,1,1,10370,10881,1,3,35
2039,1,1,10947,11504,0,3,41
2040,1,1,10520,11304,1,3,44
2041,1,1,10456,11138,1,3,28
2042,1,1,10532,10766,1,3,38
2043,1,1,10603,10614,1,3,41
2044,1,1,10570,11259,1,3,38
2045,1,1,10535,11504,0,3,43
2046,1,1,11018,11504,0,3,53
2047,1,1,10534,10841,1,3,37
2048,1,1,10597,11018,1,3,28
2049,1,1,10313,10636,1,5,32
2050,1,1,10689,11066,1,3,29
2051,1,1,10480,11039,1,3,38
2052,1,1,10608,10820,1,5,39
2053,1,1,10665,11367,1,3,53
2054,1,1,10574,11504,0,3,39
2055,1,1,10982,11504,0,3,46
2056,1,1,10916,11334,1,3,23
2057,1,1,10620,11079,1,3,38
2058,1,1,10536,10644,1,3,34
2059,1,1,10611,10846,1,3,34
2060,1,1,10616,11504,0,3,41
2061,1,1,10607,11358,1,3,39
2062,1,1,10702,11504,0,3,55
2063,1,0,10588,11504,0,5,27
2064,1,1,10835,11418,1,3,41
2065,1,1,10808,11504,0,3,43
2066,1,1,10705,11187,1,3,54
2067,1,1,10751,11376,1,3,55
2068,1,1,10779,10896,1,3,26
2069,1,1,10912,11501,0,3,51
2070,1,1,10790,11504,0,3,34
2071,1,1,10847,11132,1,3,29
2072,1,1,10808,11504,0,3,27
2073,1,1,10939,11504,0,3,45
2074,1,1,9276,11504,0,3,38
2075,1,1,10922,11268,1,3,30
2076,1,1,10994,11088,1,3,28
2077,1,1,10938,11504,0,5,32
2078,1,1,11150,11504,0,3,37
2079,1,1,11061,11504,0,6,6
2080,1,1,11161,11504,0,3,29
2081,1,1,11214,11504,0,3,59
2082,1,1,11095,11504,0,3,52
2083,1,1,10953,11504,0,3,33
2084,1,1,10791,11504,0,3,28
2085,1,1,11120,11504,0,3,28
2086,1,1,11152,11504,0,3,34
2087,1,0,10966,11504,0,2,35
2088,1,1,11106,11504,0,7,36
2089,1,1,11138,11280,1,3,38
2090,1,1,11034,11243,1,3,42
2091,1,1,11060,11504,0,3,26
2092,1,1,10865,11504,0,3,45
2093,1,1,10599,11504,0,3,42
2094,1,1,10852,11504,0,3,47
2095,1,1,11274,11504,0,2,40
2096,1,1,11248,11504,0,3,45
2097,1,1,11377,11504,0,3,47
2098,1,1,11272,11504,0,3,30
2099,1,1,11379,11504,0,3,39
2100,1,1,11275,11504,0,5,38
2101,1,1,11364,11504,0,3,32
2102,1,1,11410,11504,0,3,48
2103,1,1,11318,11357,1,3,37
2104,1,1,11376,11504,0,2,30
2105,1,1,11306,11504,0,3,27
2106,1,1,11419,11504,0,3,37
2107,1,1,11320,11504,0,3,50
2108,1,1,11493,11504,0,3,41
2109,1,1,11272,11504,0,3,55
2110,1,1,11500,11504,0,3,37
2111,1,1,11398,11504,0,3,48
2112,1,0,11286,11504,0,5,33
2113,1,1,9159,9163,1,3,34
2114,1,1,11121,11504,0,3,44
2115,1,0,10068,11005,1,2,21
2116,1,1,9968,10333,1,1,9
2117,1,1,10550,11052,1,1,31
2118,1,1,10677,11400,1,3,37
2119,1,1,10797,10944,1,3,34
2120,1,1,10869,11504,0,3,33
2121,1,1,10779,11504,0,3,40
2122,1,1,11032,11415,1,3,25
2123,1,1,11067,11091,1,7,39
2124,1,1,11150,11450,1,7,28
2125,1,1,11166,11504,0,1,45
2126,1,1,11297,11504,0,7,51
2127,1,1,11494,11504,0,3,28
2128,1,1,11287,11504,0,3,37
2129,3,1,8499,8568,1,3,43
2130,3,1,8582,8630,1,3,38
2131,3,1,8720,9045,1,3,47
2132,3,1,8791,8992,1,3,32
2133,3,1,8897,9084,1,3,51
2134,3,1,9016,9026,1,3,43
2135,3,1,9114,10002,1,3,27
2136,3,1,9050,9075,1,3,35
2137,3,1,9055,9394,1,3,29
2138,3,1,9164,10428,1,3,43
2139,3,1,9106,9435,1,3,30
2140,3,1,8974,9140,1,1,58
2141,3,1,9197,9561,1,3,30
2142,3,1,9246,9405,1,3,39
2143,3,1,9271,9641,1,3,37
2144,3,1,9416,9773,1,3,38
2145,3,1,8996,10760,1,3,23
2146,3,1,9499,10450,1,3,32
2147,3,1,9435,9940,1,3,43
2148,3,1,9563,9995,1,3,33
2149,3,1,9568,9584,1,3,33
2150,3,1,9572,9572,1,3,43
2151,3,1,9538,9860,1,3,51
2152,3,1,9637,9655,1,3,28
2153,3,1,9438,10680,1,3,31
2154,3,1,9544,11477,1,3,29
2155,3,1,9512,9942,1,3,52
2156,3,1,9627,9741,1,3,46
2157,3,1,9689,10193,1,3,40
2158,3,1,9624,9653,1,3,38
2159,3,1,9586,11504,0,3,40
2160,3,1,9606,9852,1,3,42
2161,3,1,9582,9965,1,3,38
2162,3,1,9691,10183,1,4,24
2163,3,1,9182,11434,1,3,34
2164,3,1,9668,9726,1,3,32
2165,3,1,9588,9998,1,3,34
2166,3,1,9712,9735,1,3,39
2167,3,1,9636,9638,1,3,61
2168,3,1,9665,9665,1,3,25
2169,3,1,9757,9771,1,3,23
2170,3,1,9767,10026,1,3,33
2171,3,1,9839,10820,1,3,47
2172,3,1,9643,10000,1,4,24
2173,3,1,9678,9878,1,3,41
2174,3,1,9784,9891,1,3,62
2175,3,1,9768,9777,1,3,39
2176,3,1,9804,11504,0,3,41
2177,3,1,9831,9869,1,3,26
2178,3,1,9784,10000,1,3,33
2179,3,1,9750,9943,1,3,59
2180,3,1,9784,10515,1,3,26
2181,3,1,9870,10333,1,3,43
2182,3,1,9779,10722,1,3,45
2183,3,1,9854,10011,1,3,39
2184,3,0,9809,10001,1,0,66
2185,3,1,9755,9876,1,3,37
2186,3,1,9799,10659,1,3,32
2187,3,1,9852,10411,1,3,29
2188,3,1,9936,10237,1,3,48
2189,3,1,9820,10321,1,3,25
2190,3,1,9934,10905,1,3,30
2191,3,1,9824,9830,1,3,26
2192,3,1,9962,10814,1,3,33
2193,3,1,9814,10140,1,3,44
2194,3,1,9977,10194,1,3,28
2195,3,1,9894,10811,1,3,29
2196,3,1,9939,10838,1,3,24
2197,3,1,9937,10601,1,3,25
2198,3,1,9863,10138,1,7,38
2199,3,1,9887,10237,1,3,55
2200,3,1,9940,10451,1,3,40
2201,3,1,9893,10815,1,3,25
2202,3,1,9847,10119,1,3,31
2203,3,1,9999,10942,1,3,41
2204,3,1,9908,11030,1,3,33
2205,3,1,9896,9911,1,3,25
2206,3,1,10121,11414,1,3,45
2207,3,1,9981,10269,1,3,31
2208,3,1,10035,11025,1,3,48
2209,3,1,10084,10979,1,3,47
2210,3,1,10031,10668,1,3,39
2211,3,1,10006,10631,1,3,38
2212,3,1,9957,10695,1,3,29
2213,3,1,9920,10598,1,3,37
2214,3,1,10108,10717,1,3,39
2215,3,1,10047,10796,1,3,36
2216,3,1,10098,10403,1,3,56
2217,3,1,10111,11504,0,3,38
2218,3,1,10027,10384,1,3,37
2219,3,1,10049,10788,1,3,28
2220,3,1,10021,10460,1,3,43
2221,3,1,9872,9905,1,3,39
2222,3,1,9922,10010,1,3,49
2223,3,1,10017,10861,1,3,28
2224,3,1,10079,10696,1,3,36
2225,3,1,10045,10703,1,3,35
2226,3,1,10047,11148,1,3,26
2227,3,1,10103,11108,1,4,28
2228,3,1,10104,10478,1,3,45
2229,3,1,10039,10079,1,3,32
2230,3,1,10125,11283,1,3,36
2231,3,1,10156,11174,1,3,25
2232,3,1,10136,10362,1,3,40
2233,3,1,10132,11503,0,3,41
2234,3,1,10063,10480,1,7,66
2235,3,1,10236,11249,1,3,34
2236,3,1,10225,10764,1,3,35
2237,3,0,10248,10298,1,2,50
2238,3,0,10177,11085,1,2,24
2239,3,1,10182,10815,1,3,22
2240,3,1,10105,10785,1,3,25
2241,3,1,10249,11277,1,3,39
2242,3,1,10138,11504,0,3,25
2243,3,1,10218,11283,1,3,36
2244,3,1,10095,10143,1,4,33
2245,3,1,10099,10151,1,3,62
2246,3,1,10180,10882,1,3,34
2247,3,1,10168,10442,1,3,34
2248,3,1,10238,10251,1,3,39
2249,3,1,10226,10565,1,3,25
2250,3,1,10228,10973,1,3,37
2251,3,1,10102,10102,1,3,36
2252,3,1,10134,10258,1,3,35
2253,3,1,10137,10137,1,3,39
2254,3,1,10123,10362,1,3,37
2255,3,1,10295,10550,1,3,35
2256,3,1,10155,10741,1,3,48
2257,3,1,10294,10355,1,3,48
2258,3,1,10296,10987,1,3,33
2259,3,1,10255,10559,1,3,37
2260,3,1,10208,10715,1,3,32
2261,3,1,10319,10760,1,3,23
2262,3,1,10185,10367,1,3,38
2263,3,1,10230,10997,1,3,25
2264,3,1,10229,10363,1,3,43
2265,3,1,10175,10761,1,3,31
2266,3,1,10267,10930,1,3,31
2267,3,1,10302,10303,1,3,53
2268,3,1,10268,11099,1,5,25
2269,3,1,10194,10593,1,3,42
2270,3,1,10356,11236,1,3,32
2271,3,1,10277,10633,1,3,47
2272,3,1,10246,11504,0,3,35
2273,3,1,10232,10882,1,3,48
2274,3,1,10296,11022,1,3,41
2275,3,1,10304,11477,1,3,25
2276,3,1,10210,10752,1,3,40
2277,3,1,10248,10891,1,3,33
2278,3,1,10373,11029,1,1,12
2279,3,1,10254,10287,1,3,28
2280,3,1,10283,10606,1,3,49
2281,3,1,10373,10390,1,3,27
2282,3,1,10415,10675,1,3,31
2283,3,1,10227,11247,1,3,38
2284,3,1,10341,11503,0,3,25
2285,3,1,10352,10354,1,3,39
2286,3,1,10338,11100,1,3,28
2287,3,1,10254,11137,1,3,36
2288,3,1,10258,10635,1,3,36
2289,3,1,10307,10642,1,3,40
2290,3,1,10295,10356,1,3,41
2291,3,1,10317,10728,1,3,37
2292,3,1,10396,11130,1,1,28
2293,3,1,10309,10594,1,3,32
2294,3,1,10367,10739,1,3,33
2295,3,1,10324,11035,1,3,34
2296,3,1,10451,10949,1,3,35
2297,3,1,10393,11504,0,3,57
2298,3,1,10339,11499,0,3,33
2299,3,1,10388,11492,1,3,34
2300,3,1,10336,10719,1,3,19
2301,3,1,10399,11019,1,3,35
2302,3,1,10348,10899,1,3,38
2303,3,1,10350,10907,1,3,38
2304,3,1,10387,10774,1,3,41
2305,3,1,10352,10487,1,3,26
2306,3,1,10336,11116,1,3,34
2307,3,1,10441,10610,1,3,51
2308,3,1,10397,11015,1,3,26
2309,3,1,10339,10376,1,3,29
2310,3,1,10090,10402,1,3,31
2311,3,1,9977,10539,1,3,31
2312,3,1,10449,11504,0,3,29
2313,3,1,10337,10984,1,3,33
2314,3,1,10331,11504,0,3,31
2315,3,1,10499,10990,1,3,34
2316,3,1,10369,11133,1,3,44
2317,3,1,10467,11029,1,3,40
2318,3,1,10377,11189,1,3,26
2319,3,1,10517,10522,1,3,46
2320,3,1,10446,10644,1,3,39
2321,3,0,10371,11504,0,2,25
2322,3,0,10378,10640,1,2,49
2323,3,1,10348,10422,1,3,31
2324,3,1,10507,11504,0,3,25
2325,3,1,10496,10654,1,3,42
2326,3,1,10433,11504,0,3,34
2327,3,1,10406,10468,1,3,28
2328,3,1,10428,10821,1,3,34
2329,3,1,10422,11433,1,3,56
2330,3,1,10390,10423,1,3,51
2331,3,1,10387,10843,1,3,37
2332,3,1,10508,11161,1,3,30
2333,3,1,10496,11504,0,3,25
2334,3,1,10543,10936,1,3,44
2335,3,1,10490,10753,1,3,36
2336,3,1,10409,10888,1,3,32
2337,3,1,10450,11170,1,3,25
2338,3,1,10436,10450,1,3,33
2339,3,1,10474,11491,0,3,37
2340,3,1,10418,10947,1,3,43
2341,3,1,10447,10761,1,3,45
2342,3,1,10436,10595,1,3,35
2343,3,1,10512,10567,1,3,41
2344,3,1,10514,10972,1,3,30
2345,3,1,10467,10907,1,3,32
2346,3,0,10548,11504,0,5,27
2347,3,1,10423,10949,1,3,33
2348,3,1,10511,10642,1,3,32
2349,3,1,10490,11123,1,3,26
2350,3,1,10579,10743,1,0,69
2351,3,1,10492,11301,1,3,32
2352,3,1,10477,11331,1,4,37
2353,3,1,10564,11315,1,3,55
2354,3,1,10576,11504,0,3,37
2355,3,1,10576,11119,1,3,29
2356,3,1,10478,10604,1,3,43
2357,3,1,10545,11082,1,3,38
2358,3,1,10491,11315,1,3,39
2359,3,1,10994,11105,1,3,37
2360,3,1,10529,11504,0,3,29
2361,3,1,10539,10726,1,3,32
2362,3,1,10653,10909,1,3,39
2363,3,1,10660,11504,0,3,45
2364,3,1,10658,10672,1,3,34
2365,3,1,10669,11270,1,3,32
2366,3,1,10570,10573,1,3,33
2367,3,1,10548,10823,1,2,38
2368,3,1,10572,11322,1,3,47
2369,3,1,10603,11238,1,3,30
2370,3,1,10625,11504,0,3,22
2371,3,1,10559,10630,1,3,35
2372,3,1,10556,11277,1,3,34
2373,3,1,10635,10881,1,3,36
2374,3,1,10482,11153,1,3,30
2375,3,1,10703,11276,1,3,30
2376,3,1,10702,10956,1,3,35
2377,3,1,10591,11278,1,3,44
2378,3,1,10576,10989,1,3,50
2379,3,1,10646,11504,0,3,36
2380,3,1,10636,11504,0,4,39
2381,3,1,10678,11161,1,3,37
2382,3,1,10618,11375,1,3,33
2383,3,1,10621,11504,0,3,36
2384,3,1,10644,11460,1,3,56
2385,3,1,10703,11105,1,3,41
2386,3,1,11051,11075,1,3,31
2387,3,1,10693,11122,1,3,33
2388,3,1,10637,11140,1,3,23
2389,3,1,10531,10929,1,3,47
2390,3,1,10724,10865,1,3,28
2391,3,1,10656,10662,1,3,46
2392,3,1,10693,11504,0,3,41
2393,3,1,10649,11034,1,3,26
2394,3,1,10650,10855,1,3,40
2395,3,1,10702,11409,1,3,35
2396,3,1,9797,10218,1,0,42
2397,3,1,10750,10947,1,3,35
2398,3,1,10630,11305,1,3,26
2399,3,1,10654,11504,0,3,40
2400,3,1,10651,10906,1,3,28
2401,3,1,10676,11405,1,3,32
2402,3,1,10529,11148,1,3,36
2403,3,1,10716,11504,0,3,35
2404,3,1,10488,10632,1,3,39
2405,3,1,10634,11367,1,3,40
2406,3,1,10750,11504,0,3,38
2407,3,1,10637,10980,1,3,28
2408,3,1,10570,10761,1,3,47
2409,3,1,10624,11105,1,3,39
2410,3,1,10706,11181,1,3,57
2411,3,1,10511,10677,1,3,35
2412,3,1,10734,11504,0,3,27
2413,3,1,10761,11170,1,3,33
2414,3,1,10691,11251,1,3,32
2415,3,1,10720,11504,0,3,48
2416,3,1,10775,11504,0,3,43
2417,3,1,10069,11504,0,2,37
2418,3,1,10664,11421,1,3,30
2419,3,1,10592,11504,0,3,48
2420,3,1,10626,11200,1,3,28
2421,3,1,10847,10851,1,3,50
2422,3,1,10412,10833,1,3,35
2423,3,1,10694,11037,1,3,39
2424,3,1,11079,11504,0,4,37
2425,3,1,10774,10795,1,3,29
2426,3,1,10600,11504,0,7,28
2427,3,1,10799,11435,1,3,58
2428,3,1,10765,11117,1,3,33
2429,3,1,10702,11504,0,3,34
2430,3,1,9994,10611,1,3,49
2431,3,1,10758,11504,0,3,44
2432,3,1,10848,11100,1,3,32
2433,3,1,10832,11450,1,3,36
2434,3,1,10774,11162,1,3,31
2435,3,1,10735,11504,0,3,42
2436,3,1,10853,10980,1,3,58
2437,3,1,10774,11504,0,3,45
2438,3,1,10847,11504,0,3,26
2439,3,1,10649,11407,1,3,25
2440,3,1,10705,11477,1,7,48
2441,3,1,10842,11377,1,3,40
2442,3,1,10758,11097,1,3,38
2443,3,1,10825,11500,1,3,40
2444,3,1,10808,11440,1,3,37
2445,3,0,10884,11504,0,2,30
2446,3,1,10924,11504,0,3,38
2447,3,1,10758,10994,1,3,34
2448,3,1,10930,11504,0,3,42
2449,3,1,10933,11273,1,3,43
2450,3,1,10935,10982,1,3,39
2451,3,1,10951,11504,0,3,35
2452,3,1,10782,11472,1,3,38
2453,3,1,10861,11504,0,3,23
2454,3,1,10869,11504,0,3,40
2455,3,1,10868,11504,0,3,36
2456,3,1,10905,10916,1,3,33
2457,3,1,10828,10913,1,3,50
2458,3,1,10825,11248,1,3,45
2459,3,1,10957,11504,0,3,40
2460,3,1,10954,11447,1,3,30
2461,3,1,10854,11163,1,3,39
2462,3,1,10799,11504,0,3,25
2463,3,1,10938,11504,0,3,39
2464,3,1,10813,10938,1,3,28
2465,3,1,10824,11142,1,3,31
2466,3,1,10944,11504,0,3,30
2467,3,1,10829,10996,1,3,26
2468,3,1,10917,11289,1,3,45
2469,3,1,10883,11504,0,3,53
2470,3,0,10826,10909,1,7,49
2471,3,1,10980,11471,1,7,36
2472,3,1,10869,11199,1,3,29
2473,3,1,10460,10828,1,7,36
2474,3,1,10863,11504,0,3,58
2475,3,1,10821,11182,1,3,39
2476,3,1,10904,11504,0,3,40
2477,3,1,10928,11504,0,3,30
2478,3,1,10866,11402,1,3,37
2479,3,1,10924,11504,0,3,62
2480,3,1,10985,11504,0,3,25
2481,3,1,10822,11504,0,3,39
2482,3,1,10851,11239,1,1,14
2483,3,0,10815,11504,0,0,17
2484,3,1,10927,11504,0,3,50
2485,3,1,10960,11504,0,3,49
2486,3,1,10923,11444,1,3,35
2487,3,1,10880,11107,1,3,28
2488,3,1,11126,11504,0,3,31
2489,3,1,10972,11423,1,3,42
2490,3,1,11051,11307,1,3,46
2491,3,1,10979,11004,1,3,27
2492,3,1,10920,11418,1,3,36
2493,3,1,11043,11202,1,3,28
2494,3,1,10975,11504,0,3,25
2495,3,1,10906,11141,1,3,27
2496,3,1,10981,11480,1,3,40
2497,3,1,11028,11504,0,3,34
2498,3,1,11022,11037,1,7,35
2499,3,1,10994,11504,0,3,33
2500,3,1,11030,11504,0,5,33
2501,3,1,10934,11351,1,3,30
2502,3,1,10946,11421,1,3,32
2503,3,1,11058,11133,1,3,33
2504,3,1,11084,11479,1,3,25
2505,3,1,10947,10954,1,3,43
2506,3,1,11011,11504,0,3,28
2507,3,1,11009,11491,1,3,37
2508,3,1,10954,11142,1,3,45
2509,3,1,10984,11504,0,3,42
2510,3,1,11008,11504,0,3,48
2511,3,1,10968,11186,1,7,26
2512,3,1,10960,11504,0,3,37
2513,3,1,11067,11504,0,3,38
2514,3,1,10979,11504,0,3,24
2515,3,1,11036,11339,1,4,26
2516,3,1,11114,11504,0,1,15
2517,3,1,11013,11168,1,3,30
2518,3,1,11127,11504,0,3,31
2519,3,1,11189,11504,0,3,33
2520,3,1,11082,11504,0,3,31
2521,3,1,11114,11504,0,3,24
2522,3,1,11074,11504,0,3,32
2523,3,1,11091,11504,0,1,12
2524,3,1,11102,11504,0,3,29
2525,3,0,11181,11504,0,2,54
2526,3,1,11158,11380,1,3,29
2527,3,1,11175,11183,1,3,44
2528,3,1,11218,11504,0,3,33
2529,3,1,11015,11143,1,3,43
2530,3,1,11202,11504,0,3,38
2531,3,1,11199,11504,0,2,52
2532,3,1,11187,11504,0,7,47
2533,3,1,10866,11184,1,3,41
2534,3,1,11232,11323,1,3,45
2535,3,1,11131,11255,1,3,41
2536,3,1,11067,11504,0,3,48
2537,3,1,11052,11124,1,3,29
2538,3,1,11191,11504,0,3,35
2539,3,1,11053,11082,1,3,35
2540,3,1,9122,9516,1,3,26
2541,3,1,10740,10754,1,3,40
2542,3,1,11142,11504,0,3,37
2543,3,1,11246,11504,0,3,39
2544,3,1,11196,11504,0,3,33
2545,3,1,11225,11504,0,3,40
2546,3,1,10603,11504,0,3,41
2547,3,1,11085,11475,1,3,29
2548,3,1,11181,11223,1,3,54
2549,3,1,11210,11369,1,3,37
2550,3,1,11207,11504,0,3,30
2551,3,1,11177,11504,0,3,46
2552,3,1,11123,11504,0,3,42
2553,3,1,11173,11504,0,3,44
2554,3,1,11262,11504,0,3,47
2555,3,1,10321,11345,1,3,36
2556,3,1,11184,11504,0,3,32
2557,3,1,11085,11234,1,3,41
2558,3,1,11232,11504,0,3,30
2559,3,1,11189,11504,0,3,46
2560,3,1,11178,11178,1,3,48
2561,3,1,11288,11504,0,3,29
2562,3,1,11309,11504,0,3,43
2563,3,1,11277,11504,0,3,41
2564,3,1,11149,11504,0,3,46
2565,3,1,10831,11185,1,3,27
2566,3,1,11213,11504,0,3,28
2567,3,1,11299,11504,0,3,31
2568,3,1,11243,11504,0,4,26
2569,3,1,11259,11504,0,3,48
2570,3,1,11261,11504,0,3,30
2571,3,1,11224,11504,0,3,40
2572,3,1,11221,11504,0,3,35
2573,3,1,11048,11326,1,3,43
2574,3,1,11245,11504,0,3,29
2575,3,1,11253,11504,0,3,43
2576,3,1,11251,11504,0,3,30
2577,3,1,11337,11504,0,3,42
2578,3,1,11313,11504,0,3,36
2579,3,1,11359,11504,0,3,28
2580,3,1,11331,11504,0,3,41
2581,3,1,11349,11504,0,3,41
2582,3,1,10180,11323,1,3,25
2583,3,1,11293,11504,0,3,29
2584,3,1,11258,11504,0,5,26
2585,3,1,11279,11504,0,3,49
2586,3,1,11392,11504,0,3,41
2587,3,1,11343,11504,0,3,46
2588,3,1,11251,11504,0,3,34
2589,3,1,11249,11504,0,3,45
2590,3,0,11404,11504,0,2,26
2591,3,1,11259,11504,0,3,34
2592,3,1,11266,11504,0,3,37
2593,3,1,11376,11504,0,3,30
2594,3,1,11254,11292,1,3,58
2595,3,1,11381,11504,0,3,42
2596,3,1,11345,11504,0,3,35
2597,3,1,11386,11504,0,3,36
2598,3,1,11332,11451,1,3,27
2599,3,1,11294,11504,0,3,27
2600,3,1,11406,11462,1,3,45
2601,3,1,11354,11504,0,3,43
2602,3,1,11410,11504,0,3,28
2603,3,1,11160,11504,0,3,30
2604,3,1,11353,11504,0,3,34
2605,3,1,11236,11504,0,3,52
2606,3,1,11352,11396,1,3,56
2607,3,1,11287,11504,0,3,31
2608,3,1,11473,11504,0,7,43
2609,3,1,11407,11504,0,3,57
2610,3,1,11343,11504,0,3,60
2611,3,1,11285,11504,0,3,26
2612,3,1,11306,11504,0,3,60
2613,3,1,11416,11504,0,3,46
2614,3,1,11120,11504,0,3,45
2615,3,0,11312,11327,1,6,1
2616,3,1,11359,11504,0,3,27
2617,3,1,11300,11504,0,3,35
2618,3,1,11133,11416,1,3,41
2619,3,1,11425,11504,0,3,30
2620,3,1,11435,11504,0,3,31
2621,3,1,11451,11504,0,3,28
2622,3,1,11357,11504,0,3,30
2623,3,1,11436,11504,0,4,36
2624,3,1,11327,11504,0,3,35
2625,3,1,11491,11504,0,3,57
2626,3,1,11394,11504,0,3,45
2627,3,1,11426,11504,0,3,46
2628,3,1,11360,11504,0,3,36
2629,3,1,11454,11489,0,3,51
2630,3,1,11416,11504,0,3,42
2631,3,1,11459,11504,0,3,27
2632,3,1,11466,11504,0,3,40
2633,3,1,11334,11504,0,3,32
2634,3,1,11402,11504,0,3,49
2635,3,1,11373,11504,0,3,27
2636,3,1,11426,11504,0,3,29
2637,3,1,11404,11504,0,3,24
2638,3,1,11366,11504,0,3,27
2639,3,1,11346,11504,0,3,46
2640,3,1,11378,11504,0,3,33
2641,3,1,11387,11504,0,3,35
2642,3,1,11491,11504,0,4,27
2643,3,1,11403,11413,1,7,36
2644,3,1,11393,11504,0,3,40
2645,3,1,11425,11504,0,3,32
2646,3,1,11363,11504,0,3,28
2647,3,1,11444,11504,0,3,36
2648,3,1,11454,11504,0,3,42
2649,3,1,11492,11504,0,3,44
2650,3,1,11202,11504,0,3,34
2651,3,1,11170,11437,1,3,34
2652,3,1,11333,11504,0,3,35
2653,3,1,11498,11504,0,3,29
2654,3,1,11502,11504,0,3,33
2655,3,1,11373,11504,0,3,47
2656,3,1,11370,11504,0,3,36
2657,3,1,11406,11504,0,3,32
2658,3,1,11478,11504,0,7,24
2659,3,1,11464,11504,0,3,44
2660,3,1,11454,11504,0,3,50
2661,3,1,11408,11504,0,3,34
2662,3,1,11477,11504,0,3,26
2663,3,1,11470,11504,0,3,46
2664,3,1,11405,11504,0,3,34
2665,3,1,11501,11504,0,3,27
2666,3,1,11461,11504,0,3,49
2667,3,1,11448,11456,1,3,46
2668,3,1,11232,11366,1,3,39
2669,3,1,11464,11504,0,3,26
2670,3,1,11469,11504,0,3,46
2671,3,1,11473,11504,0,3,41
2672,3,1,11472,11504,0,3,35
2673,3,1,11300,11504,0,3,46
2674,3,1,11495,11504,0,3,55
2675,3,1,11467,11504,0,3,42
2676,3,1,11167,11504,0,7,38
2677,3,1,10871,10871,1,3,43
2678,3,1,11374,11504,0,3,34
2679,3,1,11440,11504,0,3,51
2680,3,1,11285,11504,0,3,43
2681,3,1,11300,11504,0,3,45
2682,3,1,11310,11349,1,3,40
2683,3,1,10908,11504,0,3,32
2684,3,1,11478,11504,0,3,38
2685,3,1,11418,11504,0,3,41
2686,3,1,10647,11504,0,3,59
2687,3,1,11291,11504,0,3,39
2688,3,1,11368,11472,1,3,49
2689,3,1,11398,11504,0,3,27
2690,3,1,11419,11504,0,3,44
2691,3,1,11236,11378,1,3,43
2692,3,1,10937,11504,0,3,39
2693,3,1,11483,11504,0,3,26
2694,3,1,11204,11504,0,3,38
2695,3,1,11478,11504,0,3,46
2696,3,0,11295,11504,0,7,64
2697,3,1,10934,11504,0,3,40
2698,3,1,10749,11278,1,7,46
2699,3,1,11489,11504,0,3,29
2700,3,1,11205,11504,0,3,27
2701,3,1,11429,11504,0,3,39
2702,3,1,11303,11406,1,3,42
2703,3,1,11487,11504,0,3,44
2704,3,1,11181,11504,0,3,42
2705,3,1,11312,11504,0,3,37
2706,3,1,11369,11504,0,3,59
2707,3,1,10826,10984,1,3,37
2708,3,1,9387,11504,0,3,36
2709,3,1,11482,11504,0,3,29
2710,3,1,11262,11504,0,3,45
2711,3,1,10921,11504,0,3,52
2712,3,1,10044,11504,0,3,22
2713,3,1,11284,11504,0,3,31
2714,3,1,11368,11368,1,3,66
2715,3,1,10240,10628,1,3,41
2716,3,1,10133,10738,1,3,61
2717,1,1,8816,9310,1,3,47
2718,1,1,8865,9215,1,3,24
2719,1,1,8931,9343,1,3,44
2720,1,1,9216,9232,1,3,52
2721,1,0,9294,11504,0,2,29
2722,1,1,9402,11504,0,3,38
2723,1,1,9504,9939,1,3,38
2724,1,1,9544,9933,1,3,22
2725,1,1,9526,9796,1,3,36
2726,1,1,9494,9501,1,3,26
2727,1,0,9256,9698,1,0,58
2728,1,1,9703,11504,0,3,47
2729,1,1,9712,11410,1,3,35
2730,1,1,9626,9693,1,3,28
2731,1,1,9843,10156,1,3,26
2732,1,1,9828,10352,1,3,42
2733,1,1,9810,11504,0,4,39
2734,1,1,9733,9825,1,3,39
2735,1,1,9855,10446,1,3,43
2736,1,1,9797,10421,1,4,23
2737,1,1,9911,10720,1,3,39
2738,1,1,9868,10131,1,3,38
2739,1,1,9915,9920,1,7,27
2740,1,1,9911,10099,1,3,38
2741,1,1,9910,10001,1,3,27
2742,1,1,10033,10557,1,3,32
2743,1,1,9947,9961,1,3,26
2744,1,1,10081,10503,1,3,36
2745,1,1,10691,11024,1,3,31
2746,1,1,10176,10944,1,3,28
2747,1,1,10180,11089,1,3,34
2748,1,1,10257,10865,1,3,31
2749,1,1,10297,10300,1,3,36
2750,1,1,10201,10553,1,3,35
2751,1,1,10336,10900,1,3,50
2752,1,1,10312,11219,1,3,36
2753,1,1,10451,11504,0,3,31
2754,1,1,10409,11504,0,5,26
2755,1,1,10367,10773,1,3,40
2756,1,1,10429,11504,0,3,25
2757,1,1,10322,10456,1,3,22
2758,1,1,10478,11116,1,3,32
2759,1,1,10474,10997,1,3,38
2760,1,1,10375,10827,1,3,48
2761,1,1,10478,10677,1,3,39
2762,1,1,10434,11008,1,3,56
2763,1,1,10532,11504,0,3,36
2764,1,0,10519,11504,0,5,30
2765,1,1,10472,11504,0,3,43
2766,1,1,10545,11162,1,3,50
2767,1,1,10494,11140,1,3,38
2768,1,1,10546,10833,1,3,47
2769,1,1,10670,11039,1,3,31
2770,1,1,10603,11135,1,3,47
2771,1,1,10597,11157,1,3,52
2772,1,1,10661,11504,0,3,37
2773,1,0,10758,11504,0,2,40
2774,1,1,10627,11358,1,3,29
2775,1,1,10444,10958,1,3,40
2776,1,1,10745,11504,0,3,41
2777,1,1,10679,11504,0,3,41
2778,1,1,10735,10743,1,7,43
2779,1,1,10633,10724,1,3,49
2780,1,1,10873,11504,0,3,25
2781,1,1,10728,11504,0,3,49
2782,1,1,10646,11504,0,3,39
2783,1,1,10726,11504,0,3,38
2784,1,1,10807,11504,0,3,46
2785,1,1,10794,10797,1,3,60
2786,1,1,10777,11436,1,3,34
2787,1,1,10767,10913,1,3,56
2788,1,1,10810,10988,1,3,39
2789,1,1,10822,11504,0,3,32
2790,1,1,10826,11504,0,3,27
2791,1,1,10829,10961,1,3,25
2792,1,1,10944,11374,1,3,45
2793,1,0,10746,10746,1,0,49
2794,1,1,10930,11504,0,3,33
2795,1,1,10850,11063,1,3,23
2796,1,1,10936,11307,1,0,46
2797,1,1,10997,11073,1,3,51
2798,1,0,10924,11504,0,5,27
2799,1,1,11003,11504,0,3,37
2800,1,1,11032,11191,1,3,28
2801,1,1,11094,11504,0,3,38
2802,1,1,11020,11236,1,3,32
2803,1,1,10916,11504,0,3,45
2804,1,1,10655,11468,1,3,33
2805,1,1,11106,11504,0,3,53
2806,1,1,11080,11504,0,3,26
2807,1,1,10983,10984,1,3,57
2808,1,1,11162,11163,1,3,41
2809,1,0,11133,11134,1,5,32
2810,1,1,11111,11451,1,3,39
2811,1,1,11087,11088,1,1,12
2812,1,1,11228,11504,0,3,23
2813,1,1,11011,11162,1,0,31
2814,1,1,11232,11504,0,3,32
2815,1,1,11243,11494,1,3,43
2816,1,1,11173,11504,0,3,30
2817,1,1,11156,11504,0,3,34
2818,1,1,11125,11504,0,3,37
2819,1,1,11226,11309,1,3,50
2820,1,1,10159,10669,1,3,33
2821,1,1,10725,10783,1,3,41
2822,1,1,9644,10264,1,3,25
2823,1,1,10584,10594,1,4,44
2824,1,1,11356,11504,0,3,45
2825,1,1,11348,11504,0,3,35
2826,1,1,11302,11332,1,0,41
2827,1,1,11388,11504,0,3,45
2828,1,1,11338,11504,0,3,37
2829,1,1,9939,11252,1,3,41
2830,1,1,11111,11382,1,3,42
2831,1,1,11190,11268,1,3,25
2832,1,1,11419,11504,0,3,48
2833,1,1,11265,11504,0,3,51
2834,1,1,11311,11311,1,3,39
2835,1,1,11297,11504,0,3,34
2836,1,1,11385,11504,0,3,37
2837,1,1,11339,11444,1,3,39
2838,1,1,11359,11504,0,3,27
2839,1,1,11475,11504,0,2,46
2840,1,0,11420,11504,0,2,34
2841,1,1,11496,11504,0,1,49
2842,1,1,11460,11504,0,3,55
2843,1,1,11448,11504,0,3,37
