,Strip,Conc,Length
3,0,1.0,15.8
4,0,2.0,20.8
5,0,3.0,22.6
6,0,4.0,23.8
9,1,1.0,20.6
10,1,2.0,26.8
11,1,3.0,28.4
12,1,4.0,27.0
13,2,0.25,7.2
14,2,0.5,15.4
15,2,1.0,22.8
16,2,2.0,27.4
19,3,0.25,2.2
20,3,0.5,9.0
21,3,1.0,16.6
25,4,0.25,2.0
26,4,0.5,6.0
27,4,1.0,15.2
31,5,0.25,5.0
32,5,0.5,9.2
33,5,1.0,14.2
39,6,1.0,28.0
40,6,2.0,32.0
43,7,0.25,5.6
45,7,1.0,26.0
50,8,0.5,15.4
51,8,1.0,23.2
55,9,0.25,11.8
57,9,1.0,29.0
61,10,0.25,11.0
62,10,0.5,18.8
63,10,1.0,26.2
69,11,1.0,26.0
70,11,2.0,33.8
75,12,1.0,24.2
76,12,2.0,28.8
80,13,0.5,15.0
81,13,1.0,24.0
86,14,0.5,20.8
87,14,1.0,29.0
93,15,1.0,18.2
94,15,2.0,25.8
95,15,3.0,30.0
96,15,4.0,32.2
99,16,1.0,21.5
100,16,2.0,28.4
101,16,3.0,32.0
102,16,4.0,29.6
105,17,1.0,15.4
106,17,2.0,19.0
107,17,3.0,19.4
111,18,1.0,29.0
112,18,2.0,34.0
113,18,3.0,37.0
117,19,1.0,22.2
118,19,2.0,29.0
119,19,3.0,32.2
123,20,1.0,23.0
124,20,2.0,27.4
125,20,3.0,30.4
