,Freq,Alcohol,Income,Status,Urban
1,1,1,0,2,1
2,4,1,0,2,4
3,1,1,0,2,3
4,8,1,0,2,0
5,6,1,0,2,2
6,14,1,0,0,1
7,8,1,0,0,4
8,41,1,0,0,3
9,100,1,0,0,0
10,175,1,0,0,2
11,6,1,0,1,1
12,1,1,0,1,4
13,2,1,0,1,3
14,6,1,0,1,0
15,9,1,0,1,2
16,8,1,2,2,1
17,2,1,2,2,4
18,7,1,2,2,3
19,14,1,2,2,0
20,5,1,2,2,2
21,42,1,2,0,1
22,51,1,2,0,4
23,62,1,2,0,3
24,234,1,2,0,0
25,255,1,2,0,2
26,7,1,2,1,1
27,5,1,2,1,4
28,9,1,2,1,3
29,20,1,2,1,0
30,27,1,2,1,2
31,2,1,1,2,1
32,3,1,1,2,4
33,1,1,1,2,3
34,5,1,1,2,0
35,2,1,1,2,2
36,21,1,1,0,1
37,30,1,1,0,4
38,23,1,1,0,3
39,87,1,1,0,0
40,77,1,1,0,2
41,3,1,1,1,1
42,2,1,1,1,4
43,1,1,1,1,3
44,12,1,1,1,0
45,4,1,1,1,2
46,42,1,3,2,1
47,29,1,3,2,4
48,17,1,3,2,3
49,95,1,3,2,0
50,46,1,3,2,2
51,24,1,3,0,1
52,30,1,3,0,4
53,50,1,3,0,3
54,167,1,3,0,0
55,232,1,3,0,2
56,33,1,3,1,1
57,24,1,3,1,4
58,15,1,3,1,3
59,64,1,3,1,0
60,68,1,3,1,2
61,3,0,0,2,1
62,0,0,0,2,4
63,1,0,0,2,3
64,4,0,0,2,0
65,2,0,0,2,2
66,15,0,0,0,1
67,7,0,0,0,4
68,15,0,0,0,3
69,25,0,0,0,0
70,48,0,0,0,2
71,2,0,0,1,1
72,3,0,0,1,4
73,9,0,0,1,3
74,9,0,0,1,0
75,7,0,0,1,2
76,1,0,2,2,1
77,1,0,2,2,4
78,3,0,2,2,3
79,8,0,2,2,0
80,4,0,2,2,2
81,39,0,2,0,1
82,59,0,2,0,4
83,68,0,2,0,3
84,172,0,2,0,0
85,143,0,2,0,2
86,12,0,2,1,1
87,3,0,2,1,4
88,11,0,2,1,3
89,20,0,2,1,0
90,23,0,2,1,2
91,5,0,1,2,1
92,4,0,1,2,4
93,1,0,1,2,3
94,9,0,1,2,0
95,4,0,1,2,2
96,32,0,1,0,1
97,68,0,1,0,4
98,43,0,1,0,3
99,128,0,1,0,0
100,86,0,1,0,2
101,6,0,1,1,1
102,10,0,1,1,4
103,5,0,1,1,3
104,21,0,1,1,0
105,15,0,1,1,2
106,26,0,3,2,1
107,34,0,3,2,4
108,14,0,3,2,3
109,48,0,3,2,0
110,24,0,3,2,2
111,43,0,3,0,1
112,76,0,3,0,4
113,70,0,3,0,3
114,198,0,3,0,0
115,136,0,3,0,2
116,36,0,3,1,1
117,23,0,3,1,4
118,48,0,3,1,3
119,89,0,3,1,0
120,64,0,3,1,2
121,2,2,0,2,1
122,0,2,0,2,4
123,2,2,0,2,3
124,1,2,0,2,0
125,0,2,0,2,2
126,1,2,0,0,1
127,2,2,0,0,4
128,2,2,0,0,3
129,7,2,0,0,0
130,7,2,0,0,2
131,3,2,0,1,1
132,0,2,0,1,4
133,1,2,0,1,3
134,5,2,0,1,0
135,1,2,0,1,2
136,3,2,2,2,1
137,0,2,2,2,4
138,2,2,2,2,3
139,1,2,2,2,0
140,3,2,2,2,2
141,14,2,2,0,1
142,21,2,2,0,4
143,14,2,2,0,3
144,38,2,2,0,0
145,35,2,2,0,2
146,2,2,2,1,1
147,0,2,2,1,4
148,3,2,2,1,3
149,12,2,2,1,0
150,13,2,2,1,2
151,2,2,1,2,1
152,1,2,1,2,4
153,1,2,1,2,3
154,1,2,1,2,0
155,0,2,1,2,2
156,20,2,1,0,1
157,31,2,1,0,4
158,10,2,1,0,3
159,36,2,1,0,0
160,21,2,1,0,2
161,0,2,1,1,1
162,2,2,1,1,4
163,3,2,1,1,3
164,9,2,1,1,0
165,7,2,1,1,2
166,21,2,3,2,1
167,13,2,3,2,4
168,5,2,3,2,3
169,20,2,3,2,0
170,8,2,3,2,2
171,23,2,3,0,1
172,47,2,3,0,4
173,21,2,3,0,3
174,53,2,3,0,0
175,36,2,3,0,2
176,38,2,3,1,1
177,20,2,3,1,4
178,13,2,3,1,3
179,39,2,3,1,0
180,26,2,3,1,2
