,Ca,pH
1,340.0,7.0
2,224.0,7.0
3,279.0,7.0
4,261.0,7.0
5,449.0,7.0
6,267.0,7.0
7,302.0,7.0
8,269.0,7.0
9,303.0,7.0
10,403.0,7.0
11,278.0,7.0
12,255.0,7.0
13,296.0,7.0
14,301.0,7.0
15,483.0,7.0
16,393.0,7.0
17,618.0,7.0
18,307.0,7.0
19,297.0,7.0
20,293.0,7.0
21,248.0,7.0
22,259.0,7.0
23,337.0,7.0
24,251.0,7.0
25,259.0,7.0
26,246.0,7.0
27,245.0,7.0
28,247.0,7.0
29,291.0,7.0
30,289.0,7.0
31,281.0,7.0
32,385.0,7.0
33,271.0,7.0
34,300.0,7.0
35,315.0,7.0
36,317.0,7.0
37,348.0,7.0
38,405.0,7.0
39,522.0,7.0
40,324.0,7.0
41,365.0,7.0
42,216.0,7.0
43,290.0,7.0
44,259.0,7.0
45,259.0,7.0
46,318.0,7.0
47,255.0,7.0
48,207.0,7.0
49,204.0,7.0
50,345.0,7.0
51,261.0,7.0
52,376.0,7.0
53,335.0,7.0
54,267.0,7.0
55,275.0,7.0
56,250.0,7.0
57,261.0,7.0
58,311.0,7.0
59,318.0,7.0
60,491.0,7.0
61,339.0,7.0
62,528.0,7.0
63,248.0,7.0
64,398.0,7.0
65,435.0,7.0
66,352.0,7.0
67,382.0,7.0
68,361.0,7.0
69,308.0,7.0
70,246.0,7.0
71,270.0,7.0
72,502.0,7.0
73,454.0,7.0
74,414.0,7.0
75,398.0,7.0
76,386.0,7.0
77,263.0,7.0
78,281.0,7.0
79,283.0,7.0
80,316.0,7.0
81,325.0,7.0
82,290.0,7.0
83,311.0,7.0
84,331.0,7.0
85,290.0,7.0
86,297.0,7.0
87,289.0,7.0
88,276.0,7.0
89,287.0,7.0
90,314.0,7.0
91,500.0,7.0
92,381.0,7.0
93,346.0,7.0
94,357.0,7.0
95,531.0,7.0
96,225.0,7.0
97,275.0,7.0
98,334.0,7.0
99,439.0,7.0
100,349.0,7.0
101,780.0,7.0
102,394.0,7.0
103,365.0,7.0
104,322.0,7.0
105,374.0,7.0
106,346.0,7.0
107,432.0,7.0
108,523.0,7.0
109,385.0,7.0
110,666.0,7.0
111,525.0,7.0
112,429.0,7.0
113,449.0,7.0
114,536.0,7.0
115,515.0,7.0
116,274.0,7.0
117,383.0,7.0
118,280.0,7.0
119,268.0,7.0
120,274.0,7.0
121,252.0,7.0
122,268.0,7.0
123,262.0,7.0
124,298.0,7.0
125,238.0,7.0
126,259.0,7.0
127,256.0,7.0
128,637.0,7.0
129,366.6,7.0
130,397.8,7.0
131,399.3,7.0
132,417.6,7.0
133,396.2,7.0
134,394.2,7.0
135,352.8,7.0
136,365.1,7.0
137,375.8,7.0
138,379.6,7.0
139,366.1,7.0
140,486.8,7.0
141,500.9,7.0
142,343.6,7.0
143,462.1,7.0
144,335.7,7.0
145,284.1,7.0
146,287.9,7.0
147,303.7,7.0
148,244.4,7.0
149,345.6,7.0
150,389.6,7.0
151,286.2,7.0
152,290.1,7.0
153,344.6,7.0
154,344.6,7.0
155,333.3,7.0
156,347.6,7.0
157,366.3,7.0
158,322.5,7.0
159,374.3,7.0
160,495.3,7.0
161,312.6,7.0
162,318.9,7.0
163,341.1,7.0
164,365.3,7.0
165,344.0,7.0
166,285.6,7.0
167,271.7,7.0
168,287.9,7.0
169,349.7,7.0
170,285.6,7.0
171,302.0,7.0
172,291.2,7.0
173,349.2,7.0
174,257.1,7.0
175,327.9,7.0
176,312.1,7.0
177,270.0,7.0
178,753.3,7.0
179,687.3,7.0
180,988.4,7.0
181,118.4,7.0
182,290.1,7.0
183,324.6,7.0
184,300.1,7.0
185,276.6,7.0
186,302.0,7.0
187,299.4,7.0
188,298.8,7.0
189,371.1,7.0
190,278.2,7.0
191,293.8,7.0
192,272.6,7.0
193,329.4,7.0
194,369.9,7.0
195,319.3,7.0
196,334.9,7.0
197,454.6,7.0
198,721.3,7.0
199,290.1,7.0
200,379.9,7.0
201,356.5,7.0
202,312.5,7.0
203,263.0,7.0
204,340.4,7.0
205,427.9,7.0
206,330.0,7.1
207,518.0,7.1
208,364.0,7.1
209,379.0,7.1
210,366.0,7.1
211,318.0,7.1
212,326.0,7.1
213,407.0,7.1
214,314.0,7.1
215,324.0,7.1
216,327.0,7.1
217,436.0,7.1
218,391.0,7.1
219,206.0,7.1
220,277.0,7.1
221,667.0,7.1
222,492.0,7.1
223,371.0,7.1
224,282.0,7.1
225,416.0,7.1
226,368.0,7.1
227,346.0,7.1
228,493.0,7.1
229,486.0,7.1
230,216.0,7.1
231,266.0,7.1
232,229.0,7.1
233,282.0,7.1
234,369.0,7.1
235,403.0,7.1
236,423.0,7.1
237,465.0,7.1
238,365.0,7.1
239,539.0,7.1
240,427.0,7.1
241,327.0,7.1
242,412.0,7.1
243,282.0,7.1
244,317.0,7.1
245,228.0,7.1
246,229.0,7.1
247,241.0,7.1
248,244.0,7.1
249,342.0,7.1
250,353.0,7.1
251,340.0,7.1
252,275.0,7.1
253,726.0,7.1
254,473.0,7.1
255,496.0,7.1
256,462.0,7.1
257,498.0,7.1
258,551.0,7.1
259,483.0,7.1
260,457.0,7.1
261,407.0,7.1
262,405.0,7.1
263,425.0,7.1
264,437.0,7.1
265,480.0,7.1
266,487.0,7.1
267,494.0,7.1
268,503.0,7.1
269,351.0,7.1
270,493.0,7.1
271,393.4,7.1
272,444.6,7.1
273,443.8,7.1
274,430.0,7.1
275,580.1,7.1
276,546.2,7.1
277,320.0,7.1
278,302.8,7.1
279,310.4,7.1
280,431.6,7.1
281,581.4,7.1
282,350.6,7.1
283,365.9,7.1
284,339.2,7.1
285,397.2,7.1
286,407.7,7.1
287,321.9,7.1
288,368.6,7.1
289,349.1,7.1
290,292.8,7.1
291,500.8,7.1
292,361.6,7.1
293,824.0,7.1
294,119.3,7.1
295,522.7,7.1
296,438.0,7.1
297,311.0,7.1
298,320.5,7.1
299,296.5,7.1
300,395.1,7.1
301,301.0,7.1
302,300.1,7.1
303,520.0,7.1
304,386.9,7.1
305,299.3,7.1
306,2251.1,7.1
307,517.3,7.1
308,643.2,7.1
309,753.8,7.1
310,317.9,7.1
311,339.5,7.1
312,462.6,7.1
313,324.7,7.1
314,638.0,7.2
315,380.0,7.2
316,426.0,7.2
317,431.0,7.2
318,391.0,7.2
319,618.0,7.2
320,288.0,7.2
321,384.0,7.2
322,451.0,7.2
323,324.0,7.2
324,311.0,7.2
325,299.0,7.2
326,476.0,7.2
327,450.0,7.2
328,387.0,7.2
329,404.0,7.2
330,406.0,7.2
331,320.0,7.2
332,426.0,7.2
333,285.0,7.2
334,329.0,7.2
335,321.0,7.2
336,600.0,7.2
337,579.4,7.2
338,582.1,7.2
339,356.1,7.2
340,408.4,7.2
341,525.2,7.2
342,382.7,7.2
343,372.3,7.2
344,360.0,7.2
345,317.1,7.2
346,355.4,7.2
347,370.8,7.2
348,411.3,7.2
349,387.5,7.2
350,390.6,7.2
351,402.3,7.2
352,441.0,7.2
353,373.5,7.2
354,372.9,7.2
355,410.9,7.2
356,418.9,7.2
357,310.2,7.2
358,469.0,7.2
359,692.8,7.2
360,373.5,7.2
361,3045.1,7.2
362,2383.1,7.2
363,3880.1,7.2
364,519.2,7.2
365,546.4,7.2
366,673.0,7.2
367,494.0,7.2
368,394.9,7.2
369,355.1,7.2
370,571.0,7.3
371,557.0,7.3
372,1423.5,7.3
373,417.0,7.3
374,318.0,7.3
375,373.3,7.3
376,336.3,7.3
377,348.0,7.3
378,347.0,7.3
379,594.4,7.3
380,531.7,7.3
381,345.5,7.3
382,407.9,7.3
383,404.7,7.3
384,410.1,7.3
385,416.2,7.3
386,376.6,7.3
387,458.2,7.3
388,519.4,7.3
389,381.8,7.3
390,341.0,7.3
391,307.8,7.3
392,325.0,7.3
393,378.9,7.3
394,415.4,7.3
395,393.7,7.3
396,100.7,7.3
397,361.4,7.3
398,428.0,7.3
399,2851.1,7.3
400,599.4,7.3
401,711.2,7.3
402,969.5,7.3
403,543.5,7.3
404,531.6,7.3
405,375.6,7.3
406,340.8,7.3
407,510.7,7.3
408,650.7,7.3
409,528.6,7.3
410,372.1,7.3
411,571.5,7.4
412,437.9,7.4
413,566.3,7.4
414,349.2,7.4
415,354.4,7.4
416,503.2,7.4
417,530.5,7.4
418,359.1,7.4
419,360.5,7.4
420,396.0,7.4
421,387.0,7.4
422,859.9,7.4
423,543.3,7.4
424,468.0,7.4
425,448.8,7.5
426,370.0,7.5
427,502.1,7.5
428,920.9,7.5
