,year,day,limit,y
1,1961,1,0,9
2,1961,2,0,11
3,1961,3,0,9
4,1961,4,0,20
5,1961,5,0,31
6,1961,6,0,26
7,1961,7,0,18
8,1961,8,0,19
9,1961,9,0,18
10,1961,10,0,13
11,1961,11,0,29
12,1961,12,0,40
13,1961,13,0,28
14,1961,14,0,17
15,1961,15,0,15
16,1961,16,0,21
17,1961,17,0,24
18,1961,18,0,15
19,1961,19,0,32
20,1961,20,0,22
21,1961,21,0,24
22,1961,22,0,11
23,1961,23,0,27
24,1961,24,1,12
25,1961,25,1,41
26,1961,26,1,15
27,1961,27,1,18
28,1961,28,1,11
29,1961,29,1,19
30,1961,30,1,19
31,1961,31,1,9
32,1961,32,1,21
33,1961,33,1,22
34,1961,34,1,23
35,1961,35,1,14
36,1961,36,1,19
37,1961,37,1,15
38,1961,38,1,13
39,1961,39,1,22
40,1961,40,1,42
41,1961,41,1,29
42,1961,42,1,21
43,1961,43,1,12
44,1961,44,1,16
45,1961,45,0,17
46,1961,46,0,27
47,1961,47,0,37
48,1961,48,0,32
49,1961,49,0,25
50,1961,50,0,20
51,1961,51,0,40
52,1961,52,0,21
53,1961,53,0,18
54,1961,54,0,35
55,1961,55,0,21
56,1961,56,0,25
57,1961,57,0,34
58,1961,58,0,42
59,1961,59,0,27
60,1961,60,0,34
61,1961,61,0,47
62,1961,62,0,36
63,1961,63,0,15
64,1961,64,0,26
65,1961,65,0,27
66,1961,66,0,18
67,1961,67,0,16
68,1961,68,0,32
69,1961,69,0,28
70,1961,70,0,17
71,1961,71,0,16
72,1961,72,0,19
73,1961,73,0,18
74,1961,74,0,22
75,1961,75,0,37
76,1961,76,0,29
77,1961,77,0,18
78,1961,78,0,14
79,1961,79,0,14
80,1961,80,0,18
81,1961,81,0,21
82,1961,82,0,39
83,1961,83,0,39
84,1961,84,0,21
85,1961,85,0,15
86,1961,86,0,17
87,1961,87,0,20
88,1961,88,0,24
89,1961,89,0,30
90,1961,90,0,25
91,1961,91,0,8
92,1961,92,0,21
93,1962,1,0,9
94,1962,2,0,20
95,1962,3,0,15
96,1962,4,0,14
97,1962,5,0,30
98,1962,6,0,23
99,1962,7,0,15
100,1962,8,0,14
101,1962,9,0,16
102,1962,10,0,20
103,1962,11,1,17
104,1962,12,1,23
105,1962,13,1,16
106,1962,14,1,20
107,1962,15,1,13
108,1962,16,1,13
109,1962,17,1,9
110,1962,18,1,10
111,1962,19,1,27
112,1962,20,1,12
113,1962,21,1,7
114,1962,22,1,11
115,1962,23,1,15
116,1962,24,1,19
117,1962,25,1,32
118,1962,26,1,22
119,1962,27,1,24
120,1962,28,1,9
121,1962,29,0,10
122,1962,30,0,14
123,1962,31,0,18
124,1962,32,0,26
125,1962,33,0,38
126,1962,34,0,31
127,1962,35,0,12
128,1962,36,0,8
129,1962,37,0,22
130,1962,38,0,17
131,1962,39,0,31
132,1962,40,0,49
133,1962,41,0,23
134,1962,42,0,14
135,1962,43,0,25
136,1962,44,0,24
137,1962,45,0,18
138,1962,46,0,19
139,1962,47,1,29
140,1962,48,1,17
141,1962,49,1,17
142,1962,50,1,15
143,1962,51,1,25
144,1962,52,1,9
145,1962,53,1,16
146,1962,54,1,25
147,1962,55,1,25
148,1962,56,1,16
149,1962,57,1,22
150,1962,58,1,21
151,1962,59,1,17
152,1962,60,1,26
153,1962,61,1,41
154,1962,62,1,25
155,1962,63,1,12
156,1962,64,1,17
157,1962,65,0,21
158,1962,66,0,19
159,1962,67,0,24
160,1962,68,0,44
161,1962,69,0,31
162,1962,70,0,21
163,1962,71,0,20
164,1962,72,0,19
165,1962,73,0,20
166,1962,74,0,29
167,1962,75,0,48
168,1962,76,0,36
169,1962,77,0,15
170,1962,78,0,16
171,1962,79,0,29
172,1962,80,0,12
173,1962,81,1,24
174,1962,82,1,26
175,1962,83,1,16
176,1962,84,1,15
177,1962,85,1,12
178,1962,86,1,22
179,1962,87,1,24
180,1962,88,1,16
181,1962,89,1,25
182,1962,90,1,14
183,1962,91,1,15
184,1962,92,1,9
