,time,treatment,subject,rep,potato,buttery,grassy,rancid,painty
61,1,1,3,1,2.9,0.0,0.0,0.0,5.5
25,1,1,3,2,14.0,0.0,0.0,1.1,0.0
62,1,1,10,1,11.0,6.4,0.0,0.0,0.0
26,1,1,10,2,9.9,5.9,2.9,2.2,0.0
63,1,1,15,1,1.2,0.1,0.0,1.1,5.1
27,1,1,15,2,8.8,3.0,3.6,1.5,2.3
64,1,1,16,1,9.0,2.6,0.4,0.1,0.2
28,1,1,16,2,8.2,4.4,0.3,1.4,4.0
65,1,1,19,1,7.0,3.2,0.0,4.9,3.2
29,1,1,19,2,13.0,0.0,3.1,4.3,10.3
66,1,1,31,1,12.2,0.0,0.0,2.5,2.0
30,1,1,31,2,12.8,2.5,0.0,5.6,0.0
67,1,1,51,1,8.6,1.7,0.1,1.4,0.1
31,1,1,51,2,10.2,4.2,3.6,3.3,4.0
68,1,1,52,1,5.8,0.0,1.7,8.5,1.1
32,1,1,52,2,7.0,3.1,0.3,2.8,0.5
69,1,1,63,1,8.3,0.0,0.0,1.1,0.4
33,1,1,63,2,2.9,0.0,0.0,12.9,3.4
70,1,1,78,1,4.9,1.2,0.0,1.1,3.5
34,1,1,78,2,8.8,0.6,3.0,0.5,1.1
71,1,1,79,1,5.1,0.0,0.0,2.0,0.0
35,1,1,79,2,10.4,0.4,0.0,0.0,0.0
72,1,1,86,1,5.2,1.2,0.0,7.9,4.9
36,1,1,86,2,3.0,2.6,2.7,0.0,0.0
49,1,2,3,1,13.9,0.0,0.0,3.9,0.0
1,1,2,3,2,13.4,0.1,0.0,1.5,0.0
50,1,2,10,1,9.3,5.2,3.3,0.0,0.0
2,1,2,10,2,11.0,10.1,2.5,0.0,0.0
51,1,2,15,1,9.0,3.6,0.3,2.0,0.3
3,1,2,15,2,7.0,2.7,2.7,1.9,1.0
52,1,2,16,1,4.6,3.5,0.8,0.2,0.1
4,1,2,16,2,5.0,0.6,0.2,0.4,0.0
53,1,2,19,1,9.5,2.5,1.3,0.0,0.0
5,1,2,19,2,11.3,1.1,0.0,2.5,0.0
54,1,2,31,1,10.6,0.7,0.0,7.0,2.2
6,1,2,31,2,11.4,3.2,0.0,0.8,3.5
55,1,2,51,1,11.7,4.1,4.3,3.3,3.9
7,1,2,51,2,8.5,1.8,2.5,11.8,3.5
56,1,2,52,1,10.4,4.4,0.0,0.0,0.0
8,1,2,52,2,7.1,1.1,0.4,1.7,0.0
57,1,2,63,1,13.1,0.3,0.0,0.0,0.0
9,1,2,63,2,7.7,0.0,0.0,0.2,0.0
58,1,2,78,1,9.1,0.7,1.2,2.0,4.1
10,1,2,78,2,4.3,0.1,3.8,0.9,0.8
59,1,2,79,1,8.3,0.8,0.6,0.0,0.0
11,1,2,79,2,5.1,4.5,0.0,1.1,0.0
60,1,2,86,1,6.1,4.4,0.0,0.0,0.0
12,1,2,86,2,3.2,4.3,0.0,0.0,0.0
13,1,3,3,1,14.1,0.0,0.0,1.1,0.0
37,1,3,3,2,9.5,0.0,0.6,2.8,0.0
14,1,3,10,1,11.3,10.2,0.0,0.0,0.0
38,1,3,10,2,10.1,5.0,0.8,0.0,0.0
15,1,3,15,1,5.8,1.0,0.5,2.8,0.6
39,1,3,15,2,8.0,3.6,0.5,0.8,0.6
16,1,3,16,1,7.8,0.2,0.6,1.4,0.0
40,1,3,16,2,5.2,1.1,0.5,3.6,0.6
17,1,3,19,1,7.2,3.4,5.2,4.4,0.0
41,1,3,19,2,11.1,2.8,0.0,13.2,3.0
18,1,3,31,1,7.1,0.7,0.3,6.6,9.2
42,1,3,31,2,12.5,3.7,0.0,8.1,9.2
19,1,3,51,1,13.6,1.4,0.0,2.1,0.0
43,1,3,51,2,8.5,4.7,2.0,6.0,6.1
20,1,3,52,1,10.6,2.0,0.0,1.2,0.0
44,1,3,52,2,10.3,4.7,0.0,0.0,0.0
21,1,3,63,1,8.6,0.4,1.9,0.0,0.0
45,1,3,63,2,10.3,0.0,0.0,0.4,0.0
22,1,3,78,1,7.4,1.6,0.0,3.6,9.3
46,1,3,78,2,5.0,0.1,3.7,2.5,8.9
23,1,3,79,1,8.8,0.0,1.6,0.9,0.0
47,1,3,79,2,8.3,0.0,0.0,0.9,0.0
24,1,3,86,1,6.7,4.5,1.5,0.0,0.0
48,1,3,86,2,7.9,7.0,2.5,0.0,0.0
85,2,1,3,1,9.0,0.3,0.1,5.8,0.3
121,2,1,3,2,5.5,0.5,2.0,8.6,0.0
86,2,1,10,1,8.0,3.1,3.1,6.2,1.7
122,2,1,10,2,10.2,8.4,0.0,0.0,0.0
87,2,1,15,1,5.3,1.4,0.1,3.9,6.5
123,2,1,15,2,7.3,2.3,0.5,3.3,0.5
88,2,1,16,1,4.1,5.1,0.0,2.8,0.0
124,2,1,16,2,11.0,3.8,0.7,2.0,0.4
89,2,1,19,1,8.7,0.0,0.0,12.8,11.3
125,2,1,19,2,11.0,7.5,0.0,0.0,0.0
90,2,1,31,1,9.7,3.3,0.0,12.1,1.1
126,2,1,31,2,4.1,0.0,1.2,11.9,7.6
91,2,1,51,1,9.4,6.7,1.5,11.1,2.8
127,2,1,51,2,14.3,1.9,0.1,1.1,0.0
92,2,1,52,1,6.5,1.6,2.8,1.1,0.0
128,2,1,52,2,8.2,1.0,2.1,1.0,0.0
93,2,1,63,1,8.9,0.0,0.0,2.3,0.0
129,2,1,63,2,8.7,0.0,0.0,1.1,0.0
94,2,1,78,1,3.3,0.0,1.3,0.0,6.3
130,2,1,78,2,4.5,1.7,0.5,6.0,8.9
95,2,1,79,1,5.9,0.0,2.3,0.5,0.0
131,2,1,79,2,6.0,0.0,2.8,0.0,0.0
96,2,1,86,1,6.7,6.0,0.0,0.0,0.0
132,2,1,86,2,5.9,6.0,3.0,0.0,0.0
73,2,2,3,1,14.1,0.9,0.3,2.1,0.0
109,2,2,3,2,3.3,0.7,1.6,0.0,1.0
74,2,2,10,1,11.2,7.6,1.6,0.0,0.0
110,2,2,10,2,8.2,6.8,0.0,0.0,0.0
75,2,2,15,1,12.7,5.6,0.7,0.2,0.0
111,2,2,15,2,3.9,2.7,0.4,3.1,0.6
76,2,2,16,1,5.4,4.8,0.7,3.0,0.0
112,2,2,16,2,2.6,0.7,0.7,0.1,0.0
77,2,2,19,1,11.2,10.0,1.9,6.5,0.0
113,2,2,19,2,4.3,3.7,2.7,2.0,0.0
78,2,2,31,1,10.6,1.4,0.0,1.3,0.0
114,2,2,31,2,6.6,0.4,0.0,10.6,3.6
79,2,2,51,1,9.2,3.4,1.2,5.7,5.4
115,2,2,51,2,11.6,4.6,0.0,10.0,0.1
80,2,2,52,1,9.7,3.6,0.4,0.0,0.0
116,2,2,52,2,10.2,3.5,0.0,0.0,0.0
81,2,2,63,1,12.2,0.0,0.0,0.0,0.0
117,2,2,63,2,10.7,0.0,0.2,0.0,0.0
82,2,2,78,1,6.7,0.0,5.1,3.8,2.1
118,2,2,78,2,7.0,0.0,1.3,0.6,3.1
83,2,2,79,1,10.9,3.2,2.1,1.0,0.0
119,2,2,79,2,10.4,1.1,0.5,1.4,0.0
84,2,2,86,1,3.9,7.9,1.4,0.0,0.0
120,2,2,86,2,8.3,2.4,0.0,0.0,0.0
133,2,3,3,1,6.5,0.6,0.7,0.1,1.4
97,2,3,3,2,13.8,0.8,0.0,6.6,0.4
134,2,3,10,1,10.3,5.7,2.1,10.0,5.3
98,2,3,10,2,10.2,4.4,0.0,0.0,0.0
135,2,3,15,1,6.3,3.6,3.5,3.4,0.2
99,2,3,15,2,10.4,3.2,1.6,0.1,0.4
136,2,3,16,1,8.2,7.3,1.3,3.7,0.1
100,2,3,16,2,1.5,2.4,1.2,0.1,0.0
137,2,3,19,1,11.4,3.6,5.8,1.4,0.0
101,2,3,19,2,6.0,3.0,10.5,0.0,0.0
138,2,3,31,1,10.5,0.4,0.0,5.8,6.3
102,2,3,31,2,8.1,0.5,0.0,9.3,5.4
139,2,3,51,1,12.2,4.7,0.0,3.1,3.9
103,2,3,51,2,12.1,5.2,4.4,2.7,5.7
140,2,3,52,1,10.7,2.8,0.8,0.0,0.0
104,2,3,52,2,9.1,1.9,1.6,0.0,0.0
141,2,3,63,1,6.2,0.0,0.0,9.8,1.8
105,2,3,63,2,6.5,0.0,0.6,0.0,1.4
142,2,3,78,1,2.7,1.9,0.0,1.2,1.3
106,2,3,78,2,4.4,0.0,1.5,0.0,7.1
143,2,3,79,1,7.7,1.1,0.0,2.6,0.0
107,2,3,79,2,6.7,0.0,0.0,0.0,0.0
144,2,3,86,1,7.7,1.6,2.6,0.0,0.0
108,2,3,86,2,4.0,5.7,0.0,0.0,0.0
157,3,1,3,1,11.8,0.2,0.0,6.0,0.0
205,3,1,3,2,7.8,0.5,0.0,11.0,0.0
158,3,1,10,1,9.3,7.0,0.0,2.6,3.8
206,3,1,10,2,9.1,6.6,0.0,7.7,0.0
159,3,1,15,1,3.4,0.2,0.2,7.2,2.6
207,3,1,15,2,5.7,2.7,0.1,3.8,0.0
160,3,1,16,1,1.5,0.2,3.0,3.8,1.7
208,3,1,16,2,4.2,2.1,0.3,0.1,0.0
161,3,1,19,1,11.2,9.6,3.6,12.7,2.5
209,3,1,19,2,11.8,6.0,0.0,5.2,0.0
162,3,1,31,1,8.2,0.8,0.0,5.2,0.0
210,3,1,31,2,8.8,0.0,0.0,10.0,4.8
163,3,1,51,1,6.1,1.4,0.2,11.0,0.1
211,3,1,51,2,10.1,3.0,1.1,8.5,0.0
164,3,1,52,1,6.6,0.7,4.1,0.3,0.0
212,3,1,52,2,10.4,2.9,0.9,1.0,0.0
165,3,1,63,1,8.9,0.0,0.0,4.2,3.6
213,3,1,63,2,10.8,0.0,0.0,0.8,0.0
166,3,1,78,1,2.5,1.3,0.0,0.0,6.0
214,3,1,78,2,6.3,1.0,0.0,3.8,1.7
167,3,1,79,1,8.6,1.4,0.0,0.0,0.0
215,3,1,79,2,3.8,0.0,1.1,1.6,0.0
168,3,1,86,1,9.0,4.6,2.0,5.1,0.0
216,3,1,86,2,10.6,2.9,3.0,0.0,0.0
181,3,2,3,1,4.0,0.1,0.0,9.2,0.0
193,3,2,3,2,9.9,0.5,0.0,11.4,0.0
182,3,2,10,1,10.1,8.2,0.1,0.0,0.0
194,3,2,10,2,9.0,7.5,0.0,0.0,0.0
183,3,2,15,1,8.3,2.8,0.0,0.3,0.1
195,3,2,15,2,6.1,1.8,0.0,1.0,0.0
184,3,2,16,1,2.6,0.3,0.0,0.0,0.0
196,3,2,16,2,9.6,4.2,0.9,0.0,0.0
185,3,2,19,1,4.8,0.0,0.0,0.9,1.4
197,3,2,19,2,5.6,1.7,0.0,1.4,9.4
186,3,2,31,1,10.2,0.2,0.0,10.1,8.2
198,3,2,31,2,10.0,0.4,0.0,9.1,8.2
187,3,2,51,1,6.6,4.2,0.0,7.5,2.9
199,3,2,51,2,9.3,1.9,2.9,2.6,0.0
188,3,2,52,1,7.2,2.7,1.8,0.0,0.0
200,3,2,52,2,8.2,1.6,3.9,0.0,0.0
189,3,2,63,1,12.8,0.7,0.0,0.0,0.0
201,3,2,63,2,10.7,0.0,0.0,5.9,0.0
190,3,2,78,1,7.5,2.9,0.0,0.0,2.5
202,3,2,78,2,2.4,0.0,0.8,0.7,4.8
191,3,2,79,1,8.4,0.0,0.0,0.9,0.0
203,3,2,79,2,5.4,0.0,0.0,2.6,0.0
192,3,2,86,1,9.4,5.2,4.8,1.9,0.0
204,3,2,86,2,5.2,3.0,2.2,4.0,0.0
169,3,3,3,1,7.3,0.2,0.0,7.1,0.0
145,3,3,3,2,7.3,0.5,0.0,11.1,0.0
170,3,3,10,1,9.6,8.0,0.0,0.0,0.0
146,3,3,10,2,11.0,8.4,0.0,0.0,0.0
171,3,3,15,1,5.2,0.7,0.3,5.5,0.5
147,3,3,15,2,6.5,1.6,0.3,1.5,0.9
172,3,3,16,1,10.6,0.4,0.5,1.0,0.0
148,3,3,16,2,8.6,2.1,2.5,0.7,0.8
173,3,3,19,1,6.4,4.0,1.0,4.0,0.0
149,3,3,19,2,9.7,1.7,2.9,10.8,0.0
174,3,3,31,1,7.6,0.5,0.0,6.8,0.0
150,3,3,31,2,8.7,0.0,0.0,7.7,9.1
175,3,3,51,1,9.1,3.0,0.0,4.4,5.1
151,3,3,51,2,9.3,0.0,0.0,6.8,3.5
176,3,3,52,1,8.1,0.2,2.0,0.0,0.0
152,3,3,52,2,10.2,1.2,0.9,0.0,0.0
177,3,3,63,1,9.0,0.0,0.0,2.6,0.0
153,3,3,63,2,9.1,0.0,0.0,6.7,0.0
178,3,3,78,1,9.2,2.6,1.8,0.0,0.8
154,3,3,78,2,2.0,1.1,0.0,0.0,6.5
179,3,3,79,1,7.5,2.1,0.0,0.0,0.0
155,3,3,79,2,8.7,5.1,0.0,0.7,0.0
180,3,3,86,1,5.2,1.5,2.1,5.9,2.9
156,3,3,86,2,5.7,1.5,2.7,3.1,0.0
217,4,1,3,1,13.6,0.1,0.0,1.7,0.0
229,4,1,3,2,5.3,0.0,0.0,0.9,0.0
218,4,1,10,1,8.1,4.4,0.0,6.5,1.1
230,4,1,10,2,9.1,5.8,0.0,0.0,0.0
219,4,1,15,1,8.1,0.6,0.4,0.2,0.0
231,4,1,15,2,7.2,0.4,0.6,0.1,0.0
220,4,1,16,1,6.8,0.9,1.2,0.1,0.0
232,4,1,16,2,10.5,1.3,0.4,2.8,0.0
221,4,1,19,1,8.9,4.4,0.0,0.0,0.0
233,4,1,19,2,6.9,2.3,11.1,3.2,0.0
222,4,1,31,1,11.7,0.8,0.0,5.1,0.9
234,4,1,31,2,3.4,0.3,0.0,3.7,0.0
223,4,1,51,1,9.3,2.5,0.7,8.8,9.2
235,4,1,51,2,13.2,5.4,2.1,2.7,0.0
224,4,1,52,1,8.5,3.9,0.2,0.0,0.0
236,4,1,52,2,8.9,2.6,1.8,0.0,0.0
225,4,1,63,1,10.4,0.0,0.0,3.0,0.0
237,4,1,63,2,11.4,0.5,0.0,1.7,0.0
226,4,1,78,1,9.4,1.0,1.2,3.2,0.0
238,4,1,78,2,3.2,1.1,2.3,0.0,0.0
227,4,1,79,1,8.4,1.8,0.0,0.0,0.0
239,4,1,79,2,7.0,0.0,0.0,1.4,0.0
228,4,1,86,1,8.3,5.8,0.0,0.0,0.0
240,4,1,86,2,4.1,1.6,2.6,4.8,0.0
265,4,2,3,1,12.9,0.0,0.0,1.3,0.0
241,4,2,3,2,12.7,0.0,0.0,0.8,0.0
266,4,2,10,1,8.4,5.6,0.0,4.3,0.0
242,4,2,10,2,9.0,7.7,0.0,1.4,0.0
267,4,2,15,1,5.1,0.6,0.0,1.8,0.0
243,4,2,15,2,8.7,1.1,0.0,0.2,0.1
268,4,2,16,1,3.8,1.1,2.1,4.7,0.0
244,4,2,16,2,7.4,4.9,1.1,2.5,0.0
269,4,2,19,1,10.5,6.4,0.0,10.8,4.4
245,4,2,19,2,12.9,1.4,1.3,9.7,5.4
270,4,2,31,1,6.8,0.0,1.0,5.0,8.6
246,4,2,31,2,10.5,0.3,0.0,6.0,6.6
271,4,2,51,1,10.9,2.2,3.3,4.5,7.4
247,4,2,51,2,13.2,3.1,0.7,0.1,4.2
272,4,2,52,1,6.8,0.5,2.4,3.1,0.0
248,4,2,52,2,8.3,1.3,2.0,0.5,0.0
273,4,2,63,1,8.0,0.0,0.0,9.3,2.1
249,4,2,63,2,11.6,0.0,0.0,4.0,0.8
274,4,2,78,1,3.9,0.0,0.0,0.0,1.6
250,4,2,78,2,1.1,0.0,0.0,0.0,3.4
275,4,2,79,1,8.5,0.0,0.0,2.7,0.0
251,4,2,79,2,10.7,0.9,0.0,0.0,0.0
276,4,2,86,1,2.7,0.9,1.5,5.2,0.0
252,4,2,86,2,2.5,0.6,0.0,6.4,0.0
277,4,3,3,1,1.5,0.5,0.4,7.8,0.0
253,4,3,3,2,5.9,0.2,0.0,1.3,0.0
278,4,3,10,1,10.3,8.4,0.0,0.0,0.0
254,4,3,10,2,9.5,7.1,0.0,5.7,0.0
279,4,3,15,1,5.2,0.4,0.3,2.0,0.0
255,4,3,15,2,7.0,0.3,0.1,2.9,0.0
280,4,3,16,1,12.7,5.4,2.2,4.1,1.0
256,4,3,16,2,6.8,4.4,2.8,5.8,1.0
281,4,3,19,1,5.8,1.6,0.0,6.5,0.0
257,4,3,19,2,4.7,0.0,0.0,6.4,0.0
282,4,3,31,1,11.0,2.8,0.0,2.7,3.1
258,4,3,31,2,9.2,0.0,0.0,7.9,2.6
283,4,3,51,1,7.0,3.7,0.1,12.9,0.0
259,4,3,51,2,10.3,2.1,2.7,7.2,5.3
284,4,3,52,1,3.3,1.7,0.9,5.6,0.0
260,4,3,52,2,5.2,0.8,1.4,6.4,0.0
285,4,3,63,1,5.6,0.0,0.0,13.3,4.4
261,4,3,63,2,5.8,0.0,0.0,11.2,3.4
286,4,3,78,1,7.7,1.3,0.0,0.0,5.6
262,4,3,78,2,3.5,2.9,1.1,2.7,6.2
287,4,3,79,1,5.7,0.0,0.0,2.5,0.0
263,4,3,79,2,9.2,0.0,0.0,1.0,0.0
288,4,3,86,1,1.4,0.0,1.4,4.7,5.7
264,4,3,86,2,2.5,0.0,0.0,4.6,4.7
289,5,1,3,1,14.0,0.3,0.0,0.0,1.7
325,5,1,3,2,12.9,0.8,0.0,2.8,0.0
290,5,1,10,1,9.6,8.4,1.5,10.2,2.4
326,5,1,10,2,8.7,5.4,2.6,9.3,3.9
291,5,1,15,1,4.1,0.3,0.3,4.9,1.3
327,5,1,15,2,3.2,0.2,0.5,2.5,0.1
292,5,1,16,1,10.1,0.4,2.8,10.2,2.0
328,5,1,16,2,10.5,3.9,1.4,7.5,1.0
293,5,1,19,1,5.3,0.9,1.7,11.5,7.1
329,5,1,19,2,9.9,1.7,3.3,0.9,7.1
294,5,1,31,1,11.2,0.0,0.4,1.1,0.0
330,5,1,31,2,9.9,0.3,0.0,2.5,3.3
295,5,1,51,1,9.2,2.4,0.2,9.5,6.2
331,5,1,51,2,12.5,4.7,1.0,7.1,2.3
296,5,1,52,1,4.1,0.0,0.0,6.5,3.2
332,5,1,52,2,6.4,0.0,0.3,7.1,0.3
297,5,1,63,1,9.8,0.0,0.0,2.0,5.2
333,5,1,63,2,4.2,0.0,0.0,1.3,9.8
298,5,1,78,1,3.3,1.1,1.3,0.0,3.3
334,5,1,78,2,5.0,1.2,0.0,1.1,6.0
299,5,1,79,1,8.0,0.8,0.0,0.0,0.0
335,5,1,79,2,8.1,0.0,0.0,0.0,0.0
300,5,1,86,1,2.2,0.0,0.0,2.7,2.8
336,5,1,86,2,3.6,0.0,1.2,2.0,3.2
301,5,2,3,1,3.4,0.0,0.0,3.2,0.0
337,5,2,3,2,13.7,1.7,0.0,4.0,0.0
302,5,2,10,1,9.2,7.5,0.0,3.5,0.0
338,5,2,10,2,8.5,2.8,0.0,7.1,2.2
303,5,2,15,1,4.1,0.2,0.2,0.8,0.0
339,5,2,15,2,1.5,0.3,0.4,4.7,0.4
304,5,2,16,1,13.4,5.0,0.1,0.9,0.5
340,5,2,16,2,11.0,6.8,0.2,0.7,0.0
305,5,2,19,1,7.6,5.0,0.0,1.1,0.0
341,5,2,19,2,5.5,4.7,0.0,13.4,4.6
306,5,2,31,1,5.4,0.0,0.5,2.1,0.4
342,5,2,31,2,6.5,0.0,0.0,1.5,0.0
307,5,2,51,1,8.0,2.9,0.7,9.5,0.0
343,5,2,51,2,12.7,4.7,2.2,0.1,0.0
308,5,2,52,1,4.9,0.0,7.1,3.9,0.0
344,5,2,52,2,5.9,0.0,0.2,7.7,0.9
309,5,2,63,1,4.4,0.0,0.0,13.8,0.6
345,5,2,63,2,7.5,0.0,0.0,3.2,4.7
310,5,2,78,1,5.6,0.0,0.9,0.0,0.0
346,5,2,78,2,2.4,0.0,0.0,0.0,3.4
311,5,2,79,1,10.1,0.0,0.0,0.0,0.0
347,5,2,79,2,6.1,0.5,0.0,0.0,0.0
312,5,2,86,1,5.8,1.5,0.0,3.5,0.0
348,5,2,86,2,3.2,1.0,1.5,2.7,0.0
313,5,3,3,1,4.0,0.0,0.0,4.6,0.0
349,5,3,3,2,10.1,4.3,0.0,0.0,3.2
314,5,3,10,1,10.7,8.8,0.0,0.0,0.0
350,5,3,10,2,9.0,4.3,0.0,0.0,0.0
315,5,3,15,1,,,,,
351,5,3,15,2,3.6,0.2,0.4,4.6,0.4
316,5,3,16,1,5.2,1.0,0.5,0.0,0.0
352,5,3,16,2,6.7,2.0,0.0,0.5,0.0
317,5,3,19,1,10.2,2.9,0.0,0.0,1.5
353,5,3,19,2,7.1,0.0,4.2,11.1,10.3
318,5,3,31,1,12.3,2.7,0.0,9.8,6.9
354,5,3,31,2,11.5,0.0,0.3,2.6,4.2
319,5,3,51,1,10.6,4.4,2.5,1.7,0.0
355,5,3,51,2,7.5,2.3,2.3,4.6,5.1
320,5,3,52,1,6.3,0.1,0.8,2.1,0.0
356,5,3,52,2,4.0,0.0,0.0,1.4,9.2
321,5,3,63,1,9.1,0.0,0.0,0.0,1.4
357,5,3,63,2,9.0,0.0,0.0,5.3,9.7
322,5,3,78,1,3.4,0.8,1.6,1.5,1.3
358,5,3,78,2,1.5,0.8,0.0,0.0,0.0
323,5,3,79,1,7.9,0.0,0.0,1.6,0.0
359,5,3,79,2,9.4,0.5,0.0,0.6,0.0
324,5,3,86,1,5.4,4.0,0.0,3.0,0.0
360,5,3,86,2,3.6,0.1,0.0,5.5,0.0
361,6,1,3,1,0.4,1.2,0.0,0.0,9.5
397,6,1,3,2,3.3,1.1,0.0,0.0,3.0
362,6,1,10,1,13.2,11.2,0.0,2.4,0.0
398,6,1,10,2,10.0,7.6,0.0,0.0,0.0
363,6,1,15,1,0.0,0.3,0.2,2.9,8.7
399,6,1,15,2,2.6,0.2,1.5,7.1,4.7
364,6,1,16,1,4.9,0.3,0.3,7.4,1.2
400,6,1,16,2,8.9,4.2,1.6,7.4,2.2
365,6,1,19,1,12.2,9.5,0.0,4.1,0.0
401,6,1,19,2,11.1,0.0,3.8,7.2,2.8
366,6,1,31,1,12.0,0.0,0.0,0.6,0.0
402,6,1,31,2,8.2,0.0,0.0,4.3,0.6
367,6,1,51,1,10.2,4.7,1.7,1.6,0.0
403,6,1,51,2,8.5,2.5,2.1,7.9,4.5
368,6,1,52,1,3.8,0.0,0.0,9.4,0.8
404,6,1,52,2,3.7,0.0,0.0,8.3,2.2
369,6,1,63,1,3.1,0.0,0.0,9.5,6.2
405,6,1,63,2,4.2,0.0,0.0,9.5,5.0
370,6,1,78,1,1.5,0.0,0.0,2.1,4.3
406,6,1,78,2,1.1,0.6,0.0,0.0,0.9
371,6,1,79,1,11.4,0.4,0.0,0.0,0.0
407,6,1,79,2,7.9,0.0,0.0,0.4,0.0
372,6,1,86,1,1.0,0.0,0.0,6.4,0.9
408,6,1,86,2,2.7,0.0,0.0,5.6,3.8
373,6,2,3,1,7.3,0.7,0.0,10.2,0.0
409,6,2,3,2,1.8,1.9,0.0,0.0,6.7
374,6,2,10,1,10.7,7.7,0.0,0.0,0.0
410,6,2,10,2,11.4,6.8,0.0,0.0,0.0
375,6,2,15,1,3.4,0.3,0.3,1.4,2.0
411,6,2,15,2,4.6,1.5,0.5,1.2,0.1
376,6,2,16,1,11.8,2.7,6.6,9.5,1.0
412,6,2,16,2,10.8,4.3,3.0,11.7,4.6
377,6,2,19,1,7.6,0.0,2.9,0.0,0.0
413,6,2,19,2,11.1,1.5,0.0,11.5,12.2
378,6,2,31,1,11.4,0.8,0.0,0.4,0.0
414,6,2,31,2,6.9,1.6,1.3,10.5,9.9
379,6,2,51,1,10.6,3.1,0.0,5.5,0.0
415,6,2,51,2,6.3,8.2,1.1,5.2,0.0
380,6,2,52,1,6.3,0.8,1.8,4.2,0.0
416,6,2,52,2,5.6,0.7,0.8,6.3,2.6
381,6,2,63,1,5.2,0.0,0.0,2.8,11.1
417,6,2,63,2,6.1,0.0,0.0,2.8,8.8
382,6,2,78,1,3.4,0.0,0.0,1.7,7.0
418,6,2,78,2,1.3,0.0,1.1,0.0,0.0
383,6,2,79,1,5.7,0.0,0.0,1.1,0.0
419,6,2,79,2,9.4,0.8,0.0,0.5,0.0
384,6,2,86,1,6.4,5.3,2.7,0.0,0.0
420,6,2,86,2,3.3,0.6,0.0,5.7,0.0
385,6,3,3,1,2.2,1.0,0.0,8.9,0.9
421,6,3,3,2,5.3,2.2,0.0,0.0,4.7
386,6,3,10,1,10.8,5.4,0.0,0.0,0.0
422,6,3,10,2,11.5,5.5,0.0,6.8,0.0
387,6,3,15,1,1.0,0.1,0.1,2.4,6.0
423,6,3,15,2,4.3,0.2,0.3,0.6,0.5
388,6,3,16,1,5.3,0.8,3.1,9.8,1.3
424,6,3,16,2,12.1,5.1,0.9,3.2,0.2
389,6,3,19,1,10.6,1.0,0.0,0.0,0.0
425,6,3,19,2,6.1,3.6,0.0,13.0,6.0
390,6,3,31,1,8.3,0.0,0.0,3.8,0.3
426,6,3,31,2,8.1,0.0,2.5,7.2,9.7
391,6,3,51,1,12.4,4.5,0.9,5.4,2.0
427,6,3,51,2,8.5,2.5,2.3,5.9,0.0
392,6,3,52,1,4.4,0.0,0.8,6.3,0.4
428,6,3,52,2,3.9,0.0,1.1,5.2,0.4
393,6,3,63,1,6.5,0.0,0.0,4.7,1.7
429,6,3,63,2,11.4,0.0,0.0,2.8,0.8
394,6,3,78,1,5.5,0.0,1.5,1.8,2.9
430,6,3,78,2,4.3,0.0,1.2,0.0,2.4
395,6,3,79,1,8.4,0.0,0.5,1.0,0.0
431,6,3,79,2,8.8,0.0,0.0,1.1,0.0
396,6,3,86,1,2.2,1.2,0.0,2.8,0.0
432,6,3,86,2,4.1,0.0,0.0,4.4,1.1
433,7,1,3,1,2.9,0.0,0.0,0.0,5.5
469,7,1,3,2,0.8,0.0,0.0,0.0,8.2
434,7,1,10,1,11.0,6.4,0.0,0.0,0.0
470,7,1,10,2,8.7,3.7,0.0,5.1,0.0
435,7,1,15,1,1.2,0.1,0.0,1.1,5.1
471,7,1,15,2,2.9,0.0,0.0,5.5,2.7
436,7,1,16,1,9.0,2.6,0.4,0.1,0.2
472,7,1,16,2,7.2,5.7,0.1,0.0,0.1
437,7,1,19,1,7.0,3.2,0.0,4.9,3.2
473,7,1,19,2,5.5,1.5,0.0,0.0,0.0
438,7,1,31,1,12.2,0.0,0.0,2.5,2.0
474,7,1,31,2,9.4,0.0,0.0,5.6,0.0
439,7,1,51,1,8.6,1.7,0.1,1.4,0.1
475,7,1,51,2,14.1,1.4,0.0,4.5,0.0
440,7,1,52,1,5.8,0.0,1.7,8.5,1.1
476,7,1,52,2,3.2,0.1,1.6,9.5,2.1
441,7,1,63,1,8.3,0.0,0.0,1.1,0.4
477,7,1,63,2,6.2,0.0,0.0,5.1,2.1
442,7,1,78,1,4.9,1.2,0.0,1.1,3.5
478,7,1,78,2,0.5,1.0,0.0,0.0,2.0
443,7,1,79,1,5.1,0.0,0.0,2.0,0.0
479,7,1,79,2,9.9,0.0,0.0,0.0,0.0
444,7,1,86,1,5.2,1.2,0.0,7.9,4.9
480,7,1,86,2,1.2,0.0,0.0,11.0,9.5
445,7,2,3,1,1.5,0.6,0.0,0.0,7.6
481,7,2,3,2,3.5,1.2,0.0,0.0,7.9
446,7,2,10,1,10.5,9.0,0.0,0.0,0.0
482,7,2,10,2,9.6,4.4,0.0,6.1,0.0
447,7,2,15,1,0.4,0.1,0.2,1.3,4.7
483,7,2,15,2,1.7,0.0,0.0,3.4,1.8
448,7,2,16,1,3.7,1.6,0.0,1.5,0.0
484,7,2,16,2,8.1,5.6,0.3,0.2,0.1
449,7,2,19,1,6.5,0.0,0.0,6.6,8.9
485,7,2,19,2,9.3,0.0,6.7,10.9,3.0
450,7,2,31,1,6.1,0.0,0.0,6.0,8.5
486,7,2,31,2,7.0,0.0,0.0,8.5,3.0
451,7,2,51,1,7.3,2.5,0.0,5.0,5.3
487,7,2,51,2,12.4,4.4,3.2,0.0,0.1
452,7,2,52,1,4.1,0.3,1.5,8.8,2.6
488,7,2,52,2,4.2,0.0,1.3,10.5,1.4
453,7,2,63,1,10.4,0.5,0.0,3.2,6.9
489,7,2,63,2,9.8,0.0,0.0,0.3,1.3
454,7,2,78,1,1.3,0.0,0.0,1.9,1.5
490,7,2,78,2,1.4,1.0,0.0,0.0,0.0
455,7,2,79,1,7.3,,0.0,0.7,0.0
491,7,2,79,2,6.6,0.0,0.0,2.0,0.0
456,7,2,86,1,1.2,0.0,0.0,10.1,7.3
492,7,2,86,2,3.6,0.0,0.0,5.1,1.1
457,7,3,3,1,0.9,0.7,0.0,0.0,3.0
493,7,3,3,2,2.6,0.9,0.0,0.0,9.8
458,7,3,10,1,7.1,2.7,0.0,7.4,0.0
494,7,3,10,2,9.5,8.1,0.0,3.9,0.0
459,7,3,15,1,1.2,0.0,0.0,5.4,3.8
495,7,3,15,2,1.0,0.1,0.1,3.1,6.0
460,7,3,16,1,12.7,5.1,0.0,0.6,0.0
496,7,3,16,2,10.8,7.5,0.1,1.2,0.0
461,7,3,19,1,8.6,0.0,0.0,10.4,0.0
497,7,3,19,2,9.0,0.0,0.0,13.0,11.5
462,7,3,31,1,6.4,0.0,0.0,5.0,3.6
498,7,3,31,2,12.0,0.4,0.0,11.3,8.0
463,7,3,51,1,9.4,2.2,2.9,8.4,1.6
499,7,3,51,2,8.7,4.6,1.1,4.5,4.9
464,7,3,52,1,6.4,0.3,1.1,7.0,0.0
500,7,3,52,2,5.7,0.8,3.7,6.0,0.2
465,7,3,63,1,9.5,0.0,0.0,1.4,0.0
501,7,3,63,2,10.7,0.5,0.0,8.1,0.9
466,7,3,78,1,4.3,0.0,0.0,3.4,6.2
502,7,3,78,2,0.2,0.0,0.0,1.0,3.5
467,7,3,79,1,7.2,0.0,0.0,0.7,0.5
503,7,3,79,2,6.5,0.0,0.0,1.5,0.0
468,7,3,86,1,3.0,2.3,2.8,0.0,0.0
504,7,3,86,2,2.4,0.0,1.4,7.5,4.0
505,8,1,3,1,3.5,0.5,1.3,0.0,3.8
541,8,1,3,2,0.6,0.3,0.0,0.0,8.1
506,8,1,10,1,10.2,8.2,0.0,5.2,0.0
542,8,1,10,2,8.6,4.0,0.0,8.6,3.5
507,8,1,15,1,1.9,1.9,0.1,3.9,5.4
543,8,1,15,2,0.6,0.0,0.0,6.2,2.6
508,8,1,16,1,2.4,1.0,1.8,9.7,2.9
544,8,1,16,2,0.9,0.3,0.2,2.4,2.7
509,8,1,19,1,5.4,3.5,0.0,2.1,0.0
545,8,1,19,2,11.0,0.0,11.1,10.0,2.0
510,8,1,31,1,4.0,0.0,0.0,10.0,1.2
546,8,1,31,2,6.6,0.0,0.0,10.8,10.3
511,8,1,51,1,14.9,0.8,0.7,1.0,0.0
547,8,1,51,2,11.5,1.3,0.0,1.0,3.8
512,8,1,52,1,2.1,0.0,0.0,4.9,6.5
548,8,1,52,2,1.7,0.0,0.0,3.3,6.4
513,8,1,63,1,5.9,0.0,0.0,12.4,9.2
549,8,1,63,2,3.8,0.0,0.0,10.5,12.9
514,8,1,78,1,1.5,0.0,0.0,0.0,1.3
550,8,1,78,2,1.6,0.9,0.0,7.2,8.3
515,8,1,79,1,10.5,,0.0,0.5,0.0
551,8,1,79,2,9.8,0.0,0.0,0.0,0.0
516,8,1,86,1,3.8,0.0,0.0,11.6,7.6
552,8,1,86,2,1.4,0.0,0.0,8.0,11.6
517,8,2,3,1,0.9,0.3,0.0,0.0,6.8
553,8,2,3,2,0.5,0.3,0.0,0.0,7.6
518,8,2,10,1,10.9,4.6,0.0,0.0,0.0
554,8,2,10,2,10.3,9.3,0.0,2.6,0.0
519,8,2,15,1,3.2,0.1,0.3,1.0,3.6
555,8,2,15,2,2.3,0.0,0.1,3.1,5.6
520,8,2,16,1,4.5,,1.4,6.7,0.0
556,8,2,16,2,5.3,3.5,0.2,1.5,0.0
521,8,2,19,1,11.2,2.2,0.0,4.1,0.0
557,8,2,19,2,8.7,5.2,0.0,0.0,0.0
522,8,2,31,1,7.8,1.1,0.0,3.9,0.0
558,8,2,31,2,9.9,1.0,0.0,5.5,9.1
523,8,2,51,1,13.8,1.4,2.0,1.2,0.0
559,8,2,51,2,8.5,6.2,4.1,4.8,2.3
524,8,2,52,1,3.9,0.0,0.0,8.2,2.9
560,8,2,52,2,0.0,0.0,0.0,0.5,8.7
525,8,2,63,1,3.9,0.0,0.0,11.4,9.7
561,8,2,63,2,5.7,0.0,0.0,8.6,4.2
526,8,2,78,1,4.0,0.0,0.0,3.0,3.6
562,8,2,78,2,2.1,1.2,0.0,7.2,6.3
527,8,2,79,1,8.2,0.0,0.0,1.0,0.0
563,8,2,79,2,5.7,0.0,1.4,2.3,
528,8,2,86,1,1.3,0.0,0.0,8.8,10.5
564,8,2,86,2,2.8,0.0,0.0,6.4,8.0
529,8,3,3,1,1.5,0.6,0.0,0.0,5.9
565,8,3,3,2,0.5,0.5,0.0,0.0,11.3
530,8,3,10,1,10.0,6.0,0.0,1.0,0.0
566,8,3,10,2,10.9,4.5,0.0,6.4,0.0
531,8,3,15,1,0.6,0.0,0.0,0.6,3.4
567,8,3,15,2,0.2,0.1,0.2,2.0,6.8
532,8,3,16,1,2.2,0.9,0.5,7.8,0.1
568,8,3,16,2,3.3,1.2,0.1,0.3,0.0
533,8,3,19,1,11.1,2.9,0.0,0.0,5.3
569,8,3,19,2,11.5,0.0,0.0,12.6,8.5
534,8,3,31,1,4.2,0.0,0.0,6.8,3.3
570,8,3,31,2,8.1,0.0,0.0,2.0,0.0
535,8,3,51,1,14.5,5.5,1.9,0.1,0.1
571,8,3,51,2,14.0,1.1,0.0,3.0,0.1
536,8,3,52,1,0.0,0.0,0.0,3.2,7.2
572,8,3,52,2,3.2,0.0,0.0,10.1,3.5
537,8,3,63,1,7.8,0.0,0.0,6.6,0.4
573,8,3,63,2,8.6,0.4,0.0,4.2,6.6
538,8,3,78,1,0.8,0.0,0.0,0.0,0.6
574,8,3,78,2,3.2,0.0,0.0,0.7,1.3
539,8,3,79,1,6.8,0.0,0.0,0.5,0.0
575,8,3,79,2,5.7,0.0,0.0,1.4,0.0
540,8,3,86,1,1.4,0.0,0.0,10.8,7.5
576,8,3,86,2,1.4,0.0,0.0,6.4,8.7
577,9,1,3,1,1.1,0.4,0.0,0.0,7.0
607,9,1,3,2,2.5,0.5,0.0,0.0,3.4
578,9,1,10,1,10.5,8.5,0.0,2.6,0.0
608,9,1,10,2,11.2,8.4,0.0,2.4,0.0
579,9,1,15,1,0.2,0.1,0.1,5.5,10.8
609,9,1,15,2,1.7,0.4,0.0,0.4,3.1
580,9,1,16,1,5.4,6.7,0.1,6.9,0.2
610,9,1,16,2,8.5,4.9,0.1,0.1,0.0
581,9,1,19,1,9.6,0.0,0.0,9.6,2.4
611,9,1,19,2,9.0,3.0,0.0,2.5,0.0
582,9,1,51,1,10.2,0.0,1.7,9.9,3.0
612,9,1,51,2,12.7,3.5,0.7,3.3,1.6
583,9,1,52,1,5.1,0.2,0.0,3.9,3.7
613,9,1,52,2,3.0,0.0,0.0,3.4,3.2
584,9,1,63,1,1.7,0.0,0.0,13.3,12.8
614,9,1,63,2,5.3,0.0,0.0,9.4,1.7
585,9,1,78,1,3.5,0.0,0.0,4.0,5.2
615,9,1,78,2,1.0,0.0,0.0,0.0,0.0
586,9,1,79,1,10.1,0.0,0.0,0.2,0.0
616,9,1,79,2,9.1,0.0,0.0,1.6,0.0
587,9,2,3,1,2.7,0.2,0.0,8.9,0.0
617,9,2,3,2,1.8,1.4,0.0,0.0,7.0
588,9,2,10,1,10.4,6.7,0.0,8.0,10.6
618,9,2,10,2,11.0,8.8,0.0,0.0,0.0
589,9,2,15,1,0.2,0.1,0.2,3.0,10.6
619,9,2,15,2,0.0,1.3,0.0,4.5,6.4
590,9,2,16,1,8.5,2.8,0.5,7.9,0.1
620,9,2,16,2,3.8,2.2,0.0,0.0,0.0
591,9,2,19,1,11.1,3.6,0.0,8.1,0.0
621,9,2,19,2,6.2,0.0,0.0,7.9,12.6
592,9,2,51,1,7.3,2.3,0.0,14.9,0.1
622,9,2,51,2,10.6,3.9,0.0,0.0,2.0
593,9,2,52,1,1.8,0.0,0.0,9.6,2.5
623,9,2,52,2,1.6,0.0,0.0,5.0,8.5
594,9,2,63,1,1.8,0.0,0.0,13.7,12.3
624,9,2,63,2,9.1,0.0,0.0,8.0,4.4
595,9,2,78,1,2.0,0.0,0.0,4.0,1.6
625,9,2,78,2,3.4,0.0,0.9,0.0,2.2
596,9,2,79,1,6.7,0.0,0.0,0.0,0.0
626,9,2,79,2,9.4,0.0,0.0,1.3,0.0
597,9,3,3,1,1.6,0.5,0.0,0.0,4.3
627,9,3,3,2,0.7,0.3,0.0,0.0,6.7
598,9,3,10,1,10.2,8.5,0.0,3.7,1.7
628,9,3,10,2,7.3,3.4,0.0,8.6,4.9
599,9,3,15,1,0.7,0.0,0.1,3.4,7.3
629,9,3,15,2,1.5,0.0,0.0,2.6,7.1
600,9,3,16,1,7.5,2.6,0.7,6.6,0.3
630,9,3,16,2,3.6,2.4,2.4,0.9,0.0
601,9,3,19,1,7.9,0.0,0.0,13.1,8.9
631,9,3,19,2,9.1,0.0,7.2,9.8,11.3
602,9,3,51,1,8.2,0.4,1.9,4.0,4.2
632,9,3,51,2,8.9,4.7,0.0,8.7,0.0
603,9,3,52,1,1.1,0.0,0.0,4.7,4.5
633,9,3,52,2,4.0,0.0,0.0,0.0,9.5
604,9,3,63,1,7.5,0.0,0.0,11.7,8.4
634,9,3,63,2,6.0,0.0,0.0,11.6,10.5
605,9,3,78,1,7.9,1.0,0.0,2.8,3.8
635,9,3,78,2,0.0,0.0,0.0,0.0,0.0
606,9,3,79,1,7.8,0.0,0.0,3.8,0.0
636,9,3,79,2,8.1,1.5,0.0,0.4,0.0
637,10,1,10,1,10.6,7.1,1.6,5.4,8.2
667,10,1,10,2,12.1,8.5,0.0,4.0,2.9
638,10,1,15,1,0.1,0.1,0.1,10.8,2.7
668,10,1,15,2,1.7,0.1,0.1,7.4,1.0
639,10,1,16,1,3.0,7.0,0.0,9.1,2.7
669,10,1,16,2,3.8,7.8,0.0,8.5,3.1
640,10,1,19,1,11.4,1.6,0.0,2.7,0.0
670,10,1,19,2,11.8,3.2,2.7,8.6,3.6
641,10,1,31,1,9.5,0.0,0.0,10.7,12.6
671,10,1,31,2,5.3,0.0,0.0,2.8,11.4
642,10,1,51,1,7.6,2.2,1.4,5.2,1.4
672,10,1,51,2,12.3,0.8,2.0,2.7,0.0
643,10,1,52,1,0.4,0.0,0.0,1.6,10.8
673,10,1,52,2,0.0,0.0,0.0,4.6,11.0
644,10,1,63,1,6.5,0.0,0.0,11.1,1.8
674,10,1,63,2,6.2,0.0,0.0,8.8,2.6
645,10,1,78,1,1.2,0.8,0.0,0.0,1.3
675,10,1,78,2,4.4,0.0,1.2,0.0,6.2
646,10,1,86,1,0.7,0.0,0.0,11.6,11.6
676,10,1,86,2,0.7,0.0,0.0,14.3,13.1
647,10,2,10,1,10.7,6.8,2.0,1.6,3.6
677,10,2,10,2,10.5,6.5,0.0,8.4,0.0
648,10,2,15,1,4.8,1.4,0.3,2.5,0.7
678,10,2,15,2,1.1,0.1,0.2,8.3,3.2
649,10,2,16,1,4.2,6.0,1.2,7.2,0.6
679,10,2,16,2,2.9,3.5,1.1,9.3,2.1
650,10,2,19,1,7.0,0.0,1.7,5.7,10.3
680,10,2,19,2,10.9,0.0,4.2,5.0,10.9
651,10,2,31,1,4.6,0.0,0.0,10.3,9.1
681,10,2,31,2,2.3,0.0,0.0,10.3,10.2
652,10,2,51,1,11.3,5.3,0.8,0.0,2.5
682,10,2,51,2,9.9,5.7,2.4,1.7,5.4
653,10,2,52,1,0.3,0.0,0.0,3.8,7.4
683,10,2,52,2,3.8,0.0,0.0,10.7,6.4
654,10,2,63,1,8.6,0.6,0.0,7.9,9.5
684,10,2,63,2,9.0,0.0,0.0,6.7,10.7
655,10,2,78,1,5.2,0.0,0.0,4.1,4.1
685,10,2,78,2,1.5,0.0,0.0,1.1,2.4
656,10,2,86,1,2.0,0.0,0.0,10.4,12.7
686,10,2,86,2,1.0,0.0,0.0,11.2,11.6
657,10,3,10,1,11.3,9.2,0.0,3.3,0.0
687,10,3,10,2,10.0,5.4,0.0,5.4,1.9
658,10,3,15,1,2.5,0.4,0.1,2.6,0.2
688,10,3,15,2,4.3,3.3,0.0,2.1,0.3
659,10,3,16,1,3.9,1.4,1.0,6.7,4.4
689,10,3,16,2,2.5,0.7,1.6,6.0,1.3
660,10,3,19,1,9.1,4.0,0.0,5.8,0.0
690,10,3,19,2,12.2,0.0,4.6,9.3,11.8
661,10,3,31,1,6.5,0.0,0.0,9.3,11.4
691,10,3,31,2,10.4,0.0,0.0,5.7,0.0
662,10,3,51,1,8.0,3.2,0.0,6.8,3.3
692,10,3,51,2,11.6,2.4,2.0,0.0,0.0
663,10,3,52,1,1.2,0.8,0.2,1.4,9.0
693,10,3,52,2,1.8,0.0,0.0,2.6,9.3
664,10,3,63,1,7.0,0.0,0.0,11.9,3.3
694,10,3,63,2,7.0,0.0,0.0,11.4,7.3
665,10,3,78,1,3.7,0.0,0.9,0.0,1.3
695,10,3,78,2,3.3,0.0,0.0,2.5,1.4
666,10,3,86,1,2.5,0.0,0.0,7.0,10.5
696,10,3,86,2,2.5,0.0,0.0,8.2,9.4
