,id,center,random,treat,sex,age,height,weight,inherit,steroids,propylac,hos.cat,tstart,enum,tstop,status
1,1,7,0,1,0,12,147.0,62.0,1,0,0,3,0,1,219,1
2,1,7,0,1,0,12,147.0,62.0,1,0,0,3,219,2,373,1
3,1,7,0,1,0,12,147.0,62.0,1,0,0,3,373,3,414,0
4,2,7,0,0,1,15,159.0,47.5,1,0,1,3,0,1,8,1
5,2,7,0,0,1,15,159.0,47.5,1,0,1,3,8,2,26,1
6,2,7,0,0,1,15,159.0,47.5,1,0,1,3,26,3,152,1
7,2,7,0,0,1,15,159.0,47.5,1,0,1,3,152,4,241,1
8,2,7,0,0,1,15,159.0,47.5,1,0,1,3,241,5,249,1
9,2,7,0,0,1,15,159.0,47.5,1,0,1,3,249,6,322,1
10,2,7,0,0,1,15,159.0,47.5,1,0,1,3,322,7,350,1
11,2,7,0,0,1,15,159.0,47.5,1,0,1,3,350,8,439,0
12,3,7,1,1,1,19,171.0,72.7,0,0,1,3,0,1,382,0
13,4,7,2,1,1,12,142.0,34.0,0,0,1,3,0,1,388,0
14,5,6,3,0,1,17,162.5,52.7,0,0,1,2,0,1,246,1
15,5,6,3,0,1,17,162.5,52.7,0,0,1,2,246,2,253,1
16,5,6,3,0,1,17,162.5,52.7,0,0,1,2,253,3,383,0
17,6,10,4,1,0,44,153.3,45.0,1,0,0,3,0,1,364,0
18,7,10,4,0,1,22,175.0,59.7,0,0,1,3,0,1,292,1
19,7,10,4,0,1,22,175.0,59.7,0,0,1,3,292,2,364,0
20,8,10,4,1,1,7,111.0,17.4,0,0,1,3,0,1,363,0
21,9,6,5,0,1,27,176.0,82.8,1,0,1,2,0,1,294,1
22,9,6,5,0,1,27,176.0,82.8,1,0,1,2,294,2,349,0
23,10,6,5,1,1,5,113.0,19.5,0,0,1,2,0,1,371,0
24,11,6,5,0,1,2,93.0,13.2,0,0,1,2,0,1,19,1
25,11,6,5,0,1,2,93.0,13.2,0,0,1,2,19,2,102,0
26,12,6,6,1,1,8,124.0,25.4,0,0,1,2,0,1,373,1
27,12,6,6,1,1,8,124.0,25.4,0,0,1,2,373,2,388,0
28,13,6,6,1,1,12,144.0,36.9,0,0,1,2,0,1,388,0
29,14,7,7,0,1,1,79.0,10.5,0,0,1,3,0,1,211,1
30,14,7,7,0,1,1,79.0,10.5,0,0,1,3,211,2,260,1
31,14,7,7,0,1,1,79.0,10.5,0,0,1,3,260,3,265,1
32,14,7,7,0,1,1,79.0,10.5,0,0,1,3,265,4,269,1
33,14,7,7,0,1,1,79.0,10.5,0,0,1,3,269,5,307,1
34,14,7,7,0,1,1,79.0,10.5,0,0,1,3,307,6,363,0
35,15,7,8,1,1,9,134.5,32.7,1,0,1,3,0,1,82,1
36,15,7,8,1,1,9,134.5,32.7,1,0,1,3,82,2,114,1
37,15,7,8,1,1,9,134.5,32.7,1,0,1,3,114,3,337,1
38,15,7,8,1,1,9,134.5,32.7,1,0,1,3,337,4,367,0
39,16,6,8,0,1,27,174.0,67.8,0,0,1,2,0,1,365,0
40,17,6,9,0,1,14,143.5,33.4,0,0,1,2,0,1,334,1
41,17,6,9,0,1,14,143.5,33.4,0,0,1,2,334,2,370,1
42,17,6,9,0,1,14,143.5,33.4,0,0,1,2,370,3,382,0
43,18,7,10,0,1,1,79.0,11.5,0,0,1,3,0,1,18,1
44,18,7,10,0,1,1,79.0,11.5,0,0,1,3,18,2,362,0
45,19,6,11,1,1,11,149.0,50.9,1,0,1,2,0,1,373,0
46,20,6,12,0,1,29,175.0,73.1,1,0,1,2,0,1,280,1
47,20,6,12,0,1,29,175.0,73.1,1,0,1,2,280,2,385,0
48,21,6,12,1,0,31,167.0,51.8,1,0,1,2,0,1,376,0
49,22,6,13,1,1,7,121.0,19.9,0,0,1,2,0,1,360,0
50,23,6,13,0,0,26,153.0,46.9,1,0,1,2,0,1,306,0
51,24,5,13,1,1,12,136.5,30.0,0,0,1,3,0,1,160,0
52,25,5,13,0,1,7,120.0,23.0,0,0,1,3,0,1,146,1
53,25,5,13,0,1,7,120.0,23.0,0,0,1,3,146,2,316,0
54,26,5,13,0,1,1,79.0,10.6,0,0,1,3,0,1,316,0
55,27,5,14,1,1,3,97.8,13.0,0,0,1,3,0,1,315,0
56,28,9,15,0,1,7,109.0,14.7,0,0,1,3,0,1,357,0
57,29,7,16,1,1,5,102.0,18.0,0,0,1,3,0,1,267,1
58,29,7,16,1,1,5,102.0,18.0,0,0,1,3,267,2,360,0
59,30,4,16,0,1,1,79.0,12.2,0,0,1,3,0,1,206,1
60,30,4,16,0,1,1,79.0,12.2,0,0,1,3,206,2,347,0
61,31,9,16,0,1,5,101.0,15.4,0,0,1,3,0,1,175,1
62,31,9,16,0,1,5,101.0,15.4,0,0,1,3,175,2,280,1
63,31,9,16,0,1,5,101.0,15.4,0,0,1,3,280,3,353,0
64,32,0,17,0,1,18,179.0,67.0,1,0,1,0,0,1,308,0
65,33,0,17,1,1,13,151.0,49.0,0,0,1,0,0,1,327,0
66,34,0,17,0,1,11,136.5,31.2,0,0,0,0,0,1,329,0
67,35,9,18,0,1,24,169.7,59.0,0,0,1,3,0,1,343,0
68,36,6,19,1,1,13,145.2,36.2,0,0,1,2,0,1,118,1
69,36,6,19,1,1,13,145.2,36.2,0,0,1,2,118,2,240,1
70,36,6,19,1,1,13,145.2,36.2,0,0,1,2,240,3,251,0
71,37,0,20,1,1,2,86.0,13.5,0,0,1,0,0,1,318,0
72,38,0,20,1,1,17,180.0,68.0,0,0,1,0,0,1,304,0
73,39,0,20,0,1,35,181.5,80.0,1,0,0,0,0,1,316,0
74,40,4,20,1,1,7,116.6,23.3,0,0,1,3,0,1,335,0
75,41,4,20,1,1,17,170.2,47.9,0,0,1,3,0,1,274,1
76,41,4,20,1,1,17,170.2,47.9,0,0,1,3,274,2,361,1
77,41,4,20,1,1,17,170.2,47.9,0,0,1,3,361,3,365,0
78,42,4,20,1,1,8,125.4,27.7,0,0,1,3,0,1,336,0
79,43,10,21,1,1,19,173.6,61.4,0,0,0,3,0,1,350,0
80,44,6,22,1,0,25,168.0,68.9,1,0,1,2,0,1,187,1
81,44,6,22,1,0,25,168.0,68.9,1,0,1,2,187,2,356,0
82,45,6,22,1,0,9,140.0,36.0,1,0,1,2,0,1,339,0
83,46,6,22,0,1,28,174.0,63.7,0,0,1,2,0,1,6,1
84,46,6,22,0,1,28,174.0,63.7,0,0,1,2,6,2,301,0
85,47,8,23,0,0,17,171.0,46.1,1,0,1,3,0,1,330,0
86,48,0,24,0,1,25,172.5,50.0,0,0,1,0,0,1,300,0
87,49,0,24,1,1,14,145.0,29.0,0,0,0,0,0,1,146,1
88,49,0,24,1,1,14,145.0,29.0,0,0,0,0,146,2,188,1
89,49,0,24,1,1,14,145.0,29.0,0,0,0,0,188,3,300,0
90,50,0,24,0,1,25,187.5,74.0,1,0,1,0,0,1,304,1
91,50,0,24,0,1,25,187.5,74.0,1,0,1,0,304,2,312,0
92,51,6,25,1,0,13,139.0,34.8,1,0,1,2,0,1,334,0
93,52,4,25,0,1,20,173.0,68.4,0,0,1,3,0,1,52,1
94,52,4,25,0,1,20,173.0,68.4,0,0,1,3,52,2,65,1
95,52,4,25,0,1,20,173.0,68.4,0,0,1,3,65,3,255,1
96,52,4,25,0,1,20,173.0,68.4,0,0,1,3,255,4,270,0
97,53,4,25,0,1,5,114.5,23.0,0,0,0,3,0,1,67,1
98,53,4,25,0,1,5,114.5,23.0,0,0,0,3,67,2,248,1
99,53,4,25,0,1,5,114.5,23.0,0,0,0,3,248,3,250,1
100,53,4,25,0,1,5,114.5,23.0,0,0,0,3,250,4,284,1
101,53,4,25,0,1,5,114.5,23.0,0,0,0,3,284,5,347,0
102,54,2,26,1,0,38,152.2,66.7,1,0,1,3,0,1,293,0
103,55,9,27,1,1,12,138.0,28.1,0,0,1,3,0,1,265,1
104,55,9,27,1,1,12,138.0,28.1,0,0,1,3,265,2,303,0
105,56,7,27,1,1,22,169.0,52.2,1,0,1,3,0,1,337,0
106,57,0,28,0,0,27,169.5,65.0,0,1,0,0,0,1,91,1
107,57,0,28,0,0,27,169.5,65.0,0,1,0,0,91,2,121,1
108,57,0,28,0,0,27,169.5,65.0,0,1,0,0,121,3,203,1
109,57,0,28,0,0,27,169.5,65.0,0,1,0,0,203,4,287,0
110,58,0,28,0,1,32,185.0,95.0,1,0,1,0,0,1,293,0
111,59,0,28,1,1,6,120.0,23.0,0,0,1,0,0,1,293,0
112,60,4,29,1,1,6,105.5,19.5,0,1,1,3,0,1,318,0
113,61,4,29,0,1,9,129.6,29.3,0,0,0,3,0,1,318,1
114,61,4,29,0,1,9,129.6,29.3,0,0,0,3,318,2,359,0
115,62,8,30,0,0,8,115.0,19.0,1,0,1,3,0,1,57,1
116,62,8,30,0,0,8,115.0,19.0,1,0,1,3,57,2,121,1
117,62,8,30,0,0,8,115.0,19.0,1,0,1,3,121,3,351,0
118,63,9,30,0,1,5,97.1,15.3,0,0,1,3,0,1,226,1
119,63,9,30,0,1,5,97.1,15.3,0,0,1,3,226,2,322,0
120,64,12,31,1,1,26,176.8,66.0,0,0,1,1,0,1,65,1
121,64,12,31,1,1,26,176.8,66.0,0,0,1,1,65,2,343,0
122,65,6,32,1,1,24,177.0,78.4,1,0,1,2,0,1,269,0
123,66,0,32,0,1,8,138.0,31.0,1,0,0,0,0,1,264,1
124,66,0,32,0,1,8,138.0,31.0,1,0,0,0,264,2,286,0
125,67,0,32,1,1,9,144.0,34.4,1,0,1,0,0,1,286,0
126,68,0,33,1,0,23,170.0,49.0,1,0,0,0,0,1,273,0
127,69,8,34,1,1,6,111.9,17.9,0,0,1,3,0,1,297,0
128,70,0,35,0,0,23,122.0,31.2,1,1,1,0,0,1,236,1
129,70,0,35,0,0,23,122.0,31.2,1,1,1,0,236,2,273,0
130,71,0,35,1,0,17,127.0,27.0,1,0,1,0,0,1,273,0
131,72,0,35,1,1,21,158.0,49.0,1,0,1,0,0,1,207,1
132,72,0,35,1,1,21,158.0,49.0,1,0,1,0,207,2,273,0
133,73,12,36,0,1,6,104.4,13.8,0,0,1,1,0,1,294,0
134,74,12,36,1,0,9,122.8,20.1,1,0,1,1,0,1,303,0
135,75,8,37,0,1,7,116.2,22.2,1,0,1,3,0,1,281,0
136,76,6,37,0,1,11,123.0,24.3,0,0,1,2,0,1,273,0
137,77,2,38,0,1,14,144.0,32.8,0,0,1,3,0,1,255,0
138,78,11,38,1,1,34,182.6,94.8,0,0,0,3,0,1,269,0
139,79,12,39,0,1,25,176.9,73.5,0,0,0,1,0,1,23,1
140,79,12,39,0,1,25,176.9,73.5,0,0,0,1,23,2,270,0
141,80,12,39,1,1,2,93.5,14.2,0,0,1,1,0,1,270,0
142,81,8,40,1,1,7,119.7,21.5,0,0,1,3,0,1,276,0
143,82,0,41,0,1,1,81.0,10.4,0,0,1,0,0,1,264,0
144,83,12,42,0,1,8,121.6,22.4,0,0,1,1,0,1,245,0
145,84,12,42,0,1,10,125.9,29.7,0,0,1,1,0,1,261,0
146,85,7,42,0,0,19,159.0,46.0,1,0,0,3,0,1,270,0
147,86,6,43,1,1,4,103.8,16.8,0,0,1,2,0,1,113,1
148,86,6,43,1,1,4,103.8,16.8,0,0,1,2,113,2,273,0
149,87,6,43,0,1,19,170.0,71.2,0,0,1,2,0,1,99,1
150,87,6,43,0,1,19,170.0,71.2,0,0,1,2,99,2,306,1
151,88,7,43,0,1,7,115.5,19.5,0,0,1,3,0,1,274,0
152,89,8,43,1,1,8,116.8,20.0,0,0,1,3,0,1,279,0
153,90,8,44,0,1,11,141.5,36.0,0,0,1,3,0,1,14,1
154,90,8,44,0,1,11,141.5,36.0,0,0,1,3,14,2,278,0
155,91,3,45,0,1,9,129.4,28.7,0,0,1,3,0,1,278,0
156,92,12,46,1,1,20,169.8,50.1,0,0,1,1,0,1,284,0
157,93,12,46,0,1,34,166.5,58.2,1,0,1,1,0,1,276,0
158,94,3,47,1,1,5,112.3,20.7,0,0,1,3,0,1,265,0
159,95,12,48,1,1,6,119.9,26.2,0,0,1,1,0,1,294,0
160,96,12,48,1,1,11,139.2,34.9,0,0,1,1,0,1,277,0
161,97,4,49,1,1,5,110.4,19.1,0,0,1,3,0,1,259,0
162,98,12,50,0,1,3,91.7,14.4,1,0,1,1,0,1,4,1
163,98,12,50,0,1,3,91.7,14.4,1,0,1,1,4,2,159,1
164,98,12,50,0,1,3,91.7,14.4,1,0,1,1,159,3,213,1
165,98,12,50,0,1,3,91.7,14.4,1,0,1,1,213,4,287,0
166,99,6,51,1,1,18,166.0,58.1,0,0,1,2,0,1,263,0
167,100,6,52,1,1,7,135.0,42.9,1,0,1,2,0,1,167,1
168,100,6,52,1,1,7,135.0,42.9,1,0,1,2,167,2,240,0
169,101,3,53,1,1,1,76.3,11.3,0,0,1,3,0,1,217,0
170,102,7,53,1,1,25,185.0,58.4,0,0,1,3,0,1,271,0
171,103,7,53,0,1,31,170.0,80.5,0,0,1,3,0,1,252,0
172,104,12,54,1,1,9,131.3,24.0,0,0,1,1,0,1,331,0
173,105,9,55,1,1,24,171.0,55.1,0,0,1,3,0,1,255,0
174,106,6,56,0,0,12,166.0,51.9,1,0,1,2,0,1,271,0
175,107,6,56,1,1,10,129.0,27.4,0,0,1,2,0,1,254,0
176,108,11,57,1,1,32,177.9,63.4,0,0,0,3,0,1,185,0
177,109,2,57,0,1,26,81.3,55.0,0,0,1,3,0,1,213,0
178,110,3,58,1,1,7,119.0,20.6,0,0,1,3,0,1,165,1
179,110,3,58,1,1,7,119.0,20.6,0,0,1,3,165,2,210,0
180,111,2,59,0,1,26,178.5,69.3,0,0,1,3,0,1,203,0
181,112,12,60,0,0,11,138.6,36.1,1,0,1,1,0,1,288,0
182,113,12,60,0,1,17,156.7,36.8,0,0,1,1,0,1,269,0
183,114,12,60,0,1,10,143.0,31.3,0,0,1,1,0,1,269,0
184,115,11,61,0,1,25,185.0,74.6,0,0,0,3,0,1,91,0
185,116,11,61,0,1,21,189.0,101.5,0,0,0,3,0,1,91,0
186,117,3,62,0,1,11,137.5,40.3,1,0,1,3,0,1,192,0
187,118,8,62,1,1,4,108.1,17.3,0,0,1,3,0,1,199,0
188,119,3,63,0,1,4,98.3,14.4,1,0,1,3,0,1,11,1
189,119,3,63,0,1,4,98.3,14.4,1,0,1,3,11,2,22,1
190,119,3,63,0,1,4,98.3,14.4,1,0,1,3,22,3,169,1
191,119,3,63,0,1,4,98.3,14.4,1,0,1,3,169,4,195,0
192,121,1,64,0,0,22,163.0,49.1,1,0,1,1,0,1,198,0
193,122,1,64,0,1,17,169.0,63.5,0,0,1,1,0,1,207,0
194,123,1,64,0,1,19,182.0,63.9,0,0,1,1,0,1,168,1
195,123,1,64,0,1,19,182.0,63.9,0,0,1,1,168,2,200,0
196,125,1,64,1,0,36,167.0,60.8,1,0,1,1,0,1,197,0
197,131,7,64,1,0,37,155.0,67.5,0,0,1,3,0,1,243,0
198,132,3,64,0,0,7,113.0,20.4,1,0,1,3,0,1,120,1
199,132,3,64,0,0,7,113.0,20.4,1,0,1,3,120,2,203,0
200,133,3,65,1,1,15,178.7,60.5,0,0,1,3,0,1,197,0
201,134,7,66,0,0,6,130.0,21.6,1,0,1,3,0,1,104,1
202,134,7,66,0,0,6,130.0,21.6,1,0,1,3,104,2,227,0
203,135,7,66,0,0,3,96.0,13.1,1,0,1,3,0,1,227,0
