,rank,name,country,category,sales,profits,assets,marketvalue
1,1,451,59,1,94.71,17.85,1264.03,255.3
2,2,748,59,5,134.19,15.59,626.93,328.54
3,3,113,59,15,76.66,6.46,647.66,194.87
4,4,657,59,18,222.88,20.96,166.99,277.02
5,5,206,55,18,232.57,10.27,177.57,173.54
6,6,243,59,1,49.01,10.81,736.45,117.55
7,7,800,55,1,44.33,6.66,757.6,177.96
8,8,1826,27,7,135.82,7.99,171.71,115.4
9,9,664,59,8,53.13,6.48,1019.17,76.84
10,10,1920,59,19,256.33,9.05,104.91,243.74
11,11,1847,51,8,48.95,5.15,853.23,85.07
12,12,899,35,8,94.72,4.73,752.49,54.59
13,13,1510,36,18,133.5,8.4,100.72,163.45
14,14,293,59,15,56.22,6.95,172.24,141.14
15,15,964,59,1,44.39,4.47,792.7,81.94
16,16,891,59,22,89.13,7.58,104.46,171.54
17,17,1820,15,18,131.64,8.84,87.84,116.64
18,18,202,15,1,47.74,4.73,745.09,59.29
19,19,1508,55,1,35.65,4.95,663.45,90.21
20,20,713,59,8,46.26,10.09,752.25,44.25
21,21,533,17,7,157.13,5.12,195.58,47.43
22,22,94,59,10,60.7,9.2,96.18,111.02
23,23,416,59,18,112.94,7.43,82.36,92.49
24,24,1399,59,9,40.36,6.2,120.06,285.27
25,25,1934,59,1,31.8,6.2,387.8,97.53
26,26,1899,59,23,67.75,2.57,165.97,103.97
27,27,267,55,1,33.69,4.9,791.54,61.33
28,28,1220,59,8,33.0,3.64,580.63,64.81
29,29,751,59,7,185.52,3.82,450.0,27.47
30,30,1284,27,23,92.41,2.17,150.87,73.0
31,31,1186,59,21,34.27,8.88,85.94,287.02
32,32,1254,51,10,64.56,5.48,62.15,106.55
33,33,1520,59,23,39.16,5.97,100.17,82.93
34,34,561,17,8,58.85,1.53,792.49,50.23
35,35,1625,17,5,86.62,2.81,85.47,75.77
36,36,795,55,1,32.68,3.09,571.76,52.87
37,37,600,26,18,53.29,4.82,67.91,76.13
38,38,485,59,18,90.49,4.83,81.95,46.72
39,39,228,49,1,28.7,3.28,442.24,56.78
40,40,1173,59,8,26.64,3.47,485.77,57.52
41,41,1919,59,1,24.47,4.25,400.87,62.35
42,42,1796,59,17,38.08,2.65,121.78,77.95
43,43,838,59,22,73.06,2.54,74.71,70.2
44,44,1426,59,14,46.99,5.81,53.86,131.89
45,45,1546,48,20,50.22,5.95,54.58,72.72
46,46,978,59,9,40.01,6.74,46.66,160.96
47,47,1091,55,1,24.48,2.87,406.99,48.11
48,48,1,35,1,23.64,3.98,704.95,39.29
49,49,861,27,7,67.44,3.61,63.09,40.61
50,50,111,59,8,24.17,3.0,175.0,68.89
51,51,1290,27,7,57.77,4.19,60.56,41.71
52,52,241,59,1,21.04,3.4,290.01,58.38
53,53,23,15,15,90.1,1.0,456.13,41.39
54,54,1646,15,1,35.52,1.61,526.54,40.61
55,55,1392,11,18,29.53,5.67,58.36,90.49
56,56,767,59,8,22.84,2.54,394.14,50.12
57,57,190,49,1,24.1,2.81,288.8,44.67
58,58,930,59,20,30.14,5.64,47.14,196.87
59,59,1174,59,15,35.79,2.24,326.84,26.34
60,60,859,59,19,62.9,4.04,35.37,82.29
61,61,1900,59,17,25.85,2.47,90.94,68.66
62,62,85,59,15,32.15,2.73,134.14,32.9
63,63,1170,59,9,30.78,7.33,42.59,108.76
64,64,1316,51,9,26.77,5.4,46.92,116.43
65,65,599,26,26,38.99,2.11,71.36,46.84
66,66,1862,36,10,50.7,2.24,45.49,72.19
67,67,1924,59,1,18.01,3.88,275.18,39.69
68,68,505,15,1,31.77,1.12,531.01,38.8
69,69,564,17,25,41.23,1.64,169.33,26.83
70,70,468,59,17,18.35,3.24,109.16,67.3
71,71,1908,17,7,91.33,2.71,112.87,17.42
72,72,1803,27,26,41.62,1.4,116.68,30.63
73,73,1222,17,15,45.85,1.14,191.33,26.63
74,74,201,17,7,52.23,2.12,58.11,29.03
75,75,699,59,7,164.2,0.76,312.56,26.29
76,76,1843,6,5,37.57,1.19,62.8,58.41
77,77,1853,59,1,14.57,3.73,189.29,52.88
78,78,1497,51,9,25.18,2.48,45.77,95.38
79,79,1507,8,1,18.82,2.28,305.01,31.82
80,80,763,55,9,34.16,6.34,29.19,124.79
81,81,426,11,18,39.16,1.94,45.32,50.09
82,82,1657,27,7,63.23,0.98,68.04,38.0
83,83,1298,14,22,37.05,4.52,29.15,104.3
84,84,288,59,23,22.58,3.59,49.62,54.08
85,85,1922,59,17,28.44,1.92,51.52,55.06
86,86,1249,1,1,15.34,2.69,269.94,36.51
87,87,745,45,18,19.21,3.81,77.15,36.28
88,88,386,15,11,96.94,1.45,40.11,37.19
89,89,449,59,22,19.82,4.35,36.59,166.09
90,90,694,59,1,14.22,2.13,196.4,47.19
91,91,1461,17,26,45.68,1.1,97.35,23.76
92,92,1859,26,1,16.53,1.89,223.6,33.53
93,93,210,55,23,29.58,4.24,44.42,28.73
94,94,1874,59,25,32.81,3.54,28.37,79.62
95,95,1875,59,5,31.03,2.36,34.65,48.77
96,96,705,35,8,52.51,0.56,507.98,30.19
97,97,583,59,4,32.63,1.74,41.89,39.85
98,98,44,35,15,17.75,1.63,266.59,23.49
99,99,568,5,1,19.62,1.36,368.37,21.64
100,100,1481,15,7,38.17,2.05,54.04,19.64
101,101,1753,59,19,46.65,1.7,31.42,37.52
102,102,460,59,10,21.03,4.35,27.34,125.37
103,103,1073,59,8,17.1,1.47,291.64,23.01
104,104,1386,59,10,26.97,3.49,25.33,86.73
105,105,1434,55,15,38.22,0.72,242.97,18.84
106,106,258,8,1,13.09,1.88,216.0,26.46
107,107,304,59,0,50.49,0.7,52.99,35.54
108,108,177,15,9,21.66,2.29,31.06,62.98
109,109,1484,49,18,29.14,2.05,39.34,26.22
110,110,1263,1,17,20.16,1.22,45.65,55.43
111,111,188,17,4,33.84,1.58,35.59,30.0
112,112,424,29,23,15.53,3.96,34.36,67.08
113,113,552,59,22,41.44,2.65,19.31,88.46
114,114,1398,15,7,68.23,1.89,58.34,12.36
115,115,631,49,26,20.43,1.65,57.92,21.1
116,116,18,59,23,34.53,1.85,47.99,15.84
117,117,1683,38,18,35.02,2.36,29.01,23.55
118,118,322,59,9,19.89,2.9,26.53,56.05
119,119,164,55,9,20.46,3.29,23.57,83.03
120,120,1782,55,11,41.48,1.49,25.9,33.99
121,121,26,59,9,18.99,2.44,26.15,69.27
122,122,197,2,16,17.86,2.13,28.43,57.43
123,123,277,17,4,30.42,1.11,42.78,21.9
124,124,1435,59,15,27.73,0.5,325.77,24.92
125,125,1108,59,8,11.38,2.17,58.71,35.71
126,126,476,1,1,10.75,1.36,178.29,31.95
127,127,1393,7,18,22.61,2.29,27.06,35.52
128,128,1559,26,1,13.49,0.93,212.16,24.6
129,129,1968,59,9,15.33,3.29,28.24,56.35
130,130,367,8,1,13.0,1.56,209.0,18.27
131,131,1221,59,22,27.06,0.89,32.1,40.08
132,132,595,59,4,26.2,0.72,37.39,44.32
133,133,555,13,1,12.64,1.57,308.62,16.39
134,134,389,59,3,22.76,1.1,37.01,26.63
135,135,862,59,0,23.1,1.34,29.34,31.39
136,136,1302,50,1,13.42,0.93,262.2,20.14
137,137,123,55,16,16.16,1.67,32.95,35.27
138,138,374,27,2,24.76,1.61,23.34,42.84
139,139,1833,59,15,14.54,1.7,62.69,18.46
140,140,396,59,13,17.49,1.42,41.07,23.08
141,141,1705,8,15,17.02,1.01,111.43,16.58
142,142,1542,15,6,37.22,1.09,31.67,18.87
143,143,604,27,25,21.71,0.83,56.79,20.07
144,144,879,19,5,9.65,1.83,63.53,35.38
145,145,381,59,12,61.3,1.45,19.52,28.31
146,146,255,8,1,10.08,1.38,194.35,21.63
147,147,70,59,16,21.5,0.99,31.71,32.14
148,148,1244,59,1,9.59,2.12,113.93,21.51
149,149,1943,1,1,9.45,1.49,150.08,24.44
150,150,1096,59,19,30.03,1.79,18.68,45.29
151,151,1816,8,1,11.88,0.82,207.09,22.26
152,152,1039,48,26,18.01,2.57,58.38,11.84
153,153,1212,13,25,19.2,1.53,24.09,37.67
154,154,1037,48,1,13.97,1.07,157.59,14.44
155,155,325,55,10,17.07,1.86,25.89,31.33
156,156,1191,27,24,112.76,0.46,67.69,15.13
157,157,1001,27,26,22.12,0.68,60.52,17.56
158,158,87,5,8,20.64,0.75,265.53,12.16
159,159,1187,27,15,24.16,0.48,83.23,22.97
160,160,15,1,1,8.79,1.6,132.44,23.4
161,161,501,59,8,9.88,2.37,97.94,16.34
162,162,1092,59,0,31.82,1.05,25.34,22.27
163,163,1102,59,5,18.23,2.4,17.59,62.48
164,164,1776,1,23,13.81,2.31,23.99,47.18
165,165,623,59,9,12.58,2.56,21.68,82.53
166,166,1877,59,12,28.57,1.83,17.63,35.01
167,167,1404,15,19,30.64,1.67,31.2,12.84
168,168,1306,38,5,23.53,1.27,29.65,17.64
169,169,1313,59,0,23.94,0.87,33.66,18.98
170,170,1130,8,15,12.85,1.19,59.81,16.91
171,171,437,27,26,18.41,0.9,52.08,15.59
172,172,1582,59,19,41.12,3.4,27.74,10.6
173,173,654,59,26,15.81,0.79,41.62,21.44
174,174,1153,59,13,16.48,1.04,25.23,33.8
175,175,191,8,23,14.7,1.4,30.35,20.2
176,176,796,59,12,21.81,1.33,21.06,21.65
177,177,48,59,15,11.27,0.91,49.24,20.65
178,178,1661,59,26,11.17,1.53,33.89,21.6
179,179,676,59,1,6.47,1.77,91.14,32.74
180,180,889,48,7,40.57,1.21,37.83,8.85
181,181,119,59,9,8.36,2.26,26.18,83.02
182,182,1247,55,26,14.85,0.62,39.34,23.73
183,183,1043,59,11,53.23,1.04,20.61,14.09
184,184,1098,45,18,15.25,1.83,21.68,21.65
185,185,1708,59,1,7.07,1.33,125.39,20.8
186,186,1059,15,14,17.65,1.89,14.13,56.46
187,187,19,59,23,16.7,0.44,47.8,27.28
188,188,1495,56,16,10.01,1.64,24.08,43.52
189,189,906,49,26,11.94,1.33,30.99,18.78
190,190,377,59,8,9.78,1.15,46.28,17.17
191,191,578,59,26,11.78,0.72,41.54,20.44
192,192,1864,59,25,11.55,1.31,33.46,16.55
193,193,1267,59,23,10.15,2.37,21.44,29.81
194,194,3,6,15,10.67,1.39,49.52,12.6
195,195,257,59,1,6.34,1.16,92.3,25.27
196,196,1909,50,3,24.28,0.6,32.68,14.12
197,197,1921,59,19,33.74,1.2,12.1,35.33
198,198,46,59,12,18.12,0.78,41.06,11.82
199,199,1848,45,26,15.76,1.1,32.94,12.72
200,200,1674,55,1,7.4,0.9,112.77,20.15
201,201,125,59,10,14.15,2.08,14.69,42.34
202,202,430,11,23,9.12,2.04,24.85,29.92
203,203,351,15,15,26.35,0.6,158.05,8.0
204,204,1021,59,14,13.99,1.6,16.41,30.59
205,205,849,27,2,69.3,0.24,77.32,21.09
206,206,1793,17,16,42.17,0.6,33.85,10.23
207,207,1665,59,23,14.19,1.62,21.86,16.6
208,208,457,59,17,8.85,1.14,28.17,27.86
209,209,556,27,7,19.74,0.94,19.6,17.2
210,210,977,59,15,9.27,0.83,108.87,12.38
211,211,989,27,23,23.56,0.49,23.36,23.55
212,212,189,59,1,6.24,1.06,90.47,20.43
213,213,1990,45,18,10.86,3.04,14.21,39.81
214,214,1131,59,18,36.68,1.32,19.06,10.39
215,215,777,15,10,16.52,1.06,16.27,23.37
216,216,684,59,21,8.32,1.36,26.29,29.06
217,217,1456,59,23,14.51,4.45,30.46,8.45
218,218,1176,17,11,54.12,0.47,22.94,14.38
219,219,313,15,6,23.37,0.7,25.12,12.35
220,220,625,59,5,14.33,1.12,15.71,26.88
221,221,82,23,1,6.8,1.1,89.95,15.04
222,222,1424,59,8,9.24,0.79,103.77,11.69
223,223,1717,50,1,7.37,0.84,147.16,13.68
224,224,500,59,19,43.87,0.74,14.33,17.23
225,225,1199,27,24,111.98,0.28,54.88,12.3
226,226,1750,27,9,8.85,2.3,17.37,37.96
227,227,436,59,15,10.85,0.79,38.09,13.29
228,228,1896,15,26,35.97,0.36,44.04,12.09
229,229,281,59,8,6.91,1.06,209.69,12.16
230,230,218,26,1,19.2,0.21,291.9,26.26
231,231,669,59,25,22.98,0.65,16.21,20.56
232,232,400,27,25,11.53,0.42,46.05,20.66
233,233,1785,59,20,9.83,1.2,15.51,53.25
234,234,972,27,10,16.46,0.64,24.48,14.84
235,235,548,59,3,14.01,0.64,26.26,15.75
236,236,993,48,23,13.82,1.64,24.11,10.98
237,237,1564,59,10,18.66,1.11,14.91,17.08
238,238,1344,59,21,9.71,2.49,11.78,72.09
239,239,1363,59,1,6.09,0.99,72.28,15.82
240,240,1933,59,12,20.36,0.94,14.79,16.18
241,241,747,59,0,15.72,0.88,15.88,18.99
242,242,1136,59,15,11.11,1.48,14.49,25.96
243,243,918,21,18,25.26,1.39,13.74,12.93
244,244,1061,15,6,17.18,0.48,27.98,14.05
245,245,402,55,26,23.05,0.77,13.96,17.21
246,246,462,59,10,17.33,0.68,25.71,10.76
247,247,225,7,1,15.76,0.8,60.89,6.83
248,248,1163,59,12,8.57,1.88,13.44,57.38
249,249,960,55,11,27.54,0.72,18.87,10.51
250,250,724,27,14,21.2,0.41,24.3,15.0
251,251,1681,21,1,10.37,0.88,104.8,7.34
252,252,750,59,10,10.77,1.0,18.78,16.81
253,253,1682,59,1,5.46,0.72,87.53,18.17
254,254,173,59,2,7.01,0.97,24.7,25.86
255,255,1926,59,2,11.57,0.72,20.66,16.87
256,256,638,59,26,8.97,0.92,28.57,13.27
257,257,1428,59,15,11.27,1.05,16.16,17.79
258,258,1436,59,26,11.23,0.91,26.94,10.74
259,259,385,40,13,5.93,1.18,23.4,37.96
260,260,252,23,1,5.4,0.91,97.46,14.02
261,261,483,59,10,19.84,0.84,14.53,14.05
262,262,1018,59,1,5.73,0.9,84.49,13.18
263,263,1216,26,1,8.02,0.61,134.48,10.11
264,264,1572,35,18,13.89,0.38,19.94,37.49
265,265,1326,59,18,8.94,1.54,17.71,17.22
266,266,956,27,11,28.32,0.38,20.97,14.46
267,267,443,59,12,18.69,0.43,90.17,7.45
268,268,1523,50,1,7.43,0.61,142.77,10.21
269,269,660,59,26,9.67,0.88,25.16,11.89
270,270,339,59,25,9.29,0.78,26.94,12.03
271,271,1671,59,15,8.47,0.88,40.36,9.86
272,272,68,8,16,14.59,0.31,31.25,16.77
273,273,1330,21,18,7.01,2.2,15.75,23.26
274,274,1791,8,17,8.14,0.9,18.68,21.07
275,275,1419,48,16,12.1,0.92,16.04,13.23
276,276,146,59,10,31.73,0.49,17.69,10.93
277,277,1204,27,15,15.98,0.28,54.5,12.49
278,278,1558,15,9,10.12,2.62,8.77,51.88
279,279,1155,59,12,66.45,0.61,15.95,8.33
280,280,359,59,19,26.59,0.85,10.54,14.81
281,281,1801,27,26,13.48,0.52,34.49,8.67
282,282,706,14,18,14.33,0.97,20.83,8.78
283,283,1469,59,0,18.11,0.37,23.41,13.22
284,284,1944,59,16,19.87,0.29,28.11,13.95
285,285,1051,27,26,12.02,0.54,34.69,8.48
286,286,65,35,4,16.42,1.02,14.04,11.16
287,287,979,59,7,23.85,0.71,13.67,11.14
288,288,1529,59,8,3.91,1.4,64.61,18.21
289,289,567,59,18,5.89,1.73,27.16,12.51
290,290,67,59,11,35.9,0.63,15.25,8.79
291,291,86,59,23,8.11,1.32,16.45,15.84
292,292,908,59,3,10.04,1.02,11.19,24.29
293,293,1493,27,2,14.71,0.61,15.11,13.5
294,294,1713,45,18,6.29,1.56,16.57,21.36
295,295,45,27,19,26.14,0.43,16.75,11.31
296,296,742,59,19,15.62,0.92,10.18,18.1
297,297,761,59,14,9.25,1.39,9.96,37.48
298,298,1427,59,26,8.73,0.8,24.14,11.19
299,299,128,59,12,16.77,0.77,13.44,11.64
300,300,343,15,1,12.76,0.4,170.76,6.64
301,301,1972,59,2,15.7,0.36,24.59,11.95
302,302,766,59,1,3.84,1.11,82.55,16.28
303,303,1477,21,18,9.57,0.84,13.49,18.4
304,304,613,59,26,11.95,0.61,35.62,7.11
305,305,1729,59,11,27.54,0.84,7.31,24.28
306,306,741,59,17,6.62,1.2,14.4,23.96
307,307,275,59,12,8.92,0.9,13.78,18.73
308,308,1579,55,26,8.29,0.75,21.89,12.31
309,309,1195,27,3,21.94,0.29,30.59,9.82
310,310,628,8,18,6.37,0.79,19.92,19.1
311,311,319,27,7,18.93,0.38,17.07,12.86
312,312,390,52,15,6.4,0.38,60.09,14.65
313,313,294,59,19,23.09,0.55,10.08,17.42
314,314,1694,27,24,78.08,0.24,40.69,7.78
315,315,650,17,1,12.65,0.31,237.41,7.15
316,316,563,17,25,17.83,0.75,19.89,7.07
317,317,1903,15,6,22.77,0.5,20.94,7.68
318,318,1634,46,23,5.82,0.79,18.55,23.85
319,319,1421,8,8,12.1,0.41,44.36,7.76
320,320,1723,51,23,10.52,0.6,11.98,22.63
321,321,232,7,1,12.09,0.57,57.8,5.77
322,322,1308,8,22,10.49,0.41,13.72,34.08
323,323,1573,15,3,11.04,0.54,14.37,15.39
324,324,700,50,1,6.24,0.43,108.47,10.42
325,325,60,15,4,10.55,0.74,11.51,17.55
326,326,204,19,1,3.38,0.86,94.3,21.22
327,327,1969,6,15,8.02,0.41,40.76,10.61
328,328,1141,59,6,10.56,0.91,12.2,12.71
329,329,1817,27,2,47.85,0.16,39.73,13.27
330,330,131,59,15,9.58,0.59,26.21,8.09
331,331,362,55,10,8.53,0.88,12.3,16.88
332,332,1601,27,2,16.95,0.28,16.65,18.21
333,333,1888,59,18,34.51,0.58,15.25,6.7
334,334,487,59,26,9.83,0.54,20.97,9.77
335,335,1166,59,1,4.55,0.71,33.98,14.25
336,336,1851,14,16,12.51,0.46,18.26,10.16
337,337,466,59,14,9.9,1.42,7.48,29.56
338,338,671,59,19,15.23,0.57,14.75,8.92
339,339,121,59,18,5.12,1.25,20.55,12.92
340,340,1570,59,9,8.82,0.4,14.34,27.05
341,341,480,55,13,18.65,0.31,14.11,14.91
342,342,1391,8,18,9.42,1.29,11.26,11.82
343,343,961,59,19,32.34,0.34,18.6,7.71
344,344,1134,55,19,12.76,0.76,10.67,11.73
345,345,1279,27,18,26.44,0.27,28.03,7.5
346,346,1339,59,17,8.23,0.66,12.68,15.79
347,347,934,59,16,25.0,0.13,34.64,20.85
348,348,1334,55,8,14.9,0.25,78.44,6.73
349,349,597,59,22,6.24,0.5,14.09,33.49
350,350,80,17,15,96.88,-1.23,851.24,48.07
351,351,353,23,6,11.05,0.65,11.09,11.43
352,352,1025,55,19,17.67,0.28,15.12,12.81
353,353,1012,59,10,8.81,0.79,10.23,15.77
354,354,1907,55,23,47.99,-15.51,256.28,174.61
355,355,1158,59,12,34.26,0.43,10.26,9.45
356,356,1231,59,14,11.25,0.81,7.38,19.03
357,357,1836,59,17,5.55,0.75,14.27,17.07
358,358,1773,38,23,7.93,0.68,13.04,12.3
359,359,1673,47,1,5.14,0.58,45.45,8.1
360,360,441,52,23,5.08,1.25,13.44,15.89
361,361,1521,50,16,10.14,0.66,12.58,9.52
362,362,1182,15,7,19.33,0.4,17.09,6.92
363,363,645,3,1,7.5,0.27,126.93,8.12
364,364,565,17,23,56.4,-25.83,132.01,84.18
365,365,514,46,1,3.36,0.59,86.02,13.43
366,366,1518,17,21,8.84,1.36,5.62,54.1
367,367,736,55,19,11.29,0.4,11.41,14.17
368,368,857,51,6,9.42,0.37,18.62,10.27
369,369,1805,27,26,9.54,0.5,13.8,10.3
370,370,927,6,5,9.88,0.64,10.66,11.56
371,371,116,59,12,50.58,0.46,11.81,6.35
372,372,508,51,8,38.01,-2.4,683.44,44.13
373,373,687,59,26,12.41,0.18,33.49,12.37
374,374,709,15,23,57.99,-21.78,107.86,64.36
375,375,395,34,6,7.19,0.63,15.88,9.93
376,376,1148,59,19,13.34,0.43,12.04,10.04
377,377,690,47,1,4.69,0.61,52.81,7.62
378,378,30,6,21,13.64,0.55,6.7,22.04
379,379,227,49,1,3.32,0.67,44.01,14.38
380,380,757,8,11,17.46,0.44,10.57,9.78
381,381,1566,45,1,5.63,0.97,34.2,5.95
382,382,753,26,15,57.9,-0.79,239.21,35.11
383,383,431,19,23,4.9,0.55,17.93,15.67
384,384,963,27,16,20.53,0.13,31.5,14.42
385,385,435,15,14,15.69,0.19,27.48,10.92
386,386,833,17,14,11.87,0.67,8.6,11.71
387,387,1086,59,15,4.8,0.38,100.83,8.3
388,388,1050,27,2,9.05,0.37,13.83,13.27
389,389,1610,27,4,6.75,0.62,10.98,16.32
390,390,1967,48,1,7.22,0.5,96.45,4.93
391,391,1194,27,8,5.77,0.3,25.43,14.84
392,392,759,59,16,20.26,0.23,24.41,7.64
393,393,398,59,6,10.44,0.74,15.58,6.17
394,394,148,15,16,8.68,0.25,30.84,9.9
395,395,1736,35,25,12.25,0.63,8.29,11.51
396,396,1701,27,1,29.17,-3.94,868.42,31.87
397,397,591,17,26,37.95,-0.73,115.57,43.96
398,398,1198,27,1,20.65,-1.37,827.48,49.92
399,399,1937,27,25,9.86,0.35,20.06,7.91
400,400,1747,52,20,4.68,0.62,10.99,39.11
401,401,76,55,1,4.08,0.55,66.42,8.01
402,402,179,55,15,52.46,-0.86,287.58,22.96
403,403,1208,27,1,24.4,-20.11,1115.9,30.87
404,404,482,59,21,13.86,0.49,11.11,8.04
405,405,1994,51,15,47.46,-3.96,263.85,21.83
406,406,569,55,10,11.25,0.13,26.27,41.3
407,407,799,59,10,8.28,0.66,9.41,12.76
408,408,1660,59,1,3.11,0.71,51.92,11.38
409,409,1769,49,23,29.84,-5.86,60.65,86.39
410,410,1686,14,16,15.31,0.18,22.55,11.02
411,411,914,55,10,5.32,0.7,11.53,15.42
412,412,1767,26,23,32.99,-0.81,85.03,46.57
413,413,1033,59,19,9.9,0.62,7.14,16.54
414,414,549,17,4,12.36,0.36,15.53,7.59
415,415,1142,27,7,62.62,-0.16,60.46,33.02
416,416,469,59,1,3.3,0.66,52.59,10.08
417,417,1565,47,18,8.64,1.05,9.36,9.33
418,418,933,5,10,7.34,0.49,11.5,12.9
419,419,105,59,18,14.31,0.64,13.98,5.42
420,420,1476,59,1,3.73,0.64,48.79,8.23
421,421,1593,59,26,7.49,0.58,18.05,7.02
422,422,1732,13,23,7.23,0.64,12.81,8.92
423,423,957,27,24,88.51,0.17,37.2,5.46
424,424,1304,59,25,6.47,0.42,20.6,8.71
425,425,1534,51,20,7.98,0.28,11.98,24.11
426,426,1365,59,26,5.57,0.73,17.13,8.01
427,427,1691,15,26,48.41,-0.91,88.39,22.35
428,428,489,59,26,9.7,0.48,15.8,6.68
429,429,1704,11,8,2.94,0.84,20.66,24.02
430,430,1882,59,18,6.4,0.73,11.8,9.58
431,431,801,17,1,40.52,-0.87,705.36,14.49
432,432,1122,8,7,12.94,0.52,9.97,7.65
433,433,1451,59,22,4.12,0.94,9.03,46.45
434,434,619,50,7,15.34,0.59,9.5,6.93
435,435,1906,15,17,32.05,-5.1,72.79,29.12
436,436,344,59,8,3.73,0.57,46.34,8.06
437,437,519,59,26,7.03,0.52,19.94,6.6
438,438,1722,51,15,27.53,-0.07,112.2,23.44
439,439,1873,46,1,2.68,0.61,61.92,12.77
440,440,439,27,26,8.54,0.37,23.36,6.41
441,441,132,59,18,4.2,1.1,12.42,12.82
442,442,1418,44,23,5.87,0.41,12.64,14.25
443,443,606,59,14,13.32,0.27,14.76,8.32
444,444,1849,27,1,17.16,-5.15,665.67,23.71
445,445,1103,59,1,2.96,0.57,49.83,11.35
446,446,1311,55,1,4.3,0.49,66.36,6.12
447,447,1963,55,24,13.24,0.48,7.81,9.08
448,448,1367,59,7,8.19,0.53,9.94,9.62
449,449,593,44,26,6.71,0.35,18.47,8.39
450,450,1202,27,8,9.16,0.22,24.36,8.52
451,451,560,23,8,6.85,0.25,153.2,5.61
452,452,1716,27,7,17.05,0.26,12.35,8.04
453,453,410,59,8,3.84,0.25,43.76,17.09
454,454,955,7,1,9.22,0.43,32.39,4.19
455,455,196,55,18,4.2,0.66,10.88,18.39
456,456,1678,59,19,12.84,0.44,6.32,12.64
457,457,1384,59,10,10.27,0.42,11.54,7.33
458,458,1517,55,10,6.93,0.3,12.87,13.37
459,459,32,15,13,8.59,0.38,11.84,8.99
460,460,1401,35,5,33.42,-3.37,32.71,41.58
461,461,1366,53,18,9.27,0.57,6.83,12.37
462,462,0,51,3,20.41,0.11,29.53,12.12
463,463,744,49,26,5.53,0.85,9.25,11.28
464,464,525,27,17,11.07,0.24,11.86,11.16
465,465,338,59,18,4.07,1.03,12.58,11.12
466,466,819,59,15,17.73,-0.29,211.37,18.56
467,467,1135,59,13,9.01,0.5,8.18,10.3
468,468,1830,8,26,4.13,0.66,15.85,9.86
469,469,931,59,19,6.33,0.17,21.59,22.72
470,470,1069,55,15,36.1,-0.29,167.94,12.22
471,471,1537,59,15,7.17,0.26,35.84,6.31
472,472,1844,59,10,25.25,0.36,10.42,5.78
473,473,91,49,10,9.45,0.46,8.66,9.48
474,474,1364,59,4,8.76,0.5,8.42,10.03
475,475,1611,48,1,3.97,0.51,56.2,5.81
476,476,97,59,1,2.94,0.62,44.34,8.83
477,477,642,59,8,3.11,0.66,24.19,11.35
478,478,1623,45,18,4.7,1.14,7.55,15.88
479,479,1084,59,19,8.67,0.68,7.28,9.8
480,480,1651,5,4,9.5,0.54,9.5,7.12
481,481,1751,27,8,3.57,0.8,16.33,10.32
482,482,592,35,0,31.41,-0.31,47.82,18.17
483,483,192,44,1,4.12,0.29,64.97,7.96
484,484,1027,27,10,9.07,0.27,14.2,8.66
485,485,1631,46,25,5.96,0.6,10.88,8.58
486,486,1786,59,5,9.86,0.27,15.09,7.6
487,487,1138,27,24,74.39,0.26,35.23,3.0
488,488,586,59,26,21.58,-1.16,54.99,19.41
489,489,622,7,26,5.46,0.31,33.94,6.34
490,490,35,27,8,3.7,0.64,18.44,9.56
491,491,1299,27,8,7.59,0.09,178.14,31.06
492,492,1197,27,7,32.87,0.32,19.86,3.46
493,493,1248,59,15,3.91,0.39,105.38,5.84
494,494,25,55,1,15.28,-1.93,331.21,15.47
495,495,1578,55,26,6.42,0.7,7.76,10.63
496,496,975,59,15,3.65,0.49,32.7,7.55
497,497,1886,7,16,4.15,0.58,9.45,20.96
498,498,878,8,18,5.91,1.02,9.09,7.86
499,499,1349,27,8,5.19,0.21,50.03,7.89
500,500,475,17,1,22.43,-0.31,437.86,11.0
501,501,59,59,4,6.54,0.4,9.79,11.43
502,502,1662,59,25,5.84,0.44,9.88,11.49
503,503,412,59,1,2.81,0.63,42.63,8.25
504,504,55,27,8,3.8,0.51,19.17,8.95
505,505,209,26,1,3.54,0.45,50.48,6.61
506,506,1422,59,4,5.61,0.59,8.31,11.61
507,507,366,59,10,6.88,0.65,6.74,11.37
508,508,1242,8,1,3.47,0.47,62.24,6.02
509,509,387,34,23,10.89,0.28,16.72,5.47
510,510,1709,8,18,4.87,0.84,7.95,11.55
511,511,810,17,15,9.37,0.28,27.45,4.61
512,512,516,59,6,9.19,0.7,7.17,7.07
513,513,1470,55,14,5.69,0.66,5.64,17.95
514,514,1735,59,19,12.73,0.57,4.45,11.62
515,515,1124,33,1,2.51,0.53,42.08,9.76
516,516,158,55,10,7.73,0.52,7.42,8.8
517,517,1669,1,1,2.94,0.45,42.66,8.07
518,518,1417,17,7,6.28,0.64,7.18,10.07
519,519,106,59,26,4.59,0.51,14.32,7.53
520,520,1137,59,1,2.75,0.53,33.75,8.78
521,521,1991,59,13,8.38,0.62,5.62,10.39
522,522,2,47,8,4.99,0.43,34.06,4.46
523,523,679,26,0,8.17,0.21,17.52,7.7
524,524,727,27,22,39.06,-1.03,33.77,12.32
525,525,607,59,3,8.06,0.39,8.22,9.05
526,526,707,59,5,5.91,0.58,7.44,10.34
527,527,415,19,8,0.31,1.14,25.8,22.05
528,528,1813,27,17,10.59,0.25,10.91,7.81
529,529,53,35,11,70.57,-1.27,25.51,13.3
530,530,1868,49,26,6.13,0.36,15.71,6.35
531,531,542,59,3,5.29,0.54,6.89,14.21
532,532,1273,27,7,4.26,0.57,9.06,12.8
533,533,405,49,18,8.85,0.48,6.31,9.29
534,534,1002,27,14,7.32,0.53,5.87,11.86
535,535,1093,59,15,16.1,-0.72,77.79,11.98
536,536,1262,59,16,3.21,0.51,11.05,19.73
537,537,1591,27,6,10.84,0.29,10.19,6.88
538,538,1230,27,22,39.72,-0.21,29.93,12.22
539,539,169,59,19,18.2,0.49,8.22,4.49
540,540,36,51,2,18.17,0.26,6.13,10.22
541,541,1312,59,1,2.62,0.37,40.74,10.78
542,542,317,8,8,5.07,0.44,16.32,6.01
543,543,828,35,10,9.47,0.42,8.17,6.88
544,544,1192,27,4,15.97,0.18,17.13,5.71
545,545,1058,50,22,16.79,-2.19,21.16,44.06
546,546,574,38,1,4.3,0.34,55.51,4.85
547,547,307,55,11,8.41,0.48,5.69,10.99
548,548,1492,51,14,3.95,0.79,7.72,13.98
549,549,1443,59,6,9.05,0.62,8.07,5.71
550,550,1075,59,6,8.66,0.69,6.22,7.38
551,551,1281,27,16,23.26,-0.44,31.14,13.38
552,552,674,26,7,58.22,-4.15,96.92,6.92
553,553,627,17,26,9.09,0.16,22.19,7.35
554,554,720,52,8,3.97,0.27,33.38,7.56
555,555,1019,59,26,6.85,0.4,13.0,5.79
556,556,358,59,25,7.79,0.19,21.75,6.76
557,557,675,59,15,7.26,0.84,7.4,6.37
558,558,1317,13,9,4.49,0.82,5.81,15.75
559,559,1241,15,1,10.08,0.11,140.13,5.78
560,560,1087,17,3,9.17,0.25,12.67,6.61
561,561,69,15,22,17.38,-4.98,25.58,20.43
562,562,1695,27,4,9.4,0.26,12.36,6.31
563,563,1487,27,1,8.97,-7.09,358.44,13.41
564,564,186,55,25,3.0,0.59,14.77,10.69
565,565,336,6,10,22.17,0.41,9.88,3.69
566,566,1842,54,1,4.23,0.31,23.73,6.68
567,567,368,8,25,3.89,0.36,12.04,11.74
568,568,110,59,26,15.58,-0.16,36.08,13.21
569,569,1410,59,2,4.58,0.5,8.89,9.62
570,570,527,27,19,18.61,1.15,19.01,0.94
571,571,61,27,7,11.91,0.41,10.16,4.41
572,572,1893,17,26,9.31,0.2,17.55,5.78
573,573,350,29,18,3.19,1.12,7.38,16.96
574,574,1239,52,4,4.96,0.4,9.47,9.27
575,575,446,59,26,4.42,0.45,13.63,6.85
576,576,1154,59,17,4.83,0.66,5.25,14.63
577,577,1511,35,23,12.38,-10.02,26.36,20.64
578,578,1243,18,1,3.47,0.22,56.65,7.51
579,579,1502,59,4,6.42,0.29,9.45,8.82
580,580,465,1,11,17.52,0.33,5.32,7.34
581,581,203,55,4,6.19,0.36,8.03,8.68
582,582,1429,27,8,3.47,0.51,15.63,7.4
583,583,1915,55,17,6.29,0.14,15.53,13.57
584,584,1569,17,9,6.07,0.56,5.66,9.95
585,585,816,59,7,4.62,0.76,4.92,16.07
586,586,1193,27,3,30.79,-0.1,26.24,10.28
587,587,1305,45,16,3.08,0.58,9.69,14.48
588,588,1825,27,7,9.05,0.19,13.94,7.08
589,589,703,52,18,4.89,0.33,8.82,11.1
590,590,1068,59,7,15.75,0.38,8.57,4.35
591,591,1779,33,26,4.33,0.29,15.78,7.74
592,592,346,11,26,3.35,0.91,7.79,11.99
593,593,1725,51,4,7.08,0.29,9.86,7.32
594,594,1966,1,11,17.74,0.44,3.85,9.14
595,595,144,32,16,25.77,-0.2,25.54,10.23
596,596,551,5,11,23.66,0.19,11.37,4.91
597,597,421,11,15,8.59,-0.27,37.9,19.46
598,598,223,26,1,4.02,0.2,66.12,5.73
599,599,1946,59,7,12.18,0.42,7.36,5.0
600,600,1983,27,9,4.29,0.51,7.32,11.02
601,601,792,50,19,6.39,0.85,3.4,22.29
602,602,161,59,15,6.92,0.32,22.87,3.51
603,603,115,59,3,8.57,0.41,5.89,7.7
604,604,81,55,10,4.31,0.54,7.78,8.98
605,605,1539,55,11,13.65,0.27,7.81,5.79
606,606,780,49,6,5.29,0.48,11.78,5.11
607,607,1351,27,26,8.02,0.25,9.91,6.71
608,608,215,26,1,3.71,0.23,51.82,5.73
609,609,1953,59,26,17.8,0.1,30.3,5.25
610,610,284,59,12,4.53,0.55,5.57,12.35
611,611,1416,59,1,2.66,0.45,35.78,5.99
612,612,166,50,3,6.2,0.45,6.37,7.79
613,613,266,11,16,4.07,0.52,7.43,10.34
614,614,1663,59,1,2.45,0.4,43.51,6.69
615,615,1788,15,0,11.67,0.12,19.13,6.68
616,616,1275,27,25,14.19,0.2,9.97,5.58
617,617,312,59,12,3.48,0.47,5.7,34.9
618,618,830,18,23,4.53,0.41,9.3,7.69
619,619,812,55,6,5.83,0.3,10.93,6.0
620,620,973,6,11,7.4,0.35,8.24,5.91
621,621,1653,27,15,14.41,-0.25,43.23,8.09
622,622,875,59,17,10.12,-0.3,18.95,23.56
623,623,361,59,17,4.0,0.43,10.82,7.37
624,624,324,55,25,12.15,0.11,20.33,6.36
625,625,397,59,26,9.36,0.29,20.06,3.16
626,626,1354,46,1,1.99,0.38,48.4,9.66
627,627,1388,15,10,4.45,0.43,7.92,8.44
628,628,432,52,1,3.04,0.31,27.01,6.67
629,629,517,35,4,7.61,0.29,11.82,4.64
630,630,1577,55,10,5.52,0.22,13.42,6.71
631,631,922,48,1,4.83,0.49,56.06,2.55
632,632,912,55,4,9.86,0.29,8.8,5.04
633,633,1169,17,9,7.85,0.21,7.69,9.06
634,634,62,27,10,8.36,0.28,7.02,7.42
635,635,1143,27,3,11.26,0.19,9.37,6.54
636,636,1150,27,7,20.0,0.2,13.8,3.44
637,637,1711,59,18,15.87,0.31,6.93,4.51
638,638,1107,59,15,1.47,0.61,30.27,9.35
639,639,1680,59,13,3.94,0.31,11.89,7.8
640,640,630,8,18,3.75,0.54,10.52,6.62
641,641,391,11,25,4.24,0.51,9.18,6.53
642,642,1561,27,7,19.24,-0.62,21.65,9.43
643,643,1106,17,3,18.87,0.14,11.82,5.35
644,644,490,17,7,11.98,0.24,8.5,5.22
645,645,547,59,10,9.18,0.36,6.99,5.33
646,646,1538,59,11,35.55,-0.17,15.12,9.92
647,647,621,59,21,21.48,-0.27,18.28,9.98
648,648,187,55,0,13.0,-1.1,24.94,10.11
649,649,723,27,7,11.61,0.28,11.09,3.55
650,650,804,59,18,16.27,-0.81,15.47,13.86
651,651,1328,59,19,12.36,0.3,6.15,5.42
652,652,1359,59,26,9.91,-1.8,27.76,11.46
653,653,1506,55,15,20.61,-1.51,86.56,5.2
654,654,1584,27,2,4.43,0.3,8.9,8.6
655,655,860,52,22,7.44,0.49,3.81,11.64
656,656,806,48,1,3.28,0.27,63.86,4.49
657,657,1865,59,1,2.4,0.5,31.91,5.67
658,658,1438,18,26,3.59,0.5,10.87,6.49
659,659,174,26,25,2.46,0.56,8.13,20.61
660,660,1984,27,25,8.22,0.41,5.37,6.65
661,661,181,59,14,6.55,0.6,3.36,15.99
662,662,686,59,1,2.69,0.47,24.47,5.67
663,663,970,27,25,17.63,0.1,18.03,5.99
664,664,573,55,19,9.22,0.33,6.53,5.49
665,665,1553,50,3,5.61,0.4,5.65,8.36
666,666,1535,54,8,5.22,0.23,18.59,4.86
667,667,1630,59,8,2.19,0.48,15.68,10.79
668,668,1580,24,22,6.67,0.74,4.04,7.9
669,669,1450,1,25,7.66,0.23,11.42,4.92
670,670,1555,27,9,4.82,0.29,7.5,9.23
671,671,378,26,1,9.61,-0.3,146.67,6.36
672,672,710,59,8,2.75,0.56,7.42,14.54
673,673,1699,27,16,10.36,0.14,17.44,4.6
674,674,1774,50,23,6.85,-0.93,21.97,22.51
675,675,1509,31,13,3.78,0.28,11.32,8.09
676,676,1727,59,1,2.41,0.39,21.02,7.55
677,677,1666,59,23,12.69,-0.66,21.85,9.54
678,678,903,59,5,5.63,0.4,5.95,7.1
679,679,1527,48,18,36.59,-2.02,34.91,4.99
680,680,652,6,15,4.11,0.43,12.68,4.82
681,681,1568,50,3,5.45,0.32,7.56,6.58
682,682,1710,1,8,3.44,0.26,25.79,5.3
683,683,1739,59,26,10.77,-4.09,30.77,7.89
684,684,827,17,6,6.9,0.26,11.55,4.39
685,685,220,26,1,5.74,0.1,86.49,5.9
686,686,306,8,0,15.55,-0.4,18.61,8.68
687,687,1998,55,23,7.7,-16.03,21.12,14.69
688,688,239,22,1,3.75,0.4,27.75,3.33
689,689,394,17,12,19.31,0.25,5.75,4.68
690,690,1706,59,22,11.2,-1.45,12.22,18.51
691,691,504,59,17,5.67,-0.14,24.42,20.48
692,692,1501,27,20,2.96,0.45,6.76,13.52
693,693,1647,15,13,12.84,0.18,8.81,5.08
694,694,445,59,15,3.06,0.3,14.96,6.95
695,695,1097,59,22,8.65,-0.17,15.42,18.36
696,696,1549,48,2,5.59,0.5,4.83,6.89
697,697,1144,59,14,4.96,0.54,4.51,8.07
698,698,1223,27,2,3.34,0.33,6.97,13.07
699,699,553,59,7,28.1,-0.06,20.9,5.93
700,700,1721,51,15,15.75,-1.23,113.34,4.26
701,701,58,15,25,13.82,0.13,13.61,4.42
702,702,877,59,1,2.41,0.36,30.1,5.26
703,703,1712,59,11,19.78,0.25,6.12,3.93
704,704,486,59,8,4.75,0.53,29.86,2.26
705,705,1720,11,8,1.95,0.69,12.46,9.94
706,706,794,59,2,3.66,0.65,4.46,10.64
707,707,16,15,25,2.82,0.28,13.78,8.23
708,708,789,59,12,3.7,0.33,4.64,19.51
709,709,100,59,15,1.27,0.62,16.75,8.15
710,710,154,27,6,10.96,-0.03,14.73,10.75
711,711,1885,35,17,4.49,0.18,11.1,7.68
712,712,442,51,4,5.36,0.28,8.41,5.46
713,713,1332,27,16,10.26,0.1,13.52,6.35
714,714,1815,59,15,2.88,0.43,13.22,5.66
715,715,1383,59,26,7.37,0.22,13.11,3.59
716,716,843,55,13,8.82,0.16,8.17,6.48
717,717,1828,59,19,11.5,0.22,10.7,3.19
718,718,1876,55,26,2.97,0.44,13.26,5.16
719,719,1742,27,6,13.91,0.13,15.41,3.66
720,720,1322,3,18,7.44,0.33,6.3,4.45
721,721,1454,59,12,4.74,0.44,4.3,8.51
722,722,1636,50,15,10.53,-0.5,55.2,4.87
723,723,327,55,17,5.27,0.32,3.03,27.26
724,724,1948,6,15,3.81,0.3,14.97,4.24
725,725,1587,27,22,11.19,0.11,10.05,7.06
726,726,1861,7,1,5.3,0.29,21.29,2.77
727,727,1112,59,13,3.91,0.24,10.71,6.15
728,728,1607,27,26,4.95,0.22,11.96,4.65
729,729,1887,15,7,11.61,0.23,7.54,3.65
730,730,609,59,19,2.17,0.45,5.82,44.31
731,731,170,59,19,5.52,0.53,3.72,7.75
732,732,1258,59,1,0.91,0.32,23.44,8.35
733,733,1936,1,5,5.0,0.36,4.27,8.33
734,734,1200,27,4,8.91,0.17,10.04,4.29
735,735,658,49,6,5.77,0.29,7.14,4.99
736,736,1286,27,25,10.57,0.12,10.81,5.22
737,737,315,55,8,2.71,0.28,40.81,3.92
738,738,738,55,10,3.8,0.41,5.47,7.75
739,739,429,52,16,3.13,0.49,5.79,8.6
740,740,1808,27,25,11.72,0.03,20.86,6.16
741,741,755,59,7,8.36,0.36,4.05,5.9
742,742,316,2,2,5.33,0.22,6.31,7.09
743,743,1373,59,3,6.52,0.21,5.8,6.84
744,744,785,34,10,3.49,0.41,5.61,8.29
745,745,101,1,16,7.22,0.24,6.31,5.2
746,746,1987,54,1,4.48,0.9,19.83,1.86
747,747,286,17,14,5.88,0.38,3.44,9.94
748,748,422,11,1,1.44,0.22,44.01,8.11
749,749,774,59,1,1.74,0.47,22.99,6.24
750,750,142,59,2,9.45,0.3,4.47,5.03
751,751,661,8,15,5.21,0.29,24.05,2.49
752,752,1545,14,15,1.83,0.41,26.36,6.2
753,753,649,59,14,5.43,0.31,3.97,9.47
754,754,1703,27,1,4.16,-0.62,131.13,8.06
755,755,1116,19,25,0.99,0.54,12.96,8.46
756,756,1062,15,17,7.62,-0.27,19.09,8.52
757,757,108,34,23,5.54,0.14,10.92,6.22
758,758,1883,59,15,10.22,0.06,49.34,4.36
759,759,1819,27,6,7.98,0.16,7.83,5.55
760,760,1079,59,2,4.75,0.44,3.45,10.76
761,761,526,27,15,9.42,0.05,50.55,4.43
762,762,136,59,22,6.74,0.14,6.97,8.5
763,763,920,49,14,4.28,0.47,3.24,13.52
764,764,1995,17,14,7.89,0.33,4.3,5.32
765,765,6,59,26,8.42,-0.44,29.61,5.68
766,766,1064,55,8,1.69,0.36,14.23,9.37
767,767,1309,59,1,1.27,0.4,20.96,6.67
768,768,695,46,2,13.82,-0.35,9.51,9.68
769,769,618,59,18,7.93,-3.22,42.68,5.14
770,770,458,59,14,4.17,0.5,3.6,10.17
771,771,1971,59,26,9.2,-0.19,18.26,6.88
772,772,13,1,15,5.4,,42.94,6.7
773,773,450,11,5,2.86,0.5,7.33,6.45
774,774,1164,52,8,2.16,0.17,47.54,7.1
775,775,383,59,12,9.07,0.29,2.47,8.06
776,776,212,59,18,5.29,0.13,6.3,12.12
777,777,617,27,9,3.95,0.35,4.85,7.85
778,778,836,59,10,4.17,0.46,3.58,10.26
779,779,643,59,8,1.82,0.54,11.47,8.04
780,780,1026,27,25,11.03,-0.43,19.18,5.62
781,781,872,11,26,2.23,0.47,6.09,13.07
782,782,818,59,13,4.08,0.31,6.45,5.72
783,783,1689,59,12,3.63,0.45,3.16,17.99
784,784,1336,59,15,3.18,0.44,9.56,4.36
785,785,1082,59,17,2.45,-0.98,55.88,32.69
786,786,40,59,12,15.02,0.2,3.76,6.01
787,787,1696,27,3,12.6,-0.17,13.46,6.38
788,788,230,49,1,1.99,0.3,38.38,4.77
789,789,1503,55,0,9.32,0.09,11.61,6.69
790,790,1003,17,19,16.61,0.17,10.72,2.62
791,791,1771,22,23,2.4,0.93,4.74,9.18
792,792,1784,25,9,2.52,0.41,4.63,17.17
793,793,1775,47,23,4.76,0.21,6.64,6.1
794,794,1374,6,15,3.87,0.47,10.9,3.03
795,795,1993,59,1,1.89,0.34,28.56,5.25
796,796,1780,59,12,15.17,-0.4,13.48,5.68
797,797,1287,27,15,8.87,-0.22,26.57,4.98
798,798,925,17,20,7.18,-0.51,11.79,10.73
799,799,852,27,26,4.39,0.22,11.85,3.76
800,800,1738,17,13,21.33,0.03,16.0,4.28
801,801,1203,27,25,7.7,0.12,8.82,5.5
802,802,876,59,12,12.1,0.23,5.29,3.51
803,803,124,23,1,1.44,0.3,29.74,5.53
804,804,295,21,18,11.97,0.32,4.7,3.22
805,805,708,1,10,3.19,0.31,6.29,7.16
806,806,264,59,1,1.58,0.34,25.74,5.39
807,807,582,59,5,4.35,0.23,4.93,8.25
808,808,612,26,26,5.4,-0.73,19.11,8.43
809,809,1053,59,0,4.89,0.26,5.82,5.33
810,810,1778,59,16,4.64,0.16,21.35,3.41
811,811,865,19,26,1.49,0.88,7.26,9.04
812,812,719,55,15,6.12,-0.11,49.37,4.75
813,813,1869,59,21,5.91,0.26,5.47,4.78
814,814,1245,59,1,1.57,0.31,22.89,5.95
815,815,540,27,8,3.28,-0.05,79.82,8.75
816,816,1752,8,18,2.78,0.32,7.38,7.17
817,817,138,59,20,4.48,-0.15,10.31,36.61
818,818,1679,59,13,4.35,0.3,3.08,14.54
819,819,285,59,19,4.23,0.36,2.78,12.34
820,820,893,21,1,2.57,0.24,22.94,4.22
821,821,947,23,15,1.72,0.3,34.88,4.69
822,822,1224,59,18,4.97,0.3,4.62,5.64
823,823,701,59,9,2.43,0.72,3.23,27.26
824,824,47,59,21,4.03,0.5,3.86,6.76
825,825,691,59,21,2.7,0.32,7.21,7.54
826,826,576,59,19,6.67,0.31,2.59,7.68
827,827,479,59,1,1.81,0.34,26.16,4.98
828,828,56,27,15,9.1,0.12,20.86,2.84
829,829,673,34,10,5.09,0.27,5.79,4.69
830,830,1871,52,20,2.18,0.2,9.29,14.66
831,831,545,15,0,3.61,0.33,7.01,4.87
832,832,656,59,12,12.92,0.24,3.29,5.54
833,833,996,27,6,15.86,0.09,16.41,3.4
834,834,1961,55,11,7.07,0.3,3.28,6.76
835,835,364,59,26,9.33,0.12,26.04,2.5
836,836,1960,59,26,4.03,0.26,9.33,3.92
837,837,153,27,10,6.7,0.12,10.5,4.66
838,838,261,27,1,2.32,0.14,89.11,4.91
839,839,1315,59,25,8.69,0.25,14.16,0.96
840,840,1474,57,17,7.54,0.14,2.51,20.46
841,841,1528,50,3,5.75,0.28,5.05,4.41
842,842,1772,33,23,2.59,0.28,7.3,8.42
843,843,1884,59,14,5.13,0.37,4.28,4.83
844,844,1866,26,15,6.69,0.11,20.21,3.47
845,845,1378,55,17,6.96,-0.18,10.97,8.85
846,846,634,59,26,4.65,0.21,10.54,3.43
847,847,1440,15,17,3.07,0.15,10.98,7.15
848,848,1210,59,7,5.01,0.31,4.16,5.48
849,849,697,26,15,9.38,0.04,29.83,3.57
850,850,594,18,1,1.98,0.19,26.56,6.32
851,851,1533,59,5,5.0,0.21,7.14,4.25
852,852,155,27,4,10.1,-0.57,9.96,6.9
853,853,369,8,18,2.22,0.37,8.5,6.8
854,854,541,59,7,9.64,0.15,9.48,3.17
855,855,88,18,1,2.05,0.18,30.17,5.88
856,856,846,21,18,10.16,0.31,3.84,3.61
857,857,856,27,26,4.08,0.18,13.09,3.74
858,858,1160,26,17,2.39,0.38,4.34,13.93
859,859,940,59,13,2.25,0.48,4.34,13.01
860,860,832,19,8,0.98,0.29,10.95,8.86
861,861,716,17,12,7.89,0.15,9.28,3.32
862,862,1285,27,16,9.86,0.04,13.55,5.22
863,863,1955,55,15,1.98,0.41,11.43,5.67
864,864,620,59,21,2.82,0.5,3.34,13.28
865,865,1827,27,24,21.8,0.16,8.07,2.46
866,866,1269,59,26,7.45,0.04,15.7,5.63
867,867,1024,59,26,1.1,0.38,9.98,7.43
868,868,590,59,8,2.01,0.2,26.04,5.4
869,869,198,17,8,7.46,-0.38,117.96,2.98
870,870,1643,55,5,4.92,0.18,4.81,6.89
871,871,1962,59,10,3.07,0.45,2.52,12.74
872,872,90,15,3,23.26,-1.5,25.03,2.7
873,873,178,59,2,4.76,0.27,4.11,6.04
874,874,122,59,20,2.19,0.36,4.3,18.83
875,875,873,59,1,0.81,0.21,17.03,7.43
876,876,1054,48,8,4.75,0.3,16.34,0.21
877,877,4,49,6,4.64,0.19,5.16,6.24
878,878,1616,27,14,5.26,0.21,5.23,4.95
879,879,1940,1,8,1.41,0.45,11.0,5.65
880,880,1303,59,19,6.31,0.2,4.37,5.42
881,881,1790,15,7,10.64,0.03,10.2,5.74
882,882,1585,50,2,7.57,0.17,4.12,6.08
883,883,1032,54,8,11.1,0.04,12.04,4.8
884,884,1756,45,18,4.55,0.49,7.14,2.63
885,885,1945,29,8,1.45,0.3,10.39,7.9
886,886,1350,38,10,3.48,0.23,7.67,4.82
887,887,77,55,12,12.92,0.18,5.12,3.29
888,888,1448,1,15,3.38,0.16,11.44,5.14
889,889,1620,53,6,2.97,0.26,5.18,7.9
890,890,1099,26,14,3.55,0.34,3.77,7.79
891,891,237,25,1,4.03,0.1,55.11,3.28
892,892,1917,59,15,3.44,0.32,8.88,3.34
893,893,1498,59,3,4.14,0.31,4.04,6.07
894,894,1034,27,3,9.22,0.03,10.5,5.84
895,895,360,55,23,6.71,-10.32,11.59,6.74
896,896,1768,37,23,2.64,0.42,4.55,7.48
897,897,246,19,1,0.74,0.25,25.56,4.72
898,898,1981,27,7,8.57,0.22,5.72,3.1
899,899,51,59,22,6.06,-1.79,6.3,17.8
900,900,1594,51,9,2.17,0.42,4.4,11.93
901,901,1557,59,22,10.79,-0.11,7.76,6.8
902,902,494,6,3,4.06,0.27,4.9,5.24
903,903,1437,33,1,1.13,0.26,16.95,5.58
904,904,665,27,3,1.81,0.33,5.94,13.46
905,905,1337,27,12,4.77,0.21,4.98,5.24
906,906,610,59,17,5.46,-0.5,6.61,18.86
907,907,1567,59,26,3.34,0.29,7.79,3.91
908,908,1604,59,19,5.28,0.32,3.64,5.15
909,909,83,59,2,5.4,0.16,13.79,2.74
910,910,1690,17,10,4.73,0.28,6.28,3.4
911,911,1976,59,21,1.63,0.24,5.93,30.5
912,912,1368,59,12,10.44,0.24,4.62,2.98
913,913,1942,1,8,0.78,0.42,9.49,6.13
914,914,1707,59,21,2.87,0.37,4.0,8.48
915,915,272,8,16,2.06,0.23,7.66,11.24
916,916,1608,27,6,13.11,0.06,15.18,3.48
917,917,1156,59,16,7.55,0.0,12.49,5.5
918,918,1733,27,2,5.15,0.1,5.95,9.1
919,919,1325,27,6,11.34,0.03,16.11,3.47
920,920,1547,48,15,4.54,0.21,8.87,3.16
921,921,702,52,4,2.51,0.32,5.21,7.5
922,922,72,27,25,10.29,-0.24,11.78,4.43
923,923,1271,27,8,2.41,-0.18,48.16,9.74
924,924,1433,59,8,2.78,0.2,14.28,3.92
925,925,558,27,17,2.42,0.19,9.71,6.67
926,926,262,17,1,9.43,-0.74,182.69,2.3
927,927,14,59,25,17.15,-1.65,29.94,2.42
928,928,1483,55,2,3.6,0.46,2.79,6.91
929,929,1040,48,1,5.49,0.04,54.39,3.28
930,930,937,59,17,5.9,-0.33,11.27,6.64
931,931,982,59,14,4.36,0.34,4.06,4.59
932,932,1120,1,8,1.8,0.2,19.52,5.73
933,933,1718,51,14,3.21,0.36,3.38,8.78
934,934,1814,27,14,8.74,0.05,10.58,5.3
935,935,1293,27,24,54.72,-1.0,26.8,0.88
936,936,1031,27,16,10.19,0.01,15.5,3.49
937,937,779,34,5,5.0,0.2,6.06,3.7
938,938,370,8,25,2.82,0.31,7.68,4.05
939,939,172,59,7,5.0,0.22,4.73,4.18
940,940,844,59,13,3.45,0.14,8.34,6.06
941,941,1600,11,1,1.14,0.15,33.64,5.46
942,942,1748,27,15,9.48,0.01,54.64,2.39
943,943,539,27,6,10.02,-0.77,8.06,5.64
944,944,1910,59,8,1.27,0.31,9.08,6.61
945,945,1126,55,8,1.59,0.37,5.82,9.01
946,946,1406,27,7,6.03,0.14,5.17,5.21
947,947,326,55,8,0.72,0.22,14.3,5.81
948,948,663,59,19,4.89,0.25,2.04,6.63
949,949,117,59,8,0.69,0.19,14.21,7.05
950,950,1556,0,15,6.54,-0.07,21.17,3.65
951,951,127,10,8,3.39,0.24,6.45,4.34
952,952,496,49,15,5.87,0.12,15.45,2.73
953,953,1266,55,19,3.63,0.35,1.56,7.24
954,954,726,27,9,3.23,0.24,4.17,7.71
955,955,506,15,1,2.79,0.14,46.07,2.93
956,956,147,59,8,0.9,0.44,8.78,5.26
957,957,1898,59,21,1.77,0.28,5.4,14.02
958,958,1260,59,14,7.75,-0.05,7.48,6.94
959,959,1161,26,8,2.31,0.06,37.7,9.34
960,960,302,59,7,4.48,0.29,4.22,4.11
961,961,1452,52,22,4.12,0.31,2.88,6.47
962,962,140,28,1,1.33,0.23,22.78,4.19
963,963,1140,27,19,4.66,0.15,5.94,4.95
964,964,771,46,15,3.58,0.13,15.76,3.38
965,965,1205,27,1,3.42,-0.82,102.63,4.05
966,966,916,8,16,2.65,0.15,9.01,6.89
967,967,932,55,13,4.88,0.05,8.55,8.86
968,968,495,59,22,3.09,-0.22,10.75,16.67
969,969,481,59,21,3.24,-0.16,10.2,15.89
970,970,1637,50,6,16.77,-0.1,8.84,3.72
971,971,529,27,3,4.84,0.18,3.98,6.0
972,972,1045,27,3,7.84,-0.07,9.01,5.58
973,973,653,55,25,7.42,0.19,3.94,4.3
974,974,1111,59,15,1.78,0.49,5.92,6.55
975,975,403,59,23,2.38,0.34,7.9,3.95
976,976,471,59,1,1.25,0.19,22.71,4.53
977,977,1459,55,6,7.25,0.11,7.73,3.57
978,978,929,1,15,3.49,0.1,10.83,5.94
979,979,219,26,1,2.12,0.14,31.48,4.35
980,980,704,52,4,2.2,0.29,5.02,8.28
981,981,1650,59,22,11.04,-3.51,6.7,5.52
982,982,1129,59,2,12.18,0.14,4.38,3.45
983,983,497,55,16,11.57,-0.74,10.14,3.62
984,984,1777,8,23,4.46,-0.15,10.85,6.95
985,985,611,59,4,3.76,0.28,3.23,7.04
986,986,279,51,15,6.25,-0.46,40.52,2.72
987,987,1215,59,4,4.4,-0.11,9.18,8.3
988,988,1463,59,19,4.66,0.28,2.22,5.43
989,989,1259,59,17,2.97,0.3,3.69,7.14
990,990,1597,55,26,2.93,0.16,9.57,4.66
991,991,311,59,8,1.31,0.37,8.55,5.04
992,992,1617,27,1,1.49,0.11,69.1,5.26
993,993,1357,59,12,5.35,0.35,2.16,3.84
994,994,1324,20,1,1.58,0.26,16.58,3.69
995,995,1644,59,16,7.73,-0.1,10.31,4.35
996,996,734,55,7,5.32,0.16,5.27,3.76
997,997,1036,27,14,4.73,0.14,4.24,6.49
998,998,1516,30,18,6.26,0.16,4.25,4.39
999,999,749,59,8,1.16,0.25,8.86,6.52
1000,1000,1310,59,26,6.73,0.13,10.97,2.48
1001,1001,1041,48,26,6.17,0.25,7.87,1.76
1002,1002,1113,20,18,5.16,0.29,4.2,3.15
1003,1003,681,59,15,5.98,0.44,4.28,2.36
1004,1004,1702,27,8,4.52,0.04,16.92,4.42
1005,1005,839,59,1,1.33,0.25,17.57,3.58
1006,1006,1464,15,19,29.89,0.07,18.39,1.98
1007,1007,1797,27,25,5.8,0.09,13.24,3.25
1008,1008,1724,59,21,1.7,0.32,4.18,12.52
1009,1009,1925,59,17,2.69,0.25,3.81,8.67
1010,1010,1104,14,16,6.9,0.22,7.78,1.6
1011,1011,50,5,14,4.92,0.2,4.09,4.18
1012,1012,1812,55,5,5.07,0.28,3.73,3.61
1013,1013,988,59,6,5.59,0.36,4.12,2.68
1014,1014,92,17,9,2.74,0.34,2.31,8.22
1015,1015,118,55,12,2.48,0.29,3.41,10.51
1016,1016,1038,48,1,2.16,0.22,31.67,2.57
1017,1017,1562,47,16,5.16,0.18,5.93,3.14
1018,1018,945,50,8,0.45,0.19,8.55,8.27
1019,1019,1488,55,17,5.76,-0.65,5.33,9.63
1020,1020,363,59,13,4.66,0.11,9.55,3.62
1021,1021,214,59,16,4.98,0.23,4.07,3.61
1022,1022,1030,59,17,2.68,0.29,4.09,6.14
1023,1023,530,27,8,2.85,3.27,6.45,0.36
1024,1024,1648,27,21,3.44,-0.85,7.73,13.17
1025,1025,554,59,25,12.71,-0.81,25.76,1.21
1026,1026,1347,27,17,2.81,0.16,5.82,6.52
1027,1027,1072,59,7,4.39,0.21,3.89,4.66
1028,1028,1744,27,9,2.32,0.3,4.71,5.83
1029,1029,562,17,8,1.23,0.25,6.86,7.1
1030,1030,1581,59,16,3.53,0.24,4.7,4.03
1031,1031,238,25,1,3.41,0.09,51.9,2.8
1032,1032,826,59,12,10.93,0.19,3.45,3.23
1033,1033,208,26,1,2.44,0.13,37.76,2.94
1034,1034,1913,17,8,7.57,-0.08,56.44,1.89
1035,1035,1278,27,18,18.3,0.03,13.45,2.34
1036,1036,31,49,6,3.59,0.17,6.11,4.13
1037,1037,1409,26,8,7.06,-0.06,11.44,3.57
1038,1038,581,59,1,0.86,0.32,10.39,3.69
1039,1039,1845,59,25,13.58,-3.78,22.37,0.18
1040,1040,1478,59,26,11.23,-2.0,16.62,2.37
1041,1041,229,10,1,0.61,0.22,15.63,3.65
1042,1042,488,59,10,3.32,0.21,5.62,3.77
1043,1043,234,53,1,1.58,0.15,29.01,3.85
1044,1044,1458,59,10,5.27,-3.57,9.68,4.99
1045,1045,329,8,8,1.46,0.3,8.1,4.74
1046,1046,1947,55,13,2.83,0.24,5.54,4.23
1047,1047,1044,53,1,1.13,0.19,24.55,3.36
1048,1048,1405,59,26,2.95,0.18,9.11,3.43
1049,1049,1013,46,8,3.5,0.23,5.94,3.17
1050,1050,162,59,1,1.18,0.2,22.46,3.3
1051,1051,1479,47,5,1.11,1.11,3.89,5.62
1052,1052,1881,59,17,1.19,0.13,8.01,11.84
1053,1053,1145,59,20,1.23,0.35,2.6,17.32
1054,1054,1855,59,16,9.33,-0.41,7.83,3.69
1055,1055,375,15,21,7.4,-0.54,5.44,6.27
1056,1056,1071,59,8,1.78,0.25,6.81,6.11
1057,1057,1992,59,12,1.57,0.33,1.24,18.74
1058,1058,1494,1,6,2.82,0.32,3.8,5.15
1059,1059,263,49,1,1.37,0.17,30.05,3.26
1060,1060,28,49,25,0.8,0.21,6.78,7.43
1061,1061,96,7,10,2.07,0.43,3.06,9.57
1062,1062,714,59,16,2.21,0.2,4.72,8.24
1063,1063,165,52,22,3.31,0.29,2.68,5.72
1064,1064,1060,59,12,2.94,0.32,3.41,5.58
1065,1065,981,55,16,6.83,0.19,3.2,3.85
1066,1066,1035,14,6,4.56,0.17,4.34,4.02
1067,1067,1376,59,2,1.2,0.3,3.66,13.17
1068,1068,1185,59,20,3.51,-0.96,7.55,9.59
1069,1069,1005,27,3,10.49,0.11,9.63,1.74
1070,1070,1918,59,3,4.63,0.23,2.6,4.41
1071,1071,1175,7,16,4.62,0.43,4.97,1.0
1072,1072,896,17,1,3.66,0.1,39.59,2.24
1073,1073,1361,43,18,4.41,0.28,3.99,3.08
1074,1074,185,6,15,1.37,0.48,5.25,4.72
1075,1075,907,49,25,4.71,0.17,4.85,3.34
1076,1076,159,59,1,0.98,0.23,15.25,3.26
1077,1077,1462,59,15,1.38,0.39,6.45,4.32
1078,1078,341,59,19,4.66,0.18,1.31,5.6
1079,1079,1327,27,25,5.47,0.07,10.69,3.72
1080,1080,1670,59,12,1.93,0.34,2.56,12.77
1081,1081,1425,59,8,0.73,0.25,6.37,5.86
1082,1082,1860,15,8,0.79,0.35,6.11,4.73
1083,1083,1400,59,16,4.14,0.03,7.27,7.31
1084,1084,718,59,8,0.63,0.2,11.33,4.23
1085,1085,798,55,15,5.68,,51.65,2.07
1086,1086,1353,14,16,5.84,0.17,6.57,2.32
1087,1087,384,13,10,5.03,0.14,6.51,2.74
1088,1088,156,59,18,7.52,0.09,6.78,3.2
1089,1089,29,8,16,3.69,0.14,7.63,3.32
1090,1090,423,11,1,0.87,0.11,29.17,4.65
1091,1091,1235,59,23,3.5,,10.59,5.94
1092,1092,888,48,7,3.52,0.34,2.83,4.12
1093,1093,1439,59,8,0.85,0.32,4.74,6.13
1094,1094,769,59,7,14.74,-1.44,14.6,1.53
1095,1095,1090,59,14,4.2,0.26,2.55,4.04
1096,1096,696,59,6,8.91,0.16,3.29,3.31
1097,1097,1115,47,23,2.46,0.24,3.54,7.54
1098,1098,1014,59,18,4.18,-0.14,9.92,5.07
1099,1099,601,59,18,1.82,0.44,4.75,5.07
1100,1100,503,59,12,4.54,0.25,1.98,3.79
1101,1101,1832,9,18,2.43,0.02,11.66,9.26
1102,1102,1323,18,13,2.87,0.3,0.81,5.79
1103,1103,1356,59,16,5.97,0.13,10.24,1.66
1104,1104,472,59,1,0.92,0.21,14.29,3.37
1105,1105,1770,3,23,3.28,0.01,8.76,7.58
1106,1106,1613,48,19,5.66,0.21,3.43,3.34
1107,1107,1168,59,1,0.77,0.2,13.7,3.54
1108,1108,1731,59,1,1.06,0.22,11.32,3.67
1109,1109,224,44,8,2.01,0.15,26.96,2.95
1110,1110,598,55,17,3.44,0.36,3.04,3.85
1111,1111,1360,11,15,4.45,0.03,8.63,5.09
1112,1112,969,59,8,0.99,0.95,4.33,3.84
1113,1113,1715,27,12,8.97,0.14,5.27,2.42
1114,1114,895,26,8,5.63,-0.39,8.51,3.96
1115,1115,814,48,24,6.3,-0.17,31.88,0.36
1116,1116,112,59,15,3.43,0.14,19.86,2.05
1117,1117,544,59,13,4.81,0.22,2.81,3.66
1118,1118,1550,30,24,34.77,0.06,9.5,1.52
1119,1119,768,59,0,4.38,0.12,5.95,3.57
1120,1120,1496,59,19,16.34,0.02,6.34,2.94
1121,1121,752,1,8,0.46,0.32,5.79,4.6
1122,1122,825,59,12,2.71,0.3,3.34,5.48
1123,1123,433,59,9,1.72,0.23,4.2,9.6
1124,1124,1737,59,7,11.04,-0.1,9.45,2.6
1125,1125,408,12,26,1.85,0.28,7.69,3.95
1126,1126,236,22,1,1.7,0.28,13.03,2.77
1127,1127,863,19,26,0.88,0.4,2.59,9.37
1128,1128,1295,27,4,3.2,0.16,3.15,8.08
1129,1129,99,59,19,5.26,0.04,2.16,18.71
1130,1130,928,59,22,21.74,0.09,4.87,2.54
1131,1131,1004,53,1,1.02,0.16,17.64,3.48
1132,1132,1586,27,25,3.55,0.01,9.88,5.52
1133,1133,1841,54,1,3.87,0.03,21.81,3.03
1134,1134,135,59,2,1.44,0.27,1.54,13.63
1135,1135,1500,8,23,3.74,0.1,6.53,4.61
1136,1136,1342,8,2,14.41,-0.09,12.24,1.87
1137,1137,1080,19,24,4.78,0.14,1.03,5.6
1138,1138,484,59,2,2.22,0.35,2.44,6.7
1139,1139,1905,59,7,17.66,-1.21,10.96,1.47
1140,1140,1512,35,10,4.17,0.14,3.69,5.31
1141,1141,1453,8,17,7.64,0.1,10.83,1.34
1142,1142,1218,59,2,1.17,0.35,0.79,9.68
1143,1143,1840,54,23,3.17,0.14,4.16,5.81
1144,1144,1996,59,8,0.55,0.29,6.51,4.19
1145,1145,941,59,21,1.68,0.34,2.6,9.61
1146,1146,1088,59,20,0.68,0.27,2.14,13.19
1147,1147,1236,59,6,3.68,0.42,1.36,3.13
1148,1148,222,26,1,2.13,0.13,34.03,2.56
1149,1149,898,59,12,1.38,0.63,1.48,6.37
1150,1150,470,33,1,1.25,0.15,24.0,3.13
1151,1151,1029,59,19,25.8,-1.99,6.12,2.58
1152,1152,781,34,1,2.46,0.2,18.94,1.92
1153,1153,1237,6,18,1.88,0.19,5.59,6.89
1154,1154,1504,59,19,3.79,0.21,1.56,4.55
1155,1155,1441,1,17,1.8,0.26,4.65,6.46
1156,1156,1804,27,20,3.9,-0.35,4.36,11.71
1157,1157,357,1,6,4.39,1.24,1.53,1.32
1158,1158,301,59,12,1.49,0.31,1.75,10.22
1159,1159,420,52,1,0.51,0.19,7.56,5.29
1160,1160,78,59,26,2.9,0.19,7.61,2.87
1161,1161,1480,6,15,1.37,0.62,4.71,3.58
1162,1162,1640,55,12,2.11,0.26,2.22,9.05
1163,1163,1499,59,0,2.61,0.28,2.71,5.88
1164,1164,758,55,6,4.19,0.31,3.66,2.71
1165,1165,1728,51,12,1.13,0.28,1.53,11.54
1166,1166,499,27,18,16.1,0.03,10.52,1.36
1167,1167,1850,27,19,9.99,0.11,7.31,2.07
1168,1168,1980,27,14,4.44,0.15,4.13,3.48
1169,1169,1746,52,23,1.69,0.43,4.42,4.38
1170,1170,1023,59,8,0.48,0.31,4.6,5.19
1171,1171,337,55,16,4.31,0.2,2.12,3.83
1172,1172,1974,55,16,1.93,0.15,5.11,8.58
1173,1173,303,1,16,3.55,0.3,3.18,3.46
1174,1174,1430,59,15,1.9,0.18,23.3,2.56
1175,1175,698,59,19,4.66,0.19,2.7,3.62
1176,1176,1973,59,20,1.3,0.22,2.8,14.31
1177,1177,1338,59,12,3.5,0.19,3.4,4.61
1178,1178,884,17,8,0.87,0.02,183.47,3.97
1179,1179,1619,27,4,5.68,0.11,8.1,2.32
1180,1180,1125,33,25,1.43,0.35,3.88,5.82
1181,1181,1741,27,6,7.85,0.05,11.69,2.36
1182,1182,1251,59,7,7.32,-0.02,6.9,3.3
1183,1183,1485,59,2,2.49,0.22,4.4,4.13
1184,1184,1897,3,26,2.18,0.16,7.27,4.28
1185,1185,1758,55,6,3.56,0.25,4.08,2.88
1186,1186,1911,59,6,2.89,0.21,3.64,4.69
1187,1187,1997,17,4,8.54,-0.13,6.45,3.18
1188,1188,615,15,6,7.19,0.13,6.31,1.84
1189,1189,1541,15,22,4.0,0.15,2.98,5.21
1190,1190,1857,59,10,1.74,0.49,1.61,6.08
1191,1191,1932,59,12,5.38,0.2,3.04,3.04
1192,1192,1989,19,14,2.53,0.31,2.58,4.73
1193,1193,1766,50,23,3.6,0.03,5.26,7.76
1194,1194,1629,33,5,3.61,0.21,3.8,3.28
1195,1195,447,59,2,2.14,0.26,2.69,7.49
1196,1196,1935,59,13,3.15,0.24,3.16,4.41
1197,1197,1763,27,4,7.53,-0.18,8.72,2.67
1198,1198,866,59,10,4.2,0.19,2.39,3.82
1199,1199,478,52,22,3.38,0.23,2.72,4.07
1200,1200,1159,52,20,0.85,0.35,0.88,7.08
1201,1201,1964,35,17,4.22,0.03,6.25,5.21
1202,1202,635,59,4,3.71,0.24,2.93,3.53
1203,1203,1489,55,16,4.97,-0.19,5.88,4.5
1204,1204,9,34,5,4.95,0.13,6.96,2.21
1205,1205,331,59,10,2.46,0.25,2.43,5.7
1206,1206,1238,27,25,6.76,-0.4,10.62,2.51
1207,1207,37,59,21,1.29,0.27,1.56,9.19
1208,1208,455,59,1,0.75,0.19,13.02,2.96
1209,1209,685,52,1,1.53,-0.71,37.67,4.77
1210,1210,1743,52,8,1.22,0.12,15.91,3.78
1211,1211,765,47,16,1.86,0.4,2.57,6.55
1212,1212,1229,59,22,5.6,0.06,5.5,4.31
1213,1213,371,8,19,5.06,0.19,3.78,2.64
1214,1214,911,47,16,1.58,0.46,2.18,5.81
1215,1215,1307,38,16,3.39,0.17,6.49,2.55
1216,1216,493,51,15,3.89,0.12,10.08,2.31
1217,1217,1929,6,18,2.45,0.13,4.93,5.73
1218,1218,1505,59,8,1.13,0.2,6.42,4.44
1219,1219,1811,27,24,17.62,-0.57,7.99,1.12
1220,1220,1318,59,16,6.27,0.06,4.49,4.78
1221,1221,152,59,7,8.26,0.13,5.43,1.57
1222,1222,725,27,17,3.63,0.13,3.93,4.82
1223,1223,809,27,25,4.04,-0.76,14.09,2.86
1224,1224,1196,27,16,8.16,-0.23,11.71,2.15
1225,1225,348,59,26,8.58,-1.01,12.31,1.43
1226,1226,870,52,8,1.55,-0.77,38.48,4.47
1227,1227,668,27,19,2.65,0.18,1.88,6.7
1228,1228,1490,17,5,4.8,0.26,4.22,1.31
1229,1229,1749,27,19,10.03,0.03,6.8,2.59
1230,1230,737,15,19,6.96,0.09,9.51,2.13
1231,1231,954,26,6,4.59,0.13,8.84,1.52
1232,1232,624,7,0,2.19,0.33,3.14,5.16
1233,1233,168,1,26,2.61,0.2,4.23,3.93
1234,1234,1765,7,23,3.35,-0.12,7.46,5.46
1235,1235,199,59,18,2.27,0.22,2.84,6.79
1236,1236,1017,14,11,8.89,0.2,3.47,1.77
1237,1237,1301,8,16,3.86,-0.45,7.07,4.74
1238,1238,733,21,26,2.39,0.35,3.14,4.25
1239,1239,764,9,18,1.91,0.13,6.13,6.79
1240,1240,1878,59,15,2.94,0.12,8.54,2.95
1241,1241,95,11,16,2.03,0.17,3.85,8.17
1242,1242,42,59,20,3.52,-0.27,7.09,5.21
1243,1243,1823,27,16,5.89,0.07,7.12,3.19
1244,1244,1234,59,26,2.91,0.2,6.09,2.6
1245,1245,886,48,3,7.47,-0.21,9.19,2.45
1246,1246,1081,55,8,0.65,0.14,9.29,4.21
1247,1247,411,59,17,4.79,-1.99,21.45,1.37
1248,1248,950,27,3,8.62,-0.08,11.17,1.76
1249,1249,1227,59,9,1.39,0.33,1.88,6.52
1250,1250,464,18,10,4.17,0.04,5.32,5.35
1251,1251,732,27,3,6.01,-0.96,9.91,2.52
1252,1252,157,50,3,2.93,0.15,3.78,5.2
1253,1253,176,59,22,4.24,0.04,4.1,7.4
1254,1254,1755,55,10,4.36,0.21,3.82,2.53
1255,1255,538,27,6,3.18,0.21,2.85,4.13
1256,1256,869,27,22,2.08,0.17,2.29,10.37
1257,1257,491,59,25,8.87,0.04,10.65,0.97
1258,1258,953,27,7,11.42,-1.22,8.61,1.44
1259,1259,1764,59,23,3.35,0.02,9.45,4.08
1260,1260,942,55,3,7.93,-2.28,6.5,2.75
1261,1261,240,22,1,1.82,0.28,14.05,2.02
1262,1262,603,59,17,1.79,0.25,2.88,8.05
1263,1263,605,59,4,5.8,-0.27,6.25,3.27
1264,1264,1265,8,18,1.97,0.29,4.01,4.42
1265,1265,418,27,1,1.54,0.07,66.85,3.42
1266,1266,1514,59,2,4.8,0.14,5.28,2.32
1267,1267,300,59,9,0.5,0.16,2.24,14.25
1268,1268,1189,59,26,5.81,-4.45,14.16,0.2
1269,1269,180,59,22,9.49,0.01,4.82,3.0
1270,1270,163,22,7,3.44,0.38,2.79,2.56
1271,1271,372,21,1,1.76,0.22,17.53,1.32
1272,1272,589,59,18,5.81,-0.47,13.84,1.62
1273,1273,84,59,15,3.27,0.09,25.01,1.97
1274,1274,1009,27,25,3.55,0.13,4.4,3.49
1275,1275,1020,27,22,0.79,0.2,2.06,9.43
1276,1276,984,51,8,1.07,0.13,8.99,4.22
1277,1277,871,11,1,0.76,0.1,21.02,3.46
1278,1278,867,59,8,3.6,-0.12,8.33,3.72
1279,1279,518,59,21,2.41,0.2,3.44,5.02
1280,1280,882,48,20,3.96,-1.65,9.41,3.25
1281,1281,850,17,6,12.61,0.05,7.51,1.85
1282,1282,1370,59,16,3.14,0.2,3.71,3.41
1283,1283,248,18,1,0.58,0.15,36.74,1.42
1284,1284,1162,26,15,2.34,0.09,8.11,5.32
1285,1285,1283,27,17,2.85,0.17,3.98,3.75
1286,1286,1446,21,1,1.91,0.2,18.54,1.63
1287,1287,41,53,23,1.86,0.27,2.92,6.8
1288,1288,1590,27,6,6.77,0.08,6.04,2.71
1289,1289,1042,48,25,5.44,0.08,11.83,1.04
1290,1290,1407,59,18,1.3,0.4,3.95,3.68
1291,1291,1413,59,16,1.19,0.19,4.39,5.48
1292,1292,1792,59,8,0.59,0.18,19.12,2.2
1293,1293,746,15,8,0.31,0.14,7.55,4.45
1294,1294,1362,59,15,0.89,0.29,4.79,3.47
1295,1295,1810,59,6,2.76,0.26,3.79,3.04
1296,1296,297,47,5,6.3,0.18,1.92,2.43
1297,1297,1016,55,19,5.64,0.16,2.81,2.72
1298,1298,1970,59,18,1.19,0.29,3.61,5.22
1299,1299,1394,54,18,6.36,0.23,3.23,1.19
1300,1300,835,15,14,1.3,0.23,1.64,7.57
1301,1301,1340,27,2,4.53,0.0,4.26,5.44
1302,1302,966,59,22,5.17,0.08,3.52,5.72
1303,1303,1074,1,8,6.35,-0.48,4.79,3.47
1304,1304,1839,54,18,7.76,0.17,3.01,2.26
1305,1305,1056,48,4,4.15,0.11,7.48,2.33
1306,1306,648,15,12,2.25,0.19,2.27,6.17
1307,1307,587,59,8,0.74,0.18,5.55,4.43
1308,1308,20,52,22,2.18,0.17,3.67,5.91
1309,1309,332,59,7,4.13,0.14,3.6,3.41
1310,1310,1641,59,18,3.59,0.12,3.1,5.05
1311,1311,902,21,10,1.3,0.29,1.8,5.81
1312,1312,575,54,3,5.64,0.1,7.77,1.35
1313,1313,1576,15,15,4.8,-0.48,14.96,1.7
1314,1314,33,52,22,3.1,0.25,3.14,3.2
1315,1315,1078,59,23,3.95,-0.72,8.29,3.25
1316,1316,271,55,6,3.59,0.34,3.16,2.38
1317,1317,1880,59,12,3.53,0.2,2.44,3.26
1318,1318,321,44,25,0.51,0.22,4.32,4.42
1319,1319,831,51,15,4.16,-0.26,18.88,1.01
1320,1320,926,21,2,0.77,0.2,0.75,7.91
1321,1321,305,59,16,7.69,0.02,5.07,2.9
1322,1322,990,48,4,6.51,-0.02,10.53,0.14
1323,1323,320,59,13,3.47,0.18,2.02,3.53
1324,1324,1787,53,25,3.36,0.31,4.06,2.03
1325,1325,221,26,1,2.45,0.03,37.74,2.48
1326,1326,1011,55,26,1.08,0.2,7.1,3.16
1327,1327,175,59,8,0.62,0.24,4.97,3.55
1328,1328,1930,59,1,0.89,0.16,14.57,2.38
1329,1329,104,59,15,1.68,0.16,21.54,1.47
1330,1330,534,27,4,8.14,0.02,8.55,1.67
1331,1331,427,19,5,3.7,0.18,3.64,2.84
1332,1332,897,59,2,4.71,0.12,6.64,1.74
1333,1333,89,27,2,5.09,0.15,4.0,2.3
1334,1334,909,15,6,3.01,0.15,3.8,3.59
1335,1335,1272,27,20,3.97,-0.07,4.73,4.85
1336,1336,1642,59,10,7.99,0.07,5.01,2.76
1337,1337,731,27,7,2.8,0.16,1.6,4.7
1338,1338,1460,59,17,4.75,0.13,3.19,3.31
1339,1339,1730,59,8,0.99,0.23,1.55,6.54
1340,1340,1638,59,1,0.84,0.16,12.9,2.51
1341,1341,528,27,9,2.72,0.11,4.22,4.79
1342,1342,711,5,11,3.42,0.15,1.38,3.96
1343,1343,1959,21,2,0.9,0.18,0.88,8.38
1344,1344,251,21,1,1.59,0.18,16.16,0.72
1345,1345,1835,59,12,3.81,0.13,4.48,2.65
1346,1346,1423,59,18,8.8,0.12,3.72,2.26
1347,1347,150,59,22,8.09,0.01,5.04,2.67
1348,1348,1190,55,13,2.52,0.21,6.29,2.23
1349,1349,24,17,8,2.28,0.09,39.14,1.14
1350,1350,1654,44,5,6.59,-0.06,8.18,2.2
1351,1351,570,27,8,4.5,0.07,13.55,1.7
1352,1352,639,55,13,0.8,0.21,4.56,3.94
1353,1353,461,1,10,2.53,0.15,4.33,3.62
1354,1354,459,59,14,1.12,0.2,0.86,7.04
1355,1355,413,25,21,0.43,0.24,1.71,5.82
1356,1356,842,59,12,2.04,0.14,5.41,4.33
1357,1357,992,35,25,7.06,-0.2,8.75,1.0
1358,1358,244,21,1,1.61,0.18,16.48,1.62
1359,1359,802,27,1,1.36,0.08,48.17,2.92
1360,1360,1390,55,6,2.76,0.28,2.85,2.99
1361,1361,693,59,1,0.97,0.25,10.57,1.44
1362,1362,38,59,10,3.96,0.16,4.29,2.34
1363,1363,820,59,14,3.01,0.16,3.25,3.81
1364,1364,63,38,18,6.3,0.13,4.31,0.91
1365,1365,456,51,4,6.39,-0.47,5.91,2.62
1366,1366,577,59,19,2.9,0.18,1.49,3.78
1367,1367,217,26,1,1.01,0.07,16.1,4.43
1368,1368,205,59,1,0.87,0.16,13.58,2.33
1369,1369,1639,55,8,0.47,0.16,6.81,3.42
1370,1370,923,50,6,0.57,0.5,2.55,3.45
1371,1371,393,17,4,4.54,0.12,5.81,2.07
1372,1372,803,35,24,8.76,0.14,3.39,1.19
1373,1373,265,5,1,1.61,0.11,39.5,1.52
1374,1374,133,59,8,1.53,0.13,10.18,3.1
1375,1375,991,59,20,1.27,0.14,3.07,10.67
1376,1376,1341,59,26,2.71,0.23,5.55,1.82
1377,1377,646,32,1,2.6,-0.05,47.89,0.94
1378,1378,776,5,8,0.32,-0.25,7.96,7.86
1379,1379,1895,35,19,5.08,0.22,2.39,1.53
1380,1380,797,21,8,0.65,0.16,6.08,3.65
1381,1381,452,59,23,2.55,0.09,7.7,3.51
1382,1382,1101,59,4,3.8,-0.3,7.63,3.03
1383,1383,1277,27,10,7.7,0.04,5.07,2.55
1384,1384,93,59,20,0.83,0.16,1.49,8.46
1385,1385,269,59,19,5.59,0.13,3.55,2.43
1386,1386,1519,50,25,7.48,-0.02,7.52,1.53
1387,1387,983,27,1,1.23,0.07,56.68,2.71
1388,1388,467,59,1,0.91,0.15,15.83,2.19
1389,1389,1491,15,4,6.95,0.0,7.87,0.82
1390,1390,1152,59,10,2.27,0.21,2.15,4.21
1391,1391,1280,27,8,2.62,0.01,41.78,0.96
1392,1392,1146,33,23,0.99,0.25,1.66,5.17
1393,1393,1684,21,16,3.7,-0.1,4.94,4.31
1394,1394,1890,59,1,0.61,0.15,9.87,2.66
1395,1395,721,27,3,7.04,0.03,7.73,1.55
1396,1396,1789,59,12,2.1,0.2,3.39,4.63
1397,1397,510,59,16,6.58,-0.25,8.02,1.53
1398,1398,1467,55,13,2.36,0.22,2.79,3.67
1399,1399,1950,59,11,3.34,0.12,1.28,4.51
1400,1400,1381,59,21,2.27,0.09,4.22,8.2
1401,1401,848,27,1,1.09,0.09,47.69,2.32
1402,1402,815,48,4,2.84,0.03,28.78,0.95
1403,1403,247,27,1,1.35,0.07,58.63,2.63
1404,1404,1760,15,18,4.68,-0.03,5.44,3.07
1405,1405,380,59,19,4.26,0.11,0.99,3.55
1406,1406,633,59,14,2.47,0.2,2.83,3.71
1407,1407,572,59,19,7.69,0.03,7.02,1.42
1408,1408,1951,3,15,3.58,-0.02,11.71,2.39
1409,1409,1048,48,7,5.42,-0.07,9.26,0.1
1410,1410,1371,39,23,1.23,0.41,2.35,3.5
1411,1411,1759,59,22,16.5,-0.24,4.0,2.3
1412,1412,126,59,8,0.34,0.18,12.99,1.94
1413,1413,1006,27,25,5.35,0.09,4.28,2.75
1414,1414,994,48,10,1.71,0.29,3.34,3.95
1415,1415,1513,23,25,0.92,0.26,2.69,4.71
1416,1416,71,26,25,4.98,0.1,6.03,1.28
1417,1417,1049,27,12,10.78,0.04,5.27,1.73
1418,1418,330,27,2,3.46,0.19,2.69,2.75
1419,1419,1157,59,9,1.05,0.18,2.79,6.44
1420,1420,904,55,17,2.36,0.02,3.99,10.79
1421,1421,1256,59,8,0.98,0.25,8.89,1.72
1422,1422,409,52,1,1.38,-0.71,34.69,2.83
1423,1423,102,55,2,1.57,0.19,2.83,6.07
1424,1424,120,55,8,2.07,-0.03,7.34,6.2
1425,1425,1852,59,25,5.5,,8.58,0.24
1426,1426,1345,27,8,2.54,-0.87,34.55,1.54
1427,1427,98,49,2,2.43,0.2,1.34,3.6
1428,1428,1571,51,3,5.71,0.01,3.56,3.89
1429,1429,1412,8,16,1.21,0.12,3.96,7.03
1430,1430,1941,1,8,0.74,0.19,2.08,5.79
1431,1431,1928,59,9,1.46,0.2,3.28,5.3
1432,1432,1618,8,19,2.56,0.13,1.98,5.15
1433,1433,935,55,26,1.15,0.18,6.47,2.83
1434,1434,1794,59,19,1.89,0.19,2.29,5.71
1435,1435,1628,55,19,2.65,0.21,2.0,3.16
1436,1436,1536,49,8,0.88,0.22,3.75,4.09
1437,1437,392,26,15,3.87,0.06,12.73,1.99
1438,1438,531,55,17,3.22,0.1,3.09,5.22
1439,1439,1530,27,3,1.75,0.13,3.57,7.53
1440,1440,463,34,10,1.7,0.25,1.56,4.52
1441,1441,1734,59,26,2.95,-0.91,10.46,2.78
1442,1442,1379,55,25,4.31,-0.29,5.74,2.93
1443,1443,1589,27,11,9.65,-0.77,5.27,2.02
1444,1444,407,12,23,1.76,0.14,5.2,3.94
1445,1445,913,47,25,4.32,0.2,2.86,2.18
1446,1446,448,59,19,9.69,-0.09,4.41,2.31
1447,1447,291,52,22,3.18,0.21,2.36,2.61
1448,1448,1343,27,9,1.14,0.22,2.94,5.0
1449,1449,887,48,25,4.27,0.13,4.85,0.99
1450,1450,670,59,7,5.49,-0.18,8.05,0.02
1451,1451,1598,45,16,2.24,0.19,3.2,4.18
1452,1452,788,22,10,2.35,0.23,1.73,3.25
1453,1453,1385,59,10,3.24,0.16,3.58,2.74
1454,1454,868,59,6,3.2,0.26,2.33,2.33
1455,1455,1133,59,15,2.09,0.12,8.53,2.65
1456,1456,1257,29,6,2.7,-0.62,14.97,2.47
1457,1457,924,59,1,0.96,0.16,12.07,1.89
1458,1458,1402,59,15,2.56,-0.04,27.56,1.26
1459,1459,507,27,8,1.8,-0.05,10.77,4.74
1460,1460,268,47,5,4.98,0.16,3.34,2.05
1461,1461,1274,27,2,2.78,0.12,4.15,3.25
1462,1462,1181,59,19,3.0,0.16,1.76,3.22
1463,1463,1525,48,22,3.29,0.18,3.0,2.74
1464,1464,682,59,1,0.66,0.15,12.67,1.66
1465,1465,1672,59,15,2.07,0.16,9.99,1.97
1466,1466,335,35,2,10.13,-0.17,4.66,1.34
1467,1467,1854,34,8,3.84,0.23,1.5,0.62
1468,1468,1333,27,2,4.95,-0.06,5.05,2.69
1469,1469,1015,23,10,3.94,0.11,2.67,3.38
1470,1470,414,59,18,1.61,0.27,4.26,2.79
1471,1471,66,59,14,2.96,0.13,2.03,3.75
1472,1472,805,55,8,0.33,0.12,7.01,3.39
1473,1473,689,59,1,0.81,0.15,10.65,2.23
1474,1474,509,26,1,1.36,0.12,19.99,2.02
1475,1475,137,59,12,1.67,0.2,2.06,4.82
1476,1476,756,59,9,1.54,-0.09,4.33,12.41
1477,1477,1319,17,15,3.0,-0.03,15.97,0.93
1478,1478,1352,59,13,2.61,0.17,1.4,3.41
1479,1479,1938,59,1,1.36,0.12,14.62,2.16
1480,1480,342,59,25,3.61,0.11,0.91,3.36
1481,1481,784,34,16,2.39,0.0,8.29,3.49
1482,1482,193,51,1,1.19,-0.87,25.27,2.72
1483,1483,1526,51,2,1.98,0.18,1.63,4.6
1484,1484,1057,48,24,22.57,0.08,2.7,0.45
1485,1485,1358,19,23,2.58,-1.0,6.44,3.8
1486,1486,249,59,1,0.64,0.14,9.46,2.47
1487,1487,523,48,3,2.94,0.22,2.98,2.48
1488,1488,743,9,22,0.57,0.18,0.86,5.19
1489,1489,943,58,8,2.06,-0.1,23.46,2.51
1490,1490,786,34,17,2.08,-0.03,5.45,6.42
1491,1491,730,59,1,0.57,0.14,9.77,2.36
1492,1492,762,51,14,1.94,0.19,3.22,4.46
1493,1493,1296,9,18,0.99,0.17,3.19,5.32
1494,1494,34,49,16,2.63,0.18,2.7,3.05
1495,1495,283,59,12,2.19,0.21,2.56,3.35
1496,1496,793,13,9,1.34,0.18,1.3,5.02
1497,1497,651,16,25,1.01,-2.83,14.88,3.29
1498,1498,1543,59,19,5.93,0.07,4.95,2.33
1499,1499,1867,3,15,3.16,0.0,13.67,1.34
1500,1500,1954,59,19,2.61,0.13,1.37,3.84
1501,1501,1515,59,6,3.44,0.24,2.01,1.94
1502,1502,1632,46,17,0.51,0.22,1.92,4.12
1503,1503,1297,27,4,2.52,0.11,2.4,5.35
1504,1504,1355,59,6,4.9,0.03,7.21,0.02
1505,1505,915,55,24,5.5,0.12,1.99,2.25
1506,1506,968,59,6,4.62,0.13,1.67,2.41
1507,1507,579,8,16,3.69,0.09,4.52,2.73
1508,1508,512,59,3,6.3,0.07,5.13,2.19
1509,1509,1824,27,7,2.92,0.15,2.37,3.15
1510,1510,109,59,7,3.68,0.2,2.4,2.13
1511,1511,114,59,15,2.44,0.05,14.31,2.42
1512,1512,790,27,1,1.21,0.03,47.85,2.21
1513,1513,1952,55,13,5.42,0.03,1.43,3.57
1514,1514,1956,59,1,0.63,0.13,8.82,2.45
1515,1515,1575,59,22,1.6,0.17,2.09,5.01
1516,1516,834,59,12,3.15,0.13,1.7,3.11
1517,1517,1255,59,22,1.01,0.12,1.44,7.49
1518,1518,655,59,25,2.62,0.12,1.04,4.12
1519,1519,103,59,22,1.46,0.18,1.81,4.77
1520,1520,1007,27,24,9.79,0.03,4.22,0.37
1521,1521,951,35,16,6.0,0.07,5.63,0.97
1522,1522,270,59,9,1.15,0.16,1.21,5.31
1523,1523,1415,59,14,2.52,0.17,2.13,3.17
1524,1524,352,59,12,1.43,0.17,1.69,4.92
1525,1525,1726,59,21,1.18,0.15,2.31,5.52
1526,1526,1540,55,21,0.93,0.17,2.04,4.81
1527,1527,858,50,16,2.2,0.2,3.66,2.8
1528,1528,310,59,7,3.07,0.17,3.03,2.56
1529,1529,1127,59,13,2.1,0.13,4.73,3.15
1530,1530,1754,21,16,1.92,0.22,2.69,3.59
1531,1531,438,27,1,0.98,0.03,46.1,2.17
1532,1532,167,15,2,3.81,0.07,3.0,4.86
1533,1533,1466,35,2,5.72,0.06,1.46,3.36
1534,1534,1065,59,15,3.24,0.23,2.16,1.01
1535,1535,1403,55,6,3.81,0.11,4.28,2.31
1536,1536,1095,59,16,2.3,0.28,3.2,2.48
1537,1537,817,59,22,2.34,0.12,1.74,4.83
1538,1538,948,47,16,2.55,0.34,2.46,2.06
1539,1539,1563,27,1,1.37,0.02,55.89,1.8
1540,1540,1927,59,12,0.96,0.17,1.13,4.63
1541,1541,1252,59,19,3.19,0.14,2.17,2.83
1542,1542,626,8,11,7.41,0.11,3.15,1.39
1543,1543,1892,59,12,1.1,0.14,1.08,5.65
1544,1544,1114,59,15,2.32,0.04,21.32,1.47
1545,1545,1447,48,1,0.91,0.12,12.42,0.89
1546,1546,1809,27,8,4.3,0.04,7.48,1.22
1547,1547,917,59,1,0.55,0.14,9.55,2.19
1548,1548,1070,11,22,2.59,0.13,0.87,3.56
1549,1549,308,1,6,2.58,0.19,2.65,2.7
1550,1550,1627,59,4,1.3,0.19,1.55,3.95
1551,1551,1667,48,7,2.88,0.27,1.85,0.87
1552,1552,1894,35,2,7.51,-0.24,1.8,2.78
1553,1553,1858,59,22,1.96,0.2,2.23,3.5
1554,1554,1688,38,15,2.29,-0.13,21.36,1.86
1555,1555,921,21,1,1.56,0.11,15.49,1.08
1556,1556,1420,8,4,2.64,-0.14,4.57,4.37
1557,1557,678,54,1,1.37,0.16,8.34,0.46
1558,1558,855,27,1,1.03,0.02,46.65,1.28
1559,1559,52,18,1,1.06,0.02,17.48,2.7
1560,1560,1531,15,25,6.7,-0.02,4.72,0.55
1561,1561,1184,59,20,0.67,0.12,1.58,6.29
1562,1562,141,7,16,1.06,0.3,2.77,2.87
1563,1563,235,27,1,0.99,0.07,44.08,2.06
1564,1564,1128,59,12,3.03,0.12,2.4,3.22
1565,1565,7,59,8,2.31,0.13,4.18,2.99
1566,1566,1444,17,14,1.6,0.23,0.53,3.4
1567,1567,1999,3,16,4.78,0.08,4.84,1.9
1568,1568,1105,15,17,1.48,0.17,1.2,4.37
1569,1569,521,48,1,1.0,0.11,13.87,0.71
1570,1570,1228,50,6,5.2,0.09,4.06,0.75
1571,1571,444,44,6,1.38,0.19,3.36,3.67
1572,1572,1149,59,7,4.79,0.12,3.02,2.2
1573,1573,1856,59,6,3.67,0.14,3.8,0.83
1574,1574,823,55,2,3.8,-0.86,1.91,4.4
1575,1575,1829,8,26,1.94,0.18,4.67,2.58
1576,1576,677,15,25,5.75,0.03,5.06,0.78
1577,1577,647,19,19,1.59,0.15,0.92,4.71
1578,1578,145,6,15,1.93,0.24,5.2,1.19
1579,1579,10,59,8,0.62,0.13,5.42,2.93
1580,1580,1320,59,26,3.79,0.11,4.35,2.13
1581,1581,1008,27,25,2.65,0.07,6.11,3.22
1582,1582,980,19,3,0.96,0.15,0.85,4.73
1583,1583,287,11,26,0.97,0.17,3.23,4.05
1584,1584,959,27,1,0.91,0.01,34.98,2.1
1585,1585,1912,59,1,0.47,0.11,11.52,2.16
1586,1586,57,8,25,6.25,-0.53,4.72,0.13
1587,1587,254,27,1,0.81,0.03,38.87,1.71
1588,1588,910,59,8,0.34,0.13,10.67,1.08
1589,1589,1089,52,22,3.01,0.15,2.6,2.6
1590,1590,233,59,1,0.72,0.13,10.3,1.73
1591,1591,1979,27,1,0.73,-0.22,37.31,1.84
1592,1592,1206,27,19,7.98,0.05,4.12,2.05
1593,1593,722,27,15,3.49,-0.04,8.68,1.08
1594,1594,1291,27,15,3.3,-0.04,9.41,1.73
1595,1595,1633,46,0,1.66,0.19,2.38,3.62
1596,1596,566,59,8,0.43,0.18,3.92,3.12
1597,1597,1432,59,1,1.59,0.09,17.61,1.7
1598,1598,200,59,19,6.51,0.1,1.7,1.67
1599,1599,511,59,1,0.58,0.13,9.65,2.12
1600,1600,890,30,24,15.11,-0.15,0.83,0.05
1601,1601,999,27,24,7.1,0.02,4.28,0.47
1602,1602,39,59,19,3.42,0.1,2.01,3.09
1603,1603,1389,33,7,2.44,0.3,2.12,1.42
1604,1604,1240,27,1,0.78,0.05,34.49,1.16
1605,1605,1473,59,14,3.49,0.16,1.99,2.21
1606,1606,299,17,6,4.16,0.12,3.74,1.34
1607,1607,946,59,8,0.58,0.09,9.22,2.8
1608,1608,537,27,1,0.69,0.02,34.29,1.34
1609,1609,543,13,10,2.49,0.15,3.96,2.46
1610,1610,971,27,8,0.24,0.01,34.1,0.53
1611,1611,1846,27,4,4.34,0.07,6.25,1.32
1612,1612,1022,34,14,1.55,0.22,2.21,3.21
1613,1613,1397,59,19,2.9,0.11,1.32,3.46
1614,1614,1916,59,26,4.36,0.09,4.29,1.57
1615,1615,588,59,2,1.34,0.17,1.51,3.97
1616,1616,1414,59,18,1.1,0.28,2.56,2.82
1617,1617,715,59,1,0.74,0.14,8.66,1.5
1618,1618,986,27,1,0.89,-0.28,33.02,1.57
1619,1619,1288,27,1,0.97,-0.06,32.93,0.91
1620,1620,1795,47,10,3.32,0.18,1.58,2.09
1621,1621,1465,21,9,0.99,0.16,0.68,4.11
1622,1622,1289,27,6,4.28,0.04,6.23,0.97
1623,1623,1395,33,18,0.59,0.17,2.62,3.8
1624,1624,629,49,18,1.97,0.18,3.89,2.83
1625,1625,1110,59,26,2.29,0.18,3.33,2.7
1626,1626,1605,27,1,0.67,0.02,32.06,1.14
1627,1627,1603,11,1,0.73,0.05,19.86,2.41
1628,1628,373,55,8,0.41,-0.02,11.19,3.08
1629,1629,580,48,24,4.76,-0.22,5.4,0.2
1630,1630,1085,59,12,1.15,0.23,1.43,3.07
1631,1631,473,18,1,1.25,0.05,17.74,2.48
1632,1632,1781,27,12,1.7,0.15,2.35,4.24
1633,1633,880,27,1,0.7,0.02,30.99,1.32
1634,1634,282,59,6,3.29,0.18,2.45,1.37
1635,1635,17,35,21,1.94,-0.16,3.61,9.44
1636,1636,1552,27,1,0.96,0.05,30.4,1.35
1637,1637,1180,14,3,5.35,-0.32,4.81,1.86
1638,1638,376,46,8,2.26,0.06,10.34,2.56
1639,1639,1211,59,22,1.96,0.1,2.49,6.52
1640,1640,881,27,1,0.6,-0.25,28.87,2.08
1641,1641,672,59,8,0.82,0.19,0.88,3.44
1642,1642,1863,21,1,1.08,0.12,10.75,0.55
1643,1643,1233,27,3,4.42,-0.02,4.97,2.24
1644,1644,998,27,4,3.15,0.11,3.06,2.91
1645,1645,905,59,9,1.35,0.13,2.19,5.01
1646,1646,216,26,1,1.5,0.09,18.44,2.07
1647,1647,952,25,1,1.86,-0.02,29.27,1.06
1648,1648,1217,6,15,0.68,0.38,2.61,2.36
1649,1649,1077,59,8,0.32,0.18,2.77,3.5
1650,1650,1977,27,19,6.72,0.05,2.59,2.6
1651,1651,1592,46,3,2.73,0.17,3.89,1.5
1652,1652,688,55,25,3.62,0.15,2.73,1.97
1653,1653,851,27,1,0.64,-0.47,28.65,0.4
1654,1654,997,27,14,4.38,0.0,5.67,0.63
1655,1655,778,34,10,4.28,0.1,3.08,2.49
1656,1656,1958,59,11,11.78,0.03,2.68,0.93
1657,1657,841,27,1,0.58,0.03,28.13,1.65
1658,1658,1329,27,1,0.6,-0.14,27.96,1.78
1659,1659,1700,27,16,3.01,-0.01,3.87,3.77
1660,1660,1612,27,8,0.68,-0.27,18.23,2.38
1661,1661,1806,27,19,3.07,0.03,9.02,0.45
1662,1662,1783,59,18,8.73,0.06,3.68,1.04
1663,1663,211,17,1,1.45,0.03,27.41,1.8
1664,1664,1083,59,8,0.61,0.16,3.76,3.22
1665,1665,1431,55,8,1.41,0.19,2.94,3.31
1666,1666,602,33,19,1.96,0.13,8.47,0.55
1667,1667,1300,27,2,1.97,0.13,2.16,4.34
1668,1668,1745,52,1,1.06,-0.03,26.67,1.21
1669,1669,171,26,13,3.95,0.01,2.37,3.55
1670,1670,1757,52,5,4.37,-0.15,5.53,1.35
1671,1671,1588,27,25,3.46,0.12,4.12,1.51
1672,1672,290,59,16,2.64,0.15,2.29,2.64
1673,1673,1574,55,8,0.75,0.04,7.31,3.88
1674,1674,1551,42,10,2.55,0.12,3.31,3.05
1675,1675,1687,59,22,2.18,0.15,2.31,3.24
1676,1676,1109,59,6,2.83,0.2,1.83,1.96
1677,1677,345,48,10,4.6,0.1,3.63,1.33
1678,1678,1213,8,10,1.71,0.21,2.66,3.04
1679,1679,939,59,4,1.9,0.17,2.31,3.47
1680,1680,355,35,10,3.37,0.16,2.35,1.76
1681,1681,1891,35,8,0.86,0.1,11.84,1.48
1682,1682,1986,11,16,0.77,0.15,1.56,3.95
1683,1683,712,46,10,2.1,0.19,4.46,1.8
1684,1684,782,34,1,0.76,0.08,6.19,3.77
1685,1685,1939,59,22,2.94,0.16,1.12,2.3
1686,1686,770,59,11,10.63,-0.12,2.78,0.3
1687,1687,1232,8,4,4.22,0.03,4.41,2.4
1688,1688,754,33,13,0.93,0.2,3.01,3.15
1689,1689,571,59,2,1.99,0.14,1.8,3.85
1690,1690,1382,59,1,0.77,0.06,11.67,2.76
1691,1691,1270,27,3,2.53,0.05,2.54,6.02
1692,1692,760,59,9,0.87,-0.07,1.55,11.81
1693,1693,1799,27,6,4.57,-0.17,5.08,1.09
1694,1694,692,59,12,3.56,0.08,2.86,3.5
1695,1695,995,27,1,0.65,0.04,25.42,1.17
1696,1696,1475,59,17,2.21,0.16,2.34,2.97
1697,1697,74,59,9,1.77,-0.05,1.75,11.72
1698,1698,864,33,8,0.65,0.1,12.53,1.4
1699,1699,1923,59,1,0.45,0.14,7.54,2.06
1700,1700,735,59,13,1.04,0.18,1.49,3.42
1701,1701,640,59,2,1.23,0.16,1.55,3.55
1702,1702,328,59,20,1.61,-0.96,2.02,11.7
1703,1703,557,59,12,1.57,0.17,2.45,3.45
1704,1704,596,55,17,1.53,0.14,1.39,4.31
1705,1705,1253,46,25,4.78,-0.34,4.74,1.46
1706,1706,1294,27,10,2.67,0.12,2.71,2.99
1707,1707,1375,59,12,1.78,0.13,1.42,4.57
1708,1708,729,27,1,0.79,-0.43,24.63,0.4
1709,1709,404,59,9,0.62,0.19,2.34,3.18
1710,1710,585,59,1,0.61,0.1,11.65,1.51
1711,1711,853,27,1,0.61,0.01,24.42,1.77
1712,1712,974,8,19,2.96,0.12,1.24,2.72
1713,1713,791,19,8,0.25,0.16,4.63,2.51
1714,1714,75,59,5,1.62,0.24,3.1,2.74
1715,1715,546,15,21,0.81,0.11,0.9,5.35
1716,1716,584,59,17,1.52,0.14,1.3,3.99
1717,1717,454,46,8,1.32,0.09,6.49,3.26
1718,1718,949,27,19,5.09,0.07,3.47,2.58
1719,1719,1076,27,8,3.02,0.16,3.42,1.65
1720,1720,967,27,8,1.21,-0.01,23.63,0.73
1721,1721,1714,27,1,0.7,0.07,23.49,1.65
1722,1722,808,48,25,4.72,0.05,4.71,1.42
1723,1723,1225,27,1,0.49,0.04,23.43,1.02
1724,1724,1655,59,19,7.32,0.08,2.43,0.98
1725,1725,1178,8,11,4.13,0.12,1.12,1.53
1726,1726,1028,27,1,0.52,-0.05,23.34,0.69
1727,1727,1693,27,8,2.91,0.08,8.25,1.22
1728,1728,107,59,8,1.03,0.08,8.1,2.94
1729,1729,1800,27,1,0.57,0.03,23.25,0.84
1730,1730,1931,59,2,0.92,0.13,0.77,4.21
1731,1731,1380,59,5,2.72,0.14,2.78,2.54
1732,1732,194,59,21,0.98,0.11,2.08,5.14
1733,1733,1214,27,1,0.59,-0.43,22.83,0.38
1734,1734,775,13,2,4.55,0.09,2.78,2.39
1735,1735,1599,11,7,0.58,0.13,1.29,4.31
1736,1736,256,27,1,0.63,0.02,22.51,1.03
1737,1737,1147,59,22,4.09,0.1,2.72,2.36
1738,1738,1615,55,9,1.15,-0.95,5.05,5.01
1739,1739,401,27,8,2.96,0.01,8.19,0.39
1740,1740,717,9,10,2.4,0.24,1.45,1.44
1741,1741,1554,27,7,1.05,0.16,2.27,3.5
1742,1742,1052,27,1,0.56,0.01,22.4,0.6
1743,1743,559,19,7,0.19,0.14,0.51,3.91
1744,1744,245,6,1,0.56,0.09,12.85,1.31
1745,1745,985,59,22,0.7,0.04,2.41,10.37
1746,1746,1010,27,1,0.54,0.02,22.22,0.76
1747,1747,608,27,3,4.38,-0.24,4.97,1.32
1748,1748,644,59,15,1.13,0.19,2.75,3.09
1749,1749,1047,27,6,4.42,-2.5,4.86,0.18
1750,1750,1834,55,19,2.28,0.15,1.52,2.82
1751,1751,987,13,1,1.15,0.07,21.65,2.02
1752,1752,1139,27,10,6.8,0.01,3.75,0.44
1753,1753,1614,27,9,2.41,0.05,3.11,5.83
1754,1754,1762,4,25,1.35,0.2,3.62,2.55
1755,1755,1482,59,19,2.23,0.18,1.83,2.54
1756,1756,1740,1,13,1.28,0.17,1.57,3.27
1757,1757,1449,59,20,0.52,0.13,0.93,4.17
1758,1758,824,59,8,0.34,0.14,2.83,3.68
1759,1759,1831,59,18,9.13,0.02,0.99,0.27
1760,1760,894,25,8,2.48,-0.08,10.52,0.74
1761,1761,1985,27,10,6.09,0.06,3.88,1.77
1762,1762,333,17,6,1.95,0.25,1.51,2.46
1763,1763,1524,59,8,0.64,0.14,0.59,3.67
1764,1764,1331,27,1,0.53,-0.09,20.96,0.68
1765,1765,1046,51,25,4.46,0.0,1.91,2.91
1766,1766,885,48,6,4.62,-0.01,4.55,0.57
1767,1767,1442,59,26,2.15,0.13,5.53,2.09
1768,1768,1606,27,1,0.46,-0.26,20.84,1.34
1769,1769,477,59,12,2.62,0.12,3.19,2.74
1770,1770,183,27,1,0.62,-0.08,20.75,1.43
1771,1771,1821,27,6,3.72,0.03,3.74,2.88
1772,1772,965,27,4,2.09,0.09,2.35,5.14
1773,1773,1677,59,7,2.68,0.11,2.42,3.09
1774,1774,22,55,26,2.75,-0.1,8.81,1.46
1775,1775,1982,27,1,0.42,-0.07,20.35,0.79
1776,1776,1121,27,6,3.88,-0.06,5.41,0.61
1777,1777,1118,59,8,0.45,0.14,4.03,2.89
1778,1778,976,11,25,0.27,0.1,1.64,5.36
1779,1779,1457,59,1,0.58,0.12,7.84,1.55
1780,1780,1455,59,26,1.4,0.19,3.08,2.97
1781,1781,323,55,15,1.44,-0.4,19.87,1.08
1782,1782,1132,55,22,3.0,-1.76,4.91,2.63
1783,1783,811,48,6,0.38,0.38,0.27,0.06
1784,1784,1807,27,1,0.5,0.01,19.26,0.6
1785,1785,1761,8,16,1.86,0.11,4.06,3.36
1786,1786,1595,59,2,2.31,0.04,10.84,2.09
1787,1787,253,27,1,0.39,0.03,19.09,0.79
1788,1788,874,59,1,0.53,0.12,8.1,1.7
1789,1789,1719,50,10,1.57,0.16,1.76,3.22
1790,1790,54,27,1,0.45,0.02,19.07,0.66
1791,1791,8,59,16,4.04,-0.56,5.03,0.52
1792,1792,1656,59,16,2.76,0.14,2.52,2.39
1793,1793,388,27,2,3.73,0.05,3.76,2.75
1794,1794,27,59,19,1.68,0.2,1.16,2.73
1795,1795,207,55,6,3.05,-0.01,3.5,3.53
1796,1796,474,59,1,0.8,0.09,12.19,1.14
1797,1797,938,59,1,0.45,0.12,7.51,2.1
1798,1798,1658,34,19,3.1,0.15,2.18,1.6
1799,1799,64,27,1,0.44,0.03,18.77,0.79
1800,1800,1870,59,19,8.39,0.07,2.97,1.24
1801,1801,632,6,15,1.26,0.26,3.46,2.24
1802,1802,1659,59,1,0.51,0.1,10.72,1.77
1803,1803,349,59,25,5.1,0.09,2.75,1.55
1804,1804,1698,27,3,4.07,0.02,4.88,1.31
1805,1805,900,48,16,3.09,0.13,3.56,1.26
1806,1806,772,59,26,2.08,0.18,3.64,2.4
1807,1807,1468,33,1,0.88,-0.01,18.46,0.16
1808,1808,616,27,1,0.5,0.01,18.3,0.73
1809,1809,520,59,12,1.97,0.17,2.04,2.86
1810,1810,1583,26,2,1.52,0.06,3.08,8.63
1811,1811,130,27,1,0.38,-0.12,17.8,0.71
1812,1812,298,55,11,8.0,0.02,2.14,1.13
1813,1813,636,54,6,1.44,0.21,2.71,2.64
1814,1814,73,59,26,2.38,-0.62,10.12,1.69
1815,1815,492,59,2,2.29,0.17,1.81,2.41
1816,1816,1117,27,3,0.98,0.15,2.06,3.29
1817,1817,1372,59,12,1.66,0.15,2.02,3.29
1818,1818,1246,59,26,2.09,0.19,3.84,2.12
1819,1819,434,59,2,0.8,0.15,1.04,3.37
1820,1820,1902,45,23,0.76,0.13,1.69,3.77
1821,1821,417,52,22,1.72,0.13,2.62,3.68
1822,1822,1609,52,15,1.65,-0.41,17.47,2.01
1823,1823,1201,27,3,3.98,0.04,4.83,1.26
1824,1824,1838,59,1,0.53,0.12,7.63,1.75
1825,1825,728,27,1,0.45,0.02,17.34,1.07
1826,1826,1369,46,23,2.89,0.02,7.43,0.68
1827,1827,1675,59,6,2.36,0.2,2.46,1.61
1828,1828,1472,59,8,0.28,0.08,14.9,1.07
1829,1829,1602,8,17,1.5,-0.06,5.49,3.92
1830,1830,515,59,26,1.18,0.14,4.39,2.54
1831,1831,1975,33,26,1.06,0.13,6.25,1.6
1832,1832,1188,1,16,0.17,0.34,0.4,1.21
1833,1833,1544,17,16,4.98,0.07,3.99,0.78
1834,1834,1560,1,18,0.83,0.18,2.98,2.87
1835,1835,1798,27,1,0.4,0.01,16.78,0.61
1836,1836,822,59,26,1.76,0.1,9.03,1.94
1837,1837,739,50,12,3.18,0.07,4.0,2.85
1838,1838,1219,8,2,2.51,0.12,3.02,2.84
1839,1839,1276,27,16,4.35,0.06,4.37,1.18
1840,1840,1094,55,2,2.84,-1.48,1.95,4.14
1841,1841,419,27,1,0.38,0.02,16.65,0.26
1842,1842,787,11,26,0.67,0.14,1.43,3.39
1843,1843,1183,27,1,0.42,0.02,16.6,0.88
1844,1844,901,13,2,5.37,0.03,3.12,2.41
1845,1845,382,59,2,0.95,0.1,1.0,5.25
1846,1846,273,51,1,0.73,0.05,16.57,0.43
1847,1847,1692,27,24,6.96,0.01,3.32,0.21
1848,1848,314,59,16,2.72,-0.2,5.62,2.49
1849,1849,1652,55,11,7.47,0.06,2.48,1.61
1850,1850,1872,25,1,1.09,0.06,16.26,0.71
1851,1851,354,27,21,3.02,0.09,2.53,2.9
1852,1852,1171,59,15,2.15,0.15,3.0,2.66
1853,1853,637,59,18,0.79,0.11,3.18,4.42
1854,1854,289,59,17,1.42,0.13,3.58,3.19
1855,1855,250,27,1,0.42,0.02,16.04,0.97
1856,1856,883,30,14,3.88,0.05,4.77,0.31
1857,1857,1172,26,7,3.78,0.11,2.93,1.98
1858,1858,260,27,1,0.38,0.01,16.0,0.63
1859,1859,1596,59,2,3.57,-0.22,2.96,3.17
1860,1860,854,27,1,0.41,0.0,15.81,0.44
1861,1861,1167,60,8,0.98,0.12,6.69,0.47
1862,1862,149,55,25,3.36,0.13,2.11,1.34
1863,1863,936,59,16,3.15,-0.01,2.41,3.49
1864,1864,1177,0,11,7.1,0.06,1.27,0.66
1865,1865,1622,53,1,0.95,-0.29,15.67,1.8
1866,1866,1411,59,17,0.26,0.12,1.0,3.64
1867,1867,134,27,8,0.9,0.01,15.59,0.1
1868,1868,1965,1,18,1.26,-0.05,2.81,7.77
1869,1869,21,17,19,7.04,0.02,1.29,1.22
1870,1870,1151,59,17,1.07,0.14,1.86,3.25
1871,1871,399,6,17,0.11,0.31,0.3,0.53
1872,1872,1837,59,8,0.89,0.12,5.3,2.46
1873,1873,278,17,8,0.42,0.16,2.14,3.01
1874,1874,498,19,25,0.24,0.15,1.76,3.07
1875,1875,1226,55,13,6.97,-1.52,2.55,0.12
1876,1876,1408,18,1,0.99,0.07,15.47,2.06
1877,1877,1314,55,26,0.81,0.15,5.19,1.12
1878,1878,1818,27,4,3.99,0.04,4.49,2.03
1879,1879,666,52,23,1.0,0.23,1.66,2.4
1880,1880,1292,27,16,3.49,-0.02,5.22,1.69
1881,1881,550,59,10,2.78,0.1,3.92,2.31
1882,1882,1000,48,13,0.4,0.19,0.67,2.67
1883,1883,12,33,8,1.11,0.07,15.24,1.54
1884,1884,406,59,2,1.24,0.11,4.27,2.93
1885,1885,1904,59,22,2.06,-0.11,4.5,3.75
1886,1886,1901,59,2,1.57,0.08,10.07,2.22
1887,1887,1532,17,11,6.84,-0.4,1.64,0.4
1888,1888,1261,59,18,1.02,0.19,2.73,2.59
1889,1889,1978,27,1,0.37,0.01,15.06,0.77
1890,1890,1626,59,26,2.81,-0.14,6.95,0.92
1891,1891,43,27,21,0.83,-0.11,2.13,7.53
1892,1892,667,52,1,0.58,-0.33,14.89,0.6
1893,1893,226,49,1,0.49,0.08,13.12,1.79
1894,1894,532,27,19,6.72,0.04,3.12,1.71
1895,1895,1548,48,3,3.6,0.09,3.9,1.17
1896,1896,213,55,6,4.99,0.09,2.57,1.92
1897,1897,1822,27,1,0.3,-0.11,14.7,0.42
1898,1898,1471,49,26,1.14,0.15,4.28,2.36
1899,1899,425,52,7,1.58,0.17,1.52,2.77
1900,1900,535,27,16,3.26,0.01,5.51,0.94
1901,1901,1335,59,1,0.68,0.09,9.52,1.44
1902,1902,524,19,1,0.43,0.11,7.71,1.98
1903,1903,5,26,26,1.09,0.12,3.39,3.49
1904,1904,129,55,16,0.92,0.1,2.46,4.37
1905,1905,1486,8,22,0.32,-0.16,0.86,7.42
1906,1906,1282,27,24,6.56,-0.01,2.52,0.18
1907,1907,1664,59,23,0.33,0.29,1.53,1.74
1908,1908,379,59,1,0.43,0.03,8.38,2.67
1909,1909,1063,59,25,4.48,,3.98,1.49
1910,1910,840,27,1,0.36,-0.06,14.24,0.41
1911,1911,1802,27,17,2.49,0.09,3.74,2.84
1912,1912,944,3,1,1.22,0.03,14.16,0.57
1913,1913,340,7,24,3.74,0.08,2.99,2.64
1914,1914,1914,1,16,0.82,-0.02,4.08,4.94
1915,1915,318,7,23,2.0,0.12,4.22,2.45
1916,1916,195,51,1,0.57,0.05,13.99,1.08
1917,1917,1685,1,8,0.35,0.04,4.01,5.04
1918,1918,1207,27,1,0.37,0.01,13.97,0.56
1919,1919,160,55,25,0.69,0.16,2.72,2.75
1920,1920,641,59,26,1.08,0.17,2.8,2.73
1921,1921,1624,59,21,1.35,0.0,2.85,6.94
1922,1922,1123,21,23,1.22,0.19,4.06,1.9
1923,1923,773,59,1,0.6,0.1,7.79,1.47
1924,1924,1165,27,10,6.2,0.03,3.06,1.24
1925,1925,1250,59,20,1.73,0.06,2.08,6.93
1926,1926,309,59,19,3.61,0.11,2.41,1.86
1927,1927,659,25,1,0.66,-0.01,13.76,0.24
1928,1928,1645,27,10,6.15,-0.23,2.14,0.68
1929,1929,962,59,22,0.63,-0.28,2.45,6.9
1930,1930,151,59,15,1.26,0.15,2.9,2.96
1931,1931,1055,48,6,2.83,0.14,2.72,0.79
1932,1932,740,49,3,1.15,0.14,2.04,3.02
1933,1933,292,55,6,1.84,0.25,2.55,2.16
1934,1934,807,22,10,1.69,0.19,1.1,2.51
1935,1935,49,59,20,1.92,-0.23,2.31,6.56
1936,1936,536,27,1,0.35,0.01,13.39,0.72
1937,1937,1321,14,1,0.64,0.07,13.35,1.17
1938,1938,683,59,1,0.76,0.08,12.56,1.26
1939,1939,274,59,12,2.02,0.13,3.01,3.0
1940,1940,1668,51,1,0.58,0.07,13.25,1.03
1941,1941,1957,19,1,0.31,0.1,7.91,1.56
1942,1942,182,45,7,3.74,0.03,4.35,0.3
1943,1943,143,54,7,1.92,0.19,1.46,2.43
1944,1944,334,41,16,0.17,0.11,0.62,3.68
1945,1945,1949,59,1,0.43,0.1,7.75,1.67
1946,1946,440,27,1,0.32,0.01,13.17,0.76
1947,1947,184,17,17,2.92,0.07,1.63,3.41
1948,1948,892,55,8,1.05,0.12,1.61,3.43
1949,1949,1179,59,17,1.96,-0.16,4.21,4.14
1950,1950,614,27,1,0.35,-0.16,13.1,0.49
1951,1951,347,10,16,1.23,0.09,3.76,3.67
1952,1952,680,59,8,0.33,0.27,2.47,0.03
1953,1953,783,34,3,2.63,0.15,3.02,1.15
1954,1954,813,27,24,5.78,0.05,2.38,0.54
1955,1955,837,59,2,2.03,0.11,1.66,3.37
1956,1956,1445,55,13,0.68,0.15,3.96,2.32
1957,1957,662,10,19,1.18,0.1,1.44,4.34
1958,1958,1067,35,11,5.75,-0.06,1.3,0.9
1959,1959,79,59,0,2.31,0.15,2.55,2.28
1960,1960,1100,51,1,0.56,0.06,12.72,1.36
1961,1961,513,17,8,0.01,0.26,0.33,0.62
1962,1962,958,27,19,1.2,0.26,0.71,0.17
1963,1963,1066,8,1,0.89,0.07,12.69,0.49
1964,1964,280,26,1,0.59,0.05,10.66,2.24
1965,1965,1889,51,1,0.44,0.06,12.65,1.28
1966,1966,139,59,26,2.38,-1.72,7.67,0.82
1967,1967,276,17,10,5.62,0.03,2.36,0.67
1968,1968,847,27,22,0.57,0.1,1.63,4.29
1969,1969,829,18,18,3.8,0.07,2.73,2.63
1970,1970,1387,59,11,5.52,0.07,1.74,1.49
1971,1971,453,59,2,0.59,0.13,1.34,3.2
1972,1972,1522,15,7,2.95,0.12,1.75,1.98
1973,1973,428,11,25,2.18,0.07,4.49,3.16
1974,1974,365,8,16,0.64,0.16,2.59,2.6
1975,1975,1268,21,16,0.54,0.24,2.02,2.12
1976,1976,1635,52,1,0.69,0.04,12.2,1.98
1977,1977,1879,59,10,2.86,0.13,2.38,1.22
1978,1978,522,48,24,5.5,0.07,1.81,0.35
1979,1979,231,26,1,0.76,0.06,12.01,0.81
1980,1980,1396,35,24,5.48,-0.03,1.5,0.25
1981,1981,356,7,16,1.46,-0.06,4.22,4.24
1982,1982,1697,27,6,5.46,-0.13,2.92,1.67
1983,1983,296,21,23,0.64,-0.04,1.91,6.29
1984,1984,919,21,1,0.84,0.09,8.68,0.54
1985,1985,502,59,8,0.19,0.25,1.14,1.51
1986,1986,259,27,1,0.34,0.04,11.79,0.38
1987,1987,242,42,1,0.58,0.1,7.42,1.5
1988,1988,821,27,6,3.84,0.04,4.08,0.71
1989,1989,1676,27,7,2.0,0.11,1.82,3.23
1990,1990,1119,59,8,0.58,0.14,3.71,2.46
1991,1991,1377,59,16,2.76,0.04,5.28,2.15
1992,1992,1348,1,26,2.24,0.11,2.21,2.75
1993,1993,1649,49,17,1.03,-0.06,1.53,6.02
1994,1994,1209,17,23,2.16,-3.62,8.67,1.42
1995,1995,11,55,6,5.17,0.02,2.62,1.53
1996,1996,1621,53,1,0.48,0.02,11.27,1.47
1997,1997,1988,27,2,2.78,-0.22,2.96,3.29
1998,1998,845,21,16,1.35,0.14,2.47,2.76
1999,1999,1264,15,3,5.09,0.0,2.71,0.88
2000,2000,1346,21,1,0.81,0.1,7.16,1.17
