,assets,sector,nation,interlocks
1,147670,1,0,87
2,133000,1,0,107
3,113230,1,0,94
4,85418,1,0,48
5,75477,1,0,66
6,40742,3,0,69
7,40140,8,0,46
8,26866,1,0,16
9,24500,8,0,77
10,23700,7,3,6
11,23482,3,0,18
12,21512,3,0,29
13,20780,7,3,36
14,18688,3,0,20
15,18286,1,0,13
16,17910,7,3,6
17,17784,3,0,31
18,16631,3,0,27
19,16458,3,0,23
20,15280,7,3,13
21,15140,3,0,32
22,14362,3,0,28
23,14163,0,0,4
24,13820,4,0,42
25,13787,3,0,17
26,12810,8,0,40
27,12080,7,3,29
28,11250,7,0,29
29,11090,5,3,21
30,10580,7,1,3
31,10570,5,0,32
32,10568,3,0,29
33,10320,7,0,40
34,10110,8,3,5
35,9044,9,0,33
36,8395,3,0,21
37,8182,3,3,18
38,7994,8,3,18
39,7930,3,0,13
40,7877,5,3,2
41,7564,3,3,22
42,7510,3,3,13
43,7287,3,3,2
44,7018,1,0,0
45,6629,7,3,18
46,6571,3,0,9
47,6498,8,0,31
48,6407,0,0,16
49,6286,7,0,28
50,5932,3,0,34
51,5704,7,0,33
52,5479,6,0,7
53,5437,8,3,12
54,5429,6,3,15
55,5366,8,3,13
56,5035,7,3,16
57,5021,7,1,27
58,4980,0,0,12
59,4838,8,0,11
60,4634,7,3,0
61,4592,8,3,16
62,4390,8,0,17
63,4304,9,0,55
64,4298,0,1,15
65,4227,3,0,44
66,4210,7,3,18
67,4154,3,1,20
68,4100,5,3,19
69,4099,5,3,9
70,4088,3,0,12
71,3960,2,1,17
72,3896,0,0,15
73,3879,9,0,27
74,3673,6,0,30
75,3654,7,1,27
76,3631,8,3,12
77,3606,7,2,11
78,3570,6,0,28
79,3561,7,3,8
80,3274,8,0,12
81,3152,5,3,18
82,3058,9,2,23
83,2958,9,0,51
84,2927,7,1,35
85,2878,6,0,8
86,2814,0,0,43
87,2807,7,0,4
88,2801,9,0,18
89,2786,0,1,20
90,2757,7,2,13
91,2667,7,2,22
92,2625,0,2,10
93,2566,6,3,1
94,2549,4,3,6
95,2488,0,0,30
96,2285,7,3,6
97,2281,9,3,11
98,2182,0,3,20
99,2165,7,3,7
100,2164,7,1,13
101,2141,7,3,0
102,2108,5,2,14
103,2086,7,3,19
104,2025,0,0,4
105,1881,0,0,2
106,1876,6,0,2
107,1841,9,3,7
108,1656,7,1,25
109,1655,6,0,29
110,1612,6,0,5
111,1603,7,3,12
112,1601,9,0,25
113,1591,0,3,2
114,1583,4,0,25
115,1561,7,3,2
116,1520,5,3,16
117,1511,9,3,3
118,1487,7,1,9
119,1482,5,3,1
120,1477,5,3,0
121,1469,7,3,1
122,1434,7,3,1
123,1427,4,0,1
124,1416,6,0,6
125,1378,7,3,12
126,1372,7,3,5
127,1343,9,2,5
128,1337,7,3,0
129,1335,5,0,4
130,1315,7,1,5
131,1235,5,0,33
132,1172,0,0,11
133,1154,5,3,3
134,1154,4,0,3
135,1112,0,3,5
136,1060,0,0,25
137,1027,7,1,14
138,984,6,3,1
139,978,5,3,0
140,953,7,3,12
141,950,9,0,18
142,943,6,3,11
143,904,7,0,39
144,898,0,2,3
145,888,9,0,2
146,848,9,0,8
147,844,5,3,0
148,839,8,0,11
149,832,0,0,13
150,830,7,2,1
151,816,7,0,10
152,809,5,2,0
153,802,5,0,0
154,798,0,0,11
155,789,7,2,9
156,789,5,3,6
157,782,6,0,11
158,780,5,3,1
159,779,6,0,14
160,761,9,3,1
161,751,0,0,8
162,742,0,0,7
163,727,0,0,1
164,707,0,3,9
165,704,4,0,10
166,702,5,0,3
167,690,9,1,0
168,677,5,0,12
169,638,5,3,6
170,637,0,3,1
171,636,7,3,0
172,614,2,0,2
173,590,5,3,2
174,589,7,1,23
175,586,8,0,10
176,575,0,0,1
177,566,0,3,0
178,559,5,3,7
179,558,0,0,14
180,552,0,0,7
181,548,7,3,5
182,540,5,0,6
183,539,0,0,9
184,533,8,0,5
185,523,5,3,8
186,519,5,3,8
187,519,0,0,0
188,516,8,0,5
189,511,4,0,0
190,510,5,0,11
191,508,5,1,1
192,497,0,0,4
193,495,5,0,0
194,494,6,0,8
195,488,5,0,1
196,487,5,0,8
197,471,6,3,0
198,456,7,3,5
199,456,5,3,0
200,444,0,3,1
201,438,5,2,18
202,432,5,3,1
203,432,5,0,3
204,422,9,3,11
205,407,7,3,6
206,402,5,3,0
207,391,0,0,28
208,387,6,0,11
209,386,2,1,2
210,379,5,3,16
211,376,6,0,5
212,375,5,3,8
213,372,0,3,8
214,370,0,2,3
215,364,8,3,5
216,361,7,3,2
217,359,0,3,0
218,358,0,3,0
219,352,9,0,21
220,350,5,3,1
221,345,6,3,8
222,332,5,3,0
223,326,0,0,3
224,326,0,3,0
225,326,5,0,28
226,325,5,1,0
227,318,0,0,2
228,312,5,3,2
229,305,0,2,4
230,304,6,3,4
231,303,9,2,3
232,297,2,0,2
233,276,7,0,9
234,270,5,0,4
235,261,2,2,1
236,256,5,3,1
237,245,7,0,11
238,241,7,3,3
239,225,0,3,6
240,225,7,2,8
241,220,0,3,0
242,201,0,3,5
243,200,5,3,0
244,188,5,3,0
245,160,0,0,0
246,158,0,0,5
247,119,0,0,6
248,62,7,3,0
