,type,constr,operate,months,acc
1,0,0,0,127.0,0.0
2,0,0,1,63.0,0.0
3,0,1,0,1095.0,3.0
4,0,1,1,1095.0,4.0
5,0,2,0,1512.0,6.0
6,0,2,1,3353.0,18.0
7,0,3,0,,
8,0,3,1,2244.0,11.0
9,1,0,0,44882.0,39.0
10,1,0,1,17176.0,29.0
11,1,1,0,28609.0,58.0
12,1,1,1,20370.0,53.0
13,1,2,0,7064.0,12.0
14,1,2,1,13099.0,44.0
15,1,3,0,,
16,1,3,1,7117.0,18.0
17,2,0,0,1179.0,1.0
18,2,0,1,552.0,1.0
19,2,1,0,781.0,0.0
20,2,1,1,676.0,1.0
21,2,2,0,783.0,6.0
22,2,2,1,1948.0,2.0
23,2,3,0,,
24,2,3,1,274.0,1.0
25,3,0,0,251.0,0.0
26,3,0,1,105.0,0.0
27,3,1,0,288.0,0.0
28,3,1,1,192.0,0.0
29,3,2,0,349.0,2.0
30,3,2,1,1208.0,11.0
31,3,3,0,,
32,3,3,1,2051.0,4.0
33,4,3,1,45.0,0.0
34,4,0,1,,
35,4,1,0,789.0,7.0
36,4,1,1,437.0,7.0
37,4,2,0,1157.0,5.0
38,4,2,1,2161.0,12.0
39,4,3,0,,
40,4,3,1,542.0,1.0
