,x,y,z
1,-16,-15,17.0
2,-14,-4,18.0
3,-13,4,17.5
4,-7,5,19.0
5,-6,-43,22.0
6,-6,-36,24.0
7,1,-50,17.4
8,2,-39,23.0
9,2,-8,23.5
10,2,-51,15.0
11,9,-16,23.5
12,9,-42,25.0
13,17,-37,16.5
14,18,-12,19.5
15,24,-57,12.0
16,25,-29,18.5
17,26,-40,18.0
18,32,-7,14.0
19,33,-35,19.0
20,40,4,13.5
21,40,-61,18.0
22,44,-29,19.4
23,48,-65,13.0
24,48,-7,14.0
25,49,-32,19.5
26,55,-71,16.0
27,56,-14,16.0
28,59,-38,19.0
29,62,7,19.0
30,62,-3,21.5
31,64,-29,22.0
32,69,-28,20.5
33,70,-72,11.0
34,77,-19,26.0
35,78,-53,22.0
36,79,-37,26.0
37,84,-52,16.0
38,84,-16,16.0
