,lat,long,delta_long,delta_lat
1,29.7,-172.8,-0.915046236652548,0.143475253741286
2,30.7,-172.8,-0.867012518761782,0.128388723774429
3,31.7,-172.8,-0.818924894191826,0.113232481187301
4,32.7,-172.8,-0.77077630017891,0.098020370742915
5,33.7,-172.8,-0.722559673959268,0.082766237204287
6,34.7,-172.8,-0.674267952769132,0.0674839253344315
7,35.7,-172.8,-0.625894073844734,0.052187279896363
8,36.7,-172.8,-0.577430974422307,0.0368901456530965
9,37.7,-172.8,-0.528871591738083,0.0216063673676465
10,38.7,-172.8,-0.480208863028294,0.0063497898030277
11,39.7,-172.8,-0.431435725529173,-0.0088657422777448
12,40.7,-172.8,-0.382545116476952,-0.0240263841116568
13,41.7,-172.8,-0.333529973107863,-0.0391182909356931
14,42.7,-172.8,-0.284383232658139,-0.0541276179868393
15,43.7,-172.8,-0.235097832364013,-0.0690405205020806
16,44.7,-172.8,-0.185666709461716,-0.0838431537184021
17,45.7,-172.8,-0.136082801187481,-0.0985216728727893
18,46.7,-172.8,-0.0863390447775405,-0.113062233202227
19,47.7,-172.8,-0.0364283774681267,-0.127450989943702
20,48.7,-172.8,0.0136562635045279,-0.141674098334197
21,49.7,-172.8,0.063921940904191,-0.155717713610699
22,29.7,-171.8,-0.925873973876137,0.148452628638953
23,30.7,-171.8,-0.877876822402156,0.13331337219625
24,31.7,-171.8,-0.829823956343862,0.118110699632316
25,32.7,-171.8,-0.781708423174492,0.102857966982752
26,33.7,-171.8,-0.733523270367284,0.0875685302831624
27,34.7,-171.8,-0.685261545395476,0.0722557455691487
28,35.7,-171.8,-0.636916295732304,0.0569329688763135
29,36.7,-171.8,-0.588480568851008,0.0416135562402596
30,37.7,-171.8,-0.539947412224823,0.0263108636965893
31,38.7,-171.8,-0.491309873326989,0.0110382472809052
32,39.7,-171.8,-0.442560999630742,-0.00419093697119
33,40.7,-171.8,-0.393693838609321,-0.019363333024094
34,41.7,-171.8,-0.344701437735962,-0.034465584842204
35,42.7,-171.8,-0.295576844483904,-0.0494843363899178
36,43.7,-171.8,-0.246313106326384,-0.0644062316316325
37,44.7,-171.8,-0.19690327073664,-0.0792179145317458
38,45.7,-171.8,-0.147340385187909,-0.093906029054655
39,46.7,-171.8,-0.0976174971534287,-0.108457219164758
40,47.7,-171.8,-0.0477276541064373,-0.122858128826451
41,48.7,-171.8,0.0023360964798277,-0.137095402004133
42,49.7,-171.8,0.0525807071321291,-0.151155682662201
43,29.7,-170.8,-0.936650172900385,0.153792544695358
44,30.7,-170.8,-0.888751103665945,0.138541117449424
45,31.7,-170.8,-0.840790281241149,0.123232850164552
46,32.7,-170.8,-0.79276116363801,0.10788072995887
47,33.7,-170.8,-0.744657208868542,0.0924977439505052
48,34.7,-170.8,-0.69647187494476,0.0770968792575876
49,35.7,-170.8,-0.648198619878678,0.0616911229982451
50,36.7,-170.8,-0.59983090168231,0.0462934622906065
51,37.7,-170.8,-0.551362178367669,0.0309168842528001
52,38.7,-170.8,-0.50278590794677,0.0155743760029545
53,39.7,-170.8,-0.454095548431627,0.0002789246591982
54,40.7,-170.8,-0.405284557834254,-0.0149564826603401
55,41.7,-170.8,-0.356346394166665,-0.0301188588375321
56,42.7,-170.8,-0.307274515440875,-0.0451952167542491
57,43.7,-170.8,-0.258062379668896,-0.0601725692923627
58,44.7,-170.8,-0.208703444862744,-0.0750379293337443
59,45.7,-170.8,-0.159191169034432,-0.0897783097602654
60,46.7,-170.8,-0.109519010195975,-0.104380723453797
61,47.7,-170.8,-0.0596804263593856,-0.118832183296212
62,48.7,-170.8,-0.0096688755366791,-0.13311970216938
63,49.7,-170.8,0.0405221842601307,-0.147230292955174
64,29.7,-169.8,-0.947353964477955,0.159455004226448
65,30.7,-169.8,-0.899603732453927,0.144041799611823
66,31.7,-169.8,-0.851782396440264,0.128578579814451
67,32.7,-169.8,-0.803884055525957,0.113078061496079
68,33.7,-169.8,-0.755902808799995,0.0975529613184567
69,34.7,-169.8,-0.707832755351369,0.0820159959433328
70,35.7,-169.8,-0.659667994269068,0.066479882032456
71,36.7,-169.8,-0.611402624642083,0.0509573362475751
72,37.7,-169.8,-0.563030745559403,0.035461075250439
73,38.7,-169.8,-0.51454645611002,0.0200038157027965
74,39.7,-169.8,-0.465943855382922,0.0045982742663965
75,40.7,-169.8,-0.4172170424671,-0.0107428323970123
76,41.7,-169.8,-0.368360116451545,-0.026006787625681
77,42.7,-169.8,-0.319367176425245,-0.0411808747578608
78,43.7,-169.8,-0.270232321477192,-0.0562523771318028
79,44.7,-169.8,-0.220949650696375,-0.0712085780857583
80,45.7,-169.8,-0.171513263171784,-0.0860367609579785
81,46.7,-169.8,-0.12191725799241,-0.100724209086714
82,47.7,-169.8,-0.0721557342472425,-0.115258205810217
83,48.7,-169.8,-0.0222227910252716,-0.129626034466738
84,49.7,-169.8,0.0278874725845127,-0.143814978394529
85,29.7,-168.8,-0.957964479361508,0.16540000954817
86,30.7,-168.8,-0.910403078666879,0.149785258761318
87,31.7,-168.8,-0.862758829497788,0.134127535612453
88,32.7,-168.8,-0.81502663279483,0.118439363419193
89,33.7,-168.8,-0.767201389498597,0.102733265499158
90,34.7,-168.8,-0.719278000549685,0.087021765169969
91,35.7,-168.8,-0.671251366888687,0.0713173857492441
92,36.7,-168.8,-0.623116389456199,0.0556326505546034
93,37.7,-168.8,-0.574867969192812,0.0399800829036662
94,38.7,-168.8,-0.526501007039122,0.0243722061140521
95,39.7,-168.8,-0.478010403935723,0.008821543503381
96,40.7,-168.8,-0.429391060823208,-0.0066593816107279
97,41.7,-168.8,-0.380637878642173,-0.0220580459106548
98,42.7,-168.8,-0.33174575833321,-0.0373619260787804
99,43.7,-168.8,-0.282709600836913,-0.0525584987974849
100,44.7,-168.8,-0.233524307093878,-0.0676352407491488
101,45.7,-168.8,-0.184184778044698,-0.0825796286161525
102,46.7,-168.8,-0.134685914629967,-0.0973791390808766
103,47.7,-168.8,-0.0850226177902787,-0.112021248825701
104,48.7,-168.8,-0.0351897884662279,-0.126493434533007
105,49.7,-168.8,0.0148176724015919,-0.140783172885175
106,29.7,-167.8,-0.968460848303707,0.171587562976473
107,30.7,-167.8,-0.921117512205578,0.155741334975781
108,31.7,-167.8,-0.873678107970299,0.139859364588999
109,32.7,-167.8,-0.826138429401121,0.123954037553023
110,33.7,-167.8,-0.778494270301301,0.108037739604752
111,34.7,-167.8,-0.730741424474092,0.092122856481081
112,35.7,-167.8,-0.68287568572275,0.0762217739189077
113,36.7,-167.8,-0.634892847850527,0.060346877655129
114,37.7,-167.8,-0.586788704660679,0.0445105534266416
115,38.7,-167.8,-0.53855904995646,0.0287251869703423
116,39.7,-167.8,-0.490199677541124,0.0130031640231282
117,40.7,-167.8,-0.441706381217926,-0.0026431296781041
118,41.7,-167.8,-0.39307495479012,-0.0182013083964575
119,42.7,-167.8,-0.344301192060961,-0.0336589863950353
120,43.7,-167.8,-0.295380886833703,-0.0490037779369405
121,44.7,-167.8,-0.246309832911599,-0.0642232972852764
122,45.7,-167.8,-0.197083824097906,-0.079305158703146
123,46.7,-167.8,-0.147698654195876,-0.0942369764536524
124,47.7,-167.8,-0.0981501170087646,-0.109006364799899
125,48.7,-167.8,-0.0484340063398261,-0.123600938004988
126,49.7,-167.8,0.0014538840076853,-0.138008310332024
127,29.7,-166.8,-0.978822202057213,0.177977666827305
128,30.7,-166.8,-0.931715402970803,0.161879868333083
129,31.7,-166.8,-0.884498759414374,0.14575371377453
130,32.7,-166.8,-0.837168979301327,0.129611485722382
131,33.7,-166.8,-0.78972277054506,0.113465466747378
132,34.7,-166.8,-0.742156841058974,0.0973279394202532
133,35.7,-166.8,-0.694467898756467,0.0812111863117448
134,36.7,-166.8,-0.646652651550939,0.06512748999259
135,37.7,-166.8,-0.598707807355789,0.0490891330335254
136,38.7,-166.8,-0.550630074084417,0.0331083980052878
137,39.7,-166.8,-0.502416159650222,0.0171975674786145
138,40.7,-166.8,-0.454062771966603,0.0013689240242418
139,41.7,-166.8,-0.405566618946961,-0.0143652497870929
140,42.7,-166.8,-0.356924408504694,-0.0299926713846531
141,43.7,-166.8,-0.308132848553202,-0.0455010581977018
142,44.7,-166.8,-0.259188647005884,-0.060878127655502
143,45.7,-166.8,-0.21008851177614,-0.0761115971873169
144,46.7,-166.8,-0.160829150777369,-0.0911891842224097
145,47.7,-166.8,-0.111407271922971,-0.106098606190043
146,48.7,-166.8,-0.0618195831263449,-0.120827580519481
147,49.7,-166.8,-0.0120627923008901,-0.135363824639986
148,29.7,-165.8,-0.989027671374688,0.184530323416611
149,30.7,-165.8,-0.94216512086333,0.168170698911095
150,31.7,-165.8,-0.895179311386594,0.151790230199486
151,32.7,-165.8,-0.848067816451942,0.135401109752082
152,33.7,-165.8,-0.800828209566829,0.119015530039178
153,34.7,-165.8,-0.753458064238713,0.10264568353107
154,35.7,-165.8,-0.705954953975052,0.0863037626980536
155,36.7,-165.8,-0.658316452283304,0.0700019600104243
156,37.7,-165.8,-0.610540132670926,0.0537524679384777
157,38.7,-165.8,-0.562623568645375,0.0375674789525097
158,39.7,-165.8,-0.51456433371411,0.0214591855228161
159,40.7,-165.8,-0.466360001384587,0.0054397801196925
160,41.7,-165.8,-0.418008145164265,-0.0104785447865651
161,42.7,-165.8,-0.369506338560602,-0.0262835967256613
162,43.7,-165.8,-0.320852155081053,-0.0419631832273003
163,44.7,-165.8,-0.272043168233078,-0.0575051118211863
164,45.7,-165.8,-0.223076951524134,-0.0728971900370236
165,46.7,-165.8,-0.173951078461678,-0.0881272254045166
166,47.7,-165.8,-0.124663122553169,-0.103183025453369
167,48.7,-165.8,-0.0752106573060627,-0.118052397713286
168,49.7,-165.8,-0.0255912562278179,-0.132723149713972
169,29.7,-164.8,-0.999056387008795,0.191205535060341
170,30.7,-164.8,-0.952435035783935,0.174583666787689
171,31.7,-164.8,-0.905678291443537,0.15794856089431
172,32.7,-164.8,-0.85878447480946,0.141312311466936
173,33.7,-164.8,-0.811751906703559,0.124687012592295
174,34.7,-164.8,-0.764578907947693,0.108084758357117
175,35.7,-164.8,-0.717263799363719,0.0915176428481323
176,36.7,-164.8,-0.669804901773493,0.0749977601520696
177,37.7,-164.8,-0.622200535998875,0.0585372043556585
178,38.7,-164.8,-0.574449022861719,0.0421480695456286
179,39.7,-164.8,-0.526548683183884,0.0258424498087097
180,40.7,-164.8,-0.478497837787228,0.0096324392316309
181,41.7,-164.8,-0.430294807493607,-0.0064698680988779
182,42.7,-164.8,-0.381937913124878,-0.0224523780960875
183,43.7,-164.8,-0.333425475502899,-0.0383029966732681
184,44.7,-164.8,-0.284755815449528,-0.0540096297436903
185,45.7,-164.8,-0.23592725378662,-0.0695601832206245
186,46.7,-164.8,-0.186938111336035,-0.0849425630173412
187,47.7,-164.8,-0.137786708919628,-0.100144675047111
188,48.7,-164.8,-0.0884713673592577,-0.115154425223204
189,49.7,-164.8,-0.0389904074767807,-0.129959719458891
190,29.7,-163.8,-1.00888747971219,0.197963304074442
191,30.7,-163.8,-0.962493517633396,0.181088612040736
192,31.7,-163.8,-0.915954227141781,0.164208352889442
193,32.7,-163.8,-0.869268488330375,0.147334492691754
194,33.7,-163.8,-0.822435181292204,0.130478997518868
195,34.7,-163.8,-0.775453186120297,0.113653833441979
196,35.7,-163.8,-0.728321382907679,0.0968709665322788
197,36.7,-163.8,-0.681038651747378,0.0801423628609639
198,37.7,-163.8,-0.63360387273242,0.063479988499228
199,38.7,-163.8,-0.586015925955832,0.0468958095182656
200,39.7,-163.8,-0.53827369151064,0.0304017919892714
201,40.7,-163.8,-0.490376049489873,0.0140099019834396
202,41.7,-163.8,-0.442321879986556,-0.0022678944280353
203,42.7,-163.8,-0.394110063093717,-0.018419631173959
204,43.7,-163.8,-0.345739478904382,-0.0344333421831369
205,44.7,-163.8,-0.297209007511578,-0.0502970613843746
206,45.7,-163.8,-0.248517529008331,-0.0659988227064777
207,46.7,-163.8,-0.19966392348767,-0.0815266600782517
208,47.7,-163.8,-0.15064707104262,-0.0968686074285023
209,48.7,-163.8,-0.101465851766208,-0.112012698686035
210,49.7,-163.8,-0.0521191457514619,-0.126946967779655
211,29.7,-162.8,-1.01850008023755,0.204763632774862
212,30.7,-162.8,-0.972308936312492,0.187655374748108
213,31.7,-162.8,-0.925965646037906,0.170549253215322
214,32.7,-162.8,-0.879469390971183,0.15345705525135
215,33.7,-162.8,-0.83281935266972,0.136390567931041
216,34.7,-162.8,-0.786014712690909,0.119361578329239
217,35.7,-162.8,-0.739054652592147,0.102381873520791
218,36.7,-162.8,-0.691938353930827,0.085463240580545
219,37.7,-162.8,-0.644664998264345,0.0686174665833462
220,38.7,-162.8,-0.597233767150096,0.0518563386040416
221,39.7,-162.8,-0.549643842145473,0.0351916437174778
222,40.7,-162.8,-0.501894404807872,0.0186351689985013
223,41.7,-162.8,-0.453984636694686,0.0021987015219587
224,42.7,-162.8,-0.405913719363312,-0.0141059716373034
225,43.7,-162.8,-0.357680834371143,-0.0302670634044385
226,44.7,-162.8,-0.309285163275574,-0.0462727867046
227,45.7,-162.8,-0.260725887634,-0.0621113544629415
228,46.7,-162.8,-0.212002189003815,-0.0777709796046162
229,47.7,-162.8,-0.163113248942415,-0.0932398750547776
230,48.7,-162.8,-0.114058249007193,-0.108506253738579
231,49.7,-162.8,-0.0648363707555447,-0.123558328581174
232,29.7,-161.8,-1.02787331933752,0.211566523477547
233,30.7,-161.8,-0.981849661722,0.194253794987676
234,31.7,-161.8,-0.935671075688489,0.176950908902391
235,32.7,-161.8,-0.889336716688378,0.159669400970536
236,33.7,-161.8,-0.842845740173056,0.142420806940953
237,34.7,-161.8,-0.796197301593911,0.125216662562483
238,35.7,-161.8,-0.749390556402334,0.108068503583968
239,36.7,-161.8,-0.702424660049713,0.0909878657542508
240,37.7,-161.8,-0.655298767987437,0.0739862848221732
241,38.7,-161.8,-0.608012035666895,0.0570752965365773
242,39.7,-161.8,-0.560563618539477,0.0402664366463053
243,40.7,-161.8,-0.512952672056572,0.0235712409001989
244,41.7,-161.8,-0.465178351669569,0.0070012450471004
245,42.7,-161.8,-0.417239812829857,-0.0094320151641482
246,43.7,-161.8,-0.369136210988825,-0.0257170039847049
247,44.7,-161.8,-0.320866701597863,-0.0418421856657275
248,45.7,-161.8,-0.272430440108359,-0.0577960244583741
249,46.7,-161.8,-0.223826581971703,-0.0735669846138026
250,47.7,-161.8,-0.175054282639283,-0.0891435303831709
251,48.7,-161.8,-0.12611269756249,-0.104514126017637
252,49.7,-161.8,-0.0770009821927121,-0.119667235768359
253,29.7,-160.8,-1.03698632776477,0.218331978498447
254,30.7,-160.8,-0.991084063762695,0.200853712837311
255,31.7,-160.8,-0.94502904365011,0.183392966981092
256,32.7,-160.8,-0.898819999438455,0.165960931674124
257,33.7,-160.8,-0.852455663139168,0.148568797660746
258,34.7,-160.8,-0.805934766763688,0.131227755685295
259,35.7,-160.8,-0.759256042323454,0.113948996492107
260,36.7,-160.8,-0.712418221829904,0.0967437108255192
261,37.7,-160.8,-0.665420037294478,0.0796230894298692
262,38.7,-160.8,-0.618260220728613,0.0625983230494938
263,39.7,-160.8,-0.570937504143748,0.0456806024287301
264,40.7,-160.8,-0.523450619551323,0.028881118311915
265,41.7,-160.8,-0.475798298962776,0.0122110614433857
266,42.7,-160.8,-0.427979274389546,-0.0043183774325209
267,43.7,-160.8,-0.37999227784307,-0.0206960075714678
268,44.7,-160.8,-0.331836041334789,-0.0369106382291177
269,45.7,-160.8,-0.28350929687614,-0.0529510786611339
270,46.7,-160.8,-0.235010776478563,-0.0688061381231791
271,47.7,-160.8,-0.186339212153496,-0.0844646258709164
272,48.7,-160.8,-0.137493335912378,-0.0999153511600088
273,49.7,-160.8,-0.0884718797666473,-0.115147123246119
274,29.7,-159.8,-1.04581823627196,0.225020000153507
275,30.7,-159.8,-0.999980512335356,0.207424968374886
276,31.7,-159.8,-0.953998077479347,0.189855074481863
277,32.7,-159.8,-0.907868773177908,0.172321049186926
278,33.7,-159.8,-0.861590440905009,0.154833623202563
279,34.7,-159.8,-0.815160922134622,0.13740352724126
280,35.7,-159.8,-0.76857805834072,0.120041492015506
281,36.7,-159.8,-0.721839690997273,0.102758248237788
282,37.7,-159.8,-0.674943661578253,0.0855645266205942
283,38.7,-159.8,-0.627887811557632,0.0684710578764118
284,39.7,-159.8,-0.580669982409382,0.0514885727177288
285,40.7,-159.8,-0.533288015607474,0.0346278018570324
286,41.7,-159.8,-0.48573975262588,0.0178994760068107
287,42.7,-159.8,-0.438023034938572,0.0013143258795509
288,43.7,-159.8,-0.390135704019521,-0.015116917812259
289,44.7,-159.8,-0.342075601342699,-0.0313835243561315
290,45.7,-159.8,-0.293840568382078,-0.047474763039579
291,46.7,-159.8,-0.245428446611629,-0.0633799031501139
292,47.7,-159.8,-0.196837077505324,-0.0790882139752484
293,48.7,-159.8,-0.148064302537135,-0.094588964802495
294,49.7,-159.8,-0.0991079631810333,-0.109871424919366
295,29.7,-158.8,-1.05434817561175,0.231590590758677
296,30.7,-158.8,-1.00850737734076,0.213937401678272
297,31.7,-158.8,-0.96253670473278,0.196316878435148
298,32.7,-158.8,-0.916432571863231,0.178739155333755
299,33.7,-158.8,-0.870191392807532,0.161214366678543
300,34.7,-158.8,-0.823809581641097,0.143752646773963
301,35.7,-158.8,-0.777283552439344,0.126364129924463
302,36.7,-158.8,-0.730609719277688,0.109058950434495
303,37.7,-158.8,-0.683784496231547,0.0918472426085083
304,38.7,-158.8,-0.636804297376336,0.0747391407509523
305,39.7,-158.8,-0.589665536787472,0.0577447791662776
306,40.7,-158.8,-0.542364628540372,0.0408742921589338
307,41.7,-158.8,-0.494897986710453,0.0241378140333714
308,42.7,-158.8,-0.447262025373129,0.0075454790940398
309,43.7,-158.8,-0.399453158603819,-0.0088925783546104
310,44.7,-158.8,-0.351467800477938,-0.0251662240081297
311,45.7,-158.8,-0.303302365070904,-0.0412653235620678
312,46.7,-158.8,-0.254953266458131,-0.0571797427119749
313,47.7,-158.8,-0.206416918715038,-0.0728993471534009
314,48.7,-158.8,-0.15768973591704,-0.0884140025818958
315,49.7,-158.8,-0.108768132139553,-0.10371357469301
316,29.7,-157.8,-1.06133971804846,0.238538434935058
317,30.7,-157.8,-1.01563095458649,0.220786930855614
318,31.7,-157.8,-0.969810504934613,0.203066903476432
319,32.7,-157.8,-0.9238722234692,0.185389801521892
320,33.7,-157.8,-0.877809964566626,0.167767073716374
321,34.7,-157.8,-0.83161758260327,0.150210168784259
322,35.7,-157.8,-0.785288931955506,0.132730535449926
323,36.7,-157.8,-0.738817866999709,0.115339622437756
324,37.7,-157.8,-0.692198242112254,0.0980488784721279
325,38.7,-157.8,-0.645423911669518,0.0808697522774226
326,39.7,-157.8,-0.598488730047874,0.06381369257802
327,40.7,-157.8,-0.5513865516237,0.0468921480983002
328,41.7,-157.8,-0.504111230773369,0.0301165675626432
329,42.7,-157.8,-0.456656621873258,0.013498399695429
330,43.7,-157.8,-0.409016579299741,-0.0029509067789622
331,44.7,-157.8,-0.36118370344094,-0.0192197761013651
332,45.7,-157.8,-0.313116266042279,-0.0352949720824484
333,46.7,-157.8,-0.264809642765699,-0.0511719642056318
334,47.7,-157.8,-0.216281850410303,-0.0668493232588839
335,48.7,-157.8,-0.1675509057752,-0.0823256200301732
336,49.7,-157.8,-0.118634825659493,-0.0975994253074684
337,29.7,-156.8,-1.06541893561254,0.246529336139971
338,30.7,-156.8,-1.02021048186625,0.22851588670586
339,31.7,-156.8,-0.974908726964192,0.21051431787226
340,32.7,-156.8,-0.929503020527873,0.192541602492404
341,33.7,-156.8,-0.883982712178795,0.174614713419526
342,34.7,-156.8,-0.838337151538461,0.15675062350686
343,35.7,-156.8,-0.792555688228374,0.138966305607639
344,36.7,-156.8,-0.746627671870035,0.121278732575097
345,37.7,-156.8,-0.700542452084948,0.103704877262467
346,38.7,-156.8,-0.654289378494616,0.086261712522983
347,39.7,-156.8,-0.60785780072054,0.0689662112098782
348,40.7,-156.8,-0.561237068384225,0.0518353461763861
349,41.7,-156.8,-0.514416531107171,0.0348860902757407
350,42.7,-156.8,-0.467385538510883,0.0181354163611751
351,43.7,-156.8,-0.420133440216863,0.001600297285923
352,44.7,-156.8,-0.3726445440925,-0.0147017649018905
353,45.7,-156.8,-0.324765417746398,-0.0307462189777357
354,46.7,-156.8,-0.276492571816372,-0.0465444193605561
355,47.7,-156.8,-0.227913672060616,-0.062120580947609
356,48.7,-156.8,-0.179116384237324,-0.0774989186361518
357,49.7,-156.8,-0.13018837410469,-0.0927036473234417
358,29.7,-155.8,-1.06724312438329,0.255408573225649
359,30.7,-155.8,-1.02278383325657,0.237019366450241
360,31.7,-155.8,-0.978254464105795,0.218608651994616
361,32.7,-155.8,-0.933637878332524,0.200201990496386
362,33.7,-155.8,-0.88891693733831,0.181824942593165
363,34.7,-155.8,-0.844074502524709,0.163503068922565
364,35.7,-155.8,-0.799093435293272,0.145261930122199
365,36.7,-155.8,-0.753956597045556,0.12712708682968
366,37.7,-155.8,-0.708646849183114,0.10912409968262
367,38.7,-155.8,-0.6631470531075,0.0912785293186332
368,39.7,-155.8,-0.617440070220269,0.0736159363753314
369,40.7,-155.8,-0.571508761922974,0.0561618814903276
370,41.7,-155.8,-0.52533598961717,0.0389419253012347
371,42.7,-155.8,-0.47890461470441,0.0219816284456654
372,43.7,-155.8,-0.43219749858625,0.0053065515612327
373,44.7,-155.8,-0.385187031525238,-0.0110565980134988
374,45.7,-155.8,-0.337560257930945,-0.0270655086298196
375,46.7,-155.8,-0.289317609307388,-0.0427547745493916
376,47.7,-155.8,-0.240649157869421,-0.0581867106359126
377,48.7,-155.8,-0.191744975831898,-0.0734236317530807
378,49.7,-155.8,-0.142795135409671,-0.088527852764594
379,29.7,-154.8,-1.06748574455067,0.265014621483167
380,30.7,-154.8,-1.02390222553055,0.246187073526323
381,31.7,-154.8,-0.980281391037452,0.227295566267372
382,32.7,-154.8,-0.936597598931658,0.208376138272474
383,33.7,-154.8,-0.892825207073459,0.189464828107786
384,34.7,-154.8,-0.848938573323144,0.170597674339466
385,35.7,-154.8,-0.804912055541004,0.151810715533673
386,36.7,-154.8,-0.760720011587327,0.133139990256564
387,37.7,-154.8,-0.716336799322402,0.114621537074297
388,38.7,-154.8,-0.67173677660652,0.0962913945530304
389,39.7,-154.8,-0.626894301299969,0.0781856012589223
390,40.7,-154.8,-0.581783731263039,0.0603401957581304
391,41.7,-154.8,-0.536379424356019,0.042791216616813
392,42.7,-154.8,-0.490655738439199,0.0255747024011278
393,43.7,-154.8,-0.444587031372867,0.008726691677233
394,44.7,-154.8,-0.398131028029543,-0.0077148588858602
395,45.7,-154.8,-0.350793662920628,-0.023685250187799
396,46.7,-154.8,-0.302582675634641,-0.039246680106613
397,47.7,-154.8,-0.253807695896682,-0.0545074303259618
398,48.7,-154.8,-0.204778353431852,-0.0695757825295049
399,49.7,-154.8,-0.155804277965253,-0.0845600184009018
400,29.7,-153.8,-1.06682025630462,0.275185956203603
401,30.7,-153.8,-1.02411687546129,0.255908711371671
402,31.7,-153.8,-0.981423182437192,0.236520721114401
403,32.7,-153.8,-0.938702984373781,0.217069218559303
404,33.7,-153.8,-0.895920088412529,0.197601436833885
405,34.7,-153.8,-0.853038301694903,0.178164609065657
406,35.7,-153.8,-0.810021431362372,0.158805968382129
407,36.7,-153.8,-0.766833284556403,0.139572747910809
408,37.7,-153.8,-0.723437668418464,0.120512180779207
409,38.7,-153.8,-0.679798390090024,0.101671500114832
410,39.7,-153.8,-0.63587925671255,0.0830979390451933
411,40.7,-153.8,-0.59164407542751,0.0648387306978006
412,41.7,-153.8,-0.547056653376373,0.0469411082001632
413,42.7,-153.8,-0.502080797700606,0.02945230467979
414,43.7,-153.8,-0.456680315541677,0.0124195532641905
415,44.7,-153.8,-0.410796395895808,-0.0041071309686447
416,45.7,-153.8,-0.363758509040157,-0.0200378528007723
417,46.7,-153.8,-0.315585691194024,-0.0354637863666951
418,47.7,-153.8,-0.266708674202361,-0.0505424580199238
419,48.7,-153.8,-0.217558189910118,-0.065431394113969
420,49.7,-153.8,-0.168564970162248,-0.0802881210023416
421,29.7,-152.8,-1.06592011983509,0.285761052678034
422,30.7,-152.8,-1.02397899982189,0.266073983423854
423,31.7,-152.8,-0.982113512983045,0.246229776959577
424,32.7,-152.8,-0.9402748367074,0.226286404095509
425,33.7,-152.8,-0.898414148383808,0.206301835641958
426,34.7,-152.8,-0.856482625401117,0.186334042409231
427,35.7,-152.8,-0.814431445148178,0.166440995207634
428,36.7,-152.8,-0.772211785013839,0.146680664847475
429,37.7,-152.8,-0.72977482238695,0.127111022139059
430,38.7,-152.8,-0.687071734656361,0.107790037892694
431,39.7,-152.8,-0.644053699210921,0.0887756829186869
432,40.7,-152.8,-0.600671893439479,0.0701259280273441
433,41.7,-152.8,-0.556877494730886,0.0518987440289729
434,42.7,-152.8,-0.512621680473991,0.0341521017338796
435,43.7,-152.8,-0.467855628057643,0.0169439719523714
436,44.7,-152.8,-0.422502997414421,0.0003360022884775
437,45.7,-152.8,-0.37574767261424,-0.0155557256178384
438,46.7,-152.8,-0.327624576381433,-0.0308497436641127
439,47.7,-152.8,-0.278671480846422,-0.0457515117199657
440,48.7,-152.8,-0.229426158139628,-0.060466489655018
441,49.7,-152.8,-0.180426380391473,-0.07520013733889
442,29.7,-151.8,-1.06545879533204,0.296578386197536
443,30.7,-151.8,-1.02403981538545,0.276572593120437
444,31.7,-151.8,-0.98278605735304,0.25636839422677
445,32.7,-151.8,-0.941633957981022,0.236032867619729
446,33.7,-151.8,-0.900519954015585,0.215633091402502
447,34.7,-151.8,-0.859380482202921,0.195236143678282
448,35.7,-151.8,-0.818151979289225,0.174909102550258
449,36.7,-151.8,-0.776770882020691,0.154719046121622
450,37.7,-151.8,-0.735173627143511,0.134733052495564
451,38.7,-151.8,-0.69329665140388,0.115018199775275
452,39.7,-151.8,-0.651076391547991,0.0956415660639455
453,40.7,-151.8,-0.608449284322038,0.0766702294647669
454,41.7,-151.8,-0.565351766472213,0.0581712680809297
455,42.7,-151.8,-0.521720274744712,0.0402117600156245
456,43.7,-151.8,-0.477491245885727,0.0228587833720422
457,44.7,-151.8,-0.432570694875774,0.0061839574358365
458,45.7,-151.8,-0.386054029967585,-0.0096712777880959
459,46.7,-151.8,-0.337997251592761,-0.0248482023333405
460,47.7,-151.8,-0.289015503888828,-0.0395943094282547
461,48.7,-151.8,-0.239723930993312,-0.0541570923011964
462,49.7,-151.8,-0.190737677043741,-0.0687840441805232
463,29.7,-150.8,-1.06610974298542,0.307476432053187
464,30.7,-150.8,-1.02485053892505,0.287294243898986
465,31.7,-150.8,-0.983874490225208,0.266882233339856
466,32.7,-150.8,-0.943101150243153,0.246313781870598
467,33.7,-150.8,-0.902450072336146,0.225662270986013
468,34.7,-150.8,-0.861840809861448,0.205001082180902
469,35.7,-150.8,-0.821192916176318,0.184403596950068
470,36.7,-150.8,-0.780425944638015,0.16394319678831
471,37.7,-150.8,-0.739459448603799,0.143693263190431
472,38.7,-150.8,-0.698212981430931,0.123727177651231
473,39.7,-150.8,-0.65660609647667,0.104118321665512
474,40.7,-150.8,-0.614558347098276,0.0849400767280748
475,41.7,-150.8,-0.571989286653009,0.0662658243337213
476,42.7,-150.8,-0.528818468498128,0.0481689459772523
477,43.7,-150.8,-0.484965445990894,0.0307228231534693
478,44.7,-150.8,-0.440319350570257,0.0140061510237623
479,45.7,-150.8,-0.393970457424901,-0.0018169184606434
480,46.7,-150.8,-0.346001637223902,-0.0169028127088532
481,47.7,-150.8,-0.297060131389543,-0.031530569146958
482,48.7,-150.8,-0.247793181344103,-0.0459792252010492
483,49.7,-150.8,-0.198848028509866,-0.060527818297218
484,29.7,-149.8,-1.06806737070338,0.318329391298881
485,30.7,-149.8,-1.02659652354031,0.298230616707969
486,31.7,-149.8,-0.985545465614574,0.277844914634946
487,32.7,-149.8,-0.944816497538666,0.257254493525291
488,33.7,-149.8,-0.90431191992509,0.236541561824478
489,34.7,-149.8,-0.863934033386351,0.215788327977985
490,35.7,-149.8,-0.82358513853495,0.195077000431287
491,36.7,-149.8,-0.783167535983391,0.17448978762986
492,37.7,-149.8,-0.742583526344176,0.154108898019181
493,38.7,-149.8,-0.701735410229808,0.134016540044726
494,39.7,-149.8,-0.66052548825279,0.114294922151971
495,40.7,-149.8,-0.618856061025625,0.0950262527863922
496,41.7,-149.8,-0.576629429160815,0.0762927403934659
497,42.7,-149.8,-0.533747519553411,0.0581753531971731
498,43.7,-149.8,-0.490102812397421,0.0407215893848666
499,44.7,-149.8,-0.445573188354133,0.0240224120394914
500,45.7,-149.8,-0.399327299909871,0.0082682119261662
501,46.7,-149.8,-0.351477225679149,-0.006709623933311
502,47.7,-149.8,-0.302656603456743,-0.0212104865572732
503,48.7,-149.8,-0.253499071037426,-0.0355337669640535
504,49.7,-149.8,-0.204638266215973,-0.0499788561719847
505,29.7,-148.8,-1.06754579576905,0.329352648230535
506,30.7,-148.8,-1.02638495412607,0.310143175814206
507,31.7,-148.8,-0.985682274966628,0.290240548823119
508,32.7,-148.8,-0.94533729293361,0.269790528652195
509,33.7,-148.8,-0.905249542669902,0.248938876696352
510,34.7,-148.8,-0.865318558818392,0.227831354350512
511,35.7,-148.8,-0.825443876021966,0.206613723009594
512,36.7,-148.8,-0.785525028923513,0.185431744068518
513,37.7,-148.8,-0.745461552165919,0.164431178922205
514,38.7,-148.8,-0.705152980392071,0.143757788965574
515,39.7,-148.8,-0.664498848244857,0.123557335593547
516,40.7,-148.8,-0.623398690367164,0.103975580201042
517,41.7,-148.8,-0.581752041401878,0.08515828418298
518,42.7,-148.8,-0.539454296773932,0.0672376253264792
519,43.7,-148.8,-0.496296398028521,0.0499778325700492
520,44.7,-148.8,-0.452183941401886,0.0335571134874728
521,45.7,-148.8,-0.406241695668302,0.018262431588198
522,46.7,-148.8,-0.358579699059563,0.0038573614013082
523,47.7,-148.8,-0.309891203525358,-0.0099986555989871
524,48.7,-148.8,-0.260869461015376,-0.023646177938479
525,49.7,-148.8,-0.212207723479304,-0.037425764142958
526,29.7,-147.8,-1.06405972479295,0.34059871097343
527,30.7,-147.8,-1.02377179707411,0.322945239530975
528,31.7,-147.8,-0.983886320221364,0.303884946435992
529,32.7,-147.8,-0.944313369697136,0.283675879109908
530,33.7,-147.8,-0.904963020963844,0.262576084974149
531,34.7,-147.8,-0.865745349483908,0.240843611450142
532,35.7,-147.8,-0.826570430719745,0.218736505959312
533,36.7,-147.8,-0.787348340133776,0.196512815923086
534,37.7,-147.8,-0.74798915318842,0.174430588762888
535,38.7,-147.8,-0.708402945346094,0.152747871900147
536,39.7,-147.8,-0.66849979206922,0.131722712756287
537,40.7,-147.8,-0.628189768820214,0.111613158752735
538,41.7,-147.8,-0.587382951061498,0.0926772573109165
539,42.7,-147.8,-0.545978539619071,0.0751378654781799
540,43.7,-147.8,-0.503601883548958,0.0582601234899147
541,44.7,-147.8,-0.460222208432605,0.0423604149866943
542,45.7,-147.8,-0.414791897018778,0.0278935296993952
543,46.7,-147.8,-0.367388761891682,0.0145113196679872
544,47.7,-147.8,-0.31884048092683,0.0018052637167158
545,48.7,-147.8,-0.269974731999736,-0.0106331593301732
546,49.7,-147.8,-0.221619192985913,-0.0232124706484342
547,29.7,-146.8,-1.05819656908698,0.352048235529139
548,30.7,-146.8,-1.01912522967247,0.336307538398165
549,31.7,-146.8,-0.980345024730981,0.318279342690205
550,32.7,-146.8,-0.941784302993516,0.298360853550099
551,33.7,-146.8,-0.903371413191088,0.276949276122687
552,34.7,-146.8,-0.865034704054707,0.254441815552809
553,35.7,-146.8,-0.826702524315383,0.231235676985303
554,36.7,-146.8,-0.788303222704126,0.207728065565011
555,37.7,-146.8,-0.749765147951945,0.184316186436771
556,38.7,-146.8,-0.71101664878985,0.161397244745423
557,39.7,-146.8,-0.671986073948852,0.139368445635807
558,40.7,-146.8,-0.63260177215996,0.118626994252762
559,41.7,-146.8,-0.592792092154184,0.099570095741129
560,42.7,-146.8,-0.552466146018801,0.0825338205586218
561,43.7,-146.8,-0.511049899983634,0.066180217583505
562,44.7,-146.8,-0.468599259082939,0.0509669619019734
563,45.7,-146.8,-0.423819792675563,0.0375698883062588
564,46.7,-146.8,-0.376737703839219,0.0255157537512665
565,47.7,-146.8,-0.328356264320057,0.0143039286736278
566,48.7,-146.8,-0.279678745864228,0.0034337835099739
567,49.7,-146.8,-0.231708420217881,-0.0075953113030636
568,29.7,-145.8,-1.05054373996303,0.363681877899231
569,30.7,-145.8,-1.01281342920921,0.349900802955667
570,31.7,-145.8,-0.97524581184768,0.332924972802399
571,32.7,-145.8,-0.937789667987021,0.313295760624435
572,33.7,-145.8,-0.900393777735805,0.291554539606781
573,34.7,-145.8,-0.8630069212026,0.268242682934443
574,35.7,-145.8,-0.825577878495977,0.243901563792428
575,36.7,-145.8,-0.788055429724508,0.219072555365741
576,37.7,-145.8,-0.750388354996763,0.194297030839391
577,38.7,-145.8,-0.712525434421314,0.170116363398382
578,39.7,-145.8,-0.674415448106731,0.147071926227722
579,40.7,-145.8,-0.636007176161586,0.125705092512416
580,41.7,-145.8,-0.59724939869445,0.106557235437472
581,42.7,-145.8,-0.558063013903097,0.0900832374741515
582,43.7,-145.8,-0.517671078357449,0.0743498702898618
583,44.7,-145.8,-0.476226362989539,0.0599113995981274
584,45.7,-145.8,-0.432167271352922,0.0476998894552896
585,46.7,-145.8,-0.385459814565887,0.037134166535687
586,47.7,-145.8,-0.337290382363936,0.0275999965555409
587,48.7,-145.8,-0.28884536448257,0.0184831452310726
588,49.7,-145.8,-0.241311150657291,0.0091693782785033
589,29.7,-144.8,-1.04168864873299,0.375480294085277
590,30.7,-144.8,-1.00520457297235,0.363395763743371
591,31.7,-144.8,-0.968776104923657,0.347323071989215
592,32.7,-144.8,-0.932369039841923,0.327930908984583
593,33.7,-144.8,-0.895949172982164,0.305887964891247
594,34.7,-144.8,-0.859482299599392,0.281862929870977
595,35.7,-144.8,-0.822934214948622,0.256524494085546
596,36.7,-144.8,-0.786270714284867,0.230541347696726
597,37.7,-144.8,-0.749457592863141,0.204582180866288
598,38.7,-144.8,-0.712460645938458,0.179315683756004
599,39.7,-144.8,-0.675245668765832,0.155410546527647
600,40.7,-144.8,-0.637778456600276,0.133535459342988
601,41.7,-144.8,-0.600024804696804,0.114359112363799
602,42.7,-144.8,-0.561915041201932,0.0984438631311155
603,43.7,-144.8,-0.522496049695305,0.0833808370480273
604,44.7,-144.8,-0.482014789789054,0.0697283734399737
605,45.7,-144.8,-0.438676221765119,0.0586919151929886
606,46.7,-144.8,-0.392388383735399,0.0496300609057894
607,47.7,-144.8,-0.344494663717364,0.0417961246462471
608,48.7,-144.8,-0.296338449728483,0.0344434204822326
609,49.7,-144.8,-0.249263129786226,0.0268252624816167
610,29.7,-143.8,-1.03221870670875,0.387424140088848
611,30.7,-143.8,-0.99666683824995,0.376463151301167
612,31.7,-143.8,-0.961123327311114,0.360974875467294
613,32.7,-143.8,-0.925561993722494,0.341716607282212
614,33.7,-143.8,-0.889956657314337,0.319445641440901
615,34.7,-143.8,-0.854281137916894,0.294919272638343
616,35.7,-143.8,-0.818509255360415,0.268894795569519
617,36.7,-143.8,-0.78261482947515,0.242129504929411
618,37.7,-143.8,-0.746571680091347,0.215380695413001
619,38.7,-143.8,-0.710353627039257,0.18940566171527
620,39.7,-143.8,-0.673934490149129,0.164961698531199
621,40.7,-143.8,-0.637288089251214,0.14280610055577
622,41.7,-143.8,-0.60038824417576,0.123696162483964
623,42.7,-143.8,-0.563168125845282,0.10827344443586
624,43.7,-143.8,-0.524555445022102,0.0938848732970432
625,44.7,-143.8,-0.484875809118137,0.0809525287923297
626,45.7,-143.8,-0.442188532626419,0.0709543475658565
627,46.7,-143.8,-0.396356701011467,0.0632669397461145
628,47.7,-143.8,-0.348820937039237,0.0569949702295386
629,48.7,-143.8,-0.301021863475686,0.051243103912564
630,49.7,-143.8,-0.254400103086769,0.045116005691626
631,29.7,-142.8,-1.0227213252022,0.399494071911513
632,30.7,-142.8,-0.987568402330047,0.388773696168945
633,31.7,-142.8,-0.952474902362251,0.373381618453276
634,32.7,-142.8,-0.917408104793003,0.354103164168987
635,33.7,-142.8,-0.882335289116494,0.331723658720559
636,34.7,-142.8,-0.847223734826914,0.307028427512472
637,35.7,-142.8,-0.812040721418453,0.280802795949207
638,36.7,-142.8,-0.7767535283853,0.253832089435246
639,37.7,-142.8,-0.741329435221647,0.226901633375069
640,38.7,-142.8,-0.705735721421683,0.200796753173157
641,39.7,-142.8,-0.669939666479598,0.176302774233992
642,40.7,-142.8,-0.633908549889583,0.154205021962053
643,41.7,-142.8,-0.597609651145828,0.135288821761821
644,42.7,-142.8,-0.56096816576312,0.120229728294733
645,43.7,-142.8,-0.522879895362742,0.106473734475951
646,44.7,-142.8,-0.483720690613436,0.0941185110200127
647,45.7,-142.8,-0.441546092651085,0.0848955686203944
648,46.7,-142.8,-0.396198056057804,0.078308305941203
649,47.7,-142.8,-0.349121030988454,0.0732991905892074
650,48.7,-142.8,-0.3017594675979,0.068810690171177
651,49.7,-142.8,-0.255557816041003,0.0637852722938809
652,29.7,-141.8,-1.01360634864139,0.411832840333014
653,30.7,-141.8,-0.978120103151078,0.400171300699782
654,31.7,-141.8,-0.942887096492609,0.384217981325781
655,32.7,-141.8,-0.907847253923104,0.364706073178761
656,33.7,-141.8,-0.872940500699686,0.342368767226477
657,34.7,-141.8,-0.83810676207948,0.317939254436681
658,35.7,-141.8,-0.803285963319608,0.292150725777124
659,36.7,-141.8,-0.768418029677196,0.265736372215559
660,37.7,-141.8,-0.733442886409368,0.23942938471974
661,38.7,-141.8,-0.698300458773246,0.213962954257417
662,39.7,-141.8,-0.662930672025955,0.190070271796344
663,40.7,-141.8,-0.62727345142462,0.168484528304272
664,41.7,-141.8,-0.591268722226363,0.149938914748955
665,42.7,-141.8,-0.55481756447186,0.135082236071584
666,43.7,-141.8,-0.516888472676733,0.121901849966434
667,44.7,-141.8,-0.477864553770344,0.109971902698905
668,45.7,-141.8,-0.436001892297564,0.101209124196641
669,46.7,-141.8,-0.391162624313286,0.0953626722442063
670,47.7,-141.8,-0.344673220245034,0.0912153042409443
671,48.7,-141.8,-0.297860150520336,0.087549777586197
672,49.7,-141.8,-0.252049885566715,0.0831488496793069
673,29.7,-140.8,-1.00251842414331,0.426435716157937
674,30.7,-140.8,-0.966207940253228,0.412810064410955
675,31.7,-140.8,-0.93056861039487,0.395647729570233
676,32.7,-140.8,-0.89548272811949,0.375580177532521
677,33.7,-140.8,-0.860832586978337,0.353238874194571
678,34.7,-140.8,-0.826500480522667,0.329255285453134
679,35.7,-140.8,-0.79236870230373,0.304260877204962
680,36.7,-140.8,-0.758319545872778,0.278887115346804
681,37.7,-140.8,-0.724235304781063,0.253765465775413
682,38.7,-140.8,-0.689998272579838,0.229527394387538
683,39.7,-140.8,-0.655490742820354,0.206804367079933
684,40.7,-140.8,-0.620595009053864,0.186227849749347
685,41.7,-140.8,-0.585193364831619,0.168429308292531
686,42.7,-140.8,-0.549131755859836,0.153989130642535
687,43.7,-140.8,-0.511386456355198,0.141712090188174
688,44.7,-140.8,-0.472279597198754,0.130943478182882
689,45.7,-140.8,-0.430587901948156,0.123288894053862
690,46.7,-140.8,-0.386326388116519,0.118586170615539
691,47.7,-140.8,-0.340650108790875,0.115639303499016
692,48.7,-140.8,-0.294714117058259,0.113252288335396
693,49.7,-140.8,-0.249673466005704,0.110229120755779
694,29.7,-139.8,-0.98861799991561,0.442395887953647
695,30.7,-139.8,-0.951344403078523,0.426492048241154
696,31.7,-139.8,-0.915288316978698,0.407874985073733
697,32.7,-139.8,-0.880256903054354,0.387069531698368
698,33.7,-139.8,-0.846057322743708,0.364600521362041
699,34.7,-139.8,-0.812496737484979,0.340992787311736
700,35.7,-139.8,-0.779382308716385,0.316771162794437
701,36.7,-139.8,-0.746521197876143,0.292460481057126
702,37.7,-139.8,-0.713720566402473,0.268585575346787
703,38.7,-139.8,-0.680787575733592,0.245671278910404
704,39.7,-139.8,-0.647529387307718,0.224242424994959
705,40.7,-139.8,-0.613753162563071,0.204823846847435
706,41.7,-139.8,-0.579266062937867,0.187940377714817
707,42.7,-139.8,-0.543839110891006,0.174098435030064
708,43.7,-139.8,-0.506364875202107,0.162989443642643
709,44.7,-139.8,-0.467062104875156,0.154047518230188
710,45.7,-139.8,-0.425418545403994,0.14816044564152
711,46.7,-139.8,-0.381700656367627,0.145064336924205
712,47.7,-139.8,-0.33689638178916,0.143725530572432
713,48.7,-139.8,-0.291993665691697,0.143110365080385
714,49.7,-139.8,-0.247980452098341,0.142185178942251
715,29.7,-138.8,-0.971991351077817,0.457766625026227
716,30.7,-138.8,-0.93389868978815,0.440004323292048
717,31.7,-138.8,-0.897555446724347,0.420138087359906
718,32.7,-138.8,-0.862694559579535,0.398618352751551
719,33.7,-138.8,-0.829048966046847,0.375895554988729
720,34.7,-138.8,-0.796351603819413,0.35242012959319
721,35.7,-138.8,-0.764335410590362,0.32864251208668
722,36.7,-138.8,-0.732733324052826,0.305013137990948
723,37.7,-138.8,-0.701278281899935,0.281982442827742
724,38.7,-138.8,-0.669703221824818,0.260000862118809
725,39.7,-138.8,-0.637741081520608,0.239518831385899
726,40.7,-138.8,-0.605124798680433,0.220986786150758
727,41.7,-138.8,-0.571587310997424,0.204855161935135
728,42.7,-138.8,-0.536824001006586,0.191583387565499
729,43.7,-138.8,-0.499597248834716,0.181659407374749
730,44.7,-138.8,-0.460019472991583,0.174734674884244
731,45.7,-138.8,-0.418284148199294,0.170857889105729
732,46.7,-138.8,-0.374929943188241,0.169554662354593
733,47.7,-138.8,-0.33081678423316,0.169971798699478
734,48.7,-138.8,-0.286804597608789,0.171256102209022
735,49.7,-138.8,-0.243753309589862,0.172554376951864
736,29.7,-137.8,-0.952724752749473,0.470601196681759
737,30.7,-137.8,-0.914239998543302,0.452133960665304
738,31.7,-137.8,-0.877879230112069,0.431675375952376
739,32.7,-137.8,-0.84332047854687,0.40967085776732
740,33.7,-137.8,-0.810241774938803,0.386565821334478
741,34.7,-137.8,-0.778321150378964,0.362805681878197
742,35.7,-137.8,-0.74723663595845,0.33883585462282
743,36.7,-137.8,-0.716666262768358,0.31510175479269
744,37.7,-137.8,-0.686288061899784,0.292048797612153
745,38.7,-137.8,-0.655780064443826,0.270122398305552
746,39.7,-137.8,-0.62482030149158,0.249767972097231
747,40.7,-137.8,-0.593086804134143,0.231430934211535
748,41.7,-137.8,-0.560257603462611,0.215556699872807
749,42.7,-137.8,-0.525970797647789,0.202617226580167
750,43.7,-137.8,-0.488857096870281,0.193647478429403
751,44.7,-137.8,-0.448959097740068,0.18845560018847
752,45.7,-137.8,-0.406975035868275,0.186415334592603
753,46.7,-137.8,-0.363658762699989,0.186814638091091
754,47.7,-137.8,-0.319816061116144,0.188875921118442
755,48.7,-137.8,-0.276252713997673,0.191821594109163
756,49.7,-137.8,-0.233774504225506,0.194874067497762
757,29.7,-136.8,-0.931772571978814,0.479900726407525
758,30.7,-136.8,-0.893120444923594,0.462086592094206
759,31.7,-136.8,-0.856875324763114,0.441841672932705
760,32.7,-136.8,-0.822662487812948,0.419674603735769
761,33.7,-136.8,-0.790107210388669,0.396094019316142
762,34.7,-136.8,-0.758834768805848,0.371608554486569
763,35.7,-136.8,-0.728470439380059,0.346726844059795
764,36.7,-136.8,-0.698639498426874,0.321957522848565
765,37.7,-136.8,-0.668967222261865,0.297809225665624
766,38.7,-136.8,-0.639078887200604,0.274790587323717
767,39.7,-136.8,-0.608599769558666,0.25341024263559
768,40.7,-136.8,-0.57715514565162,0.234176826413987
769,41.7,-136.8,-0.544370291795042,0.217598973471652
770,42.7,-136.8,-0.509833634756525,0.204223271633424
771,43.7,-136.8,-0.472244564479289,0.195464145661842
772,44.7,-136.8,-0.431718762490702,0.191147135057648
773,45.7,-136.8,-0.389090458068387,0.190336460261789
774,46.7,-136.8,-0.345193880489964,0.192096341715216
775,47.7,-136.8,-0.300863259033056,0.195490999858877
776,48.7,-136.8,-0.256932822975284,0.199584655133721
777,49.7,-136.8,-0.214236801594269,0.203441527980697
778,29.7,-135.8,-0.914959030974767,0.490977315743912
779,30.7,-135.8,-0.873444249152617,0.471864245889716
780,31.7,-135.8,-0.835758833494486,0.450773104584106
781,32.7,-135.8,-0.801265621021644,0.428099654097746
782,33.7,-135.8,-0.769327448755357,0.404239656701302
783,34.7,-135.8,-0.739307153716895,0.379588874665435
784,35.7,-135.8,-0.710567572927524,0.354543070260811
785,36.7,-135.8,-0.682471543408514,0.329498005758092
786,37.7,-135.8,-0.654381902181132,0.304849443427944
787,38.7,-135.8,-0.625661486266646,0.280993145541029
788,39.7,-135.8,-0.595673132686324,0.258324874368013
789,40.7,-135.8,-0.563779678461434,0.237240392179557
790,41.7,-135.8,-0.529343960613245,0.218135461246328
791,42.7,-135.8,-0.491734139194377,0.201501161791364
792,43.7,-135.8,-0.45083085057828,0.190457669684205
793,44.7,-135.8,-0.40735561885863,0.185358485456822
794,45.7,-135.8,-0.362096861546346,0.184844876256683
795,46.7,-135.8,-0.315842996152346,0.187558109231253
796,47.7,-135.8,-0.269382440187548,0.192139451527998
797,48.7,-135.8,-0.223503611162869,0.197230170294386
798,49.7,-135.8,-0.178994926589229,0.201471532677883
799,29.7,-134.8,-0.897728543157639,0.499675202419169
800,30.7,-134.8,-0.853544583130277,0.479305984426215
801,31.7,-134.8,-0.814476823380985,0.457453066734747
802,32.7,-134.8,-0.77963869004525,0.434383215300397
803,33.7,-134.8,-0.748143609258554,0.410363196078794
804,34.7,-134.8,-0.719105007156385,0.38565977502557
805,35.7,-134.8,-0.691636309874225,0.360539718096354
806,36.7,-134.8,-0.664850943547561,0.335269791246778
807,37.7,-134.8,-0.637862334311876,0.31011676043247
808,38.7,-134.8,-0.609783908302656,0.285347391609062
809,39.7,-134.8,-0.579729091655386,0.261228450732185
810,40.7,-134.8,-0.54681131050555,0.238026703757467
811,41.7,-134.8,-0.510143990988634,0.216008916640541
812,42.7,-134.8,-0.468882327064629,0.195596084718715
813,43.7,-134.8,-0.4239197170425,0.181658230019889
814,44.7,-134.8,-0.376532843118658,0.175119621603801
815,45.7,-134.8,-0.327508606281737,0.174220719079716
816,46.7,-134.8,-0.277633907520374,0.177201982056901
817,47.7,-134.8,-0.227695647823204,0.18230387014462
818,48.7,-134.8,-0.178480728178864,0.18776684295214
819,49.7,-134.8,-0.130776049575988,0.191831360088726
820,29.7,-133.8,-0.881844217899582,0.504370049421227
821,30.7,-133.8,-0.838327648239478,0.484423370983351
822,31.7,-133.8,-0.799253309198152,0.462763050501498
823,32.7,-133.8,-0.763859938105059,0.439624591164786
824,33.7,-133.8,-0.731386272289654,0.415243496162333
825,34.7,-133.8,-0.701071049081394,0.389855268683257
826,35.7,-133.8,-0.672153005809732,0.363695411916675
827,36.7,-133.8,-0.643870879804124,0.336999429051705
828,37.7,-133.8,-0.615395100728214,0.310107602493931
829,38.7,-133.8,-0.585692389090636,0.283541118411002
830,39.7,-133.8,-0.553918230151232,0.257323485364784
831,40.7,-133.8,-0.518969972987298,0.231978902557364
832,41.7,-133.8,-0.480227815246925,0.207971963255735
833,42.7,-133.8,-0.437147824141528,0.185881587338674
834,43.7,-133.8,-0.389928220722056,0.170665441753752
835,44.7,-133.8,-0.33956910899046,0.163181274918746
836,45.7,-133.8,-0.287024823695399,0.161555004417932
837,46.7,-133.8,-0.233249699585531,0.163912547835589
838,47.7,-133.8,-0.179198071409516,0.168379822755994
839,48.7,-133.8,-0.125824273916011,0.173082746763424
840,49.7,-133.8,-0.0740826418536748,0.176147237442157
841,29.7,-132.8,-0.968174956243678,0.562545901869549
842,30.7,-132.8,-0.918666362165561,0.525493759519475
843,31.7,-132.8,-0.869755470684091,0.493152417079553
844,32.7,-132.8,-0.82198812945378,0.464192107129321
845,33.7,-132.8,-0.775910186129141,0.437283062248316
846,34.7,-132.8,-0.732067488364687,0.411095515016076
847,35.7,-132.8,-0.691005883814932,0.384299698012138
848,36.7,-132.8,-0.653271220134387,0.35556584381604
849,37.7,-132.8,-0.61829635014138,0.325127616170642
850,38.7,-132.8,-0.582093596114591,0.295889696804865
851,39.7,-132.8,-0.54376227410512,0.263319971143274
852,40.7,-132.8,-0.498704142879472,0.230484306356896
853,41.7,-132.8,-0.449186151024069,0.199435237722172
854,42.7,-132.8,-0.398325334136817,0.171762482697112
855,43.7,-132.8,-0.345883236136628,0.152816269257446
856,44.7,-132.8,-0.291612145086813,0.143316856287732
857,45.7,-132.8,-0.236094669525934,0.140929304839029
858,46.7,-132.8,-0.179913417992552,0.143318675962396
859,47.7,-132.8,-0.123650999025228,0.148150030708893
860,48.7,-132.8,-0.0678900211625239,0.153088430129579
861,49.7,-132.8,-0.0132130929429997,0.155798935275513
862,29.7,-131.8,-1.10140969809646,0.649181454631299
863,30.7,-131.8,-1.046497741886,0.585806647391272
864,31.7,-131.8,-0.984416249422344,0.536941158619119
865,32.7,-131.8,-0.918229803926853,0.498945612596144
866,33.7,-131.8,-0.851002988620878,0.468180633603647
867,34.7,-131.8,-0.785800386725767,0.441006845922929
868,35.7,-131.8,-0.725686581462872,0.413784873835293
869,36.7,-131.8,-0.673726156053544,0.38287534162204
870,37.7,-131.8,-0.630030923700084,0.348267818210016
871,38.7,-131.8,-0.585272533481554,0.316040272283403
872,39.7,-131.8,-0.538353138867701,0.274966071096063
873,40.7,-131.8,-0.480199543158541,0.231955161956661
874,41.7,-131.8,-0.416336309277764,0.191077179158302
875,42.7,-131.8,-0.354227388335212,0.155086092731663
876,43.7,-131.8,-0.294528725326971,0.130451882490884
877,44.7,-131.8,-0.235980050576503,0.118009637753906
878,45.7,-131.8,-0.178358595747117,0.114722256679734
879,46.7,-131.8,-0.121441592502123,0.117552637427373
880,47.7,-131.8,-0.065006272504833,0.123463678155828
881,48.7,-131.8,-0.008829867418556,0.129418277024104
882,49.7,-131.8,0.0473103910933971,0.132379332191206
883,29.7,-130.8,-1.17039822727184,0.708319516152428
884,30.7,-130.8,-1.12455254296139,0.628273735346845
885,31.7,-130.8,-1.05906598465972,0.5685246846252
886,32.7,-130.8,-0.980495613091712,0.524078946061278
887,33.7,-130.8,-0.895398488982258,0.489943101728864
888,34.7,-130.8,-0.810331673056252,0.461123733701741
889,35.7,-130.8,-0.731852226038586,0.432627424053695
890,36.7,-130.8,-0.666517208654152,0.399460754858509
891,37.7,-130.8,-0.615898431843978,0.36149698993876
892,38.7,-130.8,-0.564741811570307,0.326465095481091
893,39.7,-130.8,-0.511787984858012,0.278768624624613
894,40.7,-130.8,-0.446767730418233,0.228523323182409
895,41.7,-130.8,-0.375275935206451,0.180680488647895
896,42.7,-130.8,-0.305409190236337,0.138236418228135
897,43.7,-130.8,-0.240176346215238,0.108804686491244
898,44.7,-130.8,-0.1789091769192,0.0935914303842963
899,45.7,-130.8,-0.12060965880522,0.0890760468332334
900,46.7,-130.8,-0.0642797683302929,0.0917379327639969
901,47.7,-130.8,-0.0089214819514146,0.0980564851025282
902,48.7,-130.8,0.0464632238744191,0.104511100774769
903,49.7,-130.8,0.102872372690213,0.10758117670666
904,29.7,-129.8,-1.08378926054655,0.697301523020617
905,30.7,-129.8,-1.07295138021856,0.624104758192903
906,31.7,-129.8,-1.0245030215256,0.567670905771515
907,32.7,-129.8,-0.949444482405245,0.523776152753485
908,33.7,-129.8,-0.858776060795077,0.488196686135846
909,34.7,-129.8,-0.76349805463267,0.456708692915629
910,35.7,-129.8,-0.674321628356343,0.425181142873609
911,36.7,-129.8,-0.601301780666255,0.389681682369406
912,37.7,-129.8,-0.548490222186205,0.350158096461601
913,38.7,-129.8,-0.496183236341362,0.312698428904769
914,39.7,-129.8,-0.443772684321373,0.263645857073335
915,40.7,-129.8,-0.385280140394117,0.213719758135151
916,41.7,-129.8,-0.321127658715334,0.16639062672773
917,42.7,-129.8,-0.253784245015976,0.123212988456979
918,43.7,-129.8,-0.188895637326458,0.0922325676996427
919,44.7,-129.8,-0.12845256976213,0.0751607468932424
920,45.7,-129.8,-0.0712733415919143,0.0686245278201993
921,46.7,-129.8,-0.0161762520847351,0.0692509122629347
922,47.7,-129.8,0.0380203994904843,0.07366690200387
923,48.7,-129.8,0.0924983138648204,0.0784994988254265
924,49.7,-129.8,0.14843919176935,0.0803757045100253
925,29.7,-128.8,-0.954803539526696,0.696399018059331
926,30.7,-128.8,-0.990061784795095,0.622275754067914
927,31.7,-128.8,-0.964778786330404,0.565264005212006
928,32.7,-128.8,-0.896671798766514,0.52057660139259
929,33.7,-128.8,-0.803458076737322,0.483426372510648
930,34.7,-128.8,-0.702854874876721,0.449026148467162
931,35.7,-128.8,-0.609423074988444,0.413600386447666
932,36.7,-128.8,-0.530776133838317,0.37547001445177
933,37.7,-128.8,-0.473527215236331,0.333298932774531
934,38.7,-128.8,-0.417235868538463,0.291582803291281
935,39.7,-128.8,-0.368540696433735,0.242861229839087
936,40.7,-128.8,-0.317758750713189,0.195150301318447
937,41.7,-128.8,-0.263870230736967,0.150029519199798
938,42.7,-128.8,-0.208831850095556,0.107852590176751
939,43.7,-128.8,-0.153086957790635,0.0759733111081035
940,44.7,-128.8,-0.0975864004678465,0.0558611668875211
941,45.7,-128.8,-0.0422172441006704,0.0446967211181821
942,46.7,-128.8,0.0131334453374119,0.0396605374032654
943,47.7,-128.8,0.0685786018729193,0.0379331793459496
944,48.7,-128.8,0.124231159532371,0.0366952105494136
945,49.7,-128.8,0.180204052342286,0.033127194616836
946,29.7,-127.8,-0.835482258047492,0.717607657592141
947,30.7,-127.8,-0.917824581486507,0.631151870782557
948,31.7,-127.8,-0.915057786732965,0.567335120799657
949,32.7,-127.8,-0.852906757778602,0.519294802365746
950,33.7,-127.8,-0.757096378615153,0.480168310203132
951,34.7,-127.8,-0.653351533234354,0.443093039034121
952,35.7,-127.8,-0.559254169252463,0.403812094344961
953,36.7,-127.8,-0.475174355738838,0.36323833895582
954,37.7,-127.8,-0.410045154795429,0.317365127069802
955,38.7,-127.8,-0.343122726231654,0.269879598230895
956,39.7,-127.8,-0.29656502251503,0.221156049373754
957,40.7,-127.8,-0.252161519404509,0.175381272495023
958,41.7,-127.8,-0.207078932564397,0.132163456910711
959,42.7,-127.8,-0.163688536355078,0.0908229346119127
960,43.7,-127.8,-0.117502729417032,0.0578089906788947
961,44.7,-127.8,-0.0676731785851753,0.0341269013772953
962,45.7,-127.8,-0.0150587791931172,0.0175632813178325
963,46.7,-127.8,0.0394815734255354,0.0059047451112239
964,47.7,-127.8,0.095088983937174,-0.0030620926318124
965,48.7,-127.8,0.150904557008191,-0.0115506173005589
966,49.7,-127.8,0.20606939730498,-0.0217742142842975
967,29.7,-126.8,-0.740892019981241,0.745428691084917
968,30.7,-126.8,-0.865441681051211,0.642137224436756
969,31.7,-126.8,-0.882293931316525,0.56907498195262
970,32.7,-126.8,-0.824926955460393,0.516765771554577
971,33.7,-126.8,-0.726818938166027,0.475733401164695
972,34.7,-126.8,-0.62144806411664,0.43650167870504
973,35.7,-126.8,-0.528223834275725,0.394086909147349
974,36.7,-126.8,-0.438444810855688,0.351891329693043
975,37.7,-126.8,-0.364536312713143,0.30275759662962
976,38.7,-126.8,-0.283962165307309,0.250634832453331
977,39.7,-126.8,-0.235293994911794,0.200901755997904
978,40.7,-126.8,-0.193584169940724,0.154982678495828
979,41.7,-126.8,-0.152646526835446,0.11171767226737
980,42.7,-126.8,-0.113740550546615,0.0703459154063128
981,43.7,-126.8,-0.0719171923545227,0.0363528349328456
982,44.7,-126.8,-0.0259225875330966,0.0103209435656166
983,45.7,-126.8,0.0233535034608085,-0.009587558603653
984,46.7,-126.8,0.0750213201703381,-0.0252104714832424
985,47.7,-126.8,0.128191102138638,-0.0383855949814306
986,48.7,-126.8,0.181973088908852,-0.0509507290064964
987,49.7,-126.8,0.235477520024128,-0.064743673466719
988,29.7,-125.8,-0.686099429200239,0.764363368003528
989,30.7,-125.8,-0.842114994247622,0.646635931130435
990,31.7,-125.8,-0.873441128664324,0.565674318089052
991,32.7,-125.8,-0.819509987830774,0.509824524840707
992,33.7,-125.8,-0.719753727127405,0.46743254734673
993,34.7,-125.8,-0.613604501934649,0.426844381568451
994,35.7,-125.8,-0.520740993185556,0.382695473436682
995,36.7,-125.8,-0.424535863676735,0.340333660474925
996,37.7,-125.8,-0.34518934366188,0.290263428004443
997,38.7,-125.8,-0.259070048402257,0.238989910526655
998,39.7,-125.8,-0.209536773413099,0.188333546066845
999,40.7,-125.8,-0.173199545582712,0.139633034543298
1000,41.7,-125.8,-0.138796025409833,0.093629200025594
1001,42.7,-125.8,-0.102355969839593,0.051157588981723
1002,43.7,-125.8,-0.0602299514831636,0.0157312484598232
1003,44.7,-125.8,-0.0128695586504247,-0.0127546301824655
1004,45.7,-125.8,0.0384296451873311,-0.0357796149071885
1005,46.7,-125.8,0.0923720965588108,-0.0548232736763916
1006,47.7,-125.8,0.147662231992722,-0.0713651744521202
1007,48.7,-125.8,0.20300448801777,-0.0868848851964199
1008,49.7,-125.8,0.257103301162665,-0.102861973871336
1009,29.7,-124.8,-0.687019308797313,0.759087951920725
1010,30.7,-124.8,-0.857084007436142,0.636255965390673
1011,31.7,-124.8,-0.895104473979776,0.552524337362619
1012,32.7,-124.8,-0.843012172817761,0.49547833958729
1013,33.7,-124.8,-0.742738568339642,0.452703243815414
1014,34.7,-124.8,-0.636215124934966,0.411784321797717
1015,35.7,-124.8,-0.541503403787179,0.367889102733277
1016,36.7,-124.8,-0.438232798386352,0.327318103645298
1017,37.7,-124.8,-0.352522785890721,0.277412259366262
1018,38.7,-124.8,-0.250822395232312,0.226933789633412
1019,39.7,-124.8,-0.201962392019133,0.175754029551828
1020,40.7,-124.8,-0.191075337671139,0.124644022392511
1021,41.7,-124.8,-0.185276711685975,0.0759144366441578
1022,42.7,-124.8,-0.158383433624305,0.0318631313748174
1023,43.7,-124.8,-0.113322886504777,-0.0060037650261836
1024,44.7,-124.8,-0.0582540412286067,-0.038378384727634
1025,45.7,-124.8,0.0036972211447308,-0.066273322920098
1026,46.7,-124.8,0.0694050195557624,-0.0907011747941406
1027,47.7,-124.8,0.135743472945014,-0.112674535540326
1028,48.7,-124.8,0.199586700253011,-0.133206000349218
1029,49.7,-124.8,0.257808820420281,-0.153308164411383
1030,29.7,-123.8,-0.777778123029595,0.72570027455107
1031,30.7,-123.8,-0.91670365209485,0.61205039760239
1032,31.7,-123.8,-0.940661162292923,0.532835093335216
1033,32.7,-123.8,-0.886402278849403,0.477083658958107
1034,33.7,-123.8,-0.790678626989884,0.433825391679618
1035,34.7,-123.8,-0.690241831939956,0.392089588708309
1036,35.7,-123.8,-0.600496837323308,0.348123329089313
1037,36.7,-123.8,-0.505220515418548,0.307720184457322
1038,37.7,-123.8,-0.427224758564474,0.257721584881576
1039,38.7,-123.8,-0.32616257679522,0.206778029669086
1040,39.7,-123.8,-0.280855152882937,0.155562438065227
1041,40.7,-123.8,-0.280807812010887,0.105425186848521
1042,41.7,-123.8,-0.286533737796413,0.0574518251685448
1043,42.7,-123.8,-0.264544003114085,0.0125349471192383
1044,43.7,-123.8,-0.214421320476748,-0.0284040950038402
1045,44.7,-123.8,-0.146767161697916,-0.0655785580777514
1046,45.7,-123.8,-0.0675940310342255,-0.099460213950763
1047,46.7,-123.8,0.0170855672576891,-0.130520834471143
1048,47.7,-123.8,0.101259128921192,-0.159232191487158
1049,48.7,-123.8,0.178914149699649,-0.186066056847076
1050,49.7,-123.8,0.244038125336425,-0.211494202399166
1051,29.7,-122.8,-0.953769424919639,0.673169301090147
1052,30.7,-122.8,-1.01556442262658,0.579560020625417
1053,31.7,-122.8,-1.00379445337267,0.510229210382719
1054,32.7,-122.8,-0.942620475286427,0.457346432108214
1055,33.7,-122.8,-0.8562034464964,0.413081247548063
1056,34.7,-122.8,-0.768704325131119,0.369603218448428
1057,35.7,-122.8,-0.692031313484171,0.324421769189478
1058,36.7,-122.8,-0.620944675483857,0.281675330549868
1059,37.7,-122.8,-0.567124438783369,0.231164344633858
1060,38.7,-122.8,-0.491652168026579,0.179655665941616
1061,39.7,-122.8,-0.452629550516965,0.128750532859295
1062,40.7,-122.8,-0.439056649304194,0.0823739137394203
1063,41.7,-122.8,-0.428645648695516,0.0382336372578187
1064,42.7,-122.8,-0.403558739522267,-0.006754559251372
1065,43.7,-122.8,-0.346750576456462,-0.0510216309518119
1066,44.7,-122.8,-0.263100046488626,-0.0933833882406804
1067,45.7,-122.8,-0.162194373716772,-0.133731819307565
1068,46.7,-122.8,-0.0536207822389133,-0.171958912342051
1069,47.7,-122.8,0.0530335038469352,-0.207956655533727
1070,48.7,-122.8,0.14818126044276,-0.241617037072178
1071,49.7,-122.8,0.222235263450548,-0.272832045146992
1072,29.7,-121.8,-1.19284576045367,0.610250934010907
1073,30.7,-121.8,-1.14583917084868,0.542362393013538
1074,31.7,-121.8,-1.08285045572338,0.485745442389152
1075,32.7,-121.8,-1.01049998068025,0.436588334884478
1076,33.7,-121.8,-0.93540811132176,0.391079323246248
1077,34.7,-121.8,-0.864195213250392,0.345406660221194
1078,35.7,-121.8,-0.804037854333501,0.29848290937024
1079,36.7,-121.8,-0.76484608457599,0.252186548543973
1080,37.7,-121.8,-0.743429206758937,0.200879392912991
1081,38.7,-121.8,-0.705791377807386,0.148738361440041
1082,39.7,-121.8,-0.673737452999426,0.098350568779777
1083,40.7,-121.8,-0.63295378925749,0.0572080095112276
1084,41.7,-121.8,-0.591036378246535,0.0185627471408436
1085,42.7,-121.8,-0.558148704062185,-0.0259329832033712
1086,43.7,-121.8,-0.493535977501306,-0.0734082623487641
1087,44.7,-121.8,-0.391943822031009,-0.120821113224284
1088,45.7,-121.8,-0.266854069270141,-0.167479670298884
1089,46.7,-121.8,-0.131748550837549,-0.212692068041519
1090,47.7,-121.8,-0.0001090983520796,-0.255766440921142
1091,48.7,-121.8,0.114582456567419,-0.296010923406707
1092,49.7,-121.8,0.1988442823021,-0.332733649967168
1093,29.7,-120.8,-1.47285967561792,0.545701075786301
1094,30.7,-120.8,-1.29970074857851,0.504035073320537
1095,31.7,-120.8,-1.17617527784946,0.460422543238539
1096,32.7,-120.8,-1.08887401358229,0.415131043133765
1097,33.7,-120.8,-1.02438770592853,0.368428130599675
1098,34.7,-120.8,-0.96930710503971,0.320581363229729
1099,35.7,-120.8,-0.924447481935033,0.272005235968069
1100,36.7,-120.8,-0.916365548688657,0.222256845060677
1101,37.7,-120.8,-0.92734644270271,0.170005584008856
1102,38.7,-120.8,-0.92708041501864,0.117197779153402
1103,39.7,-120.8,-0.900630728408525,0.0673948006724162
1104,40.7,-120.8,-0.829631171577208,0.0316452806099604
1105,41.7,-120.8,-0.753129860312724,-0.0012579709535155
1106,42.7,-120.8,-0.711034957947171,-0.0449279202031169
1107,43.7,-120.8,-0.638002846668664,-0.0951158786733623
1108,44.7,-120.8,-0.517989614755339,-0.146919971036424
1109,45.7,-120.8,-0.368323380061566,-0.199095298233103
1110,46.7,-120.8,-0.206332260441721,-0.2503969612042
1111,47.7,-120.8,-0.0493443737501742,-0.299580060890515
1112,48.7,-120.8,0.0853121621587007,-0.345399698232849
1113,49.7,-120.8,0.180309229430531,-0.386610974172002
1114,29.7,-119.8,-1.77166371639861,0.488275628889277
1115,30.7,-119.8,-1.46932200763341,0.468155620100196
1116,31.7,-119.8,-1.28211502825527,0.435299266814905
1117,32.7,-119.8,-1.17657579254396,0.393296232702941
1118,33.7,-119.8,-1.11923731477928,0.345736181433844
1119,34.7,-119.8,-1.07663260924101,0.296208776677153
1120,35.7,-119.8,-1.0411912183525,0.246687235319433
1121,36.7,-119.8,-1.05494387381557,0.194889226721017
1122,37.7,-119.8,-1.09008352682622,0.141681772211338
1123,38.7,-119.8,-1.11401948854134,0.0882055820707368
1124,39.7,-119.8,-1.08976124482247,0.0389154833829564
1125,40.7,-119.8,-0.996220735969776,0.0074035334816362
1126,41.7,-119.8,-0.894350028757336,-0.0209256427963943
1127,42.7,-119.8,-0.84493856239056,-0.063666965716967
1128,43.7,-119.8,-0.763376507015923,-0.115696369404272
1129,44.7,-119.8,-0.625928551091888,-0.170708199684964
1130,45.7,-119.8,-0.453352568458282,-0.226970234418603
1131,46.7,-119.8,-0.266406432954934,-0.282750251464747
1132,47.7,-119.8,-0.0858480184216706,-0.336316028682956
1133,48.7,-119.8,0.0675648013016805,-0.385935343932787
1134,49.7,-119.8,0.173074152375292,-0.4298759750738
1135,29.7,-118.8,-2.06711042878197,0.446730495792785
1136,30.7,-118.8,-1.64687579983074,0.4383015919063
1137,31.7,-118.8,-1.39901581544519,0.411414367002275
1138,32.7,-118.8,-1.27243853611668,0.371405579438872
1139,33.7,-118.8,-1.21605202233658,0.323611987574255
1140,34.7,-118.8,-1.17876433459623,0.273370349766587
1141,35.7,-118.8,-1.14220008564964,0.224227393760801
1142,36.7,-118.8,-1.16002186595043,0.173086700146031
1143,37.7,-118.8,-1.20284783934099,0.119046811810318
1144,38.7,-118.8,-1.22510880725648,0.0649334331810864
1145,39.7,-118.8,-1.19758087031947,0.0159448717571413
1146,40.7,-118.8,-1.09985442214162,-0.0137994254277272
1147,41.7,-118.8,-0.994120817443624,-0.0401373941589277
1148,42.7,-118.8,-0.942580578605687,-0.0820777152112789
1149,43.7,-118.8,-0.852882281600468,-0.134701624020158
1150,44.7,-118.8,-0.70045175747093,-0.191214037177767
1151,45.7,-118.8,-0.508691896827522,-0.249496010163765
1152,46.7,-118.8,-0.301005590280692,-0.307428598457814
1153,47.7,-118.8,-0.100795728440891,-0.362892857539574
1154,48.7,-118.8,0.0685347980814336,-0.413769842888705
1155,49.7,-118.8,0.183583098675831,-0.457940609984869
