,los,gender,type1,age75
1,53,0,1,0
2,30,0,1,0
3,28,0,1,1
4,22,0,1,0
5,25,0,1,0
6,9,1,1,0
7,8,1,0,0
8,7,1,1,0
9,7,1,1,0
10,7,1,1,0
11,6,1,1,0
12,5,1,1,0
13,5,1,0,0
14,5,1,1,0
15,4,1,0,0
16,4,1,0,0
17,4,1,1,0
18,4,1,1,0
19,4,1,0,0
20,4,1,1,0
21,4,1,1,0
22,3,1,1,0
23,3,1,0,0
24,3,1,0,0
25,3,1,0,0
26,3,1,0,0
27,3,1,1,0
28,3,1,1,0
29,3,1,0,0
30,3,1,1,0
31,3,1,0,0
32,3,1,0,0
33,11,1,1,0
34,2,1,0,0
35,2,1,0,0
36,2,1,0,0
37,2,1,1,0
38,2,1,1,0
39,2,1,0,0
40,2,1,0,0
41,2,1,0,0
42,2,1,0,0
43,2,1,1,0
44,2,1,1,0
45,2,1,0,0
46,2,1,1,0
47,2,1,0,0
48,2,1,0,0
49,2,1,1,0
50,2,1,1,0
51,2,1,0,0
52,2,1,0,0
53,13,0,0,0
54,1,1,0,0
55,1,1,1,0
56,1,1,0,0
57,1,1,1,0
58,1,1,0,0
59,16,1,0,0
60,12,0,1,0
61,7,1,1,0
62,6,1,1,0
63,5,1,0,0
64,5,1,1,0
65,4,1,1,0
66,4,1,0,0
67,4,1,1,0
68,4,1,1,0
69,4,1,1,0
70,3,1,0,0
71,3,1,0,0
72,3,1,1,0
73,3,1,0,0
74,3,1,1,0
75,3,1,1,0
76,3,1,0,0
77,3,1,0,0
78,3,1,1,0
79,3,1,0,0
80,3,1,0,0
81,3,1,1,0
82,3,1,0,0
83,2,1,0,0
84,2,1,0,0
85,2,1,0,0
86,2,1,0,0
87,2,1,1,0
88,2,1,1,0
89,2,1,0,0
90,2,1,0,0
91,2,1,1,0
92,2,1,1,0
93,2,1,1,0
94,2,1,1,0
95,2,1,0,0
96,2,1,0,0
97,2,1,0,0
98,2,1,0,0
99,2,1,0,0
100,2,1,0,0
101,1,1,0,0
102,1,1,1,0
103,1,1,0,0
104,1,1,0,0
105,1,1,1,0
106,1,1,1,0
107,1,1,0,0
108,1,1,0,0
109,25,1,1,0
110,7,1,1,0
111,7,1,1,0
112,7,1,0,0
113,6,1,0,0
114,5,1,0,0
115,5,1,0,0
116,5,1,1,0
117,5,1,1,0
118,13,1,1,0
119,4,1,0,0
120,4,1,0,0
121,4,1,1,0
122,4,1,0,0
123,4,1,0,0
124,4,1,0,0
125,4,1,1,0
126,4,1,1,0
127,4,1,0,0
128,4,1,0,0
129,11,0,1,0
130,3,1,1,0
131,3,1,0,0
132,3,1,0,0
133,3,1,1,0
134,3,1,1,0
135,3,1,1,0
136,3,1,0,0
137,3,1,0,0
138,2,1,1,0
139,2,1,1,0
140,2,1,1,0
141,2,1,0,0
142,2,1,0,0
143,2,1,0,0
144,2,1,1,0
145,2,1,0,0
146,2,1,1,0
147,2,1,0,0
148,2,1,1,0
149,2,1,0,0
150,2,1,0,0
151,2,1,0,0
152,2,1,0,0
153,2,1,1,0
154,2,1,0,0
155,2,1,1,0
156,2,1,0,0
157,2,1,0,0
158,2,1,0,0
159,2,1,0,0
160,10,1,0,0
161,1,1,0,0
162,1,1,0,0
163,1,1,1,0
164,1,1,0,0
165,1,1,0,0
166,1,1,1,0
167,19,0,0,0
168,17,1,1,0
169,8,1,1,0
170,8,1,0,0
171,7,1,0,0
172,6,1,1,0
173,6,1,1,0
174,6,1,1,0
175,5,1,1,0
176,5,1,1,0
177,5,1,1,0
178,4,1,0,0
179,4,1,0,0
180,4,1,0,0
181,4,1,1,0
182,4,1,1,0
183,4,1,0,0
184,3,1,0,0
185,3,1,0,0
186,3,1,0,0
187,3,1,0,0
188,3,1,1,0
189,3,1,0,0
190,3,1,0,0
191,3,1,0,0
192,3,1,1,0
193,3,1,0,0
194,3,1,0,0
195,2,1,0,0
196,2,1,0,0
197,2,1,1,0
198,2,1,0,0
199,2,1,0,0
200,2,1,0,0
201,2,1,0,0
202,2,1,0,0
203,2,1,0,0
204,2,1,0,0
205,2,1,0,0
206,2,1,1,0
207,2,1,1,0
208,2,1,0,0
209,2,1,0,0
210,2,1,0,0
211,2,1,0,0
212,10,1,1,0
213,10,1,1,0
214,1,1,0,0
215,1,1,0,0
216,1,1,1,0
217,1,1,0,0
218,9,1,1,0
219,9,1,1,0
220,9,1,0,0
221,8,1,1,0
222,8,1,1,0
223,7,1,1,0
224,7,1,1,0
225,6,1,1,0
226,6,1,1,0
227,6,1,0,0
228,9,0,0,0
229,9,0,0,0
230,14,1,1,0
231,5,1,0,0
232,5,1,1,0
233,5,1,0,0
234,5,1,1,0
235,5,1,1,0
236,5,1,0,0
237,5,1,1,0
238,5,1,0,0
239,13,1,0,0
240,19,0,1,1
241,4,1,1,0
242,4,1,1,0
243,4,1,0,0
244,4,1,0,0
245,4,1,0,0
246,4,1,1,0
247,4,1,1,0
248,21,1,0,0
249,3,1,1,0
250,3,1,1,0
251,3,1,1,0
252,3,1,1,0
253,3,1,0,0
254,3,1,0,0
255,3,1,1,0
256,3,1,0,0
257,3,1,0,0
258,3,1,1,0
259,3,1,1,0
260,11,1,1,0
261,2,1,0,0
262,2,1,0,0
263,2,1,1,0
264,2,1,0,0
265,2,1,1,0
266,2,1,1,0
267,2,1,0,0
268,2,1,0,0
269,2,1,0,0
270,2,1,1,0
271,2,1,1,0
272,2,1,0,0
273,2,1,0,0
274,2,1,0,0
275,2,1,0,0
276,2,1,1,0
277,2,1,1,0
278,1,1,1,0
279,1,1,1,0
280,1,1,0,0
281,1,1,0,0
282,1,1,0,0
283,1,1,0,0
284,1,1,0,0
285,15,0,1,0
286,8,1,0,0
287,8,1,1,0
288,12,0,1,0
289,12,0,1,0
290,7,1,1,0
291,17,0,1,1
292,6,1,1,0
293,6,1,1,0
294,6,1,0,0
295,6,1,0,0
296,5,1,1,0
297,5,1,0,0
298,4,1,1,0
299,4,1,1,0
300,4,1,1,0
301,4,1,1,0
302,4,1,1,0
303,4,1,1,0
304,4,1,0,0
305,4,1,0,0
306,4,1,1,0
307,3,1,0,0
308,3,1,0,0
309,3,1,1,0
310,3,1,0,0
311,3,1,0,0
312,3,1,0,0
313,3,1,1,0
314,3,1,0,0
315,3,1,0,0
316,3,1,1,0
317,3,1,0,0
318,11,1,1,0
319,2,1,0,0
320,2,1,0,0
321,2,1,0,0
322,2,1,0,0
323,2,1,0,0
324,2,1,0,0
325,2,1,1,0
326,2,1,1,0
327,2,1,0,0
328,2,1,1,0
329,2,1,1,0
330,2,1,1,0
331,2,1,1,0
332,2,1,1,0
333,2,1,0,0
334,2,1,0,0
335,2,1,0,0
336,2,1,1,0
337,2,1,0,0
338,2,1,1,0
339,2,1,1,0
340,2,1,0,0
341,10,1,1,0
342,1,1,0,0
343,1,1,1,0
344,1,1,0,0
345,1,1,0,0
346,1,1,0,0
347,1,1,0,0
348,1,1,0,0
349,1,1,0,0
350,1,1,0,0
351,1,1,0,0
352,10,0,0,0
353,9,1,1,0
354,9,1,0,0
355,8,1,0,0
356,7,1,1,0
357,6,1,1,0
358,5,1,0,0
359,5,1,1,0
360,4,1,1,0
361,4,1,1,0
362,4,1,0,0
363,4,1,0,0
364,4,1,0,0
365,3,1,1,0
366,3,1,0,0
367,3,1,1,0
368,3,1,0,0
369,3,1,1,0
370,3,1,0,0
371,3,1,1,0
372,3,1,1,0
373,3,1,1,0
374,8,0,1,0
375,2,1,0,0
376,2,1,1,0
377,2,1,1,0
378,2,1,0,0
379,2,1,0,0
380,2,1,1,0
381,2,1,0,0
382,2,1,1,0
383,2,1,0,0
384,2,1,0,0
385,2,1,1,0
386,2,1,0,0
387,2,1,0,0
388,2,1,0,0
389,10,1,0,0
390,10,1,0,0
391,1,1,1,0
392,1,1,0,0
393,1,1,0,0
394,1,1,0,0
395,1,1,0,0
396,1,1,1,0
397,1,1,0,0
398,1,1,1,0
399,1,1,0,0
400,1,1,0,0
401,1,1,0,0
402,1,1,0,0
403,1,1,0,0
404,1,1,0,0
405,1,1,0,0
406,1,1,1,0
407,8,1,1,0
408,8,1,1,0
409,7,0,1,0
410,16,0,1,0
411,6,1,0,0
412,6,1,1,0
413,6,1,1,0
414,6,1,1,0
415,9,0,0,0
416,9,0,0,0
417,19,1,1,0
418,5,1,1,0
419,14,0,1,0
420,4,1,0,0
421,4,1,1,0
422,4,1,1,0
423,4,1,1,0
424,4,1,0,0
425,3,1,0,0
426,3,1,0,0
427,3,1,0,0
428,3,1,1,0
429,3,1,0,0
430,11,1,1,0
431,2,1,0,0
432,2,1,0,0
433,2,1,0,0
434,2,1,1,0
435,2,1,0,0
436,2,1,0,0
437,2,1,1,0
438,2,1,0,0
439,2,1,1,0
440,2,1,0,0
441,2,1,0,0
442,2,1,1,0
443,2,1,0,0
444,2,1,1,0
445,2,1,1,0
446,2,1,0,0
447,2,1,1,0
448,10,1,1,0
449,1,1,0,0
450,1,1,0,0
451,1,1,1,0
452,1,1,0,0
453,1,1,0,0
454,10,0,1,0
455,5,1,1,0
456,5,1,1,0
457,13,1,1,0
458,4,1,0,0
459,4,1,1,0
460,4,1,1,0
461,3,1,1,0
462,3,1,1,0
463,3,1,1,0
464,7,1,1,0
465,11,1,1,0
466,6,1,1,0
467,6,1,0,0
468,6,1,1,0
469,9,0,0,0
470,14,1,1,0
471,5,1,0,0
472,5,1,1,0
473,5,1,1,0
474,6,0,1,0
475,6,0,1,0
476,6,0,1,0
477,9,1,1,0
478,4,1,1,0
479,11,0,0,0
480,15,0,1,0
481,8,1,1,0
482,8,1,1,0
483,3,1,0,0
484,3,1,0,0
485,3,1,1,0
486,3,1,0,0
487,3,1,0,0
488,8,0,1,0
489,8,0,1,0
490,7,1,1,0
491,7,1,1,0
492,2,1,0,0
493,2,1,0,0
494,2,1,0,0
495,2,1,0,0
496,2,1,1,0
497,2,1,0,0
498,2,1,1,0
499,2,1,1,0
500,2,1,1,0
501,2,1,1,0
502,2,1,1,0
503,2,1,1,0
504,2,1,0,0
505,2,1,0,0
506,1,1,0,0
507,1,1,0,0
508,1,1,1,0
509,1,1,1,0
510,1,1,0,0
511,1,1,0,0
512,10,0,1,0
513,10,0,1,0
514,10,0,1,0
515,9,1,0,0
516,4,1,1,0
517,8,1,1,0
518,7,0,0,0
519,3,1,1,0
520,3,1,0,0
521,3,1,1,0
522,7,1,1,0
523,2,1,1,0
524,2,1,1,0
525,2,1,1,0
526,6,1,1,0
527,6,1,0,0
528,6,1,1,0
529,6,1,0,0
530,6,1,1,0
531,6,1,1,0
532,5,1,0,0
533,5,1,1,0
534,5,1,1,0
535,5,1,1,0
536,5,1,1,0
537,5,1,1,0
538,9,1,1,0
539,9,1,1,0
540,4,1,1,0
541,4,1,0,0
542,4,1,0,0
543,4,1,0,0
544,4,1,1,0
545,4,1,0,0
546,11,0,0,0
547,8,1,1,0
548,3,1,1,0
549,3,1,1,0
550,3,1,0,0
551,3,1,0,0
552,3,1,1,0
553,3,1,0,0
554,3,1,1,0
555,3,1,0,0
556,3,1,0,0
557,3,1,1,0
558,3,1,1,0
559,8,0,1,0
560,7,1,1,0
561,2,1,1,0
562,2,1,0,0
563,2,1,1,0
564,2,1,0,0
565,2,1,1,0
566,2,1,0,0
567,2,1,0,0
568,2,1,1,0
569,2,1,1,0
570,2,1,0,0
571,2,1,1,0
572,2,1,0,0
573,6,1,1,0
574,1,1,0,0
575,1,1,1,0
576,1,1,1,0
577,1,1,0,0
578,4,1,1,0
579,4,1,1,0
580,4,1,1,0
581,4,1,1,0
582,8,1,1,0
583,8,1,0,0
584,8,1,0,0
585,7,0,1,0
586,16,1,0,1
587,3,1,1,0
588,3,1,0,0
589,12,0,0,0
590,7,1,1,0
591,2,1,1,0
592,6,1,1,0
593,9,0,1,0
594,5,1,0,0
595,5,1,1,0
596,5,1,0,0
597,5,1,0,0
598,6,0,1,0
599,6,0,1,0
600,6,0,0,0
601,13,1,0,1
602,4,1,0,0
603,4,1,0,0
604,4,1,0,0
605,4,1,0,0
606,4,1,1,0
607,3,1,1,0
608,3,1,1,0
609,3,1,0,0
610,3,1,1,0
611,3,1,0,0
612,3,1,0,0
613,3,1,1,0
614,3,1,1,0
615,3,1,1,0
616,3,1,1,0
617,3,1,1,0
618,8,0,1,0
619,2,1,0,0
620,2,1,0,0
621,2,1,0,0
622,2,1,0,0
623,2,1,0,0
624,2,1,0,0
625,2,1,1,0
626,2,1,0,0
627,2,1,0,0
628,2,1,0,0
629,2,1,1,0
630,13,0,1,1
631,6,1,1,0
632,5,0,1,0
633,5,0,1,0
634,10,1,1,1
635,1,1,0,0
636,1,1,0,0
637,1,1,0,0
638,1,1,0,0
639,10,0,1,0
640,5,1,1,0
641,5,1,0,0
642,9,1,1,1
643,4,1,0,0
644,4,1,1,0
645,8,1,1,1
646,7,0,1,0
647,7,0,1,0
648,3,1,0,0
649,3,1,0,0
650,3,1,0,0
651,7,1,1,1
652,7,1,1,1
653,4,0,1,0
654,2,1,0,0
655,2,1,0,0
656,6,1,1,1
657,6,1,0,1
658,10,1,1,0
659,10,1,1,0
660,1,1,0,0
661,5,1,1,1
662,5,1,1,1
663,5,1,0,1
664,6,0,1,0
665,13,1,1,1
666,4,1,1,1
667,4,1,1,1
668,8,1,1,0
669,3,1,1,1
670,3,1,1,1
671,3,1,0,1
672,3,1,1,1
673,3,1,1,1
674,3,1,1,1
675,7,1,1,0
676,7,1,1,0
677,7,1,1,0
678,2,1,0,1
679,2,1,1,1
680,2,1,0,1
681,2,1,0,1
682,2,1,0,1
683,2,1,0,1
684,2,1,0,1
685,2,1,0,1
686,2,1,0,1
687,2,1,0,1
688,2,1,0,1
689,5,0,0,0
690,5,0,1,0
691,10,1,1,1
692,10,1,1,1
693,10,1,1,1
694,1,1,0,1
695,1,1,0,1
696,1,1,1,1
697,1,1,1,1
698,1,1,0,1
699,1,1,1,1
700,1,1,0,1
701,1,1,0,1
702,1,1,0,1
703,1,1,0,1
704,10,0,1,0
705,5,1,1,0
706,9,1,1,1
707,4,1,0,0
708,8,1,1,1
709,8,1,1,1
710,7,0,0,0
711,3,1,0,0
712,7,1,1,1
713,4,0,1,0
714,4,0,0,0
715,4,0,1,0
716,4,0,1,0
717,4,0,1,0
718,2,1,0,0
719,2,1,0,0
720,2,1,1,0
721,2,1,1,0
722,2,1,1,0
723,2,1,1,0
724,6,1,0,1
725,9,0,1,0
726,18,1,1,0
727,5,1,0,1
728,5,1,0,1
729,5,1,0,1
730,5,1,1,1
731,6,0,1,0
732,9,1,1,0
733,4,1,1,1
734,4,1,1,1
735,4,1,0,1
736,4,1,0,1
737,3,0,1,0
738,3,0,0,0
739,3,0,0,0
740,3,0,0,0
741,3,0,0,0
742,3,0,1,0
743,3,0,1,0
744,8,1,1,0
745,3,1,0,1
746,3,1,0,1
747,3,1,1,1
748,8,0,1,0
749,7,1,1,0
750,2,1,0,1
751,2,1,0,1
752,2,1,0,1
753,2,1,0,1
754,2,1,0,1
755,2,1,0,1
756,2,1,0,1
757,2,1,0,1
758,2,1,1,1
759,2,1,0,1
760,6,1,1,0
761,5,0,0,0
762,1,1,1,1
763,1,1,1,1
764,1,1,0,1
765,1,1,0,1
766,1,1,0,1
767,1,1,0,1
768,10,0,1,0
769,5,1,1,0
770,5,1,1,0
771,4,1,1,0
772,12,1,1,0
773,12,1,1,0
774,7,0,1,0
775,16,0,1,0
776,3,1,0,0
777,11,1,1,0
778,11,1,1,0
779,4,0,1,0
780,4,0,0,0
781,2,1,0,0
782,2,1,1,0
783,10,1,1,0
784,9,0,1,0
785,13,0,1,0
786,9,1,1,0
787,9,1,1,0
788,6,0,1,0
789,6,0,1,0
790,9,1,1,0
791,8,1,1,0
792,4,1,0,1
793,4,1,1,1
794,3,0,0,0
795,3,0,0,0
796,3,0,0,0
797,3,0,1,0
798,3,0,0,0
799,3,0,1,0
800,8,1,0,0
801,7,1,1,0
802,7,1,1,0
803,3,1,0,1
804,3,1,0,1
805,3,1,1,1
806,3,1,0,1
807,3,1,0,1
808,7,1,1,0
809,15,1,1,0
810,6,1,1,0
811,6,1,1,0
812,6,1,1,0
813,6,1,1,0
814,6,1,1,0
815,2,1,0,1
816,2,1,0,1
817,2,1,0,1
818,2,1,0,1
819,2,1,0,1
820,2,1,0,1
821,2,1,1,1
822,6,1,1,0
823,9,0,1,0
824,10,1,1,1
825,5,1,1,0
826,5,1,1,0
827,5,1,1,0
828,1,1,1,1
829,1,1,0,1
830,1,1,1,1
831,1,1,1,1
832,2,0,0,0
833,2,0,1,0
834,2,0,1,0
835,2,0,0,0
836,2,0,1,0
837,2,0,0,0
838,2,0,1,0
839,2,0,0,0
840,2,0,0,0
841,4,1,1,0
842,4,1,1,0
843,4,1,1,0
844,11,0,1,0
845,3,1,1,0
846,3,1,1,0
847,7,1,1,1
848,7,1,1,1
849,4,0,0,0
850,4,0,1,0
851,4,0,1,0
852,4,0,1,0
853,8,0,1,0
854,24,1,1,1
855,11,1,1,0
856,19,1,1,0
857,2,1,0,0
858,2,1,1,0
859,6,1,0,1
860,6,1,1,1
861,1,1,1,0
862,5,1,1,1
863,5,1,1,1
864,5,1,0,1
865,5,1,1,1
866,5,1,1,1
867,6,0,1,0
868,10,0,1,0
869,9,1,1,0
870,15,0,1,0
871,15,0,1,0
872,4,1,1,1
873,4,1,1,1
874,4,1,0,1
875,4,1,0,1
876,4,1,0,1
877,3,0,0,0
878,3,0,0,0
879,3,0,1,0
880,3,0,1,0
881,3,0,1,0
882,3,0,0,0
883,7,0,1,0
884,3,1,0,1
885,3,1,0,1
886,3,1,0,1
887,3,1,0,1
888,3,1,1,1
889,8,0,1,0
890,8,0,1,0
891,12,0,1,0
892,6,1,1,0
893,2,1,0,1
894,2,1,0,1
895,2,1,0,1
896,2,1,0,1
897,2,1,1,1
898,5,0,1,0
899,5,0,1,0
900,5,0,1,0
901,5,0,1,0
902,5,0,1,0
903,9,0,1,0
904,10,1,1,1
905,10,1,1,1
906,5,1,1,0
907,5,1,1,0
908,5,1,1,0
909,1,1,0,1
910,1,1,0,1
911,5,1,0,0
912,9,1,1,1
913,2,0,0,0
914,2,0,0,0
915,2,0,0,0
916,2,0,0,0
917,2,0,1,0
918,2,0,0,0
919,2,0,0,0
920,2,0,0,0
921,2,0,0,0
922,2,0,0,0
923,4,1,1,0
924,4,1,1,0
925,4,1,1,0
926,4,1,1,0
927,4,1,1,0
928,8,1,1,1
929,7,0,1,0
930,3,1,1,0
931,3,1,0,0
932,3,1,1,0
933,3,1,1,0
934,7,1,0,1
935,2,1,1,0
936,4,0,0,0
937,4,0,0,0
938,8,0,1,0
939,2,1,1,0
940,2,1,1,0
941,6,1,0,1
942,1,0,0,0
943,1,1,1,0
944,9,1,1,0
945,9,1,1,0
946,5,1,1,1
947,6,0,1,0
948,17,1,1,0
949,8,1,1,0
950,8,1,1,0
951,4,1,1,1
952,4,1,1,1
953,3,0,0,0
954,3,0,1,0
955,3,0,1,0
956,3,0,1,0
957,3,0,0,0
958,3,0,1,0
959,3,0,0,0
960,3,0,1,0
961,3,0,1,0
962,3,0,0,0
963,12,1,1,1
964,7,1,1,0
965,3,1,1,1
966,3,1,1,1
967,3,1,0,1
968,8,0,1,0
969,8,0,1,0
970,7,1,1,0
971,15,1,1,0
972,11,1,1,1
973,6,1,1,0
974,6,1,1,0
975,6,1,1,0
976,2,1,1,1
977,17,0,1,1
978,6,1,1,0
979,5,0,1,0
980,5,0,1,0
981,5,0,1,0
982,5,1,1,0
983,5,1,1,0
984,5,1,1,0
985,1,1,0,1
986,1,1,0,1
987,1,1,0,1
988,1,1,0,1
989,5,1,1,0
990,2,0,0,0
991,2,0,1,0
992,2,0,0,0
993,2,0,0,0
994,2,0,1,0
995,2,0,0,0
996,2,0,0,0
997,2,0,0,0
998,2,0,0,0
999,2,0,0,0
1000,4,1,1,0
1001,4,1,1,0
1002,4,1,1,0
1003,4,1,1,0
1004,6,0,1,0
1005,4,1,1,0
1006,8,1,1,1
1007,7,0,0,0
1008,3,1,1,0
1009,3,1,1,0
1010,3,1,1,0
1011,3,1,1,0
1012,3,1,1,0
1013,4,0,0,0
1014,4,0,1,0
1015,4,0,0,0
1016,4,0,0,0
1017,2,1,0,0
1018,10,1,1,0
1019,6,1,1,1
1020,13,0,1,0
1021,1,0,1,0
1022,1,0,0,0
1023,5,1,1,1
1024,6,0,1,0
1025,8,1,1,0
1026,8,1,1,0
1027,8,1,1,0
1028,4,1,0,1
1029,4,1,1,1
1030,3,0,0,0
1031,3,0,0,0
1032,3,0,0,0
1033,3,0,1,0
1034,3,0,0,0
1035,3,0,1,0
1036,3,0,0,0
1037,3,0,1,0
1038,7,0,1,0
1039,12,0,1,0
1040,7,1,1,0
1041,3,1,1,1
1042,3,1,0,1
1043,7,1,1,0
1044,6,1,1,0
1045,6,1,1,0
1046,6,1,1,0
1047,2,1,0,1
1048,2,1,0,1
1049,2,1,1,1
1050,2,1,0,1
1051,2,1,0,1
1052,2,1,0,1
1053,2,1,0,1
1054,5,0,1,0
1055,14,1,1,0
1056,5,1,1,0
1057,5,1,1,0
1058,5,1,1,0
1059,5,1,1,0
1060,1,1,0,1
1061,2,0,0,0
1062,2,0,1,0
1063,2,0,0,0
1064,2,0,1,0
1065,2,0,0,0
1066,2,0,1,0
1067,2,0,1,0
1068,2,0,0,0
1069,4,1,1,0
1070,4,1,1,0
1071,6,0,1,0
1072,11,0,1,0
1073,4,1,1,0
1074,3,1,1,0
1075,3,1,1,0
1076,3,1,1,0
1077,11,1,1,0
1078,11,1,1,0
1079,7,1,1,1
1080,4,0,1,0
1081,4,0,1,0
1082,4,0,0,0
1083,2,1,1,0
1084,2,1,1,0
1085,10,1,1,0
1086,1,0,1,0
1087,1,0,0,0
1088,1,0,1,0
1089,10,0,1,0
1090,10,0,1,0
1091,1,1,1,0
1092,9,1,1,0
1093,5,1,1,1
1094,5,1,1,1
1095,5,1,1,1
1096,6,0,1,0
1097,6,0,1,0
1098,10,0,1,0
1099,15,0,1,0
1100,8,1,1,0
1101,4,1,1,1
1102,4,1,0,1
1103,4,1,1,1
1104,4,1,0,1
1105,3,0,1,0
1106,3,0,1,0
1107,3,0,1,0
1108,12,0,1,0
1109,7,1,1,0
1110,3,1,0,1
1111,3,1,0,1
1112,8,0,0,1
1113,7,1,1,0
1114,6,1,1,0
1115,6,1,1,0
1116,6,1,1,0
1117,2,1,0,1
1118,2,1,0,1
1119,9,0,1,0
1120,5,0,1,0
1121,10,1,1,1
1122,5,1,1,0
1123,5,1,1,0
1124,5,1,1,0
1125,1,1,0,1
1126,5,1,1,0
1127,2,0,0,0
1128,2,0,0,0
1129,2,0,0,0
1130,2,0,0,0
1131,2,0,1,0
1132,2,0,1,0
1133,4,1,1,0
1134,4,1,1,0
1135,4,1,1,0
1136,8,1,0,1
1137,8,1,1,1
1138,7,0,1,1
1139,7,0,1,1
1140,3,1,1,0
1141,3,1,1,0
1142,7,1,1,1
1143,2,1,1,0
1144,4,0,1,0
1145,4,0,0,0
1146,4,0,1,0
1147,4,0,1,0
1148,4,0,1,0
1149,2,1,1,0
1150,10,1,1,0
1151,1,0,0,0
1152,1,0,0,0
1153,1,0,0,0
1154,5,0,1,0
1155,5,0,1,0
1156,5,0,1,0
1157,1,1,1,0
1158,9,1,1,0
1159,9,1,1,0
1160,9,1,1,0
1161,6,0,1,0
1162,6,0,1,0
1163,6,0,1,0
1164,10,0,0,0
1165,15,0,1,0
1166,4,1,1,1
1167,4,1,0,1
1168,3,0,1,0
1169,3,0,0,0
1170,3,0,1,0
1171,3,0,0,0
1172,3,0,0,0
1173,7,1,1,0
1174,3,1,0,1
1175,7,1,1,1
1176,6,1,1,0
1177,6,1,1,0
1178,2,1,1,1
1179,2,1,0,1
1180,2,1,1,1
1181,2,1,0,1
1182,2,1,0,1
1183,6,1,1,1
1184,5,0,0,0
1185,5,1,1,0
1186,5,1,1,0
1187,14,0,1,0
1188,14,1,1,1
1189,2,0,1,0
1190,2,0,0,0
1191,2,0,0,0
1192,2,0,1,0
1193,2,0,0,0
1194,2,0,0,0
1195,2,0,0,0
1196,2,0,1,0
1197,4,1,0,0
1198,4,1,1,0
1199,12,1,1,0
1200,12,1,1,0
1201,7,0,1,1
1202,8,0,1,0
1203,3,1,1,1
1204,2,1,1,0
1205,2,1,1,0
1206,4,0,1,0
1207,4,0,0,0
1208,6,1,1,1
1209,9,0,1,1
1210,1,1,1,0
1211,1,1,1,0
1212,1,0,0,0
1213,1,0,1,0
1214,1,0,0,0
1215,1,0,1,0
1216,5,0,1,0
1217,5,0,0,0
1218,5,0,1,0
1219,10,1,1,1
1220,10,0,1,0
1221,9,1,1,0
1222,9,1,1,0
1223,6,0,0,1
1224,10,0,0,0
1225,9,1,1,1
1226,8,1,1,0
1227,8,1,1,0
1228,4,1,1,1
1229,3,0,0,0
1230,3,0,1,0
1231,3,0,0,0
1232,3,0,1,0
1233,7,0,1,0
1234,7,1,1,0
1235,7,1,1,0
1236,7,1,1,0
1237,7,1,1,0
1238,3,1,0,1
1239,8,0,1,1
1240,4,0,1,0
1241,4,0,1,0
1242,6,1,1,0
1243,6,1,1,0
1244,2,1,0,1
1245,2,1,1,1
1246,2,1,0,1
1247,9,0,1,0
1248,5,1,1,0
1249,14,0,1,0
1250,19,0,1,1
1251,2,0,0,0
1252,2,0,0,0
1253,2,0,1,0
1254,2,0,0,0
1255,2,0,0,0
1256,2,0,0,0
1257,2,0,0,0
1258,4,1,1,0
1259,4,1,1,0
1260,6,0,1,0
1261,4,1,0,1
1262,7,0,1,1
1263,7,0,1,1
1264,7,0,1,1
1265,11,0,1,1
1266,3,1,1,0
1267,3,1,1,0
1268,8,0,1,0
1269,3,1,1,1
1270,7,1,1,1
1271,2,1,1,0
1272,4,0,0,0
1273,8,0,1,0
1274,2,1,1,1
1275,10,1,1,0
1276,9,0,1,1
1277,1,0,1,0
1278,5,0,1,0
1279,10,0,1,0
1280,9,1,1,0
1281,5,1,1,1
1282,6,0,1,1
1283,15,0,1,1
1284,8,1,1,0
1285,8,1,1,0
1286,8,1,1,0
1287,8,1,1,0
1288,7,0,1,0
1289,11,0,1,1
1290,3,0,0,0
1291,3,0,1,0
1292,3,0,0,0
1293,3,0,1,0
1294,3,0,0,0
1295,3,0,0,0
1296,3,0,0,0
1297,3,0,0,0
1298,3,0,1,0
1299,3,0,1,0
1300,7,0,1,0
1301,7,1,1,0
1302,7,1,1,0
1303,7,1,1,0
1304,3,1,1,1
1305,3,1,1,1
1306,4,0,1,0
1307,6,1,1,1
1308,5,0,1,1
1309,5,1,1,0
1310,5,1,1,0
1311,5,1,1,0
1312,5,1,0,0
1313,5,1,1,0
1314,5,1,1,0
1315,1,1,1,1
1316,1,1,1,1
1317,5,1,1,1
1318,2,0,1,0
1319,2,0,1,0
1320,2,0,1,0
1321,2,0,0,0
1322,4,1,1,0
1323,11,0,1,0
1324,7,0,1,1
1325,11,1,1,0
1326,11,1,1,0
1327,12,0,1,1
1328,2,1,1,0
1329,4,0,1,0
1330,10,1,1,0
1331,18,0,1,1
1332,1,0,0,0
1333,1,0,1,0
1334,5,0,1,0
1335,5,0,1,0
1336,18,1,1,0
1337,6,0,1,1
1338,6,0,1,1
1339,2,0,1,0
1340,8,1,1,0
1341,8,1,1,0
1342,8,1,1,0
1343,8,1,1,0
1344,8,1,1,0
1345,7,0,1,0
1346,4,1,0,1
1347,3,0,1,0
1348,3,0,1,0
1349,3,0,0,0
1350,3,0,0,0
1351,3,0,0,0
1352,3,0,1,0
1353,3,0,1,0
1354,7,1,1,0
1355,7,1,1,1
1356,7,1,1,1
1357,6,1,1,0
1358,6,1,1,0
1359,6,1,1,0
1360,6,1,1,0
1361,2,1,0,1
1362,9,0,1,0
1363,9,0,1,0
1364,5,0,0,1
1365,5,0,1,1
1366,5,1,1,0
1367,5,1,1,0
1368,5,1,1,0
1369,5,1,1,0
1370,14,1,1,1
1371,5,1,1,1
1372,2,0,1,0
1373,2,0,0,0
1374,2,0,0,0
1375,2,0,0,0
1376,4,1,1,0
1377,4,1,1,0
1378,6,0,1,0
1379,4,1,1,1
1380,3,1,1,0
1381,3,1,1,0
1382,3,0,1,0
1383,8,0,1,0
1384,8,0,1,0
1385,8,0,1,0
1386,3,1,1,1
1387,3,1,1,1
1388,11,1,1,0
1389,2,1,1,1
1390,10,1,1,0
1391,19,1,1,1
1392,18,0,1,1
1393,1,0,0,0
1394,5,0,0,0
1395,5,0,1,0
1396,10,1,1,1
1397,9,1,1,0
1398,9,1,1,0
1399,6,0,1,1
1400,6,0,1,1
1401,6,0,1,1
1402,9,1,1,1
1403,15,0,1,1
1404,15,0,1,1
1405,2,0,0,0
1406,2,0,1,0
1407,7,0,1,0
1408,7,0,1,0
1409,7,0,1,0
1410,4,1,1,1
1411,3,0,1,0
1412,3,0,0,0
1413,3,0,1,0
1414,3,0,0,0
1415,12,0,1,0
1416,7,1,1,0
1417,6,1,1,0
1418,6,1,1,0
1419,6,1,1,1
1420,5,0,0,1
1421,14,0,1,1
1422,6,0,1,0
1423,13,1,1,0
1424,2,0,1,0
1425,2,0,1,0
1426,2,0,0,0
1427,2,0,0,0
1428,2,0,0,0
1429,2,0,1,0
1430,2,0,0,0
1431,2,0,0,0
1432,2,0,1,0
1433,2,0,1,0
1434,2,0,1,0
1435,11,0,1,0
1436,3,0,1,0
1437,8,0,1,0
1438,11,1,1,0
1439,11,1,1,0
1440,4,0,0,1
1441,4,0,1,1
1442,4,0,1,1
1443,11,1,1,1
1444,19,1,1,1
1445,5,0,1,0
1446,2,1,0,1
1447,6,1,1,1
1448,1,0,0,0
1449,1,0,0,0
1450,1,0,1,0
1451,1,0,0,0
1452,5,0,0,0
1453,10,1,1,1
1454,9,1,1,0
1455,6,0,0,1
1456,10,0,1,1
1457,7,0,1,0
1458,3,0,1,1
1459,3,0,0,1
1460,3,0,1,1
1461,3,0,0,1
1462,3,0,0,1
1463,12,0,1,0
1464,7,1,1,0
1465,7,1,1,0
1466,3,1,0,1
1467,3,1,1,1
1468,7,1,1,1
1469,6,1,1,0
1470,6,1,1,0
1471,2,1,1,1
1472,5,0,1,1
1473,5,0,0,1
1474,5,0,1,1
1475,5,1,1,0
1476,6,0,0,0
1477,6,0,1,0
1478,6,0,1,0
1479,2,0,1,0
1480,2,0,0,0
1481,2,0,0,0
1482,4,1,1,0
1483,4,1,1,0
1484,4,1,1,0
1485,6,0,0,0
1486,11,0,1,0
1487,21,1,1,1
1488,12,1,1,1
1489,7,0,1,1
1490,8,0,1,0
1491,11,1,1,1
1492,4,0,1,1
1493,4,0,1,1
1494,5,0,1,0
1495,5,0,1,0
1496,10,1,1,1
1497,1,0,1,0
1498,1,0,1,0
1499,1,0,0,0
1500,1,0,0,0
1501,10,0,1,0
1502,10,0,1,1
1503,7,0,1,0
1504,7,0,1,0
1505,3,0,1,1
1506,3,0,1,1
1507,7,1,1,1
1508,4,0,1,0
1509,4,0,1,0
1510,6,1,1,1
1511,6,1,1,1
1512,9,0,1,1
1513,5,1,1,1
1514,5,1,1,1
1515,5,1,1,1
1516,2,0,0,1
1517,2,0,0,1
1518,2,0,1,1
1519,2,0,0,1
1520,2,0,1,1
1521,4,1,1,1
1522,4,1,1,1
1523,6,0,1,0
1524,6,0,1,0
1525,6,0,0,0
1526,3,0,1,0
1527,3,0,1,0
1528,8,0,1,0
1529,2,1,1,1
1530,2,1,1,1
1531,4,0,0,1
1532,5,0,1,0
1533,10,1,1,1
1534,1,0,0,0
1535,1,0,0,0
1536,1,0,1,0
1537,10,0,1,0
1538,6,0,1,1
1539,10,0,1,1
1540,2,0,0,0
1541,8,1,1,1
1542,7,0,1,0
1543,3,0,1,1
1544,7,1,1,1
1545,4,0,1,0
1546,6,1,1,1
1547,9,0,1,0
1548,9,0,1,0
1549,5,0,1,1
1550,6,0,1,0
1551,19,0,1,1
1552,2,0,1,1
1553,2,0,0,1
1554,2,0,1,1
1555,2,0,1,1
1556,2,0,0,1
1557,4,1,1,1
1558,4,1,1,1
1559,11,0,1,1
1560,3,1,1,1
1561,3,0,1,0
1562,8,0,1,0
1563,11,1,1,1
1564,4,0,1,1
1565,4,0,0,1
1566,4,0,0,1
1567,13,0,1,1
1568,10,1,1,1
1569,1,0,1,1
1570,5,0,1,0
1571,5,0,1,0
1572,9,1,1,1
1573,2,0,0,0
1574,7,0,1,0
1575,7,0,1,0
1576,3,0,0,1
1577,3,0,1,1
1578,7,1,1,1
1579,7,1,1,1
1580,4,0,1,0
1581,9,0,1,0
1582,5,0,1,1
1583,5,1,1,1
1584,5,1,1,1
1585,6,0,1,0
1586,2,0,0,1
1587,2,0,0,1
1588,2,0,0,1
1589,2,0,1,1
1590,4,1,1,1
1591,4,1,1,1
1592,4,1,1,1
1593,4,1,1,1
1594,11,0,1,1
1595,3,0,1,0
1596,4,1,0,1
1597,11,0,1,1
1598,3,1,1,1
1599,3,0,1,0
1600,4,0,1,1
1601,1,0,0,1
1602,1,0,1,1
1603,10,0,1,1
1604,2,0,0,0
1605,2,0,0,0
1606,8,1,1,1
1607,8,1,1,1
1608,3,0,0,1
1609,3,0,0,1
1610,7,0,1,1
1611,4,0,1,0
1612,4,0,1,0
1613,6,1,1,1
1614,5,0,1,1
1615,6,0,1,0
1616,13,1,1,1
1617,2,0,0,1
1618,2,0,1,1
1619,2,0,0,1
1620,3,0,1,0
1621,12,1,1,1
1622,8,0,1,0
1623,11,1,1,1
1624,10,0,1,1
1625,10,0,1,1
1626,9,1,1,1
1627,2,0,1,0
1628,2,0,1,0
1629,6,0,1,1
1630,2,0,0,0
1631,2,0,1,0
1632,2,0,0,0
1633,2,0,0,0
1634,8,1,1,1
1635,8,1,1,1
1636,8,1,1,1
1637,7,0,1,0
1638,7,0,1,0
1639,7,0,1,0
1640,3,0,1,1
1641,7,1,1,1
1642,4,0,1,0
1643,6,1,1,1
1644,9,0,1,1
1645,9,0,1,1
1646,5,1,1,1
1647,1,0,0,0
1648,5,1,1,1
1649,2,0,1,1
1650,2,0,0,1
1651,2,0,0,1
1652,6,0,1,1
1653,3,0,1,0
1654,7,0,0,1
1655,7,0,1,1
1656,3,1,1,1
1657,8,0,1,0
1658,2,1,1,1
1659,13,0,1,1
1660,5,0,1,0
1661,5,0,1,0
1662,10,1,1,1
1663,1,0,1,1
1664,1,0,0,1
1665,5,0,1,1
1666,9,1,1,1
1667,2,0,1,0
1668,2,0,1,0
1669,2,0,1,0
1670,8,1,1,1
1671,7,0,1,0
1672,7,0,1,0
1673,7,0,1,0
1674,3,0,0,1
1675,12,0,1,1
1676,4,0,1,0
1677,4,0,1,0
1678,4,0,1,1
1679,4,0,1,1
1680,4,0,1,1
1681,4,0,1,1
1682,14,1,1,1
1683,6,0,1,0
1684,22,1,1,1
1685,4,1,1,1
1686,4,1,1,1
1687,3,0,1,0
1688,3,1,1,1
1689,4,0,1,1
1690,5,0,1,0
1691,5,0,1,0
1692,5,0,1,0
1693,5,0,1,0
1694,10,1,1,1
1695,8,1,1,1
1696,7,0,1,0
1697,3,0,0,1
1698,7,1,1,1
1699,4,0,0,0
1700,17,0,1,1
1701,4,0,0,1
1702,6,1,1,1
1703,5,0,0,1
1704,9,0,1,1
1705,5,1,1,1
1706,6,0,1,0
1707,2,0,0,1
1708,2,0,0,1
1709,4,1,1,1
1710,3,0,0,1
1711,3,0,0,1
1712,3,0,1,1
1713,11,1,1,1
1714,4,0,0,1
1715,5,0,1,0
1716,10,1,1,1
1717,2,0,1,0
1718,2,0,0,0
1719,7,0,1,1
1720,7,0,1,1
1721,3,0,0,1
1722,3,0,0,1
1723,7,1,1,1
1724,4,0,1,0
1725,4,0,1,0
1726,4,0,1,0
1727,6,1,1,1
1728,6,1,1,1
1729,5,1,1,1
1730,5,1,1,1
1731,6,0,1,0
1732,6,0,1,0
1733,6,0,1,0
1734,8,0,1,1
1735,5,0,0,0
1736,2,0,0,1
1737,4,0,1,1
1738,6,0,1,1
1739,6,0,1,1
1740,3,0,0,1
1741,2,1,1,1
1742,10,0,1,1
1743,7,0,1,1
1744,7,0,1,1
1745,4,0,1,0
1746,4,0,1,0
1747,6,0,1,1
1748,6,0,1,1
1749,6,0,1,1
1750,8,0,1,1
1751,10,1,1,1
1752,9,1,1,1
1753,2,0,0,1
1754,7,0,1,1
1755,4,0,1,0
1756,6,1,1,1
1757,6,0,1,1
1758,2,0,1,1
1759,4,1,1,1
1760,8,0,1,1
1761,8,0,1,1
1762,8,0,1,1
1763,5,0,1,1
1764,5,0,1,1
1765,10,0,1,1
1766,7,0,1,1
1767,4,0,1,1
1768,6,0,1,1
1769,3,0,1,0
1770,8,0,1,1
1771,5,0,1,1
1772,7,0,1,1
1773,6,0,1,1
1774,11,0,1,1
1775,2,0,1,1
1776,6,0,1,1
1777,6,0,1,1
1778,4,1,1,1
1779,7,0,1,1
1780,4,0,0,1
1781,6,0,1,1
1782,8,0,1,1
1783,5,0,1,1
1784,2,0,1,1
1785,6,0,1,1
1786,3,0,1,1
1787,3,0,1,1
1788,9,0,1,1
1789,6,0,1,1
1790,3,0,1,1
1791,5,0,1,1
1792,2,0,1,1
1793,4,0,1,1
1794,4,0,1,1
1795,5,0,1,1
1796,6,0,1,1
1797,4,0,1,1
1798,3,0,1,1
