,time,deaths
1,1974.0,3035
2,1974.08333333333,2552
3,1974.16666666667,2704
4,1974.25,2554
5,1974.33333333333,2014
6,1974.41666666667,1655
7,1974.5,1721
8,1974.58333333333,1524
9,1974.66666666667,1596
10,1974.75,2074
11,1974.83333333333,2199
12,1974.91666666667,2512
13,1975.0,2933
14,1975.08333333333,2889
15,1975.16666666667,2938
16,1975.25,2497
17,1975.33333333333,1870
18,1975.41666666667,1726
19,1975.5,1607
20,1975.58333333333,1545
21,1975.66666666667,1396
22,1975.75,1787
23,1975.83333333333,2076
24,1975.91666666667,2837
25,1976.0,2787
26,1976.08333333333,3891
27,1976.16666666667,3179
28,1976.25,2011
29,1976.33333333333,1636
30,1976.41666666667,1580
31,1976.5,1489
32,1976.58333333333,1300
33,1976.66666666667,1356
34,1976.75,1653
35,1976.83333333333,2013
36,1976.91666666667,2823
37,1977.0,3102
38,1977.08333333333,2294
39,1977.16666666667,2385
40,1977.25,2444
41,1977.33333333333,1748
42,1977.41666666667,1554
43,1977.5,1498
44,1977.58333333333,1361
45,1977.66666666667,1346
46,1977.75,1564
47,1977.83333333333,1640
48,1977.91666666667,2293
49,1978.0,2815
50,1978.08333333333,3137
51,1978.16666666667,2679
52,1978.25,1969
53,1978.33333333333,1870
54,1978.41666666667,1633
55,1978.5,1529
56,1978.58333333333,1366
57,1978.66666666667,1357
58,1978.75,1570
59,1978.83333333333,1535
60,1978.91666666667,2491
61,1979.0,3084
62,1979.08333333333,2605
63,1979.16666666667,2573
64,1979.25,2143
65,1979.33333333333,1693
66,1979.41666666667,1504
67,1979.5,1461
68,1979.58333333333,1354
69,1979.66666666667,1333
70,1979.75,1492
71,1979.83333333333,1781
72,1979.91666666667,1915
