,volt,time,cens
1,5,7131.0,1
2,5,8482.0,1
3,5,8559.0,1
4,5,8762.0,1
5,5,9026.0,1
6,5,9034.0,1
7,5,9104.0,1
8,5,9104.25,0
9,5,9104.25,0
10,5,9104.25,0
11,7,50.25,1
12,7,87.75,1
13,7,87.76,1
14,7,87.77,1
15,7,92.9,1
16,7,92.91,1
17,7,95.96,1
18,7,108.3,1
19,7,108.3,1
20,7,117.9,1
21,7,123.9,1
22,7,124.3,1
23,7,129.7,1
24,7,135.6,1
25,7,135.6,1
26,10,15.17,1
27,10,19.87,1
28,10,20.18,1
29,10,21.5,1
30,10,21.88,1
31,10,22.23,1
32,10,23.02,1
33,10,23.9,1
34,10,28.17,1
35,10,29.7,1
36,15,2.4,1
37,15,2.42,1
38,15,3.17,1
39,15,3.75,1
40,15,4.65,1
41,15,4.95,1
42,15,6.23,1
43,15,6.68,1
44,15,7.3,1
