,height,voice.part
1,64,4
2,62,4
3,66,4
4,65,4
5,60,4
6,61,4
7,65,4
8,66,4
9,65,4
10,63,4
11,67,4
12,65,4
13,62,4
14,65,4
15,68,4
16,65,4
17,63,4
18,65,4
19,62,4
20,65,4
21,66,4
22,62,4
23,65,4
24,63,4
25,65,4
26,66,4
27,65,4
28,62,4
29,65,4
30,66,4
31,65,4
32,61,4
33,65,4
34,66,4
35,65,4
36,62,4
37,63,5
38,67,5
39,60,5
40,67,5
41,66,5
42,62,5
43,65,5
44,62,5
45,61,5
46,62,5
47,66,5
48,60,5
49,65,5
50,65,5
51,61,5
52,64,5
53,68,5
54,64,5
55,63,5
56,62,5
57,64,5
58,62,5
59,64,5
60,65,5
61,60,5
62,65,5
63,70,5
64,63,5
65,67,5
66,66,5
67,65,0
68,62,0
69,68,0
70,67,0
71,67,0
72,63,0
73,67,0
74,66,0
75,63,0
76,72,0
77,62,0
78,61,0
79,66,0
80,64,0
81,60,0
82,61,0
83,66,0
84,66,0
85,66,0
86,62,0
87,70,0
88,65,0
89,64,0
90,63,0
91,65,0
92,69,0
93,61,0
94,66,0
95,65,0
96,61,0
97,63,0
98,64,0
99,67,0
100,66,0
101,68,0
102,70,1
103,65,1
104,65,1
105,65,1
106,64,1
107,66,1
108,64,1
109,70,1
110,63,1
111,70,1
112,64,1
113,63,1
114,67,1
115,65,1
116,63,1
117,66,1
118,66,1
119,64,1
120,64,1
121,70,1
122,70,1
123,66,1
124,66,1
125,66,1
126,69,1
127,67,1
128,65,1
129,69,6
130,72,6
131,71,6
132,66,6
133,76,6
134,74,6
135,71,6
136,66,6
137,68,6
138,67,6
139,70,6
140,65,6
141,72,6
142,70,6
143,68,6
144,64,6
145,73,6
146,66,6
147,68,6
148,67,6
149,64,6
150,68,7
151,73,7
152,69,7
153,71,7
154,69,7
155,76,7
156,71,7
157,69,7
158,71,7
159,66,7
160,69,7
161,71,7
162,71,7
163,71,7
164,69,7
165,70,7
166,69,7
167,68,7
168,70,7
169,68,7
170,69,7
171,72,2
172,70,2
173,72,2
174,69,2
175,73,2
176,71,2
177,72,2
178,68,2
179,68,2
180,71,2
181,66,2
182,68,2
183,71,2
184,73,2
185,73,2
186,70,2
187,68,2
188,70,2
189,75,2
190,68,2
191,71,2
192,70,2
193,74,2
194,70,2
195,75,2
196,75,2
197,69,2
198,72,2
199,71,2
200,70,2
201,71,2
202,68,2
203,70,2
204,75,2
205,72,2
206,66,2
207,72,2
208,70,2
209,69,2
210,72,3
211,75,3
212,67,3
213,75,3
214,74,3
215,72,3
216,72,3
217,74,3
218,72,3
219,72,3
220,74,3
221,70,3
222,66,3
223,68,3
224,75,3
225,68,3
226,70,3
227,72,3
228,67,3
229,70,3
230,70,3
231,69,3
232,72,3
233,71,3
234,74,3
235,75,3
