,lat,long
1,-26.4,324.0
2,-32.2,163.7
3,-73.1,51.9
4,-80.2,140.5
5,-71.1,267.2
6,-58.7,32.0
7,-40.8,28.1
8,-14.9,266.3
9,-66.1,144.3
10,-1.8,256.2
11,-52.1,83.2
12,-77.3,182.1
13,-68.8,110.4
14,-68.4,142.2
15,-29.2,246.3
16,-78.5,222.6
17,-65.4,247.7
18,-49.0,65.6
19,-67.0,282.6
20,-56.7,56.2
21,-80.5,108.4
22,-77.7,266.0
23,-6.9,19.1
24,-59.4,281.7
25,-5.6,107.4
26,-62.6,105.3
27,-74.7,120.2
28,-65.3,286.6
29,-71.6,106.4
30,-23.3,96.5
31,-74.3,90.2
32,-81.0,170.9
33,-12.7,199.4
34,-75.4,118.6
35,-85.9,63.7
36,-84.8,74.9
37,-7.4,93.8
38,-29.8,72.8
39,-85.2,113.2
40,-53.1,51.5
41,-38.3,146.8
42,-72.7,103.1
43,-60.2,33.2
44,-63.4,154.8
45,-17.2,89.9
46,-81.6,295.6
47,-40.4,41.0
48,-53.6,59.1
49,-56.2,35.6
50,-75.1,70.7
