,subject,age,exercise,group
1,0,8.0,2.71,1
2,0,10.0,1.94,1
3,0,12.0,2.36,1
4,0,14.0,1.54,1
5,0,15.92,8.63,1
6,1,8.0,0.14,1
7,1,10.0,0.14,1
8,1,12.0,0.0,1
9,1,14.0,0.0,1
10,1,16.67,5.08,1
11,2,8.0,0.92,1
12,2,10.0,1.82,1
13,2,12.0,4.75,1
15,2,15.08,24.72,1
16,3,8.0,1.04,1
17,3,10.0,2.9,1
18,3,12.0,2.65,1
20,3,14.08,6.86,1
21,4,8.0,2.75,1
22,4,10.0,6.62,1
23,4,12.0,0.29,1
25,4,15.42,12.37,1
26,5,8.0,0.05,1
27,5,10.0,0.0,1
28,5,12.0,0.0,1
29,5,14.0,0.25,1
30,5,16.17,1.44,1
31,6,8.0,0.0,1
32,6,10.0,0.46,1
33,6,12.0,0.12,1
34,6,14.0,1.34,1
35,6,16.33,4.83,1
36,7,8.0,0.0,1
37,7,10.0,0.12,1
38,7,12.0,0.0,1
39,7,14.0,4.14,1
40,7,16.0,1.15,1
41,8,8.0,1.25,1
42,8,10.0,2.22,1
43,8,12.0,2.71,1
44,8,14.0,19.0,1
45,8,16.33,4.53,1
46,9,8.0,2.28,1
47,9,10.0,1.15,1
50,9,13.75,18.48,1
51,10,8.0,0.76,1
52,10,10.0,1.41,1
53,10,12.0,1.04,1
54,10,14.0,12.99,1
55,10,16.58,2.9,1
56,11,8.0,0.35,1
57,11,10.0,1.2,1
58,11,12.0,4.53,1
60,11,15.25,14.01,1
61,12,8.0,0.06,1
62,12,10.0,0.0,1
63,12,12.0,0.0,1
64,12,14.0,0.38,1
65,12,16.75,1.06,1
66,13,8.0,0.33,1
67,13,10.0,0.14,1
68,13,12.0,3.28,1
70,13,15.33,18.61,1
71,14,8.0,1.06,1
72,14,10.0,1.42,1
73,14,12.0,0.17,1
75,14,14.92,1.68,1
76,15,8.0,0.23,1
77,15,10.0,1.27,1
78,15,12.0,2.84,1
80,15,14.67,0.82,1
81,16,8.0,4.69,1
82,16,10.0,5.91,1
83,16,12.0,4.5,1
84,16,14.0,7.31,1
85,16,16.5,11.49,1
86,17,8.0,0.58,1
87,17,10.0,1.46,1
88,17,12.0,1.98,1
89,17,14.0,2.1,1
90,17,16.5,10.78,1
91,18,8.0,0.29,1
92,18,10.0,0.3,1
93,18,12.0,0.66,1
95,18,15.92,2.42,1
96,19,8.0,0.38,1
97,19,10.0,1.12,1
98,19,12.0,1.33,1
99,19,14.0,0.87,1
100,19,16.08,9.0,1
101,20,8.0,0.38,1
102,20,10.0,0.0,1
103,20,12.0,0.0,1
104,20,14.0,0.0,1
105,20,16.58,1.2,1
106,21,8.0,0.16,1
107,21,10.0,1.12,1
108,21,12.0,11.36,1
110,21,15.08,4.19,1
111,22,8.0,0.0,1
112,22,10.0,0.0,1
113,22,12.0,1.04,1
114,22,14.0,7.49,1
115,22,16.33,4.71,1
116,23,8.0,0.45,1
117,23,10.0,0.0,1
118,23,12.0,0.87,1
120,23,15.5,0.0,1
121,24,8.0,1.99,1
122,24,10.0,0.63,1
123,24,12.0,3.35,1
125,24,13.75,4.25,1
126,25,8.0,1.5,1
127,25,10.0,2.02,1
128,25,12.0,7.07,1
130,25,14.08,3.39,1
131,26,8.0,0.46,1
132,26,10.0,0.58,1
133,26,12.0,0.52,1
135,26,14.25,3.46,1
136,27,8.0,0.88,1
137,27,10.0,0.69,1
138,27,12.0,1.63,1
139,27,14.0,2.76,1
140,27,16.0,4.88,1
141,28,8.0,1.62,1
142,28,10.0,0.29,1
145,28,13.5,0.14,1
146,29,8.0,0.66,1
147,29,10.0,1.11,1
148,29,12.0,0.8,1
150,29,15.08,10.66,1
151,30,8.0,0.0,1
152,30,10.0,0.29,1
153,30,12.0,2.09,1
154,30,14.0,3.88,1
155,30,16.0,11.19,1
156,31,8.0,0.0,1
157,31,10.0,1.27,1
160,31,13.08,5.29,1
161,32,8.0,1.56,1
162,32,10.0,2.31,1
163,32,12.0,2.02,1
164,32,14.0,1.62,1
165,32,17.5,13.06,1
166,33,8.0,5.24,1
167,33,10.0,9.33,1
168,33,12.0,14.59,1
169,33,14.0,22.69,1
170,33,16.5,21.01,1
171,34,8.0,0.06,1
172,34,10.0,0.17,1
173,34,12.0,0.08,1
174,34,14.0,0.0,1
175,34,16.58,0.41,1
176,35,8.0,1.84,1
177,35,10.0,1.55,1
178,35,12.0,3.83,1
179,35,14.0,2.93,1
180,35,17.0,3.35,1
181,36,8.0,1.75,1
182,36,10.0,0.0,1
183,36,12.0,1.89,1
185,36,14.0,1.45,1
186,37,8.0,1.15,1
187,37,10.0,0.8,1
188,37,12.0,0.65,1
190,37,14.58,1.48,1
191,38,8.0,6.78,1
192,38,10.0,7.77,1
193,38,12.0,14.78,1
194,38,14.0,10.81,1
195,38,17.25,13.35,1
196,39,8.0,4.79,1
197,39,10.0,6.1,1
198,39,12.0,6.44,1
199,39,14.0,7.92,1
200,39,17.42,6.14,1
201,40,8.0,1.1,1
202,40,10.0,0.04,1
203,40,12.0,0.75,1
204,40,14.0,0.75,1
205,40,16.5,5.79,1
206,41,8.0,6.17,1
207,41,10.0,1.67,1
208,41,12.0,0.87,1
210,41,15.75,11.75,1
211,42,8.0,3.23,1
212,42,10.0,4.21,1
213,42,12.0,8.45,1
214,42,14.0,2.55,1
215,42,16.75,6.12,1
216,43,8.0,0.29,1
217,43,10.0,1.35,1
218,43,12.0,1.59,1
219,43,14.0,4.66,1
220,43,16.5,1.6,1
221,44,8.0,0.87,1
222,44,10.0,0.86,1
223,44,12.0,1.95,1
225,44,14.25,4.66,1
226,45,8.0,0.14,1
227,45,10.0,0.14,1
228,45,12.0,0.29,1
230,45,14.5,4.21,1
231,46,8.0,0.0,1
232,46,10.0,0.12,1
235,46,13.42,2.57,1
236,47,8.0,0.0,1
237,47,10.0,0.29,1
238,47,12.0,0.0,1
239,47,14.0,0.0,1
240,47,16.83,8.86,1
241,48,8.0,0.3,1
242,48,10.0,0.64,1
245,48,12.25,3.63,1
246,49,8.0,1.06,1
247,49,10.0,3.84,1
248,49,12.0,2.02,1
249,49,14.0,7.01,1
250,49,17.17,12.48,1
251,50,8.0,0.0,1
252,50,10.0,0.39,1
253,50,12.0,0.24,1
254,50,14.0,0.0,1
255,50,17.67,0.0,1
256,51,8.0,1.41,1
257,51,10.0,4.3,1
258,51,12.0,4.3,1
259,51,14.0,5.65,1
260,51,16.0,6.8,1
261,52,8.0,1.12,1
262,52,10.0,1.47,1
263,52,12.0,2.02,1
265,52,14.5,0.57,1
266,53,8.0,0.88,1
267,53,10.0,2.1,1
268,53,12.0,2.68,1
270,53,15.33,2.76,1
271,54,8.0,2.83,1
272,54,10.0,3.61,1
275,54,13.42,4.19,1
276,55,8.0,0.38,1
277,55,10.0,0.26,1
278,55,12.0,1.99,1
280,55,14.0,6.41,1
281,56,8.0,0.38,1
282,56,10.0,0.0,1
283,56,12.0,1.88,1
284,56,14.0,19.79,1
285,56,16.5,6.19,1
286,57,8.0,0.0,1
287,57,10.0,0.0,1
290,57,12.17,0.2,1
291,58,8.0,0.61,1
292,58,10.0,1.1,1
293,58,12.0,1.59,1
295,58,14.42,1.06,1
296,59,8.0,1.19,1
297,59,10.0,10.99,1
298,59,12.0,12.21,1
299,59,14.0,16.75,1
300,59,16.0,15.1,1
301,60,8.0,0.12,1
302,60,10.0,0.45,1
303,60,12.0,0.0,1
304,60,14.0,0.0,1
305,60,16.33,0.87,1
306,61,8.0,1.0,1
307,61,10.0,1.19,1
310,61,13.33,1.44,1
311,62,8.0,9.12,1
312,62,10.0,4.84,1
313,62,12.0,4.76,1
315,62,14.92,29.96,1
316,63,8.0,1.02,1
317,63,10.0,1.47,1
318,63,12.0,2.11,1
319,63,14.0,1.59,1
320,63,16.17,4.1,1
321,64,8.0,0.12,1
322,64,10.0,0.52,1
323,64,12.0,0.75,1
325,64,15.75,4.01,1
326,65,8.0,1.33,1
327,65,10.0,2.65,1
328,65,12.0,3.71,1
329,65,14.0,7.32,1
330,65,16.5,10.73,1
331,66,8.0,4.59,1
332,66,10.0,6.12,1
333,66,12.0,8.12,1
335,66,15.83,16.9,1
336,67,8.0,0.61,1
340,67,11.58,1.84,1
341,68,8.0,0.2,1
342,68,10.0,4.46,1
345,68,13.75,14.83,1
346,69,8.0,1.82,1
347,69,10.0,0.2,1
348,69,12.0,0.61,1
349,69,14.0,0.0,1
350,69,17.25,3.42,1
351,70,8.0,0.51,1
352,70,10.0,0.62,1
353,70,12.0,0.34,1
355,70,14.0,2.26,1
356,71,8.0,0.9,1
357,71,10.0,1.09,1
358,71,12.0,4.63,1
360,71,14.42,6.58,1
361,72,8.0,1.04,1
362,72,10.0,0.58,1
363,72,12.0,0.6,1
365,72,15.42,3.41,1
366,73,8.0,0.35,1
367,73,10.0,0.38,1
370,73,13.5,3.38,1
371,74,8.0,0.82,1
372,74,10.0,0.75,1
373,74,12.0,2.37,1
374,74,14.0,1.33,1
375,74,16.42,1.19,1
376,75,8.0,1.42,1
377,75,10.0,0.54,1
378,75,12.0,0.0,1
379,75,14.0,0.0,1
380,75,16.0,0.48,1
381,76,8.0,0.0,1
382,76,10.0,1.25,1
383,76,12.0,1.21,1
385,76,14.67,2.74,1
386,77,8.0,0.27,1
387,77,10.0,0.0,1
388,77,12.0,0.0,1
390,77,14.25,12.48,1
391,78,8.0,0.12,1
392,78,10.0,0.55,1
393,78,12.0,0.98,1
394,78,14.0,0.35,1
395,78,17.92,0.81,1
396,79,8.0,3.27,1
397,79,10.0,4.31,1
398,79,12.0,5.77,1
400,79,14.17,12.75,1
401,80,8.0,1.38,1
402,80,10.0,1.38,1
403,80,12.0,1.0,1
404,80,14.0,1.38,1
405,80,15.92,5.2,1
406,81,8.0,3.12,1
407,81,10.0,2.47,1
408,81,12.0,1.46,1
410,81,15.25,10.95,1
411,82,8.0,0.0,1
412,82,10.0,0.0,1
413,82,12.0,0.0,1
415,82,14.17,1.48,1
416,83,8.0,1.62,1
417,83,10.0,3.5,1
420,83,13.42,2.66,1
421,84,8.0,0.43,1
422,84,10.0,0.0,1
423,84,12.0,0.0,1
424,84,14.0,0.0,1
425,84,17.0,3.5,1
426,85,8.0,1.79,1
427,85,10.0,2.57,1
428,85,12.0,7.32,1
430,85,15.0,13.19,1
431,86,8.0,1.21,1
432,86,10.0,2.67,1
433,86,12.0,2.2,1
435,86,15.17,6.12,1
436,87,8.0,3.87,1
437,87,10.0,1.62,1
438,87,12.0,10.28,1
440,87,14.5,10.9,1
441,88,8.0,0.88,1
442,88,10.0,0.0,1
443,88,12.0,2.62,1
444,88,14.0,2.15,1
445,88,16.08,2.38,1
446,89,8.0,1.61,1
447,89,10.0,0.6,1
448,89,12.0,3.47,1
450,89,14.75,5.58,1
456,90,8.0,0.49,1
457,90,10.0,1.58,1
458,90,12.0,0.67,1
460,90,15.5,5.38,1
461,91,8.0,2.49,1
462,91,10.0,5.72,1
465,91,12.83,12.48,1
466,92,8.0,0.0,1
467,92,10.0,0.0,1
468,92,12.0,0.0,1
470,92,15.83,0.49,1
471,93,8.0,0.0,1
472,93,10.0,0.67,1
473,93,12.0,0.0,1
475,93,15.0,1.92,1
476,94,8.0,2.61,1
477,94,10.0,4.15,1
480,94,13.25,5.49,1
481,95,8.0,0.0,1
482,95,10.0,0.0,1
483,95,12.0,2.77,1
485,95,15.67,10.7,1
486,96,8.0,2.59,1
487,96,10.0,2.62,1
488,96,12.0,4.15,1
490,96,14.54,10.72,1
491,97,8.0,3.23,0
492,97,10.0,5.65,0
493,97,12.0,0.66,0
494,97,14.0,7.54,0
495,97,17.0,3.58,0
496,98,8.0,0.17,0
497,98,10.0,0.0,0
500,98,13.0,1.01,0
501,99,8.0,0.29,0
502,99,10.0,0.43,0
505,99,12.0,1.01,0
506,100,8.0,2.03,0
507,100,10.0,2.99,0
508,100,12.0,3.5,0
510,100,14.75,2.02,0
511,101,8.0,1.17,0
512,101,10.0,5.54,0
513,101,12.0,4.96,0
515,101,14.5,6.9,0
516,102,8.0,0.46,0
517,102,10.0,0.0,0
518,102,12.0,0.71,0
519,102,14.0,1.85,0
520,102,16.42,0.0,0
521,103,8.0,0.89,0
522,103,10.0,0.89,0
525,103,12.08,1.03,0
526,104,8.0,0.17,0
527,104,10.0,0.0,0
528,104,12.0,0.87,0
529,104,14.0,1.15,0
530,104,16.42,2.4,0
531,105,8.0,0.0,0
532,105,10.0,0.29,0
533,105,12.0,0.87,0
535,105,15.5,0.0,0
536,106,8.0,0.78,0
537,106,10.0,0.32,0
540,106,12.0,0.13,0
541,107,8.0,1.33,0
542,107,10.0,1.79,0
543,107,12.0,1.15,0
545,107,15.17,1.67,0
546,108,8.0,1.62,0
547,108,10.0,2.79,0
548,108,12.0,2.06,0
550,108,14.92,0.3,0
551,109,8.0,0.73,0
552,109,10.0,0.87,0
555,109,13.58,2.55,0
556,110,8.0,0.0,0
557,110,10.0,2.33,0
558,110,12.0,1.6,0
559,110,14.0,7.9,0
560,110,16.0,6.62,0
561,111,8.0,2.31,0
562,111,10.0,2.02,0
563,111,12.0,3.27,0
565,111,15.5,1.38,0
566,112,8.0,3.28,0
567,112,10.0,3.28,0
568,112,12.0,3.92,0
570,112,14.54,5.86,0
571,113,8.0,2.31,0
572,113,10.0,4.85,0
573,113,12.0,4.9,0
575,113,15.92,9.29,0
576,114,8.0,0.29,0
577,114,10.0,3.12,0
580,114,13.17,0.29,0
581,115,8.0,0.46,0
582,115,10.0,0.0,0
585,115,13.17,0.02,0
586,116,8.0,0.4,0
587,116,10.0,0.29,0
588,116,12.0,0.69,0
589,116,14.0,0.69,0
590,116,16.0,0.58,0
591,117,8.0,1.25,0
592,117,10.0,1.25,0
593,117,12.0,1.74,0
594,117,14.0,1.4,0
595,117,15.96,0.98,0
596,118,8.0,1.43,0
597,118,10.0,1.49,0
598,118,12.0,1.48,0
600,118,15.42,4.89,0
601,119,8.0,1.36,0
602,119,10.0,4.29,0
605,119,12.25,6.65,0
606,120,8.0,1.73,0
610,120,11.83,1.52,0
611,121,8.0,1.82,0
612,121,10.0,5.57,0
615,121,13.58,1.22,0
616,122,8.0,0.87,0
617,122,10.0,2.25,0
618,122,12.0,2.72,0
620,122,14.83,3.76,0
621,123,8.0,1.01,0
622,123,10.0,2.67,0
623,123,12.0,1.56,0
625,123,14.25,2.69,0
626,124,8.0,0.43,0
627,124,10.0,1.73,0
630,124,12.58,0.81,0
631,125,8.0,4.02,0
632,125,10.0,0.69,0
635,125,13.42,1.38,0
636,126,8.0,0.81,0
637,126,10.0,0.98,0
638,126,12.0,1.75,0
639,126,14.0,0.75,0
640,126,17.0,2.48,0
641,127,8.0,0.43,0
642,127,10.0,0.43,0
643,127,12.0,0.0,0
645,127,14.54,1.15,0
646,128,8.0,0.0,0
647,128,10.0,0.58,0
648,128,12.0,0.0,0
649,128,14.0,0.35,0
650,128,17.13,2.69,0
651,129,8.0,0.24,0
652,129,10.0,0.15,0
655,129,12.0,0.56,0
656,130,8.0,1.03,0
657,130,10.0,0.52,0
658,130,12.0,2.58,0
660,130,15.0,3.06,0
661,131,8.0,1.36,0
662,131,10.0,0.92,0
663,131,12.0,0.0,0
664,131,14.0,0.06,0
665,131,17.92,1.28,0
666,132,8.0,0.95,0
667,132,10.0,2.33,0
668,132,12.0,1.82,0
669,132,14.0,1.54,0
670,132,16.0,2.92,0
671,133,8.0,0.92,0
672,133,10.0,0.69,0
675,133,13.0,0.0,0
676,134,8.0,2.31,0
677,134,10.0,1.88,0
680,134,12.46,2.08,0
681,135,8.0,1.27,0
682,135,10.0,1.67,0
683,135,12.0,1.33,0
684,135,14.0,2.04,0
685,135,16.38,6.75,0
686,136,8.0,1.76,0
687,136,10.0,2.6,0
688,136,12.0,2.48,0
689,136,14.0,0.23,0
690,136,16.33,2.13,0
691,137,8.0,1.67,0
692,137,10.0,6.56,0
693,137,12.0,6.73,0
694,137,14.0,7.79,0
695,137,16.17,3.98,0
696,138,8.0,0.87,0
697,138,10.0,1.85,0
700,138,13.0,2.08,0
701,139,8.0,0.96,0
702,139,10.0,0.84,0
705,139,12.25,1.28,0
706,140,8.0,0.0,0
707,140,10.0,1.23,0
710,140,13.25,8.52,0
711,141,8.0,0.38,0
712,141,10.0,2.77,0
715,141,12.08,3.08,0
716,142,8.0,6.98,0
717,142,10.0,11.54,0
718,142,12.0,7.85,0
720,142,14.08,7.08,0
721,143,8.0,0.69,0
722,143,10.0,0.98,0
723,143,12.0,0.0,0
724,143,14.0,0.0,0
725,143,17.17,0.8,0
726,144,8.0,0.29,0
727,144,10.0,0.81,0
728,144,12.0,0.0,0
729,144,14.0,1.02,0
730,144,17.13,1.35,0
731,145,8.0,0.43,0
732,145,10.0,0.72,0
733,145,12.0,1.12,0
735,145,15.17,0.09,0
736,146,8.0,1.15,0
737,146,10.0,1.85,0
738,146,12.0,1.85,0
740,146,15.0,0.46,0
741,147,8.0,6.32,0
742,147,10.0,3.87,0
745,147,13.58,2.88,0
746,148,8.0,2.24,0
747,148,10.0,3.0,0
748,148,12.0,3.92,0
749,148,14.0,5.54,0
750,148,17.0,4.73,0
751,149,8.0,2.0,0
752,149,10.0,2.62,0
753,149,12.0,3.62,0
755,149,15.0,4.54,0
756,150,8.0,1.15,0
757,150,10.0,1.15,0
758,150,12.0,0.0,0
760,150,14.58,0.0,0
761,151,8.0,0.87,0
762,151,10.0,1.92,0
765,151,12.33,2.51,0
766,152,8.0,0.14,0
767,152,10.0,0.0,0
768,152,12.0,0.46,0
769,152,14.0,2.77,0
770,152,16.42,2.15,0
771,153,8.0,0.29,0
772,153,10.0,0.0,0
775,153,12.33,0.0,0
776,154,8.0,0.88,0
777,154,10.0,0.88,0
778,154,12.0,0.85,0
780,154,14.17,1.79,0
781,155,8.0,2.02,0
782,155,10.0,1.15,0
783,155,12.0,2.5,0
784,155,14.0,1.88,0
785,155,15.92,2.02,0
786,156,8.0,0.48,0
787,156,10.0,1.51,0
788,156,12.0,1.51,0
790,156,15.0,3.92,0
791,157,8.0,1.68,0
792,157,10.0,1.74,0
793,157,12.0,3.93,0
795,157,15.83,3.12,0
796,158,8.0,0.95,0
797,158,10.0,1.41,0
800,158,13.5,1.31,0
801,159,8.0,0.0,0
802,159,10.0,0.46,0
803,159,12.0,0.0,0
805,159,15.75,0.17,0
806,160,8.0,0.79,0
807,160,10.0,0.73,0
810,160,13.92,0.0,0
811,161,8.0,0.05,0
812,161,10.0,0.05,0
815,161,13.92,0.9,0
816,162,8.0,0.14,0
817,162,10.0,0.72,0
820,162,13.25,0.14,0
821,163,8.0,0.58,0
822,163,10.0,0.58,0
825,163,13.25,0.0,0
826,164,8.0,0.43,0
827,164,10.0,0.34,0
830,164,13.58,0.2,0
831,165,8.0,2.19,0
832,165,10.0,2.15,0
835,165,13.83,0.29,0
836,166,8.0,0.17,0
837,166,10.0,0.29,0
840,166,13.5,0.0,0
841,167,8.0,0.33,0
842,167,10.0,0.46,0
843,167,12.0,0.0,0
845,167,14.42,0.0,0
846,168,8.0,0.49,0
847,168,10.0,1.04,0
848,168,12.0,0.63,0
850,168,15.75,1.49,0
851,169,8.0,1.33,0
852,169,10.0,1.98,0
855,169,13.17,3.04,0
856,170,8.0,1.49,0
857,170,10.0,2.45,0
858,170,12.0,2.18,0
860,170,15.33,1.01,0
861,171,8.0,0.0,0
862,171,10.0,0.0,0
863,171,12.0,0.35,0
865,171,14.25,0.35,0
866,172,8.0,1.25,0
867,172,10.0,2.57,0
870,172,12.75,2.44,0
871,173,8.0,0.29,0
872,173,10.0,0.55,0
873,173,12.0,0.55,0
875,173,14.5,1.64,0
876,174,8.0,0.0,0
877,174,10.0,1.33,0
878,174,12.0,1.19,0
879,174,14.0,1.35,0
880,174,16.67,0.29,0
881,175,8.0,1.66,0
882,175,10.0,1.23,0
885,175,12.75,2.13,0
886,176,8.0,0.23,0
887,176,10.0,0.81,0
888,176,12.0,1.05,0
889,176,14.0,0.82,0
890,176,16.0,0.7,0
891,177,8.0,0.52,0
892,177,10.0,0.63,0
893,177,12.0,0.34,0
895,177,14.38,0.53,0
896,178,8.0,0.73,0
897,178,10.0,0.21,0
898,178,12.0,0.12,0
900,178,14.25,0.67,0
901,179,8.0,4.73,0
902,179,10.0,0.0,0
905,179,12.42,0.52,0
906,180,8.0,1.38,0
907,180,10.0,0.52,0
910,180,13.08,0.8,0
911,181,8.0,0.38,0
912,181,10.0,0.38,0
913,181,12.0,0.0,0
915,181,15.5,0.0,0
916,182,8.0,0.75,0
917,182,10.0,1.05,0
918,182,12.0,0.17,0
920,182,14.92,3.37,0
921,183,8.0,0.63,0
922,183,10.0,1.22,0
923,183,12.0,0.98,0
924,183,14.0,2.63,0
925,183,17.0,1.92,0
926,184,8.0,3.5,0
927,184,10.0,3.23,0
928,184,12.0,4.31,0
929,184,14.0,4.31,0
930,184,16.13,5.38,0
931,185,8.0,0.12,0
932,185,10.0,0.12,0
933,185,12.0,0.26,0
934,185,14.0,0.0,0
935,185,16.0,1.17,0
936,186,8.0,0.5,0
937,186,10.0,0.92,0
940,186,13.58,3.17,0
941,187,8.0,0.92,0
942,187,10.0,0.92,0
943,187,12.0,0.0,0
944,187,14.0,0.0,0
945,187,16.96,0.0,0
946,188,8.0,0.72,0
947,188,10.0,0.72,0
950,188,13.21,1.54,0
951,189,8.0,1.1,0
952,189,10.0,1.1,0
953,189,12.0,0.35,0
954,189,14.0,0.4,0
955,189,17.0,0.29,0
956,190,8.0,0.17,1
957,190,10.0,1.62,1
958,190,12.0,0.17,1
959,190,14.0,0.98,1
960,190,16.5,6.5,1
961,191,8.0,0.0,1
962,191,10.0,0.24,1
963,191,12.0,0.0,1
964,191,14.0,0.14,1
965,191,16.33,0.67,1
966,192,8.0,0.38,1
967,192,10.0,1.55,1
968,192,12.0,1.48,1
969,192,14.0,5.75,1
970,192,16.25,11.26,1
971,193,8.0,1.44,1
972,193,10.0,4.07,1
973,193,12.0,1.35,1
974,193,14.0,0.0,1
975,193,16.5,0.0,1
976,194,8.0,3.23,1
977,194,10.0,4.85,1
978,194,12.0,8.31,1
979,194,14.0,13.33,1
980,194,16.17,17.03,1
981,195,8.0,2.46,1
982,195,10.0,4.31,1
983,195,12.0,1.56,1
984,195,14.0,1.5,1
985,195,16.58,8.75,1
986,196,8.0,0.17,1
987,196,10.0,0.61,1
988,196,12.0,0.52,1
989,196,14.0,0.52,1
990,196,16.17,2.62,1
991,197,8.0,0.09,1
992,197,10.0,0.58,1
993,197,12.0,0.58,1
995,197,14.67,4.0,1
996,198,8.0,0.23,1
997,198,10.0,0.58,1
998,198,12.0,0.23,1
1000,198,15.75,9.85,1
1001,199,8.0,0.27,1
1002,199,10.0,1.07,1
1003,199,12.0,0.14,1
1005,199,14.92,4.54,1
1006,200,8.0,1.31,1
1007,200,10.0,1.77,1
1008,200,12.0,2.6,1
1009,200,14.0,1.15,1
1010,200,16.5,2.57,1
1011,201,8.0,0.0,1
1012,201,10.0,0.0,1
1013,201,12.0,0.32,1
1014,201,14.0,1.96,1
1015,201,17.17,10.1,1
1016,202,8.0,1.66,1
1017,202,10.0,1.32,1
1018,202,12.0,1.16,1
1019,202,14.0,1.19,1
1020,202,16.5,2.81,1
1021,203,8.0,0.94,1
1022,203,10.0,0.95,1
1023,203,12.0,1.15,1
1025,203,15.88,2.5,1
1026,204,8.0,3.45,1
1027,204,10.0,5.09,1
1028,204,12.0,7.68,1
1030,204,15.25,9.12,1
1031,205,8.0,0.23,1
1032,205,10.0,2.08,1
1035,205,13.75,1.12,1
1036,206,8.0,2.03,1
1037,206,10.0,2.04,1
1040,206,13.33,0.0,1
1041,207,8.0,0.4,1
1042,207,10.0,0.69,1
1043,207,12.0,0.12,1
1045,207,14.42,0.75,1
1046,208,8.0,3.2,1
1047,208,10.0,3.92,1
1048,208,12.0,4.85,1
1049,208,14.0,8.31,1
1050,208,17.46,8.71,1
1051,209,8.0,4.73,1
1052,209,10.0,5.0,1
1053,209,12.0,5.44,1
1055,209,15.0,1.21,1
1056,210,8.0,0.29,1
1057,210,10.0,0.0,1
1058,210,12.0,0.04,1
1059,210,14.0,3.0,1
1060,210,16.0,0.0,1
1061,211,8.0,1.6,1
1062,211,10.0,2.26,1
1065,211,12.0,11.87,1
1066,212,8.0,0.56,1
1067,212,10.0,1.73,1
1070,212,13.0,2.52,1
1071,213,8.0,0.0,1
1072,213,10.0,0.0,1
1073,213,12.0,0.46,1
1074,213,14.0,0.0,1
1075,213,17.17,1.82,1
1076,214,8.0,3.88,1
1077,214,10.0,4.85,1
1080,214,13.71,11.97,1
1081,215,8.0,0.0,1
1082,215,10.0,1.73,1
1083,215,12.0,0.0,1
1085,215,13.96,1.21,1
1086,216,8.0,0.4,1
1087,216,10.0,0.4,1
1088,216,12.0,1.15,1
1090,216,14.96,2.02,1
1091,217,8.0,0.12,1
1092,217,10.0,0.12,1
1093,217,12.0,2.22,1
1094,217,14.0,1.75,1
1095,217,16.0,2.71,1
1096,218,8.0,6.76,1
1097,218,10.0,7.27,1
1098,218,12.0,7.85,1
1099,218,14.0,6.46,1
1100,218,16.21,6.56,1
1101,219,8.0,3.01,1
1102,219,10.0,1.36,1
1105,219,12.17,2.3,1
1106,220,8.0,1.85,1
1107,220,10.0,4.92,1
1108,220,12.0,3.77,1
1110,220,14.58,10.0,1
1111,221,8.0,0.19,1
1112,221,10.0,0.0,1
1113,221,12.0,0.87,1
1115,221,15.67,1.33,1
1116,222,8.0,2.6,1
1117,222,10.0,4.63,1
1118,222,12.0,4.9,1
1120,222,13.92,6.58,1
1121,223,8.0,2.79,1
1122,223,10.0,5.38,1
1123,223,12.0,4.65,1
1125,223,15.79,19.52,1
1126,224,8.0,0.0,1
1127,224,10.0,0.38,1
1128,224,12.0,0.81,1
1129,224,14.0,1.9,1
1130,224,16.79,0.0,1
1131,225,8.0,0.12,1
1132,225,10.0,1.5,1
1133,225,12.0,5.19,1
1135,225,14.75,0.96,1
1136,226,8.0,0.0,1
1137,226,10.0,0.0,1
1138,226,12.0,0.0,1
1140,226,14.42,0.86,1
1141,227,8.0,2.53,1
1142,227,10.0,0.55,1
1145,227,13.0,8.76,1
1146,228,8.0,0.12,1
1147,228,10.0,0.35,1
1148,228,12.0,0.0,1
1150,228,14.29,0.94,1
1151,229,8.0,3.0,1
1152,229,10.0,2.77,1
1153,229,12.0,8.5,1
1154,229,14.0,8.38,1
1155,229,16.08,8.01,1
1156,230,8.0,2.08,1
1157,230,10.0,3.38,1
1160,230,13.0,2.48,1
