,year,OCAuthorities,OCActivity,TenYrDeclass,DerivClassActivity
1,1980,7149.0,,,
2,1982,6943.0,,,
3,1984,6900.0,,,
4,1986,6756.0,,,
5,1988,6654.0,,,
6,1989,,507794.0,,
7,1990,6492.0,490975.0,,
8,1991,,511858.0,,
9,1992,5793.0,480843.0,,
10,1993,,245951.0,,
11,1994,5461.0,204683.0,,
12,1995,,167840.0,,
13,1996,4420.0,105163.0,0.5,5685462.0
14,1997,,158788.0,0.5,6361366.0
15,1998,3903.0,137005.0,0.36,7157763.0
16,1999,,169735.0,0.5,7858857.0
17,2000,4130.0,220926.0,0.59,10929943.0
18,2001,,260678.0,0.54,8390057.0
19,2002,4006.0,217268.0,0.57,11054350.0
20,2003,,234052.0,0.52,13993968.0
21,2004,4007.0,351150.0,0.34,15294087.0
22,2005,,258633.0,0.64,13948140.0
23,2006,4042.0,231005.0,0.61,20324450.0
24,2007,,233630.0,0.57,22868618.0
25,2008,4109.0,203541.0,0.58,23217557.0
26,2009,,183224.0,0.67,54651765.0
27,2010,2378.0,224734.0,0.74,76571211.0
28,2011,2362.0,127072.0,0.7,92064862.0
29,2012,2326.0,73477.0,0.48,95180243.0
