,Kyphosis,Age,Number,Start
1,0,71,3,5
2,0,158,3,14
3,1,128,4,5
4,0,2,5,1
5,0,1,4,15
6,0,1,2,16
7,0,61,2,17
8,0,37,3,16
9,0,113,2,16
10,1,59,6,12
11,1,82,5,14
12,0,148,3,16
13,0,18,5,2
14,0,1,4,12
15,0,168,3,18
16,0,1,3,16
17,0,78,6,15
18,0,175,5,13
19,0,80,5,16
20,0,27,4,9
21,0,22,2,16
22,1,105,6,5
23,1,96,3,12
24,0,131,2,3
25,1,15,7,2
26,0,9,5,13
27,0,8,3,6
28,0,100,3,14
29,0,4,3,16
30,0,151,2,16
31,0,31,3,16
32,0,125,2,11
33,0,130,5,13
34,0,112,3,16
35,0,140,5,11
36,0,93,3,16
37,0,1,3,9
38,1,52,5,6
39,0,20,6,9
40,1,91,5,12
41,1,73,5,1
42,0,35,3,13
43,0,143,9,3
44,0,61,4,1
45,0,97,3,16
46,1,139,3,10
47,0,136,4,15
48,0,131,5,13
49,1,121,3,3
50,0,177,2,14
51,0,68,5,10
52,0,9,2,17
53,1,139,10,6
54,0,2,2,17
55,0,140,4,15
56,0,72,5,15
57,0,2,3,13
58,1,120,5,8
59,0,51,7,9
60,0,102,3,13
61,1,130,4,1
62,1,114,7,8
63,0,81,4,1
64,0,118,3,16
65,0,118,4,16
66,0,17,4,10
67,0,195,2,17
68,0,159,4,13
69,0,18,4,11
70,0,15,5,16
71,0,158,5,14
72,0,127,4,12
73,0,87,4,16
74,0,206,4,10
75,0,11,3,15
76,0,178,4,15
77,1,157,3,13
78,0,26,7,13
79,0,120,2,13
80,1,42,7,6
81,0,36,4,13
