,wage,educ,exper,sex
1,7.7802076852,1,23,
2,4.81850475584,1,15,
3,10.563645423,1,31,
4,7.0424294557,1,32,
5,7.88752079207,1,9,
6,8.2000575113,1,15,
7,8.21428907855,1,26,
8,10.378317745,1,23,
9,10.9548908153,1,13,
10,7.21144821876,1,22,
11,6.96829937605,1,39,
12,7.43367484798,1,20,
13,8.31006769972,1,16,
14,6.757513033,1,38,
15,12.181500202,1,41,
16,6.2972664781,1,37,
17,8.09582819987,1,18,
18,7.70960760934,1,24,
19,7.40461181113,1,31,
20,8.7837525626,1,34,
21,8.79120672089,1,20,
22,9.10821048143,1,35,
23,6.52035081892,1,23,
24,9.2191800178,1,40,
25,3.38036534548,1,23,
26,8.16921707788,1,33,
27,11.7126715733,1,15,
28,9.57770346481,1,31,
29,7.6134373164,1,18,
30,8.33992647478,1,31,
31,9.9335323092,1,33,
32,8.59176398553,1,11,
33,6.51033592052,1,28,
34,8.80303619989,1,17,
35,9.70290456843,1,26,
36,7.74667264916,1,18,
37,7.46497636335,1,28,
38,9.19222407591,1,18,
39,8.89570127839,1,37,
40,9.15515903609,1,22,
41,7.92273406726,1,19,
42,4.50715544659,1,27,
43,8.16780904266,1,19,
44,11.9721318099,1,32,
45,7.90918916507,1,40,
46,11.5568085196,1,21,
47,9.57770346481,1,21,
48,4.1513266022,1,2,
49,9.85940222955,1,30,
50,7.74667264916,1,29,
51,6.9217028302,1,21,
52,5.63394306877,1,32,
53,8.25597981155,1,33,
54,7.74667264916,1,4,
55,12.6763725245,1,34,
56,7.85787024757,1,36,
57,4.50715544659,1,13,
58,7.74667264916,1,19,
59,8.60741350375,1,21,
60,7.75174455068,1,37,
61,11.7373840788,1,32,
62,8.04849045238,1,21,
63,8.1543930451,1,40,
64,9.85940222955,1,21,
65,8.45091584263,1,41,
66,9.77341044475,1,37,
67,9.90150694474,1,26,
68,7.35542725688,1,18,
69,4.89263483549,1,16,
70,9.01431089319,1,27,
71,6.59660534607,1,39,
72,9.15515903609,1,21,
73,6.50070525708,1,18,
74,10.9548908153,1,35,
75,13.3806157179,1,37,
76,11.2678861375,1,24,
77,7.88752079207,1,29,
78,9.63700951167,1,35,
79,11.7373840788,1,23,
80,7.32412822045,1,20,
81,9.63700951167,1,27,
82,11.1196259782,1,30,
83,8.45091584263,1,28,
84,5.32940587359,1,32,
85,8.45091584263,1,29,
86,7.80084482113,1,15,
87,9.63700951167,1,33,
88,7.51192491801,1,19,
89,11.2678861375,1,37,
90,10.463037836,1,18,
91,5.96269202452,1,13,
92,8.45091584263,1,14,
93,6.08465811765,1,28,
94,7.54545995404,1,9,
95,4.96942729159,1,19,
96,10.1410985154,1,34,
97,8.16921707788,1,34,
98,9.71855160771,1,33,
99,9.63700951167,1,45,
100,11.2678861375,2,17,
101,9.85940222955,2,24,
102,10.563645423,2,18,
103,15.7750415841,2,20,
104,8.77285516325,2,21,
105,7.26960403967,2,41,
106,11.2678861375,2,17,
107,12.181500202,2,22,
108,12.0091968498,2,35,
109,9.57770346481,2,39,
110,7.0424294557,2,12,
111,6.1797327212,2,23,
112,9.18466332341,2,25,
113,6.10343853108,2,30,
114,10.97136334,2,18,
115,8.37478030436,2,33,
116,3.46704131641,2,20,
117,9.96519574912,2,29,
118,6.17051108208,2,4,
119,9.15515903609,2,13,
120,12.1574570091,2,35,
121,11.377896326,2,33,
122,7.0424294557,2,4,
123,14.8261671447,2,34,
124,10.4570214601,2,21,
125,10.563645423,2,31,
126,6.70319460385,2,15,
127,8.26311666613,2,16,
128,5.63394306877,2,15,
129,13.1458679868,2,34,
130,8.92041130494,2,23,
131,9.15515903609,2,8,
132,7.18327759861,2,24,
133,6.13955413871,2,22,
134,13.7718611102,2,45,
135,12.3057196473,2,15,
136,9.63700951167,2,23,
137,7.88752079207,2,18,
138,12.1129799529,2,33,
139,8.45091584263,2,37,
140,6.67177657852,2,32,
141,12.1574570091,2,34,
142,10.2531835726,2,15,
143,6.65118406342,2,31,
144,8.70700472733,2,11,
145,8.1543930451,2,21,
146,7.69620152752,2,11,
147,8.1543930451,2,14,
148,8.02836893498,2,21,
149,9.85940222955,2,24,
150,11.7373840788,2,23,
151,14.8261671447,2,27,
152,7.51192491801,2,23,
153,12.7505050831,2,20,
154,5.36566030159,2,26,
155,11.4161487758,2,23,
156,10.378317745,2,7,
157,10.6748405425,2,24,
158,7.12434339203,2,22,
159,11.4439475556,2,25,
160,10.563645423,2,20,
161,11.1196259782,2,15,
162,12.3057196473,2,16,
163,4.42666937697,2,29,
164,6.43879384927,2,24,
165,7.54779511104,2,9,
166,8.02184685634,2,18,
167,9.38990676725,2,13,
168,8.45091584263,2,18,
169,8.75139254188,2,23,
170,7.98142038032,2,20,
171,8.45091584263,2,4,
172,7.35542725688,2,10,
173,12.4171006869,2,29,
174,12.072736918,2,14,
175,11.132228885,2,24,
176,8.89570127839,2,14,
177,5.71007860704,2,2,
178,7.56134497111,2,9,
179,16.9018316853,2,24,
180,5.63394306877,2,6,
181,8.02836893498,2,34,
182,6.67177657852,2,33,
183,9.63700951167,2,24,
184,7.44244036302,2,11,
185,8.36133455958,2,4,
186,12.8987652424,2,17,
187,5.63394306877,2,3,
188,9.85940222955,2,30,
189,10.7044935659,2,22,
190,16.7609835423,2,17,
191,7.11655953535,2,13,
192,8.09775681149,2,15,
193,4.61983296934,2,27,
194,8.74743864016,2,34,
195,9.63700951167,2,21,
196,7.70960760934,2,16,
197,12.2068795411,2,31,
198,7.88752079207,2,16,
199,9.15515903609,2,21,
200,8.89570127839,2,16,
201,5.47744540765,2,8,
202,8.1543930451,2,27,
203,11.1196259782,2,22,
204,10.5175347485,2,23,
205,7.0424294557,2,13,
206,5.25834719471,2,7,
207,8.1543930451,2,26,
208,6.82003673782,2,20,
209,11.2678861375,2,25,
210,3.6348032593,2,4,
211,6.57293399339,2,2,
212,8.75665036354,2,19,
213,4.34618578628,2,12,
214,9.13950951787,2,39,
215,11.7126715733,2,30,
216,9.60331334485,2,32,
217,7.32412822045,2,10,
218,8.21763564114,2,27,
219,7.0424294557,2,20,
220,12.5577629097,2,24,
221,9.6246544984,2,27,
222,9.21965349443,2,30,
223,14.4655316448,2,35,
224,8.45091584263,2,15,
225,6.47903440514,2,3,
226,13.2473803852,2,23,
227,7.74667264916,2,3,
228,7.74667264916,2,5,
229,8.90050297596,2,14,
230,8.22251170677,2,25,
231,10.8972332604,2,18,
232,10.563645423,2,15,
233,10.563645423,2,38,
234,6.33818626224,2,11,
235,9.15515903609,2,29,
236,7.41308481181,2,22,
237,7.11655953535,2,4,
238,11.457792409,2,8,
239,11.7129690455,2,31,
240,8.14458885619,2,20,
241,7.32412822045,2,4,
242,7.62929754412,2,14,
243,6.86185389651,2,19,
244,13.5918904112,2,21,
245,10.563645423,2,30,
246,6.19733811933,2,0,
247,8.22971053473,2,30,
248,7.62929754412,2,21,
249,6.05648997643,2,1,
250,5.44614637121,2,7,
251,12.8775852196,2,24,
252,13.8913333945,2,20,
253,9.97677485566,2,35,
254,11.1937560579,2,28,
255,7.60582450626,2,18,
256,11.9721318099,2,31,
257,8.97813331218,2,19,
258,9.15515903609,2,34,
259,5.55569547768,2,33,
260,7.0424294557,2,2,
261,11.9721318099,2,16,
262,10.378317745,2,22,
263,5.77840302033,2,0,
264,24.7345357822,2,46,
265,5.63394306877,2,6,
266,5.93755066324,2,20,
267,4.89263483549,2,5,
268,17.2148294864,2,25,
269,7.41308481181,2,10,
270,17.2724845624,2,38,
271,6.70707661645,2,22,
272,9.63700951167,2,13,
273,7.90653670435,2,31,
274,7.85787024757,2,15,
275,4.57757951805,2,26,
276,7.30326054353,2,22,
277,14.8261671447,2,23,
278,10.1410985154,2,25,
279,9.13612577126,2,14,
280,7.11655953535,2,27,
281,10.6495628398,2,20,
282,11.4201572141,2,33,
283,8.89570127839,2,18,
284,8.04849045238,2,9,
285,7.0424294557,2,5,
286,9.85940222955,2,21,
287,7.23276458296,2,1,
288,7.0424294557,2,14,
289,13.3806157179,2,21,
290,8.4469123622,2,16,
291,9.38990676725,2,32,
292,5.63394306877,2,5,
293,8.21616811147,2,12,
294,10.6588117472,2,20,
295,11.1270379946,2,20,
296,7.0424294557,2,24,
297,10.0158998907,2,18,
298,14.0848589114,2,27,
299,7.46497636335,2,6,
300,10.9861898517,2,19,
301,10.9861898517,2,17,
302,6.09074886155,2,30,
303,10.5323439076,2,27,
304,10.563645423,2,26,
305,16.9018316853,2,33,
306,7.88752079207,2,10,
307,8.45091584263,2,27,
308,13.7718611102,2,39,
309,6.25904377552,2,1,
310,13.3806157179,2,24,
311,14.1609944497,2,31,
312,2.19097791517,2,36,
313,8.45091584263,2,17,
314,7.74667264916,2,13,
315,9.20927419255,2,26,
316,7.25370167006,2,21,
317,5.18915763301,2,27,
318,7.10366907206,2,24,
319,6.61988254805,2,15,
320,12.6022424448,2,32,
321,7.98142038032,2,6,
322,7.2196163104,2,13,
323,10.4302092965,2,20,
324,10.6418930141,2,10,
325,10.0002503725,2,20,
326,8.45091584263,2,22,
327,8.54136227408,2,14,
328,13.3806157179,2,46,
329,8.54520958158,2,11,
330,9.89453865776,2,21,
331,12.4470710141,2,22,
332,11.2678861375,2,20,
333,8.00613040687,2,34,
334,5.21139864006,2,15,
335,10.2966244339,2,13,
336,7.71181386171,2,29,
337,9.38990676725,2,25,
338,8.59917848086,2,23,
339,8.76391116488,2,28,
340,8.3026532044,2,45,
341,7.09806419947,2,38,
342,10.3288976919,2,14,
343,12.5680281805,2,14,
344,6.77595879018,2,15,
345,7.70960760934,2,29,
346,8.51351639444,2,16,
347,10.378317745,2,32,
348,10.2567433236,2,6,
349,9.82328662193,2,40,
350,7.17927411818,2,31,
351,6.10343853108,2,24,
352,7.98142038032,2,26,
353,9.57770346481,2,25,
354,5.28182271151,2,15,
355,8.09508699823,2,32,
356,9.296007179,2,27,
357,8.89570127839,2,12,
358,9.89746875922,2,29,
359,20.9467128079,2,27,
360,6.33818626224,2,2,
361,8.51962201195,2,22,
362,9.63700951167,2,23,
363,7.5776538861,2,29,
364,10.1122065251,2,11,
365,9.3389646479,3,38,
366,8.45091584263,3,5,
367,7.74667264916,3,1,
368,12.4135508516,3,19,
369,11.9721318099,3,16,
370,10.7861843981,3,9,
371,14.165344981,3,9,
372,7.60582450626,3,20,
373,13.7718611102,3,26,
374,10.1410985154,3,22,
375,9.63700951167,3,4,
376,12.2538280958,3,13,
377,13.7718611102,3,25,
378,27.3872270382,3,35,
379,4.50715544659,3,3,
380,7.70723526831,3,30,
381,14.8261671447,3,22,
382,9.57458992214,3,15,
383,10.1723975518,3,33,
384,7.16762808039,3,5,
385,15.7226344141,3,46,
386,9.296007179,3,6,
387,17.2148294864,3,24,
388,11.2678861375,3,19,
389,8.59917848086,3,22,
390,6.69030909844,3,12,
391,5.35224678296,3,4,
392,9.85940222955,3,16,
393,8.31006769972,3,42,
394,9.19222407591,3,18,
395,10.563645423,3,10,
396,14.0848589114,3,15,
397,11.1196259782,3,8,
398,10.463037836,3,23,
399,8.45091584263,3,12,
400,8.89570127839,3,11,
401,10.1723975518,3,21,
402,7.74667264916,3,6,
403,13.5366919601,3,39,
404,8.45091584263,3,19,
405,10.563645423,3,9,
406,10.6588117472,3,20,
407,13.3806157179,3,20,
408,17.6046197437,3,23,
409,9.28624017412,3,34,
410,5.31200374815,3,3,
411,14.8261671447,3,26,
412,15.0790854712,3,29,
413,6.30112122241,3,4,
414,9.63700951167,3,17,
415,7.88752079207,3,15,
416,9.4368553219,3,14,
417,11.8938817399,3,18,
418,11.8609342115,3,8,
419,8.45091584263,3,31,
420,6.76073316989,3,3,
421,9.85940222955,3,15,
422,12.072736918,3,24,
423,12.3513370137,3,4,
424,15.4933452983,3,20,
425,9.78526967097,3,18,
426,7.88752079207,3,8,
427,8.1543930451,3,11,
428,7.0424294557,3,33,
429,15.1579924591,3,31,
430,9.44066296644,3,9,
431,6.54946095553,3,2,
432,15.2268746328,3,29,
433,7.74667264916,3,10,
434,5.91564183352,3,3,
435,5.35224678296,3,14,
436,7.70960760934,3,7,
437,4.7888517324,3,23,
438,9.50671667505,3,12,
439,9.48874687344,3,12,
440,6.89594669298,3,7,
441,7.52294626412,3,9,
442,10.563645423,3,30,
443,7.51192491801,3,10,
444,6.33818626224,3,18,
445,7.54046985739,3,17,
446,13.3435506781,3,18,
447,6.65829612865,3,16,
448,8.74743864016,3,10,
449,9.64427279195,3,18,
450,6.53537564545,3,3,
451,8.89570127839,3,11,
452,7.32412822045,3,6,
453,18.7798110556,3,43,
454,7.0424294557,3,5,
455,10.0817949474,3,10,
456,19.7188019802,3,24,
457,8.89570127839,3,18,
458,22.535774754,3,15,
459,11.4087367594,3,22,
460,12.6763725245,3,35,
461,8.08993329185,3,9,
462,2.47893524773,3,16,
463,11.2678861375,3,2,
464,15.2268746328,3,22,
465,8.55152095072,3,15,
466,5.90222583596,3,2,
467,24.4631766564,3,16,
468,11.1618670349,3,29,
469,6.33818626224,3,1,
470,14.8261671447,3,32,
471,7.98142038032,3,2,
472,10.1975860129,3,30,
473,9.38990676725,3,13,
474,12.181500202,3,37,
475,7.15663152363,3,9,
476,10.0817949474,3,15,
477,5.70101314084,3,1,
478,9.63700951167,3,15,
479,7.85787024757,3,24,
480,15.4933452983,3,32,
481,11.564411414,3,19,
482,10.0158998907,3,26,
483,10.463037836,3,25,
484,10.0817949474,3,6,
485,11.7246944093,3,14,
486,11.9721318099,3,23,
487,7.74667264916,3,13,
488,9.80306346818,3,20,
489,6.67177657852,3,2,
490,18.3844481518,3,28,
491,11.5495849023,3,29,
492,12.4860373972,3,30,
493,6.33818626224,3,1,
494,8.74743864016,3,22,
495,9.4368553219,3,8,
496,10.8922927424,3,14,
497,16.7852076976,3,18,
498,6.67177657852,3,11,
499,9.15515903609,3,42,
500,8.1543930451,3,18,
501,7.74667264916,3,13,
502,13.3023656479,3,31,
503,11.0744548202,3,28,
504,10.0158998907,3,9,
505,10.563645423,3,30,
506,7.0424294557,3,14,
507,10.3288976919,3,22,
508,9.48874687344,3,17,
509,8.31006769972,3,14,
510,6.31001812102,3,43,
511,10.6588117472,3,11,
512,11.8312811881,3,22,
513,11.1651417083,3,22,
514,10.8837552894,3,24,
515,15.2616764048,3,25,
516,6.50070525708,3,13,
517,14.0848589114,3,25,
518,15.4933452983,3,37,
519,8.66760700944,3,6,
520,6.57293399339,3,11,
521,7.0424294557,3,5,
522,13.7041886569,3,30,
523,12.6022424448,3,22,
524,13.458865788,3,28,
525,6.67177657852,3,4,
526,11.08008944,3,17,
527,7.70960760934,3,18,
528,11.4201572141,3,32,
529,11.2336396471,3,19,
530,11.1480172236,3,21,
531,8.08705524803,3,7,
532,7.41308481181,3,5,
533,6.66683358164,3,16,
534,6.76073316989,3,15,
535,12.181500202,3,16,
536,16.9018316853,3,22,
537,12.7505050831,3,25,
538,8.1543930451,3,11,
539,8.60741350375,3,13,
540,6.93464287219,3,2,
541,13.1458679868,3,13,
542,10.0943383598,3,12,
543,9.57770346481,3,4,
544,12.6022424448,3,31,
545,12.5198748633,3,13,
546,9.85940222955,3,15,
547,15.1154588881,3,9,
548,17.7066799868,3,15,
549,8.89570127839,3,14,
550,9.71855160771,3,15,
551,10.3288976919,3,16,
552,7.80752059375,3,21,
553,13.3435506781,3,24,
554,11.3910941772,3,34,
555,11.1196259782,3,18,
556,12.5762136247,3,17,
557,8.87346275028,3,12,
558,11.9721318099,3,9,
559,7.70960760934,3,25,
560,5.16444760646,3,7,
561,9.38990676725,3,22,
562,9.38990676725,3,17,
563,14.2726580879,3,16,
564,10.7044935659,3,14,
565,13.8681702235,3,34,
566,11.8609342115,3,12,
567,7.43367484798,3,1,
568,11.8609342115,3,16,
569,6.51033592052,3,7,
570,4.96323491134,3,5,
571,8.1543930451,3,9,
572,10.378317745,3,22,
573,11.6801281114,3,15,
574,9.12162400006,3,35,
575,9.296007179,3,12,
576,9.89070126599,3,25,
577,6.61988254805,3,5,
578,8.19482695793,3,12,
579,8.1543930451,3,20,
580,10.0158998907,3,21,
581,10.9633489424,3,16,
582,10.015773465,3,33,
583,9.15515903609,3,35,
584,8.1543930451,3,11,
585,5.63394306877,3,6,
586,15.1154588881,3,27,
587,10.563645423,3,19,
588,11.1454093838,3,27,
589,11.9721318099,3,34,
590,12.9869905478,3,19,
591,7.98142038032,3,12,
592,13.3806157179,3,24,
593,22.535774754,3,20,
594,9.89070126599,3,8,
595,8.1543930451,3,22,
596,7.60582450626,3,12,
597,9.43358064844,3,25,
598,13.3435506781,3,21,
599,8.1543930451,3,32,
600,8.96309361203,3,29,
601,8.1543930451,3,6,
602,11.7373840788,3,24,
603,8.38528107407,3,9,
604,14.0566907702,3,22,
605,11.8609342115,3,17,
606,9.14107372601,3,21,
607,11.84843542,3,15,
608,6.76073316989,3,26,
609,12.6763725245,3,33,
610,19.5873911438,3,22,
611,8.60741350375,3,14,
612,9.48874687344,3,28,
613,9.4368553219,3,14,
614,12.2068795411,3,39,
615,10.378317745,3,5,
616,11.6225300509,3,14,
617,7.19084826685,3,3,
618,8.13791804144,3,4,
619,7.7967843252,3,15,
620,10.557024187,3,5,
621,12.8987652424,3,17,
622,10.7313206032,3,19,
623,10.6588117472,3,16,
624,5.12238255425,3,1,
625,6.98559986515,3,21,
626,8.92041130494,3,32,
627,10.2278315018,3,9,
628,8.60741350375,3,23,
629,10.378317745,3,15,
630,8.18129197147,3,8,
631,7.62929754412,3,10,
632,9.95329933887,3,14,
633,12.6022424448,3,22,
634,8.63871501912,3,11,
635,5.88434031815,3,10,
636,7.74667264916,3,4,
637,6.14612083818,3,6,
638,7.74667264916,3,29,
639,5.79964749541,3,1,
640,6.22699114276,3,1,
641,8.45091584263,3,19,
642,8.66760700944,3,11,
643,6.37525130206,3,16,
644,6.79547544739,3,2,
645,10.7313206032,3,11,
646,7.60582450626,3,31,
647,8.90859917848,3,12,
648,10.7707753366,3,4,
649,9.56287943203,3,21,
650,12.5355243816,3,20,
651,12.3946762387,3,21,
652,9.10550844201,3,18,
653,7.51192491801,3,12,
654,7.60582450626,3,16,
655,6.22550873949,3,23,
656,7.37890277368,3,25,
657,8.13791804144,3,14,
658,9.15515903609,3,15,
659,8.45091584263,3,6,
660,8.1543930451,3,2,
661,30.7305917962,3,23,
662,14.8673521749,3,17,
663,11.496766229,3,29,
664,10.7983906752,3,28,
665,6.70283763718,3,26,
666,8.88429569731,3,22,
667,7.41308481181,3,7,
668,6.76073316989,3,11,
669,10.6418930141,3,17,
670,6.65502145518,3,18,
671,5.63394306877,3,36,
672,8.45091584263,3,16,
673,10.1410985154,3,7,
674,5.9558823894,3,3,
675,8.89570127839,3,21,
676,10.1723975518,3,29,
677,2.2535774754,3,47,
678,8.60741350375,3,3,
679,9.38990676725,3,18,
680,7.78818737776,3,16,
681,8.66218805699,3,12,
682,17.0192043114,3,24,
683,16.484669025,3,24,
684,11.2678861375,3,28,
685,7.30890012122,3,13,
686,5.63394306877,3,19,
687,11.4201572141,3,4,
688,6.76073316989,3,13,
689,10.1410985154,3,11,
690,8.00613040687,3,3,
691,12.5198748633,3,19,
692,11.7126715733,3,17,
693,8.89570127839,3,16,
694,11.9002972243,3,25,
695,8.83158857607,3,27,
696,14.7676320467,3,18,
697,8.07024310918,3,9,
698,8.41204118007,3,21,
699,10.6418930141,3,13,
700,11.4740591821,3,17,
701,12.6022424448,3,34,
702,9.05455144906,3,7,
703,9.07690896606,3,1,
704,7.43367484798,3,3,
705,11.7012684712,3,27,
706,8.59176398553,3,18,
707,6.21300746903,3,0,
708,10.563645423,3,24,
709,6.90158131279,3,3,
710,7.0424294557,3,11,
711,10.4629386786,3,21,
712,7.19892959576,3,4,
713,8.45091584263,3,16,
714,5.47744540765,3,2,
715,6.98609069432,3,18,
716,12.1748120347,3,10,
717,14.5074058191,3,38,
718,13.3435506781,3,18,
719,10.5104350779,3,15,
720,8.16921707788,3,11,
721,15.7584079286,3,25,
722,7.60582450626,3,4,
723,9.57770346481,3,19,
724,5.56843224698,3,3,
725,14.4460100298,3,18,
726,10.2819466583,3,19,
727,7.46604230551,3,5,
728,10.8345062829,3,26,
729,9.63700951167,3,14,
730,7.28527091044,3,16,
731,22.4077303117,3,32,
732,10.4506530755,3,10,
733,8.59917848086,3,5,
734,7.77484326932,3,28,
735,4.77114469793,3,3,
736,15.2268746328,3,24,
737,8.56359584431,3,4,
738,9.71855160771,3,6,
739,9.05455144906,3,18,
740,5.74662307046,3,13,
741,9.01431089319,3,18,
742,12.0566387125,3,26,
743,7.79886167293,3,20,
744,12.6318954683,3,18,
745,14.0193480896,3,17,
746,14.0848589114,3,31,
747,14.648253962,3,33,
748,10.3288976919,3,35,
749,12.7702721127,3,32,
750,13.9440107685,3,31,
751,12.7434450755,3,26,
752,8.16921707788,3,9,
753,20.8142930449,3,22,
754,13.3435506781,3,13,
755,8.10974990022,3,6,
756,5.9558823894,3,8,
757,8.87346275028,3,5,
758,7.88752079207,3,10,
759,8.93186150685,3,14,
760,13.2563367782,3,5,
761,6.30112122241,3,4,
762,13.7718611102,3,17,
763,7.26482217358,3,9,
764,8.00613040687,3,5,
765,8.89570127839,3,16,
766,14.8897096919,3,29,
767,7.4368057432,3,4,
768,13.9283612503,3,33,
769,19.1858606491,3,35,
770,21.1272883671,3,32,
771,9.63700951167,3,11,
772,7.70502157913,3,12,
773,13.565943396,3,16,
774,18.3439720971,3,43,
775,9.01431089319,3,10,
776,9.84161091128,3,15,
777,8.45091584263,3,10,
778,8.3026532044,3,12,
779,10.563645423,3,21,
780,8.80303619989,3,3,
781,14.0848589114,3,34,
782,7.51192491801,3,23,
783,9.75369051485,3,12,
784,14.5116745455,3,23,
785,10.3041876653,4,15,
786,10.8171710887,4,4,
787,8.04849045238,4,4,
788,9.19222407591,4,6,
789,13.3487837104,4,25,
790,7.27717718685,4,16,
791,5.98606590497,4,10,
792,12.7434450755,4,24,
793,8.65212853775,4,6,
794,8.19112838654,4,14,
795,7.67624857771,4,3,
796,7.68265166746,4,5,
797,7.56134497111,4,1,
798,20.4418751658,4,24,
799,6.69030909844,4,2,
800,12.072736918,4,28,
801,9.82664557919,4,10,
802,12.9893703257,4,14,
803,8.45091584263,4,6,
804,8.71919860981,4,14,
805,11.2678861375,4,24,
806,8.31006769972,4,2,
807,15.9882176208,4,18,
808,10.7044935659,4,25,
809,9.19222407591,4,5,
810,12.4781469463,4,13,
811,6.33818626224,4,10,
812,11.1902508435,4,33,
813,8.91684411711,4,12,
814,10.0158998907,4,5,
815,17.2148294864,4,33,
816,26.4795401079,4,45,
817,5.98606590497,4,4,
818,13.3435506781,4,15,
819,11.8609342115,4,6,
820,10.685847015,4,11,
821,9.57770346481,4,25,
822,8.02836893498,4,7,
823,15.4933452983,4,32,
824,8.87346275028,4,10,
825,7.51192491801,4,6,
826,9.50727939335,4,24,
827,8.60741350375,4,13,
828,19.7188019802,4,18,
829,13.3435506781,4,27,
830,14.8673521749,4,29,
831,10.8426718956,4,16,
832,11.2678861375,4,20,
833,11.9475928299,4,22,
834,7.88752079207,4,26,
835,9.38990676725,4,4,
836,9.01431089319,4,7,
837,16.4323362229,4,26,
838,9.71855160771,4,8,
839,13.2045567788,4,10,
840,14.0848589114,4,19,
841,10.9439364004,4,26,
842,10.563645423,4,11,
843,5.63394306877,4,6,
844,8.59917848086,4,3,
845,14.8531255655,4,27,
846,11.2678861375,4,23,
847,16.3087836113,4,18,
848,14.8261671447,4,15,
849,11.2678861375,4,11,
850,8.45091584263,4,10,
851,18.0286193074,4,27,
852,13.6824360001,4,35,
853,11.2678861375,4,20,
854,7.32412822045,4,3,
855,11.9721318099,4,29,
856,9.089430068,4,13,
857,7.20620774965,4,4,
858,13.3733078168,4,18,
859,7.83630351092,4,1,
860,11.2678861375,4,17,
861,10.0158998907,4,30,
862,11.5182858659,4,18,
863,10.1723975518,4,13,
864,16.1553325616,4,7,
865,17.3847406662,4,32,
866,19.2740190233,4,25,
867,31.9256864791,4,31,
868,11.4087367594,4,21,
869,19.7188019802,4,36,
870,13.0014080352,4,25,
871,20.2821970307,4,18,
872,6.76073316989,4,20,
873,17.8676496471,4,34,
874,7.74667264916,4,4,
875,8.35358788693,4,10,
876,9.85940222955,4,6,
877,10.2718326025,4,10,
878,12.8172231463,4,28,
879,8.37478030436,4,5,
880,6.5302516863,4,8,
881,12.6022424448,4,24,
882,6.25993867114,4,2,
883,7.51192491801,4,1,
884,10.106043892,4,3,
885,14.8261671447,4,21,
886,8.36625772498,4,11,
887,11.2678861375,4,12,
888,8.59176398553,4,19,
889,11.1196259782,4,18,
890,8.60741350375,4,8,
891,25.9161524942,4,20,
892,11.8938817399,4,12,
893,11.9439611898,4,15,
894,10.4105488611,4,20,
895,9.38990676725,4,16,
896,7.88752079207,4,2,
897,9.70290456843,4,17,
898,8.70700472733,4,5,
899,7.00253595076,4,3,
900,9.69631307961,4,8,
901,20.0005007449,4,35,
902,8.56979318243,4,4,
903,13.3435506781,4,5,
904,12.181500202,4,23,
905,10.2522738034,4,18,
906,15.4933452983,4,27,
907,7.53406428871,4,15,
908,6.88593179458,4,4,
909,6.76073316989,4,9,
910,14.0848589114,4,29,
911,14.0848589114,4,21,
912,11.8312811881,4,12,
913,11.097161867,4,14,
914,8.45091584263,4,3,
915,11.8609342115,4,16,
916,11.2678861375,4,10,
917,17.7469230216,4,13,
918,13.5214638608,4,32,
919,15.023849836,4,15,
920,18.3103180722,4,31,
921,6.69030909844,4,6,
922,12.1513786598,4,19,
923,12.7311024569,4,8,
924,9.85940222955,4,8,
925,15.4933452983,4,10,
926,11.8312811881,4,13,
927,15.023849836,4,11,
928,14.4655316448,4,29,
929,17.4652267358,4,15,
930,7.88752079207,4,6,
931,7.17047389805,4,13,
932,15.4933452983,4,32,
933,11.1615869152,4,32,
934,9.38990676725,4,14,
935,13.1952880399,4,17,
936,6.39365987521,4,4,
937,8.31006769972,4,3,
938,10.378317745,4,8,
939,9.12162400006,4,7,
940,7.74667264916,4,2,
941,11.5182858659,4,22,
942,12.5723340911,4,9,
943,14.0848589114,4,36,
944,7.98142038032,4,3,
945,11.9721318099,4,9,
946,9.96774657349,4,4,
947,12.6763725245,4,28,
948,8.73261212844,4,5,
949,15.5834892997,4,41,
950,14.7555670688,4,10,
951,7.32412822045,4,3,
952,9.26470814256,4,18,
953,11.2678861375,4,32,
954,8.6925500559,4,13,
955,12.2786174482,4,32,
956,12.7233235581,4,8,
957,10.3327945781,4,7,
958,9.01431089319,4,3,
959,11.9721318099,4,18,
960,9.38990676725,4,5,
961,9.15515903609,4,6,
962,12.2068795411,4,9,
963,9.63700951167,4,9,
964,9.01431089319,4,5,
965,10.0817949474,4,8,
966,11.5495849023,4,7,
967,13.3023656479,4,29,
968,7.98142038032,4,13,
969,17.6530234334,4,35,
970,12.8866606015,4,31,
971,12.7505050831,4,17,
972,12.6763725245,4,26,
973,8.76391116488,4,7,
974,6.42136445554,4,6,
975,9.66831846385,4,11,
976,7.32412822045,4,2,
977,6.19733811933,4,10,
978,8.45091584263,4,9,
979,12.4539798066,4,8,
980,6.31001812102,4,18,
981,7.85787024757,4,1,
982,11.1196259782,4,2,
983,18.0286193074,4,27,
984,4.50715544659,4,4,
985,6.67177657852,4,8,
986,16.6931673108,4,11,
987,8.45091584263,4,14,
988,7.46306014641,4,4,
989,8.89570127839,4,2,
990,12.181500202,4,17,
991,12.5198748633,4,24,
992,10.2020059544,4,4,
993,10.2546659759,4,6,
994,15.4933452983,4,18,
995,7.75995974209,4,20,
996,13.3023656479,4,14,
997,11.5568085196,4,8,
998,8.02836893498,4,7,
999,7.11655953535,4,7,
1000,10.7044935659,4,24,
1001,15.9628407606,4,18,
1002,15.8454656556,4,25,
1003,25.6088388915,4,35,
1004,13.5214638608,4,14,
1005,10.9548908153,4,26,
1006,17.7066799868,4,29,
1007,7.72395568655,4,1,
1008,10.378317745,4,12,
1009,8.85334123287,4,3,
1010,6.33818626224,4,19,
1011,21.1272883671,4,32,
1012,13.541481263,4,17,
1013,16.9018316853,4,9,
1014,12.4539798066,4,13,
1015,20.9102327968,4,26,
1016,9.15515903609,4,3,
1017,11.1196259782,4,12,
1018,12.050379401,4,8,
1019,9.01431089319,4,10,
1020,10.1410985154,4,14,
1021,11.6790076326,4,17,
1022,8.07531996857,4,7,
1023,10.0418345112,4,13,
1024,11.5898279371,4,10,
1025,8.45091584263,4,15,
1026,7.88752079207,4,7,
1027,7.97705993322,4,10,
1028,15.023849836,4,19,
1029,11.5015778423,4,21,
1030,15.2742470854,4,19,
1031,14.0848589114,4,31,
1032,8.08348310234,4,10,
1033,8.87346275028,4,12,
1034,17.9213880054,4,19,
1035,8.63871501912,4,12,
1036,9.26470814256,4,9,
1037,9.78526967097,4,33,
1038,14.3978567126,4,22,
1039,8.45091584263,4,15,
1040,10.1122065251,4,19,
1041,11.9439611898,4,24,
1042,13.3023656479,4,7,
1043,14.4306232787,4,12,
1044,16.7006189901,4,23,
1045,8.45091584263,4,8,
1046,8.45091584263,4,4,
1047,13.8902327472,4,41,
1048,10.6588117472,4,8,
1049,14.3978567126,4,18,
1050,10.0817949474,4,4,
1051,9.92647230162,4,12,
1052,12.072736918,4,32,
1053,8.9903371104,4,10,
1054,7.32412822045,4,14,
1055,15.2921326032,4,28,
1056,10.8231031807,4,10,
1057,11.1196259782,4,3,
1058,12.1129799529,4,11,
1059,10.6748405425,4,3,
1060,10.1563266146,4,17,
1061,11.6904330452,4,8,
1062,10.8453417088,4,24,
1063,7.32412822045,4,6,
1064,11.5495849023,4,18,
1065,7.18327759861,4,4,
1066,12.8775852196,4,22,
1067,14.4872843016,4,24,
1068,10.8581454094,4,5,
1069,12.5566523467,4,17,
1070,14.8261671447,4,18,
1071,10.1723975518,4,10,
1072,12.4336128746,4,34,
1073,12.5198748633,4,20,
1074,12.5198748633,4,29,
1075,14.965163523,4,29,
1076,11.4161487758,4,6,
1077,9.89746875922,4,18,
1078,6.14612083818,4,14,
1079,8.1543930451,4,3,
1080,11.9721318099,4,15,
1081,15.7750415841,4,18,
1082,10.2435330777,4,5,
1083,10.2300551067,4,12,
1084,14.8261671447,4,9,
1085,11.8312811881,4,26,
1086,9.96774657349,4,19,
1087,8.84632832506,4,13,
1088,9.01431089319,4,11,
1089,10.8453417088,4,9,
1090,8.647448308,4,8,
1091,13.3806157179,4,21,
1092,14.8261671447,4,15,
1093,15.7750415841,4,20,
1094,5.55345947808,4,1,
1095,16.9018316853,4,14,
1096,13.6153634491,4,27,
1097,6.25993867114,4,4,
1098,12.8954707374,4,10,
1099,8.71919860981,4,5,
1100,11.5223537986,4,18,
1101,7.36960180863,4,17,
1102,11.5992949908,4,13,
1103,12.6763725245,4,18,
1104,13.2045567788,4,25,
1105,8.11287831651,4,13,
1106,17.3352115399,4,28,
1107,11.2678861375,4,2,
1108,6.40220972288,4,16,
1109,9.13612577126,4,14,
1110,10.8837552894,4,31,
1111,16.0122608137,4,26,
1112,13.4879238669,4,24,
1113,14.0087233731,4,6,
1114,12.1574570091,4,11,
1115,11.9721318099,4,26,
1116,9.05455144906,4,10,
1117,13.2003301942,4,21,
1118,14.0848589114,4,21,
1119,12.8524339426,4,13,
1120,7.46497636335,4,4,
1121,15.4933452983,4,18,
1122,15.7915215457,4,25,
1123,13.1315496568,4,4,
1124,13.1458679868,4,14,
1125,6.00953894283,4,21,
1126,9.90208205771,4,12,
1127,9.67643945572,4,10,
1128,11.2678861375,4,7,
1129,11.8312811881,4,16,
1130,11.1196259782,4,18,
1131,8.98385717367,4,2,
1132,19.2493065179,4,10,
1133,8.33823584094,4,3,
1134,12.3242521672,4,14,
1135,17.825656484,4,24,
1136,11.2678861375,4,18,
1137,9.85940222955,4,15,
1138,12.4336128746,4,33,
1139,8.65212853775,4,2,
1140,12.9580712892,4,24,
1141,9.15515903609,5,2,
1142,9.23966841762,5,3,
1143,11.8609342115,5,2,
1144,21.9415343122,5,37,
1145,18.3103180722,5,13,
1146,10.378317745,5,2,
1147,6.40220972288,5,19,
1148,9.76550264131,5,2,
1149,5.84521776207,5,1,
1150,7.09876821708,5,5,
1151,10.7478303119,5,5,
1152,30.2824498821,5,37,
1153,18.7798110556,5,20,
1154,9.63700951167,5,8,
1155,21.1272883671,5,39,
1156,11.042531092,5,14,
1157,7.0424294557,5,7,
1158,13.0014080352,5,16,
1159,9.23966841762,5,3,
1160,17.5278248087,5,27,
1161,9.65818953443,5,18,
1162,5.28182271151,5,6,
1163,17.2148294864,5,12,
1164,8.04849045238,5,7,
1165,37.5596121954,5,18,
1166,2.81697277385,5,10,
1167,19.7949375184,5,32,
1168,11.1196259782,5,6,
1169,14.5296443472,5,12,
1170,15.7750415841,5,9,
1171,14.648253962,5,13,
1172,15.7750415841,5,26,
1173,11.1505135114,5,4,
1174,22.8040575212,5,11,
1175,11.6353188778,5,19,
1176,12.2068795411,5,15,
1177,26.2917359736,5,26,
1178,13.1458679868,5,20,
1179,22.8878975902,5,10,
1180,18.7798110556,5,16,
1181,18.3103180722,5,22,
1182,14.3978567126,5,10,
1183,17.5779042586,5,15,
1184,9.63700951167,5,11,
1185,11.8044541509,5,27,
1186,13.8881826678,5,20,
1187,9.15515903609,5,6,
1188,10.4227972801,5,1,
1189,9.85940222955,5,6,
1190,8.11287831651,5,7,
1191,20.5638957955,5,14,
1192,11.2678861375,5,18,
1193,15.4933452983,5,9,
1194,17.8877711645,5,23,
1195,5.63394306877,5,9,
1196,24.6641538526,5,19,
1197,18.3103180722,5,8,
1198,5.32094774652,5,11,
1199,13.9018961376,5,30,
1200,11.7126715733,5,5,
1201,14.3409477961,5,19,
1202,8.67330856051,5,7,
1203,10.2819466583,5,6,
1204,7.15013175541,5,26,
1205,18.7328625009,5,6,
1206,6.19733811933,5,8,
1207,14.648253962,5,19,
1208,13.2961063364,5,30,
1209,9.65818953443,5,6,
1210,15.4583551273,5,30,
1211,21.4089871318,5,21,
1212,16.9018316853,5,11,
1213,21.0531582875,5,16,
1214,17.880210412,5,16,
1215,14.5296443472,5,10,
1216,13.3437142878,5,5,
1217,17.6060748787,5,22,
1218,10.481756276,5,9,
1219,16.2758385618,5,18,
1220,16.5731843659,5,11,
1221,20.5404202787,5,20,
1222,8.45091584263,5,18,
1223,11.4020287606,5,27,
1224,15.2921326032,5,9,
1225,7.51192491801,5,2,
1226,26.2917359736,5,28,
1227,12.4620958406,5,32,
1228,24.4513149512,5,30,
1229,10.4791360415,5,9,
1230,33.8036534548,5,21,
1231,18.8341319636,5,15,
1232,8.78895088981,5,1,
1233,10.1410985154,5,4,
1234,13.3020533021,5,6,
1235,13.7041886569,5,28,
1236,9.85940222955,5,15,
1237,12.5680281805,5,5,
1238,8.73261212844,5,3,
1239,12.8987652424,5,9,
1240,20.1212273704,5,31,
1241,17.0392440239,5,7,
1242,32.0110362197,5,13,
1243,15.4933452983,5,11,
1244,10.2327447515,5,12,
1245,12.3946762387,5,6,
1246,15.4933452983,5,18,
1247,29.171316736,5,28,
1248,11.02293263,5,5,
1249,12.497110801,5,8,
1250,17.0500943235,5,18,
1251,18.2722490636,5,25,
1252,12.181500202,5,8,
1253,14.0848589114,5,12,
1254,7.88752079207,5,7,
1255,15.2711161902,5,5,
1256,16.0055205888,5,6,
1257,24.2729555601,5,31,
1258,12.3410196852,5,9,
1259,13.5214638608,5,3,
1260,18.3103180722,5,15,
1261,17.0359718294,5,15,
1262,9.01431089319,5,0,
1263,11.4369049006,5,10,
1264,14.648253962,5,14,
1265,8.25664168726,5,5,
1266,18.2539768319,5,24,
1267,4.88275132065,5,3,
1268,14.0848589114,5,26,
1269,11.9836241538,5,30,
1270,11.2678861375,5,4,
1271,12.2791082774,5,19,
1272,15.6498429595,5,29,
1273,12.5198748633,5,3,
1274,20.8608177016,5,33,
1275,10.1410985154,5,2,
1276,11.2678861375,5,15,
1277,19.7188019802,5,14,
1278,16.5360276054,5,33,
1279,6.88593179458,5,9,
1280,10.2300551067,5,4,
1281,9.5575819474,5,30,
1282,13.3806157179,5,32,
1283,7.70960760934,5,3,
1284,10.0817949474,5,6,
1285,19.8314819819,5,28,
1286,21.1272883671,5,19,
1287,6.33818626224,5,3,
1288,9.63700951167,5,11,
1289,12.072736918,5,13,
1290,12.3946762387,5,12,
1291,14.0848589114,5,24,
1292,11.9721318099,5,12,
1293,12.3242521672,5,26,
1294,16.9018316853,5,35,
1295,21.5341857565,5,25,
1296,11.5182858659,5,1,
1297,11.2678861375,5,32,
1298,7.74667264916,5,5,
1299,18.0286193074,5,24,
1300,4.88275132065,5,36,
1301,13.1458679868,5,8,
1302,11.2678861375,5,7,
1303,28.7957084673,5,24,
1304,14.0126301751,5,6,
1305,8.45091584263,5,5,
1306,23.7218684231,5,19,
1307,9.63700951167,5,2,
1308,11.4513174301,5,6,
1309,20.6960106495,5,32,
1310,9.15515903609,5,22,
1311,6.19733811933,5,1,
1312,18.3103180722,5,29,
1313,14.752037065,5,11,
1314,7.37778229495,5,15,
1315,16.8377264197,5,7,
1316,17.5278248087,5,17,
1317,17.7066799868,5,30,
1318,6.19733811933,5,3,
1319,28.1697277385,5,30,
1320,9.76550264131,5,2,
1321,19.5638685272,5,17,
1322,15.4933452983,5,37,
1323,10.378317745,5,18,
1324,13.7041886569,5,17,
1325,15.6341934412,5,7,
1326,12.94284319,5,8,
1327,15.2268746328,5,6,
1328,10.1410985154,5,11,
1329,9.15515903609,5,3,
1330,12.6022424448,5,7,
1331,12.3946762387,5,15,
1332,8.1543930451,5,9,
1333,21.1272883671,5,34,
1334,19.8939065293,5,24,
1335,12.8479669013,5,3,
1336,7.70960760934,5,2,
1337,7.35542725688,5,18,
1338,15.0675237172,5,24,
1339,10.2300551067,5,6,
1340,15.4933452983,5,23,
1341,9.9335323092,5,4,
1342,21.6906834177,5,14,
1343,11.8312811881,5,11,
1344,7.98142038032,5,16,
1345,14.8320620527,5,27,
1346,9.38990676725,5,16,
1347,9.01431089319,5,5,
1348,8.45091584263,5,21,
1349,8.45091584263,5,23,
1350,11.564411414,5,4,
1351,16.9018316853,5,16,
1352,15.6498429595,5,12,
1353,9.85940222955,5,14,
1354,11.3304866894,5,0,
1355,16.6457428006,5,13,
1356,22.535774754,5,11,
1357,19.7188019802,5,25,
1358,13.2961063364,5,28,
1359,15.2921326032,5,17,
1360,11.2678861375,5,15,
1361,10.0002503725,5,5,
1362,13.6153634491,5,15,
1363,11.5182858659,5,2,
1364,16.7676890622,5,26,
1365,10.4814835932,5,8,
1366,12.3946762387,5,19,
1367,18.5436577681,5,20,
1368,15.3670014056,5,15,
1369,8.42668920845,5,11,
1370,9.68334081145,5,23,
1371,9.03135357301,5,9,
1372,12.6022424448,5,21,
1373,7.18327759861,5,2,
1374,12.5198748633,5,24,
1375,11.6801281114,5,11,
1376,7.88752079207,5,3,
1377,7.88752079207,5,3,
1378,7.88752079207,5,2,
1379,26.0569808056,5,17,
1380,10.1532800032,5,21,
1381,19.4371056944,5,32,
1382,14.648253962,5,10,
1383,6.33818626224,5,3,
1384,14.0848589114,5,11,
1385,16.160523452,5,13,
1386,16.2758385618,5,23,
1387,10.8231031807,5,4,
1388,18.3666568336,5,31,
1389,15.2116490125,5,29,
1390,14.8261671447,5,20,
1391,8.63871501912,5,1,
1392,10.2435330777,5,5,
1393,10.2662971401,5,2,
1394,16.2981935999,5,14,
1395,20.5133329532,5,26,
1396,7.88752079207,5,1,
1397,33.8036534548,5,16,
1398,11.9117672577,5,17,
1399,12.1129799529,5,9,
1400,11.8656491464,5,12,
1401,23.4747656786,5,9,
1402,13.7851804293,5,24,
1403,8.89570127839,5,1,
1404,38.2638776993,5,38,
1405,13.3274549515,5,6,
1406,15.4933452983,5,15,
1407,19.7065411664,5,18,
1408,25.3527400911,5,27,
1409,22.535774754,5,9,
1410,17.7066799868,5,21,
1411,14.7609314847,5,32,
1412,15.023849836,5,26,
1413,5.63394306877,5,4,
1414,13.3806157179,5,20,
1415,16.3087836113,5,19,
1416,18.2274646194,5,30,
1417,14.0848589114,5,10,
1418,11.1196259782,5,11,
1419,8.89570127839,5,5,
1420,9.15515903609,5,21,
1421,10.0606124457,5,5,
1422,9.20210759075,5,12,
1423,13.1487584253,5,24,
1424,12.2621126974,5,16,
1425,14.1975389131,5,12,
1426,6.00953894283,5,1,
1427,6.10343853108,5,25,
1428,16.4792847776,5,24,
1429,11.8609342115,5,5,
1430,10.563645423,5,9,
1431,8.60741350375,5,1,
1432,22.535774754,5,23,
1433,15.5496840597,5,32,
1434,14.6779069854,5,22,
1435,12.2052335281,5,22,
1436,20.0005007449,5,13,
1437,7.85787024757,5,6,
1438,7.46497636335,5,21,
1439,16.1193384218,5,26,
1440,10.463037836,5,3,
1441,12.1442789893,5,5,
1442,11.3903653703,5,7,
1443,19.0145612656,5,6,
1444,8.51642666442,5,2,
1445,6.55252244056,5,2,
1446,47.5755269597,5,28,
1447,8.69247072997,5,3,
1448,10.6418930141,5,10,
1449,14.3978567126,5,14,
1450,26.2100550572,5,28,
1451,13.7718611102,5,33,
1452,16.7495630877,5,23,
1453,15.303357222,5,13,
1454,10.4506530755,5,22,
1455,10.2197105099,5,4,
1456,8.23422467582,5,2,
1457,9.38990676725,5,25,
1458,9.15515903609,5,2,
1459,17.5528645336,5,22,
1460,12.3242521672,5,18,
1461,9.81915919474,5,5,
1462,11.2678861375,5,24,
1463,16.9018316853,5,9,
1464,24.0381607292,5,26,
1465,8.45091584263,5,3,
1466,29.1086988317,5,30,
1467,9.63700951167,5,5,
1468,11.1196259782,5,1,
1469,5.45337494639,5,14,
1470,11.085488561,5,19,
1471,15.6498429595,5,15,
1472,15.023849836,5,24,
