,O3,NO2,NO,SO2,PM10
1,32,48,94,8,27
2,29,49,86,6,25
3,32,34,16,20,32
4,32,35,79,9,22
5,33,50,108,11,24
6,27,58,92,16,26
7,34,53,100,17,29
8,22,51,99,18,30
9,30,40,45,16,29
10,35,43,37,6,24
11,27,53,102,16,46
12,23,58,153,35,46
13,28,29,54,13,44
14,34,29,43,4,67
15,35,29,42,5,33
16,45,37,21,10,32
17,36,30,14,3,29
18,26,45,106,15,44
19,23,52,87,9,28
20,16,49,111,14,49
21,23,48,175,18,56
22,25,49,64,13,43
23,20,43,41,30,40
24,36,41,58,8,23
25,26,52,67,16,45
26,34,46,31,15,46
27,34,36,44,4,31
28,41,29,53,21,42
29,38,38,25,45,39
30,38,47,40,63,107
31,37,62,97,13,41
32,43,23,17,3,30
33,36,29,42,8,29
34,38,26,31,4,26
35,34,33,44,9,30
36,30,33,47,5,30
37,33,27,39,6,26
38,41,15,10,3,20
39,42,23,12,2,19
40,37,32,39,9,41
41,33,40,44,10,32
42,34,31,52,5,32
43,36,30,37,6,16
44,25,29,50,5,22
45,35,27,17,5,108
46,41,36,30,15,109
47,46,44,89,10,65
48,41,40,94,4,47
49,34,78,140,28,93
50,39,46,62,15,105
51,29,41,51,5,27
52,32,31,60,3,49
53,29,38,60,6,62
54,20,49,139,12,34
55,25,48,105,6,61
56,32,32,59,4,60
57,24,26,34,3,39
58,22,28,58,7,57
59,34,24,17,6,52
60,25,27,48,5,41
61,30,39,74,34,53
62,30,29,57,9,36
63,32,36,54,3,101
64,34,33,44,3,26
65,29,48,99,18,58
66,28,26,26,5,40
67,24,34,100,3,28
68,22,33,71,19,34
69,27,43,104,8,24
70,23,41,122,6,128
71,22,34,64,38,55
72,52,51,40,123,59
73,32,40,80,7,84
74,30,21,15,7,24
75,29,36,79,22,64
76,53,46,108,11,68
77,32,43,95,4,96
78,23,49,47,178,101
79,40,35,35,121,51
80,33,27,34,19,44
81,71,61,52,11,77
82,26,50,86,93,97
83,22,39,49,8,37
84,14,45,68,38,70
85,20,50,63,13,78
86,27,71,120,147,95
87,31,42,38,11,82
88,28,27,56,3,33
89,46,52,59,9,48
90,65,60,99,28,97
91,30,31,44,8,28
92,36,44,56,24,63
93,27,28,58,10,71
94,36,20,18,4,37
95,31,16,8,8,16
96,30,29,40,38,34
97,33,36,47,59,38
98,40,46,138,313,85
99,38,58,103,24,119
100,29,36,36,6,54
101,37,34,55,102,38
102,40,48,66,136,84
103,42,54,125,14,70
104,25,34,90,8,52
105,24,39,57,4,30
106,33,33,71,6,23
107,48,62,89,18,73
108,55,41,21,28,65
109,38,47,18,62,64
110,27,45,121,5,69
111,27,33,73,15,88
112,38,60,125,5,50
113,36,44,129,45,73
114,31,51,80,22,56
115,34,47,58,6,38
116,32,37,58,8,27
117,27,30,23,8,44
118,29,38,48,15,41
119,33,45,51,8,28
120,33,48,125,21,67
121,32,43,78,10,36
122,32,46,203,98,47
123,46,41,127,41,53
124,36,34,19,5,24
125,40,16,9,4,20
126,45,42,57,2,18
127,44,33,44,4,21
128,25,31,51,14,24
129,25,49,75,9,30
130,24,45,80,11,36
131,40,35,21,6,46
132,38,35,12,52,31
133,41,33,34,9,61
134,42,36,32,8,70
135,43,28,29,4,41
136,39,45,43,6,32
137,33,46,101,68,53
138,29,29,14,55,36
139,40,55,17,13,61
140,31,57,132,25,87
141,37,82,70,20,71
142,58,85,189,20,121
143,69,86,256,28,148
144,64,70,68,33,58
145,71,52,66,23,68
146,44,45,34,7,65
147,40,19,21,4,20
148,26,32,34,7,29
149,24,31,63,9,29
150,29,31,36,5,17
151,25,34,45,5,18
152,30,25,24,6,18
153,33,34,44,5,18
154,36,28,37,47,31
155,32,37,53,24,20
156,36,40,41,6,23
157,35,37,55,11,27
158,33,39,48,5,24
159,33,25,19,11,21
160,26,39,17,11,39
161,28,54,71,21,50
162,50,43,40,70,61
163,59,78,49,18,63
164,29,43,53,11,43
165,23,43,44,10,31
166,27,35,41,8,27
167,35,25,13,5,23
168,35,23,11,5,21
169,34,38,60,5,24
170,30,31,29,5,18
171,31,40,47,5,23
172,35,42,70,5,25
173,18,36,59,13,35
174,34,23,20,14,20
175,27,45,73,7,33
176,29,30,44,5,20
177,24,33,34,6,17
178,27,30,48,13,17
179,30,26,40,16,29
180,32,27,38,6,21
181,23,25,52,11,30
182,31,25,34,5,24
183,24,27,39,11,39
184,25,29,45,9,28
185,19,24,59,6,31
186,14,33,94,8,38
187,24,27,75,9,18
188,28,32,44,9,22
189,26,27,59,15,34
190,23,27,70,9,30
191,23,32,45,14,25
192,33,29,97,14,30
193,25,21,36,8,24
194,27,14,25,4,26
195,20,16,22,4,26
196,42,27,45,9,42
197,37,28,33,8,33
198,57,38,31,12,39
199,45,48,33,98,53
200,63,79,204,21,86
201,33,19,15,14,18
202,46,30,30,11,38
203,30,36,37,7,39
204,32,41,84,5,43
205,19,46,80,16,55
206,20,28,75,21,53
207,24,29,71,15,48
208,39,21,22,14,26
209,38,13,9,3,19
210,40,26,45,5,39
211,42,42,49,13,70
212,41,43,68,15,83
213,27,52,67,13,53
214,29,41,64,11,45
215,25,29,30,11,31
216,34,30,42,6,19
217,20,46,94,17,34
218,24,39,121,15,28
219,18,31,96,11,27
220,20,24,49,19,30
221,24,25,47,5,17
222,25,32,41,4,18
223,35,30,63,11,33
224,24,32,73,40,50
225,37,32,26,88,50
226,59,38,25,49,81
227,52,60,79,13,78
228,34,39,47,11,41
229,63,37,34,13,65
230,74,37,14,107,63
231,70,34,32,7,64
232,32,46,85,10,33
233,29,49,104,16,50
234,32,58,71,65,69
235,31,50,105,30,100
236,46,54,41,12,42
237,36,44,28,12,56
238,32,33,15,44,27
239,36,36,22,50,39
240,19,54,35,15,51
241,14,53,103,20,68
242,25,48,98,13,48
243,26,62,138,21,82
244,28,49,62,13,59
245,29,51,55,7,34
246,34,62,48,104,51
247,52,40,20,21,43
248,37,46,57,17,53
249,31,49,100,13,33
250,32,53,101,8,35
251,27,47,63,4,25
252,27,47,73,29,26
253,30,37,52,18,21
254,35,29,15,10,29
255,23,47,82,11,29
256,31,52,83,34,29
257,39,37,82,9,37
258,40,33,32,2,25
259,31,35,37,4,30
260,26,36,24,3,21
261,36,27,20,5,20
262,36,28,13,3,19
263,36,35,38,6,24
264,27,36,49,7,33
265,32,30,39,5,35
266,34,25,32,7,36
267,26,31,28,7,43
268,27,38,51,2,18
269,31,48,95,12,43
270,41,41,89,19,41
271,25,48,47,14,39
272,27,37,46,8,20
273,28,36,37,5,21
274,38,27,17,4,21
275,32,29,12,23,21
276,33,48,32,9,23
277,30,49,35,20,64
278,15,46,73,9,39
279,23,44,71,10,25
280,33,55,60,27,23
281,32,50,66,11,29
282,28,35,25,9,28
283,36,35,20,4,19
284,16,43,88,19,53
285,16,46,71,5,19
286,39,49,82,18,47
287,37,25,24,10,43
288,30,50,70,10,27
289,30,47,60,6,34
290,28,42,77,8,46
291,30,52,72,15,45
292,28,58,101,13,60
293,41,41,32,86,51
294,34,66,73,16,68
295,35,41,39,7,24
296,42,40,63,6,27
297,32,54,77,6,30
298,23,42,70,7,40
299,29,33,32,8,18
300,35,37,32,10,39
301,43,55,114,20,67
302,64,44,28,10,47
303,68,52,9,48,77
304,46,105,103,9,62
305,25,36,39,6,32
306,31,39,31,15,27
307,21,33,32,12,35
308,20,33,29,5,32
309,29,41,33,8,31
310,34,38,41,9,27
311,28,32,38,11,31
312,27,40,53,4,47
313,26,30,47,3,31
314,21,47,67,5,37
315,28,50,92,11,38
316,33,31,33,1,18
317,23,31,37,1,18
318,22,37,97,3,19
319,22,38,70,11,21
320,20,49,101,14,30
321,25,37,68,5,23
322,32,32,38,3,20
323,26,30,36,4,16
324,27,36,24,4,24
325,27,29,37,3,22
326,25,39,90,8,31
327,17,27,117,3,25
328,12,38,116,2,19
329,22,32,73,19,19
330,14,33,86,28,38
331,32,19,20,3,16
332,27,24,39,6,20
333,32,33,24,13,28
334,38,45,90,12,40
335,49,47,36,130,69
336,40,51,52,89,75
337,84,53,46,13,57
338,80,40,13,14,53
339,67,49,55,10,64
340,53,36,56,10,39
341,23,23,30,4,23
342,26,33,50,8,33
343,14,27,112,8,35
344,28,23,44,6,22
345,25,31,28,5,27
346,19,34,72,5,37
347,18,33,68,13,41
348,17,33,86,7,23
349,17,52,135,3,27
350,33,47,78,2,33
351,28,37,17,10,40
352,8,53,239,16,70
353,18,56,173,24,105
354,36,53,189,17,60
355,28,38,49,8,30
356,31,38,32,9,151
357,28,39,49,6,43
358,23,39,65,4,160
359,38,19,12,2,185
360,21,44,58,5,67
361,26,45,101,10,38
362,29,41,70,15,74
363,35,60,103,12,82
364,27,41,77,2,90
365,27,33,22,15,37
366,22,37,25,9,42
367,37,50,114,5,23
368,39,24,20,2,20
369,28,35,27,6,28
370,44,46,167,17,53
371,58,59,151,14,69
372,40,47,44,27,66
373,34,34,34,4,51
374,34,18,12,1,14
375,26,31,33,4,28
376,24,34,77,6,20
377,25,43,60,5,26
378,29,41,76,8,56
379,18,44,40,7,44
380,31,30,37,5,31
381,32,34,39,6,35
382,37,40,47,6,29
383,25,37,58,7,29
384,42,36,122,84,61
385,32,36,34,6,52
386,33,31,30,4,50
387,39,43,30,5,53
388,26,40,51,5,60
389,32,29,31,4,27
390,23,29,29,4,28
391,32,36,24,5,27
392,38,43,77,61,34
393,36,38,19,3,29
394,30,26,22,7,45
395,35,37,36,129,40
396,33,56,124,150,63
397,39,66,139,70,103
398,53,27,28,83,41
399,44,9,4,1,42
400,43,20,20,5,50
401,36,24,20,9,38
402,39,40,32,133,173
403,53,30,26,35,45
404,35,51,42,55,36
405,30,26,24,5,31
406,33,25,13,7,39
407,23,32,39,9,30
408,36,35,42,75,41
409,27,34,63,6,33
410,14,48,95,12,32
411,25,36,50,7,26
412,25,19,18,2,24
413,26,36,31,5,22
414,27,38,51,59,38
415,35,45,78,13,56
416,28,47,99,10,50
417,26,37,48,6,34
418,16,34,69,29,43
419,14,25,27,7,19
420,32,18,12,14,25
421,22,26,37,6,23
422,21,36,58,8,29
423,32,36,35,32,36
424,37,19,21,3,13
425,29,19,20,4,34
426,29,28,20,3,32
427,28,19,11,3,18
428,31,32,62,4,28
429,19,37,71,5,38
430,17,40,70,8,35
431,8,32,73,10,34
432,30,35,55,6,39
433,28,19,17,4,24
434,25,20,16,4,18
435,20,27,54,5,29
436,30,44,50,47,52
437,57,81,136,40,91
438,9,34,70,148,67
439,24,38,61,242,103
440,43,42,36,14,59
441,26,37,19,5,38
442,22,32,27,7,29
443,16,29,48,14,28
444,18,31,65,11,22
445,20,30,35,3,29
446,28,23,21,6,35
447,42,46,67,27,42
448,48,36,30,20,36
449,42,39,37,36,35
450,28,35,29,15,41
451,46,46,47,10,61
452,28,42,55,3,35
453,22,24,28,4,27
454,16,31,64,7,27
455,22,23,17,2,17
456,18,27,62,4,27
457,35,36,171,15,65
458,19,31,52,3,29
459,17,29,86,2,21
460,30,28,25,2,19
461,32,23,14,11,20
462,33,44,91,16,40
463,26,36,35,18,22
464,30,31,20,5,20
465,23,47,133,10,44
466,26,47,45,11,32
467,38,50,76,34,32
468,43,23,18,5,21
469,39,14,12,3,21
470,38,18,10,2,25
471,34,18,7,1,14
472,38,25,22,3,15
473,36,49,44,4,22
474,35,54,46,8,23
475,40,29,36,6,21
476,47,19,14,1,26
477,41,30,13,2,29
478,39,47,10,155,42
479,26,42,119,12,47
480,19,63,221,16,84
481,31,49,45,16,46
482,27,45,94,9,36
483,34,41,55,16,29
484,37,38,22,7,23
485,40,41,18,4,28
486,30,44,57,9,36
487,33,42,76,13,38
488,41,39,45,51,37
489,43,34,17,4,31
490,45,27,21,3,28
491,39,24,15,6,26
492,44,50,36,2,30
493,41,46,39,3,36
494,35,50,62,3,33
495,36,62,120,4,20
496,31,30,25,2,29
497,26,62,36,15,58
498,35,41,39,6,47
499,33,27,7,3,17
500,34,34,28,3,32
501,31,40,27,8,53
502,30,43,27,6,71
503,33,34,34,44,52
504,57,33,37,19,72
505,59,42,20,53,35
506,51,36,10,87,27
507,42,61,89,107,72
508,41,47,55,10,50
509,27,37,62,10,68
510,35,25,22,5,27
511,37,36,30,9,48
512,41,26,17,1,20
513,39,23,22,0,18
514,33,13,12,1,14
515,32,25,38,4,25
516,28,35,35,1,21
517,27,32,31,3,35
518,37,40,29,39,59
519,35,24,12,4,42
520,38,34,12,68,56
521,31,35,35,11,52
522,35,22,20,3,9
523,31,32,35,7,25
524,24,35,62,16,30
525,30,27,18,85,28
526,26,43,33,12,43
527,38,42,66,2,20
528,38,45,59,4,28
529,33,26,60,4,26
530,30,38,81,3,19
531,34,24,25,5,17
532,23,36,53,4,22
533,18,33,22,17,22
534,33,17,7,2,19
535,35,29,23,2,31
536,43,34,23,9,30
537,27,32,54,12,31
538,17,28,88,7,35
539,23,45,86,5,37
540,33,40,31,11,51
541,45,23,11,5,37
542,24,43,85,20,28
543,27,24,31,10,29
544,18,35,80,5,32
545,25,30,50,7,30
546,25,26,47,5,30
547,25,22,48,3,22
548,34,25,33,9,25
549,29,24,20,5,32
550,27,35,53,8,60
551,22,15,15,3,24
552,33,15,14,2,56
553,27,25,31,78,29
554,24,29,43,14,38
555,22,39,54,10,43
556,26,31,39,4,34
557,23,37,68,12,51
558,30,25,14,8,34
559,31,24,20,8,27
560,29,28,50,3,39
561,33,39,104,4,64
562,23,38,74,3,50
563,24,41,62,5,40
564,21,38,80,5,48
565,29,29,49,3,27
566,18,31,20,5,27
567,16,33,120,8,37
568,28,26,50,6,32
569,27,38,44,5,35
570,26,30,61,5,31
571,26,37,53,4,55
572,32,31,57,5,26
573,28,32,26,6,28
574,26,30,57,5,35
575,22,36,86,4,24
576,25,39,74,4,25
577,24,34,88,3,29
578,23,30,41,3,26
