,gameno,month,homeruns,playerstatus,player
1,1,4,1,0,0
2,2,0,1,0,0
3,3,0,1,0,0
4,4,0,1,0,0
5,5,0,0,0,0
6,6,0,0,0,0
7,7,0,0,0,0
8,8,0,0,0,0
9,9,0,0,0,0
10,10,0,0,0,0
11,11,0,0,0,0
12,12,0,0,0,0
13,13,0,3,0,0
14,14,0,0,0,0
16,16,0,1,0,0
17,17,0,0,0,0
18,18,0,0,0,0
19,19,0,1,0,0
20,20,0,0,0,0
22,22,0,0,0,0
23,23,0,1,0,0
24,24,0,0,0,0
25,25,0,0,0,0
26,26,0,0,0,0
27,27,0,1,0,0
28,28,5,1,0,0
29,29,5,0,0,0
30,30,5,0,0,0
31,31,5,0,0,0
32,32,5,0,0,0
33,33,5,0,0,0
34,34,5,1,0,0
35,35,5,0,0,0
36,36,5,1,0,0
37,37,5,0,0,0
38,38,5,1,0,0
39,39,5,0,0,0
40,40,5,1,0,0
41,41,5,0,0,0
42,42,5,1,0,0
43,43,5,3,0,0
45,45,5,0,0,0
46,46,5,1,0,0
47,47,5,2,0,0
48,48,5,1,0,0
49,49,5,1,0,0
50,50,5,0,0,0
51,51,5,0,0,0
52,52,5,1,0,0
53,53,5,1,0,0
54,54,5,0,0,0
55,55,3,0,0,0
59,59,3,1,0,0
60,60,3,0,0,0
61,61,3,0,0,0
62,62,3,1,0,0
63,63,3,0,0,0
64,64,3,1,0,0
65,65,3,1,0,0
66,66,3,0,0,0
67,67,3,0,0,0
68,68,3,0,0,0
69,69,3,1,0,0
70,70,3,1,0,0
71,71,3,0,0,0
72,72,3,0,0,0
73,73,3,0,0,0
74,74,3,0,0,0
75,75,3,0,0,0
76,76,3,1,0,0
77,77,3,1,0,0
78,78,3,0,0,0
79,79,3,1,0,0
80,80,3,0,0,0
81,81,3,1,0,0
82,82,2,0,0,0
83,83,2,0,0,0
84,84,2,0,0,0
85,85,2,0,0,0
86,86,2,0,0,0
87,87,2,0,0,0
88,88,2,0,0,0
89,89,2,1,0,0
90,90,2,2,0,0
91,91,2,0,0,0
92,92,2,0,0,0
93,93,2,0,0,0
94,94,2,0,0,0
95,95,2,2,0,0
96,96,2,0,0,0
97,97,2,0,0,0
98,98,2,1,0,0
99,99,2,0,0,0
100,100,2,0,0,0
101,101,2,0,0,0
102,102,2,0,0,0
103,103,2,0,0,0
104,104,2,1,0,0
105,105,2,1,0,0
106,106,2,0,0,0
107,107,2,0,0,0
108,108,2,0,0,0
109,109,1,0,0,0
110,110,1,0,0,0
111,111,1,0,0,0
112,112,1,0,0,0
114,114,1,0,0,0
115,115,1,1,0,0
116,116,1,0,0,0
117,117,1,0,0,0
118,118,1,1,0,0
119,119,1,0,0,0
120,120,1,0,0,0
121,121,1,0,0,0
122,122,1,0,0,0
123,123,1,0,0,0
124,124,1,2,0,0
125,125,1,1,0,0
126,126,1,1,0,0
127,127,1,0,0,0
128,128,1,0,0,0
129,129,1,1,0,0
130,130,1,1,0,0
132,132,1,0,0,0
133,133,1,1,0,0
134,134,1,0,0,0
135,135,1,0,0,0
136,136,1,0,0,0
137,137,1,1,0,0
138,138,1,0,0,0
139,139,6,2,0,0
140,140,6,2,0,0
141,141,6,0,0,0
142,142,6,1,0,0
143,143,6,0,0,0
144,144,6,1,0,0
145,145,6,1,0,0
146,146,6,0,0,0
147,147,6,0,0,0
148,148,6,0,0,0
149,149,6,0,0,0
150,150,6,0,0,0
151,151,6,0,0,0
152,152,6,1,0,0
153,153,6,0,0,0
154,154,6,0,0,0
155,155,6,1,0,0
156,156,6,0,0,0
157,157,6,1,0,0
158,158,6,0,0,0
159,159,6,0,0,0
160,160,6,0,0,0
161,161,6,1,0,0
162,162,6,2,0,0
163,163,6,2,0,0
164,1,4,0,0,1
165,2,0,0,0,1
166,3,0,0,0,1
167,4,0,0,0,1
168,5,0,1,0,1
169,6,0,0,0,1
170,7,0,0,0,1
171,8,0,0,0,1
172,9,0,0,0,1
173,10,0,0,0,1
174,11,0,1,0,1
175,12,0,0,0,1
176,13,0,0,0,1
177,14,0,1,0,1
178,15,0,0,0,1
179,16,0,0,0,1
180,17,0,0,0,1
181,18,0,0,0,1
182,19,0,0,0,1
183,20,0,0,0,1
184,21,0,1,0,1
185,22,0,1,0,1
186,23,0,0,0,1
187,24,0,0,0,1
188,25,0,1,0,1
189,26,0,0,0,1
190,27,0,0,0,1
191,28,5,0,0,1
192,29,5,0,0,1
193,30,5,1,0,1
194,31,5,0,0,1
195,32,5,0,0,1
196,33,5,0,0,1
197,34,5,0,0,1
198,35,5,0,0,1
199,36,5,0,0,1
200,37,5,0,0,1
201,38,5,0,0,1
202,39,5,0,0,1
203,40,5,0,0,1
204,41,5,0,0,1
205,42,5,1,0,1
206,43,5,0,0,1
207,44,5,0,0,1
208,45,5,0,0,1
209,46,5,0,0,1
210,47,5,1,0,1
211,48,5,0,0,1
212,49,5,0,0,1
213,50,5,2,0,1
214,51,5,2,0,1
215,52,5,0,0,1
219,56,3,2,0,1
220,57,3,0,0,1
221,58,3,1,0,1
222,59,3,1,0,1
223,60,3,1,0,1
224,61,3,1,0,1
225,62,3,1,0,1
226,63,3,0,0,1
227,64,3,0,0,1
228,65,3,0,0,1
229,66,3,1,0,1
230,67,3,0,0,1
231,68,3,3,0,1
232,69,3,0,0,1
233,70,3,1,0,1
234,71,3,0,0,1
235,72,3,2,0,1
236,73,3,2,0,1
237,74,3,1,0,1
238,75,3,0,0,1
239,76,3,0,0,1
240,77,3,1,0,1
241,78,3,1,0,1
242,79,3,0,0,1
243,80,3,0,0,1
244,81,3,0,0,1
245,82,3,1,0,1
246,83,2,0,0,1
247,84,2,0,0,1
248,85,2,0,0,1
249,86,2,0,0,1
251,88,2,1,0,1
252,89,2,1,0,1
253,90,2,0,0,1
254,91,2,0,0,1
255,92,2,0,0,1
256,93,2,0,0,1
257,94,2,0,0,1
258,95,2,1,0,1
259,96,2,0,0,1
260,97,2,0,0,1
261,98,2,0,0,1
262,99,2,0,0,1
263,100,2,1,0,1
264,101,2,0,0,1
265,102,2,0,0,1
266,103,2,0,0,1
267,104,2,0,0,1
268,105,2,1,0,1
269,106,2,2,0,1
270,107,2,1,0,1
271,108,2,0,0,1
272,109,2,0,0,1
273,110,2,1,0,1
274,111,1,0,0,1
275,112,1,0,0,1
276,113,1,0,0,1
277,114,1,0,0,1
278,115,1,1,0,1
279,116,1,0,0,1
280,117,1,1,0,1
281,118,1,0,0,1
282,119,1,2,0,1
283,120,1,0,0,1
284,121,1,0,0,1
285,122,1,0,0,1
286,123,1,0,0,1
287,124,1,1,0,1
288,125,1,0,0,1
289,126,1,1,0,1
290,127,1,0,0,1
291,128,1,1,0,1
292,129,1,0,0,1
293,130,1,2,0,1
294,131,1,0,0,1
295,132,1,0,0,1
296,133,1,1,0,1
297,134,1,0,0,1
298,135,1,1,0,1
299,136,1,0,0,1
300,137,1,1,0,1
301,138,1,1,0,1
302,139,6,0,0,1
303,140,6,1,0,1
304,141,6,1,0,1
305,142,6,1,0,1
306,143,6,0,0,1
307,144,6,0,0,1
308,145,6,0,0,1
309,146,6,0,0,1
310,147,6,0,0,1
311,148,6,1,0,1
312,149,6,1,0,1
313,150,6,2,0,1
314,151,6,0,0,1
315,152,6,0,0,1
316,153,6,1,0,1
317,154,6,0,0,1
318,155,6,0,0,1
319,156,6,0,0,1
320,157,6,0,0,1
321,158,6,0,0,1
322,159,6,2,0,1
323,160,6,1,0,1
324,161,6,0,0,1
325,162,6,0,0,1
326,163,6,0,0,1
