,race,age,educate,income,vote
1,1,60,14.0,3.3458,1
2,1,51,10.0,1.8561,0
3,1,24,12.0,0.6304,0
4,1,38,8.0,3.4183,1
5,1,25,12.0,2.7852,1
6,1,67,12.0,2.3866,1
7,1,40,12.0,4.2857,0
8,1,56,10.0,9.3205,1
9,1,32,12.0,3.8797,1
10,1,75,16.0,2.7031,1
11,1,46,15.0,11.2307,1
12,1,52,12.0,8.6696,1
13,1,22,12.0,1.7443,0
14,1,60,12.0,0.2253,0
15,1,24,14.0,4.3348,1
16,1,30,10.0,0.7953,1
17,1,46,12.0,2.9072,1
18,1,69,9.0,1.1893,1
19,0,60,12.0,1.1277,1
20,1,34,12.0,0.5523,1
21,1,76,14.0,0.7294,1
22,1,29,12.0,4.3348,1
23,1,49,13.0,7.7751,1
24,1,29,14.0,3.1356,0
25,1,47,16.0,5.2331,1
26,1,39,16.0,10.0376,1
27,1,58,8.0,4.6408,1
28,1,44,12.0,3.7972,1
29,1,22,8.0,0.2071,0
30,1,31,12.0,11.2307,1
31,1,74,12.0,0.8236,1
32,1,40,12.0,4.4578,1
33,0,27,12.0,3.58,1
34,1,65,8.0,2.917,1
35,0,70,5.0,4.0702,1
36,1,34,12.0,3.3834,1
37,1,54,12.0,4.9624,1
38,1,23,7.0,3.2949,0
39,1,84,8.0,0.7294,0
40,1,37,16.0,5.9111,1
41,1,67,14.0,1.838,1
42,0,33,12.0,1.7443,1
43,1,22,12.0,3.7972,0
44,1,57,12.0,4.9624,1
45,1,26,11.0,4.669,1
46,1,23,12.0,3.3834,1
47,1,79,10.0,1.864,1
48,1,53,8.0,0.7953,1
49,1,25,12.0,5.8684,0
50,0,38,9.0,0.6765,0
51,0,68,8.0,2.7068,1
52,1,28,16.0,3.4183,1
53,1,43,15.0,2.8311,1
54,1,80,12.0,0.1727,0
55,1,31,12.0,2.3866,0
56,1,29,12.0,3.1676,1
57,1,37,13.0,4.3754,1
58,1,68,14.0,1.8429,0
59,1,50,12.0,13.3041,1
60,1,50,14.0,7.8949,0
61,1,37,13.0,0.6304,0
62,1,59,12.0,3.4183,1
63,1,35,16.0,3.58,1
64,1,35,15.0,7.0036,0
65,1,49,8.0,2.4811,1
66,0,44,16.0,9.3205,1
67,1,77,12.0,3.7435,1
68,1,22,10.0,1.4498,0
69,1,80,14.0,0.5813,1
70,1,48,11.0,7.0036,1
71,1,24,15.0,2.7722,1
72,1,42,16.0,7.5945,1
73,1,67,19.0,6.0903,1
74,0,42,10.0,1.2659,0
75,1,54,10.0,4.6408,1
76,1,45,12.0,5.2331,1
77,1,57,9.0,1.1277,1
78,0,46,12.0,0.4607,0
79,1,58,12.0,3.7972,1
80,1,76,4.0,2.5196,0
81,1,28,16.0,0.1936,1
82,1,41,10.0,5.2331,1
83,1,83,8.0,1.3131,0
84,0,47,12.0,5.2331,1
85,1,81,12.0,1.4498,1
86,1,59,8.0,3.3102,1
87,0,20,16.0,1.2094,1
88,1,45,8.0,1.8561,1
89,1,76,6.0,0.5813,0
90,1,53,9.0,4.9624,1
91,0,40,16.0,5.2331,1
92,1,38,12.0,4.6408,1
93,1,30,15.0,7.7751,1
94,1,29,19.0,2.522,1
95,1,72,12.0,0.4607,1
96,1,78,6.0,0.7568,1
97,1,65,13.0,3.7042,1
98,1,31,12.0,3.3558,1
99,1,21,12.0,4.8901,1
100,1,50,12.0,4.6408,1
101,1,25,12.0,4.4876,1
102,0,71,11.0,0.7294,1
103,1,49,14.0,7.7751,1
104,1,47,9.0,3.3458,1
105,0,37,13.0,2.2706,1
106,0,31,16.0,6.274,1
107,1,54,12.0,4.0702,1
108,1,40,16.0,6.7838,1
109,1,29,12.0,3.4183,1
110,1,42,12.0,7.0036,1
111,1,67,16.0,5.9469,1
112,1,69,12.0,4.2313,1
113,1,54,12.0,2.917,1
114,1,63,8.0,1.3566,1
115,1,45,8.0,8.7517,1
116,1,38,12.0,6.9491,1
117,1,64,10.0,4.3754,1
118,1,45,12.0,2.917,1
119,1,40,11.0,4.8901,0
120,1,27,14.0,3.58,1
121,1,31,11.0,6.3304,1
122,1,25,15.0,3.8606,1
123,1,35,12.0,2.5545,1
124,1,21,12.0,4.0702,1
125,1,55,12.0,8.3565,1
126,1,48,10.0,2.917,1
127,1,41,15.0,4.4876,1
128,1,43,6.0,1.4055,1
129,1,56,12.0,5.8684,1
130,1,44,12.0,5.8684,1
131,1,24,12.0,2.7722,0
132,0,58,6.0,0.6911,1
133,1,48,6.0,1.9045,1
134,1,35,12.0,5.9469,1
135,1,37,16.0,3.9394,0
136,1,31,13.0,5.3986,1
137,1,27,9.0,2.2092,0
138,1,28,13.0,10.0376,1
139,1,62,10.0,2.1885,0
140,1,66,12.0,2.7031,1
141,1,23,12.0,4.0006,0
142,1,44,19.0,11.8939,1
143,1,31,12.0,1.261,1
144,1,32,8.0,2.9072,1
145,1,23,12.0,2.1279,1
146,0,29,12.0,3.4183,0
147,1,59,12.0,2.5196,1
148,1,35,15.0,6.5589,1
149,1,38,5.0,1.4498,1
150,1,95,14.0,0.7594,1
151,0,22,12.0,0.253,0
152,1,48,10.0,1.4974,0
153,1,29,12.0,2.5196,1
154,1,62,8.0,2.9072,0
155,0,26,16.0,5.19,1
156,1,46,19.0,4.9624,1
157,1,36,12.0,2.7068,1
158,1,35,8.0,1.4055,1
159,1,40,15.0,13.6702,1
160,1,55,14.0,5.9111,1
161,0,27,12.0,1.8127,1
162,1,53,10.0,3.58,1
163,1,72,14.0,3.2949,1
164,1,38,12.0,3.46,0
165,1,83,8.0,0.7294,1
166,1,26,6.0,2.2788,1
167,1,30,12.0,4.0702,0
168,1,45,13.0,3.3102,1
169,1,27,14.0,6.6992,1
170,1,29,12.0,4.3348,0
171,1,27,12.0,2.8997,1
172,1,55,12.0,2.3866,1
173,1,27,12.0,1.8429,1
174,1,37,19.0,6.3352,1
175,0,87,12.0,0.6911,1
176,1,64,5.0,1.7723,1
177,1,79,7.0,1.838,1
178,1,60,12.0,2.5196,1
179,1,39,19.0,11.8939,0
180,1,64,14.0,4.6493,1
181,1,36,14.0,7.7751,1
182,1,35,12.0,3.3834,1
183,1,27,16.0,4.0702,1
184,1,28,14.0,4.0702,1
185,1,22,12.0,2.8311,0
186,1,60,12.0,4.4876,1
187,1,23,14.0,2.2706,0
188,1,66,8.0,0.2917,0
189,1,26,17.0,6.274,1
190,1,17,14.0,6.7838,1
191,1,51,19.0,8.4934,1
192,1,31,14.0,4.4578,0
193,1,74,9.0,1.0809,1
194,1,43,12.0,6.0903,1
195,1,32,19.0,7.5945,1
196,1,44,16.0,8.7517,1
197,1,26,14.0,5.2331,1
198,1,21,12.0,2.4868,1
199,1,26,15.0,5.19,0
200,1,51,12.0,5.8684,1
201,0,77,16.0,0.1544,1
202,1,48,12.0,4.2857,1
203,1,35,19.0,3.8797,1
204,1,81,12.0,1.3898,0
205,1,33,14.0,0.9457,0
206,1,64,12.0,4.3195,1
207,1,25,12.0,8.7517,1
208,1,31,14.0,5.8684,0
209,0,71,10.0,2.7031,1
210,1,32,9.0,1.2659,1
211,0,23,16.0,0.5523,0
212,1,24,12.0,11.6294,1
213,1,53,12.0,2.4811,1
214,0,39,12.0,2.8311,1
215,1,60,8.0,2.5196,0
216,1,42,13.0,1.2094,0
217,1,49,19.0,4.3195,1
218,0,26,12.0,3.8797,1
219,1,49,14.0,3.7435,1
220,1,30,19.0,4.8954,1
221,1,22,12.0,2.1319,0
222,1,29,12.0,3.4183,1
223,1,30,19.0,2.7068,1
224,1,23,11.0,1.0212,1
225,1,30,12.0,1.726,0
226,1,41,19.0,3.2449,1
227,1,59,12.0,4.6408,1
228,1,62,17.0,7.7751,1
229,1,24,9.0,3.7042,0
230,1,29,19.0,2.1885,1
231,1,34,6.0,1.7723,1
232,1,41,14.0,4.4876,1
233,1,69,12.0,2.4189,1
234,1,21,12.0,3.7972,1
235,1,39,16.0,11.6294,1
236,1,66,8.0,0.9457,1
237,1,84,5.0,0.9214,0
238,1,30,12.0,2.7722,0
239,1,25,15.0,0.1544,0
240,1,68,14.0,2.8311,1
241,1,26,19.0,3.064,1
242,0,25,12.0,4.0702,1
243,0,71,10.0,0.8236,1
244,1,80,8.0,1.1839,1
245,1,76,8.0,0.253,1
246,1,28,16.0,2.7852,1
247,1,33,14.0,5.6622,1
248,1,69,8.0,2.7722,1
249,1,58,12.0,2.7031,1
250,1,23,16.0,1.3566,1
251,1,23,12.0,2.522,1
252,1,89,19.0,5.6622,1
253,1,71,7.0,1.0809,0
254,1,40,11.0,0.5523,1
255,1,43,12.0,2.5196,1
256,1,27,16.0,4.8954,1
257,1,22,12.0,1.8967,0
258,1,60,8.0,2.917,1
259,1,42,16.0,13.0045,1
260,1,56,12.0,3.7042,1
261,0,33,12.0,7.4874,1
262,1,32,12.0,2.4189,1
263,1,41,14.0,7.8949,1
264,1,24,16.0,3.4183,1
265,1,54,16.0,2.9072,1
266,0,23,12.0,0.7594,0
267,1,33,12.0,6.274,1
268,1,57,11.0,0.6177,1
269,1,31,14.0,2.1309,1
270,1,24,12.0,6.7838,1
271,1,60,19.0,8.7545,1
272,1,63,10.0,3.064,1
273,1,22,10.0,0.1727,0
274,1,64,8.0,1.3131,0
275,1,33,19.0,5.2331,1
276,1,36,16.0,0.9457,1
277,1,52,12.0,4.669,1
278,1,50,14.0,4.3195,1
279,1,62,7.0,0.6765,0
280,1,46,16.0,11.2307,1
281,1,50,12.0,6.274,0
282,1,36,12.0,1.4498,0
283,1,30,16.0,11.8939,1
284,1,63,10.0,2.7031,1
285,1,43,7.0,2.3866,1
286,1,49,8.0,2.917,1
287,0,52,8.0,3.3834,1
288,1,45,12.0,7.8949,1
289,0,41,13.0,4.669,1
290,1,71,11.0,0.978,1
291,1,70,10.0,1.6049,1
292,1,52,8.0,6.0903,1
293,1,30,16.0,2.2788,0
294,1,83,8.0,0.7953,1
295,1,21,12.0,8.722,1
296,1,45,16.0,6.3304,1
297,0,63,10.0,0.2253,1
298,1,39,11.0,3.4183,1
299,1,33,12.0,4.4578,1
300,1,65,8.0,1.3566,1
301,1,33,16.0,5.1229,1
302,1,73,4.0,0.2649,1
303,1,39,12.0,7.8949,1
304,1,29,16.0,2.8311,1
305,1,55,13.0,4.2313,1
306,1,33,17.0,4.3348,1
307,1,25,12.0,0.9689,1
308,1,60,8.0,5.2331,1
309,1,38,14.0,6.9491,0
310,1,39,12.0,4.2857,1
311,1,36,16.0,2.4193,0
312,1,62,9.0,2.4868,1
313,1,35,16.0,4.4312,1
314,1,68,12.0,1.1893,1
315,1,77,3.0,2.2788,1
316,1,82,12.0,0.2649,1
317,1,34,10.0,4.0702,1
318,1,26,16.0,2.2706,1
319,1,27,12.0,4.4312,0
320,1,40,14.0,5.9111,1
321,1,29,12.0,4.0702,1
322,1,28,17.0,4.8954,1
323,1,32,16.0,11.6294,1
324,1,75,5.0,1.8967,1
325,1,50,12.0,1.7723,1
326,1,74,8.0,1.726,1
327,0,70,7.0,0.253,1
328,0,36,12.0,1.7723,1
329,0,44,19.0,4.3348,1
330,1,41,17.0,3.7972,1
331,1,62,6.0,2.917,1
332,1,36,12.0,5.19,1
333,1,32,14.0,4.8954,0
334,0,31,16.0,4.8954,1
335,1,39,14.0,4.4876,1
336,1,79,5.0,0.9457,0
337,1,51,8.0,3.1676,0
338,1,23,12.0,6.7838,1
339,1,25,10.0,3.4183,0
340,1,60,12.0,3.7435,1
341,1,67,14.0,7.5945,1
342,0,25,12.0,1.1046,0
343,1,37,16.0,6.9491,1
344,0,54,8.0,2.7068,0
345,1,21,8.0,1.3566,1
346,1,19,14.0,8.722,1
347,0,65,8.0,1.3131,0
348,1,44,11.0,5.2331,1
349,0,38,12.0,6.274,1
350,1,51,12.0,6.3304,1
351,1,30,12.0,3.7042,0
352,1,18,12.0,7.0036,1
353,0,48,10.0,7.8949,1
354,0,44,16.0,3.1676,1
355,1,53,12.0,5.19,0
356,1,84,12.0,1.655,1
357,1,60,9.0,3.6476,0
358,1,48,12.0,5.9111,0
359,1,23,16.0,2.9161,1
360,1,41,15.0,9.3205,1
361,1,52,12.0,4.6408,1
362,1,27,19.0,4.9624,1
363,1,29,16.0,11.2307,1
364,1,26,14.0,4.3195,1
365,1,68,3.0,1.0212,1
366,1,36,10.0,2.5196,0
367,1,60,8.0,1.3566,0
368,1,84,7.0,0.2364,1
369,1,67,19.0,11.8939,1
370,1,72,10.0,3.58,1
371,0,53,8.0,0.2071,1
372,1,60,12.0,3.3834,1
373,1,45,13.0,6.9491,1
374,1,66,12.0,6.7838,1
375,1,43,13.0,5.9111,1
376,1,37,12.0,2.917,1
377,1,67,8.0,0.9689,1
378,1,47,12.0,4.4312,1
379,1,92,12.0,0.1544,1
380,1,45,12.0,5.178,1
381,1,31,9.0,1.7723,0
382,0,21,13.0,2.8311,1
383,1,34,12.0,1.3246,1
384,1,38,19.0,4.8954,1
385,0,31,16.0,4.0702,1
386,1,38,12.0,4.4578,1
387,0,68,12.0,2.4193,1
388,0,59,5.0,0.2071,0
389,1,76,14.0,5.9469,1
390,1,51,12.0,6.0903,1
391,0,22,15.0,4.4876,1
392,1,52,14.0,4.4876,1
393,1,44,13.0,5.9469,1
394,1,31,14.0,1.261,0
395,1,73,12.0,2.2706,1
396,1,25,12.0,2.7722,1
397,1,37,19.0,11.8939,1
398,1,20,12.0,2.522,0
399,1,41,12.0,3.3458,0
400,1,61,11.0,2.7722,1
401,1,20,14.0,6.5589,1
402,1,53,12.0,1.5788,1
403,1,26,16.0,5.3986,1
404,1,24,13.0,2.0543,0
405,1,29,12.0,3.1676,1
406,0,42,9.0,1.3257,1
407,1,77,12.0,1.2868,1
408,0,29,12.0,4.4876,0
409,1,31,14.0,0.978,1
410,1,50,16.0,6.3304,1
411,0,57,14.0,4.4312,1
412,0,72,5.0,0.7594,1
413,1,54,17.0,10.0376,1
414,1,64,12.0,2.917,1
415,1,48,15.0,5.178,1
416,1,54,12.0,4.3348,0
417,1,46,13.0,4.0006,1
418,1,52,12.0,6.6298,1
419,1,29,7.0,1.4398,0
420,1,35,16.0,5.178,1
421,1,23,12.0,4.4312,1
422,1,26,12.0,1.3131,1
423,1,26,15.0,3.3458,1
424,1,23,10.0,1.4498,0
425,1,37,19.0,5.8684,1
426,1,61,12.0,3.3558,1
427,1,23,12.0,3.4183,1
428,1,37,12.0,3.9394,1
429,1,79,7.0,1.3131,0
430,1,32,12.0,5.6622,1
431,1,65,12.0,4.669,1
432,1,36,12.0,6.5589,1
433,1,29,14.0,8.3565,1
434,1,46,12.0,7.8949,1
435,1,24,11.0,1.6049,1
436,1,68,13.0,1.864,1
437,0,18,10.0,0.9457,0
438,1,31,10.0,2.4803,1
439,1,83,13.0,1.555,1
440,1,25,12.0,10.64,1
441,0,42,14.0,2.7031,1
442,1,27,12.0,1.3131,1
443,1,26,12.0,2.7852,1
444,0,21,12.0,2.7068,1
445,1,79,8.0,0.5813,1
446,1,45,12.0,8.6696,1
447,1,35,12.0,7.7751,1
448,1,30,16.0,6.274,1
449,1,56,10.0,1.1046,0
450,0,24,11.0,7.5945,1
451,1,44,14.0,13.0045,1
452,0,68,16.0,0.1544,1
453,1,57,15.0,4.8901,1
454,1,56,19.0,8.722,1
455,1,43,14.0,1.7443,1
456,1,65,12.0,1.7443,1
457,1,21,12.0,1.838,0
458,1,19,12.0,1.9703,1
459,1,36,12.0,3.3458,0
460,0,64,4.0,0.9457,0
461,0,29,10.0,1.1277,0
462,1,50,19.0,3.9394,0
463,1,63,12.0,1.261,1
464,1,74,19.0,3.1676,1
465,0,29,13.0,1.838,1
466,1,25,9.0,0.7953,1
467,1,26,16.0,6.3352,1
468,1,44,12.0,4.0702,0
469,0,27,12.0,2.5196,1
470,1,35,17.0,5.19,1
471,1,66,16.0,8.722,1
472,0,63,11.0,3.7042,0
473,0,29,0.5,2.9072,0
474,1,30,19.0,6.7838,1
475,1,37,12.0,3.6476,1
476,0,36,19.0,11.8939,0
477,1,28,14.0,2.522,1
478,1,30,12.0,1.726,0
479,1,51,17.0,7.0281,1
480,1,51,14.0,8.7545,1
481,1,41,9.0,4.0702,1
482,1,36,9.0,4.4578,1
483,1,50,8.0,3.4183,1
484,1,62,16.0,2.0299,1
485,1,19,14.0,3.6476,0
486,1,67,7.0,1.3257,1
487,1,39,12.0,3.3834,1
488,1,26,16.0,5.8684,1
489,1,65,17.0,11.2351,1
490,1,35,13.0,4.3348,1
491,1,26,12.0,4.669,1
492,1,45,12.0,4.4876,1
493,1,21,14.0,1.864,0
494,1,72,8.0,3.7042,1
495,1,21,12.0,1.6702,0
496,1,47,12.0,7.0281,1
497,0,46,16.0,7.7751,1
498,1,19,12.0,0.6304,1
499,0,46,10.0,1.3566,1
500,1,60,14.0,1.8429,1
501,1,83,4.0,0.6765,0
502,1,77,16.0,3.3558,1
503,1,64,8.0,6.3304,1
504,0,30,12.0,1.5788,1
505,1,40,16.0,3.3458,1
506,1,74,14.0,0.7594,1
507,1,70,14.0,2.7068,1
508,1,60,5.0,1.655,1
509,1,65,12.0,2.8311,1
510,0,34,14.0,2.917,1
511,1,27,12.0,5.3986,1
512,1,62,0.0,1.8561,1
513,1,29,14.0,4.8954,1
514,1,29,16.0,6.0903,1
515,1,42,12.0,3.58,1
516,1,40,19.0,5.2331,0
517,1,46,17.0,10.64,1
518,1,28,8.0,1.1893,0
519,1,18,12.0,0.1936,0
520,1,73,8.0,1.1277,1
521,1,55,12.0,3.58,1
522,1,66,3.0,1.3257,1
523,1,27,14.0,5.1229,1
524,1,29,16.0,5.178,1
525,1,47,12.0,2.3866,1
526,1,34,12.0,1.655,1
527,1,48,12.0,4.4578,1
528,0,21,12.0,6.3352,0
529,1,49,12.0,1.8127,1
530,0,39,12.0,6.3352,1
531,1,23,12.0,4.0702,1
532,1,51,10.0,3.3834,0
533,1,43,16.0,8.3565,1
534,1,31,8.0,2.4811,0
535,1,31,12.0,2.2706,0
536,1,36,16.0,5.6622,1
537,1,36,10.0,2.2788,1
538,1,41,12.0,4.3348,1
539,1,73,8.0,2.8997,1
540,1,63,12.0,0.9689,1
541,0,35,16.0,5.3986,0
542,1,40,16.0,6.274,1
543,1,52,19.0,13.3041,1
544,1,26,12.0,7.0281,0
545,0,33,19.0,2.7068,1
546,1,34,12.0,7.8949,1
547,0,76,7.0,1.2659,0
548,1,22,16.0,4.4312,1
549,0,46,7.0,0.5523,1
550,1,22,12.0,4.0006,0
551,1,57,12.0,6.7838,1
552,1,48,16.0,2.1309,1
553,1,41,14.0,5.4713,1
554,1,30,12.0,5.6622,0
555,1,37,10.0,2.9072,1
556,1,72,8.0,3.3834,1
557,1,56,8.0,1.2659,1
558,0,28,8.0,0.5813,0
559,1,43,8.0,3.58,1
560,1,65,14.0,2.1885,1
561,0,53,8.0,3.4183,1
562,1,20,13.0,5.1229,1
563,1,26,6.0,1.7443,0
564,1,73,16.0,6.6992,1
565,1,33,10.0,4.669,0
566,1,40,19.0,4.4876,1
567,1,65,8.0,0.5813,0
568,1,48,8.0,6.0903,1
569,1,33,10.0,2.9161,1
570,1,74,7.0,2.3866,1
571,1,24,11.0,2.917,0
572,1,21,14.0,6.7838,1
573,1,35,12.0,4.8901,0
574,1,26,8.0,2.1309,1
575,1,28,13.0,1.8967,0
576,1,33,13.0,1.3898,1
577,1,24,14.0,5.2331,1
578,1,49,19.0,4.3754,1
579,1,71,12.0,4.0702,1
580,1,41,11.0,2.5196,0
581,1,88,8.0,2.2856,1
582,0,83,3.0,4.0702,0
583,1,46,12.0,2.917,1
584,1,37,11.0,6.6298,1
585,1,37,8.0,1.6472,0
586,1,42,12.0,5.1229,0
587,1,72,8.0,1.7443,1
588,1,37,12.0,5.1229,0
589,0,35,4.0,3.4183,1
590,1,75,12.0,1.8429,1
591,1,63,12.0,3.2949,1
592,0,32,11.0,0.2364,0
593,0,54,3.0,1.8561,1
594,1,47,16.0,6.7838,1
595,0,37,12.0,8.3565,0
596,1,48,12.0,0.6304,0
597,1,34,10.0,2.1309,0
598,1,23,15.0,1.3131,0
599,1,48,12.0,3.7042,1
600,1,52,14.0,7.5945,1
601,1,18,12.0,4.669,0
602,1,38,12.0,4.6408,1
603,1,29,16.0,3.7435,1
604,1,25,16.0,5.1229,1
605,1,55,14.0,6.7838,1
606,1,78,1.0,1.1046,0
607,0,78,17.0,5.4713,1
608,1,30,16.0,12.4066,1
609,1,68,8.0,1.7443,1
610,1,38,12.0,2.2706,1
611,1,48,12.0,6.7838,1
612,0,66,5.0,0.5523,0
613,1,36,13.0,7.5945,1
614,1,24,16.0,1.5879,1
615,1,43,8.0,3.3834,1
616,1,49,12.0,3.58,1
617,1,82,12.0,1.0809,1
618,1,49,11.0,5.9469,1
619,1,22,12.0,1.0212,1
620,1,39,12.0,3.7972,1
621,1,63,11.0,1.7723,1
622,1,62,8.0,0.5523,1
623,1,41,12.0,2.8311,1
624,1,79,7.0,5.2331,0
625,1,79,8.0,0.7594,0
626,1,33,12.0,3.58,1
627,0,65,6.0,0.2649,0
628,1,32,16.0,7.0036,1
629,1,33,12.0,6.6992,1
630,1,29,16.0,7.7751,1
631,1,80,16.0,1.3898,1
632,1,36,12.0,6.7838,1
633,1,48,12.0,2.9161,1
634,1,25,12.0,2.522,1
635,1,33,14.0,6.5589,1
636,1,24,12.0,3.3834,1
637,1,59,8.0,1.4055,0
638,1,32,10.0,5.9469,1
639,1,24,11.0,5.4713,1
640,0,25,8.0,2.7852,0
641,1,47,12.0,3.7435,1
642,1,60,14.0,2.4189,1
643,1,38,8.0,1.3566,0
644,0,34,17.0,13.3041,1
645,1,46,19.0,8.3565,1
646,1,25,12.0,6.3304,1
647,0,67,5.0,0.2253,1
648,1,41,14.0,4.3195,1
649,0,31,12.0,4.9624,1
650,0,34,12.0,8.4934,1
651,1,24,12.0,1.4055,0
652,1,29,17.0,2.7722,0
653,0,40,12.0,1.3566,1
654,1,46,10.0,3.8606,0
655,1,23,16.0,4.8954,1
656,1,26,16.0,4.0702,1
657,1,55,14.0,5.6622,1
658,1,56,17.0,11.3918,1
659,0,21,12.0,0.9457,1
660,1,54,12.0,0.8284,1
661,1,42,12.0,4.4312,1
662,1,41,13.0,5.4713,1
663,1,31,12.0,3.7435,1
664,0,33,10.0,1.5788,1
665,1,27,15.0,2.0021,1
666,1,52,12.0,3.3834,1
667,1,75,14.0,3.7435,1
668,1,46,9.0,6.0903,1
669,0,21,12.0,4.0702,1
670,1,36,14.0,4.4578,1
671,1,37,13.0,6.9491,1
672,1,58,14.0,1.4398,1
673,1,53,16.0,7.0036,1
674,1,88,6.0,4.3754,0
675,1,35,10.0,2.7852,1
676,1,50,12.0,6.0903,1
677,0,25,12.0,5.9469,0
678,0,32,8.0,1.2868,1
679,1,72,12.0,7.5945,1
680,1,19,12.0,0.6304,1
681,1,68,8.0,0.6765,1
682,1,76,8.0,0.9457,0
683,1,58,7.0,3.3458,1
684,1,37,16.0,4.3754,1
685,1,40,12.0,11.8908,1
686,1,70,14.0,3.1676,1
687,1,31,12.0,9.5029,1
688,1,64,16.0,1.1046,1
689,0,61,15.0,7.7751,1
690,1,28,11.0,2.1885,1
691,1,25,12.0,4.3348,1
692,1,45,16.0,4.6408,1
693,0,31,9.0,0.5813,1
694,1,28,12.0,2.3866,0
695,1,61,7.0,6.3304,0
696,1,26,12.0,6.0903,1
697,1,62,12.0,6.6992,1
698,1,63,12.0,1.1893,0
699,1,26,12.0,1.6049,0
700,1,37,14.0,4.4312,1
701,1,80,10.0,0.973,1
702,1,27,12.0,2.3866,1
703,1,81,8.0,2.1319,0
704,1,22,10.0,2.4189,0
705,1,32,12.0,2.9161,0
706,1,19,12.0,6.6992,1
707,0,49,16.0,11.8908,1
708,0,51,10.0,0.0,0
709,1,66,9.0,3.3834,1
710,1,36,12.0,0.1544,1
711,0,26,14.0,2.1619,1
712,1,73,12.0,0.5813,1
713,1,71,4.0,0.253,1
714,1,53,19.0,11.2351,1
715,1,65,10.0,2.1619,0
716,1,65,8.0,0.9214,0
717,1,23,12.0,3.9394,1
718,1,29,12.0,2.1279,1
719,1,81,7.0,1.0212,0
720,1,55,11.0,1.4398,0
721,1,32,13.0,1.6472,1
722,1,62,13.0,3.6476,1
723,1,37,15.0,2.4193,0
724,0,34,10.0,0.978,0
725,1,45,12.0,4.9624,1
726,1,35,10.0,2.0299,1
727,1,33,14.0,5.2331,1
728,1,57,12.0,6.6992,1
729,1,45,8.0,0.6911,0
730,0,39,3.0,2.7852,0
731,1,66,13.0,2.4193,1
732,1,63,14.0,2.1319,1
733,1,36,19.0,4.6493,1
734,1,28,11.0,0.7594,0
735,0,56,11.0,2.7068,1
736,1,24,16.0,3.7972,1
737,1,30,9.0,3.4183,0
738,0,28,12.0,4.4312,1
739,1,45,19.0,7.8949,1
740,1,53,19.0,11.8939,1
741,1,33,12.0,3.8797,1
742,1,24,16.0,1.8967,1
743,0,25,12.0,6.0903,0
744,1,48,12.0,3.2949,1
745,1,36,12.0,13.6702,1
746,1,51,12.0,6.0903,1
747,0,51,12.0,3.8797,0
748,1,30,12.0,4.9624,0
749,1,64,16.0,1.4927,1
750,1,63,12.0,2.8997,1
751,1,22,14.0,2.7852,1
752,1,46,12.0,0.4607,1
753,1,37,17.0,1.8429,1
754,1,25,19.0,2.4811,1
755,0,33,14.0,0.253,1
756,1,55,13.0,8.7545,1
757,1,45,9.0,3.58,1
758,1,32,16.0,3.3458,1
759,0,21,13.0,0.2071,1
760,1,23,11.0,2.7031,0
761,1,72,11.0,1.3566,1
762,1,64,6.0,1.3566,1
763,1,85,7.0,2.1319,1
764,1,40,16.0,4.4312,1
765,1,28,11.0,1.8967,1
766,1,48,14.0,7.0281,1
767,1,43,10.0,4.4312,1
768,1,76,9.0,1.0212,1
769,1,55,19.0,2.4189,1
770,1,29,12.0,3.7042,0
771,0,35,10.0,0.6765,1
772,1,48,12.0,0.1727,0
773,1,21,15.0,6.274,0
774,1,18,12.0,3.7972,0
775,1,46,12.0,8.7545,1
776,1,59,12.0,4.669,1
777,1,37,12.0,4.669,0
778,1,27,16.0,6.0903,1
779,1,70,10.0,2.7852,1
780,1,27,16.0,2.8311,1
781,1,52,14.0,6.3304,1
782,1,54,14.0,4.669,1
783,0,48,16.0,13.3041,1
784,1,54,12.0,4.4312,1
785,1,40,12.0,3.2449,0
786,1,77,12.0,0.1936,1
787,1,43,16.0,4.8954,1
788,1,76,16.0,0.7568,1
789,1,67,12.0,1.1046,1
790,1,67,12.0,1.7443,1
791,0,44,3.0,0.2253,0
792,1,55,6.0,0.1727,0
793,1,64,7.0,1.1277,1
794,1,59,14.0,8.4934,1
795,0,70,15.0,0.7294,1
796,1,60,12.0,7.0281,1
797,1,56,6.0,0.6765,1
798,1,36,13.0,5.1229,1
799,0,32,14.0,1.864,1
800,1,43,14.0,0.6177,1
801,1,36,16.0,2.522,1
802,1,78,12.0,1.9045,1
803,1,66,8.0,1.5788,1
804,1,37,16.0,11.6294,1
805,1,34,17.0,2.9193,1
806,1,35,12.0,3.3102,0
807,1,32,13.0,2.7068,1
808,1,78,12.0,1.7443,1
809,1,64,10.0,2.5196,0
810,1,80,12.0,2.7852,1
811,1,39,12.0,2.4811,1
812,1,28,12.0,1.3566,1
813,0,36,12.0,1.6702,0
814,1,60,12.0,4.0702,1
815,1,41,12.0,5.178,0
816,1,30,12.0,2.9193,1
817,1,48,12.0,8.4934,1
818,1,81,3.0,0.253,1
819,1,65,12.0,3.7435,1
820,1,31,19.0,0.2917,0
821,1,18,12.0,6.274,1
822,1,23,12.0,0.6911,0
823,1,35,13.0,4.8954,1
824,1,57,6.0,2.522,1
825,0,25,14.0,1.9703,1
826,1,47,10.0,12.4066,1
827,0,29,17.0,6.9491,0
828,1,23,12.0,3.7042,0
829,1,51,12.0,2.7852,0
830,1,46,12.0,0.8236,1
831,1,64,4.0,1.8561,1
832,0,61,3.0,1.1893,0
833,1,82,16.0,7.0281,1
834,0,61,8.0,0.4607,0
835,1,61,16.0,11.8939,1
836,0,33,11.0,2.2706,0
837,1,30,14.0,2.2856,1
838,1,32,15.0,5.4713,1
839,1,40,8.0,1.8561,0
840,0,66,1.0,0.2253,0
841,1,32,16.0,6.9491,1
842,1,27,12.0,3.3834,1
843,0,61,19.0,6.9491,1
844,1,62,8.0,5.1229,0
845,1,23,12.0,2.7852,1
846,1,59,12.0,6.0903,1
847,1,75,8.0,1.2094,1
848,1,31,12.0,4.4312,1
849,1,62,12.0,3.3458,1
850,1,57,11.0,2.1279,1
851,0,29,12.0,4.669,0
852,0,44,9.0,0.6177,0
853,0,37,10.0,1.5788,0
854,1,28,12.0,7.7751,1
855,1,26,19.0,4.6493,1
856,1,54,12.0,4.2857,0
857,1,43,13.0,5.19,1
858,0,38,19.0,3.58,1
859,1,60,10.0,11.3918,1
860,1,50,19.0,14.9247,1
861,1,28,9.0,2.3866,1
862,1,54,3.0,2.917,1
863,1,70,7.0,2.0021,0
864,1,42,8.0,2.3866,1
865,1,38,12.0,5.178,0
866,0,31,12.0,2.7852,1
867,0,24,9.0,0.7594,0
868,1,55,12.0,8.722,1
869,1,31,15.0,4.3195,1
870,1,24,14.0,2.3866,1
871,1,24,16.0,4.4876,0
872,1,74,10.0,0.7953,0
873,1,55,12.0,4.8901,1
874,1,28,12.0,3.6476,1
875,1,40,13.0,3.7972,1
876,1,47,19.0,10.1506,1
877,0,46,6.0,0.7294,1
878,1,21,8.0,2.5196,0
879,1,30,16.0,3.2949,0
880,1,31,16.0,1.261,1
881,0,21,12.0,1.0212,0
882,1,59,8.0,4.6493,1
883,1,42,12.0,6.3304,1
884,1,50,11.0,5.9469,0
885,1,51,10.0,1.838,0
886,1,38,12.0,3.8797,1
887,0,64,13.0,4.4876,1
888,1,60,14.0,4.8901,1
889,1,64,12.0,6.9491,1
890,1,40,19.0,11.2351,1
891,1,36,12.0,1.9703,0
892,1,67,11.0,3.1356,1
893,1,30,12.0,4.669,0
894,1,29,13.0,2.4189,1
895,1,30,12.0,8.7545,0
896,1,30,13.0,1.2094,1
897,1,21,12.0,3.2449,1
898,1,39,12.0,5.2331,1
899,1,39,12.0,4.9624,1
900,1,68,13.0,2.522,1
901,1,55,12.0,6.0903,1
902,1,77,10.0,0.253,0
903,0,38,13.0,3.064,1
904,1,42,12.0,2.4193,0
905,1,42,19.0,13.3041,1
906,1,80,8.0,1.261,0
907,0,20,14.0,2.7722,0
908,1,51,10.0,4.2313,1
909,1,60,10.0,2.7852,1
910,1,42,12.0,8.722,1
911,1,27,13.0,4.0006,0
912,1,47,12.0,6.274,1
913,1,48,12.0,2.4193,1
914,1,61,10.0,1.8429,0
915,1,58,12.0,2.9072,1
916,1,36,11.0,3.4183,0
917,0,34,11.0,2.2706,0
918,1,45,16.0,7.8949,1
919,1,70,12.0,3.2949,1
920,0,22,12.0,0.6304,0
921,1,72,8.0,1.7443,1
922,1,25,12.0,2.9072,0
923,1,18,9.0,0.7294,0
924,1,21,13.0,3.7042,0
925,1,39,19.0,8.7517,1
926,1,20,13.0,0.8284,0
927,1,53,8.0,4.669,1
928,0,35,14.0,5.2331,1
929,1,19,14.0,2.9072,1
930,1,24,12.0,3.4183,1
931,1,35,12.0,3.2449,1
932,1,78,16.0,1.4498,1
933,1,27,12.0,4.4578,1
934,1,46,14.0,6.0903,1
935,0,72,3.0,0.6765,1
936,1,64,12.0,1.0212,1
937,1,62,12.0,1.7443,1
938,1,48,16.0,2.8997,1
939,0,53,7.0,0.5405,1
940,0,83,12.0,1.9045,1
941,1,38,14.0,4.3348,1
942,1,81,5.0,0.7294,1
943,1,39,12.0,3.4183,1
944,1,32,8.0,3.58,0
945,1,65,12.0,3.7435,1
946,1,64,12.0,3.3458,1
947,1,52,12.0,2.7852,1
948,1,28,10.0,1.655,0
949,1,56,12.0,2.4803,1
950,1,51,12.0,4.4312,1
951,1,50,10.0,2.917,1
952,1,22,12.0,2.2706,1
953,1,31,14.0,3.58,1
954,0,22,8.0,0.5813,0
955,1,37,19.0,5.1229,1
956,1,39,12.0,3.58,1
957,1,47,17.0,0.6177,1
958,1,35,14.0,8.722,1
959,1,43,19.0,3.3458,1
960,1,28,14.0,2.4803,1
961,1,32,14.0,3.46,1
962,1,67,8.0,2.1885,1
963,1,54,12.0,11.8939,1
964,1,33,13.0,0.2162,1
965,1,28,12.0,2.7722,1
966,1,60,11.0,0.8236,0
967,1,43,12.0,5.6622,1
968,1,25,13.0,3.3102,0
969,1,44,16.0,8.7517,1
970,1,76,8.0,0.253,1
971,0,49,0.5,1.3566,1
972,1,65,12.0,0.9457,1
973,1,22,12.0,3.7042,1
974,1,35,16.0,11.2307,0
975,0,26,14.0,3.7435,1
976,1,29,12.0,0.9457,1
977,1,26,16.0,7.0281,1
978,1,61,12.0,6.5589,1
979,1,50,12.0,2.7852,1
980,1,24,12.0,1.261,1
981,1,64,12.0,2.4811,1
982,0,34,14.0,4.2857,1
983,1,33,12.0,4.6493,1
984,1,28,12.0,2.4811,1
985,0,33,11.0,1.5788,0
986,1,21,14.0,6.6992,1
987,1,49,14.0,5.178,1
988,1,54,12.0,0.9457,1
989,0,84,7.0,0.8236,0
990,1,43,12.0,5.2331,1
991,0,33,12.0,3.3558,1
992,1,24,9.0,0.2364,0
993,1,28,16.0,2.4803,1
994,0,43,19.0,9.3205,1
995,1,63,12.0,0.6304,1
996,0,44,14.0,8.3565,1
997,0,44,13.0,7.0036,1
998,1,42,13.0,2.2092,0
999,1,27,14.0,8.7545,1
1000,1,23,13.0,3.46,0
1001,1,65,13.0,4.8901,1
1002,1,32,12.0,5.3986,1
1003,1,78,0.5,0.9689,0
1004,0,27,17.0,2.8311,0
1005,1,46,12.0,3.4183,1
1006,1,33,15.0,7.4874,1
1007,1,41,12.0,4.4312,1
1008,1,50,6.0,1.2659,1
1009,1,64,17.0,7.5945,1
1010,1,56,7.0,6.6992,1
1011,1,48,13.0,8.7545,0
1012,1,59,8.0,3.064,1
1013,1,44,12.0,3.3834,1
1014,1,31,12.0,6.3304,1
1015,1,50,8.0,7.0036,1
1016,0,40,14.0,2.7031,1
1017,1,31,13.0,3.7042,1
1018,1,44,12.0,4.4312,1
1019,1,48,16.0,4.9624,1
1020,1,40,9.0,0.8284,0
1021,1,42,12.0,2.3866,1
1022,1,77,13.0,1.6049,1
1023,1,28,14.0,1.0942,0
1024,1,23,12.0,4.4312,0
1025,1,49,17.0,1.6472,1
1026,1,64,12.0,1.8967,0
1027,1,62,8.0,4.669,0
1028,1,30,14.0,3.2949,1
1029,1,33,12.0,5.3986,0
1030,1,52,16.0,0.1936,1
1031,0,61,3.0,1.3131,0
1032,1,45,12.0,2.1319,1
1033,1,25,12.0,4.4312,0
1034,1,64,10.0,1.3131,1
1035,1,53,10.0,9.1907,0
1036,1,66,16.0,2.4803,1
1037,1,42,16.0,5.1229,1
1038,1,52,11.0,1.5788,1
1039,1,45,12.0,4.3754,1
1040,1,75,9.0,1.1277,1
1041,0,32,17.0,4.4876,1
1042,1,48,11.0,6.9491,0
1043,0,74,3.0,3.4183,0
1044,1,64,12.0,3.8606,1
1045,0,82,3.0,0.9214,0
1046,0,51,12.0,1.4398,0
1047,1,52,12.0,4.4312,1
1048,1,89,12.0,0.7294,0
1049,1,75,16.0,0.7953,1
1050,1,65,12.0,14.9247,1
1051,1,62,11.0,1.2659,1
1052,0,43,7.0,2.4811,1
1053,1,82,8.0,0.8284,1
1054,0,28,13.0,4.6493,0
1055,0,42,11.0,1.8561,0
1056,1,48,14.0,2.3866,1
1057,1,39,14.0,5.9469,1
1058,1,35,8.0,3.58,0
1059,1,25,14.0,2.7852,0
1060,1,63,12.0,1.0942,1
1061,1,41,9.0,1.6218,0
1062,1,76,11.0,1.2868,1
1063,1,59,14.0,4.2857,0
1064,1,71,6.0,0.2649,1
1065,1,38,11.0,2.8311,0
1066,1,68,10.0,1.8429,0
1067,1,68,7.0,0.9689,0
1068,1,34,16.0,3.8606,1
1069,1,67,0.0,1.1277,1
1070,1,45,8.0,1.3257,1
1071,1,37,14.0,2.2788,1
1072,1,31,17.0,3.7435,1
1073,1,34,19.0,3.6476,1
1074,1,62,13.0,2.5545,1
1075,1,32,16.0,5.9469,1
1076,1,54,16.0,8.3565,1
1077,1,83,8.0,5.2331,1
1078,1,70,12.0,1.4927,0
1079,1,54,12.0,1.726,1
1080,1,52,10.0,3.4183,1
1081,1,25,14.0,0.7568,1
1082,1,26,10.0,0.9457,0
1083,0,22,12.0,0.8284,1
1084,1,33,17.0,2.8997,1
1085,1,34,6.0,1.1277,1
1086,1,65,12.0,0.7594,0
1087,0,44,11.0,0.7594,1
1088,1,62,5.0,1.1277,0
1089,1,65,14.0,2.7068,1
1090,1,64,16.0,5.8684,1
1091,0,51,8.0,0.253,1
1092,1,40,12.0,6.0903,1
1093,1,45,12.0,6.7838,1
1094,1,31,12.0,6.7838,1
1095,1,49,12.0,6.7838,1
1096,1,22,12.0,3.4183,0
1097,1,29,12.0,6.7838,1
1098,1,34,15.0,8.6696,0
1099,1,52,12.0,1.8561,1
1100,1,47,19.0,1.6218,1
1101,1,48,7.0,1.2094,0
1102,1,79,12.0,0.2162,1
1103,1,34,13.0,6.3352,1
1104,1,22,13.0,2.1309,1
1105,0,80,0.0,0.2917,1
1106,1,52,14.0,4.2857,1
1107,1,31,12.0,4.0702,1
1108,1,78,4.0,3.7972,1
1109,0,40,11.0,2.2788,0
1110,1,43,19.0,11.2351,1
1111,1,77,12.0,2.5545,1
1112,1,38,12.0,2.1309,1
1113,1,47,11.0,2.5196,1
1114,1,36,12.0,1.4398,1
1115,1,26,16.0,4.4876,1
1116,1,38,12.0,2.4803,1
1117,1,38,12.0,5.8684,1
1118,1,39,14.0,7.5945,1
1119,1,59,10.0,2.917,1
1120,1,30,9.0,1.8561,1
1121,0,44,11.0,0.6304,1
1122,0,29,12.0,1.3566,1
1123,1,21,11.0,0.6765,1
1124,0,59,11.0,7.5945,0
1125,1,62,9.0,1.8967,1
1126,1,36,10.0,2.0299,0
1127,1,22,14.0,5.1229,1
1128,1,41,12.0,6.3304,1
1129,1,19,12.0,2.4868,1
1130,1,58,9.0,1.8561,1
1131,1,52,19.0,9.5029,1
1132,1,28,13.0,3.8606,0
1133,1,24,19.0,3.46,1
1134,1,46,19.0,11.8939,1
1135,0,24,12.0,3.7042,0
1136,1,48,12.0,8.3565,1
1137,0,72,0.0,0.7953,0
1138,0,43,14.0,6.3304,1
1139,1,28,14.0,3.58,1
1140,1,28,14.0,0.9457,0
1141,1,87,14.0,7.5945,1
1142,1,53,10.0,7.0036,1
1143,1,27,14.0,5.178,1
1144,1,31,19.0,9.5029,1
1145,1,36,16.0,8.7517,1
1146,0,58,16.0,6.3304,1
1147,1,61,12.0,5.9111,1
1148,1,65,14.0,6.6298,1
1149,1,59,4.0,2.7852,1
1150,1,60,12.0,2.1309,1
1151,1,31,16.0,7.0036,0
1152,1,70,12.0,1.9045,1
1153,1,49,14.0,10.0376,1
1154,1,76,19.0,1.2094,1
1155,1,66,10.0,1.1277,1
1156,1,28,13.0,2.1885,1
1157,1,38,16.0,8.3565,1
1158,1,21,14.0,1.1277,1
1159,1,31,12.0,6.3304,1
1160,1,47,17.0,11.8908,1
1161,1,32,12.0,4.6493,1
1162,1,32,12.0,0.2364,0
1163,1,54,8.0,5.9469,1
1164,1,56,12.0,5.2331,1
1165,1,28,12.0,2.9072,1
1166,1,40,12.0,5.2331,1
1167,0,58,5.0,0.2649,0
1168,1,48,16.0,7.8949,1
1169,1,45,12.0,3.3834,1
1170,1,53,14.0,11.2351,1
1171,1,22,14.0,2.9072,1
1172,1,21,12.0,4.4312,0
1173,1,87,16.0,3.8606,1
1174,1,75,7.0,2.0299,1
1175,1,71,12.0,1.9703,1
1176,1,70,17.0,4.2313,1
1177,1,67,15.0,1.838,1
1178,1,38,8.0,2.4803,1
1179,1,84,8.0,1.6049,1
1180,1,65,12.0,1.6049,1
1181,1,72,12.0,7.0036,1
1182,1,48,19.0,13.6702,1
1183,1,30,12.0,6.3304,0
1184,1,67,5.0,0.1544,1
1185,0,60,17.0,1.1893,1
1186,1,46,12.0,2.2788,1
1187,1,28,12.0,2.917,1
1188,1,34,13.0,6.5589,1
1189,1,18,13.0,0.9214,1
1190,1,70,11.0,1.7723,1
1191,0,22,10.0,0.2253,1
1192,0,75,12.0,1.5788,1
1193,1,47,10.0,3.1676,0
1194,1,49,12.0,3.7972,1
1195,1,40,12.0,5.8684,1
1196,1,32,15.0,4.4876,1
1197,1,79,5.0,0.7594,0
1198,1,30,12.0,3.4183,1
1199,1,28,16.0,6.5589,1
1200,1,41,12.0,1.8429,0
1201,0,21,11.0,0.7568,1
1202,1,44,12.0,3.7435,1
1203,1,64,8.0,0.5813,0
1204,1,33,8.0,2.1885,1
1205,1,26,11.0,1.261,1
1206,0,59,8.0,0.8284,1
1207,1,54,19.0,5.178,1
1208,1,31,12.0,2.9161,0
1209,1,22,14.0,6.0903,1
1210,1,45,16.0,7.8949,1
1211,1,33,10.0,2.9072,0
1212,1,35,12.0,3.46,1
1213,1,47,10.0,5.9111,1
1214,1,52,5.0,2.9072,0
1215,1,33,19.0,5.6622,1
1216,1,22,11.0,5.4713,0
1217,0,27,11.0,4.8954,1
1218,0,80,12.0,3.3458,1
1219,1,42,10.0,2.9161,0
1220,0,33,11.0,1.6702,0
1221,1,64,8.0,1.8967,1
1222,1,54,14.0,3.2949,1
1223,1,82,8.0,1.0212,0
1224,1,54,14.0,6.5589,1
1225,1,50,12.0,8.3565,1
1226,1,21,12.0,7.5945,0
1227,0,36,12.0,1.0942,0
1228,1,26,12.0,4.6408,1
1229,1,22,14.0,1.1277,0
1230,1,28,12.0,5.3986,1
1231,0,62,10.0,2.3866,1
1232,1,22,12.0,1.7723,1
1233,1,68,5.0,1.3257,1
1234,0,54,9.0,9.1907,1
1235,0,29,12.0,4.0702,0
1236,1,54,12.0,3.58,1
1237,1,48,8.0,11.8939,0
1238,1,24,12.0,0.2364,0
1239,1,50,12.0,11.8939,0
1240,1,39,16.0,8.722,1
1241,1,40,12.0,1.864,0
1242,1,70,0.0,1.7723,1
1243,0,60,6.0,1.8967,1
1244,1,25,16.0,2.4189,1
1245,1,67,19.0,11.2307,1
1246,1,32,5.0,1.864,1
1247,1,51,10.0,3.8797,1
1248,1,69,8.0,2.4193,1
1249,1,49,12.0,0.2071,1
1250,0,26,10.0,2.1885,0
1251,1,47,12.0,5.2331,1
1252,0,48,10.0,1.5788,0
1253,1,65,12.0,2.4189,1
1254,0,40,9.0,6.7838,0
1255,1,63,12.0,2.4193,1
1256,0,41,12.0,6.274,1
1257,1,50,5.0,2.5545,0
1258,1,40,12.0,4.0702,1
1259,0,32,9.0,3.2949,1
1260,1,80,11.0,0.2649,0
1261,1,25,16.0,7.4874,0
1262,0,59,9.0,4.0702,0
1263,1,41,16.0,7.7751,1
1264,1,21,14.0,0.6765,1
1265,1,35,14.0,1.2868,1
1266,1,40,12.0,5.3986,1
1267,1,46,12.0,7.8949,1
1268,1,30,16.0,4.4312,1
1269,1,78,17.0,4.3348,1
1270,1,18,10.0,3.1356,0
1271,0,45,12.0,0.4607,1
1272,1,50,12.0,4.669,1
1273,1,42,19.0,11.2351,1
1274,1,28,12.0,6.3352,1
1275,0,38,14.0,2.9161,1
1276,1,38,14.0,4.3348,0
1277,1,74,10.0,0.7294,1
1278,1,33,16.0,10.0376,0
1279,1,51,12.0,7.7751,1
1280,1,46,19.0,3.1676,1
1281,0,65,19.0,11.6294,1
1282,0,52,11.0,0.7594,1
1283,1,82,10.0,0.9689,1
1284,1,39,14.0,11.2351,1
1285,1,83,7.0,1.2094,0
1286,1,35,12.0,6.7838,1
1287,1,56,12.0,5.3986,1
1288,0,22,12.0,1.3117,1
1289,1,74,4.0,1.3257,1
1290,1,26,14.0,7.0281,0
1291,1,71,16.0,3.7042,1
1292,0,51,12.0,2.0021,0
1293,1,36,17.0,11.8908,1
1294,1,59,12.0,1.4974,1
1295,1,35,12.0,4.3195,1
1296,1,51,12.0,9.3205,1
1297,1,66,6.0,1.3566,0
1298,1,61,8.0,0.7594,0
1299,0,39,19.0,9.3205,1
1300,1,24,14.0,5.1229,1
1301,0,41,14.0,2.1309,0
1302,1,28,13.0,2.9161,1
1303,0,24,16.0,5.3986,1
1304,1,37,16.0,3.9394,1
1305,0,71,8.0,1.261,1
1306,0,20,14.0,3.2949,0
1307,1,50,5.0,7.5945,1
1308,1,57,10.0,4.2313,1
1309,1,67,16.0,6.274,1
1310,1,28,10.0,2.3866,1
1311,1,58,10.0,1.1046,1
1312,1,34,16.0,3.6476,0
1313,1,41,19.0,5.9469,1
1314,0,52,12.0,0.8284,1
1315,1,20,12.0,4.4876,0
1316,1,25,14.0,3.3834,1
1317,1,45,15.0,4.3348,1
1318,1,81,8.0,0.2649,0
1319,1,20,12.0,3.3102,0
1320,1,60,12.0,7.5945,0
1321,1,88,9.0,0.6177,1
1322,1,57,16.0,4.0702,1
1323,1,45,15.0,9.1907,1
1324,1,61,8.0,2.917,1
1325,1,60,8.0,0.6765,0
1326,1,47,14.0,6.7838,1
1327,1,56,5.0,0.7953,1
1328,1,54,9.0,3.8606,0
1329,1,62,14.0,2.3866,1
1330,1,48,15.0,6.9491,1
1331,1,39,14.0,3.8606,1
1332,1,23,12.0,2.7722,1
1333,1,24,16.0,6.7838,1
1334,0,45,14.0,5.178,1
1335,1,26,16.0,2.9072,1
1336,1,23,12.0,1.6049,1
1337,1,72,8.0,2.0021,1
1338,1,47,12.0,5.2331,1
1339,1,35,14.0,8.7517,1
1340,0,35,17.0,2.4803,1
1341,1,29,14.0,1.6049,1
1342,1,51,12.0,2.7852,0
1343,1,26,12.0,1.6049,0
1344,1,42,12.0,4.0702,1
1345,1,77,9.0,1.7443,0
1346,1,41,16.0,5.6622,1
1347,1,52,8.0,3.58,1
1348,1,42,8.0,1.2659,0
1349,1,37,16.0,8.3565,1
1350,0,41,15.0,0.6304,0
1351,1,57,8.0,1.7723,1
1352,1,63,6.0,5.3986,1
1353,0,46,9.0,1.8429,0
1354,1,21,7.0,2.1885,0
1355,1,58,3.0,0.7594,1
1356,1,24,16.0,2.7031,1
1357,1,62,12.0,1.4974,1
1358,1,36,19.0,8.6696,1
1359,1,70,16.0,2.8311,1
1360,1,31,12.0,2.917,1
1361,1,55,16.0,4.6408,1
1362,1,36,9.0,1.8967,1
1363,1,37,13.0,5.9469,1
1364,1,66,12.0,0.5523,0
1365,1,29,19.0,3.8606,1
1366,1,26,16.0,3.2949,1
1367,1,43,12.0,7.8949,1
1368,1,38,9.0,2.4868,1
1369,1,35,12.0,3.3558,1
1370,1,44,8.0,6.7838,1
1371,1,77,8.0,1.655,0
1372,1,44,14.0,10.0376,1
1373,1,56,7.0,0.2649,1
1374,1,27,6.0,0.6911,0
1375,1,39,16.0,1.8429,1
1376,0,51,15.0,5.6622,1
1377,1,44,12.0,2.4811,1
1378,1,35,19.0,3.064,1
1379,1,60,12.0,5.3986,1
1380,1,53,12.0,1.3566,1
1381,1,43,16.0,7.7751,1
1382,0,21,14.0,1.3566,1
1383,1,36,12.0,3.58,1
1384,1,76,10.0,1.2659,1
1385,1,35,12.0,2.917,1
1386,1,56,7.0,3.3458,1
1387,0,82,12.0,1.5788,1
1388,0,23,8.0,0.7953,0
1389,0,25,12.0,3.8797,1
1390,1,39,12.0,4.4312,1
1391,1,52,8.0,2.7852,1
1392,1,51,14.0,4.8954,1
1393,1,64,7.0,1.8429,1
1394,1,32,8.0,3.46,0
1395,1,20,12.0,3.7042,1
1396,1,75,0.0,2.3866,1
1397,1,29,16.0,2.2092,1
1398,1,62,14.0,1.4927,1
1399,1,60,12.0,6.7838,1
1400,1,55,14.0,5.6622,1
1401,1,30,9.0,0.9214,0
1402,1,20,13.0,1.1893,1
1403,1,34,17.0,9.5029,0
1404,1,44,12.0,4.0702,1
1405,1,67,6.0,1.6049,0
1406,1,40,8.0,2.4811,1
1407,1,38,13.0,5.6622,1
1408,1,50,12.0,2.4803,0
1409,1,60,10.0,2.3866,1
1410,1,53,12.0,4.669,1
1411,1,29,14.0,4.4578,0
1412,0,80,5.0,0.7294,0
1413,0,39,16.0,2.1319,1
1414,1,34,12.0,2.7852,1
1415,1,48,9.0,0.973,1
1416,1,39,12.0,8.722,1
1417,1,57,6.0,1.5879,1
1418,1,72,0.0,0.253,0
1419,1,75,13.0,0.2364,1
1420,1,33,14.0,1.6218,0
1421,1,52,8.0,4.669,0
1422,1,23,10.0,3.58,0
1423,0,34,9.0,3.58,1
1424,1,31,9.0,0.6765,1
1425,1,32,12.0,5.3986,1
1426,1,86,9.0,0.4118,0
1427,1,35,14.0,1.655,0
1428,1,57,10.0,6.3304,1
1429,1,35,14.0,3.58,1
1430,1,35,12.0,7.8949,1
1431,1,52,8.0,5.1229,1
1432,1,39,14.0,3.1676,1
1433,1,52,9.0,3.7042,1
1434,0,23,14.0,0.9457,1
1435,1,63,14.0,8.7545,0
1436,0,56,14.0,3.4183,1
1437,1,59,12.0,3.46,1
1438,1,29,14.0,8.4934,1
1439,1,58,10.0,0.9689,1
1440,1,30,11.0,3.4183,1
1441,1,34,11.0,2.3866,1
1442,1,33,15.0,6.274,1
1443,1,37,16.0,12.4066,1
1444,1,42,12.0,8.722,1
1445,0,57,17.0,4.8901,1
1446,1,31,12.0,1.2659,1
1447,1,40,16.0,2.8311,1
1448,1,21,14.0,0.5813,1
1449,1,24,12.0,1.0212,0
1450,1,34,12.0,3.7042,1
1451,1,21,14.0,3.2949,0
1452,1,54,12.0,10.64,1
1453,0,24,12.0,3.7042,0
1454,0,19,12.0,1.8127,1
1455,1,30,13.0,4.8954,1
1456,1,27,13.0,4.2313,1
1457,1,37,12.0,1.4974,0
1458,1,72,12.0,3.8606,1
1459,1,30,10.0,2.3866,1
1460,1,78,8.0,0.2253,0
1461,0,26,12.0,3.2449,0
1462,1,24,16.0,2.917,1
1463,1,30,16.0,11.8939,1
1464,1,65,5.0,1.8561,1
1465,1,67,12.0,2.1279,1
1466,1,72,12.0,2.2706,1
1467,1,36,19.0,8.4934,1
1468,1,51,11.0,1.6472,0
1469,1,65,13.0,1.5879,1
1470,1,47,12.0,11.2351,1
1471,0,64,6.0,2.9193,1
1472,1,72,19.0,4.0702,1
1473,1,33,16.0,3.9394,1
1474,1,65,10.0,8.6696,1
1475,1,60,19.0,13.3041,1
1476,1,88,14.0,0.978,1
1477,1,56,9.0,1.3131,1
1478,1,50,16.0,7.7751,1
1479,1,66,14.0,0.7953,1
1480,1,37,12.0,3.3834,1
1481,1,36,12.0,2.2092,0
1482,0,20,12.0,4.2313,0
1483,1,67,13.0,8.7545,1
1484,1,27,10.0,4.6408,1
1485,1,45,12.0,7.5945,1
1486,1,27,13.0,3.7042,0
1487,1,38,8.0,3.4183,1
1488,1,61,8.0,3.4183,1
1489,1,52,12.0,6.274,1
1490,1,37,10.0,4.4312,1
1491,1,46,12.0,7.8949,1
1492,1,57,12.0,3.7435,1
1493,1,49,13.0,9.5029,1
1494,1,21,13.0,1.8429,0
1495,1,35,14.0,7.5945,1
1496,1,25,12.0,6.9491,1
1497,1,21,10.0,7.0036,0
1498,1,29,12.0,7.7751,1
1499,1,48,15.0,3.46,1
1500,1,29,12.0,1.2094,0
1501,1,49,14.0,5.9469,1
1502,1,66,14.0,7.5945,0
1503,1,33,12.0,4.0006,0
1504,0,23,12.0,3.2449,0
1505,1,28,14.0,2.4193,1
1506,1,77,8.0,1.8967,1
1507,1,46,17.0,6.274,0
1508,1,60,8.0,0.7294,0
1509,1,37,16.0,7.7751,1
1510,1,80,9.0,1.261,1
1511,1,70,8.0,2.5545,1
1512,1,22,12.0,1.7443,1
1513,1,80,12.0,3.8797,1
1514,1,28,16.0,4.669,1
1515,1,24,11.0,4.4312,1
1516,0,62,10.0,1.0942,0
1517,1,25,12.0,4.0702,1
1518,1,75,9.0,1.4055,0
1519,1,31,11.0,2.4803,1
1520,1,84,7.0,1.3566,1
1521,1,81,16.0,1.261,1
1522,1,68,17.0,13.3041,1
1523,1,50,10.0,3.3834,1
1524,1,56,12.0,0.7953,1
1525,1,33,12.0,1.1893,1
1526,1,20,12.0,5.4713,1
1527,1,41,14.0,6.3304,1
1528,1,40,14.0,2.7068,1
1529,1,52,12.0,0.6177,0
1530,1,69,17.0,13.3041,1
1531,0,74,4.0,1.3131,1
1532,1,54,12.0,3.3834,0
1533,1,44,12.0,8.722,1
1534,1,29,13.0,2.4868,1
1535,1,24,13.0,2.2856,0
1536,1,30,13.0,1.1046,0
1537,1,41,14.0,2.7852,1
1538,1,39,19.0,11.3918,1
1539,1,54,12.0,5.2331,0
1540,1,46,19.0,11.6294,1
1541,1,33,8.0,6.6298,1
1542,0,65,7.0,0.7594,0
1543,1,59,10.0,1.655,0
1544,1,45,12.0,6.3352,1
1545,1,32,12.0,6.0903,1
1546,1,86,7.0,0.7568,1
1547,1,52,6.0,0.9214,1
1548,1,41,11.0,2.3866,1
1549,0,37,12.0,3.3102,1
1550,1,48,8.0,2.2788,1
1551,1,35,14.0,5.6622,1
1552,0,26,4.0,1.2659,1
1553,1,38,13.0,3.7435,1
1554,1,35,12.0,8.7517,1
1555,0,41,16.0,5.9469,1
1556,1,33,14.0,4.9624,1
1557,1,48,12.0,6.6992,1
1558,1,41,19.0,7.8949,1
1559,0,41,12.0,2.7068,1
1560,1,64,12.0,2.1279,1
1561,1,26,12.0,2.7852,1
1562,1,28,12.0,4.6493,1
1563,1,45,15.0,5.6622,1
1564,1,44,12.0,2.2788,1
1565,0,19,12.0,4.4876,0
1566,1,50,16.0,11.3918,1
1567,0,23,12.0,1.0212,0
1568,0,43,8.0,0.253,1
1569,1,51,15.0,4.8954,1
1570,1,41,16.0,2.5196,0
1571,1,38,12.0,3.4183,1
1572,1,50,14.0,11.2351,1
1573,1,42,19.0,4.8954,1
1574,1,31,12.0,4.4876,0
1575,1,63,17.0,1.8967,1
1576,1,36,13.0,6.3352,1
1577,1,43,12.0,6.3304,1
1578,1,77,6.0,1.261,0
1579,0,39,3.0,1.8429,0
1580,0,51,12.0,3.1356,1
1581,1,63,12.0,0.7953,0
1582,1,27,11.0,6.6298,0
1583,1,58,9.0,6.3304,1
1584,1,54,12.0,2.2706,1
1585,0,39,16.0,6.7838,1
1586,1,35,12.0,4.6493,0
1587,1,29,12.0,4.2313,1
1588,1,25,14.0,3.3834,1
1589,1,52,7.0,2.2788,1
1590,1,21,14.0,1.7443,1
1591,1,53,12.0,6.7838,1
1592,1,21,15.0,0.1544,1
1593,1,47,12.0,14.9247,1
1594,1,80,12.0,1.3131,1
1595,0,92,2.0,1.4498,1
1596,1,31,14.0,5.1229,1
1597,1,63,11.0,3.3102,1
1598,1,31,12.0,4.9624,0
1599,1,72,4.0,0.5813,0
1600,1,33,16.0,3.3102,1
1601,0,31,16.0,3.9394,1
1602,1,53,12.0,6.3352,1
1603,1,65,12.0,0.8284,0
1604,1,34,12.0,3.3834,1
1605,1,28,12.0,8.7545,0
1606,1,27,12.0,1.4398,0
1607,0,67,1.0,0.253,0
1608,1,65,10.0,1.8967,0
1609,0,19,12.0,2.1885,0
1610,1,24,13.0,4.3348,1
1611,1,33,12.0,4.8901,1
1612,1,37,16.0,3.3458,0
1613,1,44,12.0,2.3866,1
1614,1,64,12.0,4.4578,0
1615,1,36,11.0,2.4189,0
1616,1,67,12.0,1.4498,1
1617,1,21,14.0,7.7751,1
1618,1,34,15.0,11.2307,1
1619,1,52,9.0,3.6476,1
1620,1,70,10.0,2.3866,1
1621,1,36,12.0,4.0702,1
1622,1,23,10.0,1.3566,0
1623,1,61,12.0,2.0021,1
1624,1,48,16.0,8.3565,1
1625,1,37,14.0,4.3754,1
1626,1,57,10.0,1.8429,1
1627,1,21,15.0,3.7435,1
1628,1,32,11.0,2.7068,0
1629,1,82,9.0,0.4607,1
1630,1,31,14.0,4.4312,1
1631,1,25,14.0,4.2313,1
1632,1,67,12.0,2.2706,0
1633,1,36,8.0,1.8561,0
1634,1,28,12.0,5.4713,1
1635,1,46,14.0,4.6408,1
1636,1,52,12.0,9.5029,1
1637,1,62,19.0,2.8311,1
1638,1,33,13.0,1.4498,1
1639,1,20,14.0,2.1319,1
1640,0,34,16.0,3.4183,1
1641,1,45,16.0,6.3352,0
1642,1,61,9.0,2.8997,1
1643,0,50,8.0,0.6911,0
1644,1,21,12.0,3.7435,1
1645,1,19,13.0,0.6177,1
1646,1,34,12.0,3.7042,1
1647,1,53,7.0,0.7594,1
1648,1,28,9.0,2.4803,0
1649,1,57,8.0,3.2949,0
1650,1,66,16.0,5.2331,1
1651,1,40,14.0,6.6298,1
1652,1,58,10.0,4.4312,1
1653,1,58,12.0,9.1907,1
1654,1,69,8.0,1.3566,0
1655,0,46,14.0,1.555,1
1656,1,60,11.0,1.0942,1
1657,1,50,16.0,11.2351,1
1658,0,40,13.0,3.7435,1
1659,1,36,13.0,0.2917,1
1660,1,26,14.0,4.3348,1
1661,0,22,12.0,0.6304,1
1662,0,69,4.0,0.7594,0
1663,1,42,10.0,3.9394,0
1664,0,42,17.0,11.2307,1
1665,1,34,9.0,3.8797,1
1666,1,36,8.0,2.7852,0
1667,0,45,17.0,8.7545,1
1668,1,66,7.0,3.3834,1
1669,1,36,19.0,4.4876,1
1670,1,41,12.0,4.4578,1
1671,1,54,9.0,4.4312,1
1672,1,19,12.0,8.722,1
1673,1,29,12.0,5.4713,1
1674,1,35,12.0,3.7042,1
1675,1,49,12.0,5.2331,1
1676,1,82,10.0,0.8284,0
1677,1,36,13.0,3.1676,1
1678,1,31,16.0,8.7517,1
1679,1,67,12.0,4.4578,1
1680,0,35,6.0,2.7852,0
1681,0,22,11.0,2.5196,0
1682,1,70,14.0,5.8684,1
1683,1,62,13.0,5.9469,1
1684,0,48,7.0,3.4183,1
1685,1,31,12.0,4.8954,1
1686,1,72,11.0,1.1893,1
1687,1,54,11.0,3.3558,1
1688,1,33,14.0,2.2856,1
1689,1,72,7.0,1.0212,0
1690,1,25,14.0,3.7042,0
1691,1,77,9.0,0.2253,0
1692,1,37,14.0,5.1229,1
1693,0,67,10.0,0.5813,1
1694,1,27,15.0,1.5879,1
1695,0,33,17.0,4.8954,1
1696,1,45,16.0,8.7517,1
1697,1,79,12.0,1.0212,1
1698,1,25,14.0,6.7838,0
1699,1,72,12.0,2.0299,1
1700,1,37,12.0,3.4183,0
1701,1,45,17.0,9.5029,1
1702,1,49,12.0,2.4189,0
1703,0,55,6.0,0.253,0
1704,1,63,11.0,1.4055,1
1705,1,47,6.0,1.7723,0
1706,1,26,12.0,0.6765,1
1707,0,36,12.0,3.7042,1
1708,1,70,8.0,1.7443,1
1709,1,39,12.0,4.4312,1
1710,1,23,16.0,3.2949,1
1711,0,34,14.0,2.7852,1
1712,1,35,13.0,4.3754,0
1713,1,58,12.0,6.3352,1
1714,1,51,12.0,4.3348,1
1715,1,22,14.0,4.9624,0
1716,1,28,16.0,7.0036,1
1717,1,37,16.0,6.3304,1
1718,1,24,12.0,3.7972,0
1719,1,67,19.0,5.1229,1
1720,1,23,10.0,2.3866,0
1721,0,30,8.0,8.7545,1
1722,1,50,10.0,4.2857,1
1723,1,22,13.0,0.7568,1
1724,1,26,11.0,3.064,0
1725,1,68,13.0,3.7435,1
1726,1,50,11.0,4.0702,1
1727,1,32,19.0,14.9247,1
1728,1,83,7.0,0.7953,0
1729,1,77,12.0,0.978,1
1730,1,45,14.0,4.8901,1
1731,1,32,16.0,2.4868,1
1732,1,43,12.0,5.178,0
1733,1,51,12.0,4.6408,1
1734,1,78,9.0,1.6472,1
1735,1,42,13.0,5.8684,1
1736,1,74,12.0,1.726,1
1737,1,75,4.0,0.7594,1
1738,1,87,10.0,0.5813,1
1739,1,28,12.0,3.2949,0
1740,0,46,7.0,0.7594,1
1741,1,45,12.0,2.9161,1
1742,1,52,12.0,3.6476,1
1743,1,50,12.0,3.4183,1
1744,1,84,9.0,1.1277,0
1745,1,86,8.0,0.2253,0
1746,1,29,11.0,3.9394,1
1747,1,36,17.0,4.3348,1
1748,1,26,12.0,3.7042,1
1749,1,78,16.0,1.3131,1
1750,1,29,13.0,3.064,0
1751,1,32,17.0,4.3195,1
1752,1,25,12.0,4.0702,1
1753,1,79,8.0,1.261,1
1754,1,72,8.0,4.4312,0
1755,1,69,12.0,8.3565,1
1756,0,26,12.0,1.8967,1
1757,1,69,12.0,2.522,1
1758,1,49,14.0,11.2307,1
1759,1,43,9.0,0.9689,1
1760,1,18,10.0,0.2364,1
1761,1,42,19.0,4.4876,1
1762,1,37,14.0,2.8311,1
1763,0,24,12.0,7.0281,1
1764,1,57,16.0,3.8606,0
1765,1,39,14.0,8.722,1
1766,0,22,13.0,4.6493,0
1767,0,42,12.0,1.7723,1
1768,1,42,12.0,3.4183,1
1769,1,53,19.0,10.1506,1
1770,1,23,12.0,1.3566,0
1771,1,30,13.0,5.178,0
1772,1,54,19.0,9.5029,1
1773,1,23,16.0,0.2364,1
1774,1,40,12.0,0.2649,1
1775,1,43,12.0,8.7517,1
1776,0,59,12.0,0.2917,0
1777,1,30,11.0,3.8797,1
1778,1,49,14.0,2.4193,0
1779,0,26,12.0,1.5788,0
1780,1,63,4.0,2.2092,0
1781,1,59,10.0,2.0299,1
1782,1,21,12.0,1.8561,1
1783,1,71,8.0,2.5545,1
1784,1,64,14.0,3.3458,1
1785,1,18,11.0,3.6476,0
1786,0,21,8.0,2.7852,0
1787,1,25,11.0,2.0543,0
1788,1,37,12.0,6.7838,1
1789,1,63,8.0,3.9394,1
1790,1,56,15.0,3.46,1
1791,1,23,16.0,0.2071,1
1792,1,66,16.0,4.6408,1
1793,1,47,16.0,8.3565,1
1794,1,39,17.0,10.0376,1
1795,1,46,14.0,11.8908,1
1796,0,39,15.0,6.9491,1
1797,0,60,8.0,2.5545,1
1798,1,82,10.0,1.5788,0
1799,1,67,8.0,1.3257,1
1800,1,52,12.0,3.1676,0
1801,0,24,10.0,0.7594,0
1802,0,26,11.0,1.3257,1
1803,0,21,14.0,1.2094,1
1804,1,26,9.0,2.7852,1
1805,1,31,17.0,4.4876,0
1806,1,58,12.0,9.1907,1
1807,0,34,16.0,5.4713,1
1808,1,47,16.0,7.5945,1
1809,1,57,12.0,4.4312,1
1810,1,21,12.0,1.2094,1
1811,1,31,11.0,2.7068,0
1812,1,31,12.0,2.4803,1
1813,1,57,12.0,1.4055,1
1814,1,52,13.0,2.522,1
1815,1,41,12.0,2.2788,0
1816,1,41,9.0,4.6408,1
1817,1,27,12.0,4.8901,0
1818,1,51,13.0,7.7751,1
1819,1,75,12.0,3.1676,1
1820,1,21,12.0,2.9072,0
1821,1,47,8.0,2.7852,1
1822,1,42,19.0,8.7517,1
1823,1,72,14.0,4.8954,1
1824,1,46,12.0,4.6493,0
1825,1,29,12.0,5.3986,1
1826,1,82,8.0,0.8284,0
1827,1,45,12.0,6.6298,1
1828,1,32,16.0,1.5879,1
1829,1,65,9.0,2.3866,1
1830,1,21,12.0,2.7852,1
1831,1,66,17.0,8.4934,1
1832,1,26,16.0,1.8967,0
1833,1,40,13.0,6.274,1
1834,1,29,12.0,4.2313,1
1835,1,71,12.0,0.9689,0
1836,0,28,13.0,9.3205,1
1837,1,57,8.0,3.3558,0
1838,1,23,12.0,2.1319,1
1839,1,40,13.0,0.4607,0
1840,1,79,5.0,0.5813,1
1841,1,46,19.0,11.8908,1
1842,1,24,12.0,0.9689,0
1843,1,22,12.0,3.7042,0
1844,0,54,7.0,0.2364,1
1845,1,79,16.0,1.9045,1
1846,1,39,19.0,6.3352,1
1847,1,77,14.0,1.3566,1
1848,1,69,12.0,1.6218,1
1849,1,19,12.0,2.5196,0
1850,1,20,13.0,0.4118,0
1851,1,23,12.0,1.7723,0
1852,1,36,14.0,6.9491,1
1853,1,22,12.0,9.1907,1
1854,1,29,12.0,5.9469,1
1855,1,65,0.0,0.2253,0
1856,1,22,16.0,0.0,1
1857,1,70,14.0,2.522,1
1858,1,71,7.0,0.7294,1
1859,1,32,12.0,3.064,0
1860,0,23,12.0,1.655,1
1861,1,54,10.0,1.2659,1
1862,1,65,12.0,11.2351,1
1863,0,83,10.0,0.7568,0
1864,1,32,16.0,6.7838,1
1865,0,47,12.0,5.9111,0
1866,1,28,17.0,5.9111,1
1867,1,50,12.0,3.8797,1
1868,1,45,19.0,11.8908,1
1869,1,45,19.0,5.6622,1
1870,1,25,12.0,4.3348,1
1871,1,21,10.0,2.4189,0
1872,1,46,12.0,5.2331,1
1873,1,62,14.0,2.9072,1
1874,1,72,10.0,1.3246,0
1875,1,55,12.0,3.7435,1
1876,1,68,13.0,3.2449,1
1877,1,39,12.0,4.4312,1
1878,1,28,14.0,4.669,1
1879,0,48,6.0,0.5523,0
1880,1,35,12.0,1.3246,1
1881,1,40,14.0,3.3834,0
1882,0,62,4.0,0.7594,1
1883,1,36,16.0,11.2307,1
1884,1,22,14.0,0.2364,1
1885,1,27,9.0,11.6294,0
1886,0,55,12.0,4.6493,1
1887,1,41,19.0,11.8908,1
1888,0,75,0.0,0.2649,0
1889,1,59,12.0,3.46,1
1890,1,25,13.0,3.8606,1
1891,1,53,8.0,6.3304,1
1892,1,26,12.0,5.2331,1
1893,1,56,12.0,6.0903,0
1894,1,25,19.0,3.3834,1
1895,1,42,12.0,5.9111,1
1896,1,69,5.0,0.7294,1
1897,1,33,11.0,1.1839,0
1898,1,21,12.0,2.5196,1
1899,1,73,12.0,1.9045,1
1900,1,46,13.0,5.3986,1
1901,1,42,10.0,3.3834,0
1902,1,66,19.0,7.5945,1
1903,1,22,16.0,9.5029,1
1904,1,73,16.0,2.4189,0
1905,1,58,16.0,6.3352,1
1906,1,46,16.0,4.3754,1
1907,1,29,12.0,4.0006,0
1908,1,61,6.0,6.6992,1
1909,1,78,8.0,0.9689,0
1910,1,30,16.0,6.3352,0
1911,1,32,13.0,2.2092,1
1912,1,58,12.0,3.7435,1
1913,1,39,8.0,3.2949,1
1914,0,82,13.0,0.7568,0
1915,0,29,12.0,0.2364,1
1916,1,35,13.0,11.2351,1
1917,1,56,7.0,1.8561,0
1918,1,28,12.0,3.4183,0
1919,1,25,12.0,3.3102,0
1920,1,31,14.0,3.1356,0
1921,1,51,19.0,11.2351,1
1922,0,38,7.0,3.4183,1
1923,1,46,12.0,12.4066,1
1924,1,50,12.0,2.522,1
1925,1,53,16.0,1.7723,1
1926,1,42,8.0,5.2331,0
1927,1,22,9.0,1.3566,0
1928,1,44,11.0,2.917,0
1929,1,26,14.0,3.4183,1
1930,1,34,12.0,3.2949,0
1931,1,64,14.0,2.4189,1
1932,0,38,7.0,1.5788,0
1933,1,46,12.0,5.3986,1
1934,0,53,12.0,1.3131,0
1935,1,28,12.0,5.9111,0
1936,1,36,12.0,4.669,0
1937,1,43,8.0,12.4066,0
1938,0,26,12.0,3.1676,1
1939,1,53,12.0,1.6472,0
1940,1,67,9.0,5.178,1
1941,1,82,8.0,1.261,1
1942,1,69,8.0,2.2706,1
1943,1,79,12.0,1.9703,1
1944,1,70,7.0,2.2788,1
1945,1,23,12.0,1.8967,1
1946,1,41,12.0,5.2331,1
1947,1,29,16.0,2.2856,1
1948,1,78,16.0,2.3866,1
1949,1,33,16.0,3.6476,1
1950,1,64,10.0,1.6472,1
1951,1,38,11.0,4.2313,1
1952,1,56,12.0,4.4312,1
1953,0,68,6.0,0.7594,0
1954,1,75,14.0,3.8606,1
1955,1,41,19.0,14.9247,1
1956,1,37,16.0,11.2307,1
1957,1,52,10.0,1.5788,1
1958,1,67,6.0,2.7068,1
1959,1,43,14.0,6.3304,1
1960,1,35,12.0,0.5523,0
1961,1,63,12.0,1.1277,1
1962,1,48,16.0,6.5589,0
1963,1,23,16.0,2.4189,1
1964,1,56,12.0,6.9491,1
1965,1,52,12.0,5.4713,1
1966,1,73,12.0,1.9703,1
1967,1,30,16.0,3.6476,1
1968,1,28,11.0,2.1309,0
1969,1,44,14.0,8.722,1
1970,1,57,17.0,2.8997,1
1971,1,24,16.0,6.9491,1
1972,1,71,14.0,6.7838,1
1973,0,30,19.0,4.2857,1
1974,1,66,12.0,9.1907,1
1975,1,37,14.0,3.3102,1
1976,0,24,12.0,0.1727,0
1977,1,27,14.0,6.0903,1
1978,1,32,12.0,2.5196,0
1979,1,47,12.0,2.7852,0
1980,1,51,14.0,4.0702,0
1981,1,60,11.0,1.3566,1
1982,0,43,11.0,1.5788,1
1983,1,26,13.0,4.8954,1
1984,1,50,8.0,2.2788,1
1985,1,39,12.0,3.4183,1
1986,1,78,8.0,1.3566,1
1987,1,24,11.0,3.4183,1
1988,0,62,9.0,0.7294,0
1989,1,74,12.0,2.8311,1
1990,1,48,9.0,2.2788,1
1991,1,76,7.0,1.3566,1
1992,1,30,19.0,3.58,1
1993,1,28,12.0,6.3304,1
1994,1,58,12.0,0.1936,0
1995,1,22,7.0,0.2364,0
1996,1,26,16.0,3.3834,0
1997,1,34,12.0,2.917,1
1998,1,51,16.0,7.8949,1
1999,1,22,10.0,2.4811,0
2000,1,59,10.0,0.5523,0
