,firm,year,sector,emp,wage,capital,output
1,1,1977,7,5.0409999,13.1516,0.58939999,95.707199
2,1,1978,7,5.5999999,12.3018,0.6318,97.356903
3,1,1979,7,5.0149999,12.8395,0.6771,99.608299
4,1,1980,7,4.7150002,13.8039,0.6171,100.5501
5,1,1981,7,4.0929999,14.2897,0.50760001,99.558098
6,1,1982,7,3.1659999,14.8681,0.42289999,98.615097
7,1,1983,7,2.9360001,13.7784,0.39199999,100.0301
8,2,1977,7,71.319,14.7909,16.9363,95.707199
9,2,1978,7,70.642998,14.1036,17.242201,97.356903
10,2,1979,7,70.917999,14.9534,17.5413,99.608299
11,2,1980,7,72.030998,15.491,17.6574,100.5501
12,2,1981,7,73.689003,16.196899,16.713301,99.558098
13,2,1982,7,72.418999,16.131399,16.246901,98.615097
14,2,1983,7,68.517998,16.305099,17.3696,100.0301
15,3,1977,7,19.156,22.691999,7.0974998,95.707199
16,3,1978,7,19.440001,20.6938,6.9468999,97.356903
17,3,1979,7,19.9,21.2048,6.8565001,99.608299
18,3,1980,7,20.24,22.197001,6.6546998,100.5501
19,3,1981,7,19.57,24.871401,6.2136002,99.558098
20,3,1982,7,18.125,24.8447,5.7146001,98.615097
21,3,1983,7,16.85,28.9077,7.3431001,100.0301
22,4,1977,8,26.16,14.8283,8.4902,118.2223
23,4,1978,8,26.74,14.8379,8.7419996,120.1551
24,4,1979,8,27.280001,14.8756,9.1869001,118.8319
25,4,1980,8,27.83,15.2332,9.4035997,111.9164
26,4,1981,8,27.169001,17.252899,8.8938999,97.554001
27,4,1982,8,24.504,19.314199,8.3905001,92.198196
28,4,1983,8,22.562,20.005501,7.4351001,92.404099
29,5,1976,7,86.677002,20.632299,22.3804,94.899101
30,5,1977,7,87.099998,18.2782,22.2703,96.503799
31,5,1978,7,87.0,18.1369,25.167,98.816299
32,5,1979,7,90.400002,18.1896,25.3515,100.4835
33,5,1980,7,89.199997,19.289301,28.239401,100.1223
34,5,1981,7,82.699997,19.8242,25.7959,98.527
35,5,1982,7,73.699997,19.3873,20.368099,99.508301
36,6,1976,3,0.74800003,23.1889,0.16940001,102.7724
37,6,1977,3,0.76599997,20.539301,0.1618,107.027
38,6,1978,3,0.76200002,20.9387,0.1499,108.6788
39,6,1979,3,0.72899997,21.7626,0.14579999,111.119
40,6,1980,3,0.73100001,23.470699,0.1468,101.9265
41,6,1981,3,0.77899998,24.1252,0.14120001,99.497101
42,6,1982,3,0.78200001,25.206499,0.1261,99.310303
43,7,1976,3,1.6,30.851299,0.99339998,104.7664
44,7,1977,3,1.65,28.555,0.93300003,107.4791
45,7,1978,3,1.6799999,29.860201,0.96499997,108.9188
46,7,1979,3,1.6799999,30.589399,0.96289998,111.5591
47,7,1980,3,1.66,27.4886,0.9224,100.0
48,7,1981,3,1.5599999,31.486799,0.99919999,99.3965
49,7,1982,3,1.54,32.0728,0.88020003,99.293098
50,8,1976,3,9.1450005,30.908899,4.5486002,104.7664
51,8,1977,3,10.855,24.467899,4.6194,107.4791
52,8,1978,3,10.749,28.055799,5.0373001,108.9188
53,8,1979,3,10.959,28.744499,4.8748002,111.5591
54,8,1980,3,10.698,28.485399,3.2221,100.0
55,8,1981,3,8.1739998,31.7356,2.8343,99.3965
56,8,1982,3,4.7010002,29.896299,1.7506,99.293098
57,9,1976,3,2.006,26.0825,0.38240001,102.7724
58,9,1977,3,2.6559999,21.9545,0.4551,107.027
59,9,1978,3,2.7119999,22.809999,0.45289999,108.6788
60,9,1979,3,2.744,23.372,0.4524,111.119
61,9,1980,3,2.757,23.0737,0.46759999,101.9265
62,9,1981,3,2.849,24.304399,0.48100001,99.497101
63,9,1982,3,2.7520001,26.898399,0.47530001,99.310303
64,10,1976,7,3.823,23.3533,1.1293,95.3657
65,10,1977,7,3.9349999,21.3251,1.0143,96.731499
66,10,1978,7,3.5280001,20.9319,1.1169,99.233299
67,10,1979,7,3.52,20.4536,1.1626,100.7335
68,10,1980,7,3.467,23.4946,1.0827,100.0
69,10,1981,7,3.0899999,25.955299,1.0635999,98.232399
70,10,1982,7,3.2620001,26.0361,1.0958,99.763496
71,11,1976,3,1.359,23.061399,0.40990001,104.7664
72,11,1977,3,1.346,20.227501,0.57410002,107.4791
73,11,1978,3,1.3380001,22.143499,0.55629998,108.9188
74,11,1979,3,1.353,22.549601,0.51450002,111.5591
75,11,1980,3,1.2640001,22.5875,0.58950001,100.0
76,11,1981,3,1.158,25.9585,0.48469999,99.3965
77,11,1982,3,1.175,24.0345,0.4359,99.293098
78,12,1976,3,1.78,34.299099,0.25690001,104.7664
79,12,1977,3,1.643,30.3979,0.20720001,107.4791
80,12,1978,3,1.39,31.143101,0.1999,108.9188
81,12,1979,3,1.35,33.310501,0.2007,111.5591
82,12,1980,3,1.082,30.214701,0.1473,100.0
83,12,1981,3,0.77999997,29.7414,0.1158,99.3965
84,12,1982,3,0.68000001,31.123501,0.1036,99.293098
85,13,1976,1,2.3529999,22.383301,0.57849997,125.8064
86,13,1977,1,2.3859999,23.060699,0.56129998,127.9649
87,13,1978,1,2.375,23.493099,0.5273,125.4294
88,13,1979,1,2.415,26.0042,0.51800001,125.0259
89,13,1980,1,2.266,24.167101,0.46079999,106.3044
90,13,1981,1,1.777,26.057301,0.375,98.072899
91,13,1982,1,1.5369999,28.7064,0.31470001,96.867401
92,14,1978,1,3.165,20.911301,0.39019999,127.3866
93,14,1979,1,3.096,21.8887,0.43110001,124.6424
94,14,1980,1,2.9909999,23.701,0.4228,118.9132
95,14,1981,1,2.6919999,21.3925,0.38100001,99.357597
96,14,1982,1,2.175,25.523701,0.30509999,97.242798
97,14,1983,1,1.801,25.7211,0.2041,97.194397
98,14,1984,1,1.428,25.645201,0.16850001,99.986198
99,15,1977,9,7.2199998,22.5898,1.8498,105.3355
100,15,1978,9,7.3210001,22.054899,1.9215,108.1833
101,15,1979,9,7.0970001,22.290199,2.1854999,110.6984
102,15,1980,9,7.2010002,20.680799,2.4345,105.9673
103,15,1981,9,6.6020002,21.615101,2.1255,96.593102
104,15,1982,9,5.3109999,23.1551,1.5594,92.001297
105,15,1983,9,5.3940001,25.099899,1.3576,92.248802
106,16,1976,4,2.757,29.3517,0.91750002,116.4
107,16,1977,4,2.632,27.0686,0.86129999,115.7
108,16,1978,4,2.6470001,27.2752,0.85189998,112.8
109,16,1979,4,2.687,26.6444,0.52770001,108.9
110,16,1980,4,2.4170001,25.3591,0.5262,100.0
111,16,1981,4,2.2179999,25.2731,0.56599998,89.199997
112,16,1982,4,2.1059999,27.444599,0.51120001,90.5
113,17,1977,1,1.09,23.9352,0.12819999,127.164
114,17,1978,1,1.1440001,22.613899,0.1393,127.3866
115,17,1979,1,1.1950001,23.080099,0.1795,124.6424
116,17,1980,1,1.2589999,25.034599,0.18350001,118.9132
117,17,1981,1,1.319,24.258699,0.17309999,99.357597
118,17,1982,1,1.188,28.4659,0.1471,97.242798
119,17,1983,1,1.163,29.4594,0.1246,97.194397
120,18,1977,4,7.4070001,29.968901,1.1694,116.225
121,18,1978,4,7.3920002,26.261101,1.2643,114.975
122,18,1979,4,7.198,25.7528,1.3536,111.825
123,18,1980,4,6.8720002,24.319799,1.5671999,106.675
124,18,1981,4,6.131,24.3181,1.3429,97.300003
125,18,1982,4,5.7849998,26.5473,1.1385,89.525002
126,18,1983,4,5.487,26.593,0.96030003,89.599998
127,19,1976,4,23.531,34.020401,5.4762001,116.4
128,19,1977,4,22.521,30.319099,5.0655999,115.7
129,19,1978,4,21.865999,29.191999,5.0976,112.8
130,19,1979,4,21.066999,28.636499,5.7196002,108.9
131,19,1980,4,19.238001,29.714399,4.9972,100.0
132,19,1981,4,16.247999,31.3375,4.6638999,89.199997
133,19,1982,4,14.928,33.852798,4.1429,90.5
134,20,1977,4,1.053,28.045,0.13860001,116.225
135,20,1978,4,1.117,26.5632,0.16060001,114.975
136,20,1979,4,1.125,25.6042,0.16949999,111.825
137,20,1980,4,1.04,25.6604,0.2401,106.675
138,20,1981,4,0.995,25.49,0.2132,97.300003
139,20,1982,4,0.92299998,25.537001,0.2017,89.525002
140,20,1983,4,0.90799999,26.4244,0.1876,89.599998
141,21,1977,4,1.9910001,29.687,0.42910001,116.225
142,21,1978,4,2.671,28.128401,0.53780001,114.975
143,21,1979,4,2.937,26.5734,0.56919998,111.825
144,21,1980,4,3.0150001,25.546101,0.65750003,106.675
145,21,1981,4,2.701,25.4198,0.59719998,97.300003
146,21,1982,4,1.817,27.2402,0.49340001,89.525002
147,21,1983,4,1.631,28.7047,0.40419999,89.599998
148,22,1976,4,1.4,28.5597,0.1816,116.4
149,22,1977,4,1.4529999,25.001499,0.18340001,115.7
150,22,1978,4,1.525,23.435801,0.1812,112.8
151,22,1979,4,1.559,23.120199,0.1997,108.9
152,22,1980,4,1.548,23.26,0.1858,100.0
153,22,1981,4,1.339,20.0583,0.15109999,89.199997
154,22,1982,4,1.031,21.144899,0.132,90.5
155,23,1976,4,10.555,32.507,1.3305,116.4
156,23,1977,4,10.095,28.9027,1.3557,115.7
157,23,1978,4,8.8999996,26.858299,1.5965,112.8
158,23,1979,4,8.5389996,27.1607,1.2885,108.9
159,23,1980,4,6.448,28.3155,1.1389,100.0
160,23,1981,4,5.4050002,26.8969,0.87840003,89.199997
161,23,1982,4,4.7090001,29.211901,0.76370001,90.5
162,24,1976,4,1.674,27.5898,0.3863,116.4
163,24,1977,4,1.78,24.638599,0.4104,115.7
164,24,1978,4,1.817,23.638599,0.49360001,112.8
165,24,1979,4,1.795,23.511801,0.49079999,108.9
166,24,1980,4,1.715,23.696301,0.4465,100.0
167,24,1981,4,1.295,22.0786,0.34119999,89.199997
168,24,1982,4,1.2079999,28.113899,0.31569999,90.5
169,25,1976,4,0.77200001,34.499802,0.0616,116.4
170,25,1977,4,0.78799999,30.2071,0.063600004,115.7
171,25,1978,4,0.81999999,29.8638,0.0704,112.8
172,25,1979,4,0.82099998,28.6675,0.095799997,108.9
173,25,1980,4,0.82800001,27.4259,0.084299996,100.0
174,25,1981,4,0.81099999,23.242399,0.068000004,89.199997
175,25,1982,4,0.74199998,27.2418,0.057,90.5
176,26,1976,4,3.086,29.152,0.50279999,116.4
177,26,1977,4,3.3010001,26.433201,0.54619998,115.7
178,26,1978,4,3.3789999,26.1043,0.60399997,112.8
179,26,1979,4,3.319,24.9252,0.5589,108.9
180,26,1980,4,3.1340001,25.307699,0.58950001,100.0
181,26,1981,4,2.71,26.459499,0.47549999,89.199997
182,26,1982,4,2.5050001,27.286301,0.54369998,90.5
183,27,1978,4,6.5749998,25.9762,1.7454,112.8
184,27,1979,4,6.3769999,25.728001,1.8971,108.9
185,27,1980,4,5.7519999,26.0471,1.6784,100.0
186,27,1981,4,4.8699999,25.929701,1.5908999,89.199997
187,27,1982,4,4.4050002,27.816401,1.4754,90.5
188,27,1983,4,7.3340001,19.2866,1.439,86.900002
189,27,1984,4,7.145,32.038799,1.4052,87.400002
190,28,1977,5,0.61900002,13.2329,0.033599999,93.949997
191,28,1978,5,0.72600001,13.6601,0.039500002,98.199997
192,28,1979,5,0.773,14.4508,0.043699998,102.5667
193,28,1980,5,0.70899999,14.4125,0.057399999,102.0167
194,28,1981,5,0.65100002,15.0915,0.054299999,99.491699
195,28,1982,5,0.52100003,16.374399,0.044199999,94.258301
196,28,1983,5,0.49700001,17.137199,0.0396,99.058296
197,29,1977,5,1.11,28.0152,0.1242,95.699997
198,29,1978,5,1.1390001,28.0714,0.13940001,100.2
199,29,1979,5,1.196,28.7446,0.1649,102.4
200,29,1980,5,1.2359999,29.131701,0.1593,101.1
201,29,1981,5,1.054,29.630699,0.1407,96.949997
202,29,1982,5,0.93900001,30.7194,0.1376,96.050003
203,29,1983,5,0.91100001,33.2514,0.1401,103.35
204,30,1976,4,1.1289999,31.772301,0.1638,116.4
205,30,1977,4,1.181,26.8608,0.17380001,115.7
206,30,1978,4,1.176,26.100901,0.20730001,112.8
207,30,1979,4,1.189,27.5408,0.2105,108.9
208,30,1980,4,1.149,27.2342,0.2121,100.0
209,30,1981,4,0.95700002,24.664301,0.1859,89.199997
210,30,1982,4,0.89099997,24.8081,0.1848,90.5
211,31,1976,3,1.791,23.302401,0.1785,104.7664
212,31,1977,3,1.8049999,20.9296,0.24420001,107.4791
213,31,1978,3,2.063,21.855301,0.3335,108.9188
214,31,1979,3,1.984,23.4757,0.31810001,111.5591
215,31,1980,3,1.558,24.919901,0.27450001,100.0
216,31,1981,3,1.285,28.0984,0.2482,99.3965
217,31,1982,3,1.1109999,27.698299,0.1758,99.293098
218,32,1977,5,1.771,21.188101,0.1732,96.050003
219,32,1978,5,1.788,21.0368,0.17290001,100.6
220,32,1979,5,1.8609999,21.011101,0.1613,102.3667
221,32,1980,5,1.864,21.079399,0.14579999,100.9167
222,32,1981,5,1.664,18.894899,0.1178,96.441704
223,32,1982,5,1.511,20.6339,0.1035,96.408302
224,32,1983,5,1.4960001,23.106501,0.097999997,104.2083
225,33,1976,5,13.329,24.375299,1.887,93.599998
226,33,1977,5,13.509,23.4904,1.8247,97.800003
227,33,1978,5,13.452,23.415501,1.9656,102.6
228,33,1979,5,11.751,22.737,1.8738,102.2
229,33,1980,5,10.706,24.2665,1.6481,100.0
230,33,1981,5,8.8210001,31.679001,1.342,93.900002
231,33,1982,5,6.283,25.0406,1.0611,98.199997
232,34,1977,5,1.215,15.1847,0.1112,95.699997
233,34,1978,5,1.306,15.1559,0.1202,100.2
234,34,1979,5,1.391,16.907,0.1244,102.4
235,34,1980,5,1.4069999,16.7456,0.1321,101.1
236,34,1981,5,1.156,16.7556,0.111,96.949997
237,34,1982,5,1.194,17.184999,0.0977,96.050003
238,34,1983,5,1.351,17.8622,0.095600002,103.35
239,35,1977,5,5.3730001,25.722799,1.8317,94.650002
240,35,1978,5,5.8649998,24.8794,2.109,99.0
241,35,1979,5,6.066,28.149099,2.2151999,102.5
242,35,1980,5,6.724,28.7078,2.2333,101.65
243,35,1981,5,14.135,29.0655,4.3327999,98.474998
244,35,1982,5,12.662,30.8473,4.4295001,94.974998
245,35,1983,5,12.201,32.295799,4.5581999,100.775
246,36,1976,5,0.47099999,24.003099,0.1125,93.599998
247,36,1977,5,0.47799999,23.121599,0.1313,97.800003
248,36,1978,5,0.442,23.696699,0.14659999,102.6
249,36,1979,5,0.45100001,23.3783,0.17399999,102.2
250,36,1980,5,0.41100001,23.3951,0.1927,100.0
251,36,1981,5,0.38600001,23.880301,0.17120001,93.900002
252,36,1982,5,0.36000001,22.9678,0.1538,98.199997
253,37,1977,4,14.4,32.2197,1.6371,116.225
254,37,1978,4,14.719,31.0016,1.5893,114.975
255,37,1979,4,14.437,32.014599,1.748,111.825
256,37,1980,4,13.436,29.891199,1.7775,106.675
257,37,1981,4,11.697,30.1672,2.1308,97.300003
258,37,1982,4,10.04,32.046398,2.2534001,89.525002
259,37,1983,4,9.0869999,36.2481,2.1303999,89.599998
260,38,1976,6,7.4580002,26.411501,2.0862,106.1747
261,38,1977,6,7.8800001,22.8421,2.0624001,108.9675
262,38,1978,6,8.2550001,22.410601,2.2518001,107.8624
263,38,1979,6,8.1619997,25.463699,2.3903999,104.5668
264,38,1980,6,7.4520001,27.408899,2.0258999,100.0
265,38,1981,6,5.9330001,27.7596,1.39,92.742996
266,38,1982,6,5.0380001,27.7857,1.3926001,90.038597
267,39,1977,4,1.484,31.710199,0.23370001,116.225
268,39,1978,4,1.551,26.575199,0.29390001,114.975
269,39,1979,4,1.556,25.7082,0.3448,111.825
270,39,1980,4,1.625,27.4095,0.3461,106.675
271,39,1981,4,1.4069999,27.805201,0.29980001,97.300003
272,39,1982,4,0.81400001,27.4953,0.2066,89.525002
273,39,1983,4,0.699,29.118299,0.1742,89.599998
274,40,1976,6,13.163,26.122801,1.6686,106.5556
275,40,1977,6,12.894,23.8501,1.6615,108.2693
276,40,1978,6,12.169,23.3762,1.6321,108.1387
277,40,1979,6,12.38,24.396099,1.6012,105.3907
278,40,1980,6,12.662,27.2358,1.9253,101.1417
279,40,1981,6,12.736,28.7736,1.8217,94.557297
280,40,1982,6,12.195,28.9251,1.6871001,90.714699
281,41,1977,4,12.429,28.0721,1.39,116.225
282,41,1978,4,14.234,25.745701,1.5624,114.975
283,41,1979,4,14.737,25.4566,1.9237,111.825
284,41,1980,4,14.829,26.225,2.2251,106.675
285,41,1981,4,14.911,26.935499,2.2781999,97.300003
286,41,1982,4,13.824,27.965599,2.2105999,89.525002
287,41,1983,4,13.126,29.791401,2.1630001,89.599998
288,42,1976,6,1.228,24.006001,0.2832,106.1747
289,42,1977,6,1.8049999,23.360201,0.29260001,108.9675
290,42,1978,6,1.723,21.224199,0.30019999,107.8624
291,42,1979,6,1.779,22.4842,0.32690001,104.5668
292,42,1980,6,1.314,24.014999,0.26980001,100.0
293,42,1981,6,0.699,22.7356,0.1839,92.742996
294,42,1982,6,0.60600001,24.7679,0.1295,90.038597
295,43,1977,1,12.072,18.726999,2.3629,127.164
296,43,1978,1,17.858999,15.7567,2.4417,127.3866
297,43,1979,1,17.698999,16.1252,2.3225,124.6424
298,43,1980,1,17.919001,16.6001,2.2544999,118.9132
299,43,1981,1,10.983,24.500799,2.3283999,99.357597
300,43,1982,1,9.882,28.218399,2.0258,97.242798
301,43,1983,1,8.941,29.1313,1.8637,97.194397
302,44,1977,4,0.78100002,23.728701,0.24240001,116.225
303,44,1978,4,0.83999997,21.9247,0.2341,114.975
304,44,1979,4,0.88099998,21.6863,0.25799999,111.825
305,44,1980,4,0.86500001,20.9797,0.2378,106.675
306,44,1981,4,0.71100003,20.5714,0.2024,97.300003
307,44,1982,4,0.58899999,22.011,0.1717,89.525002
308,44,1983,4,0.75599998,23.707899,0.1697,89.599998
309,45,1977,1,32.290001,24.8594,11.4903,127.164
310,45,1978,1,33.916,25.780399,11.571,127.3866
311,45,1979,1,34.389,26.4298,12.8854,124.6424
312,45,1980,1,33.348,29.2707,13.173,118.9132
313,45,1981,1,31.034,28.0546,11.6649,99.357597
314,45,1982,1,26.226,32.165401,10.877,97.242798
315,45,1983,1,24.379,32.5037,10.1733,97.194397
316,46,1976,1,2.971,19.5527,1.0240999,126.7636
317,46,1977,1,3.0650001,19.2621,0.9267,128.3653
318,46,1978,1,3.03,18.7115,0.90679997,124.4507
319,46,1979,1,2.96,21.902901,0.9192,125.2176
320,46,1980,1,2.5569999,19.7124,0.86320001,100.0
321,46,1981,1,2.266,23.8853,0.85049999,97.430496
322,46,1982,1,2.168,26.339199,0.79949999,96.679703
323,47,1976,4,2.4260001,27.3671,0.52590001,116.4
324,47,1977,4,2.142,25.9189,0.40549999,115.7
325,47,1978,4,1.973,24.839199,0.36050001,112.8
326,47,1979,4,1.794,24.450001,0.33970001,108.9
327,47,1980,4,1.553,22.2279,0.31479999,100.0
328,47,1981,4,1.225,22.238701,0.25749999,89.199997
329,47,1982,4,1.077,23.042101,0.23109999,90.5
330,48,1976,1,1.647,25.613199,0.3739,126.7636
331,48,1977,1,2.3369999,23.1621,0.5212,128.3653
332,48,1978,1,2.3929999,23.7969,0.56059998,124.4507
333,48,1979,1,2.3540001,27.415199,0.56669998,125.2176
334,48,1980,1,2.2869999,22.884501,0.61809999,100.0
335,48,1981,1,2.0450001,26.3207,0.52389997,97.430496
336,48,1982,1,1.932,27.6618,0.43689999,96.679703
337,49,1976,4,3.7579999,27.266199,1.0149,117.6
338,49,1977,4,3.6919999,24.301399,0.95050001,115.875
339,49,1978,4,3.721,22.9648,0.90710002,113.525
340,49,1979,4,3.6989999,22.3913,0.97060001,109.875
341,49,1980,4,3.447,22.239799,0.88059998,102.225
342,49,1981,4,2.836,20.686899,0.77649999,91.900002
343,49,1982,4,2.6129999,21.7929,0.65079999,90.175003
344,50,1976,6,72.862,25.4009,26.8554,106.1747
345,50,1977,6,73.291,22.790501,25.636499,108.9675
346,50,1978,6,70.773003,22.2787,26.1747,107.8624
347,50,1979,6,72.542,22.929501,25.7472,104.5668
348,50,1980,6,64.803001,24.6947,22.4363,100.0
349,50,1981,6,48.312,24.763201,18.0145,92.742996
350,50,1982,6,40.609001,24.7381,15.8349,90.038597
351,51,1976,1,0.76700002,23.3293,0.25060001,125.8064
352,51,1977,1,0.75599998,22.0299,0.2244,127.9649
353,51,1978,1,0.72500002,21.699301,0.2088,125.4294
354,51,1979,1,0.67000002,23.4722,0.1865,125.0259
355,51,1980,1,0.64499998,22.8039,0.1684,106.3044
356,51,1981,1,0.56,25.1938,0.1384,98.072899
357,51,1982,1,0.55199999,27.728901,0.131,96.867401
358,52,1976,4,14.179,28.0287,2.8489001,116.4
359,52,1977,4,14.224,24.2376,2.6787,115.7
360,52,1978,4,13.965,22.322599,2.5451,112.8
361,52,1979,4,13.615,22.278999,2.5402,108.9
362,52,1980,4,12.329,21.6679,2.2657001,100.0
363,52,1981,4,10.505,22.2034,2.4591,89.199997
364,52,1982,4,10.973,21.640699,2.6401,90.5
365,53,1977,4,6.8779998,26.023199,1.0358,116.225
366,53,1978,4,6.947,22.3729,1.0567,114.975
367,53,1979,4,6.895,22.1866,1.0333,111.825
368,53,1980,4,6.586,21.4468,1.0466,106.675
369,53,1981,4,5.619,21.756001,0.92460001,97.300003
370,53,1982,4,4.6849999,23.0119,0.82910001,89.525002
371,53,1983,4,4.4920001,25.4869,0.78390002,89.599998
372,54,1977,1,3.802,23.7966,0.54189998,127.164
373,54,1978,1,4.1090002,22.6649,0.58170003,127.3866
374,54,1979,1,4.211,23.049,0.63069999,124.6424
375,54,1980,1,4.1560001,24.870001,0.64289999,118.9132
376,54,1981,1,3.7590001,22.7146,0.58810002,99.357597
377,54,1982,1,3.053,26.2784,0.48769999,97.242798
378,54,1983,1,2.6359999,27.3659,0.41859999,97.194397
379,55,1976,4,5.4819999,35.828899,0.18520001,116.4
380,55,1977,4,6.5279999,33.745098,0.2395,115.7
381,55,1978,4,6.901,32.785301,0.3247,112.8
382,55,1979,4,7.2080002,32.328098,0.36610001,108.9
383,55,1980,4,6.5009999,35.4856,0.3876,100.0
384,55,1981,4,5.8000002,35.0923,0.43990001,89.199997
385,55,1982,4,5.6560001,37.237499,0.50370002,90.5
386,56,1976,1,2.9059999,22.0219,0.58819997,126.7636
387,56,1977,1,3.0280001,20.558001,0.58410001,128.3653
388,56,1978,1,2.9849999,20.2542,0.58859998,124.4507
389,56,1979,1,2.8770001,22.7008,0.56629997,125.2176
390,56,1980,1,2.612,20.494801,0.4948,100.0
391,56,1981,1,2.1400001,25.0394,0.38839999,97.430496
392,56,1982,1,1.5599999,25.997299,0.33340001,96.679703
393,57,1977,8,2.0480001,14.6551,0.14120001,117.9279
394,57,1978,8,2.158,14.5408,0.1384,120.2607
395,57,1979,8,2.0109999,14.4554,0.1432,118.9515
396,57,1980,8,1.877,14.2665,0.1195,113.406
397,57,1981,8,0.97799999,14.2563,0.088200003,98.165497
398,57,1982,8,0.83700001,15.424,0.068000004,92.314201
399,57,1983,8,0.81999999,16.1724,0.058899999,92.120697
400,58,1976,4,20.84,29.9837,6.9187999,116.4
401,58,1977,4,22.705,26.077101,7.9398999,115.7
402,58,1978,4,23.844999,25.526501,8.6398001,112.8
403,58,1979,4,23.073,24.4342,8.2435999,108.9
404,58,1980,4,20.52,23.927799,8.6848001,100.0
405,58,1981,4,16.499001,25.0674,8.0987997,89.199997
406,58,1982,4,13.949,25.539801,4.6929998,90.5
407,59,1977,8,9.849,18.2812,1.3387001,117.9279
408,59,1978,8,9.5979996,17.1099,1.1058,120.2607
409,59,1979,8,8.9429998,16.3748,1.0513,118.9515
410,59,1980,8,7.5539999,16.273001,0.89630002,113.406
411,59,1981,8,5.8340001,17.3946,0.6688,98.165497
412,59,1982,8,4.743,19.509199,0.53210002,92.314201
413,59,1983,8,3.9820001,20.3419,0.4639,92.120697
414,60,1976,9,3.1099999,25.520599,0.76359999,103.7669
415,60,1977,9,1.147,24.587299,0.39230001,106.9042
416,60,1978,9,0.75800002,23.163,0.1804,109.4623
417,60,1979,9,0.76899999,21.9189,0.1691,111.9345
418,60,1980,9,0.73100001,20.4489,0.1463,100.0
419,60,1981,9,0.99800003,21.5611,0.17209999,93.186203
420,60,1982,9,0.88599998,21.102301,0.1314,90.816399
421,61,1977,9,2.4790001,21.6332,0.4948,104.5512
422,61,1978,9,2.503,21.3619,0.4307,107.5437
423,61,1979,9,2.586,21.6716,0.4391,110.0804
424,61,1980,9,2.612,22.2521,0.46329999,108.9509
425,61,1981,9,2.2309999,22.268999,0.44780001,98.2966
426,61,1982,9,1.827,24.0683,0.3849,92.593697
427,61,1983,9,1.71,22.808201,0.33860001,91.5326
428,62,1977,8,2.763,16.0079,0.14929999,117.9279
429,62,1978,8,2.6900001,15.7933,0.14139999,120.2607
430,62,1979,8,2.651,15.7482,0.1373,118.9515
431,62,1980,8,2.5320001,15.6637,0.1278,113.406
432,62,1981,8,2.2479999,16.4161,0.1088,98.165497
433,62,1982,8,1.761,17.693199,0.0942,92.314201
434,62,1983,8,1.85,18.9452,0.1433,92.120697
435,63,1976,2,0.81199998,39.104301,0.58829999,110.1
436,63,1977,2,0.829,34.5228,0.54430002,109.2
437,63,1978,2,0.861,33.496498,0.5474,111.9
438,63,1979,2,0.85699999,32.6866,0.56709999,111.0
439,63,1980,2,0.86699998,30.738501,0.53100002,100.0
440,63,1981,2,0.84200001,31.9259,0.44409999,89.0
441,63,1982,2,0.81800002,33.823101,0.40110001,90.900002
442,64,1976,2,9.0740004,33.706799,1.8112,110.1
443,64,1977,2,9.5620003,29.4653,1.8613,109.2
444,64,1978,2,9.4879999,29.7516,1.9375,111.9
445,64,1979,2,9.5900002,27.6723,1.8433,111.0
446,64,1980,2,9.3800001,25.797501,1.7134,100.0
447,64,1981,2,8.3579998,27.2806,1.4133,89.0
448,64,1982,2,7.0359998,27.9863,1.2695,90.900002
449,65,1976,2,25.106001,29.993299,7.0049,110.1
450,65,1977,2,24.018999,31.1199,6.98,109.2
451,65,1978,2,24.080999,30.733999,6.4631,111.9
452,65,1979,2,23.688,26.9734,6.0222998,111.0
453,65,1980,2,21.739,26.2379,5.7821999,100.0
454,65,1981,2,18.584999,28.428101,6.3329,89.0
455,65,1982,2,19.566,26.800301,6.237,90.900002
456,66,1977,2,8.5,32.8913,5.2909999,109.875
457,66,1978,2,8.5,30.0208,5.4821,109.875
458,66,1979,2,8.3000002,30.323799,5.7722001,111.675
459,66,1980,2,8.3000002,28.0602,5.8627,108.25
460,66,1981,2,7.6999998,28.345301,5.5780001,97.25
461,66,1982,2,7.0,35.3102,5.2565999,89.474998
462,66,1983,2,6.9000001,30.0644,5.1087999,91.650002
463,67,1976,8,11.658,16.9153,0.63779998,117.0448
464,67,1977,8,12.271,18.364901,0.64579999,120.5774
465,67,1978,8,12.251,18.662901,0.71810001,119.3105
466,67,1979,8,11.82,20.322701,0.7518,117.8746
467,67,1980,8,10.886,20.3881,0.67830002,100.0
468,67,1981,8,9.6000004,20.462099,0.5948,92.662102
469,67,1982,8,9.7659998,20.2388,0.55699998,91.270401
470,68,1976,2,3.74,36.437901,4.1327,110.1
471,68,1977,2,3.7780001,33.8451,4.3586998,109.2
472,68,1978,2,3.8110001,34.311401,4.4966002,111.9
473,68,1979,2,4.4400001,30.320101,5.9594002,111.0
474,68,1980,2,6.3080001,27.171,5.1318998,100.0
475,68,1981,2,5.8610001,28.2645,4.7757001,89.0
476,68,1982,2,5.4289999,27.904699,4.0679998,90.900002
477,69,1977,2,1.272,31.0518,0.373,109.875
478,69,1978,2,1.2920001,31.001499,0.39520001,109.875
479,69,1979,2,1.386,30.1143,0.41780001,111.675
480,69,1980,2,1.46,27.9505,0.50529999,108.25
481,69,1981,2,1.351,26.498199,0.48199999,97.25
482,69,1982,2,1.365,28.112101,0.4646,89.474998
483,69,1983,2,1.4630001,27.971201,0.43939999,91.650002
484,70,1977,9,2.6489999,23.645399,0.30739999,104.5512
485,70,1978,9,2.5050001,22.2871,0.30219999,107.5437
486,70,1979,9,2.4030001,22.3043,0.30239999,110.0804
487,70,1980,9,2.247,21.978901,0.28569999,108.9509
488,70,1981,9,1.853,20.344801,0.3301,98.2966
489,70,1982,9,1.322,23.1259,0.24240001,92.593697
490,70,1983,9,0.81599998,25.159,0.148,91.5326
491,71,1976,9,1.6,27.6175,0.3272,102.5303
492,71,1977,9,1.429,23.0534,0.32440001,106.1199
493,71,1978,9,1.605,23.2288,0.433,108.8228
494,71,1979,9,1.798,23.906601,0.46270001,111.3165
495,71,1980,9,1.586,22.5639,0.2929,102.9836
496,71,1981,9,1.011,23.937799,0.2295,94.889603
497,71,1982,9,0.91299999,23.933599,0.2184,91.408798
498,72,1976,9,13.353,30.6087,2.3559,103.7669
499,72,1977,9,12.255,29.0961,2.1592,106.9042
500,72,1978,9,11.963,29.8629,2.0213001,109.4623
501,72,1979,9,11.776,32.937199,1.9421,111.9345
502,72,1980,9,11.318,32.134899,1.9499,100.0
503,72,1981,9,8.7810001,34.703899,1.728,93.186203
504,72,1982,9,7.619,33.998699,1.904,90.816399
505,73,1977,9,1.341,35.6866,0.4501,104.5512
506,73,1978,9,1.385,32.4538,0.4686,107.5437
507,73,1979,9,1.401,30.558599,0.46790001,110.0804
508,73,1980,9,1.401,33.242401,0.43130001,108.9509
509,73,1981,9,1.34,33.0928,0.44909999,98.2966
510,73,1982,9,1.232,34.538799,0.2139,92.593697
511,73,1983,9,0.66500002,34.942001,0.1647,91.5326
512,74,1977,9,3.2379999,22.4104,0.53210002,104.5512
513,74,1978,9,3.346,21.339899,0.57459998,107.5437
514,74,1979,9,3.3069999,22.132401,0.6099,110.0804
515,74,1980,9,3.293,23.0215,0.6056,108.9509
516,74,1981,9,2.5450001,21.369801,0.46610001,98.2966
517,74,1982,9,2.339,22.9254,0.4095,92.593697
518,74,1983,9,2.062,23.856001,0.35690001,91.5326
519,75,1976,9,2.8629999,26.638599,0.93610001,103.7669
520,75,1977,9,2.9979999,24.866199,0.91000003,106.9042
521,75,1978,9,2.9289999,24.623501,0.88370001,109.4623
522,75,1979,9,2.842,25.566099,0.75510001,111.9345
523,75,1980,9,2.3050001,24.8379,0.62550002,100.0
524,75,1981,9,2.175,26.684799,0.59649998,93.186203
525,75,1982,9,2.049,26.8873,0.50520003,90.816399
526,76,1976,9,4.6700001,25.9291,0.97119999,102.5303
527,76,1977,9,4.618,24.060499,0.92000002,106.1199
528,76,1978,9,4.6220002,24.1003,0.89099997,108.8228
529,76,1979,9,5.0029998,25.428801,0.96429998,111.3165
530,76,1980,9,4.9569998,26.630899,0.93769997,102.9836
531,76,1981,9,4.4510002,28.103001,0.86290002,94.889603
532,76,1982,9,3.8710001,30.0096,0.76929998,91.408798
533,77,1977,9,6.73,18.5294,1.2649,104.5512
534,77,1978,9,6.5409999,18.2251,1.2887,107.5437
535,77,1979,9,5.7719998,19.808001,1.4315,110.0804
536,77,1980,9,5.6240001,20.7628,1.2471,108.9509
537,77,1981,9,4.3870001,20.941601,1.013,98.2966
538,77,1982,9,4.461,20.117201,0.90759999,92.593697
539,77,1983,9,4.9039998,19.8944,0.92640001,91.5326
540,78,1976,9,6.796,26.2715,1.2276,102.5303
541,78,1977,9,7.1339998,25.423,1.1722,106.1199
542,78,1978,9,7.5170002,25.424601,1.1783,108.8228
543,78,1979,9,8.3830004,25.5772,1.1592,111.3165
544,78,1980,9,7.658,24.439899,1.0476,102.9836
545,78,1981,9,6.5890002,24.883301,0.80369997,94.889603
546,78,1982,9,6.0770001,25.686399,0.69370002,91.408798
547,79,1976,5,0.456,20.5816,0.1082,93.599998
548,79,1977,5,0.54400003,22.628599,0.1145,97.800003
549,79,1978,5,0.61799997,22.9645,0.1565,102.6
550,79,1979,5,0.82800001,20.2749,0.1935,102.2
551,79,1980,5,0.75,22.792,0.15099999,100.0
552,79,1981,5,0.60399997,22.8452,0.1301,93.900002
553,79,1982,5,0.62099999,22.389999,0.1194,98.199997
554,80,1976,9,2.9849999,23.1108,0.54720002,103.7669
555,80,1977,9,2.635,22.0767,0.53109998,106.9042
556,80,1978,9,2.5610001,22.440901,0.63249999,109.4623
557,80,1979,9,2.842,23.5774,0.8348,111.9345
558,80,1980,9,2.9909999,22.550501,0.81779999,100.0
559,80,1981,9,2.7820001,22.987801,0.7489,93.186203
560,80,1982,9,2.5,23.372299,0.65270001,90.816399
561,81,1976,4,0.85699999,28.028099,0.1319,116.4
562,81,1977,4,0.86500001,24.6311,0.12989999,115.7
563,81,1978,4,0.85699999,23.2267,0.1811,112.8
564,81,1979,4,0.78899997,22.7316,0.16760001,108.9
565,81,1980,4,0.79000002,21.758801,0.1477,100.0
566,81,1981,4,0.704,23.7841,0.1241,89.199997
567,81,1982,4,0.67299998,25.703699,0.1153,90.5
568,82,1976,4,5.842,38.300301,0.51450002,116.4
569,82,1977,4,5.033,33.3325,0.48140001,115.7
570,82,1978,4,4.961,34.5783,0.54689997,112.8
571,82,1979,4,5.059,34.411701,0.53600001,108.9
572,82,1980,4,4.8860002,35.873402,0.5535,100.0
573,82,1981,4,4.868,36.060101,0.493,89.199997
574,82,1982,4,4.7350001,39.867001,0.47830001,90.5
575,83,1977,1,7.0450001,24.070601,1.5167,127.164
576,83,1978,1,7.0040002,22.738701,1.4989001,127.3866
577,83,1979,1,6.7740002,24.3349,1.3676,124.6424
578,83,1980,1,5.9590001,26.8568,1.3882999,118.9132
579,83,1981,1,4.7410002,25.9133,1.2460001,99.357597
580,83,1982,1,3.78,26.9505,1.0578001,97.242798
581,83,1983,1,3.296,29.193399,0.86870003,97.194397
582,84,1976,7,11.004,20.639,1.9605,94.665703
583,84,1977,7,12.816,17.010799,2.2200999,96.389999
584,84,1978,7,15.377,16.4804,2.681,98.607803
585,84,1979,7,16.205999,17.922199,4.4601998,100.3584
586,84,1980,7,16.402,19.347401,4.9271998,100.1834
587,84,1981,7,16.086,20.607401,4.6954999,98.674301
588,84,1982,7,16.83,20.706301,5.0098,99.380699
589,85,1976,5,32.547001,16.868999,10.356,93.833298
590,85,1977,5,30.806,17.441601,9.3943005,97.099998
591,85,1978,5,30.379,17.785601,8.6499004,101.8
592,85,1979,5,30.533001,18.0352,9.3559999,102.2667
593,85,1980,5,29.882999,17.8783,8.5179996,100.3667
594,85,1981,5,25.172001,17.9781,6.6585999,94.916702
595,85,1982,5,22.833,18.004,5.7508998,97.483299
596,86,1976,7,98.259003,16.783501,34.172501,94.665703
597,86,1977,7,99.198997,15.3535,32.365398,96.389999
598,86,1978,7,100.415,18.8764,31.8627,98.607803
599,86,1979,7,108.562,15.37,31.789801,100.3584
600,86,1980,7,106.565,15.9282,47.107899,100.1834
601,86,1981,7,103.129,17.128599,44.352699,98.674301
602,86,1982,7,99.202003,17.187799,38.2799,99.380699
603,87,1976,4,69.900002,29.4851,10.2804,116.4
604,87,1977,4,39.200001,24.5453,9.3889999,115.7
605,87,1978,4,41.400002,24.040199,10.1128,112.8
606,87,1979,4,43.0,23.2321,10.8523,108.9
607,87,1980,4,39.5,24.538401,10.4247,100.0
608,87,1981,4,35.799999,24.5758,10.1215,89.199997
609,87,1982,4,32.400002,26.1768,9.5382996,90.5
610,88,1976,2,7.4770002,33.563599,2.7620001,110.1
611,88,1977,2,8.323,33.152901,2.8885,109.2
612,88,1978,2,8.6219997,33.566799,2.8583,111.9
613,88,1979,2,9.1350002,30.553801,2.0606999,111.0
614,88,1980,2,8.6730003,29.007,2.1535001,100.0
615,88,1981,2,7.244,31.325399,1.8362,89.0
616,88,1982,2,7.3299999,31.6392,1.7845,90.900002
617,89,1976,2,1.11,32.797901,0.77920002,110.1
618,89,1977,2,1.3380001,30.4289,0.89700001,109.2
619,89,1978,2,1.33,31.576599,1.2879,111.9
620,89,1979,2,1.317,28.063101,1.6173,111.0
621,89,1980,2,1.341,27.281099,1.4548,100.0
622,89,1981,2,1.357,28.4697,1.3437001,89.0
623,89,1982,2,1.3,27.8811,1.0519,90.900002
624,90,1976,2,11.94,45.2318,6.3813,110.05
625,90,1977,2,11.703,33.733398,6.5955,109.425
626,90,1978,2,10.977,24.428301,7.6652002,111.225
627,90,1979,2,10.304,17.6434,7.6837001,111.225
628,90,1980,2,11.795,24.7502,7.3811998,102.75
629,90,1981,2,10.806,25.315001,6.7985001,91.75
630,90,1982,2,10.467,26.4062,6.4828,90.425003
631,91,1976,3,0.236,31.7209,0.070500001,104.7664
632,91,1977,3,0.248,29.5571,0.0748,107.4791
633,91,1978,3,0.244,30.2876,0.070500001,108.9188
634,91,1979,3,0.23800001,31.3887,0.066399999,111.5591
635,91,1980,3,0.227,28.158899,0.069899999,100.0
636,91,1981,3,0.18700001,29.461599,0.055199999,99.3965
637,91,1982,3,0.178,31.5145,0.0603,99.293098
638,92,1976,5,0.287,21.2411,0.0515,94.533302
639,92,1977,5,0.33700001,20.240801,0.055199999,95.0
640,92,1978,5,0.28799999,22.959101,0.035100002,99.400002
641,92,1979,5,0.154,23.6096,0.0119,102.4667
642,92,1980,5,0.162,23.339701,0.017100001,101.4667
643,92,1981,5,0.152,24.7467,0.0176,97.966698
644,92,1982,5,0.131,25.7297,0.015,95.333298
645,93,1977,5,74.661003,20.6721,27.0242,94.650002
646,93,1978,5,75.087997,20.9398,27.5732,99.0
647,93,1979,5,73.137001,21.4613,27.826599,102.5
648,93,1980,5,101.04,21.5776,36.750999,101.65
649,93,1981,5,90.893997,21.219601,31.716,98.474998
650,93,1982,5,78.083,22.6926,30.0867,94.974998
651,93,1983,5,73.558998,23.534401,28.705,100.775
652,94,1976,4,2.517,31.4967,0.32749999,117.6
653,94,1977,4,2.517,28.2251,0.34779999,115.875
654,94,1978,4,2.5009999,27.801201,0.3511,113.525
655,94,1979,4,2.398,26.7117,0.38389999,109.875
656,94,1980,4,2.312,26.123899,0.39050001,102.225
657,94,1981,4,1.928,25.926701,0.35780001,91.900002
658,94,1982,4,1.6569999,28.877701,0.2766,90.175003
659,95,1976,1,0.95300001,26.133499,0.32139999,126.7636
660,95,1977,1,0.94700003,24.080999,0.32910001,128.3653
661,95,1978,1,0.92500001,23.9431,0.37670001,124.4507
662,95,1979,1,1.074,26.5404,0.44220001,125.2176
663,95,1980,1,1.051,23.332701,0.38510001,100.0
664,95,1981,1,0.93400002,28.928699,0.278,97.430496
665,95,1982,1,0.87599999,28.888599,0.25240001,96.679703
666,96,1976,1,51.395,22.839199,9.2438002,126.7636
667,96,1977,1,51.490002,21.413,8.7651997,128.3653
668,96,1978,1,60.299999,23.093599,12.8005,124.4507
669,96,1979,1,59.5,25.8283,12.1624,125.2176
670,96,1980,1,50.299999,23.752701,11.0556,100.0
671,96,1981,1,42.599998,25.834801,9.7608995,97.430496
672,96,1982,1,27.700001,27.842199,5.1662998,96.679703
673,97,1976,4,23.423,30.9571,3.6468,117.6
674,97,1977,4,23.566999,26.5777,3.8748,115.875
675,97,1978,4,23.989,24.1514,4.3406,113.525
676,97,1979,4,23.347,23.2528,4.4106002,109.875
677,97,1980,4,22.597,24.5296,4.3723001,102.225
678,97,1981,4,17.405001,24.167801,3.6176,91.900002
679,97,1982,4,14.94,25.943899,2.8927,90.175003
680,98,1977,1,3.625,30.747101,3.066,127.164
681,98,1978,1,4.23,27.507601,3.5439,127.3866
682,98,1979,1,4.1919999,28.126801,4.6374998,124.6424
683,98,1980,1,4.165,34.055,4.9047999,118.9132
684,98,1981,1,8.507,28.423401,6.2087002,99.357597
685,98,1982,1,7.7199998,33.678501,6.2589002,97.242798
686,98,1983,1,7.2210002,35.917,6.3804002,97.194397
687,99,1977,9,1.082,26.280899,0.2225,104.5512
688,99,1978,9,1.085,24.9293,0.2375,107.5437
689,99,1979,9,1.112,26.2064,0.2669,110.0804
690,99,1980,9,1.082,25.9102,0.24879999,108.9509
691,99,1981,9,0.91100001,25.9697,0.1521,98.2966
692,99,1982,9,0.57200003,27.189899,0.1287,92.593697
693,99,1983,9,0.51999998,26.4638,0.1103,91.5326
694,100,1977,1,4.5450001,19.990101,1.9634,127.6979
695,100,1978,1,4.9169998,22.208599,2.0044999,126.0818
696,100,1979,1,5.0679998,24.4737,1.5128,124.8981
697,100,1980,1,5.717,21.7729,1.5108,110.5073
698,100,1981,1,5.3330002,22.777599,1.4888,98.501099
699,100,1982,1,5.053,26.613501,1.3406,96.9925
700,100,1983,1,5.7389998,28.148399,1.2453001,97.880699
701,101,1977,8,4.9759998,20.829399,0.86089998,117.9279
702,101,1978,8,4.9970002,19.585699,0.84009999,120.2607
703,101,1979,8,5.0619998,19.4888,0.94370002,118.9515
704,101,1980,8,5.0700002,19.6896,0.99330002,113.406
705,101,1981,8,4.4349999,18.663,0.87830001,98.165497
706,101,1982,8,3.4460001,22.705099,0.78250003,92.314201
707,101,1983,8,2.9649999,23.854601,0.59469998,92.120697
708,102,1977,3,0.60699999,27.964001,0.26179999,105.4446
709,102,1978,3,0.72299999,25.9473,0.3328,107.839
710,102,1979,3,0.78299999,27.125401,0.3829,109.5789
711,102,1980,3,0.884,26.2789,0.45989999,108.6693
712,102,1981,3,0.88599998,26.058001,0.43740001,99.849098
713,102,1982,3,0.91500002,29.4055,0.41639999,99.370598
714,102,1983,3,0.98799998,29.6766,0.51569998,101.243
715,103,1976,5,0.465,21.559799,0.0625,93.599998
716,103,1977,5,0.43099999,20.1996,0.0748,97.800003
717,103,1978,5,0.463,18.800301,0.082800001,102.6
718,103,1979,5,0.472,19.471901,0.098399997,102.2
719,103,1980,5,0.45699999,19.6674,0.1006,100.0
720,103,1981,5,0.329,24.325899,0.081699997,93.900002
721,103,1982,5,0.296,19.645901,0.071699999,98.199997
722,104,1977,7,1.388,17.587999,0.5916,95.820999
723,104,1978,7,1.457,17.589701,0.60710001,97.565399
724,104,1979,7,1.607,17.7528,0.66850001,99.733299
725,104,1980,7,1.702,18.525101,0.70779997,100.489
726,104,1981,7,1.689,20.050301,0.64990002,99.410797
727,104,1982,7,1.546,21.7813,1.5735,98.742699
728,104,1983,7,1.563,21.272699,1.3786,100.1189
729,104,1984,7,1.564,22.1724,1.2611001,101.2078
730,105,1977,7,0.29100001,24.218201,0.28799999,96.276199
731,105,1978,7,0.292,25.390699,0.2721,98.3993
732,105,1979,7,0.30500001,24.8706,0.2701,100.2334
733,105,1980,7,0.32300001,28.421301,0.27079999,100.2445
734,105,1981,7,0.30899999,28.6987,0.2362,98.821602
735,105,1982,7,0.28799999,28.369101,0.2045,99.253098
736,105,1983,7,0.26199999,30.340799,0.2762,100.4744
737,105,1984,7,0.24699999,28.1751,0.2529,101.5857
738,106,1977,7,1.919,10.3138,0.4603,96.389999
739,106,1978,7,2.0050001,10.0798,0.76120001,98.607803
740,106,1979,7,2.0510001,10.0004,0.79089999,100.3584
741,106,1980,7,2.092,10.8353,0.73619998,100.1834
742,106,1981,7,2.109,11.1389,0.63730001,98.674301
743,106,1982,7,2.0369999,10.6458,0.54299998,99.380699
744,106,1983,7,2.0280001,10.6346,0.49590001,100.5633
745,106,1984,7,1.969,10.7869,0.44490001,101.6802
746,107,1977,7,0.98500001,10.4995,0.40689999,95.707199
747,107,1978,7,1.075,11.1334,0.4531,97.356903
748,107,1979,7,1.149,10.7004,0.77160001,99.608299
749,107,1980,7,1.395,10.1563,0.75400001,100.5501
750,107,1981,7,1.712,11.4474,0.75529999,99.558098
751,107,1982,7,1.607,13.8097,0.6803,98.615097
752,107,1983,7,1.655,13.1138,0.67799997,100.0301
753,107,1984,7,1.6390001,13.5973,0.70929998,101.1133
754,108,1977,7,0.648,23.7486,0.58579999,95.707199
755,108,1978,7,0.59500003,24.811899,0.58359998,97.356903
756,108,1979,7,0.648,23.5334,1.1327,99.608299
757,108,1980,7,0.66900003,25.3039,1.0775,100.5501
758,108,1981,7,0.74800003,24.0532,0.98869997,99.558098
759,108,1982,7,0.74400002,24.7047,0.86119998,98.615097
760,108,1983,7,0.76700002,24.0431,0.7773,100.0301
761,108,1984,7,0.824,23.9268,0.93889999,101.1133
762,109,1977,7,4.7420001,10.2997,1.2939,96.389999
763,109,1978,7,4.96,10.3787,1.3694,98.607803
764,109,1979,7,5.1459999,10.5851,1.4332,100.3584
765,109,1980,7,5.4289999,10.7233,1.4141001,100.1834
766,109,1981,7,5.4429998,11.2023,1.3161,98.674301
767,109,1982,7,5.6199999,10.6793,1.223,99.380699
768,109,1983,7,5.6630001,10.775,1.1919,100.5633
769,109,1984,7,5.697,10.6654,1.2924,101.6802
770,110,1977,1,5.6929998,25.739901,0.96810001,127.164
771,110,1978,1,5.5929999,23.7876,0.9648,127.3866
772,110,1979,1,5.2610002,22.7549,0.8962,124.6424
773,110,1980,1,4.579,23.2911,0.88249999,118.9132
774,110,1981,1,4.2189999,22.259199,0.96579999,99.357597
775,110,1982,1,3.6459999,25.168699,0.8046,97.242798
776,110,1983,1,3.25,26.6654,0.67799997,97.194397
777,110,1984,1,2.6370001,28.367001,0.498,99.986198
778,111,1977,4,2.0280001,27.252899,0.21080001,116.05
779,111,1978,4,2.013,24.592199,0.32659999,114.25
780,111,1979,4,1.989,23.382,0.32170001,110.85
781,111,1980,4,1.773,22.0418,0.2854,104.45
782,111,1981,4,1.6619999,22.961901,0.2386,94.599998
783,111,1982,4,1.385,23.8057,0.2,89.849998
784,111,1983,4,1.1720001,25.682199,0.171,88.699997
785,111,1984,4,1.097,26.0709,0.1301,87.150002
786,112,1977,6,3.4289999,21.937901,0.4373,106.8729
787,112,1978,6,3.085,21.179701,0.41760001,108.6912
788,112,1979,6,3.0829999,21.625799,0.38659999,107.0385
789,112,1980,6,3.0710001,21.341299,0.3732,103.4251
790,112,1981,6,2.4760001,23.562901,0.33090001,98.185799
791,112,1982,6,1.723,23.6346,0.26800001,92.066902
792,112,1983,6,1.487,24.464899,0.19939999,89.842903
793,112,1984,6,1.291,24.1618,0.1513,88.459297
794,113,1976,5,1.824,23.2962,0.22040001,93.949997
795,113,1977,5,1.919,22.200001,0.2093,96.75
796,113,1978,5,1.933,22.5797,0.2094,101.4
797,113,1979,5,1.816,23.464399,0.2183,102.3
798,113,1980,5,1.603,21.9765,0.1875,100.55
799,113,1981,5,1.308,23.019199,0.1674,95.425003
800,113,1982,5,1.03,25.057699,0.1267,97.125
801,113,1983,5,0.74900001,26.0665,0.1068,105.925
802,114,1977,8,0.57499999,24.0739,0.073899999,120.5774
803,114,1978,8,0.55400002,23.7087,0.072300002,119.3105
804,114,1979,8,0.57999998,23.435101,0.071999997,117.8746
805,114,1980,8,0.48899999,23.0382,0.0647,100.0
806,114,1981,8,0.47099999,21.4069,0.056299999,92.662102
807,114,1982,8,1.0549999,10.8961,0.046799999,91.270401
808,114,1983,8,0.44,27.4643,0.0407,94.671402
809,114,1984,8,0.463,30.716499,0.0372,97.903
810,115,1977,8,1.86,17.7334,0.23890001,120.5774
811,115,1978,8,1.847,17.2787,0.2212,119.3105
812,115,1979,8,1.738,17.116899,0.21070001,117.8746
813,115,1980,8,1.5700001,17.5075,0.1874,100.0
814,115,1981,8,1.346,20.4505,0.155,92.662102
815,115,1982,8,1.368,20.373501,0.13860001,91.270401
816,115,1983,8,1.358,18.806601,0.1279,94.671402
817,115,1984,8,1.469,17.869699,0.13420001,97.903
818,116,1977,8,1.924,19.974899,0.30720001,117.6336
819,116,1978,8,1.918,19.7248,0.31439999,120.3662
820,116,1979,8,1.949,19.0903,0.33149999,119.0712
821,116,1980,8,1.9579999,19.435101,0.3466,114.8955
822,116,1981,8,1.758,19.2656,0.28529999,98.777
823,116,1982,8,1.651,20.941999,0.243,92.430199
824,116,1983,8,1.63,21.027,0.2155,91.837196
825,116,1984,8,1.645,22.0182,0.1978,95.209999
826,117,1977,3,10.824,18.364799,2.3443,107.4791
827,117,1978,3,10.609,19.1535,2.3636999,108.9188
828,117,1979,3,10.664,19.334999,2.4823999,111.5591
829,117,1980,3,8.5880003,19.156,2.214,100.0
830,117,1981,3,7.7290001,22.414101,2.086,99.3965
831,117,1982,3,7.2020001,21.628,2.0488999,99.293098
832,117,1983,3,7.0760002,21.717699,2.043,107.0929
833,117,1984,3,6.7729998,21.373899,2.1782999,113.4571
834,118,1976,8,4.027,14.3738,0.39860001,116.8157
835,118,1977,8,3.79,15.0237,0.417,118.2223
836,118,1978,8,4.0430002,14.9687,0.6444,120.1551
837,118,1979,8,4.9580002,15.1323,0.97219998,118.8319
838,118,1980,8,4.7690001,15.4628,0.65060002,111.9164
839,118,1981,8,4.427,15.3375,0.54220003,97.554001
840,118,1982,8,4.0500002,16.1761,0.4127,92.198196
841,118,1983,8,3.8269999,16.9557,0.3452,92.404099
842,119,1977,2,2.2190001,41.665401,0.36790001,109.875
843,119,1978,2,2.177,28.319901,0.35839999,109.875
844,119,1979,2,1.983,28.749399,0.35479999,111.675
845,119,1980,2,1.965,27.135401,0.35249999,108.25
846,119,1981,2,1.863,24.502701,0.30899999,97.25
847,119,1982,2,1.5420001,25.592699,0.25760001,89.474998
848,119,1983,2,1.42,25.3738,0.2208,91.650002
849,119,1984,2,1.265,23.2838,0.20110001,94.175003
850,120,1977,9,1.13,22.909,0.1883,105.597
851,120,1978,9,1.115,22.7145,0.1974,108.3964
852,120,1979,9,1.117,23.982401,0.2649,110.9044
853,120,1980,9,1.224,24.901501,0.2947,104.9727
854,120,1981,9,1.1799999,23.655399,0.2536,96.025299
855,120,1982,9,1.61,24.029499,0.2633,91.803802
856,120,1983,9,1.501,25.007401,0.23729999,92.487503
857,120,1984,9,1.47,24.1847,0.2448,96.053902
858,121,1977,9,1.255,25.943701,0.2615,104.5512
859,121,1978,9,1.334,23.2267,0.2502,107.5437
860,121,1979,9,1.368,23.522499,0.3159,110.0804
861,121,1980,9,1.395,25.4445,0.296,108.9509
862,121,1981,9,1.404,26.1105,0.384,98.2966
863,121,1982,9,1.345,27.7335,0.3303,92.593697
864,121,1983,9,1.3150001,29.119499,0.2976,91.5326
865,121,1984,9,1.296,29.403099,0.27630001,94.698097
866,122,1976,9,3.0539999,28.2073,0.53979999,103.7669
867,122,1977,9,3.1600001,25.761299,0.56269997,106.9042
868,122,1978,9,3.073,25.416,0.6591,109.4623
869,122,1979,9,3.0090001,26.4508,0.63940001,111.9345
870,122,1980,9,2.721,25.7973,0.5309,100.0
871,122,1981,9,2.2379999,29.437201,0.4483,93.186203
872,122,1982,9,1.766,30.726601,0.36660001,90.816399
873,122,1983,9,1.673,31.1674,0.352,93.681297
874,123,1976,9,0.61199999,18.372299,0.1227,103.7669
875,123,1977,9,0.62599999,18.1238,0.14229999,106.9042
876,123,1978,9,0.63800001,18.593599,0.139,109.4623
877,123,1979,9,0.65600002,19.7904,0.13070001,111.9345
878,123,1980,9,0.65899998,18.8543,0.1186,100.0
879,123,1981,9,0.63200003,20.2862,0.1083,93.186203
880,123,1982,9,0.63200003,20.177601,0.1195,90.816399
881,123,1983,9,0.63300002,18.938,0.1156,93.681297
882,124,1977,2,0.142,34.403301,0.071999997,110.025
883,124,1978,2,0.134,32.7509,0.075400002,109.425
884,124,1979,2,0.13500001,32.675301,0.072700001,111.825
885,124,1980,2,0.131,30.1467,0.069200002,110.0833
886,124,1981,2,0.125,31.6479,0.061799999,99.083298
887,124,1982,2,0.126,29.6343,0.0451,89.158302
888,124,1983,2,0.123,29.370199,0.041099999,91.150002
889,124,1984,2,0.122,27.0973,0.035799999,93.991699
890,125,1977,8,0.45100001,19.8535,0.111,117.3392
891,125,1978,8,0.458,19.451099,0.1039,120.4718
892,125,1979,8,0.454,18.9776,0.101,119.1908
893,125,1980,8,0.44600001,19.2195,0.095600002,116.3851
894,125,1981,8,0.39899999,19.3864,0.080799997,99.388496
895,125,1982,8,0.37,21.3976,0.073600002,92.546204
896,125,1983,8,0.36399999,22.270399,0.068400003,91.553802
897,125,1984,8,0.35800001,22.393801,0.061900001,94.940697
898,126,1977,8,0.26699999,23.329399,0.061799999,118.2223
899,126,1978,8,0.264,22.635799,0.070900001,120.1551
900,126,1979,8,0.259,21.8032,0.0691,118.8319
901,126,1980,8,0.236,20.787701,0.047499999,111.9164
902,126,1981,8,0.15899999,25.351801,0.040100001,97.554001
903,126,1982,8,0.14399999,26.2677,0.033100002,92.198196
904,126,1983,8,0.131,30.2122,0.0288,92.404099
905,126,1984,8,0.104,34.331902,0.023399999,95.748596
906,127,1976,7,1.138,14.6985,0.68989998,94.665703
907,127,1977,7,1.064,14.4097,0.68730003,96.389999
908,127,1978,7,1.135,14.9179,0.67110002,98.607803
909,127,1979,7,1.273,14.3948,0.67830002,100.3584
910,127,1980,7,1.51,14.2655,0.65249997,100.1834
911,127,1981,7,1.518,14.5068,1.0773,98.674301
912,127,1982,7,1.533,14.5422,0.95450002,99.380699
913,127,1983,7,1.493,15.1643,0.87910002,100.5633
914,127,1984,7,1.589,16.2798,0.93989998,101.6802
915,128,1976,7,1.702,14.2391,0.42230001,94.665703
916,128,1977,7,1.834,13.9061,0.44859999,96.389999
917,128,1978,7,2.006,12.7122,0.46849999,98.607803
918,128,1979,7,2.053,12.706,0.46700001,100.3584
919,128,1980,7,1.777,14.7105,0.39559999,100.1834
920,128,1981,7,1.582,14.4531,0.47569999,98.674301
921,128,1982,7,1.475,14.8611,0.40239999,99.380699
922,128,1983,7,1.439,15.3642,0.38029999,100.5633
923,128,1984,7,1.327,14.7592,0.36770001,101.6802
924,129,1976,7,0.76800001,8.8274002,0.2008,94.665703
925,129,1977,7,0.787,8.3601999,0.1919,96.389999
926,129,1978,7,0.80400002,8.2349997,0.19400001,98.607803
927,129,1979,7,0.86400002,8.0171003,0.1991,100.3584
928,129,1980,7,0.921,8.4820004,0.2149,100.1834
929,129,1981,7,0.91000003,8.9605999,0.39739999,98.674301
930,129,1982,7,0.87099999,9.1365995,0.3414,99.380699
931,129,1983,7,0.87400001,9.1879997,0.30180001,100.5633
932,129,1984,7,0.852,9.2131996,0.2791,101.6802
933,130,1976,3,20.0,29.309601,23.567301,101.7754
934,130,1977,3,20.700001,27.491899,24.726601,106.8009
935,130,1978,3,20.5,29.6514,42.942902,108.5589
936,130,1979,3,20.6,29.695499,43.6651,110.899
937,130,1980,3,18.5,30.4417,41.699902,102.8898
938,130,1981,3,15.0,34.6777,43.6712,99.547401
939,130,1982,3,12.348,37.102001,40.9263,99.318901
940,130,1983,3,10.52,35.864899,42.2169,105.1429
941,130,1984,3,9.4300003,36.600601,43.000999,111.8661
942,131,1976,9,4.0999999,25.557501,0.50400001,103.7669
943,131,1977,9,4.046,24.737301,0.5298,106.9042
944,131,1978,9,3.566,24.392799,0.50779998,109.4623
945,131,1979,9,3.102,24.725401,0.41980001,111.9345
946,131,1980,9,2.8859999,22.4762,0.4463,100.0
947,131,1981,9,2.5139999,22.857201,0.40459999,93.186203
948,131,1982,9,2.306,23.112,0.30219999,90.816399
949,131,1983,9,1.462,22.895901,0.25240001,93.681297
950,131,1984,9,1.447,21.400499,0.2374,97.748703
951,132,1976,1,0.97100002,20.0884,0.1139,126.7636
952,132,1977,1,0.954,18.175501,0.1173,128.3653
953,132,1978,1,0.92500001,17.4424,0.1337,124.4507
954,132,1979,1,0.90100002,19.7138,0.1293,125.2176
955,132,1980,1,0.88300002,17.1502,0.1183,100.0
956,132,1981,1,0.72799999,20.091801,0.1001,97.430496
957,132,1982,1,0.66600001,21.871901,0.096500002,96.679703
958,132,1983,1,0.62199998,25.163401,0.093800001,98.738602
959,132,1984,1,0.61500001,24.6744,0.0902,103.7289
960,133,1976,4,2.1659999,27.622101,0.28420001,117.6
961,133,1977,4,2.398,25.0826,0.2757,115.875
962,133,1978,4,2.3570001,23.2591,0.27630001,113.525
963,133,1979,4,2.3559999,22.5165,0.29010001,109.875
964,133,1980,4,2.5090001,22.619301,0.31470001,102.225
965,133,1981,4,2.1129999,22.3941,0.27250001,91.900002
966,133,1982,4,1.95,25.2626,0.2536,90.175003
967,133,1983,4,1.7079999,26.704399,0.23270001,87.800003
968,133,1984,4,1.714,27.6099,0.21870001,87.275002
969,134,1976,8,13.026,15.22,1.503,117.0448
970,134,1977,8,14.227,14.7212,1.5814,120.5774
971,134,1978,8,14.006,15.5864,1.6276,119.3105
972,134,1979,8,13.889,15.5672,1.6553,117.8746
973,134,1980,8,13.319,14.8591,1.5154999,100.0
974,134,1981,8,13.018,16.965401,1.3250999,92.662102
975,134,1982,8,13.631,16.773701,1.2835,91.270401
976,134,1983,8,13.349,18.4911,1.2235,94.671402
977,134,1984,8,13.486,17.8505,1.2061,97.903
978,135,1976,8,2.3659999,18.6381,0.3976,116.9589
979,135,1977,8,2.3699999,18.8664,0.38710001,119.6943
980,135,1978,8,2.3469999,17.417101,0.3946,119.6272
981,135,1979,8,2.145,17.039801,0.37169999,118.2336
982,135,1980,8,1.818,16.9023,0.3276,104.4687
983,135,1981,8,1.5700001,18.402399,0.27110001,94.496597
984,135,1982,8,1.3150001,18.341499,0.21610001,91.618301
985,135,1983,8,1.187,19.208099,0.18170001,93.821198
986,135,1984,8,1.194,19.5002,0.147,97.0951
987,136,1976,8,0.61500001,24.100201,0.1242,117.0448
988,136,1977,8,0.74199998,22.055099,0.1189,120.5774
989,136,1978,8,0.67299998,20.0774,0.1085,119.3105
990,136,1979,8,0.69,19.3673,0.0973,117.8746
991,136,1980,8,0.324,19.2094,0.073600002,100.0
992,136,1981,8,0.226,24.182899,0.0605,92.662102
993,136,1982,8,0.25799999,24.149599,0.055100001,91.270401
994,136,1983,8,0.35600001,23.242399,0.052700002,94.671402
995,136,1984,8,0.465,22.592501,0.055599999,97.903
996,137,1976,2,2.599,38.437801,0.66430002,110.05
997,137,1977,2,2.7019999,34.050999,0.81639999,109.425
998,137,1978,2,2.7079999,37.695099,1.0343,111.225
999,137,1979,2,2.6229999,33.479401,1.0091,111.225
1000,137,1980,2,2.3770001,32.2369,0.9138,102.75
1001,137,1981,2,1.995,33.7775,0.79860002,91.75
1002,137,1982,2,1.747,34.5625,0.71359998,90.425003
1003,137,1983,2,1.612,35.023998,0.64240003,93.150002
1004,137,1984,2,1.1849999,35.816299,0.49669999,94.724998
1005,138,1976,9,1.9220001,26.959299,0.25470001,101.7059
1006,138,1977,9,1.929,24.9356,0.25830001,105.597
1007,138,1978,9,1.934,25.122,0.2608,108.3964
1008,138,1979,9,1.976,26.573,0.2631,110.9044
1009,138,1980,9,2.096,27.3524,0.26840001,104.9727
1010,138,1981,9,1.99,24.2052,0.2323,96.025299
1011,138,1982,9,1.558,25.488001,0.19059999,91.803802
1012,138,1983,9,1.372,26.804899,0.16240001,92.487503
1013,138,1984,9,1.3049999,27.095699,0.15019999,96.053902
1014,139,1976,9,1.0549999,22.1859,0.1469,102.5303
1015,139,1977,9,1.044,21.1581,0.2238,106.1199
1016,139,1978,9,1.109,20.1187,0.25369999,108.8228
1017,139,1979,9,1.171,20.0128,0.2422,111.3165
1018,139,1980,9,1.123,19.438601,0.2965,102.9836
1019,139,1981,9,1.074,19.881399,0.26109999,94.889603
1020,139,1982,9,1.087,20.3375,0.2482,91.408798
1021,139,1983,9,1.5089999,20.2055,0.35170001,92.964996
1022,139,1984,9,1.513,20.308399,0.33579999,96.731796
1023,140,1976,3,1.541,29.093901,0.65100002,104.7664
1024,140,1977,3,1.447,25.6975,0.6846,107.4791
1025,140,1978,3,1.425,27.587601,0.70950001,108.9188
1026,140,1979,3,1.438,29.0149,0.66500002,111.5591
1027,140,1980,3,1.401,28.277201,0.59359998,100.0
1028,140,1981,3,1.33,30.427401,0.4754,99.3965
1029,140,1982,3,1.192,30.556499,0.42030001,99.293098
1030,140,1983,3,1.136,30.8661,0.36970001,107.0929
1031,140,1984,3,1.0930001,30.644199,0.36250001,113.4571
