,visits,quality,ski,income,feeSom,costCon,costSom,costHoust
1,0,0,1,4,0,67.59,68.62,76.8
2,0,0,0,9,0,68.86,70.936,84.78
3,0,0,1,5,0,58.12,59.465,72.11
4,0,0,0,2,0,15.79,13.75,23.68
5,0,0,1,3,0,24.02,34.033,34.547
6,0,0,1,5,0,129.46,137.377,137.85
7,0,0,0,1,0,30.13,42.45,44.1
8,0,0,1,5,0,31.29,36.79,24.8
9,0,0,0,2,0,127.64,127.571,134.67
10,0,2,0,3,0,24.71,29.945,28.07
11,0,0,0,2,0,32.15,41.358,41.857
12,0,0,1,2,0,17.9,32.393,28.79
13,0,0,0,2,0,97.28,111.764,97.166
14,0,0,0,1,0,21.46,11.923,24.28
15,0,0,1,4,0,129.31,137.68,130.4
16,0,0,1,5,0,39.0,53.493,49.89
17,0,0,0,3,0,37.36,47.183,40.18
18,0,0,0,1,0,17.67,23.339,16.09
19,0,0,0,3,0,15.56,25.442,15.1
20,0,0,1,5,0,28.19,34.15,23.28
21,0,0,1,6,0,30.57,36.683,29.5
22,0,0,1,7,0,147.67,154.022,147.178
23,0,0,1,2,0,28.41,29.009,34.9
24,0,0,0,4,0,52.3,52.454,57.6
25,0,0,0,3,0,19.52,29.533,30.047
26,0,0,0,2,0,36.07,40.583,28.6
27,0,0,0,4,0,102.36,104.502,98.738
28,0,0,0,5,0,35.53,41.694,25.647
29,0,0,1,4,0,37.03,49.35,51.0
30,0,0,0,5,0,53.13,54.613,59.8
31,0,0,0,3,0,78.09,94.7,89.255
32,0,0,0,2,0,25.56,28.417,33.88
33,0,0,0,4,0,28.5,32.873,23.147
34,0,0,0,4,0,23.27,38.904,35.0
35,0,0,0,1,0,18.87,34.504,30.6
36,0,0,0,3,0,38.94,50.342,42.2
37,0,0,1,3,0,64.13,70.294,57.9
38,0,0,1,4,0,44.19,34.75,48.68
39,0,0,1,1,0,230.04,216.42,226.62
40,0,0,1,6,0,104.54,109.32,98.08
41,0,0,1,5,0,51.95,71.75,44.22
42,0,0,0,3,0,48.31,51.107,47.567
43,0,0,0,3,0,28.83,29.614,36.529
44,0,0,0,2,0,38.79,45.725,38.767
45,0,0,0,3,0,104.54,106.42,97.88
46,0,0,1,3,0,17.2,22.6,10.2
47,0,0,0,4,0,86.35,86.857,81.16
48,0,0,1,3,0,31.85,35.125,26.35
49,0,3,1,4,0,33.59,39.09,27.98
50,0,0,1,4,0,71.93,73.694,68.647
51,0,0,0,7,0,65.16,68.677,62.1
52,0,0,0,2,0,30.39,44.617,30.28
53,0,0,0,4,0,116.85,120.125,112.755
54,0,0,0,3,0,43.28,46.366,36.917
55,0,0,1,5,0,28.56,33.685,23.84
56,0,0,0,3,0,69.07,71.897,64.04
57,0,0,1,5,0,39.98,43.066,35.346
58,0,0,0,9,0,4.34,7.53,6.4
59,0,0,0,4,0,103.68,105.733,97.98
60,0,0,1,3,0,138.28,143.724,127.2
61,0,3,1,8,0,34.19,37.567,29.89
62,0,1,0,3,0,18.69,19.9,14.62
63,0,0,1,9,0,143.08,148.033,137.767
64,0,0,1,4,0,45.0,47.77,42.93
65,0,0,1,3,0,30.36,40.821,33.29
66,0,0,0,3,0,30.14,35.75,19.367
67,0,0,0,7,0,37.8,40.355,33.735
68,0,0,1,9,0,54.24,60.28,51.16
69,0,0,1,3,0,30.7,39.483,32.48
70,0,0,1,9,0,50.87,51.693,48.667
71,0,0,0,7,0,68.06,70.202,64.438
72,0,0,1,3,0,51.14,55.92,44.68
73,0,1,0,4,0,61.97,66.313,57.86
74,0,0,0,3,0,55.19,57.33,51.48
75,0,1,0,7,0,356.72,358.163,350.39
76,0,0,1,4,0,31.45,41.533,28.15
77,0,5,1,5,0,19.05,22.737,14.405
78,0,3,1,8,0,38.92,49.667,29.25
79,0,0,1,3,0,67.85,78.457,61.58
80,0,0,1,9,0,50.51,53.307,46.17
81,0,0,0,1,0,44.69,49.65,39.58
82,0,0,0,3,0,49.37,53.883,43.947
83,0,0,0,1,0,66.5,71.9,60.7
84,0,0,0,5,0,53.27,62.434,45.575
85,0,0,0,1,0,28.96,37.683,26.647
86,0,0,1,6,0,182.96,196.451,176.917
87,0,0,0,3,0,87.56,100.147,87.84
88,0,0,0,4,0,51.89,67.07,47.16
89,0,0,0,4,0,24.63,34.75,17.48
90,0,0,0,3,0,349.06,357.14,343.92
91,0,0,1,5,0,28.81,33.377,23.9
92,0,0,0,3,0,67.04,80.207,67.36
93,0,0,1,5,0,62.15,65.557,57.16
94,0,0,0,4,0,214.53,202.05,207.56
95,0,0,0,3,0,149.18,164.762,139.4
96,0,0,0,5,0,131.44,145.88,123.96
97,0,0,0,1,0,47.55,55.36,45.24
98,0,0,0,6,0,28.45,39.164,25.037
99,0,0,0,3,0,59.91,69.16,56.747
100,0,0,1,2,0,67.02,78.147,70.06
101,0,0,1,7,0,39.16,45.777,37.89
102,0,0,0,3,0,83.14,97.066,82.589
103,0,0,0,3,0,78.04,91.207,78.36
104,0,0,0,3,0,49.35,59.98,49.589
105,0,0,0,6,0,31.49,42.388,34.257
106,0,0,0,3,0,53.21,58.24,50.48
107,0,0,0,3,0,71.61,84.527,71.087
108,0,0,0,1,0,31.12,44.867,31.48
109,0,0,0,3,0,102.05,112.68,102.289
110,0,0,0,1,0,25.23,30.54,25.34
111,0,0,1,3,0,64.09,84.77,63.32
112,0,0,0,4,0,21.34,31.65,21.6
113,0,0,0,4,0,41.13,52.133,41.427
114,0,0,0,2,0,32.3,43.65,32.509
115,0,0,0,4,0,33.26,40.127,33.8
116,0,0,0,4,0,17.37,28.121,20.59
117,0,3,0,6,0,42.52,46.313,37.127
118,0,0,0,2,0,49.35,59.98,48.489
119,0,0,0,1,0,19.32,30.25,20.13
120,0,0,0,4,0,45.1,44.606,55.447
121,0,0,0,3,0,19.41,29.975,22.055
122,0,0,0,4,0,81.89,86.29,74.3
123,0,0,1,4,0,45.11,46.59,51.94
124,0,0,0,4,0,15.14,26.888,18.757
125,0,0,0,4,0,31.37,35.883,23.0
126,0,0,0,3,0,19.95,30.696,27.47
127,0,0,1,3,0,94.0,106.48,95.02
128,0,0,1,3,0,13.19,22.283,15.28
129,0,0,0,9,0,70.95,56.973,73.38
130,0,0,0,2,0,25.83,38.883,22.03
131,0,0,0,2,0,21.61,28.75,22.1
132,0,0,0,6,0,29.63,47.45,34.03
133,0,0,0,1,0,13.24,24.312,23.118
134,0,0,0,3,0,20.23,28.95,20.92
135,0,0,0,4,0,31.26,44.567,25.46
136,0,0,0,2,0,69.1,79.96,66.42
137,0,0,1,2,0,151.24,160.08,148.76
138,0,0,0,1,0,19.46,28.183,17.147
139,0,0,0,2,0,49.19,57.773,46.947
140,0,0,1,6,0,70.8,89.88,63.9
141,0,0,0,2,0,9.011,12.161,9.191
142,0,0,0,3,0,101.99,156.55,88.68
143,0,0,0,9,0,53.85,65.628,50.8
144,0,0,0,2,0,16.62,36.35,10.43
145,0,0,0,2,0,40.14,46.174,38.48
146,0,0,0,5,0,50.45,53.42,47.26
147,0,0,0,2,0,18.25,23.603,15.827
148,0,0,0,8,0,27.36,29.257,24.66
149,0,0,0,4,0,59.96,62.102,56.338
150,0,0,0,4,0,29.79,40.036,38.95
151,0,0,0,4,0,7.29,18.696,13.1
152,0,0,0,2,0,43.77,48.25,45.38
153,0,0,0,2,0,17.34,29.367,28.047
154,0,0,1,3,0,7.5,20.071,13.786
155,0,0,0,9,0,44.85,67.84,43.237
156,0,0,0,3,0,31.7,30.682,37.496
157,0,0,0,3,0,64.22,82.117,59.7
158,0,0,1,3,0,38.36,47.083,36.047
159,0,0,0,1,0,21.62,28.517,19.75
160,0,1,0,3,0,41.7,41.01,39.58
161,0,0,0,5,0,48.59,59.15,45.84
162,0,0,1,5,0,41.79,52.35,39.04
163,0,0,0,3,0,19.52,26.417,17.65
164,0,0,0,2,0,52.66,73.117,63.547
165,0,0,0,2,0,126.43,136.72,132.767
166,0,0,0,2,0,26.09,38.19,32.58
167,0,0,0,3,0,40.16,45.583,34.547
168,0,0,1,3,0,127.33,144.05,118.64
169,0,0,1,9,0,52.7,67.35,56.68
170,0,0,1,3,0,168.68,147.86,162.92
171,0,0,0,7,0,33.56,20.467,33.447
172,0,0,0,2,0,9.73,19.557,18.127
173,0,0,0,2,0,75.58,91.06,74.88
174,0,0,1,4,0,108.19,133.875,108.08
175,0,0,0,3,0,34.79,55.25,34.68
176,0,0,0,4,0,28.31,41.08,28.227
177,0,3,1,5,0,493.77,491.547,491.049
178,0,0,0,4,0,53.31,62.321,50.874
179,0,0,1,3,0,56.1,67.45,56.309
180,0,0,0,2,0,40.23,51.317,42.48
181,0,0,1,9,0,32.78,48.406,36.5
182,0,0,0,1,0,24.48,38.964,24.366
183,0,0,0,5,0,34.42,44.983,34.607
184,0,0,0,3,0,329.12,336.389,328.177
185,0,0,0,2,0,34.24,44.983,33.2
186,0,0,1,3,0,165.89,81.85,70.98
187,0,0,0,4,0,34.43,43.161,34.569
188,0,0,1,4,0,51.29,63.61,48.98
189,0,0,1,7,0,17.59,24.3,17.81
190,0,3,1,6,0,37.99,43.49,34.58
191,0,0,0,3,0,195.84,202.953,196.48
192,0,0,0,1,0,17.73,26.25,26.737
193,0,0,0,9,0,19.77,24.14,22.297
194,0,0,0,3,0,82.49,89.09,77.1
195,0,0,1,3,0,32.55,46.63,44.98
196,0,3,0,3,0,27.14,35.057,35.5
197,0,0,1,2,0,30.7,45.85,35.18
198,0,0,0,1,0,11.92,19.672,11.08
199,0,0,0,3,0,57.25,62.547,52.92
200,0,0,1,9,0,70.79,76.51,73.98
201,0,0,1,3,0,33.68,41.683,31.56
202,0,0,0,3,0,53.95,55.573,45.847
203,0,0,0,4,0,25.89,32.783,27.247
204,0,2,0,3,0,36.86,49.067,47.747
205,0,0,0,4,0,35.18,44.183,28.066
206,0,0,0,5,0,27.96,33.383,23.447
207,0,0,1,5,0,42.53,54.383,42.6
208,0,0,0,3,0,84.83,91.533,84.56
209,0,0,0,3,0,47.28,58.283,41.01
210,0,0,0,1,0,34.46,33.04,39.4
211,0,0,0,2,0,25.19,37.29,31.68
212,0,0,0,4,0,262.56,261.61,262.395
213,0,0,1,9,0,77.23,82.08,74.067
214,0,0,0,4,0,16.96,24.583,14.647
215,0,0,0,4,0,25.71,21.233,34.947
216,0,0,0,4,0,118.2,123.59,116.88
217,0,3,1,5,0,26.88,26.955,25.01
218,0,0,0,4,0,35.16,50.75,40.08
219,0,0,0,4,0,12.32,19.755,19.04
220,0,0,0,3,0,12.62,21.109,16.909
221,0,0,1,3,0,31.6,56.283,38.28
222,0,0,0,3,0,83.49,84.517,92.73
223,0,4,0,8,0,111.42,104.98,108.04
224,0,2,0,6,0,70.03,75.35,65.4
225,0,1,1,5,0,36.07,49.383,35.047
226,0,1,0,4,0,60.7,71.38,59.6
227,0,0,1,4,0,28.29,40.61,26.42
228,0,0,0,3,0,16.65,29.85,22.48
229,0,0,0,3,0,50.04,63.167,61.847
230,0,0,0,2,0,34.88,42.18,32.768
231,0,0,1,6,0,57.32,53.357,64.247
232,0,0,0,4,0,16.82,26.687,25.78
233,0,4,0,3,0,35.71,31.233,44.947
234,0,0,1,3,0,105.77,111.213,97.627
235,0,0,0,3,0,32.14,42.388,34.257
236,0,2,0,6,0,42.88,47.8,32.7
237,0,0,1,4,0,70.95,72.835,68.5
238,0,0,0,2,0,44.19,49.14,47.38
239,0,0,0,4,0,29.15,25.93,35.535
240,0,0,1,3,0,51.45,47.71,61.68
241,0,0,0,3,0,24.02,33.337,20.467
242,0,0,0,4,0,41.02,51.767,31.93
243,0,0,0,4,0,32.32,39.025,30.1
244,0,0,0,3,0,26.48,34.983,18.6
245,0,0,1,6,0,118.94,113.0,120.892
246,0,0,1,3,0,78.57,88.413,78.787
247,0,0,0,3,0,25.43,29.417,21.157
248,0,0,0,5,0,48.53,56.313,41.26
249,0,0,1,6,0,28.06,38.621,31.094
250,0,0,1,9,0,108.41,112.811,105.478
251,0,0,0,2,0,46.77,56.303,55.3
252,0,0,0,3,0,41.62,50.433,50.19
253,0,0,0,5,0,32.96,42.05,34.02
254,0,0,0,2,0,51.17,53.56,47.94
255,0,0,1,9,0,166.03,177.5,161.47
256,0,0,1,4,0,23.58,31.817,20.9
257,0,4,0,2,0,54.34,68.18,54.66
258,0,0,0,5,0,89.51,95.329,84.976
259,0,0,1,1,0,125.32,142.96,124.42
260,0,0,0,1,0,217.27,236.78,217.617
261,0,0,0,2,0,38.82,50.667,42.38
262,0,0,0,3,0,34.12,51.283,33.46
263,0,0,0,2,0,77.5,94.0,77.94
264,0,0,0,3,0,33.3,48.92,28.68
265,0,0,0,2,0,14.42,15.267,23.66
266,0,0,0,3,0,34.28,45.85,30.6
267,0,4,0,1,0,14.29,21.0,15.2
268,0,0,1,3,0,77.13,94.302,77.538
269,0,0,0,4,0,16.12,25.803,24.8
270,0,0,0,4,0,47.49,51.366,40.817
271,0,0,1,1,0,40.19,37.55,42.28
272,0,0,0,2,0,35.1,41.89,29.9
273,0,0,0,3,0,16.48,24.228,18.447
274,0,0,1,7,0,26.17,33.287,24.68
275,0,0,1,3,0,32.49,43.65,45.18
276,0,0,1,5,0,36.02,49.517,28.947
277,0,0,0,3,0,24.4,29.65,21.0
278,0,3,1,4,0,32.53,34.983,34.03
279,0,0,0,2,0,40.9,57.4,41.34
280,0,1,1,4,0,44.55,55.717,48.71
281,0,0,0,2,0,77.69,35.45,95.18
282,0,0,0,4,0,24.3,33.1,18.0
283,0,0,0,3,0,25.97,39.065,29.24
284,0,0,0,1,0,15.9,25.483,17.01
285,0,0,0,4,0,38.46,50.85,36.5
286,0,2,0,3,0,30.39,36.736,26.537
287,0,0,0,3,0,12.84,27.71,13.52
288,0,0,0,1,0,63.5,69.74,60.82
289,0,2,1,3,0,35.97,42.083,33.797
290,0,0,0,1,0,15.42,16.267,24.66
291,0,0,0,7,0,30.1,39.983,29.68
292,0,0,1,4,0,89.85,103.6,84.35
293,0,0,0,4,0,48.5,59.25,51.58
294,0,0,0,3,0,29.1,37.737,25.417
295,0,0,0,3,0,23.13,32.003,25.862
296,0,1,1,4,0,19.07,9.289,20.9
297,0,0,0,5,0,99.5,112.815,98.505
298,0,0,0,3,0,7.56,15.35,8.805
299,0,0,0,4,0,30.39,52.5,43.205
300,0,0,0,4,0,60.36,59.19,67.7
301,0,0,1,4,0,40.29,38.383,47.5
302,0,0,0,1,0,14.92,29.25,18.58
303,0,0,1,4,0,16.22,26.775,18.855
304,0,0,0,2,0,51.14,64.28,54.36
305,0,0,0,3,0,25.19,35.167,23.3
306,0,3,1,4,0,129.32,129.473,136.32
307,0,0,0,1,0,13.87,27.917,19.08
308,0,3,1,4,0,22.96,33.517,24.68
309,0,4,0,3,0,28.97,41.95,18.08
310,0,0,0,5,0,118.23,120.447,112.97
311,0,0,0,4,0,21.89,28.49,14.6
312,0,0,1,3,0,26.62,37.55,27.43
313,0,4,1,2,0,48.58,60.85,53.48
314,0,0,0,3,0,25.39,33.603,32.61
315,0,0,0,2,0,30.44,26.183,28.127
316,0,0,0,3,0,26.62,36.303,35.31
317,0,0,1,8,0,52.49,56.95,47.537
318,0,0,0,1,0,48.87,65.34,48.28
319,0,0,0,1,0,15.69,25.673,18.88
320,0,0,0,1,0,126.23,136.109,127.446
321,0,0,0,3,0,18.39,13.55,28.48
322,0,5,0,3,0,32.77,52.95,33.205
323,0,0,0,2,0,27.8,28.383,35.167
324,0,0,1,6,0,77.11,90.027,76.587
325,0,0,0,4,0,36.89,48.99,43.38
326,0,0,0,2,0,28.19,39.483,31.01
327,0,0,1,5,0,16.96,37.2,9.7
328,0,1,1,7,0,82.86,94.107,78.409
329,0,0,0,3,0,59.48,65.594,56.147
330,0,0,1,3,0,74.15,80.94,75.98
331,0,0,0,3,0,44.52,59.34,48.88
332,0,0,0,3,0,33.82,38.75,29.75
333,0,5,0,3,0,26.49,31.127,22.488
334,0,0,0,4,0,30.57,44.067,28.6
335,0,0,1,5,0,36.09,50.17,30.26
336,0,0,0,1,0,17.76,24.406,20.458
337,0,0,0,3,0,37.09,40.907,32.207
338,0,0,1,5,0,29.82,39.593,30.966
339,0,0,1,6,0,37.13,43.294,35.8
340,0,2,1,6,0,41.02,47.04,31.08
341,0,3,0,4,0,26.99,31.55,19.48
342,0,0,1,5,0,33.08,42.917,34.08
343,0,0,1,3,0,21.32,30.417,21.58
344,0,0,0,5,0,72.37,71.947,72.29
345,0,0,0,8,0,38.07,52.817,30.047
346,0,0,0,5,0,75.57,88.4,73.7
347,0,0,0,4,0,35.07,37.46,31.84
348,0,0,0,3,0,28.3,33.95,23.08
349,0,0,0,3,0,13.09,30.25,22.2
350,0,0,0,3,0,25.39,42.77,21.98
351,0,0,1,1,0,147.36,151.317,143.58
352,0,0,0,5,0,43.25,58.65,46.88
353,0,0,1,3,0,48.69,53.973,43.147
354,0,0,1,9,0,70.31,73.107,65.97
355,0,1,0,3,0,133.34,130.567,141.327
356,0,0,1,5,0,26.3,36.083,26.147
357,0,0,0,4,0,41.7,44.75,31.22
358,0,0,1,4,0,14.42,27.917,19.08
359,0,0,1,5,0,32.0,35.52,29.36
360,0,4,0,6,0,20.59,25.65,25.32
361,0,0,0,3,0,18.1,33.15,25.78
362,0,0,1,9,0,38.09,40.95,34.46
363,0,0,0,5,0,20.39,37.367,33.1
364,0,0,1,6,0,29.0,43.05,32.38
365,0,0,1,3,0,98.01,102.713,93.527
366,0,3,0,3,0,26.8,31.95,19.88
367,0,0,1,3,0,46.24,45.813,53.347
368,0,0,1,5,0,70.65,72.207,65.07
369,0,0,0,7,0,47.76,65.935,41.726
370,0,0,0,3,0,30.39,45.57,26.3
371,0,0,1,6,0,30.3,35.117,24.3
372,0,0,1,9,0,24.25,27.22,21.06
373,0,0,0,4,0,36.4,37.783,43.247
374,0,0,0,2,0,37.21,39.713,30.3
375,0,0,0,1,0,71.93,75.993,67.887
376,0,5,0,3,0,65.44,69.94,65.2
377,0,0,1,4,0,57.24,62.48,52.36
378,0,0,0,4,0,30.08,39.85,31.2
379,0,0,1,4,0,15.99,27.35,25.88
380,0,0,0,2,0,211.23,219.28,213.485
381,0,0,0,4,0,13.35,24.536,23.45
382,0,0,0,4,0,24.55,40.3,34.855
383,0,0,0,5,0,118.6,122.727,113.58
384,0,0,0,3,0,8.55,25.05,14.38
385,0,0,0,4,0,24.57,31.477,23.59
386,0,3,0,7,0,59.76,69.02,56.34
387,0,0,0,4,0,44.04,46.547,39.267
388,0,0,0,3,0,46.99,58.65,45.78
389,0,0,0,3,0,100.26,93.758,102.427
390,0,0,1,5,0,58.41,64.272,52.136
391,0,0,1,3,0,29.69,43.55,19.24
392,0,3,1,4,0,25.49,49.25,17.02
393,0,0,0,3,0,26.39,43.99,28.48
394,0,0,0,3,0,36.21,49.517,38.847
395,0,0,0,3,0,11.73,25.961,21.158
396,0,0,0,9,0,31.6,39.227,31.013
397,0,0,0,6,0,9.38,17.128,11.347
398,0,0,0,3,0,54.09,60.91,41.88
399,0,0,0,1,0,36.02,42.577,34.69
400,0,0,0,4,0,23.82,46.606,40.82
401,0,0,0,4,0,44.33,45.135,39.19
402,0,0,0,5,0,8.71,17.003,10.86
403,0,0,1,6,0,30.1,60.15,38.48
404,0,0,0,3,0,16.83,25.35,21.437
405,0,0,0,5,0,7.72,9.793,5.7
406,0,0,0,9,0,176.76,153.66,178.8
407,0,0,1,9,0,50.41,59.279,49.709
408,0,3,0,8,0,33.27,37.783,27.847
409,0,0,1,5,0,38.09,51.51,37.32
410,0,0,1,3,0,70.67,79.027,66.23
411,0,0,0,4,0,37.49,51.05,36.78
412,0,3,1,4,0,113.86,118.06,107.36
413,0,0,0,2,0,92.94,108.5,88.9
414,0,0,0,3,0,51.6,61.08,51.16
415,0,0,0,4,0,50.1,54.15,39.74
416,0,0,1,5,0,91.22,101.613,86.74
417,0,0,0,3,0,13.19,24.117,15.28
418,1,4,1,4,0,41.49,49.25,37.18
419,1,3,1,6,0,43.71,28.75,48.88
420,1,5,0,3,0,93.51,102.373,90.0
421,1,1,0,2,0,31.83,35.35,41.8
422,1,3,0,2,0,122.5,122.647,120.06
423,1,4,0,3,0,103.84,93.88,113.0
424,1,3,1,4,0,93.42,87.305,107.36
425,1,4,1,4,0,38.36,45.25,36.291
426,1,2,0,2,0,24.24,33.883,20.647
427,1,3,1,9,0,50.8,75.0,42.44
428,1,2,1,5,0,139.22,155.14,139.18
429,1,3,1,4,0,39.19,39.85,34.68
430,1,4,0,4,0,21.85,26.183,18.447
431,1,4,1,3,0,68.67,70.84,52.13
432,1,3,0,3,0,30.91,21.165,34.188
433,1,5,1,5,0,37.3,44.84,32.18
434,1,1,0,6,0,41.82,45.5,30.98
435,1,1,0,4,0,27.19,37.75,23.78
436,1,2,0,3,0,12.74,18.35,19.78
437,1,4,0,4,0,108.64,118.857,184.086
438,1,4,1,8,0,38.94,36.68,38.86
439,1,4,0,3,0,60.04,65.48,53.8
440,1,3,0,3,0,16.97,23.494,19.547
441,1,5,1,4,0,122.63,123.84,106.505
442,1,3,0,4,0,68.39,68.147,65.56
443,1,4,0,6,0,71.96,84.22,69.84
444,1,4,0,2,0,129.48,124.2,128.6
445,1,3,1,3,0,118.7,116.413,124.827
446,1,4,0,3,0,45.0,57.25,53.38
447,1,3,0,3,0,19.29,35.35,33.48
448,1,4,1,5,0,63.3,67.24,54.46
449,1,4,0,4,0,128.59,137.784,124.636
450,1,2,0,6,0,50.42,44.34,56.247
451,1,3,1,4,0,103.52,109.54,99.08
452,1,4,0,4,0,36.52,31.317,33.66
453,1,3,1,3,0,48.27,48.307,46.28
454,1,1,0,2,0,36.81,50.117,37.06
455,1,5,0,2,0,43.0,56.45,52.16
456,1,4,0,4,0,38.75,43.15,37.76
457,1,4,1,8,0,45.69,50.09,38.1
458,1,2,1,6,0,71.97,73.013,70.867
459,1,4,1,5,0,91.92,99.78,87.2
460,1,5,0,8,0,61.44,70.94,56.8
461,1,5,1,3,0,33.95,41.45,39.58
462,1,1,0,2,0,47.84,55.92,43.36
463,1,4,1,3,0,75.92,73.507,83.2
464,1,4,1,3,0,35.09,44.55,29.48
465,1,3,1,3,0,23.93,28.872,25.536
466,1,3,1,3,0,138.84,148.68,132.16
467,1,3,1,3,0,100.67,98.597,110.127
468,1,5,0,3,0,16.74,21.707,20.675
469,1,5,1,4,0,86.26,96.62,85.48
470,1,5,0,6,0,16.92,18.861,17.358
471,1,1,0,3,0,20.54,29.267,16.947
472,1,4,1,5,0,74.59,91.75,70.3
473,1,5,0,3,0,99.11,92.067,99.027
474,1,1,1,9,0,82.5,92.0,82.247
475,1,2,1,6,0,91.58,99.878,90.265
476,1,1,1,9,0,60.56,60.75,64.747
477,1,5,0,2,0,61.49,66.04,57.19
478,1,3,0,2,0,75.71,73.554,85.7
479,1,1,0,5,0,42.89,38.94,50.3
480,1,1,0,4,0,89.86,89.32,87.1
481,1,3,1,9,0,271.09,278.52,276.47
482,1,5,1,4,0,21.9,25.083,28.347
483,1,3,1,3,0,52.33,64.917,56.08
484,1,1,0,7,0,70.64,78.28,72.76
485,1,2,1,4,0,37.57,43.55,34.713
486,2,4,1,3,0,79.12,77.047,73.727
487,2,5,0,2,0,82.97,74.48,86.927
488,2,3,0,2,0,28.98,17.107,31.14
489,2,3,0,3,0,22.59,23.126,29.28
490,2,5,0,5,0,65.92,75.5,60.6
491,2,4,1,3,0,57.89,40.95,62.18
492,2,4,0,2,0,85.12,94.857,103.4
493,2,3,0,3,0,19.77,13.5,20.98
494,2,3,0,2,0,29.79,30.267,38.48
495,2,3,0,5,0,73.5,78.2,71.0
496,2,3,0,3,0,15.4,10.117,17.047
497,2,4,0,3,0,81.63,72.467,85.3
498,2,5,0,3,0,119.56,117.65,117.98
499,2,3,0,4,0,22.54,25.767,16.93
500,2,5,0,2,0,105.88,113.8,121.407
501,2,2,0,2,0,45.69,42.697,55.69
502,2,4,1,4,0,29.97,40.167,34.08
503,2,3,1,4,0,31.47,46.604,25.949
504,2,4,0,2,0,40.2,35.775,41.605
505,2,3,1,6,0,127.6,131.973,122.247
506,2,1,0,3,0,21.49,29.693,28.45
507,2,3,1,4,0,22.8,39.65,17.98
508,2,5,0,3,0,82.74,81.414,81.6
509,2,5,0,3,0,55.67,47.771,54.96
510,2,2,0,5,0,21.8,27.14,16.9
511,2,2,0,3,0,39.98,41.893,32.21
512,2,4,1,5,0,32.36,46.583,32.6
513,2,3,1,5,0,74.02,96.806,91.0
514,2,5,0,3,0,45.09,51.981,43.646
515,2,3,0,3,0,80.21,74.515,85.819
516,2,3,1,8,0,61.79,62.45,57.28
517,2,2,0,9,0,74.54,66.78,84.14
518,2,5,1,5,0,57.39,60.25,57.28
519,2,1,0,3,0,31.0,39.59,22.347
520,2,3,0,4,0,180.04,186.58,172.48
521,2,3,0,2,0,37.24,57.45,40.18
522,2,2,1,3,0,90.49,86.54,97.93
523,2,4,0,3,0,74.36,53.9,70.86
524,3,5,0,7,0,24.06,21.729,30.659
525,3,1,0,1,0,26.55,18.85,37.66
526,3,4,1,2,0,79.82,83.783,78.8
527,3,5,0,4,0,24.99,25.717,21.2
528,3,3,1,2,0,93.49,91.05,100.7
529,3,3,0,1,0,44.41,57.667,47.26
530,3,5,1,3,1,44.25,40.583,45.167
531,3,3,0,2,0,90.29,76.637,93.84
532,3,3,0,2,0,25.2,22.54,30.08
533,3,3,1,5,0,125.12,96.137,120.5
534,3,5,1,6,0,68.24,74.413,65.227
535,3,3,1,4,0,74.12,64.8,73.16
536,3,1,1,6,0,56.95,58.05,68.06
537,3,5,1,6,0,35.84,43.45,36.905
538,3,4,0,5,0,119.55,117.554,116.083
539,3,3,0,4,0,16.59,16.15,27.3
540,3,2,0,4,1,50.4,37.2,55.2
541,3,4,1,3,0,38.92,27.312,42.87
542,3,3,1,4,0,36.01,39.6,32.358
543,3,3,0,4,0,36.79,18.2,43.28
544,3,5,1,9,0,74.28,79.233,68.967
545,3,4,0,7,0,24.69,12.15,28.98
546,3,3,1,5,0,37.67,41.583,34.58
547,3,4,0,5,0,43.79,39.988,38.315
548,3,3,0,3,0,42.27,36.55,51.62
549,3,3,1,3,0,44.18,49.094,42.865
550,3,3,1,4,0,158.92,162.43,155.26
551,3,3,1,2,0,64.1,61.59,63.505
552,3,1,1,4,0,44.41,39.933,53.647
553,3,5,1,5,0,81.14,88.23,71.71
554,3,5,1,4,0,71.41,8.057,66.74
555,3,3,0,3,0,23.09,18.25,24.63
556,3,3,0,3,0,50.65,56.68,49.987
557,3,3,0,3,0,48.82,41.83,50.06
558,4,3,1,3,0,134.11,140.509,141.589
559,4,5,0,3,0,35.37,40.867,36.027
560,4,0,1,7,0,118.86,113.396,111.736
561,4,3,0,4,0,50.19,34.35,54.48
562,4,3,0,9,0,69.32,77.54,61.8
563,4,2,1,6,0,89.97,106.467,79.3
564,4,2,0,1,0,44.88,42.236,65.82
565,4,4,1,5,0,68.67,73.95,65.92
566,4,3,0,4,0,39.01,32.183,48.247
567,4,3,1,3,1,88.28,83.0,87.4
568,4,1,0,2,0,36.55,31.05,47.66
569,4,4,0,5,0,66.36,71.896,59.236
570,4,4,0,4,0,27.2,47.6,28.2
571,4,3,0,9,0,173.91,170.394,182.47
572,4,4,0,4,0,21.42,16.767,28.347
573,4,2,0,2,1,36.18,18.14,35.3
574,4,5,1,2,0,133.14,129.937,136.14
575,5,5,0,4,1,98.3,110.4,89.7
576,5,3,0,3,0,27.7,22.317,35.1
577,5,5,0,1,0,64.18,56.36,63.1
578,5,3,0,1,0,21.68,13.693,23.45
579,5,4,0,6,0,75.94,55.255,82.46
580,5,2,1,4,0,76.96,73.15,84.3
581,5,1,0,5,1,125.03,113.887,127.087
582,5,3,1,5,0,128.66,140.188,123.498
583,5,3,0,3,0,26.44,21.306,38.5
584,5,3,0,3,0,43.92,44.807,39.358
585,5,3,0,4,0,35.79,29.85,44.26
586,5,4,1,9,0,276.99,262.08,288.46
587,5,4,1,4,0,39.05,43.883,36.147
588,6,3,0,3,0,29.19,17.233,19.69
589,6,2,1,5,0,41.86,36.393,49.29
590,6,4,0,3,0,72.18,82.023,71.317
591,6,4,0,5,0,41.85,52.913,42.016
592,6,3,1,3,0,59.8,52.865,62.798
593,6,3,1,3,0,54.69,59.833,49.8
594,6,1,1,4,0,85.17,80.897,93.89
595,6,5,1,4,0,92.51,107.847,80.327
596,6,5,0,3,0,68.14,67.557,75.98
597,6,3,0,3,0,37.94,32.223,39.447
598,6,5,1,6,0,46.52,51.95,32.93
599,7,5,0,3,0,27.69,24.65,37.78
600,7,2,1,4,0,41.19,40.2,46.18
601,8,3,1,4,0,57.34,60.763,53.59
602,8,1,0,4,0,19.37,14.35,28.247
603,8,5,0,2,0,36.99,34.717,44.947
604,8,3,0,6,0,14.22,11.033,25.1
605,8,3,1,4,0,30.04,21.075,32.68
606,8,4,0,5,0,22.5,24.741,21.165
607,8,4,0,5,0,35.89,28.117,36.5
608,8,5,1,5,0,77.66,91.333,74.827
609,9,5,1,2,0,40.48,37.562,47.38
610,10,3,1,2,0,40.32,36.264,48.2
611,10,3,1,2,0,42.49,30.317,45.13
612,10,3,1,5,0,37.5,28.088,39.418
613,10,3,0,1,0,42.57,30.0,44.547
614,10,5,0,5,0,23.69,21.71,26.88
615,10,4,1,3,0,79.94,85.8,73.26
616,10,2,0,2,0,31.56,25.04,42.08
617,10,1,0,5,0,28.88,19.007,30.65
618,10,4,0,3,0,58.41,55.583,67.647
619,10,5,1,5,0,103.81,81.1,102.79
620,10,5,1,4,0,67.24,72.68,71.85
621,10,4,1,6,0,77.89,73.93,86.58
622,10,4,0,3,0,84.44,76.967,84.36
623,11,4,1,5,0,45.53,40.817,49.7
624,11,5,0,5,0,111.26,110.957,108.9
625,12,5,0,3,0,44.05,39.9,49.855
626,12,5,0,3,0,21.44,20.158,28.1
627,12,4,0,2,0,49.69,48.7,46.83
628,12,4,1,3,0,36.56,23.283,39.0
629,12,5,1,5,0,111.39,119.214,109.309
630,15,2,0,2,0,22.57,16.3,26.31
631,15,0,1,3,0,58.3,57.28,56.7
632,15,1,0,5,0,24.72,19.8,31.647
633,15,4,0,4,0,24.08,21.163,30.98
634,15,5,0,3,0,62.79,48.155,72.61
635,15,5,1,4,0,77.84,85.48,72.26
636,15,3,0,3,0,30.05,23.983,42.4
637,15,3,1,5,1,73.84,65.357,88.929
638,15,3,1,4,0,24.92,20.338,31.02
639,15,3,1,3,0,86.14,76.075,98.68
640,15,4,0,3,0,18.52,15.55,24.02
641,15,3,0,4,0,49.64,40.8,60.36
642,15,4,0,4,0,78.99,68.396,84.8
643,15,3,0,1,0,27.76,12.172,31.31
644,16,3,1,4,1,57.23,47.325,59.287
645,20,2,0,3,1,14.18,4.767,15.889
646,20,5,1,4,0,36.38,27.607,38.15
647,20,4,0,3,1,61.17,37.944,62.389
648,25,3,0,2,1,29.78,8.325,32.8
649,25,4,0,3,0,17.72,12.712,25.9
650,25,4,0,3,0,24.85,11.65,27.38
651,26,3,1,3,0,58.01,59.123,66.56
652,30,4,0,2,0,81.51,55.783,82.99
653,30,3,1,3,1,56.16,48.089,68.62
654,30,4,1,3,0,52.57,39.838,57.297
655,40,5,1,5,1,25.63,18.916,29.684
656,40,3,1,3,0,18.46,13.33,25.8
657,40,2,1,4,0,58.84,47.0,62.76
658,50,4,1,4,0,35.67,25.694,37.269
659,88,2,0,2,0,22.49,6.21,25.46
