,name,genus,vore,order,conservation,sleep_total,sleep_rem,sleep_cycle,awake,brainwt,bodywt
1,11,0,0,2,3,12.1,,,11.9,,50.0
2,56,1,4,14,4,17.0,1.8,,7.0,0.0155,0.48
3,51,2,1,16,5,14.4,2.4,,9.6,,1.35
4,35,3,4,18,3,14.9,2.3,0.133333333,9.1,0.00029,0.019
5,16,4,1,1,1,4.0,0.7,0.666666667,20.0,0.423,600.0
6,76,5,1,13,4,14.4,2.2,0.766666667,9.6,,3.85
7,54,6,0,2,6,8.7,1.4,0.383333333,15.3,,20.49
8,80,7,3,16,4,7.0,,,17.0,,0.045
9,20,8,0,2,1,10.1,2.9,0.333333333,13.9,0.07,14.0
10,66,9,1,1,3,3.0,,,21.0,0.0982,14.8
11,30,10,1,1,3,5.3,0.6,,18.7,0.115,33.5
12,37,11,1,16,1,9.4,0.8,0.216666667,14.6,0.0055,0.728
13,36,12,4,14,3,10.0,0.7,,14.0,,4.75
14,13,13,1,16,1,12.5,1.5,0.116666667,11.5,0.0064,0.42
15,72,14,4,18,3,10.3,2.2,,13.7,0.001,0.06
16,1,15,4,16,4,8.3,2.0,,15.7,0.0066,1.0
17,43,16,4,18,3,9.1,1.4,0.15,14.9,0.00014,0.005
18,46,17,0,5,3,17.4,3.1,0.383333333,6.6,0.0108,3.5
19,78,18,1,9,3,5.3,0.5,,18.7,0.0123,2.95
20,53,19,4,6,3,18.0,4.9,0.333333333,6.0,0.0063,1.7
21,5,20,1,15,2,3.9,,,20.1,4.603,2547.0
22,7,21,2,4,3,19.7,3.9,0.116666667,4.3,0.0003,0.023
23,38,22,1,12,1,2.9,0.6,1.0,21.1,0.655,521.0
24,22,22,1,12,1,3.1,0.4,,20.9,0.419,187.0
25,25,23,4,8,3,10.1,3.5,0.283333333,13.9,0.0035,0.77
26,57,24,4,14,3,10.9,1.1,,13.1,0.115,10.0
27,82,25,1,16,4,14.9,,,9.1,,0.071
28,21,26,0,2,1,12.5,3.2,0.416666667,11.5,0.0256,3.3
29,26,27,4,14,4,9.8,1.1,0.55,14.2,0.005,0.2
30,29,29,1,1,0,1.9,0.4,,22.1,,899.995
31,60,30,0,3,0,2.7,0.1,,21.35,,800.0
32,34,31,0,2,3,6.2,1.5,,17.8,0.325,85.0
33,33,32,1,9,3,6.3,0.6,,17.7,0.01227,2.625
34,40,33,4,14,4,8.0,1.9,1.5,16.0,1.32,62.0
35,50,34,1,14,6,9.5,0.9,,14.5,,1.67
36,0,35,1,15,6,3.3,,,20.7,5.712,6654.0
37,74,36,0,6,3,19.4,6.6,,4.6,,0.37
38,47,37,4,14,4,10.1,1.2,0.75,13.9,0.179,6.8
39,49,38,1,16,3,14.2,1.9,,9.8,,0.053
40,31,39,1,16,2,14.3,3.1,0.2,9.7,0.001,0.12
41,81,40,1,16,4,12.8,,,11.2,,0.035
42,39,41,1,16,5,12.5,1.4,0.183333333,11.5,0.0004,0.022
43,45,42,2,4,4,19.9,2.0,0.2,4.1,0.00025,0.01
44,67,43,1,16,5,14.6,,,9.4,,0.266
45,70,44,0,14,4,11.0,,,13.0,0.0125,1.4
46,18,45,1,16,3,7.7,0.9,,16.3,,0.21
47,55,46,0,16,3,14.5,,,9.5,,0.028
48,63,47,1,10,1,8.4,0.9,0.416666667,15.6,0.0121,2.5
49,68,48,1,1,1,3.8,0.6,,20.2,0.175,55.5
50,12,49,4,14,4,9.7,1.4,1.416666667,14.3,0.44,52.2
51,77,50,0,2,2,15.8,,,8.2,,162.564
52,41,50,0,2,5,10.4,,,13.6,0.157,100.0
53,44,50,0,2,6,13.5,,,10.5,,161.499
54,6,51,4,14,4,9.4,1.0,0.666666667,14.6,0.18,25.235
55,19,52,3,8,3,10.3,2.7,,13.7,0.0024,0.55
56,62,53,4,14,3,11.0,,,13.0,,1.1
57,17,54,3,16,4,11.5,,,12.5,,0.021
58,58,55,3,7,4,13.7,1.8,,10.3,0.0114,1.62
59,10,56,0,2,6,3.5,0.4,,20.5,,86.0
60,14,57,0,3,6,5.6,,,18.45,,53.18
61,61,58,1,7,4,11.1,1.5,,12.9,,1.1
62,28,59,2,5,2,18.1,6.1,,5.9,0.081,60.0
63,65,60,3,9,3,5.4,0.5,,18.6,0.021,3.6
64,42,61,1,16,3,13.0,2.4,0.183333333,11.0,0.0019,0.32
65,2,62,4,16,4,8.7,,,15.3,,0.044
66,71,63,4,14,4,9.6,1.4,,14.4,0.02,0.743
67,24,64,2,18,3,8.4,2.1,0.166666667,15.6,0.0012,0.075
68,15,65,1,16,4,11.3,1.1,0.15,12.7,0.00118,0.148
69,48,66,3,16,4,10.6,2.4,,13.4,0.003,0.122
70,4,67,1,16,3,16.6,,,7.4,0.0057,0.92
71,75,67,1,16,3,13.8,3.4,0.216666667,10.2,0.004,0.101
72,32,67,1,16,3,15.9,3.0,,8.1,,0.205
73,52,68,3,18,4,12.8,2.0,0.183333333,11.2,0.00033,0.048
74,59,69,4,1,1,9.1,2.4,0.5,14.9,0.18,86.25
75,69,70,2,11,4,8.6,,,15.4,0.025,4.5
76,23,71,1,16,4,15.8,,,8.2,,0.112
77,9,72,1,12,6,4.4,1.0,0.9,19.6,0.169,207.501
78,73,73,4,0,4,15.6,2.3,,8.4,0.0026,0.9
79,79,74,4,17,4,8.9,2.6,0.233333333,15.1,0.0025,0.104
80,8,75,0,3,4,5.2,,,18.8,,173.33
81,27,28,0,2,4,6.3,1.3,,17.7,0.0175,2.0
82,3,76,0,2,4,12.5,,,11.5,0.0445,3.38
83,64,76,0,2,4,9.8,2.4,0.35,14.2,0.0504,4.23
