,Sex,Wr.Hnd,NW.Hnd,W.Hnd,Fold,Pulse,Clap,Exer,Smoke,Height,M.I,Age
1,0,18.5,18.0,1,2,92.0,0,2,1,173.0,1,18.25
2,1,19.5,20.5,0,2,104.0,0,1,3,177.8,0,17.583
3,1,18.0,13.3,1,0,87.0,1,1,2,,2,16.917
4,1,18.8,18.9,1,2,,1,1,1,160.0,1,20.333
5,1,20.0,20.0,1,1,35.0,2,2,1,165.0,1,23.667
6,0,18.0,17.7,1,0,64.0,2,2,1,172.72,0,21.0
7,1,17.7,17.7,1,0,83.0,2,0,1,182.88,0,18.833
8,0,17.0,17.3,1,2,74.0,2,0,1,157.0,1,35.833
9,1,20.0,19.5,1,2,72.0,2,2,1,175.0,1,19.0
10,1,18.5,18.5,1,2,90.0,2,2,1,167.0,1,22.333
11,0,17.0,17.2,1,0,80.0,2,0,1,156.2,0,28.5
12,1,21.0,21.0,1,2,68.0,0,0,1,,2,18.25
13,0,16.0,16.0,1,0,,2,2,1,155.0,1,18.75
14,0,19.5,20.2,1,0,66.0,1,2,1,155.0,1,17.5
15,1,16.0,15.5,1,2,60.0,2,2,1,,2,17.167
16,0,17.5,17.0,1,2,,2,0,1,156.0,1,17.167
17,0,18.0,18.0,1,0,89.0,1,0,1,157.0,1,19.333
18,1,19.4,19.2,0,2,74.0,2,2,1,182.88,0,18.333
19,1,20.5,20.5,1,0,,0,2,1,190.5,0,19.75
20,1,21.0,20.9,1,2,78.0,2,0,1,177.0,1,17.917
21,1,21.5,22.0,1,2,72.0,0,0,1,190.5,0,17.917
22,1,20.1,20.7,1,0,72.0,2,0,1,180.34,0,18.167
23,1,18.5,18.0,1,0,64.0,2,0,1,180.34,0,17.833
24,1,21.5,21.2,1,2,62.0,2,2,1,184.0,1,18.25
25,0,17.0,17.5,1,2,64.0,0,2,1,,2,19.167
26,1,18.5,18.5,1,1,90.0,1,2,1,,2,17.583
27,1,21.0,20.7,1,2,90.0,2,2,1,172.72,0,17.5
28,1,20.8,21.4,1,2,62.0,1,0,1,175.26,0,18.083
29,1,17.8,17.8,1,0,76.0,1,0,1,,2,21.917
30,1,19.5,19.5,1,0,79.0,2,2,1,167.0,1,19.25
31,0,18.5,18.0,1,2,76.0,2,1,2,,2,41.583
32,1,18.8,18.2,1,0,78.0,2,0,1,180.0,1,17.5
33,0,17.1,17.5,1,2,72.0,2,0,0,166.4,0,39.75
34,1,20.1,20.0,1,2,70.0,2,2,1,180.0,1,17.167
35,1,18.0,19.0,1,0,54.0,1,2,3,,2,17.75
36,1,22.2,21.0,1,0,66.0,2,0,2,190.0,1,18.0
37,0,16.0,16.5,1,0,,2,2,1,168.0,1,19.0
38,1,19.4,18.5,1,2,72.0,1,0,1,182.5,1,17.917
39,1,22.0,22.0,1,2,80.0,2,2,1,185.0,1,35.5
40,1,19.0,19.0,1,2,,1,0,2,171.0,1,19.917
41,0,17.5,16.0,1,0,,2,2,1,169.0,1,17.5
42,0,17.8,18.0,1,2,72.0,2,2,1,154.94,0,17.083
43,1,,,1,2,60.0,3,2,1,172.0,1,28.583
44,0,20.1,20.2,1,0,80.0,2,2,1,176.5,0,17.5
45,0,13.0,13.0,2,0,70.0,0,0,1,180.34,0,17.417
46,1,17.0,17.5,1,2,,1,0,1,180.34,0,18.5
47,1,23.2,22.7,1,0,84.0,0,0,3,180.0,1,18.917
48,1,22.5,23.0,1,2,96.0,2,1,1,170.0,1,19.417
49,0,18.0,17.6,1,2,60.0,2,2,2,168.0,1,18.417
50,0,18.0,17.9,1,2,50.0,0,1,1,165.0,1,30.75
51,1,22.0,21.5,0,2,55.0,0,0,1,200.0,1,18.5
52,1,20.5,20.0,1,0,68.0,2,0,1,190.0,1,17.5
53,1,17.0,18.0,1,0,78.0,0,2,1,170.18,0,18.333
54,1,20.5,19.5,1,0,56.0,2,0,1,179.0,1,17.417
55,1,22.5,22.5,1,2,65.0,2,0,3,182.0,1,20.0
56,1,18.5,18.5,1,0,,1,0,1,171.0,1,18.333
57,0,15.5,15.4,1,2,70.0,1,1,1,157.48,0,17.167
58,1,19.5,19.7,1,2,72.0,2,0,1,,2,17.417
59,1,19.5,19.0,1,0,62.0,2,0,1,177.8,0,17.667
60,1,20.6,21.0,0,0,,0,0,2,175.26,0,18.417
61,1,22.8,23.2,1,2,66.0,1,0,1,187.0,1,20.333
62,0,18.5,18.2,1,2,72.0,1,0,1,167.64,0,17.333
63,0,19.6,19.7,1,0,70.0,2,0,1,178.0,1,17.5
64,0,18.7,18.0,0,0,,0,1,1,170.0,1,19.833
65,0,17.3,18.0,1,0,64.0,1,0,1,164.0,1,18.583
66,1,19.5,19.8,1,1,,2,0,1,183.0,1,18.0
67,0,19.0,19.1,1,0,,1,0,1,172.0,1,30.667
68,0,18.5,18.0,1,2,64.0,2,0,1,,2,16.917
69,1,19.0,19.0,1,0,,2,2,1,180.0,1,19.917
70,1,21.0,19.5,1,0,80.0,0,1,4,,2,18.333
71,0,18.0,17.5,1,0,64.0,0,0,1,170.0,1,17.583
72,1,19.4,19.5,1,2,,2,0,0,176.0,1,17.833
73,0,17.0,16.6,1,2,68.0,2,2,1,171.0,1,17.667
74,0,16.5,17.0,1,0,40.0,0,0,1,167.64,0,17.417
75,0,15.6,15.8,1,2,88.0,0,2,1,165.0,1,17.75
76,0,17.5,17.5,1,1,68.0,2,0,0,170.0,1,20.667
77,0,17.0,17.6,1,0,76.0,2,2,1,165.0,1,23.583
78,0,18.6,18.0,1,0,,1,0,0,165.1,0,17.167
79,0,18.3,18.5,1,2,68.0,1,2,1,165.1,0,17.083
80,1,20.0,20.5,1,0,,2,0,1,185.42,0,18.75
81,1,19.5,19.5,0,2,66.0,0,2,1,,2,16.75
82,1,19.2,18.9,1,2,76.0,2,0,1,176.5,0,20.167
83,0,17.5,17.5,1,2,98.0,0,0,1,,2,17.667
84,0,17.0,17.4,1,2,,1,2,1,,2,17.167
85,1,23.0,23.5,1,0,90.0,2,0,1,167.64,0,17.167
86,0,17.7,17.0,1,2,76.0,2,2,1,167.0,1,17.25
87,0,18.2,18.0,1,0,70.0,2,2,1,162.56,0,18.0
88,0,18.3,18.5,1,2,75.0,0,0,1,170.0,1,18.75
89,1,18.0,18.0,1,1,60.0,2,0,1,179.0,1,21.583
90,0,18.0,17.7,0,2,92.0,0,2,1,,2,17.583
91,1,20.5,20.0,1,2,75.0,0,2,1,183.0,1,19.667
92,0,17.5,18.0,1,1,,2,2,1,,2,18.0
93,0,18.2,17.5,1,0,70.0,2,2,1,165.0,1,19.667
94,0,18.2,18.5,1,2,,2,2,1,168.0,1,17.083
95,1,21.3,20.8,1,2,65.0,2,0,0,179.0,1,22.833
96,0,19.0,18.8,1,0,,2,2,1,,2,17.083
97,1,20.0,19.5,1,2,68.0,1,0,3,190.0,1,19.417
98,0,17.5,17.5,1,2,60.0,2,0,1,166.5,1,23.25
99,1,19.5,19.4,1,1,,2,0,1,165.0,1,18.083
100,0,19.4,19.6,1,2,68.0,1,0,1,175.26,0,19.083
101,1,21.9,22.2,1,2,,2,2,1,187.0,1,18.917
102,1,18.9,19.1,1,0,60.0,1,1,1,170.0,1,17.75
103,0,16.0,16.0,1,1,,2,2,1,159.0,1,20.833
104,0,17.5,17.3,1,2,72.0,2,0,1,175.0,1,20.167
105,0,17.5,17.0,1,2,80.0,0,2,0,163.0,1,17.667
106,0,19.5,18.5,1,2,80.0,2,2,1,170.0,1,18.25
107,0,16.2,16.4,1,2,,2,0,2,172.0,1,17.0
108,0,17.0,15.9,1,2,85.0,2,0,1,,2,18.5
109,1,17.5,17.5,1,0,64.0,1,0,1,180.0,1,18.583
110,1,19.7,20.1,1,2,67.0,0,2,3,180.34,0,17.75
111,0,18.5,18.5,1,2,76.0,0,0,1,175.0,1,24.167
112,1,19.2,19.6,1,0,80.0,2,1,1,190.5,0,18.167
113,0,17.2,16.7,1,2,75.0,2,0,1,170.18,0,21.167
114,1,20.5,21.0,1,2,60.0,2,0,1,185.0,1,17.917
115,0,16.0,15.5,1,0,60.0,0,0,1,162.56,0,17.417
116,0,16.9,16.0,1,0,70.0,2,1,1,158.0,1,20.5
117,0,17.0,16.7,1,2,70.0,2,2,1,159.0,1,22.917
118,1,23.0,22.0,0,0,83.0,0,2,0,193.04,0,18.917
119,0,18.5,18.0,0,0,100.0,1,2,1,171.0,1,18.917
120,1,21.0,20.4,1,0,100.0,2,0,0,184.0,1,20.083
121,1,20.0,20.0,1,2,80.0,1,0,2,,2,17.5
122,1,22.5,22.5,1,0,76.0,2,0,2,177.0,1,18.25
123,0,18.5,18.0,1,2,92.0,2,0,1,172.0,1,17.5
124,1,19.8,20.0,0,0,59.0,2,0,1,180.0,1,17.417
125,1,18.5,18.1,1,0,66.0,0,0,1,175.26,0,21.0
126,1,19.3,19.4,1,2,,2,0,1,180.34,0,19.833
127,0,16.0,16.0,1,2,68.0,2,0,1,172.72,0,17.667
128,1,18.8,19.1,1,0,66.0,1,0,3,178.5,1,18.083
129,0,17.5,17.0,1,2,74.0,2,0,1,157.0,1,18.0
130,0,16.4,16.5,1,0,90.0,2,2,1,152.0,1,18.333
131,1,22.0,21.5,1,2,86.0,2,0,1,187.96,0,20.0
132,1,19.0,19.5,1,0,60.0,2,2,1,178.0,1,18.75
133,0,18.9,20.0,1,2,86.0,2,2,1,,2,19.083
134,0,15.4,16.4,0,0,80.0,0,0,2,160.02,0,18.5
135,1,17.9,17.8,1,2,85.0,0,2,1,175.26,0,18.417
136,1,23.1,22.5,1,0,90.0,2,2,3,189.0,1,19.167
137,2,19.8,19.0,0,0,73.0,1,0,1,172.0,1,21.5
138,1,22.0,22.0,1,0,72.0,2,0,1,182.88,0,19.333
139,1,20.0,19.5,1,0,,2,0,1,170.0,1,21.417
140,0,19.5,18.5,1,0,68.0,2,1,1,167.0,1,18.667
141,0,18.0,18.6,1,2,84.0,2,2,1,175.0,1,17.5
142,0,18.3,19.0,1,2,,2,1,1,165.0,1,21.083
143,0,19.0,18.8,1,2,65.0,2,0,1,172.72,0,17.25
144,1,21.4,21.0,1,0,96.0,1,2,1,180.0,1,19.0
145,0,20.0,19.5,0,2,68.0,1,0,1,172.0,1,19.167
146,1,18.5,18.5,1,2,75.0,1,2,1,185.0,1,19.0
147,1,22.5,22.6,1,0,64.0,2,0,3,187.96,0,23.0
148,1,19.5,20.2,1,2,60.0,1,0,1,185.42,0,32.667
149,0,18.0,18.0,1,0,92.0,1,0,1,165.0,1,20.0
150,0,18.0,18.5,1,2,64.0,1,0,1,164.0,1,20.167
151,1,21.8,22.3,1,2,76.0,0,0,1,195.0,1,25.5
152,0,13.0,12.5,1,0,80.0,2,0,1,165.0,1,18.167
153,0,16.3,16.2,1,0,92.0,2,2,3,152.4,0,23.5
154,1,21.5,21.6,1,2,69.0,2,0,1,172.72,0,70.417
155,1,18.9,19.1,1,0,68.0,2,1,1,180.34,0,43.833
156,1,20.5,20.0,1,2,76.0,2,0,1,173.0,1,23.583
157,1,14.0,15.5,1,0,,1,0,0,,2,21.083
158,0,18.9,19.2,1,0,74.0,2,2,1,167.64,0,44.25
159,1,20.0,20.5,1,2,,2,1,1,187.96,0,19.667
160,1,18.5,19.0,1,0,84.0,2,0,3,187.0,1,17.917
161,0,17.5,17.1,1,2,80.0,0,1,1,167.0,1,18.417
162,1,18.1,18.2,0,1,,2,2,1,168.0,1,21.167
163,1,20.2,20.3,1,0,72.0,1,2,1,191.8,0,17.5
164,0,16.5,16.9,1,2,60.0,1,0,2,169.2,1,29.083
165,1,19.1,19.1,1,1,,2,2,1,177.0,1,19.917
166,0,17.6,17.2,1,2,81.0,0,2,1,168.0,1,18.5
167,0,19.5,19.2,1,2,70.0,2,2,1,170.0,1,18.167
168,0,16.5,15.0,1,0,65.0,2,2,3,160.02,0,32.75
169,1,19.0,18.5,1,0,,1,0,1,189.0,1,17.417
170,1,19.0,18.5,1,2,72.0,2,0,1,180.34,0,17.333
171,0,16.5,17.0,1,0,,2,2,1,168.0,1,73.0
172,1,20.5,19.5,0,0,80.0,2,2,2,182.88,0,18.667
173,0,15.5,15.5,1,1,50.0,2,2,3,,2,18.5
174,0,18.0,17.5,1,2,48.0,1,0,1,165.0,1,18.667
175,0,17.5,18.0,1,2,68.0,1,0,1,157.48,0,17.75
176,0,19.0,18.5,0,0,104.0,0,0,1,170.0,1,17.25
177,1,20.5,20.5,1,1,76.0,2,0,3,172.72,0,36.583
178,0,16.7,17.0,1,0,84.0,0,0,1,164.0,1,23.083
179,0,20.5,20.5,1,2,,0,0,3,,2,19.25
180,0,17.0,16.5,1,2,70.0,2,2,1,162.56,0,17.167
181,1,19.0,19.5,1,2,68.0,2,0,2,172.0,1,23.417
182,0,14.0,13.5,1,2,87.0,1,0,2,165.1,0,17.083
183,0,17.5,17.6,1,0,79.0,2,2,1,162.5,1,17.25
184,1,18.5,19.0,1,0,70.0,0,0,1,170.0,1,23.833
185,1,18.0,18.5,1,1,90.0,2,2,1,175.0,1,18.75
186,1,20.5,20.7,1,2,72.0,2,2,1,168.0,1,21.167
187,0,17.0,17.0,1,0,79.0,2,2,1,163.0,1,24.667
188,1,18.5,18.5,1,2,65.0,2,1,1,165.0,1,18.5
189,1,18.0,18.5,1,2,62.0,2,0,1,173.0,1,20.333
190,1,18.5,18.0,1,1,63.0,1,0,1,196.0,1,20.083
191,1,20.0,19.5,1,2,92.0,2,2,1,179.1,0,18.917
192,1,22.0,22.5,1,0,60.0,2,2,1,180.0,1,27.333
193,1,17.9,18.4,1,2,68.0,0,1,2,176.0,1,18.917
194,0,17.6,17.8,1,0,72.0,0,2,1,160.02,0,17.25
195,0,16.7,15.1,1,1,,2,1,1,157.48,0,18.167
196,0,17.0,17.6,1,0,76.0,2,2,1,165.0,1,26.5
197,0,15.0,13.0,1,2,80.0,1,0,1,170.18,0,17.0
198,1,16.0,15.5,1,1,71.0,2,0,1,154.94,0,17.167
199,0,19.1,19.0,1,2,80.0,2,2,2,170.0,1,19.167
200,0,17.5,16.5,1,2,80.0,1,2,1,164.0,1,17.5
201,0,16.2,15.8,1,2,61.0,2,2,2,167.0,1,19.25
202,1,21.0,21.0,1,0,48.0,1,0,1,174.0,1,21.333
203,0,18.8,17.8,1,2,76.0,2,2,1,,2,18.583
204,0,18.5,18.0,1,1,86.0,2,1,1,160.0,1,20.167
205,1,17.0,17.5,1,2,80.0,2,2,3,179.1,1,18.667
206,0,17.5,17.0,1,2,83.0,1,0,2,168.0,1,17.083
207,0,17.5,17.6,1,0,76.0,2,2,1,153.5,1,17.417
208,1,17.5,17.6,1,2,84.0,2,2,1,160.0,1,18.583
209,1,17.5,17.0,0,0,97.0,1,1,1,165.0,1,19.5
210,0,20.8,20.7,1,2,,1,0,1,171.5,1,18.5
211,0,18.6,18.6,1,0,74.0,2,2,1,160.0,1,17.167
212,0,17.5,17.5,0,2,83.0,1,2,1,163.0,1,17.25
213,1,18.0,18.5,1,2,78.0,2,0,1,,2,17.5
214,1,17.0,17.5,1,2,65.0,2,2,1,165.0,1,20.417
215,0,18.0,17.8,1,0,68.0,2,2,1,168.9,0,17.083
216,1,19.5,20.0,1,1,,2,2,1,170.0,1,21.25
217,0,16.3,16.2,1,0,,2,1,1,,2,19.25
218,1,18.2,19.8,1,2,88.0,2,0,1,185.0,1,19.333
219,0,17.0,17.3,1,0,,1,0,1,173.0,1,19.167
220,1,23.2,23.2,1,0,75.0,2,0,1,188.0,1,18.917
221,1,23.2,23.3,1,0,,2,1,0,171.0,1,20.917
222,0,15.9,16.5,1,2,70.0,2,0,1,167.64,0,17.333
223,0,17.5,18.4,1,2,88.0,2,2,1,162.56,0,18.167
224,0,17.5,17.6,1,0,,2,0,1,150.0,1,20.75
225,0,17.6,17.2,1,0,,2,2,1,,2,19.917
226,0,17.5,17.8,1,2,96.0,2,2,1,,2,18.667
227,0,18.8,18.3,1,2,80.0,2,2,0,170.18,0,18.417
228,1,20.0,19.8,1,0,68.0,2,0,1,185.0,1,17.417
229,0,18.6,18.8,1,0,70.0,2,0,3,167.0,1,20.333
230,1,18.6,19.6,1,0,71.0,2,0,2,185.0,1,19.333
231,0,18.8,18.5,1,2,80.0,2,2,1,169.0,1,18.167
232,1,18.0,16.0,1,2,,2,2,1,180.34,0,20.75
233,0,18.0,18.0,1,0,85.0,2,2,1,165.1,0,17.667
234,0,18.5,18.0,1,0,88.0,2,2,1,160.0,1,16.917
235,0,17.5,16.5,1,2,,2,2,1,170.0,1,18.583
236,1,21.0,21.5,1,2,90.0,2,2,1,183.0,1,17.167
237,0,17.6,17.3,1,2,85.0,2,0,1,168.5,1,17.75
