,ID,V1,V2,V3,V4,V5,V6,V7,V8,V9,class
1,1000025,5,1,1,1,2,1.0,3,1,1,0
2,1002945,5,4,4,5,7,10.0,3,2,1,0
3,1015425,3,1,1,1,2,2.0,3,1,1,0
4,1016277,6,8,8,1,3,4.0,3,7,1,0
5,1017023,4,1,1,3,2,1.0,3,1,1,0
6,1017122,8,10,10,8,7,10.0,9,7,1,1
7,1018099,1,1,1,1,2,10.0,3,1,1,0
8,1018561,2,1,2,1,2,1.0,3,1,1,0
9,1033078,2,1,1,1,2,1.0,1,1,5,0
10,1033078,4,2,1,1,2,1.0,2,1,1,0
11,1035283,1,1,1,1,1,1.0,3,1,1,0
12,1036172,2,1,1,1,2,1.0,2,1,1,0
13,1041801,5,3,3,3,2,3.0,4,4,1,1
14,1043999,1,1,1,1,2,3.0,3,1,1,0
15,1044572,8,7,5,10,7,9.0,5,5,4,1
16,1047630,7,4,6,4,6,1.0,4,3,1,1
17,1048672,4,1,1,1,2,1.0,2,1,1,0
18,1049815,4,1,1,1,2,1.0,3,1,1,0
19,1050670,10,7,7,6,4,10.0,4,1,2,1
20,1050718,6,1,1,1,2,1.0,3,1,1,0
21,1054590,7,3,2,10,5,10.0,5,4,4,1
22,1054593,10,5,5,3,6,7.0,7,10,1,1
23,1056784,3,1,1,1,2,1.0,2,1,1,0
24,1057013,8,4,5,1,2,,7,3,1,1
25,1059552,1,1,1,1,2,1.0,3,1,1,0
26,1065726,5,2,3,4,2,7.0,3,6,1,1
27,1066373,3,2,1,1,1,1.0,2,1,1,0
28,1066979,5,1,1,1,2,1.0,2,1,1,0
29,1067444,2,1,1,1,2,1.0,2,1,1,0
30,1070935,1,1,3,1,2,1.0,1,1,1,0
31,1070935,3,1,1,1,1,1.0,2,1,1,0
32,1071760,2,1,1,1,2,1.0,3,1,1,0
33,1072179,10,7,7,3,8,5.0,7,4,3,1
34,1074610,2,1,1,2,2,1.0,3,1,1,0
35,1075123,3,1,2,1,2,1.0,2,1,1,0
36,1079304,2,1,1,1,2,1.0,2,1,1,0
37,1080185,10,10,10,8,6,1.0,8,9,1,1
38,1081791,6,2,1,1,1,1.0,7,1,1,0
39,1084584,5,4,4,9,2,10.0,5,6,1,1
40,1091262,2,5,3,3,6,7.0,7,5,1,1
41,1096800,6,6,6,9,6,,7,8,1,0
42,1099510,10,4,3,1,3,3.0,6,5,2,1
43,1100524,6,10,10,2,8,10.0,7,3,3,1
44,1102573,5,6,5,6,10,1.0,3,1,1,1
45,1103608,10,10,10,4,8,1.0,8,10,1,1
46,1103722,1,1,1,1,2,1.0,2,1,2,0
47,1105257,3,7,7,4,4,9.0,4,8,1,1
48,1105524,1,1,1,1,2,1.0,2,1,1,0
49,1106095,4,1,1,3,2,1.0,3,1,1,0
50,1106829,7,8,7,2,4,8.0,3,8,2,1
51,1108370,9,5,8,1,2,3.0,2,1,5,1
52,1108449,5,3,3,4,2,4.0,3,4,1,1
53,1110102,10,3,6,2,3,5.0,4,10,2,1
54,1110503,5,5,5,8,10,8.0,7,3,7,1
55,1110524,10,5,5,6,8,8.0,7,1,1,1
56,1111249,10,6,6,3,4,5.0,3,6,1,1
57,1112209,8,10,10,1,3,6.0,3,9,1,1
58,1113038,8,2,4,1,5,1.0,5,4,4,1
59,1113483,5,2,3,1,6,10.0,5,1,1,1
60,1113906,9,5,5,2,2,2.0,5,1,1,1
61,1115282,5,3,5,5,3,3.0,4,10,1,1
62,1115293,1,1,1,1,2,2.0,2,1,1,0
63,1116116,9,10,10,1,10,8.0,3,3,1,1
64,1116132,6,3,4,1,5,2.0,3,9,1,1
65,1116192,1,1,1,1,2,1.0,2,1,1,0
66,1116998,10,4,2,1,3,2.0,4,3,10,1
67,1117152,4,1,1,1,2,1.0,3,1,1,0
68,1118039,5,3,4,1,8,10.0,4,9,1,1
69,1120559,8,3,8,3,4,9.0,8,9,8,1
70,1121732,1,1,1,1,2,1.0,3,2,1,0
71,1121919,5,1,3,1,2,1.0,2,1,1,0
72,1123061,6,10,2,8,10,2.0,7,8,10,1
73,1124651,1,3,3,2,2,1.0,7,2,1,0
74,1125035,9,4,5,10,6,10.0,4,8,1,1
75,1126417,10,6,4,1,3,4.0,3,2,3,1
76,1131294,1,1,2,1,2,2.0,4,2,1,0
77,1132347,1,1,4,1,2,1.0,2,1,1,0
78,1133041,5,3,1,2,2,1.0,2,1,1,0
79,1133136,3,1,1,1,2,3.0,3,1,1,0
80,1136142,2,1,1,1,3,1.0,2,1,1,0
81,1137156,2,2,2,1,1,1.0,7,1,1,0
82,1143978,4,1,1,2,2,1.0,2,1,1,0
83,1143978,5,2,1,1,2,1.0,3,1,1,0
84,1147044,3,1,1,1,2,2.0,7,1,1,0
85,1147699,3,5,7,8,8,9.0,7,10,7,1
86,1147748,5,10,6,1,10,4.0,4,10,10,1
87,1148278,3,3,6,4,5,8.0,4,4,1,1
88,1148873,3,6,6,6,5,10.0,6,8,3,1
89,1152331,4,1,1,1,2,1.0,3,1,1,0
90,1155546,2,1,1,2,3,1.0,2,1,1,0
91,1156272,1,1,1,1,2,1.0,3,1,1,0
92,1156948,3,1,1,2,2,1.0,1,1,1,0
93,1157734,4,1,1,1,2,1.0,3,1,1,0
94,1158247,1,1,1,1,2,1.0,2,1,1,0
95,1160476,2,1,1,1,2,1.0,3,1,1,0
96,1164066,1,1,1,1,2,1.0,3,1,1,0
97,1165297,2,1,1,2,2,1.0,1,1,1,0
98,1165790,5,1,1,1,2,1.0,3,1,1,0
99,1165926,9,6,9,2,10,6.0,2,9,10,1
100,1166630,7,5,6,10,5,10.0,7,9,4,1
101,1166654,10,3,5,1,10,5.0,3,10,2,1
102,1167439,2,3,4,4,2,5.0,2,5,1,1
103,1167471,4,1,2,1,2,1.0,3,1,1,0
104,1168359,8,2,3,1,6,3.0,7,1,1,1
105,1168736,10,10,10,10,10,1.0,8,8,8,1
106,1169049,7,3,4,4,3,3.0,3,2,7,1
107,1170419,10,10,10,8,2,10.0,4,1,1,1
108,1170420,1,6,8,10,8,10.0,5,7,1,1
109,1171710,1,1,1,1,2,1.0,2,3,1,0
110,1171710,6,5,4,4,3,9.0,7,8,3,1
111,1171795,1,3,1,2,2,2.0,5,3,2,0
112,1171845,8,6,4,3,5,9.0,3,1,1,1
113,1172152,10,3,3,10,2,10.0,7,3,3,1
114,1173216,10,10,10,3,10,8.0,8,1,1,1
115,1173235,3,3,2,1,2,3.0,3,1,1,0
116,1173347,1,1,1,1,2,5.0,1,1,1,0
117,1173347,8,3,3,1,2,2.0,3,2,1,0
118,1173509,4,5,5,10,4,10.0,7,5,8,1
119,1173514,1,1,1,1,4,3.0,1,1,1,0
120,1173681,3,2,1,1,2,2.0,3,1,1,0
121,1174057,1,1,2,2,2,1.0,3,1,1,0
122,1174057,4,2,1,1,2,2.0,3,1,1,0
123,1174131,10,10,10,2,10,10.0,5,3,3,1
124,1174428,5,3,5,1,8,10.0,5,3,1,1
125,1175937,5,4,6,7,9,7.0,8,10,1,1
126,1176406,1,1,1,1,2,1.0,2,1,1,0
127,1176881,7,5,3,7,4,10.0,7,5,5,1
128,1177027,3,1,1,1,2,1.0,3,1,1,0
129,1177399,8,3,5,4,5,10.0,1,6,2,1
130,1177512,1,1,1,1,10,1.0,1,1,1,0
131,1178580,5,1,3,1,2,1.0,2,1,1,0
132,1179818,2,1,1,1,2,1.0,3,1,1,0
133,1180194,5,10,8,10,8,10.0,3,6,3,1
134,1180523,3,1,1,1,2,1.0,2,2,1,0
135,1180831,3,1,1,1,3,1.0,2,1,1,0
136,1181356,5,1,1,1,2,2.0,3,3,1,0
137,1182404,4,1,1,1,2,1.0,2,1,1,0
138,1182410,3,1,1,1,2,1.0,1,1,1,0
139,1183240,4,1,2,1,2,1.0,2,1,1,0
140,1183246,1,1,1,1,1,,2,1,1,0
141,1183516,3,1,1,1,2,1.0,1,1,1,0
142,1183911,2,1,1,1,2,1.0,1,1,1,0
143,1183983,9,5,5,4,4,5.0,4,3,3,1
144,1184184,1,1,1,1,2,5.0,1,1,1,0
145,1184241,2,1,1,1,2,1.0,2,1,1,0
146,1184840,1,1,3,1,2,,2,1,1,0
147,1185609,3,4,5,2,6,8.0,4,1,1,1
148,1185610,1,1,1,1,3,2.0,2,1,1,0
149,1187457,3,1,1,3,8,1.0,5,8,1,0
150,1187805,8,8,7,4,10,10.0,7,8,7,1
151,1188472,1,1,1,1,1,1.0,3,1,1,0
152,1189266,7,2,4,1,6,10.0,5,4,3,1
153,1189286,10,10,8,6,4,5.0,8,10,1,1
154,1190394,4,1,1,1,2,3.0,1,1,1,0
155,1190485,1,1,1,1,2,1.0,1,1,1,0
156,1192325,5,5,5,6,3,10.0,3,1,1,1
157,1193091,1,2,2,1,2,1.0,2,1,1,0
158,1193210,2,1,1,1,2,1.0,3,1,1,0
159,1193683,1,1,2,1,3,,1,1,1,0
160,1196295,9,9,10,3,6,10.0,7,10,6,1
161,1196915,10,7,7,4,5,10.0,5,7,2,1
162,1197080,4,1,1,1,2,1.0,3,2,1,0
163,1197270,3,1,1,1,2,1.0,3,1,1,0
164,1197440,1,1,1,2,1,3.0,1,1,7,0
165,1197510,5,1,1,1,2,,3,1,1,0
166,1197979,4,1,1,1,2,2.0,3,2,1,0
167,1197993,5,6,7,8,8,10.0,3,10,3,1
168,1198128,10,8,10,10,6,1.0,3,1,10,1
169,1198641,3,1,1,1,2,1.0,3,1,1,0
170,1199219,1,1,1,2,1,1.0,1,1,1,0
171,1199731,3,1,1,1,2,1.0,1,1,1,0
172,1199983,1,1,1,1,2,1.0,3,1,1,0
173,1200772,1,1,1,1,2,1.0,2,1,1,0
174,1200847,6,10,10,10,8,10.0,10,10,7,1
175,1200892,8,6,5,4,3,10.0,6,1,1,1
176,1200952,5,8,7,7,10,10.0,5,7,1,1
177,1201834,2,1,1,1,2,1.0,3,1,1,0
178,1201936,5,10,10,3,8,1.0,5,10,3,1
179,1202125,4,1,1,1,2,1.0,3,1,1,0
180,1202812,5,3,3,3,6,10.0,3,1,1,1
181,1203096,1,1,1,1,1,1.0,3,1,1,0
182,1204242,1,1,1,1,2,1.0,1,1,1,0
183,1204898,6,1,1,1,2,1.0,3,1,1,0
184,1205138,5,8,8,8,5,10.0,7,8,1,1
185,1205579,8,7,6,4,4,10.0,5,1,1,1
186,1206089,2,1,1,1,1,1.0,3,1,1,0
187,1206695,1,5,8,6,5,8.0,7,10,1,1
188,1206841,10,5,6,10,6,10.0,7,7,10,1
189,1207986,5,8,4,10,5,8.0,9,10,1,1
190,1208301,1,2,3,1,2,1.0,3,1,1,0
191,1210963,10,10,10,8,6,8.0,7,10,1,1
192,1211202,7,5,10,10,10,10.0,4,10,3,1
193,1212232,5,1,1,1,2,1.0,2,1,1,0
194,1212251,1,1,1,1,2,1.0,3,1,1,0
195,1212422,3,1,1,1,2,1.0,3,1,1,0
196,1212422,4,1,1,1,2,1.0,3,1,1,0
197,1213375,8,4,4,5,4,7.0,7,8,2,0
198,1213383,5,1,1,4,2,1.0,3,1,1,0
199,1214092,1,1,1,1,2,1.0,1,1,1,0
200,1214556,3,1,1,1,2,1.0,2,1,1,0
201,1214966,9,7,7,5,5,10.0,7,8,3,1
202,1216694,10,8,8,4,10,10.0,8,1,1,1
203,1216947,1,1,1,1,2,1.0,3,1,1,0
204,1217051,5,1,1,1,2,1.0,3,1,1,0
205,1217264,1,1,1,1,2,1.0,3,1,1,0
206,1218105,5,10,10,9,6,10.0,7,10,5,1
207,1218741,10,10,9,3,7,5.0,3,5,1,1
208,1218860,1,1,1,1,1,1.0,3,1,1,0
209,1218860,1,1,1,1,1,1.0,3,1,1,0
210,1219406,5,1,1,1,1,1.0,3,1,1,0
211,1219525,8,10,10,10,5,10.0,8,10,6,1
212,1219859,8,10,8,8,4,8.0,7,7,1,1
213,1220330,1,1,1,1,2,1.0,3,1,1,0
214,1221863,10,10,10,10,7,10.0,7,10,4,1
215,1222047,10,10,10,10,3,10.0,10,6,1,1
216,1222936,8,7,8,7,5,5.0,5,10,2,1
217,1223282,1,1,1,1,2,1.0,2,1,1,0
218,1223426,1,1,1,1,2,1.0,3,1,1,0
219,1223793,6,10,7,7,6,4.0,8,10,2,1
220,1223967,6,1,3,1,2,1.0,3,1,1,0
221,1224329,1,1,1,2,2,1.0,3,1,1,0
222,1225799,10,6,4,3,10,10.0,9,10,1,1
223,1226012,4,1,1,3,1,5.0,2,1,1,1
224,1226612,7,5,6,3,3,8.0,7,4,1,1
225,1227210,10,5,5,6,3,10.0,7,9,2,1
226,1227244,1,1,1,1,2,1.0,2,1,1,0
227,1227481,10,5,7,4,4,10.0,8,9,1,1
228,1228152,8,9,9,5,3,5.0,7,7,1,1
229,1228311,1,1,1,1,1,1.0,3,1,1,0
230,1230175,10,10,10,3,10,10.0,9,10,1,1
231,1230688,7,4,7,4,3,7.0,7,6,1,1
232,1231387,6,8,7,5,6,8.0,8,9,2,1
233,1231706,8,4,6,3,3,1.0,4,3,1,0
234,1232225,10,4,5,5,5,10.0,4,1,1,1
235,1236043,3,3,2,1,3,1.0,3,6,1,0
236,1241232,3,1,4,1,2,,3,1,1,0
237,1241559,10,8,8,2,8,10.0,4,8,10,1
238,1241679,9,8,8,5,6,2.0,4,10,4,1
239,1242364,8,10,10,8,6,9.0,3,10,10,1
240,1243256,10,4,3,2,3,10.0,5,3,2,1
241,1270479,5,1,3,3,2,2.0,2,3,1,0
242,1276091,3,1,1,3,1,1.0,3,1,1,0
243,1277018,2,1,1,1,2,1.0,3,1,1,0
244,128059,1,1,1,1,2,5.0,5,1,1,0
245,1285531,1,1,1,1,2,1.0,3,1,1,0
246,1287775,5,1,1,2,2,2.0,3,1,1,0
247,144888,8,10,10,8,5,10.0,7,8,1,1
248,145447,8,4,4,1,2,9.0,3,3,1,1
249,167528,4,1,1,1,2,1.0,3,6,1,0
250,169356,3,1,1,1,2,,3,1,1,0
251,183913,1,2,2,1,2,1.0,1,1,1,0
252,191250,10,4,4,10,2,10.0,5,3,3,1
253,1017023,6,3,3,5,3,10.0,3,5,3,0
254,1100524,6,10,10,2,8,10.0,7,3,3,1
255,1116116,9,10,10,1,10,8.0,3,3,1,1
256,1168736,5,6,6,2,4,10.0,3,6,1,1
257,1182404,3,1,1,1,2,1.0,1,1,1,0
258,1182404,3,1,1,1,2,1.0,2,1,1,0
259,1198641,3,1,1,1,2,1.0,3,1,1,0
260,242970,5,7,7,1,5,8.0,3,4,1,0
261,255644,10,5,8,10,3,10.0,5,1,3,1
262,263538,5,10,10,6,10,10.0,10,6,5,1
263,274137,8,8,9,4,5,10.0,7,8,1,1
264,303213,10,4,4,10,6,10.0,5,5,1,1
265,314428,7,9,4,10,10,3.0,5,3,3,1
266,1182404,5,1,4,1,2,1.0,3,2,1,0
267,1198641,10,10,6,3,3,10.0,4,3,2,1
268,320675,3,3,5,2,3,10.0,7,1,1,1
269,324427,10,8,8,2,3,4.0,8,7,8,1
270,385103,1,1,1,1,2,1.0,3,1,1,0
271,390840,8,4,7,1,3,10.0,3,9,2,1
272,411453,5,1,1,1,2,1.0,3,1,1,0
273,320675,3,3,5,2,3,10.0,7,1,1,1
274,428903,7,2,4,1,3,4.0,3,3,1,1
275,431495,3,1,1,1,2,1.0,3,2,1,0
276,432809,3,1,3,1,2,,2,1,1,0
277,434518,3,1,1,1,2,1.0,2,1,1,0
278,452264,1,1,1,1,2,1.0,2,1,1,0
279,456282,1,1,1,1,2,1.0,3,1,1,0
280,476903,10,5,7,3,3,7.0,3,3,8,1
281,486283,3,1,1,1,2,1.0,3,1,1,0
282,486662,2,1,1,2,2,1.0,3,1,1,0
283,488173,1,4,3,10,4,10.0,5,6,1,1
284,492268,10,4,6,1,2,10.0,5,3,1,1
285,508234,7,4,5,10,2,10.0,3,8,2,1
286,527363,8,10,10,10,8,10.0,10,7,3,1
287,529329,10,10,10,10,10,10.0,4,10,10,1
288,535331,3,1,1,1,3,1.0,2,1,1,0
289,543558,6,1,3,1,4,5.0,5,10,1,1
290,555977,5,6,6,8,6,10.0,4,10,4,1
291,560680,1,1,1,1,2,1.0,1,1,1,0
292,561477,1,1,1,1,2,1.0,3,1,1,0
293,563649,8,8,8,1,2,,6,10,1,1
294,601265,10,4,4,6,2,10.0,2,3,1,1
295,606140,1,1,1,1,2,,2,1,1,0
296,606722,5,5,7,8,6,10.0,7,4,1,1
297,616240,5,3,4,3,4,5.0,4,7,1,0
298,61634,5,4,3,1,2,,2,3,1,0
299,625201,8,2,1,1,5,1.0,1,1,1,0
300,63375,9,1,2,6,4,10.0,7,7,2,1
301,635844,8,4,10,5,4,4.0,7,10,1,1
302,636130,1,1,1,1,2,1.0,3,1,1,0
303,640744,10,10,10,7,9,10.0,7,10,10,1
304,646904,1,1,1,1,2,1.0,3,1,1,0
305,653777,8,3,4,9,3,10.0,3,3,1,1
306,659642,10,8,4,4,4,10.0,3,10,4,1
307,666090,1,1,1,1,2,1.0,3,1,1,0
308,666942,1,1,1,1,2,1.0,3,1,1,0
309,667204,7,8,7,6,4,3.0,8,8,4,1
310,673637,3,1,1,1,2,5.0,5,1,1,0
311,684955,2,1,1,1,3,1.0,2,1,1,0
312,688033,1,1,1,1,2,1.0,1,1,1,0
313,691628,8,6,4,10,10,1.0,3,5,1,1
314,693702,1,1,1,1,2,1.0,1,1,1,0
315,704097,1,1,1,1,1,1.0,2,1,1,0
316,704168,4,6,5,6,7,,4,9,1,0
317,706426,5,5,5,2,5,10.0,4,3,1,1
318,709287,6,8,7,8,6,8.0,8,9,1,1
319,718641,1,1,1,1,5,1.0,3,1,1,0
320,721482,4,4,4,4,6,5.0,7,3,1,0
321,730881,7,6,3,2,5,10.0,7,4,6,1
322,733639,3,1,1,1,2,,3,1,1,0
323,733639,3,1,1,1,2,1.0,3,1,1,0
324,733823,5,4,6,10,2,10.0,4,1,1,1
325,740492,1,1,1,1,2,1.0,3,1,1,0
326,743348,3,2,2,1,2,1.0,2,3,1,0
327,752904,10,1,1,1,2,10.0,5,4,1,1
328,756136,1,1,1,1,2,1.0,2,1,1,0
329,760001,8,10,3,2,6,4.0,3,10,1,1
330,760239,10,4,6,4,5,10.0,7,1,1,1
331,76389,10,4,7,2,2,8.0,6,1,1,1
332,764974,5,1,1,1,2,1.0,3,1,2,0
333,770066,5,2,2,2,2,1.0,2,2,1,0
334,785208,5,4,6,6,4,10.0,4,3,1,1
335,785615,8,6,7,3,3,10.0,3,4,2,1
336,792744,1,1,1,1,2,1.0,1,1,1,0
337,797327,6,5,5,8,4,10.0,3,4,1,1
338,798429,1,1,1,1,2,1.0,3,1,1,0
339,704097,1,1,1,1,1,1.0,2,1,1,0
340,806423,8,5,5,5,2,10.0,4,3,1,1
341,809912,10,3,3,1,2,10.0,7,6,1,1
342,810104,1,1,1,1,2,1.0,3,1,1,0
343,814265,2,1,1,1,2,1.0,1,1,1,0
344,814911,1,1,1,1,2,1.0,1,1,1,0
345,822829,7,6,4,8,10,10.0,9,5,3,1
346,826923,1,1,1,1,2,1.0,1,1,1,0
347,830690,5,2,2,2,3,1.0,1,3,1,0
348,831268,1,1,1,1,1,1.0,1,3,1,0
349,832226,3,4,4,10,5,1.0,3,3,1,1
350,832567,4,2,3,5,3,8.0,7,6,1,1
351,836433,5,1,1,3,2,1.0,1,1,1,0
352,837082,2,1,1,1,2,1.0,3,1,1,0
353,846832,3,4,5,3,7,3.0,4,6,1,0
354,850831,2,7,10,10,7,10.0,4,9,4,1
355,855524,1,1,1,1,2,1.0,2,1,1,0
356,857774,4,1,1,1,3,1.0,2,2,1,0
357,859164,5,3,3,1,3,3.0,3,3,3,1
358,859350,8,10,10,7,10,10.0,7,3,8,1
359,866325,8,10,5,3,8,4.0,4,10,3,1
360,873549,10,3,5,4,3,7.0,3,5,3,1
361,877291,6,10,10,10,10,10.0,8,10,10,1
362,877943,3,10,3,10,6,10.0,5,1,4,1
363,888169,3,2,2,1,4,3.0,2,1,1,0
364,888523,4,4,4,2,2,3.0,2,1,1,0
365,896404,2,1,1,1,2,1.0,3,1,1,0
366,897172,2,1,1,1,2,1.0,2,1,1,0
367,95719,6,10,10,10,8,10.0,7,10,7,1
368,160296,5,8,8,10,5,10.0,8,10,3,1
369,342245,1,1,3,1,2,1.0,1,1,1,0
370,428598,1,1,3,1,1,1.0,2,1,1,0
371,492561,4,3,2,1,3,1.0,2,1,1,0
372,493452,1,1,3,1,2,1.0,1,1,1,0
373,493452,4,1,2,1,2,1.0,2,1,1,0
374,521441,5,1,1,2,2,1.0,2,1,1,0
375,560680,3,1,2,1,2,1.0,2,1,1,0
376,636437,1,1,1,1,2,1.0,1,1,1,0
377,640712,1,1,1,1,2,1.0,2,1,1,0
378,654244,1,1,1,1,1,1.0,2,1,1,0
379,657753,3,1,1,4,3,1.0,2,2,1,0
380,685977,5,3,4,1,4,1.0,3,1,1,0
381,805448,1,1,1,1,2,1.0,1,1,1,0
382,846423,10,6,3,6,4,10.0,7,8,4,1
383,1002504,3,2,2,2,2,1.0,3,2,1,0
384,1022257,2,1,1,1,2,1.0,1,1,1,0
385,1026122,2,1,1,1,2,1.0,1,1,1,0
386,1071084,3,3,2,2,3,1.0,1,2,3,0
387,1080233,7,6,6,3,2,10.0,7,1,1,1
388,1114570,5,3,3,2,3,1.0,3,1,1,0
389,1114570,2,1,1,1,2,1.0,2,2,1,0
390,1116715,5,1,1,1,3,2.0,2,2,1,0
391,1131411,1,1,1,2,2,1.0,2,1,1,0
392,1151734,10,8,7,4,3,10.0,7,9,1,1
393,1156017,3,1,1,1,2,1.0,2,1,1,0
394,1158247,1,1,1,1,1,1.0,1,1,1,0
395,1158405,1,2,3,1,2,1.0,2,1,1,0
396,1168278,3,1,1,1,2,1.0,2,1,1,0
397,1176187,3,1,1,1,2,1.0,3,1,1,0
398,1196263,4,1,1,1,2,1.0,1,1,1,0
399,1196475,3,2,1,1,2,1.0,2,2,1,0
400,1206314,1,2,3,1,2,1.0,1,1,1,0
401,1211265,3,10,8,7,6,9.0,9,3,8,1
402,1213784,3,1,1,1,2,1.0,1,1,1,0
403,1223003,5,3,3,1,2,1.0,2,1,1,0
404,1223306,3,1,1,1,2,4.0,1,1,1,0
405,1223543,1,2,1,3,2,1.0,1,2,1,0
406,1229929,1,1,1,1,2,1.0,2,1,1,0
407,1231853,4,2,2,1,2,1.0,2,1,1,0
408,1234554,1,1,1,1,2,1.0,2,1,1,0
409,1236837,2,3,2,2,2,2.0,3,1,1,0
410,1237674,3,1,2,1,2,1.0,2,1,1,0
411,1238021,1,1,1,1,2,1.0,2,1,1,0
412,1238464,1,1,1,1,1,,2,1,1,0
413,1238633,10,10,10,6,8,4.0,8,5,1,1
414,1238915,5,1,2,1,2,1.0,3,1,1,0
415,1238948,8,5,6,2,3,10.0,6,6,1,1
416,1239232,3,3,2,6,3,3.0,3,5,1,0
417,1239347,8,7,8,5,10,10.0,7,2,1,1
418,1239967,1,1,1,1,2,1.0,2,1,1,0
419,1240337,5,2,2,2,2,2.0,3,2,2,0
420,1253505,2,3,1,1,5,1.0,1,1,1,0
421,1255384,3,2,2,3,2,3.0,3,1,1,0
422,1257200,10,10,10,7,10,10.0,8,2,1,1
423,1257648,4,3,3,1,2,1.0,3,3,1,0
424,1257815,5,1,3,1,2,1.0,2,1,1,0
425,1257938,3,1,1,1,2,1.0,1,1,1,0
426,1258549,9,10,10,10,10,10.0,10,10,1,1
427,1258556,5,3,6,1,2,1.0,1,1,1,0
428,1266154,8,7,8,2,4,2.0,5,10,1,1
429,1272039,1,1,1,1,2,1.0,2,1,1,0
430,1276091,2,1,1,1,2,1.0,2,1,1,0
431,1276091,1,3,1,1,2,1.0,2,2,1,0
432,1276091,5,1,1,3,4,1.0,3,2,1,0
433,1277629,5,1,1,1,2,1.0,2,2,1,0
434,1293439,3,2,2,3,2,1.0,1,1,1,0
435,1293439,6,9,7,5,5,8.0,4,2,1,0
436,1294562,10,8,10,1,3,10.0,5,1,1,1
437,1295186,10,10,10,1,6,1.0,2,8,1,1
438,527337,4,1,1,1,2,1.0,1,1,1,0
439,558538,4,1,3,3,2,1.0,1,1,1,0
440,566509,5,1,1,1,2,1.0,1,1,1,0
441,608157,10,4,3,10,4,10.0,10,1,1,1
442,677910,5,2,2,4,2,4.0,1,1,1,0
443,734111,1,1,1,3,2,3.0,1,1,1,0
444,734111,1,1,1,1,2,2.0,1,1,1,0
445,780555,5,1,1,6,3,1.0,2,1,1,0
446,827627,2,1,1,1,2,1.0,1,1,1,0
447,1049837,1,1,1,1,2,1.0,1,1,1,0
448,1058849,5,1,1,1,2,1.0,1,1,1,0
449,1182404,1,1,1,1,1,1.0,1,1,1,0
450,1193544,5,7,9,8,6,10.0,8,10,1,1
451,1201870,4,1,1,3,1,1.0,2,1,1,0
452,1202253,5,1,1,1,2,1.0,1,1,1,0
453,1227081,3,1,1,3,2,1.0,1,1,1,0
454,1230994,4,5,5,8,6,10.0,10,7,1,1
455,1238410,2,3,1,1,3,1.0,1,1,1,0
456,1246562,10,2,2,1,2,6.0,1,1,2,1
457,1257470,10,6,5,8,5,10.0,8,6,1,1
458,1259008,8,8,9,6,6,3.0,10,10,1,1
459,1266124,5,1,2,1,2,1.0,1,1,1,0
460,1267898,5,1,3,1,2,1.0,1,1,1,0
461,1268313,5,1,1,3,2,1.0,1,1,1,0
462,1268804,3,1,1,1,2,5.0,1,1,1,0
463,1276091,6,1,1,3,2,1.0,1,1,1,0
464,1280258,4,1,1,1,2,1.0,1,2,1,0
465,1293966,4,1,1,1,2,1.0,1,1,1,0
466,1296572,10,9,8,7,6,4.0,7,10,3,1
467,1298416,10,6,6,2,4,10.0,9,7,1,1
468,1299596,6,6,6,5,4,10.0,7,6,2,1
469,1105524,4,1,1,1,2,1.0,1,1,1,0
470,1181685,1,1,2,1,2,1.0,2,1,1,0
471,1211594,3,1,1,1,1,1.0,2,1,1,0
472,1238777,6,1,1,3,2,1.0,1,1,1,0
473,1257608,6,1,1,1,1,1.0,1,1,1,0
474,1269574,4,1,1,1,2,1.0,1,1,1,0
475,1277145,5,1,1,1,2,1.0,1,1,1,0
476,1287282,3,1,1,1,2,1.0,1,1,1,0
477,1296025,4,1,2,1,2,1.0,1,1,1,0
478,1296263,4,1,1,1,2,1.0,1,1,1,0
479,1296593,5,2,1,1,2,1.0,1,1,1,0
480,1299161,4,8,7,10,4,10.0,7,5,1,1
481,1301945,5,1,1,1,1,1.0,1,1,1,0
482,1302428,5,3,2,4,2,1.0,1,1,1,0
483,1318169,9,10,10,10,10,5.0,10,10,10,1
484,474162,8,7,8,5,5,10.0,9,10,1,1
485,787451,5,1,2,1,2,1.0,1,1,1,0
486,1002025,1,1,1,3,1,3.0,1,1,1,0
487,1070522,3,1,1,1,1,1.0,2,1,1,0
488,1073960,10,10,10,10,6,10.0,8,1,5,1
489,1076352,3,6,4,10,3,3.0,3,4,1,1
490,1084139,6,3,2,1,3,4.0,4,1,1,1
491,1115293,1,1,1,1,2,1.0,1,1,1,0
492,1119189,5,8,9,4,3,10.0,7,1,1,1
493,1133991,4,1,1,1,1,1.0,2,1,1,0
494,1142706,5,10,10,10,6,10.0,6,5,2,1
495,1155967,5,1,2,10,4,5.0,2,1,1,0
496,1170945,3,1,1,1,1,1.0,2,1,1,0
497,1181567,1,1,1,1,1,1.0,1,1,1,0
498,1182404,4,2,1,1,2,1.0,1,1,1,0
499,1204558,4,1,1,1,2,1.0,2,1,1,0
500,1217952,4,1,1,1,2,1.0,2,1,1,0
501,1224565,6,1,1,1,2,1.0,3,1,1,0
502,1238186,4,1,1,1,2,1.0,2,1,1,0
503,1253917,4,1,1,2,2,1.0,2,1,1,0
504,1265899,4,1,1,1,2,1.0,3,1,1,0
505,1268766,1,1,1,1,2,1.0,1,1,1,0
506,1277268,3,3,1,1,2,1.0,1,1,1,0
507,1286943,8,10,10,10,7,5.0,4,8,7,1
508,1295508,1,1,1,1,2,4.0,1,1,1,0
509,1297327,5,1,1,1,2,1.0,1,1,1,0
510,1297522,2,1,1,1,2,1.0,1,1,1,0
511,1298360,1,1,1,1,2,1.0,1,1,1,0
512,1299924,5,1,1,1,2,1.0,2,1,1,0
513,1299994,5,1,1,1,2,1.0,1,1,1,0
514,1304595,3,1,1,1,1,1.0,2,1,1,0
515,1306282,6,6,7,10,3,10.0,8,10,2,1
516,1313325,4,10,4,7,3,10.0,9,10,1,1
517,1320077,1,1,1,1,1,1.0,1,1,1,0
518,1320077,1,1,1,1,1,1.0,2,1,1,0
519,1320304,3,1,2,2,2,1.0,1,1,1,0
520,1330439,4,7,8,3,4,10.0,9,1,1,1
521,333093,1,1,1,1,3,1.0,1,1,1,0
522,369565,4,1,1,1,3,1.0,1,1,1,0
523,412300,10,4,5,4,3,5.0,7,3,1,1
524,672113,7,5,6,10,4,10.0,5,3,1,1
525,749653,3,1,1,1,2,1.0,2,1,1,0
526,769612,3,1,1,2,2,1.0,1,1,1,0
527,769612,4,1,1,1,2,1.0,1,1,1,0
528,798429,4,1,1,1,2,1.0,3,1,1,0
529,807657,6,1,3,2,2,1.0,1,1,1,0
530,8233704,4,1,1,1,1,1.0,2,1,1,0
531,837480,7,4,4,3,4,10.0,6,9,1,1
532,867392,4,2,2,1,2,1.0,2,1,1,0
533,869828,1,1,1,1,1,1.0,3,1,1,0
534,1043068,3,1,1,1,2,1.0,2,1,1,0
535,1056171,2,1,1,1,2,1.0,2,1,1,0
536,1061990,1,1,3,2,2,1.0,3,1,1,0
537,1113061,5,1,1,1,2,1.0,3,1,1,0
538,1116192,5,1,2,1,2,1.0,3,1,1,0
539,1135090,4,1,1,1,2,1.0,2,1,1,0
540,1145420,6,1,1,1,2,1.0,2,1,1,0
541,1158157,5,1,1,1,2,2.0,2,1,1,0
542,1171578,3,1,1,1,2,1.0,1,1,1,0
543,1174841,5,3,1,1,2,1.0,1,1,1,0
544,1184586,4,1,1,1,2,1.0,2,1,1,0
545,1186936,2,1,3,2,2,1.0,2,1,1,0
546,1197527,5,1,1,1,2,1.0,2,1,1,0
547,1222464,6,10,10,10,4,10.0,7,10,1,1
548,1240603,2,1,1,1,1,1.0,1,1,1,0
549,1240603,3,1,1,1,1,1.0,1,1,1,0
550,1241035,7,8,3,7,4,5.0,7,8,2,1
551,1287971,3,1,1,1,2,1.0,2,1,1,0
552,1289391,1,1,1,1,2,1.0,3,1,1,0
553,1299924,3,2,2,2,2,1.0,4,2,1,0
554,1306339,4,4,2,1,2,5.0,2,1,2,0
555,1313658,3,1,1,1,2,1.0,1,1,1,0
556,1313982,4,3,1,1,2,1.0,4,8,1,0
557,1321264,5,2,2,2,1,1.0,2,1,1,0
558,1321321,5,1,1,3,2,1.0,1,1,1,0
559,1321348,2,1,1,1,2,1.0,2,1,1,0
560,1321931,5,1,1,1,2,1.0,2,1,1,0
561,1321942,5,1,1,1,2,1.0,3,1,1,0
562,1321942,5,1,1,1,2,1.0,3,1,1,0
563,1328331,1,1,1,1,2,1.0,3,1,1,0
564,1328755,3,1,1,1,2,1.0,2,1,1,0
565,1331405,4,1,1,1,2,1.0,3,2,1,0
566,1331412,5,7,10,10,5,10.0,10,10,1,1
567,1333104,3,1,2,1,2,1.0,3,1,1,0
568,1334071,4,1,1,1,2,3.0,2,1,1,0
569,1343068,8,4,4,1,6,10.0,2,5,2,1
570,1343374,10,10,8,10,6,5.0,10,3,1,1
571,1344121,8,10,4,4,8,10.0,8,2,1,1
572,142932,7,6,10,5,3,10.0,9,10,2,1
573,183936,3,1,1,1,2,1.0,2,1,1,0
574,324382,1,1,1,1,2,1.0,2,1,1,0
575,378275,10,9,7,3,4,2.0,7,7,1,1
576,385103,5,1,2,1,2,1.0,3,1,1,0
577,690557,5,1,1,1,2,1.0,2,1,1,0
578,695091,1,1,1,1,2,1.0,2,1,1,0
579,695219,1,1,1,1,2,1.0,2,1,1,0
580,824249,1,1,1,1,2,1.0,3,1,1,0
581,871549,5,1,2,1,2,1.0,2,1,1,0
582,878358,5,7,10,6,5,10.0,7,5,1,1
583,1107684,6,10,5,5,4,10.0,6,10,1,1
584,1115762,3,1,1,1,2,1.0,1,1,1,0
585,1217717,5,1,1,6,3,1.0,1,1,1,0
586,1239420,1,1,1,1,2,1.0,1,1,1,0
587,1254538,8,10,10,10,6,10.0,10,10,1,1
588,1261751,5,1,1,1,2,1.0,2,2,1,0
589,1268275,9,8,8,9,6,3.0,4,1,1,1
590,1272166,5,1,1,1,2,1.0,1,1,1,0
591,1294261,4,10,8,5,4,1.0,10,1,1,1
592,1295529,2,5,7,6,4,10.0,7,6,1,1
593,1298484,10,3,4,5,3,10.0,4,1,1,1
594,1311875,5,1,2,1,2,1.0,1,1,1,0
595,1315506,4,8,6,3,4,10.0,7,1,1,1
596,1320141,5,1,1,1,2,1.0,2,1,1,0
597,1325309,4,1,2,1,2,1.0,2,1,1,0
598,1333063,5,1,3,1,2,1.0,3,1,1,0
599,1333495,3,1,1,1,2,1.0,2,1,1,0
600,1334659,5,2,4,1,1,1.0,1,1,1,0
601,1336798,3,1,1,1,2,1.0,2,1,1,0
602,1344449,1,1,1,1,1,1.0,2,1,1,0
603,1350568,4,1,1,1,2,1.0,2,1,1,0
604,1352663,5,4,6,8,4,1.0,8,10,1,1
605,188336,5,3,2,8,5,10.0,8,1,2,1
606,352431,10,5,10,3,5,8.0,7,8,3,1
607,353098,4,1,1,2,2,1.0,1,1,1,0
608,411453,1,1,1,1,2,1.0,1,1,1,0
609,557583,5,10,10,10,10,10.0,10,1,1,1
610,636375,5,1,1,1,2,1.0,1,1,1,0
611,736150,10,4,3,10,3,10.0,7,1,2,1
612,803531,5,10,10,10,5,2.0,8,5,1,1
613,822829,8,10,10,10,6,10.0,10,10,10,1
614,1016634,2,3,1,1,2,1.0,2,1,1,0
615,1031608,2,1,1,1,1,1.0,2,1,1,0
616,1041043,4,1,3,1,2,1.0,2,1,1,0
617,1042252,3,1,1,1,2,1.0,2,1,1,0
618,1057067,1,1,1,1,1,,1,1,1,0
619,1061990,4,1,1,1,2,1.0,2,1,1,0
620,1073836,5,1,1,1,2,1.0,2,1,1,0
621,1083817,3,1,1,1,2,1.0,2,1,1,0
622,1096352,6,3,3,3,3,2.0,6,1,1,0
623,1140597,7,1,2,3,2,1.0,2,1,1,0
624,1149548,1,1,1,1,2,1.0,1,1,1,0
625,1174009,5,1,1,2,1,1.0,2,1,1,0
626,1183596,3,1,3,1,3,4.0,1,1,1,0
627,1190386,4,6,6,5,7,6.0,7,7,3,1
628,1190546,2,1,1,1,2,5.0,1,1,1,0
629,1213273,2,1,1,1,2,1.0,1,1,1,0
630,1218982,4,1,1,1,2,1.0,1,1,1,0
631,1225382,6,2,3,1,2,1.0,1,1,1,0
632,1235807,5,1,1,1,2,1.0,2,1,1,0
633,1238777,1,1,1,1,2,1.0,1,1,1,0
634,1253955,8,7,4,4,5,3.0,5,10,1,1
635,1257366,3,1,1,1,2,1.0,1,1,1,0
636,1260659,3,1,4,1,2,1.0,1,1,1,0
637,1268952,10,10,7,8,7,1.0,10,10,3,1
638,1275807,4,2,4,3,2,2.0,2,1,1,0
639,1277792,4,1,1,1,2,1.0,1,1,1,0
640,1277792,5,1,1,3,2,1.0,1,1,1,0
641,1285722,4,1,1,3,2,1.0,1,1,1,0
642,1288608,3,1,1,1,2,1.0,2,1,1,0
643,1290203,3,1,1,1,2,1.0,2,1,1,0
644,1294413,1,1,1,1,2,1.0,1,1,1,0
645,1299596,2,1,1,1,2,1.0,1,1,1,0
646,1303489,3,1,1,1,2,1.0,2,1,1,0
647,1311033,1,2,2,1,2,1.0,1,1,1,0
648,1311108,1,1,1,3,2,1.0,1,1,1,0
649,1315807,5,10,10,10,10,2.0,10,10,10,1
650,1318671,3,1,1,1,2,1.0,2,1,1,0
651,1319609,3,1,1,2,3,4.0,1,1,1,0
652,1323477,1,2,1,3,2,1.0,2,1,1,0
653,1324572,5,1,1,1,2,1.0,2,2,1,0
654,1324681,4,1,1,1,2,1.0,2,1,1,0
655,1325159,3,1,1,1,2,1.0,3,1,1,0
656,1326892,3,1,1,1,2,1.0,2,1,1,0
657,1330361,5,1,1,1,2,1.0,2,1,1,0
658,1333877,5,4,5,1,8,1.0,3,6,1,0
659,1334015,7,8,8,7,3,10.0,7,2,3,1
660,1334667,1,1,1,1,2,1.0,1,1,1,0
661,1339781,1,1,1,1,2,1.0,2,1,1,0
662,1339781,4,1,1,1,2,1.0,3,1,1,0
663,13454352,1,1,3,1,2,1.0,2,1,1,0
664,1345452,1,1,3,1,2,1.0,2,1,1,0
665,1345593,3,1,1,3,2,1.0,2,1,1,0
666,1347749,1,1,1,1,2,1.0,1,1,1,0
667,1347943,5,2,2,2,2,1.0,1,1,2,0
668,1348851,3,1,1,1,2,1.0,3,1,1,0
669,1350319,5,7,4,1,6,1.0,7,10,3,1
670,1350423,5,10,10,8,5,5.0,7,10,1,1
671,1352848,3,10,7,8,5,8.0,7,4,1,1
672,1353092,3,2,1,2,2,1.0,3,1,1,0
673,1354840,2,1,1,1,2,1.0,3,1,1,0
674,1354840,5,3,2,1,3,1.0,1,1,1,0
675,1355260,1,1,1,1,2,1.0,2,1,1,0
676,1365075,4,1,4,1,2,1.0,1,1,1,0
677,1365328,1,1,2,1,2,1.0,2,1,1,0
678,1368267,5,1,1,1,2,1.0,1,1,1,0
679,1368273,1,1,1,1,2,1.0,1,1,1,0
680,1368882,2,1,1,1,2,1.0,1,1,1,0
681,1369821,10,10,10,10,5,10.0,10,10,7,1
682,1371026,5,10,10,10,4,10.0,5,6,3,1
683,1371920,5,1,1,1,2,1.0,3,2,1,0
684,466906,1,1,1,1,2,1.0,1,1,1,0
685,466906,1,1,1,1,2,1.0,1,1,1,0
686,534555,1,1,1,1,2,1.0,1,1,1,0
687,536708,1,1,1,1,2,1.0,1,1,1,0
688,566346,3,1,1,1,2,1.0,2,3,1,0
689,603148,4,1,1,1,2,1.0,1,1,1,0
690,654546,1,1,1,1,2,1.0,1,1,8,0
691,654546,1,1,1,3,2,1.0,1,1,1,0
692,695091,5,10,10,5,4,5.0,4,4,1,1
693,714039,3,1,1,1,2,1.0,1,1,1,0
694,763235,3,1,1,1,2,1.0,2,1,2,0
695,776715,3,1,1,1,3,2.0,1,1,1,0
696,841769,2,1,1,1,2,1.0,1,1,1,0
697,888820,5,10,10,3,7,3.0,8,10,2,1
698,897471,4,8,6,4,3,4.0,10,6,1,1
699,897471,4,8,8,5,4,5.0,10,4,1,1
