,state,year,mrall,beertax,mlda,jaild,comserd,vmiles,unrate,perinc
1,1,1982,2.12836006539874,1.53937947750092,19.0,0,0,7.23388720703125,14.3999996185303,10544.15234375
2,1,1983,2.34848004765809,1.78899073600769,19.0,0,0,7.83634765625,13.6999998092651,10732.7978515625
3,1,1984,2.33643004321493,1.71428561210632,19.0,0,0,8.262990234375,11.1000003814697,11108.791015625
4,1,1985,2.19348003156483,1.65254235267639,19.6700000762939,0,0,8.7269169921875,8.89999961853027,11332.626953125
5,1,1986,2.66913993982598,1.60990703105927,21.0,0,0,8.952853515625,9.80000019073486,11661.5068359375
6,1,1987,2.71858996711671,1.55999994277954,21.0,0,0,9.1663017578125,7.80000019073486,11944.0
7,1,1988,2.49391014222056,1.50144362449646,21.0,0,0,9.6743232421875,7.19999980926514,12368.6240234375
8,4,1982,2.49914010055363,0.214797139167786,19.0,1,1,6.81015673828125,9.89999961853027,12309.0693359375
9,4,1983,2.26738004130311,0.206422030925751,19.0,1,1,6.58749462890625,9.10000038146973,12693.8076171875
10,4,1984,2.82877997960895,0.296703308820724,19.0,1,1,6.70997021484375,5.0,13265.93359375
11,4,1985,2.80200998531654,0.381355941295624,21.0,1,1,6.7712626953125,6.5,13726.6953125
12,4,1986,3.07106005493551,0.371517032384872,21.0,1,1,8.1290078125,6.90000009536743,14107.3271484375
13,4,1987,2.76728009339422,0.360000014305115,21.0,1,1,9.370654296875,6.19999980926514,14241.0
14,4,1988,2.70565011305735,0.346487015485764,21.0,1,1,9.815720703125,6.30000019073486,14408.0849609375
15,5,1982,2.38405002164654,0.650358021259308,21.0,0,0,7.20850048828125,9.80000019073486,10267.302734375
16,5,1983,2.39569999394007,0.67545872926712,21.0,0,0,7.1759169921875,10.1000003814697,10433.486328125
17,5,1984,2.23784998524934,0.598901093006134,21.0,0,0,7.08481982421875,8.89999961853027,10916.4833984375
18,5,1985,2.26367003051564,0.577330529689789,21.0,0,0,7.25391796875,8.69999980926514,11149.3642578125
19,5,1986,2.54323007538915,0.562435507774353,21.0,0,0,7.4689990234375,8.69999980926514,11399.380859375
20,5,1987,2.67588009592146,0.545000016689301,21.0,0,0,7.66583056640625,8.10000038146973,11537.0
21,5,1988,2.54696991760284,0.52454286813736,21.0,0,0,8.02462548828125,7.69999980926514,11760.3466796875
22,6,1982,1.86193996341899,0.107398569583893,21.0,0,0,6.8586767578125,9.89999961853027,15797.1357421875
23,6,1983,1.80671995622106,0.103211015462875,21.0,0,0,7.21629150390625,9.69999980926514,15970.18359375
24,6,1984,1.94610998732969,0.0989011004567146,21.0,0,0,7.61917578125,7.80000019073486,16590.109375
25,6,1985,1.8812800408341,0.0953389853239059,21.0,0,0,7.87406689453125,7.19999980926514,16985.169921875
26,6,1986,1.94548003491946,0.0928792580962181,21.0,0,0,8.03491015625,6.69999980926514,17356.037109375
27,6,1987,1.98965994059108,0.0900000035762787,21.0,0,0,8.18063330078125,5.80000019073486,17846.0
28,6,1988,1.90364997251891,0.0866217538714409,21.0,0,0,8.531990234375,5.30000019073486,18049.0859375
29,8,1982,2.17448003240861,0.214797139167786,21.0,0,1,7.742841796875,7.69999980926514,15082.3388671875
30,8,1983,2.05143995117396,0.206422030925751,21.0,0,1,7.65606298828125,6.59999990463257,15131.880859375
31,8,1984,1.90595994354226,0.197802200913429,21.0,0,1,7.7078525390625,5.59999990463257,15486.8134765625
32,8,1985,1.79201000719331,0.190677970647812,21.0,0,1,8.09220947265625,5.90000009536743,15569.9150390625
33,8,1986,1.846300001489,0.185758516192436,21.0,0,1,8.13137451171875,7.40000009536743,15616.0986328125
34,8,1987,1.79308000952005,0.180000007152557,21.0,0,1,8.18202783203125,7.69999980926514,15605.0
35,8,1988,1.50559993926436,0.173243507742882,21.0,0,1,8.3807685546875,6.40000009536743,15845.04296875
36,9,1982,1.6469499678351,0.224343672394753,18.5,0,0,6.4400537109375,6.90000009536743,17255.369140625
37,9,1983,1.39490002766252,0.233563080430031,19.25,0,0,6.57004296875,6.0,17744.265625
38,9,1984,1.48652994539589,0.248010993003845,20.0,0,0,6.68019287109375,4.59999990463257,18760.439453125
39,9,1985,1.41147000249475,0.239078402519226,20.3299999237061,1,1,6.97921484375,4.90000009536743,19312.5
40,9,1986,1.40932999784127,0.232910230755806,21.0,1,1,7.66174462890625,3.79999995231628,20152.734375
41,9,1987,1.39832001877949,0.225690007209778,21.0,1,1,8.3385341796875,3.29999995231628,21192.0
42,9,1988,1.49706000229344,0.217218488454819,21.0,1,1,8.0612353515625,3.0,22193.455078125
43,10,1982,2.03332994715311,0.173031017184258,20.0,0,0,7.65165380859375,8.5,14263.7236328125
44,10,1983,1.81518000317737,0.166284397244453,20.0,0,0,8.06269970703125,8.10000038146973,14500.0
45,10,1984,2.11726000998169,0.159340649843216,21.0,0,0,8.3680625,6.19999980926514,14925.2744140625
46,10,1985,1.67203004821204,0.153601691126823,21.0,0,0,8.6254248046875,5.30000019073486,15408.8984375
47,10,1986,2.14850006159395,0.149638801813126,21.0,0,0,9.0458173828125,4.30000019073486,15822.4970703125
48,10,1987,2.2670799808111,0.144999995827675,21.0,0,0,9.4503076171875,3.20000004768372,16407.0
49,10,1988,2.4242399376817,0.139557257294655,21.0,0,0,9.7030205078125,3.20000004768372,16998.07421875
50,12,1982,2.53197009442374,1.07398569583893,19.0,0,1,7.5871298828125,8.19999980926514,13502.38671875
51,12,1983,2.49767996137962,1.17041277885437,19.0,0,1,7.60425439453125,8.60000038146973,13924.3115234375
52,12,1984,2.54660990322009,1.1868132352829,19.0,0,1,7.7353046875,6.30000019073486,14307.6923828125
53,12,1985,2.49164004344493,1.14406788349152,20.0,0,1,7.74731103515625,6.0,14760.5927734375
54,12,1986,2.42003996390849,1.11455118656158,21.0,0,1,7.768755859375,5.69999980926514,15102.1669921875
55,12,1987,2.36131003475748,1.08000004291534,21.0,0,1,7.78833056640625,5.30000019073486,15584.0
56,12,1988,2.4953400134109,1.03946101665497,21.0,0,1,8.53823046875,5.0,15979.7880859375
57,13,1982,2.17484004679136,2.72076368331909,19.0,0,0,8.6234443359375,7.80000019073486,11774.462890625
58,13,1983,2.26060001295991,2.61467885971069,19.0,0,0,8.51858984375,7.5,12237.3857421875
59,13,1984,2.4135599960573,2.5054943561554,19.0,0,0,8.6419140625,6.0,12957.142578125
60,13,1985,2.27744007133879,2.41525411605835,19.25,0,0,8.988107421875,6.5,13364.4072265625
61,13,1986,2.50820012297481,2.35294103622437,20.25,0,0,9.344767578125,5.90000009536743,13891.640625
62,13,1987,2.56991013884544,2.27999997138977,21.0,0,0,9.69028125,5.5,14306.0
63,13,1988,2.60642991634086,2.19441771507263,21.0,0,0,9.8173955078125,5.80000019073486,14687.19921875
64,16,1982,2.6175900711678,0.402744650840759,19.0,0,0,8.033751953125,9.80000019073486,11078.7587890625
65,16,1983,2.66193994320929,0.387041300535202,19.0,0,0,8.3876416015625,9.80000019073486,11346.330078125
66,16,1984,2.42241992964409,0.370879113674164,19.0,0,0,7.77576806640625,7.19999980926514,11386.8134765625
67,16,1985,2.53731006523594,0.357521206140518,19.0,0,0,7.6716318359375,7.90000009536743,11459.74609375
68,16,1986,2.57484993198887,0.348297208547592,19.0,0,0,7.89920068359375,8.69999980926514,11541.7958984375
69,16,1987,2.6252499083057,0.337500005960464,20.5,0,0,8.1352685546875,8.0,11859.0
70,16,1988,2.56230996455997,0.324831575155258,21.0,0,0,8.10268212890625,5.80000019073486,12189.60546875
71,17,1982,1.43840006785467,0.188544154167175,21.0,0,0,5.69653466796875,11.3000001907349,14743.4365234375
72,17,1983,1.32800007122569,0.181192666292191,21.0,0,0,5.8628681640625,11.3999996185303,14745.4130859375
73,17,1984,1.34265006636269,0.173626378178596,21.0,0,0,6.0675283203125,9.10000038146973,15390.1103515625
74,17,1985,1.32986999233253,0.16737288236618,21.0,0,0,6.14167626953125,9.0,15602.75390625
75,17,1986,1.38169998535886,0.163054704666138,21.0,0,0,6.34577734375,8.10000038146973,15988.6484375
76,17,1987,1.43326004035771,0.158000007271767,21.0,0,0,6.54084619140625,7.40000009536743,16417.0
77,17,1988,1.58170994836837,0.152069300413132,21.0,0,0,6.75761279296875,6.80000019073486,16915.302734375
78,18,1982,1.7526900046505,0.30913245677948,21.0,0,0,7.14991748046875,11.8999996185303,12282.81640625
79,18,1983,1.85604993021116,0.297079116106033,21.0,0,0,7.27750634765625,11.1000003814697,12364.6787109375
80,18,1984,1.68426995514892,0.284673631191254,21.0,0,0,7.47888720703125,8.60000038146973,13008.791015625
81,18,1985,1.77123001776636,0.274420529603958,21.0,0,0,7.4162529296875,7.90000009536743,13161.0166015625
82,18,1986,1.88624006113969,0.267340540885925,21.0,0,0,7.714322265625,6.69999980926514,13582.04296875
83,18,1987,1.90742997801863,0.259052991867065,21.0,0,0,7.9772158203125,6.40000009536743,13937.0
84,18,1988,1.98163994355127,0.249329149723053,21.0,0,0,9.201576171875,5.30000019073486,14363.8115234375
85,19,1982,1.65118995937519,0.375894993543625,19.0,0,0,6.65326318359375,8.5,12968.9736328125
86,19,1983,1.76996996742673,0.361238539218903,19.0,0,0,6.7703076171875,8.10000038146973,12573.39453125
87,19,1984,1.44677993375808,0.346153855323792,19.0,0,0,7.06063037109375,7.0,13203.296875
88,19,1985,1.64355005836114,0.33368644118309,19.0,0,0,7.00103759765625,8.0,13351.6953125
89,19,1986,1.54737004777417,0.383126944303513,20.0,0,0,7.192990234375,7.0,13812.177734375
90,19,1987,1.73253007233143,0.427500009536743,21.0,0,0,7.34225732421875,5.5,14284.0
91,19,1988,1.96541994228028,0.484926879405975,21.0,0,0,7.7300634765625,4.5,14111.6455078125
92,20,1982,2.06811004318297,0.484009563922882,21.0,1,1,7.3330693359375,6.30000019073486,14094.2724609375
93,20,1983,1.69345003087074,0.465137630701065,21.0,1,1,7.47961083984375,6.09999990463257,13917.431640625
94,20,1984,2.0901599782519,0.445714294910431,21.0,1,1,7.6708876953125,5.19999980926514,14308.791015625
95,20,1985,1.98366993572563,0.42966103553772,21.0,1,1,7.86733349609375,5.0,14631.35546875
96,20,1986,2.03335002879612,0.41857585310936,21.0,1,1,8.10005322265625,5.40000009536743,14977.2958984375
97,20,1987,1.98303998331539,0.405600011348724,21.0,1,1,8.304130859375,4.90000009536743,15152.0
98,20,1988,1.93586995010264,0.390375375747681,21.0,1,1,8.48135546875,4.80000019073486,15167.46875
99,21,1982,2.22522998228669,0.215990453958511,21.0,0,0,6.9374658203125,10.6000003814697,11071.5986328125
100,21,1983,2.09478006581776,0.207568794488907,21.0,0,0,7.194142578125,11.6999998092651,10913.9912109375
101,21,1984,2.02687995624729,0.19890108704567,21.0,0,0,7.513703125,9.30000019073486,11441.7578125
102,21,1985,1.91090002772398,0.191737279295921,21.0,0,0,7.65433544921875,9.5,11405.720703125
103,21,1986,2.16048996662721,0.186790496110916,21.0,0,0,7.85962060546875,9.30000019073486,11602.68359375
104,21,1987,2.26456002565101,0.180999994277954,21.0,0,0,8.135244140625,8.80000019073486,12008.0
105,21,1988,2.2484599321615,0.174205958843231,21.0,0,0,8.482435546875,7.90000009536743,12340.7119140625
106,22,1982,2.48916010605171,0.866348445415497,18.0,1,1,6.137798828125,10.3000001907349,12213.603515625
107,22,1983,2.10087993764319,0.832568824291229,18.0,1,1,6.20874169921875,11.8000001907349,11994.265625
108,22,1984,2.15423002373427,0.797802209854126,18.0,1,1,7.0809384765625,10.0,12017.58203125
109,22,1985,2.07766002858989,0.769067823886871,18.0,1,1,7.44587841796875,11.5,11972.4580078125
110,22,1986,2.07157005206682,0.749226033687592,18.0,1,1,7.10868603515625,13.1000003814697,11602.68359375
111,22,1987,1.85383993084542,0.726000010967255,20.5,1,1,6.85920751953125,12.0,11515.0
112,22,1988,2.09845995414071,0.698748826980591,21.0,1,1,7.86797705078125,10.8999996185303,11830.6064453125
113,23,1982,1.46127000334673,0.805489301681519,20.0,1,0,6.73328564453125,8.60000038146973,11442.720703125
114,23,1983,1.95632994291373,0.774082601070404,20.0,1,0,6.92051708984375,9.0,11795.87109375
115,23,1984,2.00691996724345,0.741758227348328,20.0,1,0,8.083908203125,6.09999990463257,12271.4287109375
116,23,1985,1.76975998328999,0.715042412281036,20.5,1,0,7.96993408203125,5.40000009536743,12609.1103515625
117,23,1986,1.82593998033553,0.749807000160217,21.0,1,0,8.55034765625,5.30000019073486,13292.0537109375
118,23,1987,1.95450993487611,0.787500023841858,21.0,1,0,9.0699365234375,4.40000009536743,13984.0
119,23,1988,2.11617996683344,0.757940351963043,21.0,1,0,9.4613994140625,3.79999995231628,14538.9794921875
120,24,1982,1.49778003105894,0.241050124168396,21.0,0,0,6.76809375,8.39999961853027,15198.0908203125
121,24,1983,1.52523003634997,0.23165138065815,21.0,0,0,7.1188251953125,6.90000009536743,15644.4951171875
122,24,1984,1.47850005305372,0.221978023648262,21.0,0,0,7.28948828125,5.40000009536743,16313.1865234375
123,24,1985,1.65984005434439,0.213983058929443,21.0,0,0,7.59040966796875,4.59999990463257,16921.609375
124,24,1986,1.7574499361217,0.208462342619896,21.0,0,0,7.82670458984375,4.5,17475.748046875
125,24,1987,1.79492999450304,0.202000007033348,21.0,0,0,8.04697509765625,4.19999980926514,18167.0
126,24,1988,1.69191000168212,0.194417715072632,21.0,0,0,8.11294580078125,4.5,18755.533203125
127,25,1982,1.14668997412082,0.28639617562294,20.0,0,0,6.38005078125,7.90000009536743,15215.990234375
128,25,1983,1.1290299880784,0.27522936463356,20.0,0,0,6.51073974609375,6.90000009536743,15801.60546875
129,25,1984,1.14866998046637,0.263736248016357,20.0,0,0,6.6465908203125,4.80000019073486,16735.1640625
130,25,1985,1.27448001876473,0.254237294197083,20.5,0,0,6.81829638671875,3.90000009536743,17271.185546875
131,25,1986,1.28900006529875,0.247678011655807,21.0,0,0,7.02796435546875,3.79999995231628,18145.51171875
132,25,1987,1.17677001981065,0.239999994635582,21.0,0,0,7.22543603515625,3.20000004768372,19050.0
133,25,1988,1.23111007269472,0.230991333723068,21.0,0,0,7.35847265625,3.29999995231628,20034.6484375
134,26,1982,1.52681997860782,0.545653939247131,21.0,0,0,6.7127431640625,15.5,13247.0166015625
135,26,1983,1.45129000884481,0.524378418922424,21.0,0,0,6.721328125,14.1999998092651,13606.6513671875
136,26,1984,1.6902199422475,0.502481281757355,21.0,0,0,7.00707080078125,11.1999998092651,14317.58203125
137,26,1985,1.70004001120105,0.484383463859558,21.0,0,0,7.416576171875,9.89999961853027,14830.5087890625
138,26,1986,1.75620996742509,0.471886456012726,21.0,0,0,7.8295234375,8.80000019073486,15278.6376953125
139,26,1987,1.73587002791464,0.457257986068726,21.0,0,0,8.2289150390625,8.19999980926514,15418.0
140,26,1988,1.84415999683551,0.440094321966171,21.0,0,0,8.430646484375,7.59999990463257,15930.7021484375
141,27,1982,1.38155999593437,0.346062034368515,19.0,0,0,7.059263671875,7.80000019073486,13781.623046875
142,27,1983,1.33895999169908,0.332568794488907,19.0,0,0,7.49407470703125,8.19999980926514,13840.5966796875
143,27,1984,1.39802999910899,0.318681299686432,19.0,0,0,7.64496630859375,6.30000019073486,14734.06640625
144,27,1985,1.45003999932669,0.307203382253647,19.0,0,0,7.795873046875,6.0,14983.05078125
145,27,1986,1.35533002321608,0.299277603626251,19.6700000762939,0,0,8.05317626953125,5.30000019073486,15464.396484375
146,27,1987,1.24822996440344,0.316249996423721,21.0,0,0,8.282359375,5.40000009536743,15910.0
147,27,1988,1.42093995236792,0.320981711149216,21.0,0,0,8.4622548828125,4.0,16048.123046875
148,28,1982,2.84378998912871,1.14594280719757,21.0,0,0,6.67940087890625,11.0,9553.69921875
149,28,1983,2.76809994829819,1.10126149654388,21.0,0,0,6.89198828125,12.6000003814697,9513.76171875
150,28,1984,2.61354987742379,1.05527472496033,21.0,0,0,7.0985400390625,10.8000001907349,9792.3076171875
151,28,1985,2.53348989645019,1.07663142681122,21.0,0,0,7.3210966796875,10.3000001907349,9797.669921875
152,28,1986,2.93825985863805,1.06538701057434,21.0,0,0,7.48932373046875,11.6999998092651,9996.904296875
153,28,1987,2.88000010186806,0.960300028324127,21.0,0,0,7.6849521484375,10.1999998092651,10303.0
154,28,1988,2.75572994723916,0.92425411939621,21.0,0,0,8.413373046875,8.39999961853027,10698.7490234375
155,29,1982,1.80089002242312,0.346612185239792,21.0,0,0,7.0827587890625,9.19999980926514,12968.9736328125
156,29,1983,1.83558004209772,0.333097487688065,21.0,0,0,7.36307373046875,9.89999961853027,13186.9267578125
157,29,1984,1.93361003766768,0.3191879093647,21.0,0,0,7.70544580078125,7.19999980926514,13727.47265625
158,29,1985,1.85126002179459,0.307691752910614,21.0,0,0,7.811482421875,6.40000009536743,14033.8984375
159,29,1986,2.22945993300527,0.299753367900848,21.0,0,0,8.1619169921875,6.09999990463257,14368.4208984375
160,29,1987,2.04586001927964,0.290461003780365,21.0,0,0,8.500705078125,6.30000019073486,14648.0
161,29,1988,2.14550003875047,0.27955824136734,21.0,0,0,8.864046875,5.69999980926514,14871.9921875
162,30,1982,3.1552801374346,0.346447467803955,19.0,1,0,8.2844736328125,8.60000038146973,12033.4130859375
163,30,1983,3.50490008713678,0.332939207553864,19.0,1,0,8.800240234375,8.80000019073486,11954.12890625
164,30,1984,2.89185991277918,0.319036245346069,19.0,1,0,8.974486328125,7.40000009536743,11906.59375
165,30,1985,2.69976007984951,0.319078385829926,19.0,1,0,9.167078125,7.69999980926514,11669.4912109375
166,30,1986,2.71725992206484,0.322081536054611,19.0,1,0,9.57528125,8.10000038146973,12076.3671875
167,30,1987,2.8924600337632,0.32379999756813,20.3299999237061,1,0,9.9802236328125,7.40000009536743,12291.0
168,30,1988,2.45962990447879,0.322910487651825,21.0,1,0,10.1093271484375,6.80000019073486,12383.060546875
169,31,1982,1.64151002536528,0.375894993543625,20.0,0,0,7.19182666015625,6.09999990463257,13192.1240234375
170,31,1983,1.59774004714563,0.361238539218903,20.0,0,0,7.2267978515625,5.69999980926514,12919.724609375
171,31,1984,1.77569992956705,0.346153855323792,20.0,0,0,26.148271484375,4.40000009536743,13540.6591796875
172,31,1985,1.47572005516849,0.36943855881691,21.0,0,0,7.50562451171875,5.5,13735.169921875
173,31,1986,1.81476993020624,0.464396268129349,21.0,0,0,7.86796630859375,5.0,13971.1044921875
174,31,1987,1.86324003152549,0.466874986886978,21.0,0,0,8.212685546875,4.90000009536743,14300.0
175,31,1988,1.6292100190185,0.498075067996979,21.0,0,0,8.368896484375,3.59999990463257,14219.44140625
176,32,1982,3.18906997563317,0.161097854375839,21.0,0,0,7.30410888671875,10.1000003814697,14914.0810546875
177,32,1983,2.82051012618467,0.199971333146095,21.0,1,1,7.6610849609375,9.80000019073486,14863.5322265625
178,32,1984,2.71538010565564,0.222527474164963,21.0,1,1,7.9956494140625,7.80000019073486,15214.2861328125
179,32,1985,2.76709004538134,0.214512705802917,21.0,1,1,8.08332177734375,8.0,15564.6181640625
180,32,1986,2.40951005253009,0.208978325128555,21.0,1,1,8.25334765625,6.0,15976.2646484375
181,32,1987,2.60178989265114,0.202500000596046,21.0,1,1,8.33764453125,6.30000019073486,16412.0
182,32,1988,2.71347002126276,0.194898948073387,21.0,1,1,8.528455078125,5.19999980926514,16853.705078125
183,33,1982,1.82489005965181,0.483293563127518,20.0,0,0,7.353357421875,7.40000009536743,13834.12890625
184,33,1983,1.99165995582007,0.567660570144653,20.0,0,0,7.488015625,5.40000009536743,14662.84375
185,33,1984,1.96319000679068,0.741758227348328,20.0,0,0,7.4580771484375,4.30000019073486,15451.6484375
186,33,1985,1.91383005585521,0.715042412281036,20.0,0,0,7.55311572265625,3.90000009536743,16280.720703125
187,33,1986,1.67478006915189,0.696594417095184,20.5,0,0,8.13339453125,2.79999995231628,17132.095703125
188,33,1987,1.6934699669946,0.675000011920929,21.0,0,0,8.6726474609375,2.5,17906.0
189,33,1988,1.52994995005429,0.649663150310516,21.0,0,0,8.7621884765625,2.40000009536743,18704.5234375
190,34,1982,1.42799006425776,0.0894988104701042,19.0,0,0,6.9719833984375,9.0,16665.87109375
191,34,1983,1.24799000332132,0.0860091745853424,21.0,0,0,6.992091796875,7.80000019073486,17275.228515625
192,34,1984,1.22654993901961,0.0824175849556923,21.0,0,0,6.95914111328125,6.19999980926514,18065.93359375
193,34,1985,1.27480001538061,0.0794491544365883,21.0,0,0,7.023037109375,5.69999980926514,18662.076171875
194,34,1986,1.36261995066889,0.077399380505085,21.0,0,0,7.22490185546875,5.0,19421.052734375
195,34,1987,1.33341993205249,0.0750000029802322,21.0,0,0,7.4388671875,4.0,20313.0
196,34,1988,1.36122005642392,0.072184793651104,21.0,0,0,7.5988720703125,3.79999995231628,21168.431640625
197,35,1982,4.21784003265202,0.241646781563759,21.0,0,0,8.6622890625,9.19999980926514,11347.2548828125
198,35,1983,3.7874499685131,0.348337173461914,21.0,0,0,8.329537109375,10.1000003814697,11288.9912109375
199,35,1984,3.48527013557032,0.445054948329926,21.0,0,0,8.718083984375,7.5,11539.560546875
200,35,1985,3.68965993402526,0.429025411605835,21.0,0,0,9.1510458984375,8.80000019073486,11861.228515625
201,35,1986,3.37389996275306,0.417956650257111,21.0,0,0,9.5963447265625,9.19999980926514,11825.59375
202,35,1987,3.78666998585686,0.405000001192093,21.0,0,0,10.0773427734375,8.89999961853027,11898.0
203,35,1988,3.23159008985385,0.389797896146774,21.0,0,0,10.141353515625,7.80000019073486,12019.2490234375
204,36,1982,1.22932004160248,0.119331747293472,19.0,0,0,4.576345703125,8.60000038146973,15158.7109375
205,36,1983,1.17443996714428,0.132855504751205,19.0,0,0,4.73751123046875,8.60000038146973,15573.39453125
206,36,1984,1.16082002932671,0.135999992489815,19.0,0,0,4.91759423828125,7.19999980926514,16335.1650390625
207,36,1985,1.12804002128541,0.131101697683334,19.1599998474121,0,0,5.09012548828125,6.5,16708.685546875
208,36,1986,1.19247000839096,0.127719298005104,21.0,0,0,5.29699462890625,6.30000019073486,17326.109375
209,36,1987,1.30884000100195,0.123759999871254,21.0,0,0,5.49802587890625,4.90000009536743,18005.0
210,36,1988,1.2591399718076,0.11911453306675,21.0,0,0,5.789921875,4.19999980926514,18580.365234375
211,37,1982,2.16589003684931,1.43198096752167,21.0,0,0,7.1642255859375,9.0,11078.7587890625
212,37,1983,2.03061004867777,1.37614679336548,21.0,0,0,7.41123291015625,8.89999961853027,11455.275390625
213,37,1984,2.35161001910456,1.31868135929108,21.0,0,0,7.81415673828125,6.69999980926514,12089.0107421875
214,37,1985,2.36930005485192,1.27118647098541,21.0,0,0,7.98127978515625,5.40000009536743,12353.8134765625
215,37,1986,2.60147993685678,1.23839008808136,21.0,0,0,8.2549208984375,5.30000019073486,12839.009765625
216,37,1987,2.46998009970412,1.20000004768372,21.0,0,0,8.5139462890625,4.5,13325.0
217,37,1988,2.42409994825721,1.15495669841766,21.0,0,0,8.92941015625,3.59999990463257,13767.083984375
218,38,1982,2.2023799829185,0.429594278335571,21.0,0,0,7.81547265625,5.90000009536743,12553.69921875
219,38,1983,1.70337996678427,0.412844061851501,21.0,0,0,7.87519580078125,5.59999990463257,12389.908203125
220,38,1984,1.45559999509715,0.395604401826859,21.0,0,0,7.82676123046875,5.09999990463257,12690.1103515625
221,38,1985,1.31387001601979,0.381355941295624,21.0,0,0,7.8642421875,5.90000009536743,12661.0166015625
222,38,1986,1.47275000927038,0.371517032384872,21.0,0,0,8.1501982421875,6.30000019073486,12817.337890625
223,38,1987,1.50298001244664,0.360000014305115,21.0,0,0,8.453890625,5.19999980926514,12971.0
224,38,1988,1.55921996338293,0.346487015485764,21.0,0,0,8.64317578125,4.80000019073486,12351.2998046875
225,39,1982,1.49155006511137,0.429594278335571,21.0,0,0,6.659626953125,12.5,13039.3798828125
226,39,1983,1.47326994920149,0.412844061851501,21.0,1,0,6.81820361328125,12.1999998092651,13236.23828125
227,39,1984,1.53258995851502,0.395604401826859,21.0,1,0,6.973470703125,9.39999961853027,13784.615234375
228,39,1985,1.53201995999552,0.381355941295624,21.0,1,0,7.03174853515625,8.89999961853027,13992.5849609375
229,39,1986,1.55657005961984,0.371517032384872,21.0,1,0,7.1969736328125,8.10000038146973,14279.669921875
230,39,1987,1.64318000315689,0.360000014305115,21.0,0,0,7.340248046875,7.0,14598.0
231,39,1988,1.62413998623379,0.346487015485764,21.0,0,0,7.5532177734375,6.0,14952.8388671875
232,40,1982,3.26214998494834,0.866348445415497,21.0,0,0,9.2884609375,5.69999980926514,13552.505859375
233,40,1983,2.56116007221863,0.832568824291229,21.0,0,0,8.929328125,9.0,12784.4033203125
234,40,1984,2.40784997004084,0.947390079498291,21.0,0,0,9.359798828125,7.0,12881.318359375
235,40,1985,2.25386000238359,0.961334764957428,21.0,0,0,9.4459150390625,7.09999990463257,12904.6611328125
236,40,1986,2.11434002267197,0.936532557010651,21.0,0,0,9.496078125,8.19999980926514,12656.3466796875
237,40,1987,1.82457006303594,0.907500028610229,21.0,0,0,9.6595244140625,7.40000009536743,12607.0
238,40,1988,1.95557993720286,0.873436033725739,21.0,0,0,9.9901142578125,6.69999980926514,12822.90625
239,41,1982,1.94079999346286,0.225190937519073,21.0,0,0,7.26263818359375,11.5,12626.4912109375
240,41,1983,2.06766999326646,0.216410562396049,21.0,0,0,7.7281982421875,10.8000001907349,12925.458984375
241,41,1984,2.13752005947754,0.207373633980751,21.0,1,1,7.82623828125,9.39999961853027,13246.154296875
242,41,1985,2.08038996788673,0.199904665350914,21.0,1,1,7.985869140625,8.80000019073486,13376.0595703125
243,41,1986,2.29090001084842,0.194747164845467,21.0,1,1,8.2883212890625,8.5,13649.123046875
244,41,1987,2.27605996769853,0.188710004091263,21.0,1,1,8.565328125,6.19999980926514,14019.0
245,41,1988,2.44669005041942,0.181626573204994,21.0,1,1,9.1087705078125,5.80000019073486,14326.275390625
246,42,1982,1.53126995428465,0.28639617562294,21.0,0,0,6.0032685546875,10.8999996185303,13651.5517578125
247,42,1983,1.44731006002985,0.27522936463356,21.0,0,0,6.08038427734375,11.8000001907349,13706.421875
248,42,1984,1.45284997415729,0.263736248016357,21.0,0,0,6.250283203125,9.10000038146973,13987.912109375
249,42,1985,1.49414001498371,0.254237294197083,21.0,0,0,6.36363623046875,8.0,14356.9912109375
250,42,1986,1.59239993081428,0.247678011655807,21.0,0,0,6.4761240234375,6.80000019073486,14713.1064453125
251,42,1987,1.66470999829471,0.239999994635582,21.0,0,0,6.5872919921875,5.69999980926514,15200.0
252,42,1988,1.60903000505641,0.230991333723068,21.0,0,0,6.76925830078125,5.09999990463257,15623.6767578125
253,44,1982,1.10063003376126,0.174224346876144,20.0,0,0,6.19287841796875,10.1999998092651,13326.96875
254,44,1983,1.04603001091164,0.167431190609932,20.0,0,0,6.29082470703125,8.30000019073486,13759.173828125
255,44,1984,0.821209978312254,0.160439550876617,20.5,0,0,5.50938330078125,5.30000019073486,14312.087890625
256,44,1985,1.12602996523492,0.154661014676094,21.0,0,0,6.01547900390625,4.90000009536743,14595.3388671875
257,44,1986,1.27178995171562,0.150670796632767,21.0,0,0,6.06459228515625,4.0,15109.3916015625
258,44,1987,1.14604001282714,0.145999997854233,21.0,0,0,6.0882109375,3.79999995231628,15633.0
259,44,1988,1.25880993437022,0.140519723296165,21.0,0,0,5.89425146484375,3.09999990463257,16257.9404296875
260,45,1982,2.26286007091403,2.06205248832703,21.0,0,0,7.50835546875,10.8000001907349,10393.794921875
261,45,1983,2.59054999332875,1.98165142536163,21.0,1,1,7.6663701171875,10.0,10693.8076171875
262,45,1984,2.77407991234213,1.89890110492706,21.0,1,1,7.8652431640625,7.09999990463257,11160.439453125
263,45,1985,2.84134992398322,1.83050847053528,21.0,1,1,7.97041943359375,6.80000019073486,11369.703125
264,45,1986,3.13221011310816,1.7832818031311,21.0,1,1,8.4149677734375,6.19999980926514,11674.9228515625
265,45,1987,3.17080004606396,1.72800004482269,21.0,1,1,8.824517578125,5.59999990463257,12027.0
266,45,1988,2.97983002383262,1.66313767433167,21.0,1,1,9.152458984375,4.5,12440.80859375
267,46,1982,2.13256003917195,0.718377113342285,21.0,0,0,9.165685546875,5.5,11323.388671875
268,46,1983,2.50357988988981,0.690366983413696,21.0,0,0,9.0372080078125,5.40000009536743,11091.7431640625
269,46,1984,2.02837007236667,0.661538481712341,21.0,0,0,9.0794384765625,4.30000019073486,11661.5380859375
270,46,1985,1.83615993591957,0.637711882591248,21.0,0,0,8.865828125,5.09999990463257,11684.322265625
271,46,1986,1.89265992958099,0.621259033679962,21.0,0,0,8.8178173828125,4.69999980926514,12175.4384765625
272,46,1987,1.88998994417489,0.609252989292145,21.0,0,0,8.7574228515625,4.19999980926514,12545.0
273,46,1988,2.06170996534638,0.593364775180817,21.0,0,0,9.3043427734375,3.90000009536743,12276.2275390625
274,47,1982,2.26151998504065,0.338094264268875,19.0,1,0,7.45830029296875,11.8000001907349,10988.06640625
275,47,1983,2.21156005864032,0.324911683797836,19.0,1,0,7.73320947265625,11.5,11183.486328125
276,47,1984,2.31697005801834,0.311343938112259,19.6700000762939,1,0,7.72810009765625,8.60000038146973,11704.3955078125
277,47,1985,2.31205005547963,0.300130277872086,21.0,1,0,7.614015625,8.0,11919.4912109375
278,47,1986,2.56250001257285,0.29238697886467,21.0,1,0,8.165,8.0,12371.5166015625
279,47,1987,2.57055013207719,0.283322989940643,21.0,1,0,8.6768427734375,6.59999990463257,12876.0
280,47,1988,2.58630985626951,0.272688150405884,21.0,1,0,9.0281826171875,5.80000019073486,13352.26171875
281,48,1982,2.74034013273194,0.433174222707748,19.0,0,0,8.14478759765625,6.90000009536743,13942.720703125
282,48,1983,2.41717003518716,0.416284412145615,19.0,0,0,8.338572265625,8.0,13692.66015625
283,48,1984,2.43237998802215,0.418846160173416,19.0,0,0,8.56412890625,5.90000009536743,14039.560546875
284,48,1985,2.24678995436989,0.461440682411194,19.0,0,0,8.7515458984375,7.0,14270.126953125
285,48,1986,2.13734005228616,0.449535608291626,19.6700000762939,0,0,8.8216962890625,8.89999961853027,13950.46484375
286,48,1987,1.94234002265148,0.435600012540817,21.0,0,0,9.0050478515625,8.39999961853027,13889.0
287,48,1988,2.01472998014651,0.419249296188354,21.0,0,0,9.290322265625,7.30000019073486,14038.4990234375
288,49,1982,1.89344995305873,0.35684010386467,21.0,0,0,7.01218310546875,7.80000019073486,10788.783203125
289,49,1983,1.77428999450058,0.629254579544067,21.0,1,1,7.0350908203125,9.19999980926514,10779.81640625
290,49,1984,1.94085005205125,0.877348363399506,21.0,1,1,7.184841796875,6.5,11120.87890625
291,49,1985,1.84194999746978,0.845748901367188,21.0,1,1,7.31734423828125,5.90000009536743,11284.9580078125
292,49,1986,1.88100995728746,0.823928773403168,21.0,1,1,7.42668359375,6.0,11339.525390625
293,49,1987,1.76190005731769,0.798386991024017,21.0,1,1,7.54700341796875,6.40000009536743,11389.0
294,49,1988,1.75740002305247,0.768418669700623,21.0,1,1,7.84794482421875,4.90000009536743,11735.322265625
295,50,1982,2.05768999876454,0.711515486240387,18.0,0,0,7.67883740234375,6.90000009536743,12064.439453125
296,50,1983,1.7904800188262,0.683772921562195,18.0,0,0,7.90668359375,6.90000009536743,12186.9267578125
297,50,1984,2.15093998122029,0.655219793319702,18.0,0,0,8.3075341796875,5.19999980926514,12680.2197265625
298,50,1985,2.14953004615381,0.631620764732361,18.0,0,0,8.76260546875,4.80000019073486,13112.2880859375
299,50,1986,2.01478993403725,0.615325093269348,19.5,0,0,8.99076953125,4.69999980926514,13740.9697265625
300,50,1987,2.17153006815352,0.596249997615814,21.0,0,0,9.195244140625,3.59999990463257,14325.0
301,50,1988,2.3159799457062,0.573869109153748,21.0,0,0,9.969486328125,2.79999995231628,14727.623046875
302,51,1982,1.60502997459844,0.758949875831604,21.0,0,0,7.5478310546875,7.69999980926514,13878.28125
303,51,1983,1.62080003065057,0.729357779026031,21.0,0,0,7.60912548828125,6.09999990463257,14299.3115234375
304,51,1984,1.79737005964853,0.698901057243347,21.0,0,0,7.90044384765625,5.0,14906.59375
305,51,1985,1.71047999174334,0.673728764057159,21.0,0,0,8.3995791015625,5.59999990463257,15323.0927734375
306,51,1986,1.94305001059547,0.65634673833847,21.0,0,0,8.8664169921875,5.0,15915.376953125
307,51,1987,1.72934000147507,0.635999977588654,21.0,0,0,9.287623046875,4.19999980926514,16486.0
308,51,1988,1.78054993739352,0.612127006053925,21.0,0,0,9.5516279296875,3.90000009536743,17011.548828125
309,53,1982,1.74847999005578,0.231758952140808,21.0,1,0,7.3066826171875,12.1000003814697,14342.482421875
310,53,1983,1.62137002917007,0.231558486819267,21.0,1,0,8.39581640625,11.1999998092651,14534.4033203125
311,53,1984,1.71534004039131,0.221889019012451,21.0,1,0,7.87492822265625,9.5,14758.2421875
312,53,1985,1.68746002600528,0.213897243142128,21.0,1,0,7.79656396484375,8.10000038146973,14909.9580078125
313,53,1986,1.57517002662644,0.208378747105598,21.0,1,0,8.1666845703125,8.19999980926514,15375.64453125
314,53,1987,1.71881998539902,0.201919004321098,21.0,1,0,8.488326171875,7.59999990463257,15630.0
315,53,1988,1.67384001542814,0.194339752197266,21.0,1,0,8.995921875,6.19999980926514,15854.66796875
316,54,1982,2.29475001106039,0.476363956928253,18.0,1,0,5.574712890625,13.8999996185303,10748.2099609375
317,54,1983,2.16504995478317,0.45779013633728,18.5,1,0,5.95821728515625,18.0,10451.8349609375
318,54,1984,2.2450000687968,0.438673615455627,19.0,1,0,6.49461083984375,15.0,10641.7578125
319,54,1985,2.1694200404454,0.422873914241791,19.0,1,0,6.54131787109375,13.0,10669.4912109375
320,54,1986,2.29525001486763,0.411963880062103,19.6700000762939,1,0,6.88731494140625,11.8000001907349,10888.544921875
321,54,1987,2.4828698951751,0.399192988872528,21.0,1,0,7.244076171875,10.8000001907349,10992.0
322,54,1988,2.45203002123162,0.384208858013153,21.0,1,0,7.4008662109375,9.89999961853027,11294.513671875
323,55,1982,1.62241994985379,0.173031017184258,18.0,0,0,6.9098232421875,10.6999998092651,13213.603515625
324,55,1983,1.52727996464819,0.166284397244453,18.0,0,0,7.18474609375,10.3999996185303,13291.2841796875
325,55,1984,1.72617001226172,0.159340649843216,18.5,0,0,7.42694091796875,7.30000019073486,13818.681640625
326,55,1985,1.55811998411082,0.153601691126823,19.0,0,0,7.6814892578125,7.19999980926514,13952.330078125
327,55,1986,1.5617799363099,0.149638801813126,19.6700000762939,0,0,8.0363720703125,7.0,14351.9091796875
328,55,1987,1.65799996466376,0.144999995827675,21.0,0,0,8.361978515625,6.09999990463257,14720.0
329,55,1988,1.66219993843697,0.139557257294655,21.0,0,0,8.7451904296875,4.30000019073486,14941.2900390625
330,56,1982,3.94117989344522,0.0536992847919464,19.0,1,0,10.3549111328125,5.80000019073486,14600.23828125
331,56,1983,3.35271004587412,0.0516055077314377,19.0,1,0,9.8042548828125,8.39999961853027,13574.541015625
332,56,1984,3.06042988086119,0.0494505502283573,19.0,1,0,9.9941552734375,6.30000019073486,13456.0439453125
333,56,1985,2.98625003779307,0.047669492661953,19.0,1,0,10.6110107421875,7.09999990463257,13595.3388671875
334,56,1986,3.31360992277041,0.0464396290481091,19.0,1,0,10.6193310546875,9.0,13126.9345703125
335,56,1987,2.63265013927594,0.0450000017881393,19.0,1,0,10.9530498046875,8.60000038146973,12719.0
336,56,1988,3.23590997140855,0.0433108769357204,19.5,1,0,11.812115234375,6.30000019073486,13098.1708984375
