,deaths,year,corps,fisher
1,0,1875,0,0
2,0,1875,1,0
3,0,1875,2,1
4,0,1875,3,1
5,0,1875,4,1
6,0,1875,6,1
7,0,1875,7,0
8,1,1875,8,1
9,1,1875,9,1
10,0,1875,5,1
11,0,1875,10,1
12,0,1875,11,0
13,1,1875,12,1
14,0,1875,13,1
15,2,1876,0,0
16,0,1876,1,0
17,0,1876,2,1
18,0,1876,3,1
19,1,1876,4,1
20,0,1876,6,1
21,0,1876,7,0
22,0,1876,8,1
23,0,1876,9,1
24,0,1876,5,1
25,0,1876,10,1
26,0,1876,11,0
27,1,1876,12,1
28,1,1876,13,1
29,2,1877,0,0
30,0,1877,1,0
31,0,1877,2,1
32,0,1877,3,1
33,0,1877,4,1
34,0,1877,6,1
35,1,1877,7,0
36,1,1877,8,1
37,0,1877,9,1
38,0,1877,5,1
39,1,1877,10,1
40,0,1877,11,0
41,2,1877,12,1
42,0,1877,13,1
43,1,1878,0,0
44,2,1878,1,0
45,2,1878,2,1
46,1,1878,3,1
47,1,1878,4,1
48,0,1878,6,1
49,0,1878,7,0
50,0,1878,8,1
51,0,1878,9,1
52,0,1878,5,1
53,1,1878,10,1
54,0,1878,11,0
55,1,1878,12,1
56,0,1878,13,1
57,0,1879,0,0
58,0,1879,1,0
59,0,1879,2,1
60,1,1879,3,1
61,1,1879,4,1
62,2,1879,6,1
63,2,1879,7,0
64,0,1879,8,1
65,1,1879,9,1
66,0,1879,5,1
67,0,1879,10,1
68,2,1879,11,0
69,1,1879,12,1
70,0,1879,13,1
71,0,1880,0,0
72,3,1880,1,0
73,2,1880,2,1
74,1,1880,3,1
75,1,1880,4,1
76,1,1880,6,1
77,0,1880,7,0
78,0,1880,8,1
79,0,1880,9,1
80,2,1880,5,1
81,1,1880,10,1
82,4,1880,11,0
83,3,1880,12,1
84,0,1880,13,1
85,1,1881,0,0
86,0,1881,1,0
87,0,1881,2,1
88,2,1881,3,1
89,1,1881,4,1
90,0,1881,6,1
91,0,1881,7,0
92,1,1881,8,1
93,0,1881,9,1
94,1,1881,5,1
95,0,1881,10,1
96,0,1881,11,0
97,0,1881,12,1
98,0,1881,13,1
99,1,1882,0,0
100,2,1882,1,0
101,0,1882,2,1
102,0,1882,3,1
103,0,1882,4,1
104,0,1882,6,1
105,1,1882,7,0
106,0,1882,8,1
107,1,1882,9,1
108,1,1882,5,1
109,2,1882,10,1
110,1,1882,11,0
111,4,1882,12,1
112,1,1882,13,1
113,0,1883,0,0
114,0,1883,1,0
115,1,1883,2,1
116,2,1883,3,1
117,0,1883,4,1
118,1,1883,6,1
119,2,1883,7,0
120,1,1883,8,1
121,0,1883,9,1
122,1,1883,5,1
123,0,1883,10,1
124,3,1883,11,0
125,0,1883,12,1
126,0,1883,13,1
127,3,1884,0,0
128,0,1884,1,0
129,1,1884,2,1
130,0,1884,3,1
131,0,1884,4,1
132,0,1884,6,1
133,0,1884,7,0
134,1,1884,8,1
135,0,1884,9,1
136,0,1884,5,1
137,2,1884,10,1
138,0,1884,11,0
139,1,1884,12,1
140,1,1884,13,1
141,0,1885,0,0
142,0,1885,1,0
143,0,1885,2,1
144,0,1885,3,1
145,0,1885,4,1
146,0,1885,6,1
147,1,1885,7,0
148,0,1885,8,1
149,0,1885,9,1
150,2,1885,5,1
151,0,1885,10,1
152,1,1885,11,0
153,0,1885,12,1
154,1,1885,13,1
155,2,1886,0,0
156,1,1886,1,0
157,0,1886,2,1
158,0,1886,3,1
159,1,1886,4,1
160,1,1886,6,1
161,1,1886,7,0
162,0,1886,8,1
163,0,1886,9,1
164,1,1886,5,1
165,0,1886,10,1
166,1,1886,11,0
167,3,1886,12,1
168,0,1886,13,1
169,1,1887,0,0
170,1,1887,1,0
171,2,1887,2,1
172,1,1887,3,1
173,0,1887,4,1
174,0,1887,6,1
175,3,1887,7,0
176,2,1887,8,1
177,1,1887,9,1
178,1,1887,5,1
179,0,1887,10,1
180,1,1887,11,0
181,2,1887,12,1
182,0,1887,13,1
183,0,1888,0,0
184,1,1888,1,0
185,1,1888,2,1
186,0,1888,3,1
187,0,1888,4,1
188,1,1888,6,1
189,1,1888,7,0
190,0,1888,8,1
191,0,1888,9,1
192,0,1888,5,1
193,0,1888,10,1
194,1,1888,11,0
195,1,1888,12,1
196,0,1888,13,1
197,0,1889,0,0
198,0,1889,1,0
199,1,1889,2,1
200,1,1889,3,1
201,0,1889,4,1
202,1,1889,6,1
203,1,1889,7,0
204,0,1889,8,1
205,0,1889,9,1
206,1,1889,5,1
207,2,1889,10,1
208,2,1889,11,0
209,0,1889,12,1
210,2,1889,13,1
211,1,1890,0,0
212,2,1890,1,0
213,0,1890,2,1
214,2,1890,3,1
215,0,1890,4,1
216,1,1890,6,1
217,1,1890,7,0
218,2,1890,8,1
219,0,1890,9,1
220,2,1890,5,1
221,1,1890,10,1
222,1,1890,11,0
223,2,1890,12,1
224,2,1890,13,1
225,0,1891,0,0
226,0,1891,1,0
227,0,1891,2,1
228,1,1891,3,1
229,1,1891,4,1
230,1,1891,6,1
231,0,1891,7,0
232,1,1891,8,1
233,1,1891,9,1
234,0,1891,5,1
235,3,1891,10,1
236,3,1891,11,0
237,1,1891,12,1
238,0,1891,13,1
239,1,1892,0,0
240,3,1892,1,0
241,2,1892,2,1
242,0,1892,3,1
243,1,1892,4,1
244,1,1892,6,1
245,3,1892,7,0
246,0,1892,8,1
247,1,1892,9,1
248,1,1892,5,1
249,0,1892,10,1
250,1,1892,11,0
251,1,1892,12,1
252,0,1892,13,1
253,0,1893,0,0
254,1,1893,1,0
255,0,1893,2,1
256,0,1893,3,1
257,0,1893,4,1
258,1,1893,6,1
259,0,1893,7,0
260,2,1893,8,1
261,0,1893,9,1
262,0,1893,5,1
263,1,1893,10,1
264,3,1893,11,0
265,0,1893,12,1
266,0,1893,13,1
267,1,1894,0,0
268,0,1894,1,0
269,0,1894,2,1
270,0,1894,3,1
271,0,1894,4,1
272,0,1894,6,1
273,0,1894,7,0
274,0,1894,8,1
275,1,1894,9,1
276,0,1894,5,1
277,1,1894,10,1
278,1,1894,11,0
279,0,1894,12,1
280,0,1894,13,1
