,y,site,variety
1,0.0005,0,0
2,0.0,0,1
3,0.0,0,2
4,0.001,0,3
5,0.0025,0,4
6,0.0005,0,5
7,0.005,0,6
8,0.013,0,7
9,0.015,0,8
10,0.015,0,9
11,0.0,1,0
12,0.0005,1,1
13,0.0005,1,2
14,0.003,1,3
15,0.0075,1,4
16,0.003,1,5
17,0.03,1,6
18,0.075,1,7
19,0.01,1,8
20,0.127,1,9
21,0.0125,2,0
22,0.0125,2,1
23,0.025,2,2
24,0.166,2,3
25,0.025,2,4
26,0.025,2,5
27,0.0,2,6
28,0.2,2,7
29,0.375,2,8
30,0.2625,2,9
31,0.025,3,0
32,0.005,3,1
33,0.0001,3,2
34,0.03,3,3
35,0.025,3,4
36,0.0001,3,5
37,0.25,3,6
38,0.55,3,7
39,0.05,3,8
40,0.4,3,9
41,0.055,4,0
42,0.01,4,1
43,0.06,4,2
44,0.011,4,3
45,0.025,4,4
46,0.08,4,5
47,0.165,4,6
48,0.295,4,7
49,0.2,4,8
50,0.435,4,9
51,0.01,5,0
52,0.05,5,1
53,0.05,5,2
54,0.05,5,3
55,0.05,5,4
56,0.05,5,5
57,0.1,5,6
58,0.05,5,7
59,0.5,5,8
60,0.75,5,9
61,0.05,6,0
62,0.001,6,1
63,0.05,6,2
64,0.05,6,3
65,0.5,6,4
66,0.1,6,5
67,0.5,6,6
68,0.25,6,7
69,0.5,6,8
70,0.75,6,9
71,0.05,7,0
72,0.1,7,1
73,0.05,7,2
74,0.05,7,3
75,0.25,7,4
76,0.75,7,5
77,0.5,7,6
78,0.75,7,7
79,0.75,7,8
80,0.75,7,9
81,0.175,8,0
82,0.25,8,1
83,0.425,8,2
84,0.5,8,3
85,0.375,8,4
86,0.95,8,5
87,0.625,8,6
88,0.95,8,7
89,0.95,8,8
90,0.95,8,9
