,pgtime,pgstat,age,eet,g2,grade,gleason,ploidy
1,6.1,0,64,2.0,10.26,2,4.0,1
2,9.4,0,62,1.0,,3,8.0,0
3,5.2,1,59,2.0,9.99,3,7.0,1
4,3.2,1,62,2.0,3.57,2,4.0,1
5,1.9,1,64,2.0,22.56,4,8.0,2
6,4.8,0,69,1.0,6.14,3,7.0,1
7,5.8,0,75,2.0,13.69,2,,2
8,7.3,0,71,2.0,,3,7.0,0
9,3.7,1,73,2.0,11.77,3,6.0,1
10,15.9,0,64,2.0,27.27,3,7.0,2
11,6.3,0,65,2.0,19.34,3,7.0,2
12,2.9,1,58,2.0,14.82,4,8.0,2
13,1.5,1,70,2.0,10.22,3,8.0,1
14,14.5,0,67,2.0,15.66,2,6.0,2
15,4.2,1,66,2.0,17.79,3,7.0,2
16,1.7,1,74,2.0,11.11,3,8.0,1
17,5.0,0,70,2.0,11.44,2,5.0,1
18,13.2,0,57,2.0,14.78,2,4.0,2
19,10.9,0,63,2.0,54.93,3,8.0,2
20,13.0,0,65,2.0,24.58,3,7.0,2
21,11.4,0,62,2.0,27.79,2,5.0,2
22,2.6,1,72,2.0,14.86,3,6.0,2
23,9.8,0,64,1.0,10.51,2,5.0,1
24,3.4,1,67,,14.22,2,6.0,2
25,7.6,1,64,2.0,15.28,2,5.0,2
26,4.8,1,70,2.0,16.91,3,6.0,2
27,3.7,1,58,1.0,17.87,3,7.0,2
28,13.9,0,57,2.0,12.13,3,6.0,1
29,4.9,1,54,1.0,17.25,2,5.0,2
30,15.9,0,61,1.0,16.53,3,7.0,2
31,2.9,1,68,2.0,17.49,2,4.0,2
32,9.3,0,64,1.0,3.85,3,6.0,0
33,6.5,0,70,1.0,7.88,2,6.0,1
34,1.7,0,64,2.0,16.64,2,5.0,2
35,6.9,0,66,2.0,13.19,3,7.0,2
36,5.5,0,61,2.0,9.42,2,5.0,1
37,5.7,0,70,2.0,22.79,2,5.0,2
38,4.1,1,63,2.0,11.37,2,6.0,1
39,0.3,1,59,2.0,3.77,3,6.0,0
40,1.1,1,66,1.0,13.76,3,6.0,2
41,7.8,0,53,2.0,14.52,2,5.0,2
42,2.0,1,62,2.0,7.55,3,7.0,1
43,7.3,0,69,2.0,8.46,2,5.0,1
44,13.5,0,63,2.0,7.66,3,7.0,1
45,11.7,0,61,2.0,8.4,2,5.0,1
46,8.7,0,70,1.0,4.43,1,3.0,1
47,3.4,0,61,2.0,10.37,3,7.0,1
48,6.3,0,62,2.0,10.82,2,6.0,1
49,10.6,0,55,2.0,7.81,2,5.0,1
50,9.3,0,61,2.0,11.23,2,5.0,1
51,7.9,0,63,2.0,13.99,3,6.0,2
52,4.9,0,67,2.0,6.41,2,5.0,1
53,13.4,0,59,2.0,16.05,2,5.0,2
54,17.7,0,58,2.0,22.97,3,6.0,2
55,1.0,1,61,1.0,2.4,4,10.0,1
56,0.3,1,47,2.0,11.92,4,10.0,1
57,13.1,0,65,2.0,,3,6.0,2
58,16.7,0,56,2.0,5.29,1,3.0,1
59,4.5,0,63,2.0,5.75,2,5.0,1
60,3.4,1,69,1.0,7.64,3,8.0,0
61,2.4,1,50,1.0,16.81,3,7.0,2
62,6.8,0,70,2.0,29.56,2,5.0,2
63,3.0,1,55,1.0,13.35,3,6.0,0
64,10.4,0,55,2.0,8.1,2,5.0,1
65,11.8,0,62,1.0,12.62,2,5.0,1
66,8.0,1,66,2.0,14.14,2,5.0,2
67,5.7,0,71,1.0,10.16,2,6.0,1
68,6.1,0,63,2.0,17.21,2,5.0,2
69,5.2,0,54,2.0,11.35,2,6.0,1
70,6.2,0,65,2.0,11.35,2,5.0,1
71,11.4,0,59,2.0,7.61,2,5.0,1
72,7.0,1,61,2.0,20.82,3,6.0,2
73,6.5,0,65,1.0,12.93,3,7.0,1
74,0.5,1,57,1.0,21.75,3,7.0,2
75,6.1,0,69,2.0,8.58,2,6.0,1
76,5.1,1,53,1.0,14.94,3,7.0,2
77,3.7,1,48,2.0,17.16,3,7.0,2
78,12.2,0,57,2.0,23.62,3,8.0,2
79,7.7,1,63,2.0,16.06,3,9.0,2
80,7.0,0,52,2.0,7.15,2,7.0,1
81,7.2,1,57,2.0,13.21,3,8.0,2
82,4.4,1,62,2.0,11.35,3,6.0,1
83,6.7,0,54,2.0,8.11,2,4.0,1
84,6.8,1,67,2.0,11.18,3,7.0,1
85,5.2,1,65,2.0,24.84,3,7.0,2
86,8.7,0,67,2.0,7.67,3,6.0,1
87,10.8,0,72,1.0,6.68,2,,1
88,2.6,1,66,2.0,15.23,3,8.0,2
89,10.9,0,72,2.0,6.8,2,5.0,1
90,5.6,1,60,2.0,14.58,3,7.0,2
91,10.1,0,70,2.0,13.17,2,6.0,2
92,7.2,0,63,1.0,9.76,2,5.0,1
93,10.2,0,64,1.0,7.61,2,,1
94,7.7,1,62,2.0,38.05,3,7.0,2
95,2.7,1,61,1.0,13.87,3,6.0,2
96,1.9,1,64,2.0,21.2,3,7.0,2
97,3.6,0,64,1.0,17.96,3,7.0,2
98,8.2,0,68,2.0,27.14,3,9.0,2
99,9.2,0,62,1.0,6.74,2,5.0,1
100,6.1,0,69,2.0,11.21,3,8.0,1
101,8.7,0,59,2.0,20.22,3,6.0,2
102,7.4,1,66,1.0,15.35,3,8.0,2
103,1.6,1,53,1.0,16.79,3,9.0,2
104,8.4,0,59,2.0,8.76,2,6.0,1
105,4.7,1,58,2.0,13.23,2,6.0,2
106,5.7,0,61,2.0,34.01,2,7.0,2
107,3.2,1,65,,14.68,3,8.0,2
108,4.9,0,67,1.0,17.95,3,8.0,2
109,3.4,1,57,1.0,23.34,3,8.0,2
110,1.0,1,55,2.0,10.25,3,7.0,0
111,5.4,1,57,2.0,,3,8.0,0
112,4.7,0,57,1.0,15.1,3,7.0,2
113,6.3,0,68,1.0,26.55,2,6.0,2
114,7.0,0,67,2.0,7.78,2,6.0,1
115,1.5,1,60,1.0,,4,9.0,0
116,7.1,0,63,2.0,21.2,3,7.0,2
117,6.0,0,69,2.0,7.93,3,6.0,1
118,3.8,0,54,2.0,10.58,3,8.0,1
119,6.5,0,66,2.0,5.92,2,5.0,1
120,3.1,0,59,2.0,5.08,3,7.0,1
121,6.8,0,62,2.0,13.1,3,8.0,2
122,6.7,0,73,1.0,41.31,3,8.0,2
123,5.7,1,65,2.0,11.29,3,7.0,1
124,1.5,1,67,2.0,14.02,3,7.0,2
125,5.2,0,75,2.0,12.46,3,7.0,1
126,1.3,1,70,2.0,13.69,3,8.0,2
127,6.2,0,59,2.0,12.06,2,5.0,1
128,6.5,0,73,2.0,13.01,3,6.0,1
129,1.2,1,66,2.0,13.21,2,6.0,2
130,5.7,0,66,2.0,10.43,3,5.0,1
131,3.4,1,65,2.0,,3,7.0,0
132,5.6,0,66,1.0,13.33,2,5.0,2
133,6.0,0,66,2.0,37.49,3,7.0,2
134,5.1,0,59,2.0,11.69,3,7.0,1
135,6.0,0,52,2.0,9.9,2,4.0,1
136,5.4,0,68,2.0,13.01,2,5.0,1
137,2.4,0,63,2.0,4.81,3,8.0,1
138,4.2,0,67,2.0,14.71,2,5.0,2
139,5.5,0,59,1.0,9.01,2,5.0,1
140,5.4,0,57,1.0,10.9,3,6.0,1
141,8.2,0,62,2.0,10.72,3,7.0,1
142,10.2,0,63,2.0,5.14,2,5.0,1
143,2.5,1,73,2.0,46.92,4,9.0,2
144,7.9,0,68,2.0,,2,5.0,0
145,5.6,0,51,2.0,9.59,3,6.0,1
146,2.1,1,56,2.0,9.01,3,7.0,1
