,id,y,time,sec
1,1,1.0,0,1
2,1,2.0,6,1
3,1,2.0,12,1
4,1,2.0,24,1
5,2,1.0,0,1
6,2,2.0,6,1
7,2,2.0,12,1
8,2,1.0,24,1
9,3,0.0,0,1
10,3,2.0,6,1
11,3,2.0,12,1
12,3,2.0,24,1
13,4,1.0,0,1
14,4,1.0,6,1
15,4,1.0,12,1
16,4,1.0,24,1
17,5,0.0,0,1
18,5,1.0,6,1
19,5,2.0,12,1
20,5,2.0,24,1
21,6,2.0,0,1
22,6,2.0,6,1
23,6,2.0,12,1
24,6,2.0,24,1
25,7,2.0,0,1
26,7,2.0,6,1
27,7,2.0,12,1
28,7,2.0,24,1
29,8,2.0,0,1
30,8,0.0,6,1
31,8,0.0,12,1
32,8,2.0,24,1
33,9,1.0,0,1
34,9,1.0,6,1
35,9,2.0,12,1
36,9,2.0,24,1
37,10,2.0,0,1
38,10,,6,1
39,10,,12,1
40,10,,24,1
41,11,1.0,0,1
42,11,2.0,6,1
43,11,,12,1
44,11,1.0,24,1
45,12,1.0,0,1
46,12,2.0,6,1
47,12,1.0,12,1
48,12,1.0,24,1
49,13,0.0,0,1
50,13,0.0,6,1
51,13,2.0,12,1
52,13,,24,1
53,14,0.0,0,1
54,14,2.0,6,1
55,14,2.0,12,1
56,14,2.0,24,1
57,15,0.0,0,1
58,15,1.0,6,1
59,15,0.0,12,1
60,15,0.0,24,1
61,16,0.0,0,1
62,16,,6,1
63,16,,12,1
64,16,,24,1
65,17,0.0,0,1
66,17,2.0,6,1
67,17,2.0,12,1
68,17,1.0,24,1
69,18,1.0,0,1
70,18,1.0,6,1
71,18,2.0,12,1
72,18,2.0,24,1
73,19,2.0,0,1
74,19,1.0,6,1
75,19,2.0,12,1
76,19,2.0,24,1
77,20,1.0,0,1
78,20,2.0,6,1
79,20,2.0,12,1
80,20,2.0,24,1
81,21,0.0,0,1
82,21,2.0,6,1
83,21,2.0,12,1
84,21,0.0,24,1
85,22,0.0,0,1
86,22,1.0,6,1
87,22,2.0,12,1
88,22,2.0,24,1
89,23,1.0,0,1
90,23,2.0,6,1
91,23,2.0,12,1
92,23,2.0,24,1
93,24,1.0,0,1
94,24,2.0,6,1
95,24,2.0,12,1
96,24,2.0,24,1
97,25,2.0,0,1
98,25,2.0,6,1
99,25,2.0,12,1
100,25,2.0,24,1
101,26,1.0,0,1
102,26,2.0,6,1
103,26,2.0,12,1
104,26,2.0,24,1
105,27,1.0,0,1
106,27,1.0,6,1
107,27,2.0,12,1
108,27,,24,1
109,28,0.0,0,1
110,28,0.0,6,1
111,28,0.0,12,1
112,28,0.0,24,1
113,29,0.0,0,1
114,29,2.0,6,1
115,29,1.0,12,1
116,29,1.0,24,1
117,30,2.0,0,1
118,30,,6,1
119,30,,12,1
120,30,,24,1
121,31,2.0,0,1
122,31,2.0,6,1
123,31,2.0,12,1
124,31,2.0,24,1
125,32,0.0,0,1
126,32,0.0,6,1
127,32,,12,1
128,32,,24,1
129,33,1.0,0,1
130,33,,6,1
131,33,,12,1
132,33,,24,1
133,34,2.0,0,1
134,34,2.0,6,1
135,34,0.0,12,1
136,34,0.0,24,1
137,35,0.0,0,1
138,35,1.0,6,1
139,35,0.0,12,1
140,35,0.0,24,1
141,36,2.0,0,1
142,36,2.0,6,1
143,36,2.0,12,1
144,36,2.0,24,1
145,37,0.0,0,1
146,37,1.0,6,1
147,37,1.0,12,1
148,37,,24,1
149,38,1.0,0,1
150,38,,6,1
151,38,2.0,12,1
152,38,1.0,24,1
153,39,1.0,0,1
154,39,2.0,6,1
155,39,2.0,12,1
156,39,2.0,24,1
157,40,1.0,0,1
158,40,2.0,6,1
159,40,2.0,12,1
160,40,2.0,24,1
161,41,0.0,0,1
162,41,2.0,6,1
163,41,0.0,12,1
164,41,2.0,24,1
165,42,1.0,0,1
166,42,2.0,6,1
167,42,2.0,12,1
168,42,0.0,24,1
169,43,2.0,0,1
170,43,2.0,6,1
171,43,1.0,12,1
172,43,1.0,24,1
173,44,1.0,0,1
174,44,2.0,6,1
175,44,2.0,12,1
176,44,2.0,24,1
177,45,0.0,0,1
178,45,2.0,6,1
179,45,1.0,12,1
180,45,2.0,24,1
181,46,0.0,0,1
182,46,2.0,6,1
183,46,2.0,12,1
184,46,2.0,24,1
185,47,0.0,0,1
186,47,2.0,6,1
187,47,2.0,12,1
188,47,2.0,24,1
189,48,0.0,0,1
190,48,2.0,6,1
191,48,2.0,12,1
192,48,2.0,24,1
193,49,0.0,0,1
194,49,2.0,6,1
195,49,2.0,12,1
196,49,2.0,24,1
197,50,0.0,0,1
198,50,,6,1
199,50,,12,1
200,50,,24,1
201,51,1.0,0,1
202,51,2.0,6,1
203,51,2.0,12,1
204,51,2.0,24,1
205,52,1.0,0,1
206,52,,6,1
207,52,,12,1
208,52,,24,1
209,53,0.0,0,1
210,53,2.0,6,1
211,53,,12,1
212,53,0.0,24,1
213,54,0.0,0,1
214,54,1.0,6,1
215,54,1.0,12,1
216,54,1.0,24,1
217,55,0.0,0,1
218,55,2.0,6,1
219,55,2.0,12,1
220,55,2.0,24,1
221,56,0.0,0,1
222,56,1.0,6,1
223,56,,12,1
224,56,0.0,24,1
225,57,1.0,0,1
226,57,1.0,6,1
227,57,2.0,12,1
228,57,1.0,24,1
229,58,2.0,0,1
230,58,2.0,6,1
231,58,2.0,12,1
232,58,2.0,24,1
233,59,1.0,0,1
234,59,2.0,6,1
235,59,2.0,12,1
236,59,2.0,24,1
237,60,2.0,0,1
238,60,2.0,6,1
239,60,2.0,12,1
240,60,2.0,24,1
241,61,1.0,0,1
242,61,2.0,6,1
243,61,2.0,12,1
244,61,2.0,24,1
245,62,1.0,0,1
246,62,2.0,6,1
247,62,2.0,12,1
248,62,2.0,24,1
249,63,1.0,0,1
250,63,,6,1
251,63,,12,1
252,63,,24,1
253,64,1.0,0,1
254,64,1.0,6,1
255,64,1.0,12,1
256,64,1.0,24,1
257,65,2.0,0,1
258,65,2.0,6,1
259,65,1.0,12,1
260,65,,24,1
261,66,0.0,0,1
262,66,2.0,6,1
263,66,,12,1
264,66,0.0,24,1
265,67,1.0,0,1
266,67,0.0,6,1
267,67,2.0,12,1
268,67,1.0,24,1
269,68,1.0,0,1
270,68,2.0,6,1
271,68,,12,1
272,68,2.0,24,1
273,69,0.0,0,1
274,69,2.0,6,1
275,69,2.0,12,1
276,69,2.0,24,1
277,70,0.0,0,1
278,70,2.0,6,1
279,70,2.0,12,1
280,70,2.0,24,1
281,71,1.0,0,1
282,71,2.0,6,1
283,71,2.0,12,1
284,71,1.0,24,1
285,72,0.0,0,1
286,72,1.0,6,1
287,72,2.0,12,1
288,72,1.0,24,1
289,73,1.0,0,1
290,73,,6,1
291,73,2.0,12,1
292,73,2.0,24,1
293,74,0.0,0,1
294,74,1.0,6,1
295,74,2.0,12,1
296,74,2.0,24,1
297,75,0.0,0,1
298,75,2.0,6,1
299,75,2.0,12,1
300,75,2.0,24,1
301,76,0.0,0,1
302,76,1.0,6,1
303,76,,12,1
304,76,2.0,24,1
305,77,1.0,0,1
306,77,2.0,6,1
307,77,2.0,12,1
308,77,2.0,24,1
309,78,0.0,0,1
310,78,1.0,6,1
311,78,2.0,12,1
312,78,2.0,24,1
313,79,0.0,0,1
314,79,2.0,6,1
315,79,2.0,12,1
316,79,2.0,24,1
317,80,1.0,0,1
318,80,2.0,6,1
319,80,1.0,12,1
320,80,1.0,24,1
321,81,1.0,0,1
322,81,2.0,6,1
323,81,2.0,12,1
324,81,2.0,24,1
325,82,0.0,0,1
326,82,1.0,6,1
327,82,2.0,12,1
328,82,2.0,24,1
329,83,1.0,0,1
330,83,2.0,6,1
331,83,2.0,12,1
332,83,2.0,24,1
333,84,0.0,0,1
334,84,2.0,6,1
335,84,2.0,12,1
336,84,2.0,24,1
337,85,1.0,0,1
338,85,2.0,6,1
339,85,2.0,12,1
340,85,2.0,24,1
341,86,0.0,0,1
342,86,1.0,6,1
343,86,0.0,12,1
344,86,1.0,24,1
345,87,2.0,0,1
346,87,2.0,6,1
347,87,0.0,12,1
348,87,,24,1
349,88,2.0,0,1
350,88,2.0,6,1
351,88,2.0,12,1
352,88,1.0,24,1
353,89,0.0,0,1
354,89,2.0,6,1
355,89,2.0,12,1
356,89,2.0,24,1
357,90,1.0,0,1
358,90,2.0,6,1
359,90,2.0,12,1
360,90,2.0,24,1
361,91,1.0,0,1
362,91,,6,1
363,91,,12,1
364,91,,24,1
365,92,1.0,0,1
366,92,,6,1
367,92,,12,1
368,92,,24,1
369,93,1.0,0,1
370,93,2.0,6,1
371,93,2.0,12,1
372,93,2.0,24,1
373,94,0.0,0,1
374,94,0.0,6,1
375,94,0.0,12,1
376,94,0.0,24,1
377,95,0.0,0,1
378,95,2.0,6,1
379,95,2.0,12,1
380,95,2.0,24,1
381,96,0.0,0,1
382,96,2.0,6,1
383,96,2.0,12,1
384,96,2.0,24,1
385,97,0.0,0,1
386,97,1.0,6,1
387,97,,12,1
388,97,,24,1
389,98,0.0,0,1
390,98,2.0,6,1
391,98,2.0,12,1
392,98,2.0,24,1
393,99,0.0,0,1
394,99,0.0,6,1
395,99,0.0,12,1
396,99,0.0,24,1
397,100,1.0,0,1
398,100,2.0,6,1
399,100,1.0,12,1
400,100,1.0,24,1
401,101,0.0,0,1
402,101,0.0,6,1
403,101,0.0,12,1
404,101,0.0,24,1
405,102,2.0,0,1
406,102,1.0,6,1
407,102,2.0,12,1
408,102,0.0,24,1
409,103,0.0,0,1
410,103,2.0,6,1
411,103,2.0,12,1
412,103,2.0,24,1
413,104,1.0,0,1
414,104,2.0,6,1
415,104,2.0,12,1
416,104,2.0,24,1
417,105,1.0,0,1
418,105,1.0,6,1
419,105,2.0,12,1
420,105,2.0,24,1
421,106,2.0,0,1
422,106,2.0,6,1
423,106,2.0,12,1
424,106,2.0,24,1
425,107,1.0,0,1
426,107,1.0,6,1
427,107,1.0,12,1
428,107,1.0,24,1
429,108,1.0,0,1
430,108,2.0,6,1
431,108,2.0,12,1
432,108,1.0,24,1
433,109,0.0,0,1
434,109,2.0,6,1
435,109,2.0,12,1
436,109,2.0,24,1
437,110,1.0,0,1
438,110,2.0,6,1
439,110,2.0,12,1
440,110,2.0,24,1
441,111,1.0,0,1
442,111,,6,1
443,111,,12,1
444,111,,24,1
445,112,0.0,0,1
446,112,1.0,6,1
447,112,0.0,12,1
448,112,1.0,24,1
449,113,2.0,0,1
450,113,1.0,6,1
451,113,2.0,12,1
452,113,2.0,24,1
453,114,0.0,0,1
454,114,1.0,6,1
455,114,1.0,12,1
456,114,2.0,24,1
457,115,1.0,0,1
458,115,0.0,6,1
459,115,0.0,12,1
460,115,1.0,24,1
461,116,1.0,0,1
462,116,,6,1
463,116,,12,1
464,116,,24,1
465,117,0.0,0,1
466,117,1.0,6,1
467,117,2.0,12,1
468,117,1.0,24,1
469,118,2.0,0,1
470,118,2.0,6,1
471,118,2.0,12,1
472,118,2.0,24,1
473,119,1.0,0,1
474,119,1.0,6,1
475,119,1.0,12,1
476,119,,24,1
477,120,2.0,0,1
478,120,2.0,6,1
479,120,2.0,12,1
480,120,2.0,24,1
481,121,1.0,0,1
482,121,2.0,6,1
483,121,2.0,12,1
484,121,2.0,24,1
485,122,0.0,0,1
486,122,2.0,6,1
487,122,2.0,12,1
488,122,2.0,24,1
489,123,0.0,0,1
490,123,0.0,6,1
491,123,2.0,12,1
492,123,2.0,24,1
493,124,0.0,0,1
494,124,2.0,6,1
495,124,2.0,12,1
496,124,2.0,24,1
497,125,0.0,0,1
498,125,2.0,6,1
499,125,2.0,12,1
500,125,2.0,24,1
501,126,0.0,0,1
502,126,2.0,6,1
503,126,2.0,12,1
504,126,2.0,24,1
505,127,1.0,0,1
506,127,2.0,6,1
507,127,2.0,12,1
508,127,2.0,24,1
509,128,0.0,0,1
510,128,1.0,6,1
511,128,1.0,12,1
512,128,1.0,24,1
513,129,1.0,0,1
514,129,2.0,6,1
515,129,2.0,12,1
516,129,2.0,24,1
517,130,2.0,0,1
518,130,2.0,6,1
519,130,2.0,12,1
520,130,2.0,24,1
521,131,1.0,0,1
522,131,1.0,6,1
523,131,0.0,12,1
524,131,1.0,24,1
525,132,0.0,0,1
526,132,2.0,6,1
527,132,2.0,12,1
528,132,2.0,24,1
529,133,1.0,0,1
530,133,2.0,6,1
531,133,2.0,12,1
532,133,,24,1
533,134,1.0,0,1
534,134,,6,1
535,134,2.0,12,1
536,134,2.0,24,1
537,135,1.0,0,1
538,135,,6,1
539,135,2.0,12,1
540,135,1.0,24,1
541,136,0.0,0,1
542,136,1.0,6,1
543,136,1.0,12,1
544,136,1.0,24,1
545,137,1.0,0,1
546,137,2.0,6,1
547,137,2.0,12,1
548,137,2.0,24,1
549,138,1.0,0,1
550,138,2.0,6,1
551,138,2.0,12,1
552,138,2.0,24,1
553,139,0.0,0,1
554,139,2.0,6,1
555,139,2.0,12,1
556,139,2.0,24,1
557,140,0.0,0,1
558,140,2.0,6,1
559,140,2.0,12,1
560,140,2.0,24,1
561,141,1.0,0,1
562,141,1.0,6,1
563,141,1.0,12,1
564,141,2.0,24,1
565,142,2.0,0,1
566,142,2.0,6,1
567,142,2.0,12,1
568,142,2.0,24,1
569,143,0.0,0,1
570,143,1.0,6,1
571,143,1.0,12,1
572,143,1.0,24,1
573,144,0.0,0,1
574,144,2.0,6,1
575,144,2.0,12,1
576,144,2.0,24,1
577,145,0.0,0,1
578,145,1.0,6,1
579,145,,12,1
580,145,,24,1
581,146,0.0,0,1
582,146,1.0,6,1
583,146,,12,1
584,146,2.0,24,1
585,147,0.0,0,1
586,147,0.0,6,1
587,147,0.0,12,1
588,147,1.0,24,1
589,148,0.0,0,1
590,148,1.0,6,1
591,148,0.0,12,1
592,148,0.0,24,1
593,149,1.0,0,1
594,149,2.0,6,1
595,149,2.0,12,1
596,149,1.0,24,1
597,150,0.0,0,1
598,150,1.0,6,1
599,150,1.0,12,1
600,150,1.0,24,1
601,151,1.0,0,1
602,151,2.0,6,1
603,151,2.0,12,1
604,151,2.0,24,1
605,152,1.0,0,1
606,152,0.0,6,1
607,152,0.0,12,1
608,152,0.0,24,1
609,153,1.0,0,1
610,153,2.0,6,1
611,153,2.0,12,1
612,153,2.0,24,1
613,154,1.0,0,1
614,154,1.0,6,1
615,154,,12,1
616,154,,24,1
617,155,1.0,0,1
618,155,,6,1
619,155,,12,1
620,155,0.0,24,1
621,156,0.0,0,1
622,156,0.0,6,1
623,156,,12,1
624,156,1.0,24,1
625,157,1.0,0,1
626,157,2.0,6,1
627,157,2.0,12,1
628,157,2.0,24,1
629,158,0.0,0,1
630,158,2.0,6,1
631,158,2.0,12,1
632,158,2.0,24,1
633,159,0.0,0,1
634,159,1.0,6,1
635,159,2.0,12,1
636,159,2.0,24,1
637,160,1.0,0,1
638,160,2.0,6,1
639,160,2.0,12,1
640,160,2.0,24,1
641,161,1.0,0,1
642,161,2.0,6,1
643,161,2.0,12,1
644,161,0.0,24,1
645,162,2.0,0,1
646,162,1.0,6,1
647,162,2.0,12,1
648,162,2.0,24,1
649,163,1.0,0,1
650,163,2.0,6,1
651,163,2.0,12,1
652,163,,24,1
653,164,0.0,0,1
654,164,0.0,6,1
655,164,2.0,12,1
656,164,2.0,24,1
657,165,0.0,0,1
658,165,1.0,6,1
659,165,2.0,12,1
660,165,2.0,24,1
661,166,0.0,0,1
662,166,0.0,6,1
663,166,0.0,12,1
664,166,0.0,24,1
665,167,1.0,0,1
666,167,1.0,6,1
667,167,2.0,12,1
668,167,2.0,24,1
669,168,0.0,0,1
670,168,1.0,6,1
671,168,2.0,12,1
672,168,2.0,24,1
673,169,1.0,0,1
674,169,2.0,6,1
675,169,2.0,12,1
676,169,2.0,24,1
677,170,0.0,0,1
678,170,2.0,6,1
679,170,1.0,12,1
680,170,1.0,24,1
681,171,1.0,0,1
682,171,2.0,6,1
683,171,2.0,12,1
684,171,2.0,24,1
685,172,1.0,0,1
686,172,,6,1
687,172,1.0,12,1
688,172,2.0,24,1
689,173,2.0,0,1
690,173,2.0,6,1
691,173,2.0,12,1
692,173,2.0,24,1
693,174,0.0,0,1
694,174,1.0,6,1
695,174,0.0,12,1
696,174,0.0,24,1
697,175,0.0,0,1
698,175,,6,1
699,175,1.0,12,1
700,175,1.0,24,1
701,176,0.0,0,1
702,176,2.0,6,1
703,176,2.0,12,1
704,176,1.0,24,1
705,177,1.0,0,1
706,177,2.0,6,1
707,177,2.0,12,1
708,177,2.0,24,1
709,178,0.0,0,1
710,178,,6,1
711,178,2.0,12,1
712,178,2.0,24,1
713,179,1.0,0,1
714,179,,6,1
715,179,2.0,12,1
716,179,2.0,24,1
717,180,2.0,0,1
718,180,2.0,6,1
719,180,1.0,12,1
720,180,1.0,24,1
721,181,0.0,0,1
722,181,2.0,6,1
723,181,2.0,12,1
724,181,2.0,24,1
725,182,1.0,0,0
726,182,0.0,6,0
727,182,0.0,12,0
728,182,1.0,24,0
729,183,2.0,0,0
730,183,,6,0
731,183,1.0,12,0
732,183,0.0,24,0
733,184,0.0,0,0
734,184,1.0,6,0
735,184,1.0,12,0
736,184,1.0,24,0
737,185,1.0,0,0
738,185,1.0,6,0
739,185,1.0,12,0
740,185,0.0,24,0
741,186,1.0,0,0
742,186,1.0,6,0
743,186,1.0,12,0
744,186,1.0,24,0
745,187,0.0,0,0
746,187,2.0,6,0
747,187,2.0,12,0
748,187,2.0,24,0
749,188,2.0,0,0
750,188,2.0,6,0
751,188,1.0,12,0
752,188,1.0,24,0
753,189,0.0,0,0
754,189,1.0,6,0
755,189,0.0,12,0
756,189,,24,0
757,190,0.0,0,0
758,190,1.0,6,0
759,190,1.0,12,0
760,190,1.0,24,0
761,191,0.0,0,0
762,191,0.0,6,0
763,191,2.0,12,0
764,191,2.0,24,0
765,192,0.0,0,0
766,192,1.0,6,0
767,192,1.0,12,0
768,192,1.0,24,0
769,193,1.0,0,0
770,193,,6,0
771,193,1.0,12,0
772,193,,24,0
773,194,0.0,0,0
774,194,1.0,6,0
775,194,,12,0
776,194,,24,0
777,195,1.0,0,0
778,195,2.0,6,0
779,195,1.0,12,0
780,195,1.0,24,0
781,196,0.0,0,0
782,196,0.0,6,0
783,196,0.0,12,0
784,196,0.0,24,0
785,197,1.0,0,0
786,197,1.0,6,0
787,197,1.0,12,0
788,197,2.0,24,0
789,198,0.0,0,0
790,198,2.0,6,0
791,198,2.0,12,0
792,198,2.0,24,0
793,199,1.0,0,0
794,199,1.0,6,0
795,199,1.0,12,0
796,199,1.0,24,0
797,200,0.0,0,0
798,200,1.0,6,0
799,200,1.0,12,0
800,200,2.0,24,0
801,201,2.0,0,0
802,201,1.0,6,0
803,201,1.0,12,0
804,201,1.0,24,0
805,202,0.0,0,0
806,202,0.0,6,0
807,202,1.0,12,0
808,202,0.0,24,0
809,203,1.0,0,0
810,203,1.0,6,0
811,203,1.0,12,0
812,203,1.0,24,0
813,204,1.0,0,0
814,204,1.0,6,0
815,204,1.0,12,0
816,204,1.0,24,0
817,205,1.0,0,0
818,205,1.0,6,0
819,205,1.0,12,0
820,205,2.0,24,0
821,206,0.0,0,0
822,206,0.0,6,0
823,206,0.0,12,0
824,206,2.0,24,0
825,207,0.0,0,0
826,207,,6,0
827,207,,12,0
828,207,,24,0
829,208,2.0,0,0
830,208,1.0,6,0
831,208,,12,0
832,208,2.0,24,0
833,209,0.0,0,0
834,209,1.0,6,0
835,209,,12,0
836,209,,24,0
837,210,2.0,0,0
838,210,2.0,6,0
839,210,2.0,12,0
840,210,2.0,24,0
841,211,0.0,0,0
842,211,1.0,6,0
843,211,0.0,12,0
844,211,0.0,24,0
845,212,0.0,0,0
846,212,2.0,6,0
847,212,1.0,12,0
848,212,2.0,24,0
849,213,0.0,0,0
850,213,1.0,6,0
851,213,2.0,12,0
852,213,2.0,24,0
853,214,0.0,0,0
854,214,1.0,6,0
855,214,1.0,12,0
856,214,1.0,24,0
857,215,1.0,0,0
858,215,1.0,6,0
859,215,2.0,12,0
860,215,1.0,24,0
861,216,1.0,0,0
862,216,0.0,6,0
863,216,1.0,12,0
864,216,1.0,24,0
865,217,0.0,0,0
866,217,0.0,6,0
867,217,0.0,12,0
868,217,0.0,24,0
869,218,1.0,0,0
870,218,1.0,6,0
871,218,1.0,12,0
872,218,1.0,24,0
873,219,0.0,0,0
874,219,2.0,6,0
875,219,2.0,12,0
876,219,2.0,24,0
877,220,0.0,0,0
878,220,,6,0
879,220,,12,0
880,220,,24,0
881,221,1.0,0,0
882,221,1.0,6,0
883,221,2.0,12,0
884,221,2.0,24,0
885,222,0.0,0,0
886,222,1.0,6,0
887,222,,12,0
888,222,0.0,24,0
889,223,1.0,0,0
890,223,0.0,6,0
891,223,,12,0
892,223,,24,0
893,224,0.0,0,0
894,224,1.0,6,0
895,224,2.0,12,0
896,224,,24,0
897,225,0.0,0,0
898,225,0.0,6,0
899,225,,12,0
900,225,,24,0
901,226,1.0,0,0
902,226,1.0,6,0
903,226,1.0,12,0
904,226,2.0,24,0
905,227,0.0,0,0
906,227,2.0,6,0
907,227,2.0,12,0
908,227,2.0,24,0
909,228,0.0,0,0
910,228,1.0,6,0
911,228,0.0,12,0
912,228,,24,0
913,229,0.0,0,0
914,229,1.0,6,0
915,229,1.0,12,0
916,229,2.0,24,0
917,230,1.0,0,0
918,230,2.0,6,0
919,230,,12,0
920,230,1.0,24,0
921,231,,0,0
922,231,,6,0
923,231,,12,0
924,231,,24,0
925,232,0.0,0,0
926,232,2.0,6,0
927,232,2.0,12,0
928,232,2.0,24,0
929,233,1.0,0,0
930,233,1.0,6,0
931,233,2.0,12,0
932,233,2.0,24,0
933,234,2.0,0,0
934,234,2.0,6,0
935,234,2.0,12,0
936,234,1.0,24,0
937,235,0.0,0,0
938,235,0.0,6,0
939,235,1.0,12,0
940,235,1.0,24,0
941,236,1.0,0,0
942,236,1.0,6,0
943,236,1.0,12,0
944,236,1.0,24,0
945,237,0.0,0,0
946,237,,6,0
947,237,1.0,12,0
948,237,1.0,24,0
949,238,0.0,0,0
950,238,2.0,6,0
951,238,2.0,12,0
952,238,,24,0
953,239,1.0,0,0
954,239,2.0,6,0
955,239,,12,0
956,239,2.0,24,0
957,240,0.0,0,0
958,240,,6,0
959,240,1.0,12,0
960,240,1.0,24,0
961,241,0.0,0,0
962,241,1.0,6,0
963,241,,12,0
964,241,0.0,24,0
965,242,0.0,0,0
966,242,1.0,6,0
967,242,2.0,12,0
968,242,2.0,24,0
969,243,0.0,0,0
970,243,1.0,6,0
971,243,1.0,12,0
972,243,2.0,24,0
973,244,1.0,0,0
974,244,1.0,6,0
975,244,2.0,12,0
976,244,1.0,24,0
977,245,0.0,0,0
978,245,0.0,6,0
979,245,1.0,12,0
980,245,1.0,24,0
981,246,1.0,0,0
982,246,1.0,6,0
983,246,1.0,12,0
984,246,1.0,24,0
985,247,1.0,0,0
986,247,2.0,6,0
987,247,1.0,12,0
988,247,1.0,24,0
989,248,2.0,0,0
990,248,2.0,6,0
991,248,2.0,12,0
992,248,2.0,24,0
993,249,1.0,0,0
994,249,1.0,6,0
995,249,1.0,12,0
996,249,2.0,24,0
997,250,0.0,0,0
998,250,,6,0
999,250,,12,0
1000,250,,24,0
1001,251,1.0,0,0
1002,251,2.0,6,0
1003,251,1.0,12,0
1004,251,2.0,24,0
1005,252,0.0,0,0
1006,252,1.0,6,0
1007,252,1.0,12,0
1008,252,1.0,24,0
1009,253,1.0,0,0
1010,253,1.0,6,0
1011,253,2.0,12,0
1012,253,2.0,24,0
1013,254,0.0,0,0
1014,254,1.0,6,0
1015,254,,12,0
1016,254,1.0,24,0
1017,255,0.0,0,0
1018,255,0.0,6,0
1019,255,1.0,12,0
1020,255,2.0,24,0
1021,256,2.0,0,0
1022,256,1.0,6,0
1023,256,1.0,12,0
1024,256,2.0,24,0
1025,257,0.0,0,0
1026,257,0.0,6,0
1027,257,0.0,12,0
1028,257,0.0,24,0
1029,258,0.0,0,0
1030,258,1.0,6,0
1031,258,1.0,12,0
1032,258,1.0,24,0
1033,259,0.0,0,0
1034,259,0.0,6,0
1035,259,1.0,12,0
1036,259,1.0,24,0
1037,260,1.0,0,0
1038,260,,6,0
1039,260,,12,0
1040,260,,24,0
1041,261,1.0,0,0
1042,261,1.0,6,0
1043,261,1.0,12,0
1044,261,1.0,24,0
1045,262,0.0,0,0
1046,262,1.0,6,0
1047,262,2.0,12,0
1048,262,1.0,24,0
1049,263,0.0,0,0
1050,263,2.0,6,0
1051,263,2.0,12,0
1052,263,1.0,24,0
1053,264,0.0,0,0
1054,264,1.0,6,0
1055,264,2.0,12,0
1056,264,2.0,24,0
1057,265,1.0,0,0
1058,265,2.0,6,0
1059,265,2.0,12,0
1060,265,2.0,24,0
1061,266,1.0,0,0
1062,266,2.0,6,0
1063,266,2.0,12,0
1064,266,2.0,24,0
1065,267,0.0,0,0
1066,267,0.0,6,0
1067,267,0.0,12,0
1068,267,0.0,24,0
1069,268,1.0,0,0
1070,268,1.0,6,0
1071,268,2.0,12,0
1072,268,2.0,24,0
1073,269,1.0,0,0
1074,269,1.0,6,0
1075,269,1.0,12,0
1076,269,,24,0
1077,270,0.0,0,0
1078,270,1.0,6,0
1079,270,1.0,12,0
1080,270,0.0,24,0
1081,271,1.0,0,0
1082,271,1.0,6,0
1083,271,1.0,12,0
1084,271,2.0,24,0
1085,272,1.0,0,0
1086,272,1.0,6,0
1087,272,2.0,12,0
1088,272,2.0,24,0
1089,273,0.0,0,0
1090,273,2.0,6,0
1091,273,2.0,12,0
1092,273,2.0,24,0
1093,274,1.0,0,0
1094,274,0.0,6,0
1095,274,1.0,12,0
1096,274,0.0,24,0
1097,275,1.0,0,0
1098,275,1.0,6,0
1099,275,0.0,12,0
1100,275,0.0,24,0
1101,276,1.0,0,0
1102,276,1.0,6,0
1103,276,,12,0
1104,276,1.0,24,0
1105,277,0.0,0,0
1106,277,2.0,6,0
1107,277,2.0,12,0
1108,277,2.0,24,0
1109,278,1.0,0,0
1110,278,1.0,6,0
1111,278,1.0,12,0
1112,278,1.0,24,0
1113,279,1.0,0,0
1114,279,,6,0
1115,279,1.0,12,0
1116,279,1.0,24,0
1117,280,0.0,0,0
1118,280,1.0,6,0
1119,280,1.0,12,0
1120,280,1.0,24,0
1121,281,0.0,0,0
1122,281,1.0,6,0
1123,281,1.0,12,0
1124,281,1.0,24,0
1125,282,0.0,0,0
1126,282,0.0,6,0
1127,282,2.0,12,0
1128,282,2.0,24,0
1129,283,0.0,0,0
1130,283,2.0,6,0
1131,283,1.0,12,0
1132,283,1.0,24,0
1133,284,0.0,0,0
1134,284,2.0,6,0
1135,284,1.0,12,0
1136,284,,24,0
1137,285,2.0,0,0
1138,285,1.0,6,0
1139,285,1.0,12,0
1140,285,2.0,24,0
1141,286,1.0,0,0
1142,286,,6,0
1143,286,,12,0
1144,286,,24,0
1145,287,0.0,0,0
1146,287,1.0,6,0
1147,287,1.0,12,0
1148,287,1.0,24,0
1149,288,1.0,0,0
1150,288,,6,0
1151,288,,12,0
1152,288,,24,0
1153,289,0.0,0,0
1154,289,1.0,6,0
1155,289,,12,0
1156,289,,24,0
1157,290,0.0,0,0
1158,290,1.0,6,0
1159,290,1.0,12,0
1160,290,1.0,24,0
1161,291,0.0,0,0
1162,291,2.0,6,0
1163,291,2.0,12,0
1164,291,2.0,24,0
1165,292,0.0,0,0
1166,292,1.0,6,0
1167,292,1.0,12,0
1168,292,2.0,24,0
1169,293,0.0,0,0
1170,293,1.0,6,0
1171,293,1.0,12,0
1172,293,1.0,24,0
1173,294,0.0,0,0
1174,294,2.0,6,0
1175,294,2.0,12,0
1176,294,2.0,24,0
1177,295,1.0,0,0
1178,295,1.0,6,0
1179,295,2.0,12,0
1180,295,1.0,24,0
1181,296,0.0,0,0
1182,296,1.0,6,0
1183,296,1.0,12,0
1184,296,1.0,24,0
1185,297,0.0,0,0
1186,297,2.0,6,0
1187,297,1.0,12,0
1188,297,1.0,24,0
1189,298,0.0,0,0
1190,298,1.0,6,0
1191,298,1.0,12,0
1192,298,1.0,24,0
1193,299,0.0,0,0
1194,299,1.0,6,0
1195,299,2.0,12,0
1196,299,2.0,24,0
1197,300,0.0,0,0
1198,300,0.0,6,0
1199,300,1.0,12,0
1200,300,1.0,24,0
1201,301,2.0,0,0
1202,301,1.0,6,0
1203,301,1.0,12,0
1204,301,1.0,24,0
1205,302,0.0,0,0
1206,302,,6,0
1207,302,,12,0
1208,302,,24,0
1209,303,1.0,0,0
1210,303,1.0,6,0
1211,303,1.0,12,0
1212,303,2.0,24,0
1213,304,2.0,0,0
1214,304,2.0,6,0
1215,304,2.0,12,0
1216,304,2.0,24,0
1217,305,0.0,0,0
1218,305,1.0,6,0
1219,305,1.0,12,0
1220,305,1.0,24,0
1221,306,1.0,0,0
1222,306,1.0,6,0
1223,306,1.0,12,0
1224,306,2.0,24,0
1225,307,0.0,0,0
1226,307,2.0,6,0
1227,307,2.0,12,0
1228,307,1.0,24,0
1229,308,0.0,0,0
1230,308,1.0,6,0
1231,308,1.0,12,0
1232,308,2.0,24,0
1233,309,0.0,0,0
1234,309,1.0,6,0
1235,309,1.0,12,0
1236,309,2.0,24,0
1237,310,1.0,0,0
1238,310,1.0,6,0
1239,310,1.0,12,0
1240,310,1.0,24,0
1241,311,0.0,0,0
1242,311,0.0,6,0
1243,311,0.0,12,0
1244,311,0.0,24,0
1245,312,2.0,0,0
1246,312,1.0,6,0
1247,312,,12,0
1248,312,2.0,24,0
1249,313,0.0,0,0
1250,313,0.0,6,0
1251,313,2.0,12,0
1252,313,,24,0
1253,314,2.0,0,0
1254,314,1.0,6,0
1255,314,1.0,12,0
1256,314,1.0,24,0
1257,315,2.0,0,0
1258,315,2.0,6,0
1259,315,2.0,12,0
1260,315,2.0,24,0
1261,316,1.0,0,0
1262,316,2.0,6,0
1263,316,2.0,12,0
1264,316,1.0,24,0
1265,317,1.0,0,0
1266,317,2.0,6,0
1267,317,2.0,12,0
1268,317,2.0,24,0
1269,318,0.0,0,0
1270,318,2.0,6,0
1271,318,2.0,12,0
1272,318,2.0,24,0
1273,319,0.0,0,0
1274,319,1.0,6,0
1275,319,,12,0
1276,319,,24,0
1277,320,1.0,0,0
1278,320,1.0,6,0
1279,320,1.0,12,0
1280,320,1.0,24,0
1281,321,0.0,0,0
1282,321,2.0,6,0
1283,321,2.0,12,0
1284,321,2.0,24,0
1285,322,0.0,0,0
1286,322,1.0,6,0
1287,322,0.0,12,0
1288,322,0.0,24,0
1289,323,0.0,0,0
1290,323,0.0,6,0
1291,323,1.0,12,0
1292,323,1.0,24,0
1293,324,0.0,0,0
1294,324,,6,0
1295,324,,12,0
1296,324,,24,0
1297,325,1.0,0,0
1298,325,1.0,6,0
1299,325,2.0,12,0
1300,325,,24,0
1301,326,0.0,0,0
1302,326,0.0,6,0
1303,326,2.0,12,0
1304,326,2.0,24,0
1305,327,0.0,0,0
1306,327,1.0,6,0
1307,327,1.0,12,0
1308,327,1.0,24,0
1309,328,1.0,0,0
1310,328,1.0,6,0
1311,328,1.0,12,0
1312,328,2.0,24,0
1313,329,0.0,0,0
1314,329,2.0,6,0
1315,329,,12,0
1316,329,,24,0
1317,330,2.0,0,0
1318,330,,6,0
1319,330,,12,0
1320,330,1.0,24,0
1321,331,1.0,0,0
1322,331,1.0,6,0
1323,331,2.0,12,0
1324,331,1.0,24,0
1325,332,0.0,0,0
1326,332,,6,0
1327,332,,12,0
1328,332,,24,0
1329,333,0.0,0,0
1330,333,1.0,6,0
1331,333,1.0,12,0
1332,333,1.0,24,0
1333,334,1.0,0,0
1334,334,0.0,6,0
1335,334,,12,0
1336,334,,24,0
1337,335,0.0,0,0
1338,335,1.0,6,0
1339,335,1.0,12,0
1340,335,,24,0
1341,336,0.0,0,0
1342,336,,6,0
1343,336,,12,0
1344,336,,24,0
1345,337,1.0,0,0
1346,337,1.0,6,0
1347,337,2.0,12,0
1348,337,2.0,24,0
1349,338,1.0,0,0
1350,338,2.0,6,0
1351,338,2.0,12,0
1352,338,2.0,24,0
1353,339,0.0,0,0
1354,339,0.0,6,0
1355,339,2.0,12,0
1356,339,2.0,24,0
1357,340,1.0,0,0
1358,340,1.0,6,0
1359,340,1.0,12,0
1360,340,0.0,24,0
1361,341,0.0,0,0
1362,341,,6,0
1363,341,,12,0
1364,341,,24,0
1365,342,0.0,0,0
1366,342,,6,0
1367,342,,12,0
1368,342,1.0,24,0
1369,343,0.0,0,0
1370,343,0.0,6,0
1371,343,0.0,12,0
1372,343,2.0,24,0
1373,344,2.0,0,0
1374,344,,6,0
1375,344,,12,0
1376,344,,24,0
1377,345,1.0,0,0
1378,345,1.0,6,0
1379,345,1.0,12,0
1380,345,2.0,24,0
1381,346,0.0,0,0
1382,346,1.0,6,0
1383,346,1.0,12,0
1384,346,0.0,24,0
1385,347,2.0,0,0
1386,347,0.0,6,0
1387,347,1.0,12,0
1388,347,1.0,24,0
1389,348,0.0,0,0
1390,348,1.0,6,0
1391,348,2.0,12,0
1392,348,,24,0
1393,349,1.0,0,0
1394,349,1.0,6,0
1395,349,1.0,12,0
1396,349,1.0,24,0
1397,350,2.0,0,0
1398,350,1.0,6,0
1399,350,1.0,12,0
1400,350,2.0,24,0
1401,351,1.0,0,0
1402,351,0.0,6,0
1403,351,1.0,12,0
1404,351,1.0,24,0
1405,352,0.0,0,0
1406,352,0.0,6,0
1407,352,,12,0
1408,352,,24,0
1409,353,0.0,0,0
1410,353,0.0,6,0
1411,353,1.0,12,0
1412,353,,24,0
1413,354,2.0,0,0
1414,354,2.0,6,0
1415,354,2.0,12,0
1416,354,2.0,24,0
1417,355,1.0,0,0
1418,355,1.0,6,0
1419,355,1.0,12,0
1420,355,0.0,24,0
1421,356,0.0,0,0
1422,356,2.0,6,0
1423,356,,12,0
1424,356,1.0,24,0
1425,357,0.0,0,0
1426,357,2.0,6,0
1427,357,,12,0
1428,357,,24,0
1429,358,0.0,0,0
1430,358,1.0,6,0
1431,358,1.0,12,0
1432,358,2.0,24,0
1433,359,1.0,0,0
1434,359,1.0,6,0
1435,359,1.0,12,0
1436,359,1.0,24,0
1437,360,0.0,0,0
1438,360,1.0,6,0
1439,360,1.0,12,0
1440,360,1.0,24,0
1441,361,0.0,0,0
1442,361,0.0,6,0
1443,361,,12,0
1444,361,,24,0
1445,362,1.0,0,0
1446,362,1.0,6,0
1447,362,1.0,12,0
1448,362,1.0,24,0
