,judge,nation,rater,decision,language,location,success
13,1,10,0,0,0,1,-1.09861
15,1,16,0,0,0,1,-0.75377
19,1,4,0,1,0,1,-1.04597
30,4,3,0,1,1,0,0.40547
36,0,10,1,1,1,0,-1.09861
42,8,10,1,1,0,1,-1.09861
45,7,6,0,0,0,1,-1.20831
46,4,15,0,0,0,1,-0.99462
51,4,15,1,0,1,0,-0.99462
52,7,2,0,0,0,2,-0.99462
63,2,4,1,1,0,2,-1.04597
75,2,10,0,0,1,0,-1.09861
76,7,16,0,0,0,1,-0.75377
77,4,2,0,0,1,0,-0.99462
83,8,14,1,0,0,2,-1.81529
89,3,16,0,0,0,1,-0.75377
94,3,10,1,0,0,1,-1.09861
105,7,11,1,0,0,2,-1.58563
107,3,12,0,0,0,1,-1.20831
111,5,10,0,0,0,1,-1.09861
113,2,10,0,0,1,0,-1.09861
114,2,4,1,0,1,0,-1.04597
115,2,11,1,0,0,1,-1.58563
120,2,16,0,0,1,0,-0.75377
121,2,10,1,0,0,1,-1.09861
122,8,4,0,0,0,1,-1.04597
128,3,10,1,1,0,2,-1.09861
130,3,10,0,0,0,2,-1.09861
134,4,10,0,0,0,1,-1.09861
135,2,15,1,0,1,0,-0.99462
140,2,15,0,0,1,0,-0.99462
145,4,10,0,0,0,1,-1.09861
148,1,4,1,1,0,1,-1.04597
149,8,15,0,1,0,2,-0.99462
150,4,10,0,0,0,1,-1.09861
158,9,4,0,1,0,1,-1.04597
159,9,10,0,1,0,2,-1.09861
161,2,14,1,0,1,0,-1.81529
167,5,9,0,1,0,2,-0.66329
174,6,6,0,0,0,1,-1.20831
188,2,15,0,0,1,0,-0.99462
198,7,9,0,0,1,0,-0.66329
202,8,4,0,0,0,1,-1.04597
220,3,6,1,0,0,1,-1.20831
230,8,7,1,0,0,1,-1.90096
233,3,7,0,0,0,1,-1.90096
252,2,10,0,0,1,0,-1.09861
254,2,10,0,0,1,0,-1.09861
263,5,16,0,1,0,1,-0.75377
282,4,16,1,1,0,1,-0.75377
285,4,16,1,1,0,1,-0.75377
310,4,15,1,0,0,2,-0.99462
313,3,16,1,0,0,1,-0.75377
317,6,10,0,1,0,0,-1.09861
323,9,2,0,0,0,1,-0.99462
328,4,2,0,0,1,0,-0.99462
332,0,9,1,0,1,0,-0.66329
340,2,1,0,0,1,0,-2.09074
343,2,1,0,0,1,0,-2.09074
345,4,1,0,0,1,0,-2.09074
347,5,10,1,1,0,1,-1.09861
348,4,16,1,0,0,1,-0.75377
362,0,1,1,1,0,2,-2.09074
365,6,2,0,0,0,1,-0.99462
366,1,14,0,0,0,2,-1.81529
371,6,3,0,1,1,0,0.40547
380,6,2,0,1,1,0,-0.99462
392,5,10,0,0,0,1,-1.09861
393,2,10,1,0,1,0,-1.09861
395,1,10,0,0,0,2,-1.09861
396,7,10,0,0,1,0,-1.09861
426,2,1,0,0,1,0,-2.09074
430,4,10,0,0,1,0,-1.09861
431,0,2,1,0,1,0,-0.99462
437,4,10,0,0,1,0,-1.09861
439,4,15,0,0,1,0,-0.99462
440,3,15,1,0,0,1,-0.99462
448,9,10,0,0,0,1,-1.09861
457,6,2,0,1,0,2,-0.99462
458,7,3,0,0,1,0,0.40547
465,5,2,0,1,0,1,-0.99462
472,7,2,0,0,0,1,-0.99462
477,4,16,1,1,0,2,-0.75377
480,2,14,1,0,1,0,-1.81529
484,6,16,0,1,0,1,-0.75377
488,1,1,0,0,0,2,-2.09074
490,7,2,0,0,0,1,-0.99462
506,2,0,0,0,1,0,-0.80012
507,5,12,1,1,0,1,-1.20831
509,4,15,1,1,0,1,-0.99462
522,6,14,0,0,1,0,-1.81529
523,8,2,0,0,0,1,-0.99462
525,5,16,1,0,0,1,-0.75377
528,6,10,0,1,1,2,-1.09861
533,4,12,0,0,0,1,-1.20831
536,1,10,1,0,0,1,-1.09861
540,4,1,0,0,0,1,-2.09074
542,4,7,0,1,0,1,-1.90096
546,7,1,1,0,1,0,-2.09074
548,7,1,0,0,0,0,-2.09074
550,4,2,1,0,0,1,-0.99462
554,0,2,0,0,0,1,-0.99462
556,0,16,0,1,0,1,-0.75377
579,0,1,1,1,1,0,-2.09074
580,1,16,0,0,0,1,-0.75377
585,7,9,0,0,0,1,-0.66329
590,5,16,1,1,0,1,-0.75377
595,1,2,0,0,0,1,-0.99462
603,7,10,1,0,1,0,-1.09861
607,8,16,0,0,0,1,-0.75377
617,4,1,1,0,1,0,-2.09074
622,4,2,0,0,1,0,-0.99462
629,4,3,1,0,1,0,0.40547
732,5,11,0,0,0,2,-1.58563
771,5,11,1,0,0,1,-1.58563
779,2,10,0,0,1,1,-1.09861
780,4,10,0,0,1,0,-1.09861
781,6,6,0,0,1,0,-1.20831
790,5,11,1,1,0,2,-1.58563
805,6,16,1,1,0,1,-0.75377
809,3,16,0,0,0,1,-0.75377
815,2,10,1,0,1,0,-1.09861
819,7,3,1,1,1,0,0.40547
821,2,16,1,0,1,0,-0.75377
823,3,10,0,0,1,2,-1.09861
824,2,10,0,0,1,0,-1.09861
828,0,10,0,1,0,1,-1.09861
831,0,10,0,0,1,0,-1.09861
833,3,10,0,0,0,1,-1.09861
834,3,16,0,0,0,1,-0.75377
835,0,4,1,1,0,1,-1.04597
841,3,10,0,0,0,2,-1.09861
844,3,9,0,0,0,2,-0.66329
851,2,3,1,1,1,0,0.40547
861,0,3,0,1,0,0,0.40547
866,2,3,0,1,1,0,0.40547
871,2,3,1,1,0,0,0.40547
873,2,3,0,1,1,0,0.40547
874,2,3,0,1,1,0,0.40547
885,3,16,1,1,0,2,-0.75377
890,2,3,1,1,1,0,0.40547
893,6,10,1,1,1,0,-1.09861
899,3,16,0,0,0,1,-0.75377
928,9,16,0,1,0,1,-0.75377
931,3,2,0,0,0,2,-0.99462
934,9,16,1,1,0,1,-0.75377
936,3,15,0,0,1,0,-0.99462
945,0,10,1,1,0,1,-1.09861
947,0,4,1,1,0,1,-1.04597
951,3,9,1,1,0,1,-0.66329
958,5,10,0,0,0,2,-1.09861
968,4,16,0,0,0,1,-0.75377
981,8,8,0,1,0,1,-0.53222
988,0,4,1,1,0,1,-1.04597
1000,4,10,1,0,0,2,-1.09861
1004,2,14,0,0,1,0,-1.81529
1016,0,3,1,1,1,0,0.40547
1017,0,3,1,1,0,0,0.40547
1020,2,10,0,0,1,0,-1.09861
1021,2,2,0,0,0,1,-0.99462
1022,2,10,0,0,1,0,-1.09861
1023,2,16,0,0,0,1,-0.75377
1031,9,1,0,0,0,2,-2.09074
1032,9,14,0,0,0,2,-1.81529
1034,8,4,0,0,0,2,-1.04597
1043,8,2,1,1,0,2,-0.99462
1047,2,6,1,0,0,1,-1.20831
1049,1,16,0,0,0,1,-0.75377
1067,1,8,1,1,0,1,-0.53222
1074,2,10,1,1,1,0,-1.09861
1088,8,16,0,0,0,1,-0.75377
1095,2,4,1,0,1,0,-1.04597
1104,2,15,0,0,1,0,-0.99462
1110,1,4,1,0,0,2,-1.04597
1138,8,9,0,0,0,1,-0.66329
1139,5,10,0,0,0,1,-1.09861
1145,7,3,1,1,1,0,0.40547
1162,2,6,0,0,1,0,-1.20831
1165,2,15,0,0,1,0,-0.99462
1167,2,3,1,1,1,0,0.40547
1172,3,10,1,0,0,1,-1.09861
1174,8,2,0,0,0,2,-0.99462
1180,5,10,0,0,0,1,-1.09861
1185,5,4,1,1,0,1,-1.04597
1194,5,15,0,0,0,1,-0.99462
1202,2,3,1,1,1,0,0.40547
1205,4,4,0,0,0,1,-1.04597
1214,2,16,0,0,1,0,-0.75377
1218,5,16,0,0,0,1,-0.75377
1229,7,15,1,0,1,1,-0.99462
1231,5,10,0,0,0,1,-1.09861
1244,7,3,0,0,1,0,0.40547
1250,1,2,0,0,0,1,-0.99462
1262,4,7,0,0,0,1,-1.90096
1269,4,4,0,1,0,1,-1.04597
1271,4,10,0,0,0,1,-1.09861
1273,0,9,0,0,0,1,-0.66329
1282,8,16,1,1,0,1,-0.75377
1283,0,12,1,0,0,1,-1.20831
1284,5,16,1,1,0,1,-0.75377
1286,7,10,0,0,1,0,-1.09861
1287,3,10,0,0,0,1,-1.09861
1292,3,2,0,0,0,2,-0.99462
1297,1,2,0,0,0,2,-0.99462
1307,0,10,0,1,1,0,-1.09861
1309,0,4,1,0,0,0,-1.04597
1311,4,15,0,1,0,1,-0.99462
1314,1,13,0,1,0,1,-0.48955
1323,4,3,0,0,1,0,0.40547
1332,4,2,0,1,0,2,-0.99462
1340,6,15,0,1,0,1,-0.99462
1342,4,2,0,1,0,1,-0.99462
1348,0,10,0,0,1,0,-1.09861
1355,4,16,1,0,0,0,-0.75377
1357,0,16,0,0,1,0,-0.75377
1363,8,16,1,0,0,1,-0.75377
1374,0,11,0,1,0,2,-1.58563
1377,0,16,0,0,0,1,-0.75377
1380,8,15,0,0,0,1,-0.99462
1383,6,0,1,1,1,0,-0.80012
1384,0,0,1,1,1,0,-0.80012
1387,0,15,1,1,0,1,-0.99462
1388,8,10,0,1,0,1,-1.09861
1405,2,9,1,0,1,0,-0.66329
1413,2,10,0,0,1,0,-1.09861
1422,2,3,0,0,1,0,0.40547
1430,1,7,0,0,0,1,-1.90096
1431,0,2,1,0,0,1,-0.99462
1444,9,2,0,0,0,0,-0.99462
1446,8,9,0,0,0,2,-0.66329
1452,1,16,1,1,0,1,-0.75377
1459,2,10,0,0,1,0,-1.09861
1462,0,4,0,0,0,2,-1.04597
1466,6,3,0,1,1,0,0.40547
1468,2,2,0,0,1,0,-0.99462
1473,9,2,1,1,0,2,-0.99462
1481,6,15,0,1,1,0,-0.99462
1486,6,10,1,0,1,0,-1.09861
1487,8,16,1,1,0,1,-0.75377
1494,2,14,0,0,1,0,-1.81529
1505,4,8,1,1,0,1,-0.53222
1509,7,10,1,0,1,0,-1.09861
1512,0,16,0,1,0,2,-0.75377
1520,0,10,0,1,0,1,-1.09861
1522,0,10,0,1,0,1,-1.09861
1531,0,16,1,1,0,1,-0.75377
1533,7,2,0,1,0,1,-0.99462
1535,8,16,0,0,0,1,-0.75377
1542,7,10,1,0,1,0,-1.09861
1546,4,3,0,0,1,0,0.40547
1548,0,9,0,0,1,0,-0.66329
1552,7,15,1,0,1,0,-0.99462
1569,3,15,0,0,0,1,-0.99462
1570,7,9,1,0,0,0,-0.66329
1576,1,10,0,0,0,1,-1.09861
1578,1,16,1,1,0,1,-0.75377
1580,3,10,0,0,0,1,-1.09861
1589,5,16,0,0,0,1,-0.75377
1599,1,16,1,1,0,1,-0.75377
1601,4,4,1,0,1,0,-1.04597
1608,0,16,1,0,0,1,-0.75377
1613,4,15,0,0,1,0,-0.99462
1630,3,2,0,0,0,1,-0.99462
1633,6,13,1,1,1,0,-0.48955
1637,9,2,0,0,0,1,-0.99462
1639,0,16,0,1,0,1,-0.75377
1643,1,0,1,0,0,1,-0.80012
1654,6,2,0,1,1,0,-0.99462
1668,1,10,0,0,0,1,-1.09861
1682,0,16,0,1,0,1,-0.75377
1714,3,2,0,0,0,1,-0.99462
1715,4,2,1,1,1,0,-0.99462
1723,4,2,0,0,1,0,-0.99462
1731,4,1,0,0,1,0,-2.09074
1742,6,1,0,0,1,0,-2.09074
1743,7,14,0,0,0,1,-1.81529
1763,4,1,0,0,1,0,-2.09074
1764,7,1,0,0,1,0,-2.09074
1765,4,1,0,0,1,0,-2.09074
1766,3,16,0,0,0,1,-0.75377
1770,6,12,0,0,0,0,-1.20831
1771,4,1,0,0,1,0,-2.09074
1785,7,2,1,1,0,0,-0.99462
1790,4,6,1,0,0,1,-1.20831
1793,1,16,0,1,0,1,-0.75377
1818,1,13,1,0,0,1,-0.48955
1820,3,4,0,0,0,1,-1.04597
1829,1,16,1,1,0,1,-0.75377
1837,8,4,0,0,0,2,-1.04597
1838,8,2,0,0,0,2,-0.99462
1841,1,1,0,0,0,1,-2.09074
1848,7,16,0,0,0,1,-0.75377
1852,2,10,0,0,0,1,-1.09861
1855,8,16,0,0,0,1,-0.75377
1872,6,15,0,0,1,0,-0.99462
1880,2,9,1,0,1,1,-0.66329
1883,8,2,0,0,0,1,-0.99462
1886,6,14,0,0,1,0,-1.81529
1908,1,2,1,0,0,1,-0.99462
1913,5,2,1,1,0,1,-0.99462
1914,5,16,1,1,0,1,-0.75377
1922,5,2,1,1,0,1,-0.99462
1923,1,16,1,1,0,1,-0.75377
1924,1,2,0,0,0,2,-0.99462
1935,7,3,0,0,0,1,0.40547
1941,6,9,0,1,0,1,-0.66329
1947,1,16,0,0,0,1,-0.75377
1949,1,1,0,0,0,2,-2.09074
1951,7,1,0,0,1,0,-2.09074
1953,0,2,0,0,0,1,-0.99462
1954,7,2,0,0,0,1,-0.99462
1962,8,10,1,1,0,1,-1.09861
1966,4,10,0,0,0,1,-1.09861
1970,2,16,1,0,1,0,-0.75377
1971,1,6,0,1,0,1,-1.20831
1975,2,1,0,0,1,0,-2.09074
1995,7,1,0,1,0,2,-2.09074
1999,5,2,0,1,0,1,-0.99462
2006,2,15,0,1,1,0,-0.99462
2014,4,16,0,0,0,1,-0.75377
2049,2,1,0,0,1,0,-2.09074
2050,0,10,0,1,1,0,-1.09861
2054,0,2,1,0,0,2,-0.99462
2060,2,2,1,0,0,0,-0.99462
2077,8,16,1,0,0,1,-0.75377
2079,0,16,0,0,1,0,-0.75377
2087,8,4,1,0,0,1,-1.04597
2088,0,2,0,0,0,2,-0.99462
2089,8,1,0,0,0,1,-2.09074
2115,6,2,0,0,1,0,-0.99462
2117,8,16,0,0,0,1,-0.75377
2125,1,2,0,0,0,2,-0.99462
2131,7,2,0,0,0,1,-0.99462
2133,0,4,0,0,0,2,-1.04597
2142,0,1,0,0,0,2,-2.09074
2148,7,2,1,0,1,0,-0.99462
2150,7,10,1,0,0,1,-1.09861
2151,4,4,0,0,0,1,-1.04597
2163,8,2,0,0,0,1,-0.99462
2174,7,1,1,0,0,2,-2.09074
2186,8,15,0,0,0,1,-0.99462
2187,5,6,0,0,0,1,-1.20831
2196,8,4,1,0,0,1,-1.04597
2208,2,2,0,0,1,0,-0.99462
2209,2,14,1,0,1,0,-1.81529
2214,5,13,1,0,0,1,-0.48955
2229,4,1,0,0,0,0,-2.09074
2231,0,1,0,0,0,1,-2.09074
2274,4,9,0,0,0,1,-0.66329
2278,5,15,1,0,0,1,-0.99462
2279,1,9,0,0,0,2,-0.66329
2289,4,2,0,0,0,1,-0.99462
2290,4,2,0,0,0,1,-0.99462
2291,4,15,1,1,0,1,-0.99462
2293,4,2,0,0,0,2,-0.99462
2297,4,12,0,0,1,0,-1.20831
2313,4,12,1,0,1,0,-1.20831
2315,4,2,0,1,0,1,-0.99462
2321,0,16,0,0,0,1,-0.75377
2322,4,2,1,1,1,1,-0.99462
2327,4,16,1,0,1,0,-0.75377
2330,7,1,0,0,1,0,-2.09074
2336,7,0,0,0,0,1,-0.80012
2338,7,2,0,0,0,1,-0.99462
2348,7,1,0,0,1,0,-2.09074
2350,2,2,0,0,0,1,-0.99462
2366,2,1,0,0,1,0,-2.09074
2370,7,16,0,1,0,1,-0.75377
2374,7,1,0,0,1,0,-2.09074
2388,4,1,0,0,1,0,-2.09074
2390,4,10,0,1,0,1,-1.09861
2394,7,2,0,0,1,0,-0.99462
2408,4,10,0,0,0,1,-1.09861
2409,2,5,0,0,0,2,-0.66329
2411,4,3,0,0,1,0,0.40547
2412,4,4,1,0,0,1,-1.04597
2418,4,2,0,0,0,1,-0.99462
2431,4,1,0,0,1,0,-2.09074
2442,5,2,0,0,0,1,-0.99462
2443,4,2,1,1,0,1,-0.99462
2445,0,1,0,1,1,0,-2.09074
2454,5,15,1,0,0,2,-0.99462
2456,1,2,0,0,0,1,-0.99462
2461,2,2,0,1,0,1,-0.99462
