,BPchange,Dose,Run,Treatment,Animal
1,0.5,6.25,0,0,0
2,4.5,12.5,0,0,0
3,10.0,25.0,0,0,0
4,26.0,50.0,0,0,0
5,37.0,100.0,0,0,0
6,32.0,200.0,0,0,0
7,1.0,6.25,1,0,1
8,1.25,12.5,1,0,1
9,4.0,25.0,1,0,1
10,12.0,50.0,1,0,1
11,27.0,100.0,1,0,1
12,29.0,200.0,1,0,1
13,0.75,6.25,2,0,2
14,3.0,12.5,2,0,2
15,3.0,25.0,2,0,2
16,14.0,50.0,2,0,2
17,22.0,100.0,2,0,2
18,24.0,200.0,2,0,2
19,1.25,6.25,3,0,3
20,1.5,12.5,3,0,3
21,6.0,25.0,3,0,3
22,19.0,50.0,3,0,3
23,33.0,100.0,3,0,3
24,33.0,200.0,3,0,3
25,1.5,6.25,4,0,4
26,1.5,12.5,4,0,4
27,5.0,25.0,4,0,4
28,16.0,50.0,4,0,4
29,20.0,100.0,4,0,4
30,18.0,200.0,4,0,4
31,1.25,6.25,5,1,0
32,0.75,12.5,5,1,0
33,4.0,25.0,5,1,0
34,9.0,50.0,5,1,0
35,25.0,100.0,5,1,0
36,37.0,200.0,5,1,0
37,1.4,6.25,6,1,1
38,1.7,12.5,6,1,1
39,1.0,25.0,6,1,1
40,2.0,50.0,6,1,1
41,15.0,100.0,6,1,1
42,28.0,200.0,6,1,1
43,0.75,6.25,7,1,2
44,2.3,12.5,7,1,2
45,3.0,25.0,7,1,2
46,5.0,50.0,7,1,2
47,26.0,100.0,7,1,2
48,25.0,200.0,7,1,2
49,2.6,6.25,8,1,3
50,1.2,12.5,8,1,3
51,2.0,25.0,8,1,3
52,3.0,50.0,8,1,3
53,11.0,100.0,8,1,3
54,22.0,200.0,8,1,3
55,2.4,6.25,9,1,4
56,2.5,12.5,9,1,4
57,1.5,25.0,9,1,4
58,2.0,50.0,9,1,4
59,9.0,100.0,9,1,4
60,19.0,200.0,9,1,4
