,District,Group,Age,Holders,Claims
1,1,2,2,197,38
2,1,2,0,264,35
3,1,2,1,246,20
4,1,2,3,1680,156
5,1,0,2,284,63
6,1,0,0,536,84
7,1,0,1,696,89
8,1,0,3,3582,400
9,1,1,2,133,19
10,1,1,0,286,52
11,1,1,1,355,74
12,1,1,3,1640,233
13,1,3,2,24,4
14,1,3,0,71,18
15,1,3,1,99,19
16,1,3,3,452,77
17,2,2,2,85,22
18,2,2,0,139,19
19,2,2,1,151,22
20,2,2,3,931,87
21,2,0,2,149,25
22,2,0,0,313,51
23,2,0,1,419,49
24,2,0,3,2443,290
25,2,1,2,66,14
26,2,1,0,175,46
27,2,1,1,221,39
28,2,1,3,1110,143
29,2,3,2,9,4
30,2,3,0,48,15
31,2,3,1,72,12
32,2,3,3,322,53
33,3,2,2,35,5
34,3,2,0,73,11
35,3,2,1,89,10
36,3,2,3,648,67
37,3,0,2,53,10
38,3,0,0,155,24
39,3,0,1,240,37
40,3,0,3,1635,187
41,3,1,2,24,8
42,3,1,0,78,19
43,3,1,1,121,24
44,3,1,3,692,101
45,3,3,2,7,3
46,3,3,0,29,2
47,3,3,1,43,8
48,3,3,3,245,37
49,4,2,2,20,2
50,4,2,0,33,5
51,4,2,1,40,4
52,4,2,3,316,36
53,4,0,2,31,7
54,4,0,0,81,10
55,4,0,1,122,22
56,4,0,3,724,102
57,4,1,2,18,5
58,4,1,0,39,7
59,4,1,1,68,16
60,4,1,3,344,63
61,4,3,2,3,0
62,4,3,0,16,6
63,4,3,1,25,8
64,4,3,3,114,33
