,population,nonwhite,density,crime
Akron,675.0,7.3,746.0,2602
Albany,713.0,2.6,322.0,1388
Albuquerque,,3.3,,5018
Allentown,534.0,0.8,491.0,1182
Anaheim,1261.0,1.4,1612.0,3341
Atlanta,1330.0,22.8,770.0,2805
Bakersfield,331.0,7.0,41.0,3306
Baltimore,1981.0,21.6,877.0,4256
Beaumont,315.0,20.7,240.0,2117
Binghamton,305.0,0.6,147.0,1063
Birmingham,739.0,32.1,272.0,2285
Boston,3239.0,3.4,1831.0,2835
Bridgeport,785.0,5.3,1252.0,2630
Buffalo,1324.0,6.8,832.0,2171
Canton,363.0,5.4,630.0,1764
Charleston.SC,,38.5,,2482
Charleston.W.VA,,5.8,,1434
Charlotte,388.0,24.2,328.0,3447
Chattanooga,306.0,17.6,308.0,2643
Chicago,6815.0,14.8,1832.0,2680
Cincinnati,1376.0,10.4,640.0,1780
Cleveland,2068.0,13.7,1361.0,3162
Columbia,,29.0,,2884
Columbus,870.0,11.0,583.0,3037
Corpus.Christi,297.0,4.2,194.0,3077
Dallas,1459.0,15.0,320.0,3701
Davenport,366.0,2.1,215.0,1877
Dayton,836.0,9.7,489.0,2392
Denver,1129.0,4.2,308.0,4095
Des.Moines,,4.1,,2415
Detroit,4127.0,13.1,2114.0,4283
Duluth,271.0,0.8,37.0,1736
El.Paso,351.0,3.3,332.0,2430
Erie,,2.8,,1181
Flint,487.0,9.0,374.0,3164
Fort.Lauderdale,526.0,16.6,431.0,3688
Fort.Worth,680.0,10.7,423.0,2927
Fresno,415.0,7.5,70.0,3863
Gary,608.0,15.3,649.0,3310
Grand.Rapids,514.0,3.4,362.0,2188
Greensboro,592.0,19.9,268.0,1987
Greenville,,16.3,,2602
Harrisburg,398.0,6.3,245.0,1339
Hartford,802.0,5.4,1085.0,2390
Honolulu,628.0,64.3,1053.0,3283
Houston,1867.0,19.8,297.0,3511
Huntington,,3.0,,1413
Indianapolis,1062.0,10.8,345.0,2798
Jacksonville,513.0,23.4,670.0,4035
Jersey.City,615.0,6.9,13087.0,2301
Johnstown,270.0,1.3,151.0,458
Kansas.City,1231.0,10.9,445.0,3748
Knoxville,399.0,7.5,281.0,1597
Lancaster,302.0,1.3,319.0,627
Lansing,361.0,2.8,212.0,2991
Little.Rock,323.0,19.9,217.0,3420
Los.Angeles,6860.0,9.7,1686.0,4852
Louisville,802.0,11.6,883.0,3758
Memphis,770.0,38.0,565.0,2691
Miami,1150.0,14.9,563.0,4460
Milwaukee,1344.0,5.3,923.0,1929
Minneapolis,1677.0,1.8,796.0,3231
Mobile,382.0,30.8,135.0,2433
Nashville,536.0,18.4,329.0,3185
New.Haven,726.0,7.7,1200.0,2726
New.Orleans,1064.0,30.9,539.0,3467
New.York,11551.0,12.0,5408.0,4732
Newark,1881.0,13.4,2683.0,3261
Norfolk,653.0,26.4,963.0,3160
Oklahoma.City,605.0,9.4,283.0,2343
Omaha,525.0,6.0,342.0,2663
Orlando,390.0,16.6,321.0,2560
Paterson,1353.0,3.8,3170.0,1922
peoria,336.0,3.3,186.0,2125
philadelphia,4829.0,15.7,1359.0,1753
phoenix,872.0,5.5,94.0,3962
pittsburgh,2387.0,6.8,783.0,2127
Portland,957.0,3.0,262.0,3627
Providence,749.0,1.9,1221.0,2903
Reading,292.0,1.8,338.0,1052
Richmond,515.0,26.3,430.0,3183
Rochester,853.0,4.0,368.0,1820
Sacramento,765.0,6.8,222.0,3793
St.Louis,2327.0,14.2,565.0,3302
Salt.Lake,534.0,1.4,504.0,2977
San.Antonio,850.0,7.1,434.0,3459
San.Bernardino,1086.0,4.7,40.0,3743
San.Diego,1221.0,5.5,286.0,2587
San.Francisco,2999.0,12.5,1210.0,5441
San.Jose,985.0,3.2,758.0,3000
Seattle,1340.0,4.8,317.0,4329
Shreveport,299.0,34.1,171.0,1864
South.Bend,275.0,5.3,302.0,1973
Spokane,273.0,2.0,155.0,2130
Springfield,554.0,3.1,481.0,2467
Syracuse,625.0,2.6,259.0,1577
Tacoma,401.0,5.1,239.0,2843
Tampa,924.0,11.5,709.0,3247
Toledo,678.0,7.3,446.0,2050
trenton,,12.9,,3098
Tucson,,6.3,,2705
Tulsa,466.0,9.2,123.0,2840
Utica,350.0,1.6,132.0,869
Washington,2751.0,24.5,1170.0,4019
Wichita,406.0,5.8,166.0,2532
Wilkes,340.0,0.3,383.0,613
Wilmington,488.0,11.7,419.0,2393
Worcester,612.0,0.9,405.0,2874
York,316.0,2.0,220.0,1062
Youngstown,528.0,9.2,513.0,1698
