,month,market,acme
1,0,-0.061134,0.03016
2,20,0.00822,-0.165457
3,25,-0.007381,0.080137
4,30,-0.067561,-0.109917
5,35,-0.006238,-0.114853
6,40,-0.044251,-0.099254
7,45,-0.11207,-0.226846
8,50,0.030226,0.073445
9,55,-0.129556,-0.143064
10,5,0.001319,0.034776
11,10,-0.033679,-0.063375
12,15,-0.072795,-0.058735
13,1,0.073396,0.050214
14,21,-0.011618,0.111165
15,26,-0.026852,-0.127492
16,31,-0.040356,0.054522
17,36,-0.047539,-0.072918
18,41,-0.001732,-0.058979
19,46,-0.008899,0.236147
20,51,-0.020837,-0.094778
21,56,-0.084811,-0.135669
22,6,-0.262077,-0.284796
23,11,-0.110167,-0.171494
24,16,0.034955,0.242616
25,2,0.012688,-0.063518
26,22,-0.00217,-0.117677
27,27,-0.073462,0.201674
28,32,-0.043419,-0.147728
29,37,-0.05473,-0.170885
30,42,-0.011755,-0.014893
31,47,-0.061718,-0.110515
32,52,-0.10171,-0.168769
33,57,-0.032705,-0.135585
34,7,-0.045334,-0.084077
35,12,-0.079288,-0.16455
36,17,-0.036233,0.150269
37,3,-0.011494,-0.015672
38,23,-0.093729,-0.03786
39,28,-0.065215,-0.074712
40,33,-0.037113,-0.10853
41,38,-0.044399,-0.036769
42,43,-0.084412,0.023912
43,48,0.003444,-0.07843
44,53,-0.05676,-0.132199
45,58,-0.07897,-0.110141
46,8,-0.105367,-0.126302
47,13,-0.038634,-0.09573
48,18,-0.043261,0.06574
49,4,-0.139773,-0.120056
50,24,-0.059094,-0.085205
51,29,-0.057736,-0.130433
52,34,-0.102524,-0.116728
53,39,0.023881,-0.078039
54,44,-0.079116,-0.170322
55,49,-0.078965,-0.077727
56,54,-0.161359,-0.277035
57,59,-0.119376,-0.207595
58,9,-0.076008,-0.070515
59,14,-0.006444,-0.046274
60,19,-0.026401,-0.190834
