,Volume,Rate,Y
1,3.7,0.825,1
2,3.5,1.09,1
3,1.25,2.5,1
4,0.75,1.5,1
5,0.8,3.2,1
6,0.7,3.5,1
7,0.6,0.75,0
8,1.1,1.7,0
9,0.9,0.75,0
10,0.9,0.45,0
11,0.8,0.57,0
12,0.55,2.75,0
13,0.6,3.0,0
14,1.4,2.33,1
15,0.75,3.75,1
16,2.3,1.64,1
17,3.2,1.6,1
18,0.85,1.415,1
19,1.7,1.06,0
20,1.8,1.8,1
21,0.4,2.0,0
22,0.95,1.36,0
23,1.35,1.35,0
24,1.5,1.36,0
25,1.6,1.78,1
26,0.6,1.5,0
27,1.8,1.5,1
28,0.95,1.9,0
29,1.9,0.95,1
30,1.6,0.4,0
31,2.7,0.75,1
32,2.35,0.03,0
33,1.1,1.83,0
34,1.1,2.2,1
35,1.2,2.0,1
36,0.8,3.33,1
37,0.95,1.9,0
38,0.75,1.9,0
39,1.3,1.625,1
