,instruction,expectation,rating
1,0,0,25
2,0,0,0
3,0,0,-16
4,0,0,5
5,0,0,11
6,0,0,-6
7,0,0,42
8,0,0,-2
9,0,0,-13
10,0,0,14
11,0,0,4
12,0,0,-22
13,0,0,19
14,0,0,6
18,0,0,-6
19,0,1,-25
20,0,1,-23
21,0,1,-28
22,0,1,-22
23,0,1,-22
24,0,1,-10
25,0,1,-20
26,0,1,-24
27,0,1,-24
28,0,1,-22
29,0,1,-23
30,0,1,-19
31,0,1,-2
32,0,1,12
33,0,1,-8
34,0,1,-17
35,0,1,-30
37,2,0,-19
38,2,0,-24
39,2,0,-4
40,2,0,-24
41,2,0,0
42,2,0,-4
43,2,0,5
44,2,0,-1
45,2,0,-9
46,2,0,-5
47,2,0,-6
48,2,0,4
49,2,0,-13
50,2,0,-1
51,2,0,-3
52,2,0,-11
53,2,0,-6
54,2,0,-4
55,2,1,6
56,2,1,-5
57,2,1,14
58,2,1,-11
59,2,1,14
60,2,1,-5
61,2,1,-22
62,2,1,7
63,2,1,14
64,2,1,15
65,2,1,-6
66,2,1,9
67,2,1,-5
73,1,0,-26
74,1,0,-1
75,1,0,22
76,1,0,3
77,1,0,-26
78,1,0,4
79,1,0,-21
80,1,0,-19
81,1,0,-12
82,1,0,9
83,1,0,-9
84,1,0,-27
85,1,0,-10
86,1,0,-37
87,1,0,0
88,1,0,-10
91,1,1,-12
92,1,1,-4
93,1,1,13
94,1,1,-27
95,1,1,-7
96,1,1,-20
97,1,1,-4
98,1,1,-10
99,1,1,-3
100,1,1,-11
101,1,1,2
102,1,1,-9
103,1,1,20
104,1,1,9
105,1,1,-8
106,1,1,8
107,1,1,-6
108,1,1,6
