,Bags,Group,Deviation,count
1,0,2,7,34
2,2,2,7,11
3,3,2,7,20
4,4,1,7,30
5,5,1,7,32
6,6,1,7,47
7,7,0,7,11
8,8,0,7,10
9,1,0,7,14
10,0,2,2,57
11,2,2,2,17
12,3,2,2,22
13,4,1,2,102
14,5,1,2,27
15,6,1,2,65
16,7,0,2,21
17,8,0,2,38
18,1,0,2,13
19,0,2,1,172
20,2,2,1,100
21,3,2,1,135
22,4,1,1,107
23,5,1,1,267
24,6,1,1,141
25,7,0,1,110
26,8,0,1,103
27,1,0,1,126
28,0,2,0,630
29,2,2,0,412
30,3,2,0,350
31,4,1,0,289
32,5,1,0,210
33,6,1,0,380
34,7,0,0,215
35,8,0,0,228
36,1,0,0,309
37,0,2,5,597
38,2,2,5,172
39,3,2,5,184
40,4,1,5,209
41,5,1,5,236
42,6,1,5,157
43,7,0,5,361
44,8,0,5,425
45,1,0,5,290
46,0,2,3,366
47,2,2,3,218
48,3,2,3,222
49,4,1,3,184
50,5,1,3,144
51,6,1,3,135
52,7,0,3,156
53,8,0,3,140
54,1,0,3,168
55,0,2,4,116
56,2,2,4,57
57,3,2,4,50
58,4,1,4,50
59,5,1,4,56
60,6,1,4,50
61,7,0,4,71
62,8,0,4,36
63,1,0,4,50
64,0,2,6,28
65,2,2,6,13
66,3,2,6,17
67,4,1,6,29
68,5,1,6,28
69,6,1,6,25
70,7,0,6,55
71,8,0,6,20
72,1,0,6,30
