,lower,upper,answer,recparks,jobs,lowrisk,wildlife,future,aboriginal,finben,mineparks,moreparks,gov,envcon,vparks,tvenv,conservation,sex,age,schooling,income,major
1,0,2,0,3,1,5,5,1,1,1,4,5,1,1,1,1,0,1,27,3,25,0
2,0,2,0,5,5,3,5,5,1,5,1,5,2,0,1,3,0,0,32,4,9,0
3,0,2,0,4,4,5,3,5,1,5,3,2,2,0,1,2,0,1,32,4,25,1
4,0,2,0,1,2,4,5,3,4,3,3,5,1,1,0,1,1,0,70,6,25,0
5,0,2,0,2,4,5,3,1,3,4,1,1,1,0,1,3,0,1,32,5,35,1
6,0,2,0,3,3,3,4,5,2,3,4,3,1,1,1,1,0,1,47,6,27,0
7,0,2,0,1,1,5,5,3,1,3,1,1,1,0,0,3,0,1,42,5,25,1
8,0,2,0,5,3,5,5,5,2,3,2,3,2,0,1,1,0,0,70,3,25,0
9,0,2,0,5,3,5,5,4,2,3,1,1,1,0,1,1,0,1,32,5,35,1
10,0,2,0,2,3,3,4,4,4,2,2,3,1,0,0,3,0,0,47,2,25,0
11,0,2,0,5,5,2,5,5,4,3,4,4,1,0,1,1,0,1,21,4,9,1
12,0,2,0,1,1,4,5,5,2,2,4,3,1,1,1,2,1,1,70,0,35,0
13,0,2,0,3,3,4,3,4,2,2,3,4,1,0,1,2,0,1,32,4,9,1
14,0,2,0,5,3,1,5,5,5,2,4,3,1,1,1,2,0,1,27,5,16,0
15,0,2,0,1,1,5,1,5,3,1,1,5,1,1,1,1,1,1,70,6,35,1
16,0,2,0,4,3,4,4,3,3,4,3,4,1,1,1,2,0,0,27,3,25,0
17,0,2,0,4,4,3,5,5,3,5,3,4,1,1,1,1,0,1,70,1,9,1
18,0,2,0,4,1,1,5,4,5,1,5,5,1,1,1,1,0,1,21,3,9,0
19,0,2,0,3,3,1,5,4,5,2,4,4,1,0,0,1,0,1,21,2,9,1
20,0,2,0,2,1,3,5,4,4,3,2,3,1,1,1,3,0,0,42,6,9,0
21,0,2,0,3,3,4,5,5,4,4,2,1,1,0,1,5,0,1,21,4,3,1
22,0,2,0,3,2,4,5,2,3,4,2,4,2,1,1,2,0,0,52,3,16,0
23,0,2,0,3,4,5,4,5,3,4,2,3,1,0,0,1,1,1,70,6,85,0
24,0,2,0,3,2,4,5,3,4,3,2,2,2,0,1,1,0,1,32,3,16,1
25,0,2,0,5,4,4,5,5,3,4,3,4,2,1,0,1,0,1,47,1,16,0
26,0,2,0,3,3,4,5,3,2,3,1,4,1,0,1,1,0,1,70,6,9,1
27,0,2,0,5,5,5,5,5,2,5,2,3,1,1,1,1,0,1,70,2,25,0
28,0,2,0,3,2,3,5,5,2,5,1,3,1,1,0,1,0,1,70,4,12,1
29,0,2,0,4,4,4,2,4,4,4,2,5,1,0,0,1,0,0,52,1,3,0
30,0,2,0,3,3,5,5,4,3,4,1,2,1,1,1,2,0,1,47,5,60,1
31,0,2,0,2,5,5,5,5,1,5,4,4,1,1,0,2,0,0,21,4,25,0
32,0,2,0,4,1,5,5,3,1,3,3,3,1,0,1,1,0,0,47,4,25,1
33,0,2,0,5,3,3,5,5,5,2,3,3,1,0,1,1,0,1,70,6,25,0
34,0,2,0,5,4,1,5,5,5,2,5,5,1,0,1,2,0,1,47,2,25,1
35,0,2,0,3,2,4,5,5,3,5,2,3,1,1,0,1,0,0,70,4,3,0
36,0,2,0,5,1,1,5,5,5,1,5,5,1,1,0,1,0,0,70,1,9,1
37,0,2,0,1,3,5,5,5,1,5,5,1,1,0,1,1,0,1,70,0,9,0
38,0,2,0,4,4,3,5,4,3,5,3,4,1,1,0,1,0,1,27,5,25,1
39,0,2,0,2,4,4,4,4,2,4,2,3,1,0,1,3,0,1,70,6,16,0
40,0,2,0,4,5,5,5,5,3,5,2,1,1,1,1,1,0,1,70,5,9,1
41,0,2,0,5,4,4,4,3,4,5,3,3,1,1,1,1,0,0,27,6,25,0
42,0,2,0,1,3,5,3,4,1,4,1,1,2,1,1,4,0,1,21,3,9,1
43,0,2,0,4,3,3,5,4,3,3,1,3,1,0,0,4,0,1,21,3,16,0
44,0,2,0,4,5,5,4,4,4,5,2,4,2,0,0,4,0,1,70,6,3,1
45,0,2,0,3,2,5,4,2,2,5,1,3,2,0,0,2,0,0,42,6,35,0
46,0,2,0,3,3,5,5,4,3,3,1,3,1,1,1,2,0,0,32,0,60,1
47,0,2,0,4,5,4,5,3,1,4,4,5,1,0,0,1,0,1,70,5,9,0
48,0,2,0,3,3,4,4,4,1,3,3,4,1,0,1,4,0,1,32,6,35,1
49,0,2,0,4,5,3,5,4,2,4,3,4,1,1,1,1,0,1,37,3,9,0
50,0,2,0,5,5,1,5,5,5,3,5,5,1,1,0,1,0,0,42,3,9,1
51,0,2,0,5,5,5,5,3,3,5,3,1,1,0,0,1,0,0,70,1,9,0
52,0,2,0,5,3,4,5,5,2,5,3,5,1,0,1,1,0,1,70,4,9,1
53,0,2,0,3,4,4,5,4,2,4,3,3,1,0,1,2,0,1,21,4,16,0
54,0,2,0,5,5,5,5,5,5,5,3,1,1,0,1,1,0,0,70,1,9,1
55,0,2,0,5,4,3,4,5,3,4,3,1,1,0,0,1,0,1,70,6,12,0
56,0,2,0,3,2,5,5,4,2,2,2,3,2,0,1,1,0,0,32,6,35,1
57,0,2,0,4,5,5,5,4,3,3,5,2,1,0,0,1,0,1,70,1,12,0
58,0,2,0,2,3,2,4,4,2,4,2,4,1,0,0,1,0,1,42,3,45,1
59,0,2,0,2,2,3,5,4,4,3,2,4,1,0,1,6,1,1,21,6,16,0
60,0,2,0,5,5,5,5,5,1,5,3,3,2,1,0,2,0,0,47,3,3,1
61,0,2,0,4,5,4,3,3,2,4,3,4,1,0,1,7,0,1,42,3,35,0
62,0,2,0,3,5,5,5,5,4,4,1,3,1,1,0,1,0,1,42,5,3,1
63,0,2,0,4,4,3,4,5,3,3,4,3,1,0,0,2,0,0,37,2,3,0
64,0,2,0,3,2,4,5,5,3,1,2,3,1,1,0,3,0,0,42,6,25,1
65,0,2,0,5,4,3,5,5,3,4,4,5,1,0,0,1,0,1,70,2,16,0
66,0,2,0,5,3,5,5,5,5,5,4,2,2,1,0,3,0,0,70,3,16,1
67,0,2,0,3,3,5,4,9,3,4,2,2,2,0,1,2,0,1,70,6,25,0
68,0,2,0,4,3,5,2,4,4,3,1,2,1,1,1,1,0,1,47,4,60,1
69,0,2,0,4,4,4,5,4,3,4,3,4,1,0,0,4,0,1,42,1,16,0
70,0,2,0,5,5,5,5,4,1,5,1,1,2,0,0,1,0,1,70,2,9,1
71,0,2,0,5,5,5,5,5,3,5,1,3,1,0,0,1,0,0,52,4,3,0
72,0,2,0,4,4,4,3,4,2,5,4,3,2,0,1,2,0,1,21,3,27,1
73,0,2,0,4,4,4,4,5,4,5,2,4,2,0,1,4,0,1,32,3,25,0
74,0,2,0,5,5,3,5,5,3,5,4,5,1,1,1,2,0,0,47,6,25,1
75,0,2,0,3,4,4,4,3,2,4,4,4,1,0,1,2,0,0,27,6,3,0
76,0,2,0,3,5,4,4,4,1,3,1,1,1,0,1,1,1,1,70,5,16,1
77,0,2,0,4,5,3,5,5,1,5,1,3,1,1,1,4,0,0,70,6,9,0
78,0,2,0,1,1,5,5,5,5,1,1,5,1,0,0,4,0,0,32,6,16,1
79,0,2,0,2,3,4,5,5,1,4,3,5,1,1,1,2,0,1,32,5,45,0
80,0,2,0,1,5,5,5,3,5,5,1,1,1,1,0,4,0,1,47,2,25,1
81,0,2,0,4,5,4,5,5,3,5,3,4,1,0,1,2,0,0,42,3,16,0
82,0,2,0,5,1,5,5,3,1,5,1,3,1,1,1,1,0,1,47,5,35,1
83,0,2,0,4,4,4,4,4,3,4,3,3,1,0,0,1,0,1,70,3,9,0
84,0,2,0,3,5,5,5,5,4,5,3,2,1,0,1,3,0,0,27,2,16,1
85,0,2,0,2,4,4,4,5,4,5,2,3,1,0,1,3,0,0,27,6,35,0
86,0,2,0,3,4,4,2,3,3,4,2,3,2,0,0,1,0,1,70,2,35,1
87,0,2,0,3,1,4,4,4,4,3,2,2,1,0,1,2,0,0,47,6,25,0
88,0,2,0,2,3,2,1,1,2,3,3,4,1,0,0,2,0,0,37,4,3,1
89,0,2,0,3,3,3,5,4,3,3,3,3,2,0,0,1,0,0,32,2,27,0
90,0,2,0,4,3,4,3,3,5,4,3,3,1,0,1,2,0,0,70,2,3,1
91,0,2,0,5,4,5,5,5,3,4,2,5,1,0,0,4,0,0,21,2,9,0
92,0,2,0,3,2,4,5,4,2,2,2,2,2,0,1,4,0,0,37,4,45,1
93,0,2,0,3,5,5,5,5,3,5,1,1,1,1,1,1,0,1,42,2,35,0
94,0,2,0,5,5,5,5,5,4,4,3,1,1,0,1,1,0,1,70,4,16,1
95,0,2,0,5,5,5,5,5,5,5,4,5,1,1,0,1,0,1,70,2,16,0
96,0,2,0,3,4,4,4,4,3,4,3,4,1,0,1,1,1,0,47,4,3,1
97,0,2,0,5,5,5,5,5,3,5,2,2,1,0,1,4,0,1,70,6,25,0
98,0,2,0,4,3,4,5,4,5,5,2,5,2,0,1,1,0,0,70,2,3,1
99,0,2,0,4,3,4,4,4,3,4,4,2,1,0,0,2,0,0,42,3,25,0
100,0,2,0,5,5,5,5,5,5,5,1,1,1,1,1,1,0,1,70,4,12,1
101,0,2,0,4,2,4,5,5,4,3,2,3,1,1,1,1,0,1,37,5,35,0
102,0,2,0,4,5,5,4,5,2,3,1,5,1,1,1,1,0,0,70,1,8,1
103,0,2,0,3,4,5,5,5,2,5,2,1,1,1,0,2,0,1,21,3,45,0
104,0,2,0,5,3,4,5,5,4,5,3,3,1,1,0,1,0,0,70,1,9,0
105,0,2,0,3,3,4,5,5,3,3,4,5,1,0,0,1,0,1,70,4,16,0
106,0,2,0,4,4,5,5,5,4,5,3,2,1,0,1,2,0,1,42,6,60,0
107,0,2,0,3,1,5,5,5,3,5,3,4,1,0,1,4,0,0,42,4,16,0
108,0,2,0,3,5,3,5,3,3,5,3,1,1,0,1,2,0,0,32,3,9,0
109,0,2,0,3,5,3,5,5,5,5,3,1,1,0,1,2,0,0,70,4,9,0
110,0,2,0,3,3,3,3,3,3,3,3,3,1,0,0,6,0,0,70,1,27,0
111,0,2,0,3,3,4,5,4,3,2,1,2,1,0,1,1,0,1,37,8,45,0
112,0,2,0,5,3,5,5,3,3,4,2,4,1,0,1,1,0,1,70,5,9,0
113,0,2,0,3,2,5,4,4,3,4,2,2,2,1,1,2,0,1,52,5,25,0
114,0,2,0,4,4,2,4,4,3,5,2,4,1,0,0,2,0,1,27,5,25,0
115,0,2,0,4,4,3,4,4,4,4,3,2,1,0,0,1,0,1,70,1,3,0
116,0,2,0,5,5,5,3,5,3,4,1,1,1,0,0,5,0,0,32,3,16,0
117,0,2,0,3,2,5,5,3,3,4,1,4,2,0,1,2,0,1,21,6,6,0
118,0,2,0,5,2,5,5,2,5,5,4,3,1,1,0,1,0,1,37,5,25,0
119,0,2,0,4,3,5,5,5,4,5,3,4,1,1,1,3,0,0,27,3,9,0
120,0,2,0,4,5,5,5,4,2,5,3,4,1,1,1,1,0,1,70,5,3,0
121,0,2,0,1,3,4,5,2,2,5,2,2,1,0,1,1,0,0,70,6,25,0
122,0,2,0,3,4,5,5,5,3,5,2,3,1,0,0,2,0,1,70,3,12,0
123,0,2,0,4,4,3,5,3,3,4,3,3,1,1,1,1,0,0,32,4,3,0
124,0,2,0,3,3,3,2,3,3,4,3,3,1,0,1,2,0,0,21,2,3,0
125,0,2,0,3,2,1,4,5,2,3,4,3,1,1,0,2,0,1,70,1,16,0
126,0,2,0,5,5,1,5,5,4,5,1,4,1,0,0,1,0,1,70,4,9,0
127,0,2,0,4,2,1,5,5,5,3,3,1,1,0,1,1,0,1,42,3,25,0
128,0,2,0,2,4,2,3,5,5,5,3,3,1,1,1,2,0,1,32,5,45,0
129,0,2,0,4,3,5,3,3,2,4,1,1,2,1,1,2,0,0,27,0,25,1
130,0,5,0,5,1,5,5,5,1,5,1,5,1,1,1,1,0,1,47,2,16,0
131,0,5,0,3,1,1,5,5,5,1,5,2,1,1,0,1,1,0,70,0,3,1
132,0,5,0,4,3,2,4,4,4,3,3,4,1,1,1,2,0,1,70,5,16,0
133,0,5,0,4,3,4,5,4,3,4,4,3,1,1,1,1,0,1,70,3,9,1
134,0,5,0,3,1,5,5,5,5,1,3,3,1,1,1,2,0,0,37,3,9,0
135,0,5,0,5,4,5,4,2,1,5,1,3,1,0,0,4,0,1,27,3,25,1
136,0,5,0,5,3,4,5,4,3,4,2,5,1,0,1,2,0,1,32,6,60,0
137,0,5,0,3,5,5,4,5,5,5,1,1,1,1,1,1,0,1,32,5,25,1
138,0,5,0,5,3,5,5,5,4,5,2,1,1,1,1,1,0,0,37,3,3,1
139,0,5,0,5,3,5,5,5,5,3,2,4,1,1,1,1,0,0,47,2,3,0
140,0,5,0,4,4,5,4,5,4,5,2,4,1,0,0,2,0,1,70,2,9,1
141,0,5,0,3,3,2,4,4,2,5,2,2,1,0,1,1,0,0,37,5,9,0
142,0,5,0,3,2,2,5,4,2,3,2,4,1,1,1,2,0,1,70,1,16,1
143,0,5,0,4,2,5,5,4,2,5,1,1,1,0,0,5,0,0,70,1,45,0
144,0,5,0,4,3,5,5,5,4,3,5,2,1,1,1,1,0,1,47,0,27,1
145,0,5,0,3,2,3,5,4,5,3,3,4,1,0,1,2,0,1,27,6,9,0
146,0,5,0,1,5,5,5,2,1,5,2,1,1,0,0,1,0,1,70,5,35,1
147,0,5,0,3,3,4,4,4,2,4,4,2,2,0,1,4,0,0,21,6,3,0
148,0,5,0,1,5,5,3,5,2,5,1,1,1,0,1,1,0,1,70,4,9,1
149,0,5,0,3,4,4,5,5,3,5,4,5,1,0,1,1,0,0,47,4,25,0
150,0,5,0,4,4,5,5,5,1,5,2,5,1,0,0,2,0,1,37,5,25,1
151,0,5,0,5,5,5,5,5,1,5,1,5,1,0,1,2,0,1,37,3,35,0
152,0,5,0,1,4,4,2,4,4,2,4,4,1,1,1,1,0,0,42,0,27,1
153,0,5,0,5,5,5,5,5,1,5,3,1,1,1,1,1,0,1,32,3,25,0
154,0,5,0,3,3,4,5,3,5,2,5,4,1,0,0,1,0,1,47,6,85,1
155,0,5,0,3,3,2,5,5,3,3,4,3,1,1,1,2,0,1,27,3,25,0
156,0,5,0,5,5,2,5,4,1,5,5,5,1,0,0,2,0,0,52,0,3,1
157,0,5,0,1,2,5,5,5,4,4,2,4,1,0,1,1,0,1,47,3,35,0
158,0,5,0,5,5,5,5,5,1,5,1,5,1,0,0,1,0,0,47,3,3,1
159,0,5,0,4,2,3,5,5,3,2,3,4,1,0,0,2,0,1,37,3,60,0
160,0,5,0,1,3,5,5,5,1,5,5,3,1,0,1,1,0,0,70,3,9,1
161,0,5,0,4,4,4,4,3,3,5,4,3,1,1,1,1,0,1,42,5,25,0
162,0,5,0,3,2,4,5,5,3,3,3,3,1,0,1,2,0,0,37,2,3,1
163,0,5,0,3,3,4,5,4,3,4,2,3,1,0,1,1,0,1,52,4,25,0
164,0,5,0,3,1,5,5,5,1,4,1,3,1,1,1,1,0,1,32,5,25,1
165,0,5,0,4,3,4,5,4,4,4,3,3,1,1,0,2,0,1,37,3,25,0
166,0,5,0,5,3,1,5,5,5,1,5,5,1,1,0,1,0,0,42,2,9,1
167,0,5,0,5,3,3,5,5,4,5,4,1,1,0,1,2,0,1,70,2,25,0
168,0,5,0,5,5,4,5,5,5,5,5,5,1,0,0,1,0,0,21,3,16,0
169,0,5,0,1,2,4,4,5,1,5,1,3,1,0,1,1,0,1,70,3,16,0
170,0,5,0,1,3,5,5,4,1,5,1,3,1,1,1,3,0,1,52,0,11,1
171,0,5,0,3,2,4,5,5,4,4,2,4,1,1,1,2,1,1,70,6,35,0
172,0,5,0,5,5,5,5,5,2,4,1,2,1,1,1,1,0,1,70,6,45,1
173,0,5,0,2,2,3,5,5,5,3,3,1,1,0,1,1,0,1,42,4,9,0
174,0,5,0,3,4,4,4,5,2,3,2,1,2,1,1,2,0,1,27,5,25,1
175,0,5,0,3,2,5,5,5,4,3,2,2,1,1,1,1,0,1,42,4,35,0
176,0,5,0,3,3,4,4,4,1,1,1,3,1,1,1,1,0,1,32,6,60,1
177,0,5,0,1,1,3,5,1,1,1,1,4,1,1,0,1,0,1,37,4,25,0
178,0,5,0,5,5,5,5,5,4,3,4,2,1,0,1,2,0,0,70,2,16,1
179,0,5,0,3,3,1,5,5,5,3,3,5,1,0,0,6,0,0,37,1,27,0
180,0,5,0,3,3,5,5,3,3,2,2,2,1,0,1,1,0,1,70,6,25,1
181,0,5,0,2,1,1,5,5,1,1,3,5,1,0,1,1,0,1,70,3,12,0
182,0,5,0,3,4,4,2,5,2,4,3,4,2,1,1,3,0,0,42,5,25,1
183,0,5,0,1,1,4,1,1,3,1,2,3,1,1,1,1,0,1,42,6,35,0
184,0,5,0,3,3,4,5,4,4,3,1,3,1,1,1,2,0,0,37,3,27,1
185,0,5,0,4,4,4,5,4,2,5,5,4,1,1,1,1,0,1,27,5,35,0
186,0,5,0,5,5,3,5,5,5,4,4,4,1,0,1,1,0,0,70,6,3,1
187,0,5,0,2,5,4,4,2,1,3,2,2,1,0,1,1,0,1,52,6,85,0
188,0,5,0,5,4,4,5,5,5,3,4,5,1,0,1,1,0,0,27,3,3,1
189,0,5,0,2,4,5,5,5,3,4,5,3,1,1,1,1,0,1,37,6,16,0
190,0,5,0,3,2,4,4,4,3,4,3,2,1,1,1,1,0,1,70,1,9,1
191,0,5,0,4,2,5,5,5,3,2,3,4,1,0,1,7,0,1,42,0,60,0
192,0,5,0,5,3,1,5,3,5,5,5,5,1,1,0,1,0,0,70,3,9,1
193,0,5,0,4,5,5,4,4,2,5,2,3,2,1,0,4,0,1,37,3,25,0
194,0,5,0,4,2,4,5,4,3,4,2,3,1,0,1,2,0,1,52,5,35,1
195,0,5,0,5,5,5,1,3,5,5,1,4,1,0,1,1,0,1,70,6,16,0
196,0,5,0,1,1,5,5,5,5,3,3,3,1,0,0,3,0,1,32,3,25,1
197,0,5,0,3,3,3,4,4,2,3,4,2,2,0,0,4,0,1,70,1,9,0
198,0,5,0,5,5,5,5,5,5,5,2,2,1,0,1,3,0,1,70,2,9,1
199,0,5,0,4,5,5,3,4,3,5,1,2,2,1,1,3,0,0,42,6,60,0
200,0,5,0,2,1,4,4,5,3,1,2,3,1,1,1,7,0,1,21,3,25,1
201,0,5,0,2,3,5,5,5,3,5,3,1,2,0,0,3,0,1,32,5,25,0
202,0,5,0,4,3,5,5,5,4,3,3,4,1,1,1,1,0,1,52,6,35,1
203,0,5,0,3,4,4,5,5,3,4,3,3,1,1,1,1,0,1,70,4,9,0
204,0,5,0,5,4,2,2,4,4,2,4,5,1,0,1,2,0,0,37,2,8,1
205,0,5,0,2,1,4,3,4,3,4,2,2,2,1,1,7,0,1,21,0,16,1
206,0,5,0,4,3,2,5,5,3,4,2,3,1,0,1,2,0,0,42,3,16,0
207,0,5,0,3,3,3,5,3,3,1,1,3,1,1,1,2,1,0,37,3,16,1
208,0,5,0,5,1,5,5,5,1,3,1,2,1,0,1,1,0,1,70,2,9,0
209,0,5,0,5,4,4,5,5,3,4,3,3,1,0,0,1,0,0,70,1,9,1
210,0,5,0,5,4,4,5,3,4,5,1,3,1,1,1,2,0,0,70,6,3,0
211,0,5,0,5,2,4,5,4,4,2,2,2,1,1,0,2,0,0,70,4,9,1
212,0,5,0,4,5,2,5,5,5,3,3,3,1,1,0,1,0,0,32,3,3,0
213,0,5,0,5,4,4,5,5,4,5,1,4,1,0,0,1,0,0,37,3,16,1
214,0,5,0,5,5,5,5,5,2,5,2,5,1,0,1,1,0,0,52,3,3,0
215,0,5,0,2,4,4,4,3,1,5,3,3,1,0,0,7,0,0,52,2,3,1
216,0,5,0,4,5,5,5,4,4,4,2,2,2,0,0,2,0,0,42,3,25,0
217,0,5,0,2,5,5,5,3,5,4,1,5,1,1,0,1,0,1,42,5,45,0
218,0,5,0,5,5,5,3,1,3,3,1,3,1,1,0,4,0,1,70,0,16,1
219,0,5,0,5,3,4,5,5,5,3,3,2,1,0,1,3,0,1,27,4,16,0
220,0,5,0,2,3,3,4,5,5,3,3,1,1,1,1,3,0,0,27,3,3,1
221,0,5,0,5,1,5,5,5,1,5,1,5,1,1,1,1,0,1,47,2,16,0
222,0,5,0,3,1,5,5,5,2,2,4,1,1,0,1,1,0,1,47,2,23,1
223,0,5,0,5,3,4,5,5,4,4,2,3,1,0,1,1,0,0,32,2,10,0
224,0,5,0,2,2,4,4,5,5,4,5,5,1,1,1,4,0,1,37,3,25,1
225,0,5,0,4,3,3,4,5,4,3,2,3,1,1,1,2,0,1,21,6,25,0
226,0,5,0,5,5,5,5,5,3,5,3,5,1,1,1,1,0,0,32,3,3,1
227,0,5,0,3,5,5,5,5,2,5,1,4,2,0,1,1,0,0,70,1,9,0
228,0,5,0,5,5,5,5,5,3,5,4,4,2,1,1,1,0,1,70,2,16,1
229,0,5,0,4,3,3,4,4,3,4,2,3,1,1,0,1,0,1,70,5,12,0
230,0,5,0,2,3,3,4,4,2,4,4,3,1,0,0,3,0,1,42,2,27,1
231,0,5,0,4,5,4,5,5,4,2,3,2,1,0,1,2,0,0,70,3,16,0
232,0,5,0,5,3,3,5,5,3,3,4,3,1,0,0,2,0,0,42,1,16,1
233,0,5,0,3,3,4,2,3,1,4,2,1,2,0,1,2,0,1,47,0,25,0
234,0,5,0,5,3,2,5,5,4,5,5,5,1,0,1,2,0,1,70,3,16,1
235,0,5,0,4,4,5,3,4,1,4,1,3,2,0,1,1,0,1,70,2,25,0
236,0,5,0,5,1,1,5,5,4,4,1,4,1,0,1,2,0,1,70,6,35,1
237,0,5,0,4,2,3,5,5,4,5,2,4,1,1,1,1,0,0,37,6,16,0
238,0,5,0,5,1,1,5,3,1,1,5,5,1,1,1,1,0,0,42,3,25,0
239,0,5,0,5,4,2,5,5,3,2,5,1,1,0,1,2,0,1,42,2,45,1
240,0,5,0,2,2,4,4,3,2,5,2,3,1,0,0,1,0,1,70,3,9,0
241,0,5,0,2,2,3,4,2,3,2,3,4,1,1,1,2,0,0,21,3,16,1
242,0,5,0,5,1,4,5,5,1,1,1,5,1,0,0,2,0,0,70,3,16,0
243,0,5,0,5,1,1,5,5,5,5,5,5,1,1,0,1,0,1,70,5,35,0
244,0,5,0,4,2,4,5,5,2,3,4,4,1,1,1,1,0,1,70,4,25,0
245,0,5,0,5,5,2,4,4,2,4,4,2,1,1,0,1,0,0,70,3,9,0
246,0,5,0,3,3,3,3,2,2,4,2,2,2,1,0,4,0,0,32,6,35,0
247,0,5,0,3,5,4,5,5,1,5,2,2,1,0,1,1,0,0,42,3,16,0
248,0,5,0,5,4,3,5,5,3,3,5,3,1,0,0,1,0,1,47,3,16,0
249,0,5,0,4,5,4,5,5,5,4,1,3,1,1,1,1,0,1,32,3,16,0
250,0,5,0,5,1,4,5,5,3,4,2,3,1,0,1,2,1,1,27,2,9,0
251,0,5,0,5,1,5,5,5,3,3,4,1,1,0,0,2,0,1,37,3,16,0
252,0,5,0,4,1,4,5,4,4,2,2,3,1,0,1,1,0,1,42,5,25,0
253,0,5,0,3,4,4,5,3,1,5,1,5,1,1,0,2,0,1,52,4,85,0
254,0,5,0,3,5,5,3,5,2,5,3,5,1,0,0,3,0,0,70,2,3,0
255,0,5,0,5,3,3,5,5,5,3,1,2,1,1,1,2,0,1,32,0,100,0
256,0,5,0,5,5,5,5,5,4,5,1,1,2,0,1,1,0,0,70,1,9,0
257,0,5,0,4,3,3,4,4,2,3,2,2,1,0,1,2,0,0,27,3,3,0
258,0,5,0,3,3,4,4,3,2,5,1,3,1,0,1,1,0,1,42,6,45,0
259,0,5,0,5,5,4,5,5,5,4,4,5,1,1,1,1,0,0,47,3,27,0
260,0,5,0,5,4,3,5,5,3,4,4,5,1,0,1,2,0,0,70,3,9,0
261,0,5,0,2,5,5,5,5,5,5,4,5,1,0,1,1,0,1,32,4,3,0
262,0,5,0,5,5,5,5,5,5,5,1,4,1,0,0,4,0,0,70,2,16,0
263,0,5,0,3,4,5,3,5,3,5,1,3,1,0,1,1,0,1,37,8,35,0
264,0,5,0,4,4,5,5,5,1,4,4,4,1,0,0,2,0,1,70,3,12,0
265,0,5,0,3,5,5,5,5,3,5,2,4,1,0,0,2,0,0,42,2,9,0
266,0,5,0,5,5,5,3,2,3,5,2,1,2,1,1,1,0,1,70,3,16,0
267,0,5,0,5,2,1,5,5,5,1,5,5,1,0,1,1,0,0,21,6,25,1
268,0,5,0,4,3,2,4,4,2,4,2,4,1,1,1,2,0,1,37,6,25,1
269,0,5,0,2,1,3,5,4,2,2,3,4,1,1,1,2,0,1,42,6,25,1
270,0,5,0,4,2,3,3,4,2,2,4,2,1,0,1,1,0,0,52,2,9,1
271,0,5,0,5,1,1,5,5,3,3,5,2,1,1,1,1,0,1,47,4,9,1
272,0,5,0,5,3,4,5,5,1,5,2,1,1,0,1,1,0,1,70,5,16,1
273,0,5,0,2,3,4,4,4,1,3,3,3,1,1,1,1,0,0,37,3,9,1
274,0,5,0,5,5,5,5,5,3,5,1,3,1,0,1,1,0,1,70,1,100,1
275,0,5,0,5,3,1,5,5,5,3,5,3,1,0,1,4,0,0,37,2,16,1
276,0,5,0,3,1,1,5,4,2,5,3,4,1,1,1,1,1,0,70,6,16,1
277,2,5,1,1,5,5,5,5,5,4,1,5,1,0,0,1,0,0,70,4,3,0
278,2,5,1,4,3,3,4,4,3,3,1,1,1,1,1,1,0,1,52,5,9,1
279,2,5,1,5,4,3,5,5,5,4,5,5,1,0,0,3,0,0,27,2,16,0
280,2,5,1,5,2,2,4,4,4,3,2,4,1,1,0,1,0,0,70,1,16,1
281,2,5,1,5,3,3,5,5,3,5,2,3,1,1,1,1,0,0,52,2,45,0
282,2,5,1,4,3,2,5,4,3,3,2,5,1,1,1,2,0,1,21,6,16,0
283,2,5,1,4,3,3,4,4,3,3,3,4,1,0,1,2,0,0,32,6,35,0
284,2,5,1,3,4,2,3,4,2,3,4,3,3,1,0,1,0,0,37,1,9,0
285,2,5,1,4,3,1,5,5,3,5,5,5,1,1,1,2,0,0,37,3,3,0
286,0,20,0,5,5,5,5,5,2,5,3,3,2,0,0,4,0,1,70,1,9,0
287,0,20,0,5,3,5,5,5,1,4,3,5,1,0,1,1,0,0,70,4,3,1
288,0,20,0,2,2,5,5,2,1,5,1,1,1,0,0,2,0,1,70,0,16,0
289,0,20,0,4,4,1,4,4,1,3,5,3,1,1,1,1,0,1,37,4,25,1
290,0,20,0,5,5,4,4,4,2,5,2,4,1,0,1,1,0,0,70,3,9,0
291,0,20,0,2,2,2,5,5,4,4,3,3,2,0,0,1,0,1,70,3,9,1
292,0,20,0,2,4,4,5,4,3,4,2,4,1,1,1,2,0,1,21,4,9,0
293,0,20,0,4,4,5,5,5,3,4,2,5,1,1,1,1,0,0,70,6,9,1
294,0,20,0,4,2,2,5,4,5,3,4,4,1,1,1,2,0,0,32,3,35,0
295,0,20,0,3,4,4,2,1,1,5,3,2,1,0,0,1,0,0,70,5,9,1
296,0,20,0,3,3,4,5,5,4,4,2,4,1,1,1,1,0,1,21,5,25,1
297,0,20,0,5,5,5,5,5,5,5,1,1,1,0,0,1,0,1,70,1,16,0
298,0,20,0,5,5,5,5,5,3,5,4,2,1,1,1,2,0,1,27,3,25,1
299,0,20,0,4,4,2,5,5,4,3,4,4,1,1,1,1,0,0,27,6,25,0
300,0,20,0,5,4,2,5,4,3,5,3,4,1,0,0,5,0,0,21,4,9,1
301,0,20,0,4,5,5,5,5,2,4,2,2,1,0,1,1,0,0,70,2,16,0
302,0,20,0,4,5,5,5,4,3,3,1,1,1,0,1,1,0,1,47,5,60,1
303,0,20,0,5,4,3,5,3,3,4,3,5,1,0,1,2,0,0,21,3,25,0
304,0,20,0,4,3,3,5,4,4,4,3,5,1,0,1,2,0,1,21,6,25,1
305,0,20,0,3,2,5,5,4,1,2,2,4,1,0,1,2,0,1,27,6,35,0
306,0,20,0,3,3,5,5,5,3,3,4,3,1,0,1,1,0,0,70,3,9,0
307,0,20,0,3,2,2,4,4,3,5,5,3,2,1,0,1,0,0,21,6,3,1
308,0,20,0,3,2,3,5,3,3,2,3,1,1,0,1,2,0,0,32,0,3,0
309,0,20,0,3,3,1,5,5,4,4,4,5,1,0,1,2,0,0,70,2,9,1
310,0,20,0,5,5,4,5,3,3,4,2,3,1,1,0,4,0,1,70,6,27,0
311,0,20,0,5,4,1,5,5,5,1,5,5,1,0,1,6,0,1,47,2,9,1
312,0,20,0,3,4,5,5,4,2,5,1,5,1,0,1,1,0,0,47,6,16,0
313,0,20,0,4,2,2,5,5,4,2,5,5,1,1,1,1,0,1,70,2,9,1
314,0,20,0,3,4,2,5,5,4,4,2,3,1,1,0,2,0,0,32,4,25,0
315,0,20,0,4,3,3,5,5,5,3,5,3,1,0,1,1,0,0,32,4,3,1
316,0,20,0,5,5,5,5,5,5,5,1,5,1,0,0,1,0,1,70,5,9,0
317,0,20,0,2,2,3,4,4,5,3,2,5,1,1,1,1,0,1,21,6,16,1
318,0,20,0,4,4,3,5,5,5,3,5,4,1,0,0,1,0,0,70,3,9,0
319,0,20,0,3,4,2,5,5,1,3,3,3,1,0,0,1,0,1,47,5,9,0
320,0,20,0,1,1,4,5,4,1,3,1,1,1,1,1,1,0,1,42,4,100,1
321,0,20,0,5,5,5,5,5,5,5,2,4,1,1,1,2,0,1,52,3,35,0
322,0,20,0,4,4,2,5,5,4,4,5,5,1,0,1,4,0,1,37,5,16,1
323,0,20,0,3,3,5,5,5,1,3,1,2,1,0,1,1,1,0,42,6,27,0
324,0,20,0,1,5,5,2,4,1,5,2,1,2,1,1,2,0,0,70,1,3,1
325,0,20,0,4,4,3,5,4,4,4,2,3,1,0,0,1,0,1,70,1,9,0
326,0,20,0,5,3,4,5,5,5,5,5,5,1,0,1,1,0,0,70,3,12,1
327,0,20,0,1,1,1,5,5,5,3,5,5,1,1,0,1,0,1,70,4,9,0
328,0,20,0,2,2,4,4,4,5,2,2,3,1,1,1,4,0,1,27,0,9,1
329,0,20,0,4,5,5,5,3,3,5,3,2,3,0,0,3,0,1,37,4,9,0
330,0,20,0,4,5,3,4,4,5,4,5,2,1,1,1,1,0,0,27,6,9,1
331,0,20,0,3,1,2,5,4,3,1,1,4,1,0,1,1,0,1,37,6,60,0
332,0,20,0,4,4,4,5,5,4,5,4,5,1,0,0,1,0,1,70,4,9,1
333,0,20,0,4,3,3,5,5,4,5,3,4,1,0,1,1,0,0,32,5,9,0
334,0,20,0,3,5,5,4,4,3,5,1,2,1,0,0,2,0,1,70,2,9,1
335,0,20,0,4,5,5,5,5,3,5,2,2,2,1,1,4,0,0,42,6,45,0
336,0,20,0,3,5,5,5,5,2,5,2,3,2,0,0,5,0,1,21,4,25,1
337,0,20,0,2,3,4,2,5,2,3,3,3,1,1,0,1,0,0,70,2,9,0
338,0,20,0,5,4,4,5,4,2,3,4,5,1,0,0,4,0,0,70,1,9,1
339,0,20,0,4,4,5,5,5,3,5,2,3,1,1,0,1,0,1,70,4,9,0
340,0,20,0,4,4,3,4,4,4,3,3,3,1,0,1,1,0,1,47,3,16,1
341,0,20,0,5,3,4,4,4,4,5,2,2,1,0,0,1,0,1,52,5,60,0
342,0,20,0,3,5,5,5,5,1,5,3,5,1,0,0,1,0,0,70,0,9,1
343,0,20,0,5,3,4,5,5,4,3,2,5,1,0,0,1,0,1,47,4,25,0
344,0,20,0,2,1,4,5,5,5,1,3,4,1,0,1,2,0,1,37,6,3,1
345,0,20,0,3,3,4,4,4,2,4,1,3,1,1,1,1,1,0,47,3,25,0
346,0,20,0,2,1,3,5,5,3,2,3,3,1,0,1,2,0,1,21,3,25,1
347,0,20,0,3,3,1,5,4,4,3,5,5,1,0,0,1,0,0,70,1,9,0
348,0,20,0,5,5,4,5,5,4,5,4,3,1,0,0,6,0,0,70,1,9,1
349,0,20,0,3,3,4,5,4,3,3,2,3,1,1,1,2,0,1,27,0,35,0
350,0,20,0,3,5,4,5,5,2,5,2,1,1,0,0,1,0,1,70,1,12,1
351,0,20,0,5,3,4,5,5,5,3,3,4,1,1,0,2,0,1,42,3,25,0
352,0,20,0,5,2,4,4,5,2,4,3,4,1,0,1,2,0,1,37,5,35,1
353,0,20,0,3,3,5,4,5,2,5,1,3,1,1,1,1,0,0,70,6,25,0
354,0,20,0,3,2,4,5,4,2,3,2,4,1,0,1,1,0,1,47,6,45,1
355,0,20,0,2,3,4,5,4,4,3,4,3,3,1,1,1,0,1,70,5,16,0
356,0,20,0,5,2,5,5,5,5,2,5,5,1,0,1,1,0,1,37,2,11,1
357,0,20,0,3,2,1,5,3,4,2,5,5,1,1,0,1,0,0,47,3,16,0
358,0,20,0,2,2,5,5,5,5,3,5,4,1,0,1,1,0,1,37,0,35,1
359,0,20,0,3,4,3,5,4,3,4,4,5,1,0,0,1,0,1,70,2,9,0
360,0,20,0,5,5,5,5,5,5,5,2,2,1,1,1,2,0,1,47,3,25,1
361,0,20,0,4,1,4,5,5,5,4,2,3,1,1,0,1,1,0,37,6,9,0
362,0,20,0,4,5,5,4,1,5,5,1,1,1,0,1,1,0,1,70,1,12,1
363,0,20,0,2,4,3,3,4,4,4,4,4,1,0,0,2,0,1,37,4,35,0
364,0,20,0,3,1,4,5,5,4,4,3,3,1,1,1,4,0,0,27,5,25,1
365,0,20,0,5,5,5,5,5,2,5,1,5,1,1,1,1,0,0,70,1,3,0
366,0,20,0,5,3,5,5,5,4,3,2,2,1,1,1,1,0,1,70,4,45,1
367,0,20,0,3,3,3,5,5,1,4,3,4,1,0,1,2,0,1,52,1,45,0
368,0,20,0,5,3,5,5,5,4,5,1,5,1,0,1,1,1,1,32,6,35,1
369,0,20,0,3,3,4,5,4,5,5,3,3,1,1,0,1,0,1,70,2,9,0
370,0,20,0,4,4,4,4,4,3,4,2,1,2,1,1,1,0,0,70,3,3,1
371,0,20,0,2,4,4,4,3,3,4,1,2,2,1,1,2,0,1,52,6,60,0
372,0,20,0,3,5,5,4,5,3,5,3,2,1,0,1,1,0,0,52,2,3,1
373,0,20,0,5,2,2,5,5,5,1,5,1,1,0,1,1,0,1,37,3,25,0
374,0,20,0,4,4,4,5,5,3,4,2,3,1,0,1,1,0,0,70,1,9,1
375,0,20,0,4,5,3,5,5,3,5,4,2,1,0,1,4,0,1,21,2,16,0
376,0,20,0,4,2,4,5,4,3,2,4,4,1,0,1,2,0,0,70,6,12,1
377,0,20,0,5,5,4,5,5,3,5,4,3,1,1,1,1,0,1,70,5,16,0
378,0,20,0,5,5,5,1,5,5,5,2,3,1,0,1,1,0,0,47,1,25,1
379,0,20,0,5,2,5,5,5,3,5,3,5,2,0,0,1,0,1,47,6,12,0
380,0,20,0,1,3,5,5,5,1,5,5,3,1,0,1,1,0,0,70,4,9,1
381,0,20,0,5,5,5,4,5,3,5,3,2,1,0,1,1,0,0,52,2,16,0
382,0,20,0,1,1,5,5,1,4,5,1,1,3,0,1,4,0,1,52,6,45,1
383,0,20,0,4,2,4,4,4,3,3,3,2,2,0,0,4,0,0,47,3,3,0
384,0,20,0,3,2,4,5,4,2,5,1,5,1,1,1,2,0,1,42,5,25,1
385,0,20,0,5,5,5,1,3,4,5,3,2,1,1,0,2,0,1,70,6,9,0
386,0,20,0,2,2,4,5,5,3,5,3,1,1,0,1,1,0,0,70,3,9,1
387,0,20,0,5,5,4,5,5,5,4,5,5,1,0,1,2,1,0,27,3,16,0
388,0,20,0,4,1,1,5,5,3,3,1,5,1,1,0,2,0,0,52,0,16,1
389,0,20,0,4,5,5,5,5,4,4,2,1,1,1,1,2,0,1,27,5,25,0
390,0,20,0,3,3,4,5,5,3,2,4,2,1,1,1,2,0,0,47,3,25,1
391,0,20,0,2,3,5,5,4,3,5,3,1,1,1,1,1,0,0,70,3,9,0
392,0,20,0,2,4,4,5,5,3,4,5,5,1,1,1,1,0,1,27,3,16,1
393,0,20,0,3,3,2,4,4,2,3,1,2,1,1,1,1,0,1,70,3,35,0
394,0,20,0,2,3,5,5,5,3,3,3,3,2,1,1,1,0,1,27,3,45,1
395,0,20,0,4,4,1,4,4,3,5,2,4,1,0,1,1,0,0,37,1,25,0
396,0,20,0,5,4,5,4,4,1,3,1,1,2,0,1,4,0,0,47,4,25,1
397,0,20,0,5,3,1,5,5,2,3,3,5,1,0,0,3,0,0,70,5,9,0
398,0,20,0,3,1,4,5,4,1,5,2,5,1,1,1,7,0,1,32,3,16,0
399,0,20,0,5,3,5,5,5,5,5,5,4,1,0,1,4,0,0,37,2,25,0
400,0,20,0,1,1,5,3,2,1,4,1,5,1,0,1,1,0,1,70,6,35,0
401,0,20,0,2,5,5,5,5,4,5,1,1,1,0,0,1,0,0,70,2,9,0
402,0,20,0,4,4,4,5,4,4,4,2,2,1,1,1,1,0,1,32,4,25,0
403,0,20,0,5,3,3,5,5,1,3,2,2,1,1,0,2,0,1,52,3,35,0
404,0,20,0,5,3,4,5,4,3,5,3,4,1,0,0,2,0,1,70,3,16,0
405,0,20,0,5,4,5,5,5,3,5,3,3,1,0,0,4,0,0,70,1,3,0
406,0,20,0,4,2,2,5,5,2,5,5,5,1,0,0,2,0,0,21,2,9,0
407,0,20,0,4,3,2,5,5,3,3,4,4,1,0,1,2,0,1,70,0,16,0
408,0,20,0,4,5,4,5,4,4,5,2,2,1,1,1,2,0,0,70,2,9,0
409,0,20,0,2,4,4,5,5,3,3,3,3,1,1,1,1,0,0,42,5,9,0
410,0,20,0,3,4,4,3,4,1,5,3,2,1,0,1,2,0,0,70,2,9,0
411,0,20,0,4,1,1,5,5,5,5,5,3,1,1,1,1,0,0,42,3,3,0
412,0,20,0,5,1,1,5,5,5,1,5,4,1,1,1,1,0,0,47,3,3,0
413,0,20,0,4,1,5,4,4,2,5,3,4,1,0,1,1,0,1,70,4,25,0
414,0,20,0,5,5,1,5,3,3,2,5,5,1,0,1,1,0,0,21,3,25,0
415,0,20,0,3,1,5,5,5,1,5,1,1,1,0,1,1,0,1,52,5,45,0
416,0,20,0,2,3,4,5,5,1,2,3,4,1,1,0,1,0,1,37,5,16,0
417,0,20,0,4,4,3,5,5,5,3,5,4,1,0,1,4,0,0,32,6,3,0
418,0,20,0,5,2,2,5,5,5,1,4,5,1,1,1,1,0,0,42,4,25,0
419,0,20,0,3,2,4,3,5,2,3,2,4,2,0,1,2,0,1,21,5,35,0
420,0,20,0,4,1,5,5,2,1,2,1,1,1,0,0,2,0,1,52,6,60,0
421,0,20,0,4,4,4,5,4,5,4,5,2,2,0,1,1,1,1,70,4,9,0
422,0,20,0,4,3,3,5,4,4,3,3,5,1,0,1,2,0,1,42,6,60,0
423,0,20,0,4,2,4,5,5,3,2,2,3,1,1,1,1,0,1,27,6,35,0
424,0,20,0,3,3,5,4,4,3,4,3,3,1,1,0,1,0,0,70,4,9,0
425,0,20,0,5,3,5,4,3,3,2,3,3,1,0,1,1,0,1,52,6,25,0
426,0,20,0,5,3,5,5,5,3,5,1,5,1,0,1,1,0,1,70,1,9,0
427,0,20,0,1,4,5,5,5,4,5,1,1,1,1,1,1,0,1,47,3,27,0
428,0,20,0,5,3,5,5,5,2,5,5,5,1,1,1,1,0,1,47,4,16,0
429,0,20,0,4,4,4,4,4,4,5,4,4,1,0,1,1,0,1,70,3,25,0
430,0,20,0,4,5,5,5,5,4,5,3,4,1,0,1,1,0,0,70,1,9,0
431,0,20,0,4,4,5,4,4,3,5,3,4,1,0,0,3,0,0,37,2,25,0
432,0,20,0,3,5,5,5,3,1,5,4,2,1,1,0,2,0,1,70,6,60,0
433,0,20,0,1,3,5,3,5,4,3,1,4,1,1,1,1,0,1,52,6,25,1
434,0,20,0,4,4,4,4,5,5,4,3,5,1,0,0,1,0,1,70,6,16,1
435,0,20,0,4,5,4,1,1,3,2,3,1,1,0,0,5,0,0,47,4,3,1
436,0,20,0,3,3,4,5,5,3,3,1,3,1,0,1,4,0,0,42,4,35,1
437,0,20,0,3,5,3,1,5,1,3,1,1,1,0,1,1,0,1,37,5,25,1
438,0,20,0,5,4,4,5,5,3,4,3,1,1,0,1,1,0,1,42,6,25,1
439,0,20,0,4,4,4,5,3,3,4,2,3,1,0,1,6,0,0,32,0,35,1
440,0,20,0,5,5,5,5,4,3,5,2,1,1,0,1,4,0,0,42,3,3,1
441,0,20,0,3,1,1,5,5,4,2,5,5,1,1,1,1,0,0,27,4,16,1
442,5,20,1,3,5,4,5,5,2,5,2,4,1,1,1,1,0,1,32,4,25,0
443,5,20,1,2,3,3,5,5,3,3,2,3,1,0,1,2,0,0,21,4,16,1
444,5,20,1,3,5,4,2,2,5,5,2,2,2,0,0,7,0,0,70,2,9,0
445,5,20,1,2,1,2,5,3,3,1,5,4,1,0,0,4,0,0,32,6,16,1
446,5,20,1,5,3,1,5,5,5,4,5,5,1,0,0,2,0,1,21,3,35,0
447,5,20,1,5,2,3,5,5,1,2,1,5,1,0,0,1,0,1,32,6,45,1
448,5,20,1,4,4,5,3,4,3,5,4,1,2,1,1,5,0,1,70,5,16,0
449,5,20,1,4,2,2,5,5,4,2,3,3,1,0,0,1,0,1,32,4,35,1
450,5,20,1,4,4,2,5,5,5,4,3,5,1,1,1,2,0,0,21,5,16,0
451,5,20,1,1,5,3,4,5,5,3,3,3,1,1,0,1,0,1,70,2,9,1
452,5,20,1,5,4,3,5,5,3,3,4,4,1,1,0,1,0,0,70,3,9,0
453,5,20,1,3,1,4,5,5,3,4,3,2,1,0,0,4,0,1,42,1,45,1
454,5,20,1,5,4,3,5,4,3,5,3,4,1,0,1,1,0,0,52,4,25,0
455,5,20,1,5,3,3,5,5,5,1,5,4,1,0,0,2,0,1,32,3,16,1
456,5,20,1,5,4,2,5,5,5,5,5,5,1,1,1,1,0,0,70,1,3,0
457,5,20,1,4,3,4,5,5,5,4,5,5,1,0,0,1,0,0,70,2,3,1
458,5,20,1,2,1,4,5,5,4,1,2,4,1,1,1,1,0,1,42,0,25,0
459,5,20,1,5,5,2,5,4,4,2,5,3,2,0,0,4,0,0,70,1,9,1
460,5,20,1,3,2,4,4,5,1,2,2,1,2,1,1,2,0,0,42,3,25,0
461,5,20,1,5,3,1,5,5,3,3,4,4,1,1,1,1,0,0,42,4,16,1
462,5,20,1,4,2,3,5,5,4,3,4,5,1,1,1,3,0,0,21,6,25,0
463,5,20,1,5,3,5,5,3,4,3,4,5,1,1,1,4,0,1,70,3,12,1
464,5,20,1,1,3,4,5,5,2,2,2,5,1,1,1,5,1,1,47,6,85,0
465,5,20,1,3,2,2,5,5,5,1,5,4,1,1,1,2,0,0,42,3,16,1
466,5,20,1,5,5,2,3,4,5,1,1,5,1,1,1,2,0,1,37,3,35,0
467,5,20,1,4,3,1,5,5,5,4,3,5,1,1,0,7,0,0,70,3,16,1
468,5,20,1,4,3,3,5,5,5,2,5,5,1,1,1,1,0,0,70,6,35,0
469,5,20,1,3,3,4,5,3,3,2,4,3,2,0,0,1,0,0,42,6,16,1
470,5,20,1,4,2,2,5,5,5,3,5,3,1,1,1,2,0,0,37,6,16,0
471,5,20,1,5,3,4,5,5,5,5,5,5,2,0,1,1,0,0,21,4,3,1
472,5,20,1,5,3,1,5,5,3,4,3,5,1,0,1,1,0,0,21,3,27,0
473,5,20,1,5,3,3,5,5,3,3,3,5,1,0,0,6,0,0,21,2,9,1
474,5,20,1,3,3,3,4,4,2,3,2,4,1,0,1,2,0,1,37,0,100,0
475,5,20,1,4,4,4,5,3,3,3,1,2,1,0,1,1,0,1,27,5,25,1
476,5,20,1,3,2,2,4,4,4,3,4,4,1,0,0,2,0,1,21,4,3,0
477,5,20,1,5,3,1,5,5,5,2,5,5,1,1,1,6,0,0,21,2,9,1
478,5,20,1,5,3,5,4,5,1,3,5,1,1,0,1,1,0,1,21,3,9,0
479,5,20,1,5,5,1,5,5,5,5,5,5,1,1,1,1,0,0,32,3,9,1
480,5,20,1,5,1,2,5,5,3,2,5,4,1,1,1,1,0,0,42,6,27,0
481,5,20,1,3,2,2,5,5,5,3,4,5,1,0,1,1,0,0,70,0,16,1
482,5,20,1,3,5,1,5,5,3,5,3,5,1,1,1,1,0,1,70,5,9,0
483,5,20,1,4,2,3,5,5,5,3,5,5,1,1,1,1,1,0,70,6,45,1
484,5,20,1,5,3,1,5,5,3,2,3,4,2,0,0,1,0,0,27,6,3,0
485,5,20,1,2,3,5,5,5,4,5,3,1,1,1,0,1,0,1,70,1,16,1
486,5,20,1,5,5,3,5,5,4,3,5,4,1,0,1,1,0,1,42,5,35,0
487,5,20,1,4,2,3,5,5,4,3,3,4,1,1,0,2,0,1,42,5,25,1
488,5,20,1,4,3,3,4,4,3,3,4,4,2,0,0,5,0,0,32,4,8,0
489,5,20,1,5,3,4,5,5,5,2,5,5,1,1,1,1,0,1,70,5,9,1
490,5,20,1,4,4,4,4,3,2,3,3,2,1,0,1,6,0,1,52,5,27,0
491,5,20,1,2,2,2,5,4,4,4,4,3,1,1,1,7,0,0,37,3,16,1
492,5,20,1,5,1,1,5,5,5,1,5,5,1,0,1,1,0,1,32,2,16,0
493,5,20,1,3,1,2,5,5,4,1,3,4,1,1,0,1,0,1,42,6,100,0
494,5,20,1,5,4,3,5,3,5,4,5,3,1,1,0,7,0,0,32,3,16,1
495,5,20,1,5,3,1,5,5,5,5,5,5,1,0,0,1,0,1,47,6,9,0
496,5,20,1,5,3,3,5,5,5,5,3,3,1,0,0,1,0,0,70,2,3,1
497,5,20,1,4,3,4,5,5,4,5,5,5,1,1,1,1,0,1,42,5,35,1
498,5,20,1,2,4,5,5,5,1,3,1,3,1,0,1,1,0,0,42,3,9,1
499,5,20,1,4,2,2,5,3,3,2,4,3,1,0,1,2,0,1,70,6,9,1
500,5,20,1,4,4,2,5,5,4,2,4,4,1,0,1,1,0,0,42,3,35,1
501,5,20,1,4,2,2,4,3,2,2,3,5,2,0,0,1,0,0,21,3,8,1
502,5,20,1,5,1,1,5,5,5,5,3,5,1,1,1,3,0,1,21,4,16,1
503,5,20,1,5,1,1,5,5,5,1,5,5,1,1,0,1,0,1,21,3,16,1
504,5,20,1,3,3,4,5,4,4,3,5,4,1,0,1,2,0,0,42,3,16,1
505,20,999,2,5,1,4,5,5,5,3,3,3,1,0,1,1,0,0,32,6,35,0
506,20,999,2,2,2,1,5,3,3,2,2,4,1,1,0,4,0,0,21,6,16,1
507,20,999,2,5,1,2,5,2,2,1,5,5,1,1,1,1,0,0,70,3,3,0
508,20,999,2,2,2,2,5,5,3,2,4,4,2,1,1,1,0,1,37,4,16,1
509,20,999,2,2,3,1,5,5,3,2,1,4,1,0,1,2,0,0,42,3,16,0
510,20,999,2,5,1,2,5,5,5,2,5,5,1,1,1,1,0,0,27,3,25,1
511,20,999,2,5,1,3,5,5,1,1,5,4,1,0,1,1,0,1,47,3,25,0
512,20,999,2,4,3,1,4,4,4,4,5,4,1,0,0,4,0,0,70,4,16,1
513,20,999,2,5,1,3,5,4,4,1,3,4,1,1,1,1,0,1,37,6,85,0
514,20,999,2,5,3,1,5,5,2,3,5,4,1,1,0,1,0,1,27,3,25,1
515,20,999,2,5,3,4,5,5,4,5,3,1,1,0,1,1,0,1,37,3,16,0
516,20,999,2,3,2,1,4,5,3,3,4,4,2,1,1,3,0,0,21,6,35,1
517,20,999,2,3,2,5,5,5,5,1,5,5,1,1,1,7,0,1,27,6,25,0
518,20,999,2,2,3,5,5,5,4,3,5,4,1,1,1,1,0,0,47,0,3,1
519,20,999,2,4,3,3,5,5,5,4,5,5,1,0,1,1,0,0,37,3,35,0
520,20,999,2,5,3,1,5,5,5,3,5,5,1,0,1,1,0,1,32,5,45,1
521,20,999,2,3,4,3,5,5,3,2,3,4,1,1,1,2,0,0,21,6,35,0
522,20,999,2,4,3,1,5,5,5,3,5,5,1,1,1,1,0,0,70,4,9,1
523,20,999,2,3,1,4,5,1,4,1,4,4,1,1,1,1,0,1,37,6,45,0
524,20,999,2,4,4,4,5,5,5,2,5,5,1,0,0,1,0,1,70,1,3,1
525,20,999,2,5,1,1,5,5,4,1,5,5,1,0,1,1,0,0,70,2,9,0
526,20,999,2,2,2,3,5,5,4,2,4,3,1,1,1,1,0,1,42,4,45,1
527,20,999,2,3,3,2,5,3,3,3,5,4,1,0,1,2,0,1,21,4,3,0
528,20,999,2,3,1,2,5,3,2,3,4,3,1,0,0,1,0,0,37,6,60,1
529,20,999,2,2,2,2,5,4,5,2,5,5,1,1,1,7,1,1,32,6,16,0
530,20,999,2,3,1,2,5,5,3,2,4,4,1,0,1,1,0,0,27,0,35,1
531,20,999,2,5,1,1,5,5,5,1,5,5,1,1,0,1,0,1,27,3,16,0
532,20,999,2,5,3,2,5,4,5,3,3,4,1,0,1,1,0,1,52,2,9,0
533,20,999,2,5,3,2,5,5,2,5,5,5,1,0,0,1,0,1,70,4,3,1
534,20,999,2,5,2,2,5,2,5,3,5,5,1,1,1,1,0,0,70,4,3,0
535,20,999,2,1,1,3,5,5,5,1,5,4,1,1,1,3,0,1,42,6,45,1
536,20,999,2,5,1,1,5,5,5,2,3,5,1,1,1,1,0,0,70,4,9,0
537,20,999,2,5,2,1,5,1,5,4,1,5,1,0,1,1,0,1,70,6,10,1
538,20,999,2,3,3,4,5,5,3,3,5,2,1,0,0,2,0,1,70,2,9,0
539,20,999,2,5,1,1,5,3,5,1,5,5,1,1,1,7,0,0,27,4,9,1
540,20,999,2,4,3,3,5,5,4,3,5,5,1,1,1,2,0,0,70,6,16,0
541,20,999,2,2,2,3,5,4,5,3,5,3,1,1,1,1,0,0,32,3,25,1
542,20,999,2,4,2,1,5,5,5,3,2,1,1,0,1,1,0,1,27,4,35,0
543,20,999,2,2,3,5,5,5,5,3,4,1,1,1,1,2,0,0,52,6,3,1
544,20,999,2,5,1,2,5,5,2,1,5,4,1,1,1,6,0,0,32,3,9,0
545,20,999,2,5,4,3,5,3,4,3,3,4,1,0,1,1,0,1,42,3,9,1
546,20,999,2,3,1,1,5,5,5,1,4,5,1,1,1,1,1,0,27,3,35,0
547,20,999,2,3,1,1,5,5,3,1,2,5,1,1,1,1,0,1,42,6,60,0
548,20,999,2,2,2,4,5,3,2,2,4,4,1,0,1,1,0,1,21,4,9,1
549,20,999,2,3,1,1,5,1,5,1,5,5,1,1,1,1,0,0,21,4,3,0
550,20,999,2,4,3,1,5,4,4,2,5,5,2,1,1,2,0,0,32,6,16,1
551,20,999,2,4,3,3,5,5,3,5,3,3,2,0,0,2,0,0,32,3,35,0
552,20,999,2,3,1,1,5,5,4,2,5,4,1,1,1,2,0,1,37,2,25,1
553,20,999,2,4,2,2,5,5,4,1,4,4,1,0,1,1,0,0,47,4,35,0
554,20,999,2,5,2,1,5,5,5,2,5,5,1,1,1,2,0,1,70,2,3,1
555,20,999,2,3,3,1,5,5,5,1,4,5,1,0,1,1,0,0,32,4,3,0
556,20,999,2,4,1,2,5,4,4,1,4,4,1,1,1,2,0,1,27,4,25,1
557,20,999,2,5,3,2,5,5,3,3,5,4,1,0,1,4,0,0,27,3,3,0
558,20,999,2,3,2,2,4,5,2,2,4,5,1,1,1,1,0,0,27,6,35,1
559,20,999,2,2,2,1,5,5,3,2,4,4,1,0,1,2,0,0,21,4,9,0
560,20,999,2,4,1,2,5,5,5,3,5,5,1,1,1,1,0,1,52,3,9,1
561,20,999,2,2,2,1,5,5,3,2,2,3,1,1,1,1,0,0,47,3,9,0
562,20,999,2,3,4,3,3,4,4,3,4,5,1,0,1,1,0,1,27,3,25,1
563,20,999,2,2,3,1,5,5,4,2,5,4,1,1,1,2,0,1,47,5,35,0
564,20,999,2,2,3,2,3,4,4,3,4,3,1,1,1,2,0,0,70,1,9,1
565,20,999,2,5,2,4,5,5,5,5,5,5,1,1,1,1,0,0,70,2,9,0
566,20,999,2,2,1,2,5,5,3,2,4,5,1,1,1,1,1,0,42,6,16,0
567,20,999,2,5,2,2,5,5,4,2,4,5,1,1,1,1,0,0,42,2,25,1
568,20,999,2,1,1,1,5,5,4,2,4,5,1,1,1,1,0,0,37,6,16,0
569,20,999,2,5,1,1,5,5,5,2,3,4,1,0,1,1,0,1,32,5,25,1
570,20,999,2,3,2,2,5,5,4,3,2,4,1,0,1,4,0,1,42,3,25,0
571,20,999,2,4,3,3,5,4,3,3,5,5,1,1,1,4,0,0,21,3,9,1
572,20,999,2,5,1,1,5,5,5,1,5,5,1,0,0,2,0,1,37,3,25,0
573,20,999,2,5,3,2,5,5,4,4,5,5,1,0,0,1,0,0,70,3,9,1
574,20,999,2,4,3,1,5,5,4,3,5,5,1,1,1,1,0,1,47,5,3,0
575,20,999,2,3,2,2,5,5,4,3,4,5,1,1,0,1,0,1,52,3,27,1
576,20,999,2,4,1,1,5,5,5,2,5,4,1,0,0,1,0,0,70,3,9,0
577,20,999,2,4,1,1,5,5,5,1,5,5,1,1,1,1,0,0,32,3,3,1
578,20,999,2,2,1,1,5,5,3,2,5,5,1,1,1,7,0,1,47,6,45,0
579,20,999,2,5,1,1,4,5,4,2,5,4,1,1,1,1,0,0,32,3,16,1
580,20,999,2,4,5,4,5,4,5,5,4,2,1,1,1,1,0,1,52,3,25,0
581,20,999,2,5,2,5,5,5,5,1,4,4,1,1,1,1,0,0,21,6,3,1
582,20,999,2,4,1,1,5,5,4,1,5,4,1,1,0,2,0,0,32,3,3,0
583,20,999,2,5,1,1,5,5,3,1,5,5,1,1,1,1,0,1,70,4,12,1
584,20,999,2,4,3,2,4,4,3,3,3,3,1,1,1,1,0,1,27,5,27,0
585,20,999,2,3,1,4,5,5,5,2,5,4,1,0,1,1,0,0,42,6,25,1
586,20,999,2,3,2,3,5,5,5,2,4,5,1,0,1,1,0,1,32,5,25,0
587,20,999,2,5,3,1,5,5,5,2,5,5,1,1,1,1,0,1,37,5,27,1
588,20,999,2,5,2,1,5,4,3,3,3,5,1,0,1,2,0,1,21,3,9,0
589,20,999,2,4,2,3,5,5,5,5,5,5,1,0,1,1,0,1,27,3,16,1
590,20,999,2,3,1,3,5,5,4,2,5,5,1,1,1,1,0,0,27,4,9,0
591,20,999,2,3,3,2,5,5,5,3,4,4,1,1,1,2,0,1,21,6,3,1
592,20,999,2,5,3,1,5,5,5,3,3,5,1,0,1,1,0,1,42,2,35,0
593,20,999,2,5,1,1,5,5,5,2,5,5,1,0,1,1,0,1,52,6,45,1
594,20,999,2,4,4,3,4,3,4,3,4,5,1,1,1,2,1,1,27,5,16,0
595,20,999,2,5,2,2,5,5,4,2,5,5,1,1,1,1,0,1,37,2,27,1
596,20,999,2,5,1,1,5,5,3,1,4,5,1,1,1,2,0,1,21,4,25,0
597,20,999,2,4,2,2,5,5,2,2,5,5,1,1,1,2,0,1,42,0,85,1
598,20,999,2,4,2,2,4,4,3,2,5,5,1,0,0,2,0,1,21,4,16,0
599,20,999,2,5,1,1,5,5,5,5,4,5,1,1,1,3,0,1,21,0,9,1
600,20,999,2,1,1,1,5,5,3,1,5,5,1,1,1,2,0,0,21,4,3,0
601,20,999,2,3,1,1,5,5,1,2,5,5,1,1,0,1,0,0,37,3,27,1
602,20,999,2,5,2,1,5,5,3,1,5,3,1,1,1,1,0,0,70,6,12,0
603,20,999,2,4,2,3,5,3,3,2,4,1,1,0,1,1,0,0,42,6,45,1
604,20,999,2,3,4,2,5,5,2,5,4,4,1,0,1,2,0,1,42,0,60,0
605,20,999,2,4,1,2,5,4,5,2,4,4,1,1,0,1,0,0,37,4,25,1
606,20,999,2,3,2,2,5,4,3,3,2,5,1,1,1,1,0,1,21,4,16,0
607,20,999,2,1,1,1,5,4,4,1,5,1,1,0,1,1,0,1,42,2,16,1
608,20,999,2,3,4,4,5,4,3,5,2,5,1,1,1,2,0,1,32,3,25,0
609,20,999,2,1,1,1,5,5,4,3,1,5,1,1,1,2,0,1,21,3,35,1
610,20,999,2,3,2,4,5,4,5,2,3,2,1,1,1,1,0,1,42,2,11,0
611,20,999,2,5,1,4,5,5,5,1,5,5,1,1,1,1,0,0,70,2,3,1
612,20,999,2,2,2,4,5,3,2,1,5,5,1,0,1,1,0,0,37,6,25,0
613,20,999,2,2,1,2,5,5,4,1,5,5,1,1,1,1,0,0,42,6,45,1
614,20,999,2,5,1,1,5,5,5,3,5,5,1,1,1,2,0,0,27,3,16,0
615,20,999,2,4,2,3,5,4,3,3,4,5,1,1,1,3,0,0,42,6,25,1
616,20,999,2,4,2,2,5,5,4,3,4,4,1,1,1,1,0,0,47,1,16,0
617,20,999,2,4,2,2,5,4,3,2,5,5,1,0,0,1,0,1,32,4,25,0
618,20,999,2,3,1,3,5,5,5,2,4,3,1,1,1,1,0,0,37,6,16,1
619,20,999,2,5,1,1,5,5,4,1,5,4,1,0,0,4,0,1,47,2,16,0
620,20,999,2,4,1,3,5,5,4,1,2,3,1,1,1,2,0,0,42,5,9,1
621,20,999,2,4,3,2,5,4,4,4,5,5,1,0,1,1,0,0,52,3,3,0
622,20,999,2,4,3,3,5,5,5,3,1,5,1,0,1,1,0,1,32,2,16,1
623,20,999,2,5,2,1,5,5,5,2,5,5,1,1,0,1,0,0,70,6,3,0
624,20,999,2,5,2,5,5,5,3,5,1,5,1,0,1,1,0,1,47,6,60,1
625,20,999,2,3,2,3,5,5,4,3,4,4,1,0,1,2,0,1,21,6,25,0
626,20,999,2,3,2,3,5,3,3,2,2,3,1,1,1,1,0,1,70,3,16,1
627,20,999,2,5,3,4,5,5,4,2,4,3,1,0,1,2,0,0,70,2,9,0
628,20,999,2,5,3,2,5,5,5,3,5,5,1,1,1,1,0,1,32,3,16,1
629,20,999,2,3,2,3,5,5,4,2,3,4,1,1,1,3,1,0,27,2,25,0
630,20,999,2,3,2,3,4,5,3,3,3,4,1,1,1,1,0,1,27,4,25,1
631,20,999,2,5,3,1,5,3,5,3,4,5,1,0,0,1,0,0,70,1,3,0
632,20,999,2,3,1,1,5,5,5,1,5,5,1,0,1,4,0,1,21,3,16,1
633,20,999,2,5,1,4,1,1,1,4,1,1,1,0,0,1,0,0,70,2,9,0
634,20,999,2,5,5,1,5,5,5,5,5,5,1,0,0,2,0,0,21,3,9,1
635,20,999,2,5,2,1,5,4,4,2,5,5,1,1,1,1,1,1,37,2,25,0
636,20,999,2,5,2,2,4,5,4,2,4,4,1,0,1,2,0,1,42,5,45,1
637,20,999,2,3,1,3,5,5,4,3,3,4,1,1,1,4,0,1,21,3,9,1
638,20,999,2,4,4,2,5,4,3,3,4,5,1,0,1,2,0,0,21,3,3,0
639,20,999,2,5,3,3,5,4,5,3,4,3,1,0,0,1,0,0,70,0,8,1
640,20,999,2,5,1,1,5,1,4,2,5,4,1,1,1,1,0,0,70,2,9,0
641,20,999,2,5,1,1,5,5,5,4,5,5,1,0,0,1,0,1,70,5,9,1
642,20,999,2,5,3,1,5,4,5,3,1,5,1,0,1,2,0,0,32,1,16,0
643,20,999,2,3,1,2,5,4,5,1,4,5,1,1,1,1,0,0,32,6,45,1
644,20,999,2,4,3,2,5,5,4,3,5,5,1,0,1,1,0,1,21,3,3,0
645,20,999,2,5,3,3,5,5,4,3,4,4,1,1,1,1,0,1,27,5,25,1
646,20,999,2,5,2,3,5,5,3,1,5,5,1,1,0,9,0,0,32,3,16,0
647,20,999,2,5,3,3,5,4,4,3,4,4,2,1,0,1,0,0,37,3,8,1
648,20,999,2,1,1,1,5,5,1,1,5,5,1,0,1,1,0,0,52,1,60,0
649,20,999,2,2,2,2,5,5,5,1,5,5,1,1,0,1,0,0,37,6,35,1
650,20,999,2,5,2,1,5,3,5,2,5,5,1,0,0,1,0,0,32,3,9,0
651,20,999,2,3,1,1,5,5,5,1,5,5,1,1,1,1,1,0,42,0,25,1
652,20,999,2,4,2,4,5,5,2,4,5,4,1,0,0,1,0,1,37,3,25,0
653,20,999,2,3,5,3,5,5,3,5,4,1,2,0,1,4,0,0,32,3,3,1
654,20,999,2,4,2,2,5,5,4,5,3,3,1,0,1,1,0,0,32,3,3,0
655,20,999,2,4,1,2,5,5,3,1,5,5,1,0,1,1,0,0,21,5,3,1
656,20,999,2,3,1,2,5,4,1,1,5,4,1,1,0,2,0,0,42,3,25,0
657,20,999,2,2,2,3,5,5,4,2,4,4,1,1,1,2,0,1,70,3,16,1
658,20,999,2,5,4,3,5,5,5,3,4,5,1,0,0,1,0,0,42,2,16,0
659,20,999,2,3,2,2,5,5,4,2,5,5,1,1,1,1,1,0,37,0,60,1
660,20,999,2,1,2,4,5,5,2,1,3,3,1,1,1,1,0,1,52,6,45,0
661,20,999,2,5,3,1,5,5,4,2,5,5,1,1,1,1,0,0,27,6,16,1
662,20,999,2,4,1,1,5,5,3,3,5,5,1,1,1,2,0,1,27,3,25,0
663,20,999,2,3,2,3,5,5,1,2,5,4,1,1,1,1,0,0,42,3,16,1
664,20,999,2,5,2,2,5,5,3,2,5,3,1,1,0,1,0,1,47,0,100,0
665,20,999,2,4,2,4,5,5,5,2,3,4,1,1,1,2,0,0,52,4,9,1
666,20,999,2,3,3,3,5,4,4,3,4,3,2,1,0,2,0,1,70,6,9,0
667,20,999,2,3,2,3,5,4,3,2,3,4,1,1,1,2,0,0,70,3,25,1
668,20,999,2,3,3,2,5,5,5,1,5,5,1,0,1,1,0,1,70,4,9,0
669,20,999,2,5,1,1,5,5,4,1,5,5,1,0,0,2,0,0,37,1,16,1
670,20,999,2,2,2,1,5,5,4,1,4,4,1,0,1,1,0,0,37,4,16,0
671,20,999,2,5,2,3,5,5,4,3,4,4,1,1,0,1,0,0,70,2,3,1
672,20,999,2,2,1,2,5,5,5,3,5,4,1,1,0,2,0,0,21,4,16,0
673,20,999,2,2,1,3,5,5,5,1,3,3,1,0,1,2,0,0,37,6,9,1
674,20,999,2,3,2,2,5,5,4,2,4,5,1,0,1,1,0,1,37,0,45,0
675,20,999,2,5,1,1,5,1,5,1,5,5,1,1,0,1,0,0,70,4,12,1
676,20,999,2,4,3,4,5,4,4,3,4,4,1,1,1,2,0,1,42,4,35,0
677,20,999,2,3,1,1,5,1,3,1,5,5,1,1,1,1,0,0,27,4,35,1
678,20,999,2,3,1,2,5,3,3,3,5,3,1,0,1,2,0,0,21,6,9,0
679,20,999,2,2,2,2,4,4,4,2,4,3,1,1,0,3,0,0,32,3,35,1
680,20,999,2,4,3,5,5,5,5,3,4,5,1,1,1,1,0,0,32,3,3,0
681,20,999,2,4,1,1,5,5,3,2,4,3,1,0,1,2,0,0,21,3,25,1
682,20,999,2,2,1,3,5,4,3,1,4,4,1,1,1,2,0,0,27,6,25,0
683,20,999,2,3,1,1,5,5,5,1,5,1,1,1,1,1,0,0,37,2,9,1
684,20,999,2,2,1,1,5,5,3,1,5,5,1,1,1,1,0,1,27,4,9,0
685,20,999,2,4,2,2,5,5,3,2,5,4,1,1,1,1,0,1,42,4,35,1
686,20,999,2,5,4,3,5,4,3,3,5,5,1,0,1,1,0,1,70,5,9,0
687,20,999,2,4,2,4,5,4,1,3,4,4,1,0,1,1,0,1,37,2,27,1
688,20,999,2,3,3,1,5,5,2,5,4,3,1,1,0,1,0,1,37,5,25,0
689,20,999,2,4,2,2,5,5,4,1,4,4,1,1,1,1,1,1,37,6,35,1
690,20,999,2,4,4,1,5,4,4,3,5,4,1,0,0,2,0,1,27,5,25,0
691,20,999,2,3,3,2,5,4,5,2,5,5,1,0,0,1,0,0,37,2,9,0
692,20,999,2,5,4,3,5,5,1,4,5,5,1,1,1,1,0,0,47,1,9,1
693,20,999,2,4,1,1,5,3,5,1,5,5,1,1,1,1,1,1,32,5,25,0
694,20,999,2,4,3,2,5,5,4,3,3,3,1,0,0,2,0,1,42,5,25,1
695,20,999,2,2,1,1,5,5,5,3,5,5,1,1,1,2,0,0,42,3,3,0
696,20,999,2,3,2,4,5,5,5,2,3,4,1,0,1,7,0,1,21,6,25,1
697,20,999,2,5,2,1,5,5,5,2,5,5,1,0,1,1,0,0,37,3,27,0
698,20,999,2,5,2,1,5,5,5,3,5,5,1,1,1,1,0,0,32,5,16,1
699,20,999,2,2,1,1,5,5,1,5,4,5,1,0,1,1,0,0,47,3,3,0
700,20,999,2,3,1,5,5,5,3,2,4,3,1,0,1,2,0,0,27,6,9,1
701,20,999,2,2,1,1,5,5,3,1,5,5,1,0,1,1,0,1,32,4,60,0
702,20,999,2,5,3,4,5,5,4,2,5,5,1,1,1,1,0,0,52,4,16,1
703,20,999,2,5,2,2,4,4,4,3,5,4,1,1,0,1,0,0,70,3,9,0
704,20,999,2,1,1,1,5,5,5,1,4,4,1,0,1,1,0,1,32,4,25,1
705,20,999,2,5,1,1,5,5,5,1,5,5,1,1,1,1,0,1,32,5,25,0
706,20,999,2,3,2,2,5,5,5,3,4,4,1,0,1,1,0,0,70,3,16,1
707,20,999,2,3,1,1,5,5,5,3,4,3,1,1,1,1,0,0,47,6,3,0
708,20,999,2,4,4,2,5,5,5,3,4,5,1,0,0,2,0,0,21,2,9,1
709,20,999,2,3,2,3,5,5,2,5,4,3,2,0,1,2,0,0,21,3,16,0
710,20,999,2,5,2,1,5,5,4,2,3,5,1,1,1,1,0,1,32,3,25,1
711,20,999,2,3,2,2,5,4,4,2,4,5,1,1,1,1,0,0,37,3,27,0
712,20,999,2,3,2,2,4,4,4,2,5,5,1,1,0,1,0,0,27,3,25,1
713,20,999,2,4,1,1,5,3,4,3,5,4,1,1,1,1,0,0,42,2,25,0
714,20,999,2,3,3,3,5,5,5,3,4,4,1,1,1,1,0,0,37,2,3,1
715,20,999,2,4,2,1,5,5,4,2,5,3,1,1,0,1,0,1,32,6,35,0
716,20,999,2,1,2,1,5,5,5,3,5,5,1,1,1,7,0,0,21,4,16,1
717,20,999,2,2,2,2,5,4,4,2,5,5,1,1,1,1,0,1,21,6,3,0
718,20,999,2,3,3,1,5,5,1,3,5,3,1,0,0,2,0,1,37,5,60,1
719,20,999,2,3,3,2,5,3,5,2,4,3,1,1,1,1,0,0,70,0,16,0
720,20,999,2,4,2,3,4,4,4,3,3,5,1,1,0,2,0,0,27,3,9,1
721,20,999,2,5,1,1,5,5,5,3,5,5,1,1,0,1,0,0,70,2,8,0
722,20,999,2,5,3,2,3,3,4,4,4,5,1,0,0,2,0,0,21,4,9,1
723,20,999,2,4,3,3,3,3,3,3,3,3,1,1,0,6,0,0,70,2,3,0
724,20,999,2,3,1,1,5,5,3,2,5,5,1,0,0,1,0,1,70,2,25,1
725,20,999,2,5,2,2,5,4,5,3,4,5,1,1,1,1,0,0,37,6,3,0
726,20,999,2,4,2,2,5,5,5,1,4,5,1,1,1,3,0,0,32,3,3,1
727,20,999,2,5,3,3,5,5,5,3,5,5,1,0,0,1,0,0,47,4,16,0
728,20,999,2,4,3,3,5,5,3,5,2,5,1,0,0,3,0,1,52,4,16,1
729,20,999,2,4,2,3,5,4,4,2,3,4,1,0,1,2,0,1,37,3,16,0
730,20,999,2,3,4,3,5,4,2,3,4,5,1,1,1,1,0,0,32,4,16,1
731,20,999,2,3,2,1,5,5,4,2,5,5,1,1,1,7,0,1,27,0,35,0
732,20,999,2,5,4,3,5,5,1,4,4,5,1,0,1,2,0,1,70,3,25,1
733,20,999,2,2,4,3,5,5,1,3,4,2,1,0,1,1,0,1,70,2,9,0
734,20,999,2,5,3,2,5,5,5,4,5,4,1,0,0,1,0,1,37,2,35,1
735,20,999,2,5,3,5,2,5,1,4,3,4,1,1,1,6,0,0,42,6,3,0
736,20,999,2,3,3,4,5,5,4,4,4,3,1,1,1,1,0,0,70,2,9,1
737,20,999,2,3,2,4,5,5,4,4,5,5,1,1,1,1,0,0,70,2,9,0
738,20,999,2,3,2,2,4,5,4,3,5,3,1,1,1,2,0,0,32,4,3,1
739,20,999,2,2,1,2,5,5,4,1,5,5,1,1,1,1,0,0,21,4,25,1
740,20,999,2,4,4,1,4,4,5,1,4,5,1,1,0,1,0,0,70,4,9,0
741,20,999,2,4,2,5,5,5,1,4,2,5,1,0,1,1,0,1,32,6,35,1
742,20,999,2,3,1,1,5,4,5,2,5,4,1,1,1,1,0,0,37,6,25,0
743,20,999,2,5,1,5,5,5,5,1,5,3,1,1,1,2,0,0,47,4,3,1
744,20,999,2,5,2,1,5,5,4,1,4,3,1,1,1,1,0,0,70,6,8,0
745,20,999,2,5,5,1,5,5,5,5,1,5,1,0,0,1,0,0,70,2,3,1
746,20,999,2,5,1,3,5,5,5,3,5,5,1,0,1,2,0,1,21,3,16,0
747,20,999,2,5,2,2,5,1,5,1,5,5,1,0,1,1,0,0,37,3,25,1
748,20,999,2,1,5,5,1,5,3,3,5,5,1,1,1,1,1,1,37,0,85,0
749,20,999,2,2,2,2,5,5,5,2,5,3,1,1,1,1,0,0,70,4,9,1
750,20,999,2,3,1,1,5,5,5,1,4,4,1,1,1,1,0,1,70,3,35,0
751,20,999,2,5,3,4,5,4,5,3,5,4,1,1,1,1,0,0,52,2,16,0
752,20,999,2,3,2,1,5,5,2,2,5,5,1,1,1,1,0,1,37,5,25,1
753,20,999,2,5,2,1,5,5,5,3,5,5,1,0,1,2,0,0,21,3,9,0
754,20,999,2,5,3,1,4,5,5,1,5,5,1,1,1,2,0,1,32,2,35,1
755,20,999,2,5,2,2,4,5,4,3,2,5,1,0,1,1,0,1,47,3,45,0
756,20,999,2,5,4,2,5,5,4,4,4,3,1,1,0,1,0,0,70,4,16,1
757,20,999,2,5,5,4,5,5,5,5,5,5,1,1,0,1,0,0,37,4,16,0
758,20,999,2,4,1,1,5,5,5,1,5,3,1,1,1,1,0,0,32,6,25,1
759,20,999,2,5,5,5,5,5,3,5,2,2,1,1,1,1,0,0,27,3,35,0
760,20,999,2,2,3,4,5,5,1,4,4,4,1,1,0,2,0,1,52,1,25,1
761,20,999,2,2,2,1,5,5,5,2,4,4,1,0,1,7,0,0,47,2,9,0
762,20,999,2,4,3,5,4,4,3,5,4,5,1,1,1,2,0,0,27,2,9,1
763,20,999,2,5,1,3,5,5,4,3,5,4,1,1,1,2,0,0,42,2,9,0
764,20,999,2,4,4,4,3,4,2,4,5,4,1,0,1,1,0,1,70,5,9,1
765,20,999,2,5,2,4,5,4,1,4,1,4,1,0,1,1,0,1,70,6,12,0
766,20,999,2,3,1,1,5,5,2,1,5,5,1,1,1,1,1,1,70,0,35,1
767,20,999,2,2,1,3,5,5,3,1,3,2,1,1,1,1,0,1,21,4,35,0
768,20,999,2,1,1,5,5,5,5,1,5,5,1,1,0,2,0,0,52,4,8,1
769,20,999,2,5,2,3,5,5,4,3,5,4,1,1,1,3,0,0,27,3,9,0
770,20,999,2,5,4,3,5,5,3,5,2,5,1,1,1,2,0,1,27,4,35,1
771,20,999,2,5,4,4,5,4,3,4,5,5,2,0,0,3,0,0,21,3,25,0
772,20,999,2,4,3,1,5,5,5,3,5,5,1,0,0,1,0,1,37,5,27,1
773,20,999,2,5,3,3,5,5,4,4,5,4,1,1,1,1,0,0,21,4,3,0
774,20,999,2,3,2,1,5,5,2,1,5,5,1,1,1,1,0,1,47,5,45,1
775,20,999,2,2,3,4,5,4,5,3,5,4,1,1,1,1,0,1,70,6,12,0
776,20,999,2,3,1,3,5,4,4,2,2,4,2,1,1,2,0,1,21,6,16,1
777,20,999,2,4,2,5,5,5,4,2,4,3,1,1,1,1,0,1,70,5,9,0
778,20,999,2,2,2,2,4,4,4,2,3,4,1,1,1,1,0,1,21,4,3,1
779,20,999,2,3,4,2,5,4,4,2,3,5,1,1,1,1,1,1,70,6,35,0
780,20,999,2,3,3,2,5,4,2,3,5,5,1,0,1,1,0,1,52,0,35,1
781,20,999,2,5,5,4,5,5,5,5,4,5,1,0,1,1,0,1,32,3,25,0
782,20,999,2,5,2,2,5,5,5,3,5,3,1,1,1,1,0,0,42,5,16,1
783,20,999,2,5,3,3,5,4,4,4,2,4,1,1,1,1,0,0,52,2,9,0
784,20,999,2,3,1,2,5,5,5,1,4,5,1,1,1,7,0,0,27,6,35,1
785,20,999,2,2,1,2,5,5,4,2,4,5,1,1,1,1,0,0,37,3,16,0
786,20,999,2,5,3,4,5,3,5,3,4,5,1,0,1,2,1,0,70,5,25,1
787,20,999,2,4,3,3,5,5,2,5,3,5,1,0,1,1,0,1,21,3,16,0
788,20,999,2,5,3,1,5,1,5,1,5,5,1,1,0,1,0,1,47,2,16,1
789,20,999,2,4,3,1,5,5,3,2,1,5,1,1,1,1,0,1,32,2,16,0
790,20,999,2,5,5,5,5,5,1,5,3,3,1,0,1,1,0,0,70,2,9,1
791,20,999,2,5,2,2,5,5,5,2,5,5,1,1,0,1,0,1,47,1,9,0
792,20,999,2,5,1,1,5,5,3,1,5,5,1,1,0,5,0,1,47,5,85,1
793,20,999,2,4,3,3,5,4,4,3,2,4,2,0,0,4,0,1,21,3,9,0
794,20,999,2,4,3,3,5,3,3,3,4,4,1,0,1,2,0,0,21,3,25,1
795,20,999,2,2,5,5,4,5,4,4,2,2,1,0,1,4,0,1,42,5,35,0
796,20,999,2,4,2,3,5,4,5,2,2,4,1,1,1,1,0,1,32,6,45,1
797,20,999,2,5,2,1,5,4,5,2,4,4,1,0,1,1,1,1,27,5,25,1
798,20,999,2,3,3,4,5,4,2,2,2,1,1,1,1,1,0,1,70,6,45,1
799,20,999,2,3,3,2,5,5,2,3,5,5,1,1,1,1,0,0,42,3,25,1
800,20,999,2,3,1,3,5,5,3,3,3,2,1,1,1,1,0,0,42,6,25,1
801,20,999,2,4,2,3,5,4,3,3,3,4,1,0,0,1,0,0,37,2,9,1
802,20,999,2,3,2,4,5,3,4,3,3,2,2,1,1,2,0,0,21,4,16,1
803,20,999,2,3,2,4,5,5,5,1,5,4,1,1,1,2,1,0,37,3,9,1
804,20,999,2,5,1,1,5,4,4,2,5,4,1,1,0,1,0,0,47,4,9,1
805,20,999,2,5,1,2,5,5,5,2,5,5,1,0,1,1,0,1,27,2,9,1
806,20,999,2,4,2,5,4,3,4,2,4,3,1,0,1,1,0,1,32,6,45,1
807,20,999,2,4,2,2,5,4,3,3,5,4,1,1,1,1,1,1,27,5,45,1
808,20,999,2,3,2,3,5,4,2,4,4,3,1,1,0,1,0,0,70,3,9,1
809,20,999,2,2,2,2,5,5,4,1,5,5,1,1,0,4,1,0,21,3,3,1
810,20,999,2,3,1,1,5,4,4,2,5,5,1,1,1,2,0,0,21,3,16,1
811,20,999,2,2,3,3,5,4,3,3,4,3,1,1,1,1,0,0,70,3,8,1
812,20,999,2,3,4,2,4,4,4,4,4,4,1,1,1,1,0,1,42,5,16,1
813,20,999,2,5,1,1,5,5,5,1,5,5,1,1,1,1,0,1,42,4,25,1
814,20,999,2,4,4,3,4,4,4,3,3,3,2,0,0,4,0,0,52,2,3,1
815,20,999,2,5,2,2,5,5,4,1,5,3,1,1,1,1,0,0,70,6,8,1
816,20,999,2,3,3,1,5,5,1,3,5,4,1,1,1,2,0,1,21,5,9,1
817,20,999,2,2,4,1,5,4,5,5,5,5,1,0,0,1,0,0,21,3,16,1
818,20,999,2,2,3,2,5,5,3,2,4,5,1,1,0,1,0,0,42,6,25,1
819,20,999,2,3,2,1,5,5,5,3,5,3,1,1,1,3,0,0,70,4,9,1
820,20,999,2,5,2,1,5,5,3,3,4,5,1,1,1,1,0,1,70,5,25,1
821,20,999,2,5,1,1,5,5,5,4,1,1,1,1,1,2,0,1,37,2,25,1
822,20,999,2,4,3,2,5,2,4,4,2,2,1,0,0,1,0,0,70,5,10,1
823,20,999,2,4,2,4,4,4,3,2,3,3,1,0,0,2,0,1,37,0,35,1
824,20,999,2,2,3,5,4,4,3,3,3,4,1,0,0,4,0,0,42,6,45,1
825,20,999,2,5,2,2,5,5,5,5,5,5,1,1,0,1,0,1,37,3,16,1
826,0,50,0,5,3,4,4,3,3,4,4,3,1,0,1,1,0,1,52,0,45,0
827,0,50,0,4,2,4,5,4,3,5,3,4,1,0,0,1,0,1,37,0,35,1
828,0,50,0,5,5,5,5,5,2,5,2,5,1,0,1,1,0,1,70,5,9,0
829,0,50,0,2,4,5,3,3,3,5,1,3,1,0,1,6,0,1,70,3,45,1
830,0,50,0,4,2,5,5,5,4,5,1,4,1,0,0,2,0,1,21,3,35,0
831,0,50,0,5,4,4,5,4,3,4,2,2,2,0,1,1,0,0,70,2,16,1
832,0,50,0,5,5,5,5,4,5,3,2,5,1,0,1,1,0,0,70,2,9,0
833,0,50,0,4,5,5,5,5,3,5,3,1,1,1,1,2,0,1,52,3,16,1
834,0,50,0,4,3,4,5,4,5,5,1,1,1,0,1,2,0,1,37,3,16,0
835,0,50,0,2,2,3,2,3,1,5,3,2,2,0,0,4,0,1,52,4,27,1
836,0,50,0,5,1,1,5,5,5,1,5,5,1,1,1,1,0,0,70,1,16,0
837,0,50,0,3,3,1,1,2,3,4,3,4,1,1,0,2,0,0,70,2,12,1
838,0,50,0,3,5,4,5,5,1,5,1,5,1,0,1,1,0,0,52,4,35,0
839,0,50,0,5,3,2,5,5,3,5,5,4,1,0,1,2,0,0,70,2,16,1
840,0,50,0,5,5,5,5,5,5,5,1,3,1,1,1,1,0,1,70,5,9,0
841,0,50,0,3,3,4,4,4,5,4,2,5,1,0,1,1,0,0,70,6,3,1
842,0,50,0,3,2,3,4,4,2,4,2,3,2,0,1,4,0,1,27,5,45,0
843,0,50,0,4,4,4,4,4,2,5,5,3,1,0,1,3,0,1,27,6,35,1
844,0,50,0,5,3,3,5,4,3,3,2,4,1,1,1,2,0,1,21,3,25,0
845,0,50,0,4,2,3,5,4,4,3,1,4,1,0,1,1,0,1,42,5,45,1
846,0,50,0,5,1,1,5,3,5,3,5,5,1,0,1,1,0,1,70,2,9,0
847,0,50,0,2,3,1,5,5,5,1,5,5,1,0,0,1,0,1,32,1,10,1
848,0,50,0,3,3,3,4,4,4,4,2,5,2,0,0,1,0,0,70,4,25,0
849,0,50,0,3,3,4,5,5,5,3,5,5,1,1,1,2,0,0,37,4,25,1
850,0,50,0,3,4,4,4,4,2,2,2,1,1,1,0,1,0,0,70,6,27,0
851,0,50,0,4,2,5,5,4,3,3,1,2,1,1,1,1,0,1,52,6,45,1
852,0,50,0,5,5,2,3,5,5,5,5,5,1,0,0,2,0,0,32,4,25,0
853,0,50,0,4,4,4,4,4,3,4,4,4,2,0,1,3,0,0,37,2,9,1
854,0,50,0,5,3,3,5,5,4,4,3,5,1,1,1,2,0,0,70,6,9,0
855,0,50,0,3,3,4,4,4,1,3,3,1,1,0,0,6,0,1,37,3,25,1
856,0,50,0,5,3,3,5,5,3,5,5,5,1,1,0,1,0,1,37,3,16,0
857,0,50,0,4,3,5,4,3,3,4,1,1,1,1,1,1,0,1,70,6,35,1
858,0,50,0,3,3,1,5,5,4,1,1,1,1,0,1,1,0,1,21,5,25,0
859,0,50,0,5,2,1,5,5,5,2,5,5,1,1,1,1,0,0,42,6,35,1
860,0,50,0,5,2,5,4,4,5,3,2,3,1,1,0,3,0,0,47,3,16,0
861,0,50,0,5,2,4,4,3,3,3,4,4,1,0,1,2,0,0,37,6,16,1
862,0,50,0,3,4,5,4,5,3,4,1,3,2,0,1,1,0,0,37,0,35,0
863,0,50,0,5,5,1,5,5,5,3,5,5,1,0,1,1,0,1,70,1,9,1
864,0,50,0,5,2,2,5,5,3,2,2,5,1,1,1,1,1,1,37,5,25,0
865,0,50,0,5,2,4,5,5,2,2,5,4,1,1,0,1,0,1,70,5,16,1
866,0,50,0,3,1,3,5,5,3,2,2,4,1,0,1,1,0,0,21,5,16,0
867,0,50,0,4,5,4,5,5,5,4,2,4,1,1,1,1,0,0,70,4,16,1
868,0,50,0,2,4,5,3,5,1,5,1,2,1,0,1,3,0,1,42,3,25,0
869,0,50,0,4,2,5,5,5,2,3,4,4,1,1,1,2,0,0,32,3,3,1
870,0,50,0,3,3,3,5,5,4,4,5,5,1,0,1,1,0,0,70,5,16,1
871,0,50,0,4,3,3,5,5,2,4,3,3,1,0,1,4,0,0,42,2,16,0
872,0,50,0,5,3,4,5,5,5,3,5,5,1,1,1,1,0,1,70,5,25,1
873,0,50,0,5,3,5,5,4,1,5,5,3,1,1,1,1,0,1,32,0,45,0
874,0,50,0,5,1,5,5,5,1,1,1,5,1,0,1,2,0,1,47,5,35,1
875,0,50,0,5,2,3,5,4,3,3,2,3,1,1,1,1,0,0,70,2,3,0
876,0,50,0,4,5,5,5,5,2,5,1,4,2,0,0,2,0,1,70,3,9,1
877,0,50,0,4,4,5,5,3,4,4,3,3,1,1,0,1,0,0,42,3,3,0
878,0,50,0,5,3,1,5,5,3,5,5,1,1,0,0,1,0,1,70,1,9,1
879,0,50,0,3,4,5,4,4,3,4,4,2,1,0,1,1,0,1,70,6,9,0
880,0,50,0,5,5,5,5,5,5,5,1,3,1,1,1,3,0,1,42,4,25,1
881,0,50,0,1,1,4,5,5,5,1,2,1,1,0,1,1,0,0,42,6,85,0
882,0,50,0,1,1,5,5,4,4,2,1,2,1,0,1,1,0,0,42,3,9,1
883,0,50,0,5,5,5,5,5,1,5,1,5,1,0,1,1,0,1,70,5,85,0
884,0,50,0,5,3,2,3,4,4,5,4,5,1,0,0,2,0,0,70,2,8,1
885,0,50,0,3,1,3,5,3,4,4,2,5,1,1,1,1,0,1,70,6,85,0
886,0,50,0,4,4,5,5,5,2,5,2,5,2,1,1,1,0,1,70,2,9,1
887,0,50,0,5,1,4,5,5,4,3,1,2,1,1,1,1,0,0,47,3,25,0
888,0,50,0,3,4,5,4,3,4,4,2,3,1,1,1,2,0,0,21,6,25,1
889,0,50,0,5,5,5,5,5,1,3,3,4,1,0,0,1,0,0,70,4,9,0
890,0,50,0,2,3,5,5,3,2,4,1,1,1,0,1,1,0,1,70,6,45,1
891,0,50,0,4,3,5,4,3,2,4,1,2,1,0,1,4,0,1,52,1,25,0
892,0,50,0,3,2,3,5,5,4,3,3,4,1,0,0,1,0,0,70,2,16,1
893,0,50,0,2,4,5,4,4,3,4,4,3,1,1,0,2,0,1,42,6,35,0
894,0,50,0,2,5,4,3,4,2,5,4,4,1,0,0,4,0,1,52,2,25,1
895,0,50,0,3,3,4,4,3,3,5,2,3,1,0,1,1,0,1,37,5,16,0
896,0,50,0,5,2,5,5,5,1,5,2,5,2,0,1,1,0,1,70,6,9,1
897,0,50,0,3,3,3,4,4,4,4,4,3,1,0,0,2,0,1,70,1,3,0
898,0,50,0,5,5,5,5,5,5,5,3,5,1,0,1,1,0,1,37,3,25,1
899,0,50,0,2,1,2,5,4,4,2,3,3,1,1,1,7,0,1,42,0,100,0
900,0,50,0,4,2,4,4,3,1,2,5,5,1,1,0,1,0,1,70,4,9,1
901,0,50,0,4,2,4,5,4,2,4,2,2,1,1,0,1,0,1,21,4,16,0
902,0,50,0,4,1,1,5,5,3,1,5,5,1,1,0,2,0,1,42,2,16,1
903,0,50,0,4,3,1,4,3,3,2,2,2,4,0,1,1,0,1,70,5,9,0
904,0,50,0,2,2,3,5,5,4,2,2,4,1,1,1,1,0,1,32,4,35,1
905,0,50,0,3,5,5,5,5,1,3,2,1,1,0,1,2,0,0,70,4,9,0
906,0,50,0,5,1,5,5,5,5,5,2,5,1,0,0,2,1,0,21,3,16,1
907,0,50,0,5,3,5,5,3,1,3,1,5,1,0,1,1,0,1,37,5,35,0
908,0,50,0,5,3,4,5,4,3,3,3,4,1,1,1,1,0,1,32,4,9,1
909,0,50,0,5,3,5,5,5,4,5,1,4,1,0,1,1,0,0,70,1,9,0
910,0,50,0,3,1,5,5,2,2,3,1,3,1,0,1,1,0,1,27,6,45,1
911,0,50,0,5,3,1,5,5,5,5,1,3,1,1,1,1,0,1,42,6,60,0
912,0,50,0,2,1,5,5,3,1,4,3,4,1,0,1,2,0,1,42,4,35,1
913,0,50,0,2,5,5,4,5,3,5,2,4,1,0,1,1,0,0,70,1,9,0
914,0,50,0,3,4,4,4,5,2,5,2,1,1,1,1,2,0,1,42,0,45,1
915,0,50,0,4,3,4,4,4,2,4,2,2,1,0,1,2,0,1,21,5,16,0
916,0,50,0,1,1,5,5,5,1,1,1,1,1,0,1,1,0,0,70,2,9,1
917,0,50,0,5,3,5,5,5,1,3,5,3,1,0,0,2,0,1,47,2,25,0
918,0,50,0,3,3,2,5,4,2,2,3,3,1,1,0,1,0,0,32,2,3,1
919,0,50,0,4,4,4,5,5,5,5,4,3,1,0,1,1,0,0,70,2,9,0
920,0,50,0,2,4,4,5,4,4,5,4,3,1,0,1,1,0,1,37,3,25,1
921,0,50,0,3,3,3,4,4,4,4,3,2,1,1,1,3,0,0,52,3,8,0
922,0,50,0,5,3,1,5,5,5,5,4,5,1,1,0,1,0,1,42,3,16,1
923,0,50,0,4,4,4,4,4,1,3,3,4,1,1,0,1,0,0,52,2,3,0
924,0,50,0,3,3,4,4,4,4,5,2,2,1,0,0,2,0,1,42,5,25,1
925,0,50,0,4,5,5,3,5,2,1,5,2,3,1,0,1,0,0,42,2,27,0
926,0,50,0,3,4,3,4,4,1,1,2,3,1,1,1,1,0,0,70,2,3,1
927,0,50,0,1,3,3,5,5,3,5,3,5,1,0,0,6,0,0,70,0,16,0
928,0,50,0,5,5,5,5,2,1,5,3,3,1,0,1,4,0,1,42,5,27,1
929,0,50,0,4,5,5,5,5,4,5,2,2,1,0,1,3,0,1,42,5,25,0
930,0,50,0,2,2,4,5,4,3,3,2,1,1,1,1,1,0,1,37,6,60,1
931,0,50,0,5,2,3,5,3,2,2,5,5,1,0,1,1,0,1,52,5,9,0
932,0,50,0,4,2,4,5,4,3,4,3,3,1,1,0,3,0,0,42,4,16,1
933,0,50,0,5,5,4,5,4,5,5,2,3,1,1,1,1,0,1,47,1,16,0
934,0,50,0,5,3,1,5,5,5,2,4,5,1,1,1,2,0,0,21,6,9,1
935,0,50,0,5,5,4,5,4,4,3,2,2,1,1,1,1,0,1,70,2,9,0
936,0,50,0,5,5,3,5,5,4,2,5,3,1,0,0,1,0,0,70,2,9,1
937,0,50,0,3,4,2,4,3,3,4,3,4,1,1,1,2,0,1,32,5,35,0
938,0,50,0,5,5,5,5,5,4,2,2,4,1,1,0,2,0,1,21,6,35,1
939,0,50,0,5,1,5,5,5,1,5,1,5,1,1,0,4,0,1,70,6,35,0
940,0,50,0,5,3,2,5,5,5,5,4,5,1,1,1,1,0,0,70,2,3,1
941,0,50,0,5,5,5,5,5,5,5,1,5,1,1,1,1,0,1,70,2,25,0
942,0,50,0,5,3,3,5,5,1,5,1,1,1,0,1,1,0,1,47,0,3,1
943,0,50,0,5,5,3,3,5,4,3,1,1,1,1,1,1,0,1,70,6,16,0
944,0,50,0,1,5,5,5,5,5,3,1,1,1,0,1,2,0,1,70,3,9,1
945,0,50,0,3,3,5,5,5,1,5,1,1,1,0,0,1,0,1,42,4,45,0
946,0,50,0,3,5,4,4,5,3,5,1,1,1,0,0,1,0,1,42,3,35,1
947,0,50,0,5,3,2,5,5,5,5,5,5,1,1,0,1,0,1,32,3,25,0
948,0,50,0,3,2,4,3,4,1,4,2,4,1,0,0,2,0,1,21,4,16,0
949,0,50,0,5,2,4,3,5,4,4,1,5,1,1,0,2,0,1,37,3,16,1
950,0,50,0,4,2,4,5,4,2,4,2,3,1,0,1,1,0,1,32,6,35,0
951,0,50,0,3,2,4,4,4,4,5,4,3,2,0,1,1,0,0,27,6,25,1
952,0,50,0,5,4,3,3,3,4,3,4,3,1,0,0,3,0,0,37,6,9,0
953,0,50,0,5,5,3,5,5,5,5,5,5,1,1,0,1,0,0,37,3,3,1
954,0,50,0,3,5,5,4,5,4,5,3,1,2,0,1,4,0,1,27,4,9,0
955,0,50,0,1,2,4,5,3,5,3,1,1,1,1,1,2,0,1,47,6,100,1
956,0,50,0,3,5,5,2,5,1,5,1,3,2,1,1,1,0,1,52,6,35,0
957,0,50,0,1,3,2,1,4,2,4,5,5,1,1,1,1,0,1,70,6,35,1
958,0,50,0,5,5,3,4,4,2,3,3,3,1,0,1,2,0,1,32,3,25,0
959,0,50,0,5,5,5,5,5,2,5,3,2,1,0,1,1,0,1,70,5,12,1
960,0,50,0,3,5,5,2,2,1,4,2,1,2,0,1,4,0,1,32,2,9,0
961,0,50,0,5,3,4,4,5,5,4,2,5,1,0,1,1,0,1,42,3,25,1
962,0,50,0,3,4,4,3,4,2,4,2,1,1,0,1,4,0,1,21,4,9,0
963,0,50,0,3,3,4,5,5,2,2,5,5,1,0,0,1,0,0,27,3,3,1
964,0,50,0,3,2,4,5,5,5,2,2,4,1,1,1,1,0,0,70,6,9,0
965,0,50,0,3,5,3,5,3,2,5,4,5,1,0,0,1,0,1,70,2,9,1
966,0,50,0,3,2,3,5,5,5,2,3,4,1,1,1,4,0,1,21,3,16,0
967,0,50,0,4,3,4,5,5,1,3,2,1,1,0,1,4,0,1,70,3,25,1
968,0,50,0,2,1,3,5,5,4,3,4,3,1,0,0,2,0,0,47,3,3,0
969,0,50,0,5,5,3,5,5,3,3,5,5,1,0,1,5,0,0,21,4,9,1
970,0,50,0,2,3,2,5,5,5,4,5,5,1,1,1,1,0,1,70,1,9,0
971,0,50,0,5,1,4,5,5,3,2,5,5,1,0,1,1,0,0,70,3,8,1
972,0,50,0,5,5,5,5,3,5,5,1,5,1,0,0,5,0,0,70,2,16,0
973,0,50,0,5,3,4,5,5,3,4,2,3,1,0,1,1,0,1,27,0,35,1
974,0,50,0,5,4,3,5,5,5,4,3,5,1,0,0,4,0,0,47,2,16,0
975,0,50,0,3,5,3,3,5,5,5,3,3,2,0,1,5,0,1,21,3,16,1
976,0,50,0,5,3,4,2,3,3,5,1,3,1,1,1,3,0,0,32,3,3,0
977,0,50,0,4,2,1,5,2,3,5,1,5,1,1,0,1,0,1,70,1,3,1
978,0,50,0,3,2,5,5,4,4,2,1,2,1,1,1,7,0,0,47,6,9,0
979,0,50,0,4,1,1,5,5,4,3,1,3,1,0,0,1,0,1,32,3,16,1
980,0,50,0,3,3,3,5,4,3,3,2,3,2,1,0,2,0,0,42,6,9,0
981,0,50,0,5,5,4,5,5,5,5,3,3,1,0,0,1,0,1,70,1,9,1
982,0,50,0,5,2,3,5,4,5,2,4,4,1,1,1,3,0,1,27,5,35,0
983,0,50,0,5,5,2,2,5,5,4,2,5,1,1,0,1,0,1,42,4,25,0
984,0,50,0,4,1,5,5,5,4,5,1,3,1,1,0,1,0,0,27,6,27,0
985,0,50,0,5,2,5,5,5,4,5,3,5,1,0,0,1,0,0,37,3,3,0
986,0,50,0,5,1,5,5,4,4,4,2,4,2,0,1,5,0,0,27,4,25,0
987,0,50,0,4,4,3,5,3,4,3,4,4,2,0,1,1,0,0,70,2,3,0
988,0,50,0,5,5,5,5,2,2,4,1,3,1,0,0,2,0,1,70,1,25,0
989,0,50,0,4,3,4,4,4,3,5,2,4,2,0,1,1,0,1,37,6,35,0
990,0,50,0,1,4,5,5,4,5,3,5,5,1,1,0,1,0,1,42,4,45,0
991,0,50,0,5,5,5,5,4,3,5,1,4,1,0,1,2,0,1,32,2,16,0
992,0,50,0,2,1,1,5,5,4,1,5,5,1,1,1,1,1,1,37,6,35,0
993,0,50,0,3,3,2,4,4,3,2,2,3,1,1,1,1,0,1,52,6,45,0
994,0,50,0,3,1,5,5,5,5,1,3,3,1,0,1,2,0,0,27,3,25,0
995,0,50,0,1,5,5,5,5,1,5,1,3,1,0,1,2,0,1,37,3,35,0
996,0,50,0,1,1,5,5,3,2,1,2,5,1,1,0,1,0,1,70,6,35,0
997,0,50,0,5,5,5,5,5,4,5,3,1,1,1,0,1,0,0,70,6,16,0
998,0,50,0,2,3,1,1,3,4,3,2,1,1,0,0,2,0,0,70,2,9,0
999,0,50,0,4,4,3,5,5,2,5,3,3,1,1,1,3,0,1,70,1,9,0
1000,0,50,0,2,3,3,5,5,5,4,3,5,1,0,0,1,0,1,70,1,3,0
1001,0,50,0,5,3,3,5,5,5,3,2,5,1,1,1,1,0,0,47,5,16,0
1002,20,50,1,3,2,2,5,4,4,4,5,3,1,0,1,7,0,1,21,5,27,0
1003,20,50,1,5,1,5,5,5,5,3,5,5,1,0,1,1,0,1,42,3,16,1
1004,20,50,1,5,3,4,5,4,3,3,2,3,1,0,1,4,0,0,27,0,16,0
1005,20,50,1,5,3,2,5,5,3,5,5,5,1,0,1,1,0,0,32,3,35,1
1006,20,50,1,5,3,2,5,5,4,5,5,5,2,1,0,4,0,0,27,4,16,0
1007,20,50,1,5,5,1,5,5,1,5,1,5,1,0,1,1,0,0,70,2,9,1
1008,20,50,1,5,1,1,5,5,5,1,5,5,1,1,1,1,0,0,70,3,9,0
1009,20,50,1,5,3,1,5,5,4,4,4,3,1,1,1,4,0,0,32,3,35,1
1010,20,50,1,5,1,1,5,5,4,2,5,3,1,1,1,1,0,1,21,5,25,0
1011,20,50,1,5,3,2,5,5,4,4,5,5,1,0,1,3,0,0,52,2,3,1
1012,20,50,1,5,2,1,5,4,4,3,5,5,2,0,0,1,0,0,52,2,3,0
1013,20,50,1,2,2,2,4,3,2,2,3,3,1,1,0,1,0,1,32,3,25,1
1014,20,50,1,3,3,4,5,4,4,2,4,3,1,0,1,1,0,0,70,2,3,0
1015,20,50,1,5,3,4,5,5,5,5,4,5,1,1,1,1,0,1,52,2,35,1
1016,20,50,1,4,3,4,5,4,3,3,4,4,2,1,0,1,0,0,70,1,3,0
1017,20,50,1,5,3,2,4,5,5,2,5,5,1,1,1,2,0,0,27,6,16,1
1018,20,50,1,5,3,1,5,5,5,1,5,5,1,0,1,1,0,1,32,5,25,0
1019,20,50,1,5,5,3,5,4,3,3,4,5,1,0,1,1,0,1,70,2,16,1
1020,20,50,1,2,2,1,5,5,4,2,5,2,1,1,1,2,0,0,42,6,9,0
1021,20,50,1,5,3,3,5,3,3,3,4,4,1,1,1,1,0,0,70,1,9,1
1022,20,50,1,2,2,4,4,4,3,3,3,3,1,0,1,2,0,0,32,4,9,1
1023,20,50,1,4,3,2,5,3,4,3,2,2,1,1,0,3,0,0,21,4,35,0
1024,20,50,1,5,2,4,4,4,5,3,1,3,1,0,1,1,0,0,32,4,3,1
1025,20,50,1,3,5,2,5,4,5,3,3,4,1,0,0,1,1,1,70,5,9,0
1026,20,50,1,5,3,4,4,4,3,3,3,2,1,1,0,2,0,1,37,6,25,1
1027,20,50,1,1,1,1,5,5,5,1,5,5,1,1,1,2,0,0,32,4,9,0
1028,20,50,1,5,3,2,5,5,3,4,4,1,1,1,1,2,0,1,27,5,35,1
1029,20,50,1,5,4,5,5,4,5,5,4,5,1,1,1,1,0,1,70,6,12,0
1030,20,50,1,3,2,2,4,4,3,3,2,4,2,0,1,3,0,0,32,3,3,1
1031,20,50,1,5,3,3,5,5,5,5,4,1,1,1,1,1,0,0,21,2,9,0
1032,20,50,1,1,1,3,5,4,1,2,3,5,1,0,0,1,0,0,27,3,25,1
1033,20,50,1,5,4,3,5,4,5,3,4,5,1,0,0,2,0,1,27,3,25,0
1034,20,50,1,3,2,4,4,4,3,3,4,3,1,0,1,2,0,1,32,4,27,1
1035,20,50,1,5,2,2,5,5,5,3,5,5,1,0,1,1,0,0,32,6,9,0
1036,20,50,1,5,3,4,4,4,5,3,4,4,1,0,1,1,0,1,21,3,16,1
1037,20,50,1,5,3,3,5,1,2,3,1,5,1,0,1,1,1,1,21,2,25,0
1038,20,50,1,4,3,2,4,4,2,2,5,4,1,1,1,3,0,1,21,3,3,1
1039,20,50,1,4,4,4,5,5,5,2,2,5,1,1,1,1,0,1,52,1,100,0
1040,20,50,1,3,2,3,5,5,4,3,5,5,1,0,1,1,0,0,27,3,3,1
1041,20,50,1,5,2,3,5,4,4,4,3,4,1,1,0,2,0,1,32,5,25,0
1042,20,50,1,1,2,3,5,5,4,3,5,4,1,0,1,1,0,0,42,3,25,1
1043,20,50,1,1,5,4,5,5,4,1,2,2,1,1,1,2,0,0,42,5,8,0
1044,20,50,1,4,2,3,5,2,3,1,5,4,1,1,1,2,1,1,32,6,35,1
1045,20,50,1,3,2,2,5,5,3,4,2,2,1,1,1,1,0,0,27,3,3,0
1046,20,50,1,5,3,1,5,3,2,5,5,4,1,1,1,1,0,0,27,3,9,1
1047,20,50,1,4,2,1,5,5,4,1,5,5,1,1,1,1,0,0,37,6,16,0
1048,20,50,1,4,3,1,4,4,5,4,5,4,1,0,1,4,0,0,37,4,9,1
1049,20,50,1,4,3,2,5,4,5,3,4,3,1,1,1,1,1,0,27,6,45,0
1050,20,50,1,1,1,3,5,5,5,1,5,5,1,1,1,4,1,0,70,6,12,1
1051,20,50,1,3,2,4,5,4,2,3,2,4,1,0,1,3,0,1,27,0,27,0
1052,20,50,1,5,1,1,5,5,5,1,5,5,1,1,0,2,0,1,70,2,9,1
1053,20,50,1,4,3,3,5,4,4,4,3,4,1,1,1,1,0,0,21,3,3,0
1054,20,50,1,4,1,1,5,5,2,4,4,5,1,1,1,1,0,1,21,3,3,1
1055,20,50,1,5,5,3,5,5,5,5,5,4,1,1,1,1,0,0,37,4,16,0
1056,20,50,1,5,1,2,5,5,3,2,5,5,1,1,0,1,1,0,70,4,8,1
1057,20,50,1,4,4,3,5,3,3,2,3,2,1,1,0,1,0,0,70,2,9,0
1058,20,50,1,5,1,1,5,5,5,1,5,5,1,0,0,1,0,1,70,2,16,1
1059,20,50,1,3,3,4,5,4,3,5,3,4,2,0,1,1,0,1,70,3,9,0
1060,20,50,1,4,3,1,5,5,5,1,5,5,1,1,1,1,0,1,32,6,16,1
1061,20,50,1,4,2,2,5,5,5,1,4,5,1,1,0,1,0,0,32,4,3,0
1062,20,50,1,5,2,1,5,5,5,3,5,2,1,1,0,1,0,0,47,2,9,0
1063,20,50,1,2,3,2,4,4,2,3,5,3,2,0,1,7,0,0,27,3,35,0
1064,20,50,1,3,2,2,5,5,4,3,3,3,1,0,1,2,0,0,27,2,3,0
1065,20,50,1,2,3,2,5,5,3,3,4,4,2,0,0,1,0,1,70,1,9,0
1066,20,50,1,5,3,3,5,5,1,3,3,1,1,0,1,1,0,1,47,3,16,1
1067,20,50,1,5,5,3,5,5,5,5,5,5,1,1,1,1,0,0,47,4,3,1
1068,20,50,1,4,3,3,5,5,5,5,3,4,1,0,1,2,0,0,70,3,9,1
1069,20,50,1,5,5,3,5,5,5,5,5,5,1,0,1,1,0,1,70,2,9,1
1070,20,50,1,5,3,4,5,5,5,4,4,5,1,1,1,1,0,1,21,4,9,1
1071,50,999,2,5,3,3,5,5,5,2,5,5,1,1,0,1,0,1,70,3,9,0
1072,50,999,2,4,1,1,5,5,5,1,5,5,1,1,1,1,0,0,32,4,16,1
1073,50,999,2,3,3,1,4,5,4,3,4,5,1,1,1,2,0,0,27,3,9,0
1074,50,999,2,5,1,1,5,5,5,1,5,5,1,1,1,1,1,1,52,3,60,1
1075,50,999,2,3,1,2,5,5,5,2,4,5,1,1,1,1,0,0,21,3,25,0
1076,50,999,2,3,3,2,5,4,4,3,5,4,1,0,0,2,0,0,42,3,16,1
1077,50,999,2,3,2,3,4,4,2,3,2,3,2,0,1,2,0,0,27,3,3,0
1078,50,999,2,5,1,1,5,5,5,3,5,5,1,0,0,1,0,0,70,2,9,1
1079,50,999,2,4,3,1,5,5,4,1,5,3,1,1,1,7,0,0,42,2,16,0
1080,50,999,2,5,2,3,5,4,1,2,5,5,1,1,1,1,1,1,32,6,35,1
1081,50,999,2,2,2,2,5,5,4,2,4,4,1,0,1,4,0,0,21,3,16,0
1082,50,999,2,3,4,4,5,5,2,1,3,5,1,0,1,2,0,1,27,6,25,1
1083,50,999,2,5,2,2,5,5,4,1,5,5,1,1,1,1,0,0,47,3,16,0
1084,50,999,2,2,1,2,5,5,4,1,5,4,1,1,1,1,1,0,42,6,60,1
1085,50,999,2,2,1,2,5,5,3,1,5,3,1,1,1,1,0,1,70,5,9,0
1086,50,999,2,4,2,4,4,4,4,3,3,4,1,0,0,1,0,1,70,2,25,1
1087,50,999,2,3,2,2,4,4,4,2,5,4,1,1,1,1,0,1,21,6,35,0
1088,50,999,2,4,2,4,5,5,3,2,3,4,1,0,1,1,0,1,52,0,45,1
1089,50,999,2,2,1,3,5,5,3,1,5,5,1,1,1,1,0,1,70,2,25,0
1090,50,999,2,4,2,4,4,4,3,4,3,4,1,1,1,2,0,0,42,1,9,1
1091,50,999,2,3,4,3,4,4,2,3,4,2,1,0,1,2,0,1,21,6,25,0
1092,50,999,2,5,3,4,5,5,2,2,5,4,1,1,1,2,0,0,32,4,16,1
1093,50,999,2,1,1,3,5,5,2,3,4,4,1,0,0,2,0,0,47,5,60,0
1094,50,999,2,4,2,1,5,5,5,2,5,4,1,0,1,3,0,1,47,5,25,1
1095,50,999,2,1,1,2,5,4,4,1,5,4,1,0,1,2,0,1,42,6,100,0
1096,50,999,2,4,3,2,5,4,3,3,3,4,1,1,1,4,0,0,21,6,35,1
1097,50,999,2,1,1,1,4,5,4,2,5,3,1,0,1,5,0,0,52,5,25,0
1098,50,999,2,4,1,3,5,5,4,3,5,4,1,1,1,2,1,0,32,4,3,1
1099,50,999,2,5,2,2,5,5,5,5,4,5,1,0,1,1,0,1,37,2,16,0
1100,50,999,2,4,3,1,5,3,2,4,4,5,1,1,1,3,0,1,27,3,16,1
1101,50,999,2,2,2,2,5,5,3,2,4,1,1,1,1,2,0,0,42,3,85,0
1102,50,999,2,2,1,1,5,5,5,2,5,5,1,0,1,1,0,1,42,4,35,1
1103,50,999,2,5,1,4,5,5,5,2,2,3,1,0,1,2,0,1,21,4,3,0
1104,50,999,2,3,3,2,5,1,5,4,5,4,1,1,1,1,0,1,47,5,25,1
1105,50,999,2,5,5,4,5,5,4,5,5,5,1,1,1,1,0,0,70,4,16,0
1106,50,999,2,2,2,2,5,5,4,1,5,5,1,1,0,1,0,0,37,3,3,1
1107,50,999,2,5,2,1,5,5,5,3,5,5,1,1,0,2,0,0,21,3,8,0
1108,50,999,2,5,2,2,5,1,1,5,4,4,1,1,1,2,0,1,21,3,16,1
1109,50,999,2,3,2,2,5,4,3,4,4,5,1,1,1,2,0,1,27,5,35,0
1110,50,999,2,5,2,3,5,5,5,2,5,5,1,1,0,2,0,1,37,4,35,1
1111,50,999,2,3,3,2,5,5,5,2,5,5,1,1,1,1,0,0,32,6,9,0
1112,50,999,2,3,1,1,5,5,2,5,5,5,1,1,1,2,0,1,21,5,35,1
1113,50,999,2,5,4,3,5,5,5,5,4,5,1,1,0,1,0,0,70,2,9,0
1114,50,999,2,5,4,3,4,4,4,3,5,4,1,1,0,1,0,0,52,3,3,1
1115,50,999,2,5,1,1,5,5,5,3,1,5,1,1,1,2,0,0,32,3,9,0
1116,50,999,2,4,1,4,5,3,5,3,4,4,1,1,0,1,0,0,70,1,8,1
1117,50,999,2,3,1,1,5,5,4,1,5,5,1,0,1,1,0,0,70,0,9,0
1118,50,999,2,3,2,3,5,5,5,2,4,5,1,1,1,1,0,0,42,2,9,1
1119,50,999,2,5,2,2,5,5,3,1,5,3,1,1,1,1,0,1,42,3,25,0
1120,50,999,2,3,1,2,5,5,5,3,4,5,1,1,1,1,0,0,27,6,9,1
1121,50,999,2,5,1,1,5,5,1,2,5,5,1,1,0,1,0,1,70,5,9,0
1122,50,999,2,3,2,3,5,3,3,3,5,4,1,0,0,2,0,1,42,6,45,1
1123,50,999,2,2,2,2,5,5,4,3,4,4,1,1,1,1,0,0,37,3,35,0
1124,50,999,2,4,2,1,5,5,5,2,5,4,1,1,1,1,0,0,32,4,3,1
1125,50,999,2,5,1,1,5,5,5,3,5,5,1,1,1,1,0,0,70,6,16,0
1126,50,999,2,4,3,3,4,4,4,4,3,4,1,0,0,3,0,0,21,3,9,1
1127,50,999,2,5,5,2,5,5,2,4,4,4,1,0,1,3,0,1,21,6,3,0
1128,50,999,2,5,1,1,5,5,4,5,4,5,1,1,1,1,0,0,27,3,25,1
1129,50,999,2,3,3,4,5,5,3,3,5,5,1,0,1,1,0,0,21,4,16,0
1130,50,999,2,4,5,5,4,2,5,2,5,2,1,0,1,2,0,0,32,2,8,1
1131,50,999,2,5,1,1,5,3,3,3,5,5,1,1,1,1,0,0,70,3,9,0
1132,50,999,2,4,4,3,5,5,2,4,3,5,1,0,1,1,1,0,21,6,9,1
1133,50,999,2,3,2,3,4,4,3,2,2,3,2,1,1,1,0,1,37,6,60,0
1134,50,999,2,3,2,2,5,5,4,3,4,3,1,0,1,1,0,1,32,4,25,1
1135,50,999,2,5,2,1,5,5,3,2,5,5,1,1,1,2,1,1,70,5,60,0
1136,50,999,2,3,2,2,5,5,5,2,1,4,1,1,1,1,0,1,47,4,27,1
1137,50,999,2,5,2,1,5,3,5,1,5,5,1,0,1,1,0,1,47,5,11,0
1138,50,999,2,4,3,4,5,5,4,2,2,4,1,0,0,1,0,1,70,2,9,1
1139,50,999,2,4,2,2,5,5,5,1,5,5,1,0,1,7,0,1,47,6,45,0
1140,50,999,2,3,3,2,5,5,4,2,5,3,1,0,1,1,0,0,47,3,25,1
1141,50,999,2,3,3,2,5,5,1,3,5,3,1,0,0,3,0,0,42,2,27,0
1142,50,999,2,4,1,1,4,5,3,1,5,3,1,0,1,2,1,1,37,6,60,1
1143,50,999,2,3,3,3,5,5,3,3,5,3,2,1,1,1,0,0,70,3,3,0
1144,50,999,2,3,1,3,5,5,5,2,5,4,1,1,1,2,0,1,21,4,9,1
1145,50,999,2,3,1,1,5,5,4,3,1,4,1,0,1,1,0,1,37,4,60,0
1146,50,999,2,5,2,1,5,3,5,3,4,5,1,1,1,1,0,0,42,3,3,1
1147,50,999,2,1,1,1,5,5,5,1,4,5,1,1,1,1,1,0,37,0,25,0
1148,50,999,2,4,3,3,5,5,4,4,3,3,1,1,1,7,0,0,21,6,16,1
1149,50,999,2,2,2,4,5,4,4,3,5,3,1,0,1,1,0,1,42,0,45,0
1150,50,999,2,4,2,2,5,5,5,2,5,5,1,1,1,1,0,0,37,6,35,1
1151,50,999,2,3,2,1,5,5,5,2,5,5,1,1,1,1,0,0,42,3,3,0
1152,50,999,2,4,2,1,5,5,5,2,5,5,1,0,1,2,1,1,42,1,45,1
1153,50,999,2,2,1,3,5,5,5,1,5,5,1,1,1,1,0,1,42,5,16,0
1154,50,999,2,2,2,1,5,5,5,1,5,5,1,1,1,1,1,0,21,3,3,1
1155,50,999,2,3,2,1,4,4,4,2,3,4,1,1,1,1,0,1,21,5,9,0
1156,50,999,2,3,2,4,5,5,4,2,3,3,1,1,0,1,0,0,70,3,9,1
1157,50,999,2,4,3,1,5,5,5,3,5,5,1,1,1,2,0,1,27,3,45,0
1158,50,999,2,5,5,4,5,5,1,2,5,5,1,1,1,1,0,1,27,3,27,1
1159,50,999,2,4,3,3,5,5,4,3,4,4,1,1,0,2,0,0,70,1,9,0
1160,50,999,2,5,1,1,5,5,3,4,3,3,4,0,0,1,0,0,70,2,9,1
1161,50,999,2,4,3,2,5,3,3,2,4,4,1,1,1,1,0,1,21,4,9,0
1162,50,999,2,2,2,3,5,4,2,4,5,5,1,0,1,3,0,0,42,3,9,1
1163,50,999,2,5,3,3,5,4,2,5,5,4,1,1,1,1,0,0,37,6,3,0
1164,50,999,2,4,4,1,5,5,4,4,5,5,1,1,1,1,0,0,21,3,3,1
1165,50,999,2,5,1,3,5,5,5,3,3,3,3,1,0,1,0,1,27,3,25,0
1166,50,999,2,4,2,2,4,4,4,2,3,4,1,1,0,2,0,0,21,5,9,1
1167,50,999,2,2,1,1,5,5,5,1,5,5,1,1,1,1,0,0,47,6,45,0
1168,50,999,2,5,3,3,4,5,5,3,5,5,1,1,1,1,0,1,47,2,16,1
1169,50,999,2,5,2,1,5,5,5,1,5,5,1,1,1,1,1,0,70,6,35,0
1170,50,999,2,4,3,2,5,5,1,3,4,1,1,0,0,4,0,1,70,2,9,1
1171,50,999,2,1,1,2,5,5,1,1,5,5,1,1,1,1,0,1,32,1,27,0
1172,50,999,2,4,2,3,5,4,3,2,2,3,1,0,1,1,0,1,42,5,16,1
1173,50,999,2,3,3,2,5,5,3,3,5,3,1,1,1,2,0,0,32,6,45,0
1174,50,999,2,4,2,1,5,5,5,1,5,5,1,1,1,1,0,0,70,6,16,1
1175,50,999,2,3,4,3,5,5,4,4,4,3,2,0,0,1,0,1,70,2,9,0
1176,50,999,2,3,2,1,5,4,5,1,5,5,1,0,1,1,0,1,27,6,25,1
1177,50,999,2,3,4,4,4,3,5,4,4,5,1,0,1,7,0,1,47,2,9,0
1178,50,999,2,3,4,2,5,5,4,1,2,5,1,0,0,1,0,0,70,1,3,1
1179,50,999,2,5,3,1,5,5,4,2,5,4,1,0,0,1,0,0,52,3,3,0
1180,50,999,2,2,2,1,5,3,3,2,3,5,1,1,1,1,1,0,37,6,35,1
1181,50,999,2,4,1,3,5,5,4,1,4,5,1,1,1,1,0,0,21,6,3,0
1182,50,999,2,4,3,2,5,4,3,2,4,4,1,0,0,1,0,1,32,4,35,1
1183,50,999,2,5,1,3,4,5,5,1,5,5,1,1,0,2,0,0,42,3,3,0
1184,50,999,2,4,2,4,5,4,3,3,3,3,1,1,0,4,0,0,47,6,35,1
1185,50,999,2,4,3,3,4,5,3,3,2,4,1,1,1,1,0,0,37,3,60,0
1186,50,999,2,4,1,2,5,5,5,1,5,4,1,1,1,1,0,0,32,6,35,1
1187,50,999,2,2,4,4,5,5,4,2,4,4,1,1,1,2,1,1,42,6,60,0
1188,50,999,2,3,3,1,4,5,4,3,4,4,1,0,1,1,0,0,42,3,16,1
1189,50,999,2,5,1,1,5,5,1,1,5,5,1,1,1,1,0,1,32,5,25,0
1190,50,999,2,1,1,1,5,5,5,3,5,5,1,0,1,1,0,0,32,6,25,1
1191,50,999,2,5,3,1,5,5,5,3,5,5,1,0,0,1,0,0,70,2,9,0
1192,50,999,2,5,1,4,5,5,5,1,5,3,1,0,0,1,0,0,70,3,3,1
1193,50,999,2,3,2,1,5,5,5,3,5,5,1,1,1,1,0,0,42,3,100,0
1194,50,999,2,3,2,3,5,4,3,2,5,5,1,1,0,1,0,1,21,4,25,1
1195,50,999,2,5,4,2,5,4,5,2,5,5,1,0,0,1,0,1,70,1,9,0
1196,50,999,2,3,1,2,5,5,4,2,5,4,1,1,1,1,0,0,21,6,35,1
1197,50,999,2,3,5,3,3,5,1,4,3,2,2,0,1,4,0,1,37,3,60,0
1198,50,999,2,5,3,5,5,5,4,5,5,5,1,1,1,2,0,1,47,5,25,1
1199,50,999,2,4,4,1,5,5,5,5,1,3,1,1,1,2,0,1,37,5,45,0
1200,50,999,2,4,2,4,5,4,4,1,5,5,1,1,1,1,0,0,70,1,9,1
1201,50,999,2,5,3,2,5,5,5,2,5,4,1,1,1,1,0,1,27,5,35,0
1202,50,999,2,1,2,3,5,5,4,2,5,5,1,1,0,2,0,1,21,0,9,1
1203,50,999,2,5,1,1,5,5,5,1,5,5,1,1,1,1,0,0,70,6,25,0
1204,50,999,2,3,1,3,5,5,4,3,4,5,1,0,1,1,0,0,37,3,16,1
1205,50,999,2,5,1,1,5,5,5,1,5,5,1,1,1,1,0,0,70,3,12,0
1206,50,999,2,4,1,1,5,5,4,2,4,5,1,0,1,1,0,1,70,1,3,1
1207,50,999,2,4,4,1,5,4,4,3,4,5,1,1,1,2,0,0,21,3,9,0
1208,50,999,2,2,2,2,4,5,3,2,4,4,1,1,1,1,0,1,37,6,35,1
1209,50,999,2,1,2,1,5,5,5,2,3,5,1,1,1,2,0,0,32,6,25,0
1210,50,999,2,5,3,3,5,5,4,1,4,5,1,1,0,1,0,0,70,3,9,1
1211,50,999,2,5,1,1,5,5,5,1,5,5,1,1,1,2,0,0,27,3,16,0
1212,50,999,2,5,1,1,5,5,3,2,5,4,1,1,1,3,0,0,42,6,35,1
1213,50,999,2,2,2,2,5,4,3,5,5,2,1,0,1,2,0,0,32,3,25,0
1214,50,999,2,3,5,3,5,5,5,3,4,1,1,0,1,1,0,1,21,3,9,1
1215,50,999,2,5,1,1,5,5,5,1,5,5,1,1,0,1,0,1,70,2,16,0
1216,50,999,2,3,3,1,5,5,5,5,5,5,1,0,1,1,0,1,47,6,35,1
1217,50,999,2,3,1,1,5,5,5,2,4,4,1,1,1,1,1,1,21,4,9,0
1218,50,999,2,2,1,1,5,5,4,2,5,5,1,1,1,1,1,1,42,6,27,1
1219,50,999,2,3,2,2,5,5,4,1,3,4,1,0,0,7,0,1,21,6,25,0
1220,50,999,2,5,3,2,5,5,4,3,4,5,1,1,1,1,0,0,37,3,16,1
1221,50,999,2,5,2,4,5,2,3,2,4,5,1,0,1,1,0,1,21,4,25,0
1222,50,999,2,5,1,1,5,5,1,1,5,5,1,0,1,1,1,1,42,5,9,1
1223,50,999,2,5,3,4,5,5,3,4,3,4,1,1,1,1,0,1,32,6,35,0
1224,50,999,2,3,2,4,4,4,3,3,1,4,1,1,1,1,1,1,37,0,60,1
1225,50,999,2,5,3,2,5,4,5,3,5,5,1,1,1,1,0,0,32,3,3,0
1226,50,999,2,4,2,2,5,5,1,3,5,5,1,1,0,4,0,0,21,6,25,1
1227,50,999,2,5,1,1,5,5,4,2,1,5,1,0,1,1,0,0,37,4,25,0
1228,50,999,2,5,3,3,2,3,2,4,2,1,1,0,0,2,0,0,21,4,25,1
1229,50,999,2,2,3,1,5,5,5,1,5,5,1,0,1,3,0,0,37,6,27,0
1230,50,999,2,3,3,4,5,5,4,3,5,3,1,1,1,3,0,0,32,3,9,1
1231,50,999,2,4,3,1,5,5,5,1,5,5,1,0,1,4,0,0,21,8,16,0
1232,50,999,2,3,5,2,5,5,5,3,2,3,1,1,1,2,0,1,21,2,3,1
1233,50,999,2,2,1,3,5,5,4,2,4,3,1,1,1,2,0,0,32,6,16,0
1234,50,999,2,4,2,3,4,3,3,2,4,4,1,1,1,1,0,1,21,5,45,1
1235,50,999,2,3,2,3,5,4,4,4,5,4,1,1,0,2,0,1,21,3,9,0
1236,50,999,2,5,3,2,5,5,1,5,3,5,1,1,1,1,0,1,37,5,45,1
1237,50,999,2,2,1,1,5,5,5,1,4,5,1,1,1,1,1,1,70,4,25,0
1238,50,999,2,5,1,1,5,5,3,1,5,4,1,1,1,1,0,1,70,6,9,1
1239,50,999,2,1,2,2,4,5,3,2,4,4,1,1,1,1,0,0,27,6,9,0
1240,50,999,2,2,2,2,5,5,1,1,1,5,1,1,1,6,0,0,37,0,60,1
1241,50,999,2,2,2,3,5,4,3,3,5,5,1,1,1,1,0,1,37,6,45,0
1242,50,999,2,5,1,1,5,5,3,2,5,5,1,0,1,1,0,0,37,3,25,1
1243,50,999,2,2,2,4,5,5,4,1,5,5,1,1,1,1,0,0,42,3,3,0
1244,50,999,2,5,2,2,5,5,5,1,5,4,1,1,1,2,0,1,37,4,35,1
1245,50,999,2,2,2,3,5,5,5,4,4,3,1,1,1,1,0,0,37,4,9,0
1246,50,999,2,5,1,1,5,5,5,4,4,5,1,1,0,1,0,0,70,2,9,1
1247,50,999,2,2,1,3,5,5,4,2,5,5,1,1,1,1,0,1,32,5,27,0
1248,50,999,2,2,2,3,5,5,5,2,4,5,1,1,0,1,0,1,52,2,25,1
1249,50,999,2,5,1,4,5,5,3,2,5,4,1,1,1,1,0,1,27,5,25,0
1250,50,999,2,5,2,1,5,5,5,2,5,5,1,0,1,1,0,1,21,3,3,1
1251,50,999,2,1,2,1,5,5,4,2,4,4,1,1,1,1,0,0,37,6,9,0
1252,50,999,2,5,1,1,5,5,3,1,5,5,1,1,1,1,1,0,70,3,25,1
1253,50,999,2,3,3,2,5,2,4,3,4,3,1,0,0,6,0,0,70,3,16,0
1254,50,999,2,5,5,5,5,4,3,3,1,3,1,1,1,2,0,0,70,3,25,1
1255,50,999,2,3,1,2,5,5,4,1,5,5,1,1,1,1,0,0,42,6,3,1
1256,50,999,2,3,1,1,5,5,5,1,4,3,1,1,1,2,0,0,21,6,25,0
1257,50,999,2,3,3,1,5,5,4,3,5,5,1,1,1,1,0,0,37,6,3,1
1258,50,999,2,5,2,1,5,3,5,1,5,5,1,1,1,1,0,0,42,3,25,0
1259,50,999,2,3,4,5,3,2,4,5,3,1,4,1,0,1,0,1,70,5,9,1
1260,50,999,2,5,1,1,5,4,1,1,5,5,1,1,0,2,0,0,21,4,16,0
1261,50,999,2,5,1,1,5,3,3,2,5,5,1,0,1,2,0,1,70,5,9,1
1262,50,999,2,3,1,2,4,4,4,3,3,2,1,1,1,1,0,1,37,0,45,0
1263,50,999,2,5,2,3,5,5,5,2,3,4,1,0,1,1,0,1,21,4,9,1
1264,50,999,2,5,3,1,5,3,4,5,5,5,2,1,0,4,0,0,21,6,16,0
1265,50,999,2,3,1,3,5,5,4,2,4,5,1,1,1,1,1,0,27,5,3,1
1266,50,999,2,5,3,1,5,5,5,1,5,2,1,1,0,1,0,0,42,4,16,0
1267,50,999,2,3,1,3,5,3,3,2,3,4,1,1,1,1,0,1,32,6,100,1
1268,50,999,2,5,4,1,5,5,5,3,5,5,1,1,1,1,0,0,70,2,16,0
1269,50,999,2,3,1,4,4,5,2,4,2,4,1,1,0,2,0,0,42,3,16,1
1270,50,999,2,2,3,2,5,5,4,3,4,4,1,1,1,1,0,0,21,3,9,0
1271,50,999,2,5,1,1,5,5,5,5,5,5,1,0,1,1,0,1,21,2,16,1
1272,50,999,2,3,1,1,5,5,3,1,4,4,1,1,1,3,0,0,70,2,25,0
1273,50,999,2,3,1,1,5,4,5,1,5,4,1,1,1,1,0,0,27,4,9,1
1274,50,999,2,5,5,4,5,5,5,5,5,5,1,1,1,1,0,0,70,2,9,0
1275,50,999,2,4,5,2,5,5,4,5,2,5,1,0,0,1,0,1,32,3,25,1
1276,50,999,2,5,1,3,5,5,4,1,4,4,1,1,1,2,0,1,37,5,27,1
1277,50,999,2,4,4,5,5,5,5,5,5,5,1,0,1,1,0,1,70,2,9,0
1278,50,999,2,5,4,2,5,4,4,3,4,5,1,0,1,1,0,1,37,4,25,1
1279,50,999,2,4,2,1,5,4,2,2,4,4,1,1,1,1,0,1,47,3,60,0
1280,50,999,2,5,1,3,5,5,4,1,4,5,1,0,1,2,0,1,21,5,25,1
1281,50,999,2,3,3,4,4,4,2,3,5,3,1,0,1,3,0,0,32,4,3,0
1282,50,999,2,4,1,1,5,5,4,2,1,5,1,0,0,2,0,1,27,4,25,1
1283,50,999,2,3,2,1,5,4,4,2,5,5,1,0,0,1,0,1,70,2,35,0
1284,50,999,2,3,1,4,5,4,4,1,5,5,1,1,1,1,1,1,47,6,35,1
1285,50,999,2,4,1,3,5,5,5,2,5,5,1,1,1,1,0,1,42,2,9,0
1286,50,999,2,3,1,2,5,5,4,1,5,5,1,0,1,1,0,1,21,4,9,1
1287,50,999,2,5,1,2,5,4,5,1,4,5,1,1,1,1,0,1,42,2,25,0
1288,50,999,2,3,3,4,5,5,5,3,4,5,1,0,1,2,0,1,27,6,9,1
1289,50,999,2,2,2,1,5,5,3,3,4,5,1,1,0,2,0,0,32,2,25,0
1290,50,999,2,5,5,2,5,5,5,2,5,5,1,0,0,1,0,1,21,3,25,1
1291,50,999,2,5,1,1,5,5,5,1,5,5,1,0,1,1,0,0,42,1,3,0
1292,50,999,2,4,3,4,5,5,5,3,5,3,2,1,1,2,0,1,32,6,60,1
1293,50,999,2,5,1,2,4,5,4,1,3,4,1,1,1,2,0,1,37,6,27,0
1294,50,999,2,4,2,2,5,5,3,2,5,5,1,1,1,1,0,0,70,3,3,1
1295,50,999,2,2,1,4,5,5,5,2,5,4,1,1,1,2,0,0,42,0,35,0
1296,50,999,2,2,2,2,5,5,4,2,4,5,1,1,1,1,1,1,32,6,35,1
1297,50,999,2,3,1,1,5,3,5,1,5,5,1,0,1,1,0,0,42,0,35,0
1298,50,999,2,2,4,1,5,5,1,1,5,5,1,0,0,1,0,1,32,5,25,1
1299,50,999,2,3,1,1,5,5,3,2,5,5,1,1,1,2,0,0,27,4,9,0
1300,50,999,2,2,1,3,5,4,1,2,5,1,1,1,1,1,0,1,37,5,25,1
1301,50,999,2,5,3,5,5,5,5,1,5,5,1,1,1,1,0,0,70,4,3,0
1302,50,999,2,4,2,2,5,4,3,3,4,3,1,0,1,2,0,1,21,4,3,1
1303,50,999,2,5,1,2,5,1,4,3,3,5,1,0,1,4,0,0,21,3,25,0
1304,50,999,2,5,2,2,5,4,1,1,3,2,1,0,0,1,0,0,70,4,9,1
1305,50,999,2,3,1,3,4,5,5,2,5,4,1,1,1,2,0,1,27,5,25,0
1306,50,999,2,2,2,4,4,3,4,3,4,2,1,1,1,2,0,0,32,6,35,1
1307,50,999,2,3,2,4,5,5,3,4,4,3,1,0,1,2,0,1,32,4,25,0
1308,50,999,2,2,1,3,5,5,5,1,5,5,1,1,1,1,1,1,32,6,35,1
1309,50,999,2,4,1,3,2,5,4,1,2,2,1,0,1,1,0,1,42,3,9,0
1310,50,999,2,4,1,1,5,3,4,2,4,2,1,1,1,1,0,0,37,3,3,1
1311,50,999,2,2,2,2,5,5,2,3,4,4,1,1,1,1,0,1,47,4,25,0
1312,50,999,2,3,1,1,5,2,2,2,5,2,1,1,1,1,0,1,37,6,60,1
1313,50,999,2,5,3,2,5,5,3,1,5,4,1,0,0,1,0,0,27,3,35,0
1314,50,999,2,4,2,3,5,5,2,3,4,3,1,0,0,1,0,0,52,0,3,1
1315,50,999,2,4,2,3,5,4,3,3,5,5,1,0,1,2,0,1,27,5,35,0
1316,50,999,2,5,1,1,5,5,5,1,5,5,1,1,0,1,0,0,70,4,16,1
1317,50,999,2,5,1,1,5,5,5,5,5,5,1,0,1,1,0,0,32,2,16,0
1318,50,999,2,4,1,1,5,5,2,2,4,4,1,1,1,1,0,0,42,3,16,1
1319,50,999,2,3,1,3,5,4,5,2,5,5,1,0,1,1,0,0,32,6,35,0
1320,50,999,2,5,4,1,5,5,4,4,2,5,1,0,0,1,0,0,21,3,9,1
1321,50,999,2,4,3,2,4,5,4,2,5,5,1,0,1,1,0,0,21,4,3,0
1322,50,999,2,2,4,4,5,5,2,3,4,2,1,1,1,1,0,0,37,3,3,1
1323,50,999,2,5,1,1,5,5,5,2,5,5,1,0,0,1,0,1,21,4,16,0
1324,50,999,2,1,1,3,4,5,5,1,4,4,1,1,0,3,0,1,37,6,45,1
1325,50,999,2,3,3,2,4,3,2,1,2,3,1,0,1,3,0,0,32,3,16,0
1326,50,999,2,2,1,4,5,5,3,3,3,4,1,0,1,1,1,0,21,0,6,1
1327,50,999,2,5,3,3,5,5,2,4,5,3,1,0,1,1,0,1,32,4,35,0
1328,50,999,2,3,1,3,5,5,4,3,4,5,1,1,1,2,0,0,27,4,9,1
1329,50,999,2,4,2,2,5,4,3,2,3,4,1,1,1,7,0,1,42,5,25,0
1330,50,999,2,3,3,2,3,5,4,2,3,2,1,1,1,1,0,0,21,4,9,1
1331,50,999,2,5,2,5,5,2,5,1,3,5,1,1,1,2,0,0,21,4,3,0
1332,50,999,2,1,1,1,5,5,5,1,5,5,1,1,1,1,1,0,42,6,9,1
1333,50,999,2,5,2,1,5,3,5,2,4,5,1,1,1,1,1,0,27,5,3,0
1334,50,999,2,5,1,1,4,5,5,1,4,2,1,0,1,1,0,0,70,2,9,1
1335,50,999,2,4,3,4,5,4,2,2,2,3,1,0,0,2,0,1,42,6,60,0
1336,50,999,2,2,2,1,5,5,3,1,5,5,1,1,0,1,0,0,32,6,3,1
1337,50,999,2,3,1,1,5,5,4,3,3,4,1,1,1,1,0,1,21,4,3,0
1338,50,999,2,4,2,4,5,5,4,3,3,3,1,0,1,1,0,1,32,6,45,0
1339,50,999,2,3,3,2,5,4,1,2,3,3,2,0,1,2,0,0,21,4,25,1
1340,50,999,2,2,1,1,5,5,4,1,5,5,1,1,1,1,1,0,21,6,9,1
1341,50,999,2,5,3,4,5,5,2,2,5,4,1,1,1,2,0,0,32,4,16,1
1342,50,999,2,1,1,1,5,4,5,1,5,5,1,1,1,1,0,0,21,4,25,1
1343,50,999,2,5,1,1,5,5,3,1,5,5,1,1,1,1,0,1,70,5,16,1
1344,50,999,2,5,2,1,5,5,1,3,4,5,1,0,1,1,0,0,70,4,25,1
1345,50,999,2,2,2,2,5,5,4,3,4,4,1,1,1,2,0,0,21,6,25,1
1346,50,999,2,4,1,2,5,5,2,3,5,5,1,1,1,1,0,1,42,6,35,1
1347,50,999,2,4,1,2,5,4,4,2,3,4,1,1,1,2,0,0,42,0,25,1
1348,50,999,2,5,2,2,5,5,5,1,5,5,1,1,1,2,0,0,52,0,35,1
1349,50,999,2,5,4,1,5,3,4,3,3,5,1,1,1,1,0,1,21,4,3,1
1350,50,999,2,5,2,1,5,5,5,1,5,5,1,1,1,1,0,0,27,4,9,1
1351,50,999,2,4,2,3,5,5,3,1,4,3,1,0,1,1,0,1,21,6,3,1
1352,50,100,1,5,1,1,5,5,3,1,5,5,1,1,1,1,1,0,70,2,3,0
1353,50,100,1,5,3,4,5,4,4,4,3,5,1,1,0,1,0,1,47,1,9,1
1354,50,100,1,5,2,3,5,5,3,4,5,4,1,0,1,1,0,0,52,3,16,0
1355,50,100,1,5,1,3,5,3,3,1,5,3,1,0,0,2,0,1,70,3,9,1
1356,50,100,1,5,4,3,5,5,5,2,4,2,1,1,1,4,0,0,70,1,9,0
1357,50,100,1,5,3,1,5,5,2,1,4,3,1,0,0,3,0,0,70,1,9,1
1358,50,100,1,5,5,1,5,5,3,4,5,5,1,0,0,4,0,0,70,1,9,0
1359,50,100,1,4,3,5,5,2,3,3,2,1,1,0,1,1,0,1,32,6,25,1
1360,50,100,1,5,3,2,5,5,4,3,3,5,1,1,0,1,0,1,32,3,9,0
1361,50,100,1,3,1,2,5,3,5,1,5,5,1,1,0,1,0,0,70,3,12,1
1362,50,100,1,4,3,1,5,5,5,2,5,5,1,1,1,1,1,0,21,4,3,0
1363,50,100,1,4,2,1,5,5,5,3,3,5,1,0,0,4,0,0,47,2,16,1
1364,50,100,1,2,2,4,5,4,4,3,3,4,1,1,1,1,1,1,21,4,3,0
1365,50,100,1,4,3,1,5,5,3,3,2,5,1,1,0,1,0,1,27,4,25,1
1366,50,100,1,5,3,5,5,4,3,3,3,5,1,0,1,2,0,1,37,5,45,0
1367,50,100,1,3,2,4,5,5,3,4,4,5,1,1,1,1,0,0,42,2,16,1
1368,50,100,1,3,4,4,4,3,3,3,2,2,1,0,1,2,0,1,37,0,60,0
1369,50,100,1,4,2,1,5,5,4,1,4,5,1,0,0,1,0,0,47,5,16,1
1370,50,100,1,5,3,2,1,5,3,4,2,4,1,1,1,1,0,1,70,4,27,0
1371,50,100,1,5,5,5,5,4,2,3,4,5,1,0,1,1,0,1,70,4,25,1
1372,50,100,1,3,1,5,5,5,1,5,1,1,1,1,0,4,0,0,70,4,3,0
1373,50,100,1,4,2,2,4,4,4,2,4,4,1,1,0,2,0,1,70,2,35,1
1374,50,100,1,3,2,2,5,5,4,3,4,5,1,1,1,1,0,1,21,2,9,0
1375,50,100,1,4,2,2,5,3,2,2,4,4,1,0,0,7,0,0,47,2,16,1
1376,50,100,1,4,4,3,3,4,3,3,4,3,1,0,1,1,0,0,52,2,35,0
1377,50,100,1,4,3,3,5,5,4,5,4,5,1,0,1,3,0,0,37,3,100,1
1378,50,100,1,4,2,3,5,5,4,3,3,4,1,1,1,2,0,1,21,3,25,0
1379,50,100,1,5,2,1,5,5,5,3,5,5,1,0,1,2,0,0,70,3,12,1
1380,50,100,1,3,2,2,5,5,4,1,4,3,1,1,1,2,0,1,70,4,16,0
1381,50,100,1,4,3,3,5,5,4,4,5,5,1,1,1,1,0,1,47,6,45,1
1382,50,100,1,4,2,1,5,4,2,4,5,3,1,0,0,4,0,0,70,2,9,0
1383,50,100,1,2,1,3,4,4,3,4,4,5,1,0,1,4,0,1,21,6,3,1
1384,50,100,1,4,3,1,5,4,3,3,4,4,1,0,1,4,0,0,70,2,3,0
1385,50,100,1,2,1,2,5,3,5,3,4,4,1,1,1,1,0,0,27,6,9,1
1386,50,100,1,5,2,1,5,3,1,2,5,3,1,0,1,4,0,0,42,4,25,0
1387,50,100,1,4,3,5,5,5,5,1,4,3,1,0,0,1,0,1,70,2,9,1
1388,50,100,1,2,3,3,5,5,4,1,5,3,1,0,0,1,0,0,42,4,3,0
1389,50,100,1,4,4,3,5,5,5,4,5,5,1,0,1,1,0,1,70,3,9,1
1390,50,100,1,5,3,5,3,1,5,4,4,5,1,1,1,3,0,1,21,4,3,0
1391,50,100,1,3,2,4,5,5,3,2,2,1,1,0,1,1,0,1,47,2,45,1
1392,50,100,1,4,1,3,5,5,3,2,3,4,1,0,1,1,0,1,27,2,25,0
1393,50,100,1,3,3,2,5,1,3,3,5,5,1,1,1,1,0,0,42,4,25,1
1394,50,100,1,4,1,2,5,4,4,3,5,4,1,1,0,7,0,1,42,0,16,0
1395,50,100,1,5,5,3,5,5,4,1,1,5,1,0,0,1,0,0,37,2,16,1
1396,50,100,1,3,3,3,3,3,3,3,3,3,2,0,0,3,0,1,32,2,25,0
1397,50,100,1,2,1,3,5,4,4,3,4,4,1,1,1,2,1,1,32,0,35,1
1398,50,100,1,3,2,4,5,5,4,2,3,3,1,1,1,1,0,0,37,6,3,0
1399,50,100,1,4,3,4,5,3,3,3,3,3,1,1,1,1,0,0,37,0,9,1
1400,50,100,1,4,4,3,5,4,3,4,4,3,1,0,0,1,0,1,42,3,25,0
1401,50,100,1,5,2,1,5,5,3,3,5,4,2,0,1,1,0,1,21,4,25,1
1402,50,100,1,5,4,4,5,5,5,4,4,4,1,0,1,2,0,0,70,1,3,0
1403,50,100,1,5,2,1,5,5,4,3,1,5,1,0,0,1,0,1,21,2,25,1
1404,50,100,1,2,1,2,5,5,3,5,5,5,1,0,0,2,0,1,27,3,9,0
1405,50,100,1,5,4,5,5,1,1,3,5,5,1,0,1,1,0,0,32,3,3,1
1406,50,100,1,4,1,2,4,5,2,1,5,3,1,1,0,1,0,1,37,6,45,0
1407,50,100,1,4,3,3,4,4,3,3,2,5,1,0,1,1,0,0,21,2,3,1
1408,50,100,1,2,2,3,5,5,4,1,4,5,1,1,1,1,1,1,42,0,60,0
1409,50,100,1,4,3,4,5,5,4,3,4,5,1,1,0,2,0,0,37,2,3,1
1410,50,100,1,2,1,3,5,5,4,1,3,5,1,1,0,1,0,0,42,6,45,0
1411,50,100,1,4,3,2,5,5,4,2,3,3,1,1,0,2,0,1,70,1,16,1
1412,50,100,1,2,3,2,4,3,4,2,5,2,1,0,1,1,0,1,21,6,25,1
1413,50,100,1,3,3,2,5,4,3,2,3,5,1,0,0,5,0,0,70,3,9,0
1414,50,100,1,4,1,3,4,4,4,4,2,5,2,0,1,1,0,0,21,6,9,1
1415,50,100,1,5,5,3,5,5,5,3,5,5,1,0,0,2,0,0,21,8,3,0
1416,50,100,1,5,4,1,5,5,4,1,5,5,1,1,1,1,0,0,70,4,9,1
1417,50,100,1,3,1,3,5,2,5,1,5,5,1,1,1,3,1,0,32,4,9,0
1418,50,100,1,2,1,1,5,5,4,1,4,4,1,1,1,1,0,0,37,2,3,1
1419,50,100,1,3,2,1,5,5,3,3,5,5,1,1,1,1,0,1,42,6,45,0
1420,50,100,1,5,1,5,1,5,1,5,1,5,1,0,0,6,0,1,70,2,9,1
1421,50,100,1,5,5,4,5,4,3,3,3,5,1,1,0,2,0,0,32,3,16,0
1422,50,100,1,5,3,1,5,5,5,1,5,3,1,1,1,1,0,0,37,6,9,0
1423,50,100,1,5,3,3,5,3,3,4,4,5,1,0,1,4,0,1,32,3,25,0
1424,50,100,1,5,5,1,5,5,5,3,5,5,1,1,1,2,1,0,47,3,27,0
1425,50,100,1,5,3,4,5,5,1,3,3,5,1,1,1,1,0,0,21,4,16,0
1426,50,100,1,4,2,4,4,4,2,5,2,4,2,1,1,3,0,0,27,6,3,1
1427,50,100,1,3,2,4,5,5,4,4,4,4,1,1,1,1,0,0,32,6,3,1
1428,100,999,2,5,3,3,4,4,3,5,3,3,1,0,1,2,0,1,37,3,45,0
1429,100,999,2,3,2,1,5,4,2,3,5,5,1,1,1,2,0,1,21,3,45,1
1430,100,999,2,3,2,1,5,5,5,1,5,5,1,0,1,2,0,1,32,3,25,0
1431,100,999,2,2,2,4,5,3,2,2,5,5,1,0,0,6,0,1,37,6,9,1
1432,100,999,2,4,2,3,5,5,3,5,4,5,1,1,0,1,0,1,47,8,60,1
1433,100,999,2,2,2,1,5,3,4,2,5,5,1,0,1,2,0,1,32,4,16,0
1434,100,999,2,3,3,3,5,4,1,2,4,4,2,0,0,3,0,1,21,5,16,1
1435,100,999,2,4,2,5,5,5,5,3,5,4,1,0,0,2,0,1,21,3,9,0
1436,100,999,2,2,1,2,5,5,4,1,5,3,1,0,1,1,0,0,32,6,16,1
1437,100,999,2,5,5,3,5,5,4,1,5,5,1,1,1,3,0,0,32,3,35,0
1438,100,999,2,3,3,2,5,5,5,2,5,5,1,1,1,7,0,1,21,6,16,1
1439,100,999,2,4,2,3,5,5,2,2,4,3,1,1,1,1,1,1,32,6,25,0
1440,100,999,2,5,3,1,5,4,5,4,2,5,1,1,1,4,0,0,21,5,25,1
1441,100,999,2,5,2,3,5,5,5,2,5,5,1,1,1,2,0,0,32,2,16,1
1442,100,999,2,5,2,3,5,5,4,3,5,4,1,1,1,2,0,1,27,6,25,1
1443,100,999,2,4,2,1,5,5,5,2,3,4,1,0,1,1,0,1,32,2,25,0
1444,100,999,2,3,1,1,5,5,5,1,5,5,1,0,1,1,1,1,37,6,35,1
1445,100,999,2,4,2,2,5,5,4,2,5,4,1,0,1,1,0,1,42,6,60,1
1446,100,999,2,3,1,1,5,5,5,1,5,5,1,1,1,1,1,0,37,6,16,0
1447,100,999,2,5,1,2,5,5,5,1,5,5,1,1,1,1,0,0,47,3,9,1
1448,100,999,2,2,1,1,5,5,5,2,4,5,1,1,1,2,0,0,32,6,16,0
1449,100,999,2,1,1,1,5,5,1,1,5,2,1,1,1,1,1,0,52,2,16,0
1450,100,999,2,5,2,2,5,4,3,1,4,5,1,1,1,1,0,1,32,4,35,0
1451,100,999,2,5,2,1,5,5,1,1,5,4,1,1,0,4,0,0,21,6,25,1
1452,100,999,2,1,2,3,5,5,5,3,4,4,2,1,1,3,0,0,27,4,16,0
1453,100,999,2,4,1,5,5,3,4,2,2,4,1,1,1,2,0,1,42,6,45,1
1454,100,999,2,4,2,3,5,3,4,2,5,3,2,1,0,4,0,1,27,6,25,0
1455,100,999,2,1,1,1,5,5,3,1,5,5,1,1,1,1,0,1,27,3,25,1
1456,100,999,2,3,2,3,5,4,2,3,5,2,1,1,1,1,0,0,47,4,25,0
1457,100,999,2,5,3,1,5,5,3,2,5,5,1,0,1,1,0,1,70,5,35,1
1458,100,999,2,5,1,1,5,5,5,3,5,5,1,1,1,2,0,0,27,3,25,1
1459,100,999,2,5,5,1,5,5,3,4,5,5,1,0,0,1,0,0,52,2,9,0
1460,100,999,2,2,3,2,5,4,4,2,4,3,1,1,1,1,0,0,21,6,16,1
1461,100,999,2,2,1,1,5,5,4,2,5,4,1,1,1,1,0,1,47,6,45,0
1462,100,999,2,3,2,3,4,5,4,3,4,4,1,0,1,7,0,0,42,3,16,1
1463,100,999,2,4,2,3,5,5,1,4,3,4,1,1,0,2,0,0,32,6,25,1
1464,100,999,2,3,3,3,5,5,2,3,5,4,1,1,1,1,0,0,42,3,25,0
1465,100,999,2,5,1,1,5,5,5,1,5,5,1,1,1,1,0,1,42,5,35,1
1466,100,999,2,5,3,3,5,5,5,5,4,4,1,0,1,1,0,1,52,5,25,1
1467,100,999,2,1,1,1,5,5,1,1,5,3,1,0,1,1,0,1,52,2,9,0
1468,100,999,2,5,2,2,5,5,4,2,5,4,1,0,1,1,0,1,32,0,35,1
1469,100,999,2,5,4,4,5,5,1,4,5,5,1,1,1,1,0,0,32,3,16,0
1470,100,999,2,4,3,2,4,5,4,3,4,4,1,1,1,1,0,0,52,3,25,1
1471,100,999,2,4,3,4,4,4,3,3,4,3,1,0,1,4,0,1,32,6,35,0
1472,100,999,2,3,3,2,5,5,5,3,5,5,1,1,1,2,0,0,21,6,16,1
1473,100,999,2,5,1,1,5,5,5,1,4,5,1,1,1,1,0,1,47,6,60,0
1474,100,999,2,5,3,4,5,5,5,3,2,5,1,1,1,1,0,1,70,0,35,1
1475,100,999,2,5,1,1,5,3,5,3,5,5,1,1,1,1,0,1,52,3,16,1
1476,100,999,2,4,1,5,5,5,2,1,5,5,1,1,1,1,0,0,27,3,9,0
1477,100,999,2,3,1,1,5,5,5,1,5,5,1,1,1,1,1,0,37,6,16,1
1478,100,999,2,4,3,1,5,4,3,3,4,3,1,0,1,2,0,1,32,4,35,0
1479,100,999,2,1,3,4,5,5,4,2,3,5,1,1,1,1,0,1,32,5,25,0
1480,100,999,2,5,1,1,5,5,5,1,5,5,1,0,1,1,0,1,42,6,9,1
1481,100,999,2,5,3,3,5,5,4,3,5,5,1,1,1,1,0,0,70,4,60,0
1482,100,999,2,5,1,1,5,5,5,1,5,4,1,0,1,1,0,0,21,6,16,1
1483,100,999,2,5,2,2,5,4,4,3,1,4,1,1,1,2,0,0,21,6,25,0
1484,100,999,2,4,4,5,5,5,4,5,4,5,1,0,0,1,0,1,42,2,100,1
1485,100,999,2,4,4,2,4,4,2,4,3,4,1,0,1,1,0,1,21,5,16,0
1486,100,999,2,5,3,3,5,5,5,4,1,5,1,0,0,4,0,0,47,6,9,1
1487,100,999,2,5,2,1,5,5,3,1,5,4,1,1,0,2,0,0,47,1,9,1
1488,100,999,2,4,4,2,5,4,3,2,5,5,1,0,1,2,0,0,21,4,16,1
1489,100,999,2,3,1,2,5,4,5,1,5,5,1,1,1,1,0,1,42,6,60,0
1490,100,999,2,2,1,2,5,5,5,2,5,5,1,1,0,1,0,1,42,3,60,0
1491,100,999,2,3,1,3,5,5,5,3,5,5,1,1,1,1,0,1,27,2,16,1
1492,100,999,2,5,3,2,5,3,3,4,2,3,1,0,0,1,0,1,21,3,25,0
1493,100,999,2,4,1,1,5,5,5,3,5,5,1,0,1,1,0,1,32,3,25,1
1494,100,999,2,2,1,1,5,5,1,2,2,4,1,1,1,7,1,0,21,6,25,0
1495,100,999,2,5,1,1,5,5,4,1,5,5,1,1,0,1,0,1,32,5,35,1
1496,100,999,2,4,2,2,5,5,3,1,4,5,1,0,1,1,0,0,32,4,16,0
1497,100,999,2,4,4,3,5,5,5,4,4,5,1,1,0,1,0,0,70,5,9,1
1498,100,999,2,4,2,2,5,5,5,1,5,5,1,0,0,1,0,1,70,2,16,0
1499,100,999,2,4,5,2,5,3,2,5,2,5,1,1,1,1,1,0,21,0,25,1
1500,100,999,2,4,3,2,5,5,4,3,5,3,1,1,1,3,0,1,32,6,35,0
1501,100,999,2,5,1,2,5,5,5,2,4,4,1,1,1,1,0,0,27,5,25,1
1502,100,999,2,4,1,1,5,5,4,1,5,5,1,1,1,1,0,0,27,4,25,0
1503,100,999,2,3,1,3,5,5,1,3,5,2,1,1,1,1,0,1,27,5,35,0
1504,100,999,2,3,1,4,5,5,4,1,4,4,1,1,1,2,0,1,32,6,25,1
1505,100,999,2,4,2,3,4,4,3,2,3,4,1,0,0,2,0,1,32,6,35,0
1506,100,999,2,3,1,1,5,5,4,1,4,5,1,1,1,1,0,1,32,3,25,1
1507,100,999,2,2,1,3,5,5,5,1,4,5,1,1,1,1,0,0,32,6,60,1
1508,100,999,2,5,4,1,5,5,5,3,5,5,1,0,1,1,0,0,27,0,25,0
1509,100,999,2,3,2,1,5,5,5,2,5,5,1,1,1,2,0,1,52,5,9,1
1510,100,999,2,2,1,4,5,5,3,4,4,4,1,0,1,6,0,1,32,0,85,0
1511,100,999,2,3,1,4,5,5,5,2,4,5,1,1,1,1,0,0,37,6,16,1
1512,100,999,2,4,3,4,5,5,4,3,4,3,1,1,1,1,0,0,37,6,35,0
1513,100,999,2,4,3,1,4,5,4,3,4,5,1,1,0,1,1,1,27,6,25,0
1514,100,999,2,5,2,2,5,5,4,2,5,5,1,1,1,1,0,0,21,3,25,1
1515,100,999,2,3,2,1,5,5,5,2,4,5,1,1,1,3,0,1,42,4,25,1
1516,100,999,2,2,1,1,5,5,4,1,5,3,1,1,1,1,1,0,42,5,45,1
1517,100,999,2,4,1,3,5,5,4,2,3,5,1,1,1,2,0,0,21,6,9,0
1518,100,999,2,1,1,1,5,5,5,1,5,5,1,1,1,1,1,1,32,4,25,1
1519,100,999,2,5,3,4,5,4,5,4,3,2,1,1,1,1,0,0,47,6,35,0
1520,100,999,2,3,1,1,5,5,5,3,5,5,1,1,1,1,0,1,47,4,85,1
1521,100,999,2,4,2,2,5,4,2,4,5,4,1,0,1,5,0,0,70,0,9,0
1522,100,999,2,3,5,5,4,4,4,2,2,5,1,1,1,2,0,1,21,0,16,0
1523,100,999,2,2,2,3,5,4,4,4,5,5,1,1,1,1,0,1,32,4,25,1
1524,100,999,2,3,1,1,5,5,5,1,5,5,1,1,1,1,0,0,42,5,9,0
1525,100,999,2,5,1,1,5,5,2,1,5,4,1,1,1,2,0,0,27,3,25,1
1526,100,999,2,3,1,2,5,5,4,2,5,4,1,1,1,1,0,0,21,4,9,0
1527,100,999,2,5,3,2,5,5,4,3,5,4,1,1,1,1,0,1,27,5,25,1
1528,100,999,2,5,4,2,5,5,5,2,4,5,1,0,1,4,0,1,37,2,35,0
1529,100,999,2,3,1,1,5,5,5,1,3,5,1,1,1,1,1,0,32,6,100,1
1530,100,999,2,5,1,1,5,5,3,5,5,5,1,1,1,1,0,1,52,3,9,0
1531,100,999,2,5,2,1,5,5,5,3,4,5,1,1,1,1,0,1,52,5,35,1
1532,100,999,2,2,1,2,5,5,5,2,4,4,1,0,0,2,0,0,21,6,25,0
1533,100,999,2,3,2,1,5,5,3,1,5,5,1,1,0,1,0,1,52,6,25,0
1534,100,999,2,3,3,1,5,4,2,1,3,3,1,1,1,1,0,1,27,6,35,0
1535,100,999,2,4,1,1,5,5,5,1,4,5,1,1,1,1,0,1,27,3,25,1
1536,100,999,2,3,4,1,5,4,5,1,5,5,1,1,1,1,1,1,37,5,35,1
1537,100,999,2,2,2,2,4,4,4,3,2,4,1,0,1,1,0,0,37,8,35,0
1538,100,999,2,3,1,1,5,5,5,3,4,3,1,1,1,1,0,0,70,3,9,1
1539,100,999,2,2,1,1,5,5,4,1,5,4,1,1,1,2,1,1,21,5,25,1
1540,100,999,2,5,5,2,5,5,2,3,5,5,1,0,0,2,0,0,42,6,9,0
1541,100,999,2,5,5,3,5,5,5,5,5,5,1,1,1,1,0,0,42,4,16,1
1542,100,999,2,4,3,1,5,5,5,3,5,5,1,1,0,2,0,0,32,3,9,0
1543,100,999,2,3,1,2,5,5,5,4,2,5,1,1,1,1,0,0,37,2,9,1
1544,100,999,2,5,4,3,5,5,3,3,4,4,1,0,1,1,0,1,70,1,16,0
1545,100,999,2,2,2,3,5,4,4,1,5,3,1,1,1,2,0,0,47,3,25,1
1546,100,999,2,1,1,1,5,5,2,2,5,4,1,0,0,2,0,1,52,2,16,0
1547,100,999,2,2,1,1,5,5,5,1,4,5,1,1,1,1,1,1,37,6,35,1
1548,100,999,2,3,2,4,5,4,4,3,5,5,1,1,1,1,0,1,47,0,60,0
1549,100,999,2,5,2,2,5,5,5,2,1,5,1,1,0,1,0,1,70,6,45,1
1550,100,999,2,5,1,2,5,5,5,5,5,5,1,0,1,1,0,1,32,4,35,1
1551,100,999,2,5,2,1,5,5,3,2,5,5,1,1,1,3,0,0,52,4,25,0
1552,100,999,2,3,3,4,5,5,1,4,5,4,1,1,1,1,0,0,27,6,25,0
1553,100,999,2,4,4,2,5,5,5,5,5,3,1,0,1,1,0,1,52,1,16,0
1554,100,999,2,4,3,2,5,4,2,3,3,4,1,0,1,1,0,1,27,4,25,1
1555,100,999,2,5,3,3,5,5,3,5,5,5,1,0,1,2,0,0,27,4,25,0
1556,100,999,2,5,3,1,5,5,1,3,5,5,1,0,1,3,0,0,47,3,16,1
1557,100,999,2,1,1,1,5,3,5,1,5,5,1,0,1,2,0,0,47,3,9,0
1558,100,999,2,3,1,1,5,5,3,1,5,5,1,1,1,1,1,1,27,6,35,1
1559,100,999,2,4,3,1,5,4,3,3,5,5,1,1,0,2,0,0,21,4,25,0
1560,100,999,2,2,2,4,5,5,2,3,4,2,1,0,1,2,0,0,70,3,16,1
1561,100,999,2,5,1,1,5,4,3,1,4,4,1,0,1,2,0,1,27,2,45,1
1562,100,999,2,2,2,3,5,5,5,2,5,5,1,1,1,1,0,0,37,0,9,0
1563,100,999,2,5,2,1,4,3,4,1,4,4,1,0,1,1,0,0,42,4,25,1
1564,100,999,2,5,1,1,5,5,5,1,5,5,1,1,1,1,0,0,21,3,9,1
1565,100,999,2,5,1,2,5,5,5,1,5,5,1,1,1,1,0,1,32,5,60,1
1566,100,999,2,5,2,2,5,5,5,1,4,3,1,0,1,1,0,0,27,5,25,1
1567,100,999,2,2,2,2,5,5,5,3,5,5,1,1,0,1,0,1,37,4,25,0
1568,100,999,2,3,2,3,5,4,4,2,4,4,1,1,1,1,1,1,37,6,25,1
1569,100,999,2,4,2,2,5,5,2,3,4,3,1,1,0,3,0,1,27,5,25,0
1570,100,999,2,4,3,3,5,5,4,4,4,5,1,0,1,1,0,1,27,5,25,1
1571,100,999,2,3,5,4,5,5,4,3,5,5,1,1,1,1,0,1,21,3,16,1
1572,100,999,2,3,1,3,5,5,4,3,4,5,1,1,1,2,0,0,32,3,25,1
1573,100,999,2,4,1,2,5,5,5,1,5,4,1,1,0,1,0,1,42,6,35,1
1574,100,999,2,5,3,3,5,5,5,5,5,5,1,1,1,2,0,1,37,3,25,0
1575,100,999,2,3,2,1,5,5,3,1,4,3,1,1,1,2,0,1,70,3,45,1
1576,100,999,2,1,1,1,5,5,3,1,5,5,1,0,1,1,0,1,42,6,35,0
1577,100,999,2,5,3,3,5,3,1,3,5,5,1,0,1,2,0,0,21,6,25,0
1578,100,999,2,1,1,1,5,3,3,3,1,5,1,0,1,4,0,0,32,3,45,1
1579,100,999,2,1,1,1,5,5,5,1,5,5,1,1,1,1,1,0,32,6,25,1
1580,100,999,2,5,1,1,5,5,5,1,5,5,1,0,1,1,0,1,37,3,9,0
1581,100,999,2,5,1,5,5,5,5,3,5,5,1,0,0,1,0,1,42,2,9,1
1582,100,999,2,4,2,3,5,5,1,2,4,3,1,0,1,2,0,1,27,5,25,0
1583,100,999,2,5,1,1,5,5,5,1,5,5,1,1,0,1,1,0,70,0,16,1
1584,100,999,2,5,3,2,5,5,3,3,5,5,1,0,0,2,0,1,37,3,25,0
1585,100,999,2,5,3,2,5,5,3,2,4,4,1,1,1,2,0,1,47,5,25,1
1586,100,999,2,4,1,1,5,5,5,2,5,4,1,0,0,1,0,0,70,0,9,1
1587,100,999,2,3,2,1,5,5,5,1,5,5,1,1,0,1,1,0,27,6,45,0
1588,100,999,2,4,3,4,5,5,3,4,3,5,1,1,1,2,0,1,37,4,35,1
1589,100,999,2,3,1,3,5,5,4,2,5,5,1,1,1,3,0,0,32,3,16,0
1590,100,999,2,5,3,3,5,5,3,3,4,3,1,1,1,4,0,1,37,6,60,1
1591,100,999,2,3,3,4,5,5,5,2,2,4,1,1,0,2,0,0,42,6,35,1
1592,100,999,2,1,2,2,5,5,4,3,4,4,1,1,1,1,0,1,27,3,16,1
1593,100,999,2,4,5,1,5,5,5,4,5,5,1,0,1,1,0,1,37,4,35,1
1594,100,999,2,4,3,3,5,5,4,3,4,4,1,1,1,2,0,1,21,4,25,0
1595,100,999,2,5,5,1,5,5,5,1,5,5,1,0,0,1,0,1,37,5,60,0
1596,100,999,2,5,2,1,5,5,3,2,5,2,1,1,1,4,0,0,37,3,9,1
1597,100,999,2,3,2,1,5,5,4,2,5,5,1,1,1,1,0,0,42,6,25,1
1598,100,999,2,4,1,2,5,5,4,1,5,5,1,1,1,1,0,0,21,4,9,0
1599,100,999,2,5,2,1,5,5,5,3,5,5,1,1,1,1,0,1,47,1,16,1
1600,100,999,2,3,2,2,4,2,5,2,4,4,1,1,1,3,0,1,27,3,25,1
1601,100,999,2,4,1,2,5,4,5,2,5,5,1,1,0,1,0,1,37,5,25,1
1602,100,999,2,4,3,3,4,4,3,3,2,3,1,0,1,1,0,1,21,4,9,1
1603,100,999,2,5,1,2,5,5,5,1,4,5,1,1,1,1,0,0,52,4,16,1
1604,100,999,2,5,1,1,5,5,4,1,5,5,1,0,0,2,0,1,70,3,35,1
1605,100,999,2,1,1,1,5,5,5,1,5,5,1,1,1,1,0,1,32,4,25,1
1606,100,999,2,4,3,2,4,4,4,3,4,4,1,1,0,2,0,0,52,3,9,1
1607,100,999,2,5,2,1,5,3,4,2,5,5,1,1,1,1,0,0,21,4,9,1
1608,100,999,2,1,1,1,5,5,5,2,5,5,1,1,1,1,0,0,52,6,25,1
1609,100,999,2,4,4,3,4,5,4,5,5,5,1,1,0,1,0,1,70,1,25,1
1610,100,999,2,3,4,3,5,3,5,3,3,4,1,0,1,1,0,0,21,4,25,1
1611,100,999,2,3,1,1,5,5,4,1,5,5,1,1,1,3,0,0,37,0,45,1
1612,100,999,2,4,1,2,5,5,5,1,5,3,1,1,1,1,0,0,37,4,16,1
1613,100,999,2,5,1,3,5,1,5,1,5,3,1,1,1,1,0,1,37,3,9,1
1614,100,999,2,3,1,2,5,5,4,2,5,5,1,1,1,1,0,1,42,6,45,1
1615,100,250,1,4,2,4,4,5,1,3,4,3,1,0,1,3,0,0,32,6,9,1
1616,100,250,1,4,2,2,5,5,4,4,4,4,1,1,1,3,0,0,47,2,9,0
1617,100,250,1,5,3,1,5,5,4,4,5,5,1,0,1,7,0,0,42,3,25,1
1618,100,250,1,3,2,1,4,4,3,2,4,4,2,0,1,2,0,0,47,3,35,0
1619,100,250,1,5,3,4,5,5,5,2,3,1,1,1,1,1,0,1,32,2,16,1
1620,100,250,1,2,1,1,5,3,5,1,5,3,2,1,1,1,1,1,21,4,35,0
1621,100,250,1,2,3,2,5,4,3,2,3,4,1,0,1,2,0,1,27,6,35,1
1622,100,250,1,4,2,1,5,5,2,3,5,4,1,0,0,1,0,0,52,2,3,1
1623,100,250,1,3,3,5,5,4,3,3,4,4,1,0,1,2,0,1,32,6,60,1
1624,100,250,1,3,3,2,5,3,2,3,5,5,1,0,1,3,0,0,37,3,25,0
1625,100,250,1,2,3,3,5,3,2,3,2,3,1,1,1,2,0,1,27,4,25,0
1626,100,250,1,3,2,3,5,5,4,3,4,4,1,0,1,1,0,0,37,4,25,0
1627,100,250,1,5,5,1,5,5,1,1,1,3,1,0,1,1,0,1,21,3,25,1
1628,100,250,1,5,3,3,5,5,5,3,4,5,1,0,0,1,0,1,32,2,9,0
1629,100,250,1,3,1,2,5,5,3,2,5,4,1,0,1,1,0,1,27,3,25,1
1630,100,250,1,3,3,3,4,2,3,1,3,2,1,1,1,6,0,0,21,4,3,0
1631,100,250,1,5,3,3,5,5,3,5,5,5,1,0,1,4,0,0,37,3,3,1
1632,100,250,1,2,1,2,5,5,4,3,4,5,1,0,1,2,0,0,21,4,3,0
1633,100,250,1,4,2,3,5,4,2,2,4,4,1,0,1,3,0,1,27,4,25,1
1634,100,250,1,3,2,3,4,5,4,2,4,4,1,0,1,2,0,1,27,3,25,1
1635,100,250,1,2,1,3,5,4,3,2,5,5,1,1,1,1,0,0,37,6,16,1
1636,100,250,1,5,2,2,5,5,5,4,2,3,1,1,1,7,1,0,32,6,16,0
1637,100,250,1,2,1,2,5,5,3,2,5,5,1,1,1,1,0,0,70,3,9,1
1638,100,250,1,2,1,2,5,5,5,4,4,1,1,0,1,2,0,0,21,3,3,0
1639,100,250,1,4,2,1,5,4,3,2,5,3,2,0,0,2,0,0,27,3,16,1
1640,100,250,1,5,4,3,5,4,3,4,3,3,1,0,1,1,0,0,42,3,35,1
1641,100,250,1,2,3,1,5,4,4,3,3,4,1,1,1,2,1,1,21,4,25,0
1642,100,250,1,2,1,3,5,5,5,2,4,5,1,1,1,1,0,1,32,6,27,1
1643,100,250,1,2,4,5,4,5,4,5,5,1,1,1,1,1,0,1,42,6,16,0
1644,100,250,1,3,3,3,4,4,3,2,3,3,1,1,1,2,0,1,21,4,25,1
1645,100,250,1,3,3,3,3,3,3,4,3,3,1,1,0,1,0,0,37,3,9,1
1646,100,250,1,5,4,1,5,5,3,3,3,5,1,0,0,3,0,1,27,3,35,0
1647,100,250,1,4,3,3,5,5,4,3,4,5,1,1,1,1,0,0,21,4,27,1
1648,100,250,1,5,2,2,5,5,3,3,5,4,1,0,0,4,0,0,37,3,3,0
1649,100,250,1,3,1,4,5,5,1,1,5,5,1,1,1,1,0,1,32,5,25,1
1650,100,250,1,5,4,1,5,2,4,3,5,5,1,1,0,1,0,1,21,2,3,0
1651,100,250,1,4,2,1,5,5,5,5,5,5,1,1,0,1,1,1,32,4,9,1
1652,100,250,1,5,3,2,5,4,3,2,5,2,1,0,0,2,0,0,32,3,16,0
1653,100,250,1,4,4,4,5,5,5,3,5,5,1,1,1,1,0,0,37,5,9,0
1654,100,250,1,3,1,1,5,5,5,1,5,5,1,1,1,1,0,1,70,0,35,1
1655,100,250,1,5,3,3,5,3,4,4,5,3,2,1,0,4,0,0,27,6,25,1
1656,100,250,1,5,3,1,5,5,5,2,4,5,1,1,1,1,0,1,37,5,45,1
1657,100,250,1,2,1,3,5,5,2,2,5,3,1,1,1,7,1,0,42,0,27,1
1658,100,250,1,5,5,5,5,5,5,4,4,4,1,1,1,4,0,0,52,6,25,1
1659,100,250,1,2,2,3,5,5,3,2,2,3,1,0,1,1,0,0,42,6,60,1
1660,100,250,1,2,2,2,5,4,3,2,4,5,1,0,0,1,0,0,42,3,9,1
1661,100,250,1,4,2,3,5,5,4,2,4,5,1,0,1,2,1,0,27,6,35,1
1662,100,250,1,4,5,3,5,5,4,5,5,3,1,0,0,2,0,1,52,6,9,1
1663,100,250,1,3,3,2,4,5,4,4,2,3,2,0,1,2,0,0,37,3,16,1
1664,100,250,1,4,2,2,4,5,5,2,5,3,1,0,1,2,0,0,32,6,27,1
1665,100,250,1,1,3,1,5,5,2,1,2,5,1,0,1,1,0,1,47,2,45,1
1666,100,250,1,5,3,1,5,5,1,1,5,5,1,1,1,1,0,0,27,3,27,1
1667,100,250,1,2,4,5,5,5,5,1,5,5,1,1,1,1,1,0,52,6,45,1
1668,100,250,1,5,5,4,5,5,5,5,4,5,1,0,0,1,0,0,47,1,9,1
1669,100,250,1,3,3,2,5,5,4,2,5,3,1,1,1,1,0,1,32,4,25,1
1670,100,250,1,5,1,2,5,5,5,4,4,1,1,0,1,1,0,1,27,3,35,1
1671,100,250,1,3,3,3,5,5,5,1,3,3,1,1,1,1,0,0,37,6,3,1
1672,100,250,1,2,2,2,5,4,4,3,4,5,1,1,0,1,0,0,70,3,16,1
1673,100,250,1,4,1,1,5,5,4,2,5,5,1,0,1,7,0,1,21,3,9,1
1674,100,250,1,3,2,1,5,5,2,3,5,3,1,1,1,1,0,1,70,3,9,1
1675,100,250,1,1,1,1,5,5,4,1,5,5,1,1,1,1,1,1,37,6,25,1
1676,250,999,2,3,3,3,2,3,2,3,5,3,1,0,1,2,0,1,27,4,25,1
1677,250,999,2,2,2,3,4,5,4,3,4,4,1,1,1,7,0,0,27,4,9,0
1678,250,999,2,5,4,2,5,5,5,5,5,2,1,1,1,3,0,0,27,3,16,0
1679,250,999,2,3,1,3,5,5,2,3,5,5,1,0,1,1,0,0,70,4,35,1
1680,250,999,2,5,1,1,5,5,5,1,5,5,1,0,1,1,0,1,27,3,25,0
1681,250,999,2,5,3,1,5,5,5,1,5,5,1,1,0,1,0,0,52,2,9,1
1682,250,999,2,4,1,1,5,5,5,1,5,5,1,1,1,1,1,0,32,6,25,0
1683,250,999,2,4,2,1,5,5,4,3,5,4,1,1,1,7,0,1,21,5,25,1
1684,250,999,2,3,3,1,5,3,3,3,5,5,1,1,1,1,0,1,70,6,60,0
1685,250,999,2,2,2,2,5,4,3,1,5,4,1,1,1,2,0,1,27,5,35,1
1686,250,999,2,5,1,5,5,5,4,2,3,5,1,1,0,1,0,1,70,6,45,0
1687,250,999,2,3,2,2,5,5,4,2,5,4,1,1,1,1,0,1,70,3,25,1
1688,250,999,2,5,1,1,5,5,5,3,5,5,1,1,1,2,0,1,37,3,16,0
1689,250,999,2,5,1,5,5,5,5,1,5,1,1,1,0,2,0,0,37,2,9,0
1690,250,999,2,3,1,5,5,5,4,1,4,1,1,1,1,1,0,0,42,1,16,1
1691,250,999,2,3,1,1,5,5,4,1,5,5,1,1,1,1,0,1,32,5,25,1
1692,250,999,2,4,1,2,5,5,3,2,4,4,1,1,1,1,0,0,37,6,60,0
1693,250,999,2,2,1,1,5,5,4,2,5,5,1,1,1,1,0,0,27,6,9,1
1694,250,999,2,5,5,1,5,5,1,1,5,5,1,1,0,6,0,1,47,3,9,0
1695,250,999,2,5,1,3,5,5,5,1,5,3,1,1,1,1,1,1,32,6,35,1
1696,250,999,2,3,3,3,4,3,4,3,4,4,1,1,1,1,0,1,42,6,60,1
1697,250,999,2,3,3,3,5,3,1,3,3,3,1,0,0,1,0,1,32,4,35,0
1698,250,999,2,5,1,1,5,5,5,2,5,5,1,0,1,1,0,1,42,3,25,1
1699,250,999,2,3,2,2,5,5,4,2,4,5,1,0,1,1,0,0,70,3,9,0
1700,250,999,2,5,1,5,5,5,5,1,5,5,1,1,1,1,0,0,21,6,25,1
1701,250,999,2,5,1,1,5,5,5,1,5,3,2,1,1,4,0,1,21,3,25,0
1702,250,999,2,4,2,1,5,5,4,2,4,3,1,1,1,1,1,1,27,6,35,0
1703,250,999,2,5,3,3,5,5,4,4,4,3,2,0,1,2,0,0,27,5,25,1
1704,250,999,2,5,3,1,5,5,5,1,5,5,1,1,1,1,0,0,70,2,16,1
1705,250,999,2,3,1,2,5,5,3,3,5,5,1,1,1,1,1,0,32,6,45,0
1706,250,999,2,5,3,1,5,5,2,1,5,5,1,1,0,1,0,1,42,5,45,0
1707,250,999,2,3,1,1,5,5,3,1,5,5,1,1,1,1,0,1,47,0,16,1
1708,250,999,2,4,2,2,4,2,4,5,5,2,1,0,0,2,0,1,42,1,16,1
1709,250,999,2,5,2,2,5,5,3,3,4,5,1,1,1,1,0,1,37,0,35,0
1710,250,999,2,5,3,2,5,5,2,2,4,4,1,0,1,3,0,1,32,2,35,1
1711,250,999,2,3,2,2,5,5,3,3,3,4,1,1,1,4,0,0,47,5,9,0
1712,250,999,2,5,4,2,5,3,4,3,2,4,1,1,0,1,0,1,47,1,16,1
1713,250,999,2,2,2,1,5,5,4,3,5,4,1,0,0,4,0,1,27,5,25,0
1714,250,999,2,3,1,1,5,5,4,3,5,5,1,1,0,2,0,1,37,6,25,1
1715,250,999,2,3,1,1,5,5,3,1,5,4,1,0,1,1,0,1,37,6,35,0
1716,250,999,2,3,2,2,5,5,4,2,4,5,1,0,1,2,0,1,21,6,25,0
1717,250,999,2,2,2,3,4,4,3,2,4,4,1,1,1,1,0,1,32,4,25,1
1718,250,999,2,3,3,3,5,5,5,1,3,3,1,0,1,1,0,1,52,1,9,1
1719,250,999,2,2,2,4,5,4,3,3,5,2,1,1,1,1,0,1,37,6,35,0
1720,250,999,2,5,5,5,5,5,3,3,4,2,2,0,1,1,0,0,32,4,16,1
1721,250,999,2,3,2,2,5,5,3,3,4,5,1,1,1,1,0,1,70,3,16,1
1722,250,999,2,5,2,4,5,5,4,2,5,4,1,1,1,1,0,1,37,2,25,0
1723,250,999,2,5,2,3,4,5,5,3,5,4,1,0,1,2,0,0,21,3,16,1
1724,250,999,2,1,1,2,5,5,5,1,5,4,1,1,1,2,0,0,37,6,25,1
1725,250,999,2,5,3,1,5,5,3,4,4,5,2,0,0,4,0,0,37,3,16,0
1726,250,999,2,4,1,4,5,5,4,1,4,4,1,1,1,1,0,0,52,6,45,1
1727,250,999,2,1,1,1,5,4,5,1,4,4,1,0,1,2,0,0,32,0,35,0
1728,250,999,2,3,1,2,5,5,3,2,3,4,1,0,1,1,0,0,42,3,25,1
1729,250,999,2,2,2,3,4,4,3,3,4,3,2,0,1,3,0,0,21,4,16,0
1730,250,999,2,3,2,1,5,5,2,3,4,5,1,0,0,1,0,1,52,3,16,0
1731,250,999,2,2,1,3,5,5,5,1,2,4,1,1,1,1,1,0,21,4,9,0
1732,250,999,2,3,1,1,5,5,4,3,3,4,1,1,1,2,0,0,37,6,9,1
1733,250,999,2,5,4,2,5,5,4,4,4,4,1,1,0,1,0,1,42,1,25,1
1734,250,999,2,2,4,1,4,5,3,2,4,4,1,1,1,1,0,1,52,4,25,0
1735,250,999,2,5,2,2,5,4,3,2,4,2,1,1,1,2,0,1,42,5,25,1
1736,250,999,2,2,1,4,4,3,4,2,3,5,1,1,1,2,0,1,21,0,9,1
1737,250,999,2,3,1,2,5,5,5,2,4,5,1,1,1,2,0,0,37,6,25,0
1738,250,999,2,5,5,5,5,5,3,3,3,5,1,1,0,2,0,1,37,3,9,0
1739,250,999,2,2,1,2,5,3,3,2,4,5,1,1,1,1,0,1,27,4,9,1
1740,250,999,2,2,2,1,5,4,4,1,3,4,1,1,1,2,0,0,21,4,25,0
1741,250,999,2,2,1,3,5,5,4,4,4,4,1,1,1,2,0,1,37,6,35,1
1742,250,999,2,5,3,1,1,5,4,5,5,5,2,0,1,5,0,1,21,4,16,1
1743,250,999,2,5,1,1,5,5,5,1,5,5,1,1,1,1,1,1,42,6,35,0
1744,250,999,2,2,3,1,5,4,3,2,4,3,1,0,0,4,0,1,42,4,16,0
1745,250,999,2,3,2,2,5,3,4,3,5,5,1,0,0,2,0,0,21,4,16,1
1746,250,999,2,2,2,1,5,5,5,1,2,5,1,1,1,1,1,1,42,6,9,0
1747,250,999,2,4,3,2,4,4,3,3,3,4,1,0,0,1,0,1,32,4,25,1
1748,250,999,2,5,1,1,5,5,5,3,1,3,1,0,0,1,0,1,70,1,25,1
1749,250,999,2,3,1,4,5,5,2,1,2,4,1,0,1,1,0,1,32,5,16,0
1750,250,999,2,4,2,2,5,4,4,3,5,3,1,0,1,2,0,0,21,4,25,0
1751,250,999,2,1,1,1,5,5,5,1,5,5,1,1,1,2,1,0,42,6,25,1
1752,250,999,2,4,3,1,4,5,1,3,5,3,2,0,1,4,0,0,37,3,9,0
1753,250,999,2,3,1,2,5,5,2,2,5,5,1,1,1,1,0,0,42,6,35,1
1754,250,999,2,3,2,2,4,5,4,2,4,3,1,1,1,1,0,0,47,3,16,0
1755,250,999,2,4,4,1,5,5,5,3,5,5,1,1,1,1,0,0,37,5,16,1
1756,250,999,2,3,2,2,5,3,4,2,2,3,1,0,1,1,0,1,32,4,16,0
1757,250,999,2,4,5,2,5,5,4,4,5,5,1,1,1,2,0,0,42,4,16,1
1758,250,999,2,4,1,3,5,5,5,1,5,5,1,1,1,1,0,1,37,6,45,0
1759,250,999,2,5,2,2,5,2,3,2,5,5,1,1,0,2,0,0,70,3,16,1
1760,250,999,2,2,2,4,5,3,3,3,5,5,1,1,1,1,0,0,27,3,16,0
1761,250,999,2,5,5,3,5,5,3,2,5,3,1,1,1,1,0,1,47,3,25,0
1762,250,999,2,4,1,1,5,3,4,2,4,3,1,0,1,2,0,0,21,4,25,1
1763,250,999,2,4,3,2,5,5,4,2,4,5,1,0,0,2,0,1,27,4,16,0
1764,250,999,2,4,1,2,5,5,4,3,2,5,1,0,1,1,0,1,27,2,25,1
1765,250,999,2,5,2,2,5,5,3,1,5,5,1,1,0,3,0,0,42,6,45,0
1766,250,999,2,3,1,1,5,5,3,1,5,5,1,0,0,1,0,1,42,6,35,0
1767,250,999,2,3,1,1,5,5,4,1,5,5,1,1,1,1,1,1,47,3,9,1
1768,250,999,2,5,1,3,5,5,5,3,1,5,1,1,0,1,0,1,70,4,25,0
1769,250,999,2,5,2,1,5,5,3,1,3,4,1,0,1,2,0,1,42,6,35,1
1770,250,999,2,4,1,4,5,4,1,3,3,5,1,0,0,1,0,1,52,5,45,0
1771,250,999,2,2,2,2,5,3,4,3,4,3,1,1,1,4,0,0,37,6,16,1
1772,250,999,2,5,1,1,5,5,5,2,5,4,1,0,0,1,0,1,47,3,16,0
1773,250,999,2,2,2,3,4,4,3,2,4,3,2,0,1,2,0,0,21,6,25,1
1774,250,999,2,4,1,3,5,5,1,3,5,5,1,0,0,1,0,1,37,0,35,0
1775,250,999,2,3,1,2,5,5,3,1,5,4,1,1,1,2,0,1,21,4,25,1
1776,250,999,2,5,1,1,5,5,5,1,4,4,1,1,1,1,0,0,37,6,35,0
1777,250,999,2,5,2,1,5,5,4,3,5,5,1,1,1,1,0,1,21,4,9,0
1778,250,999,2,3,3,2,4,5,4,3,4,4,1,1,1,2,0,1,37,6,60,1
1779,250,999,2,5,3,2,5,4,3,3,5,5,1,1,1,1,0,0,27,3,9,0
1780,250,999,2,3,1,1,5,5,5,3,5,5,1,1,1,1,0,0,42,6,35,1
1781,250,999,2,3,3,2,5,5,5,2,3,5,2,0,1,1,0,0,42,4,16,0
1782,250,999,2,5,1,4,5,5,3,2,5,5,1,0,1,1,0,1,32,6,25,1
1783,250,999,2,3,3,3,5,5,5,3,5,5,1,1,0,1,0,0,21,2,9,1
1784,250,999,2,4,3,1,4,5,5,1,5,2,1,1,1,1,0,1,32,4,25,0
1785,250,999,2,5,2,1,5,5,5,1,3,5,1,0,1,4,0,1,21,3,9,0
1786,250,999,2,3,4,4,5,5,3,2,4,5,1,1,1,2,0,1,52,6,45,1
1787,250,999,2,5,2,1,5,5,5,2,5,5,1,1,1,1,0,1,27,6,35,0
1788,250,999,2,3,1,2,5,5,5,1,5,5,1,0,1,2,0,0,27,6,9,1
1789,250,999,2,4,2,5,5,5,5,2,2,5,1,1,1,1,0,1,37,4,35,0
1790,250,999,2,2,1,2,5,5,5,4,5,5,1,1,1,7,1,0,42,6,9,1
1791,250,999,2,2,2,5,5,5,4,2,2,2,1,0,1,2,0,1,37,0,25,0
1792,250,999,2,5,5,1,5,5,5,5,5,5,1,0,0,1,0,0,52,2,16,1
1793,250,999,2,1,1,1,5,4,3,1,5,5,1,1,0,7,0,0,32,5,25,1
1794,250,999,2,5,3,2,5,5,5,1,5,5,1,1,1,1,0,0,47,0,45,0
1795,250,999,2,3,1,3,5,5,4,3,5,5,1,1,1,1,0,0,27,6,25,1
1796,250,999,2,1,1,1,5,4,1,1,3,3,1,1,1,4,0,1,21,6,25,1
1797,250,999,2,4,3,3,4,4,4,4,4,4,1,0,1,2,0,0,21,3,9,1
1798,250,999,2,2,3,1,5,5,5,1,5,5,1,1,1,1,0,0,37,3,16,1
1799,250,999,2,4,2,4,5,5,3,1,3,2,1,1,1,2,0,0,32,0,9,0
1800,250,999,2,3,1,2,5,4,5,1,5,3,1,1,1,1,1,0,32,6,35,1
1801,250,999,2,5,5,4,4,4,4,2,4,4,1,0,0,1,0,1,27,2,25,0
1802,250,999,2,4,1,4,5,4,4,2,5,5,1,1,1,1,0,0,52,4,16,1
1803,250,999,2,4,1,2,5,4,3,2,4,5,1,0,1,2,0,0,70,3,16,0
1804,250,999,2,4,2,2,5,5,5,1,5,4,1,0,1,1,0,0,42,0,35,0
1805,250,999,2,4,3,3,5,5,3,3,4,4,1,1,1,1,0,1,52,5,45,1
1806,250,999,2,2,1,4,5,5,5,1,5,5,1,1,1,2,0,0,37,6,60,0
1807,250,999,2,1,1,1,5,5,5,1,5,5,1,0,1,1,0,0,42,3,16,1
1808,250,999,2,3,1,1,5,5,3,1,5,4,1,0,0,2,0,1,27,2,16,1
1809,250,999,2,4,3,1,5,5,3,2,2,3,1,1,0,4,0,1,21,4,16,0
1810,250,999,2,5,1,1,5,5,5,1,5,5,1,1,1,1,0,0,37,6,25,0
1811,250,999,2,1,2,1,5,5,4,3,3,4,1,0,1,2,0,0,27,3,9,1
1812,250,999,2,5,3,2,5,4,5,3,3,5,1,1,1,1,0,0,21,5,16,0
1813,250,999,2,5,2,3,5,5,3,3,5,5,1,1,0,1,0,1,47,5,16,1
1814,250,999,2,3,1,3,5,5,5,2,3,4,1,0,1,1,0,1,42,5,35,0
1815,250,999,2,1,1,3,5,5,5,2,5,5,1,1,1,1,0,0,52,4,35,1
1816,250,999,2,5,3,4,5,5,5,3,5,2,1,0,1,1,0,0,42,1,9,1
1817,250,999,2,5,3,1,5,5,5,2,5,4,1,1,1,4,0,1,21,4,25,0
1818,250,999,2,5,2,1,5,5,5,1,5,5,1,1,1,1,0,0,32,3,9,0
1819,250,999,2,1,3,3,5,5,5,2,5,5,1,1,1,1,0,1,37,3,25,1
1820,250,999,2,3,1,2,5,4,4,3,2,4,1,1,1,1,0,0,32,4,35,0
1821,250,999,2,4,2,2,5,5,3,2,5,5,1,1,1,2,0,1,21,5,35,1
1822,250,999,2,3,2,1,5,5,4,2,5,1,2,1,1,5,0,1,21,3,9,0
1823,250,999,2,3,1,1,5,5,5,2,2,5,1,1,1,1,0,1,52,4,16,1
1824,250,999,2,2,1,2,4,5,1,1,5,4,1,1,1,1,0,0,21,3,9,1
1825,250,999,2,5,2,2,5,5,5,2,5,5,1,1,1,3,0,0,21,2,16,1
1826,250,999,2,1,1,3,5,4,4,2,3,5,1,0,1,2,0,0,21,4,9,1
1827,250,999,2,4,3,2,5,3,3,3,4,4,2,0,1,2,0,1,21,5,35,1
