,id,y,D12S2070.a1,D12S2070.a2,D12S839.a1,D12S839.a2,D12S821.a1,D12S821.a2,D12S1344.a1,D12S1344.a2,EXON12.a1,EXON12.a2,EXON1.a1,EXON1.a2,D12S2263.a1,D12S2263.a2,D12S1341.a1,D12S1341.a2
1,59,1,4,4,3,4,3,7,8,10,2,2,2,2,6,8,5,8
2,101,1,4,4,4,5,5,6,3,4,2,2,2,2,8,9,3,5
3,109,1,4,4,3,5,3,5,3,8,2,2,2,2,7,10,8,8
4,8,1,4,4,4,5,3,4,8,8,2,2,0,0,6,7,5,7
5,12,1,4,4,5,5,5,6,3,3,2,2,2,2,9,9,6,6
6,20,1,1,5,5,5,3,5,10,10,2,2,2,2,6,8,4,5
7,24,1,2,5,4,5,3,3,8,8,2,2,2,2,7,8,7,8
8,30,1,2,2,5,5,3,3,3,8,2,2,2,2,2,8,3,8
9,37,1,2,2,4,4,3,5,3,8,2,2,2,2,8,8,4,5
10,51,1,2,5,3,4,6,8,2,3,2,2,2,2,7,10,1,3
11,60,1,4,4,4,4,3,9,8,13,2,2,2,1,5,8,5,7
12,66,1,4,5,4,4,0,0,3,8,2,2,2,2,9,12,6,7
13,69,1,1,4,3,5,5,8,3,9,2,2,2,1,6,8,5,7
14,75,1,1,4,4,4,3,6,8,14,2,2,2,1,3,8,5,5
15,91,1,4,5,4,5,3,8,8,8,2,1,2,2,8,8,5,5
16,93,1,2,3,3,4,3,7,8,9,2,2,2,1,5,8,0,0
17,94,1,2,5,4,5,3,6,0,0,2,2,2,1,3,8,7,8
18,95,1,4,5,3,6,3,4,3,3,2,2,2,2,8,10,3,5
19,96,1,4,5,3,5,3,9,8,9,2,1,2,1,5,8,5,7
20,97,1,2,5,5,6,3,3,8,8,2,2,2,2,6,7,7,7
21,98,1,1,1,4,5,0,0,8,9,2,2,2,1,0,0,5,8
22,99,1,4,4,3,4,0,0,8,8,2,2,2,2,7,8,6,6
23,100,1,1,5,3,5,0,0,8,13,2,2,2,1,7,8,5,5
24,102,1,1,2,0,0,3,8,0,0,2,2,2,1,5,10,3,6
25,103,1,4,5,3,4,0,0,8,8,2,2,0,0,7,8,4,8
26,104,1,4,5,3,5,0,0,8,8,2,2,2,2,8,11,4,7
27,105,1,1,2,3,4,3,5,3,8,2,2,2,2,8,8,3,6
28,106,1,1,2,3,5,3,3,8,13,2,2,2,2,8,8,5,7
29,107,1,4,4,4,4,4,4,6,8,2,2,2,2,6,11,3,5
30,108,1,0,0,5,5,3,6,8,8,2,2,2,1,3,7,5,8
31,110,1,1,4,3,4,3,3,8,9,2,2,2,2,6,7,5,5
32,111,1,2,5,3,4,3,6,3,8,2,2,2,1,3,7,6,7
33,112,1,1,5,3,4,3,7,3,4,2,2,2,1,5,8,5,5
34,113,1,1,2,4,4,6,10,3,9,2,2,2,1,4,11,3,7
35,114,1,4,8,3,5,4,8,3,4,2,2,2,2,7,7,3,3
36,115,1,2,4,4,5,3,5,3,8,2,2,2,2,8,11,3,5
37,116,1,2,5,5,5,6,9,3,3,2,2,2,2,7,9,3,5
38,117,1,2,2,4,5,3,3,8,12,2,2,2,2,6,9,4,7
39,118,1,4,5,4,5,6,6,3,12,2,2,2,1,3,8,5,7
40,119,1,5,5,4,4,3,6,10,0,2,2,0,0,5,6,3,5
41,120,1,5,5,4,5,3,5,6,8,2,2,2,2,7,10,3,5
42,121,1,4,5,3,5,6,6,3,12,2,2,2,1,5,10,5,7
43,122,1,2,5,4,5,3,5,3,8,2,2,2,2,7,8,4,5
44,123,1,1,4,3,4,0,0,8,12,2,2,2,1,3,7,1,6
45,124,1,2,4,3,5,3,5,8,8,2,2,2,2,8,8,7,7
46,125,1,1,5,3,5,5,6,3,3,2,2,2,1,4,8,3,6
47,126,1,2,4,4,5,8,9,9,9,2,2,1,1,5,8,4,5
48,127,1,1,2,4,4,5,7,9,10,2,2,0,0,3,10,0,0
49,128,1,0,0,4,4,6,6,3,11,2,2,2,1,3,7,3,5
50,129,1,0,0,5,5,3,9,9,10,2,2,2,1,4,8,0,0
51,0,1,4,5,4,5,3,5,3,8,2,2,2,2,7,11,4,5
52,1,1,4,5,3,5,3,9,9,12,2,2,2,1,5,8,5,6
53,2,1,0,0,5,5,6,8,3,9,2,2,0,0,5,11,6,7
54,3,1,4,4,5,5,4,7,8,9,2,2,0,0,3,10,3,7
55,4,1,2,2,4,5,3,3,3,8,2,2,2,2,7,8,5,7
56,5,1,1,5,3,5,4,6,8,9,2,2,0,0,7,9,3,7
57,6,1,1,4,4,5,3,7,3,8,2,2,0,0,9,9,5,7
58,7,1,2,2,3,3,4,6,3,7,2,2,0,0,8,10,3,5
59,9,1,1,4,3,5,3,10,8,9,2,2,2,1,8,8,4,7
60,10,1,2,4,4,5,4,5,3,10,2,2,2,1,3,6,8,8
61,11,1,1,2,3,3,3,11,8,9,2,2,2,1,4,7,5,7
62,13,1,2,2,3,4,6,8,3,11,2,2,2,1,4,8,4,5
63,14,1,4,4,4,5,5,9,3,9,2,2,1,1,4,4,5,8
64,15,1,1,8,3,3,4,5,3,14,2,2,2,1,5,8,7,7
65,16,1,2,4,4,4,0,0,8,9,2,2,0,0,3,4,3,7
66,17,1,4,5,4,5,3,11,8,9,2,2,2,1,6,7,4,4
67,18,1,4,4,4,5,3,13,9,10,2,2,0,0,4,9,4,5
68,19,1,0,0,0,0,5,7,3,8,2,2,2,1,8,8,3,5
69,21,1,4,5,4,5,3,5,3,8,2,2,2,2,7,9,5,5
70,22,1,1,4,5,5,3,3,8,8,2,1,2,2,8,8,5,5
71,23,1,1,4,3,4,3,6,3,8,2,2,2,2,8,9,6,7
72,25,1,4,4,4,5,3,5,1,8,2,2,2,1,3,9,5,5
73,26,1,4,4,3,3,4,5,3,8,2,2,2,2,6,10,3,5
74,27,1,4,4,5,5,3,8,8,9,2,2,2,1,5,12,3,6
75,28,1,2,2,4,4,3,6,8,13,2,2,2,1,6,9,5,8
76,29,1,4,5,4,5,6,7,3,9,2,2,2,1,4,8,5,7
77,31,1,4,6,3,5,3,6,3,8,0,0,2,2,8,8,5,7
78,32,1,2,5,3,5,3,7,9,10,2,2,2,1,5,9,5,7
79,33,1,4,4,4,4,3,6,3,8,2,2,2,2,6,11,6,7
80,34,1,4,4,4,5,0,0,3,8,2,2,2,2,8,9,4,8
81,35,1,2,5,3,4,3,3,8,8,2,2,2,2,7,9,7,7
82,36,1,4,4,4,5,3,11,8,9,2,2,0,0,6,6,0,0
83,38,1,5,5,5,5,3,10,8,9,2,2,2,1,5,7,8,10
84,39,1,5,6,4,4,3,3,8,10,2,2,2,2,8,8,5,5
85,40,1,4,5,5,5,0,0,8,12,2,2,0,0,8,9,4,5
86,41,1,2,5,4,5,3,8,8,9,2,2,2,1,5,8,5,6
87,42,1,4,4,4,4,8,10,9,9,2,2,1,1,5,8,7,7
88,43,1,4,6,4,4,3,7,8,8,2,2,2,2,8,8,4,5
89,44,1,2,4,4,4,3,7,8,8,2,2,2,2,7,8,3,8
90,45,1,5,5,4,5,3,5,8,8,2,2,2,2,8,10,3,5
91,46,1,4,4,3,4,2,5,3,8,2,2,2,2,8,8,7,7
92,47,1,2,5,3,3,0,0,3,8,2,2,2,2,7,8,7,8
93,48,1,2,5,3,5,0,0,9,14,2,2,1,1,4,6,3,4
94,49,1,2,4,3,4,6,6,3,14,2,2,2,1,6,10,7,8
95,50,1,4,4,3,4,3,6,8,9,2,2,2,1,5,8,3,5
96,52,1,1,1,3,4,4,6,3,3,2,2,2,2,7,12,5,5
97,53,1,2,6,3,5,3,7,9,11,2,2,2,1,3,7,5,7
98,54,1,1,4,3,5,3,4,8,8,2,2,2,2,7,8,5,6
99,55,1,5,5,2,5,3,3,8,8,2,2,2,2,9,10,7,7
100,56,1,2,4,4,4,2,6,3,8,2,2,2,2,6,8,5,8
101,57,1,1,4,4,5,6,8,3,9,2,2,2,1,4,8,3,10
102,58,1,1,6,3,4,3,3,8,12,2,2,2,2,8,10,7,7
103,61,1,5,5,4,4,6,6,9,13,2,2,1,1,5,10,4,7
104,62,1,2,2,3,5,4,5,3,3,2,2,2,2,8,9,7,7
105,63,1,2,4,3,4,3,7,8,11,2,2,2,1,3,8,3,7
106,64,1,4,5,4,5,3,3,8,10,2,2,2,2,10,10,4,7
107,65,1,2,5,5,5,3,3,6,8,2,2,2,2,9,10,3,3
108,67,1,4,6,4,5,0,0,9,9,2,2,1,1,2,6,5,8
109,68,1,2,5,3,4,4,8,9,10,2,2,2,1,4,8,7,8
110,70,1,2,4,5,5,3,7,8,9,2,2,2,1,5,8,7,8
111,71,1,1,4,5,5,3,8,8,9,2,2,2,1,5,10,4,7
112,72,1,2,2,4,5,3,6,9,11,2,2,2,1,5,9,7,8
113,73,1,4,4,3,4,3,8,3,9,2,2,2,1,7,10,3,8
114,74,1,5,5,3,6,5,10,9,12,2,2,2,1,4,8,1,7
115,76,1,2,5,3,4,3,5,3,10,2,2,0,0,8,8,5,7
116,77,1,4,4,4,4,3,7,8,9,2,2,2,2,8,9,3,3
117,78,1,5,6,4,5,4,7,8,9,2,2,0,0,5,10,7,7
118,79,1,2,4,4,4,3,4,3,8,2,2,0,0,8,9,6,7
119,80,1,4,4,4,5,4,4,3,8,2,2,2,2,8,9,5,8
120,81,1,5,7,4,4,3,3,8,8,2,2,2,2,7,9,5,7
121,82,1,4,4,3,4,5,7,8,9,2,2,0,0,3,8,5,5
122,83,1,1,5,3,5,6,8,0,0,2,2,2,1,8,8,5,7
123,84,1,5,5,4,4,8,10,0,0,2,2,0,0,9,9,5,7
124,85,1,1,5,3,3,3,6,3,13,0,0,2,1,5,5,3,7
125,86,1,0,0,3,3,5,7,0,0,2,2,0,0,8,8,0,0
126,87,1,4,4,3,5,6,7,3,11,2,2,2,1,3,9,3,7
127,88,1,2,5,3,4,3,3,8,9,2,2,2,1,5,8,6,7
128,89,1,1,2,4,5,3,6,8,9,2,2,2,1,0,0,3,7
129,90,1,4,4,5,5,2,3,8,12,2,2,2,2,6,7,4,4
130,92,1,4,4,3,3,3,4,6,8,2,2,2,2,7,8,8,9
131,130,0,0,0,0,0,3,3,0,0,2,1,0,0,9,13,3,5
132,131,0,4,5,4,4,3,3,8,8,2,1,2,2,9,10,3,5
133,132,0,4,4,5,5,6,6,3,9,2,2,2,1,6,9,3,6
134,133,0,4,5,3,5,0,0,0,0,2,1,2,1,6,9,7,8
135,134,0,4,4,5,5,0,0,0,0,2,2,2,2,9,9,7,7
136,135,0,2,4,3,3,4,6,0,0,2,2,2,2,11,12,5,9
137,136,0,1,5,3,4,6,6,8,8,2,1,0,0,9,12,7,8
138,137,0,4,5,5,5,3,5,3,8,2,2,2,1,4,9,4,5
139,138,0,0,0,0,0,0,0,0,0,2,1,0,0,0,0,1,4
140,139,0,0,0,0,0,0,0,0,0,2,2,0,0,0,0,6,7
141,140,0,2,4,4,5,3,3,8,8,2,1,0,0,0,0,4,7
142,141,0,5,5,4,5,3,3,8,8,2,1,0,0,0,0,5,6
143,142,0,1,4,3,4,2,3,8,8,2,1,2,2,7,9,8,8
144,143,0,0,0,0,0,0,0,0,0,2,2,0,0,0,0,5,5
145,144,0,4,4,3,4,3,3,8,8,2,2,2,2,9,9,3,5
146,145,0,2,4,5,5,0,0,6,8,2,2,2,2,9,11,7,7
147,146,0,4,5,4,5,3,3,8,8,2,2,2,2,8,11,4,4
148,147,0,1,4,3,4,0,0,4,8,2,2,2,2,10,11,3,7
149,148,0,4,4,3,4,4,4,3,9,2,2,0,0,8,9,7,8
150,149,0,2,5,4,4,0,0,0,0,2,2,0,0,8,11,6,7
151,150,0,2,2,5,5,3,3,8,8,2,1,2,2,7,9,3,5
152,151,0,5,7,5,5,3,6,8,8,2,2,2,2,8,9,5,5
153,152,0,2,2,3,4,2,3,8,8,2,2,2,2,9,10,7,8
154,153,0,4,4,4,4,5,6,3,3,2,2,2,1,5,11,6,7
155,154,0,1,4,4,4,3,5,6,8,2,2,2,2,9,9,3,5
156,155,0,2,2,3,3,2,3,8,8,2,2,2,2,9,12,7,7
157,156,0,4,4,4,5,3,5,3,8,2,2,0,0,4,9,3,8
158,157,0,4,5,3,3,3,6,8,8,2,2,0,0,8,9,5,5
159,158,0,2,5,3,5,5,5,3,8,2,1,2,2,8,9,5,7
160,159,0,5,5,3,3,3,6,3,8,2,1,0,0,7,9,6,7
161,160,0,4,5,3,4,3,6,3,11,2,2,0,0,4,8,7,8
162,161,0,1,4,3,5,3,8,3,8,2,2,0,0,8,9,3,7
163,162,0,1,4,3,5,3,9,8,11,2,1,2,1,10,10,4,7
164,163,0,1,4,3,4,3,3,8,8,2,1,2,2,9,11,4,7
165,164,0,2,5,3,4,0,0,8,9,2,1,2,1,8,11,3,7
166,165,0,5,5,4,5,3,5,3,8,2,2,2,2,9,12,3,7
167,166,0,1,1,3,5,0,0,3,8,2,1,2,2,8,9,3,7
168,167,0,2,5,3,5,5,6,9,9,2,2,1,1,8,9,7,8
169,168,0,2,5,3,3,3,3,8,8,2,1,2,2,9,9,7,8
170,169,0,4,4,3,5,4,7,3,8,2,2,2,2,0,0,3,7
171,170,0,4,4,3,8,3,4,3,8,2,1,0,0,9,9,3,5
172,171,0,4,4,3,5,3,4,3,8,2,1,2,2,9,10,7,7
173,172,0,4,4,4,5,4,7,3,9,2,2,0,0,6,10,3,8
174,173,0,4,5,4,5,2,2,8,8,2,1,2,2,9,9,5,7
175,174,0,2,2,3,5,4,5,3,10,2,2,0,0,7,10,3,5
176,175,0,4,5,5,5,3,6,3,8,2,2,2,2,9,12,5,7
177,176,0,1,2,5,5,3,3,8,9,2,2,2,1,6,9,3,7
178,177,0,2,5,4,5,3,8,8,11,2,1,2,1,6,9,3,8
179,178,0,1,4,4,4,4,8,8,11,2,1,2,1,4,12,5,7
180,179,0,2,5,3,3,3,6,3,8,2,1,2,1,4,10,0,0
181,180,0,2,4,3,4,2,4,8,8,2,2,2,2,9,10,5,6
182,181,0,2,2,3,5,3,6,3,8,2,1,2,1,4,9,3,6
183,182,0,2,4,3,5,4,6,3,8,2,2,2,1,4,9,4,7
184,183,0,2,2,3,5,3,6,8,9,2,1,2,1,6,9,3,5
185,184,0,2,4,4,4,6,6,3,3,2,2,2,1,0,0,0,0
186,185,0,1,4,3,4,3,6,3,8,2,1,2,2,9,9,5,5
187,186,0,1,4,4,5,3,3,8,8,2,1,2,2,9,13,6,6
188,187,0,4,5,4,5,5,6,3,11,2,2,2,1,4,9,6,7
189,188,0,1,2,3,3,3,3,3,8,2,2,2,2,8,12,5,7
190,189,0,2,5,3,5,5,7,3,3,2,2,2,2,8,11,5,5
191,190,0,4,4,5,5,3,3,8,8,2,1,2,2,9,9,7,8
192,191,0,1,2,3,4,5,12,9,9,2,2,1,1,3,9,6,7
193,192,0,4,4,3,5,3,3,8,10,2,1,2,2,7,9,6,7
194,193,0,2,2,3,4,3,4,3,8,2,1,2,2,9,10,3,5
195,194,0,4,4,3,4,0,0,3,8,2,1,2,1,5,9,0,0
196,195,0,4,5,4,4,6,6,3,13,2,2,2,1,7,8,5,5
197,196,0,4,5,3,3,3,5,3,8,2,2,2,1,4,9,5,7
198,197,0,1,5,4,6,0,0,3,8,2,2,2,2,8,9,0,0
199,198,0,1,2,3,3,4,8,8,8,2,2,2,1,6,10,3,8
200,199,0,1,4,4,5,3,5,3,8,2,1,2,2,9,9,3,6
201,200,0,2,4,4,5,0,0,9,9,2,2,1,1,8,9,1,7
202,201,0,4,4,4,5,3,3,5,5,2,2,2,2,8,11,5,5
203,202,0,2,4,4,5,3,3,8,12,2,2,2,2,8,9,5,7
204,203,0,1,4,3,5,0,0,8,8,2,1,2,2,7,7,5,8
205,204,0,1,4,4,5,3,8,8,9,2,2,2,1,5,9,3,7
206,205,0,5,5,3,5,5,5,3,9,2,2,2,1,1,9,4,8
207,206,0,4,5,4,4,5,8,3,11,2,2,2,1,8,8,3,5
208,207,0,1,2,3,4,3,3,3,8,2,1,2,2,8,13,5,6
209,208,0,1,1,4,5,4,5,3,10,2,2,2,2,6,8,5,5
210,209,0,4,4,5,5,3,10,9,10,2,2,2,1,4,11,7,7
211,210,0,2,4,3,5,3,8,3,9,2,2,2,1,7,10,7,8
212,211,0,4,4,4,4,3,6,8,11,2,2,2,1,5,11,5,5
213,212,0,4,5,4,4,3,3,5,8,2,1,0,0,8,8,4,7
214,213,0,1,4,3,3,3,8,3,8,2,1,2,2,8,10,7,7
215,214,0,1,2,4,4,3,8,8,8,2,2,2,2,7,8,5,7
216,215,0,4,4,4,5,3,4,3,6,2,2,2,2,8,9,2,4
217,216,0,4,4,3,3,3,6,3,7,2,2,0,0,3,13,5,6
218,217,0,2,4,3,4,0,0,3,9,2,2,1,1,3,4,3,5
219,218,0,2,4,5,5,3,5,3,8,2,1,2,2,9,9,7,7
220,219,0,1,4,5,5,1,3,8,9,2,2,2,2,8,8,4,7
221,220,0,4,5,4,4,3,3,8,8,1,1,2,2,9,9,3,4
222,221,0,4,5,4,5,3,3,8,10,2,1,2,2,8,9,3,5
223,222,0,4,5,3,5,3,6,3,8,2,2,2,2,8,8,7,8
224,223,0,1,4,1,3,1,7,8,8,2,2,2,2,8,8,4,7
225,224,0,2,4,3,5,3,6,3,8,2,2,2,1,3,8,5,8
226,225,0,5,5,5,5,3,3,8,12,2,1,2,2,6,8,5,8
227,226,0,1,4,3,4,3,8,9,12,2,2,2,1,0,0,4,7
228,227,0,2,4,3,4,3,6,3,8,2,2,2,2,4,8,4,5
229,228,0,1,1,4,4,3,3,8,8,1,1,2,2,8,8,8,8
230,229,0,4,4,3,4,3,6,8,11,2,1,2,1,3,8,4,7
231,230,0,2,5,0,0,8,9,3,9,2,2,2,1,3,8,4,4
232,231,0,2,4,3,3,3,6,0,0,2,1,2,2,5,7,5,8
233,232,0,4,5,4,4,3,3,8,8,2,2,2,2,0,0,5,7
234,233,0,2,5,3,4,2,3,8,8,2,1,2,2,0,0,4,7
235,234,0,5,7,4,5,3,4,3,8,2,2,2,2,0,0,5,7
236,235,0,2,4,4,5,3,4,3,8,2,1,2,2,8,9,3,4
237,236,0,5,6,4,5,3,8,3,8,2,1,2,2,8,9,7,7
238,237,0,4,5,3,4,4,6,3,6,2,2,2,2,7,8,4,5
239,238,0,4,4,4,5,5,0,3,3,2,2,2,2,7,8,4,4
240,239,0,2,2,5,5,3,3,8,10,2,2,2,2,7,8,5,7
241,240,0,4,5,4,4,3,5,3,8,2,2,2,2,8,9,7,8
242,241,0,2,5,4,4,3,3,8,10,2,1,2,2,8,8,6,7
243,242,0,2,2,4,5,0,0,3,9,2,2,1,1,5,5,5,8
244,243,0,1,2,4,5,3,3,8,8,1,1,2,2,8,8,6,8
245,244,0,2,5,5,7,3,3,8,10,2,1,2,2,9,10,3,7
246,245,0,4,5,5,5,6,6,3,8,2,2,2,2,8,8,4,5
247,246,0,4,5,2,4,3,5,3,8,2,1,2,2,6,8,5,6
248,247,0,1,1,3,5,3,6,3,3,2,1,2,1,0,0,3,8
249,248,0,1,1,4,5,3,3,3,8,2,1,2,2,8,9,3,4
250,249,0,4,5,3,4,3,3,8,8,2,1,2,2,8,8,3,5
251,250,0,1,2,4,5,0,0,8,8,2,2,2,1,3,7,7,7
252,251,0,0,0,0,0,3,3,3,3,2,1,2,2,8,10,3,4
253,252,0,4,4,3,4,3,3,8,8,2,1,2,2,8,10,8,8
254,253,0,4,4,4,5,3,6,8,9,2,1,2,1,8,9,4,7
255,254,0,4,5,3,4,5,6,3,13,2,2,2,1,5,10,7,7
256,255,0,1,4,5,5,5,0,8,8,2,2,2,1,5,8,7,7
257,256,0,0,0,0,0,0,0,0,0,2,1,0,0,8,13,2,7
258,257,0,4,4,5,5,3,5,7,9,2,2,0,0,5,8,0,0
259,258,0,4,5,3,3,3,6,8,9,2,2,0,0,5,8,3,7
260,259,0,2,4,3,5,3,3,8,8,2,1,0,0,8,10,3,5
261,260,0,4,5,5,5,2,3,3,8,2,1,2,2,8,8,0,0
262,261,0,1,2,4,5,0,0,3,10,2,2,2,2,8,8,0,0
263,262,0,2,4,3,5,3,6,3,8,2,2,0,0,7,10,0,0
