,name1,name2,atbat86,hits86,homer86,runs86,rbi86,walks86,years,atbat,hits,homeruns,runs,rbi,walks,league86,div86,team86,posit86,outs86,assist86,error86,sal87,league87,team87
1,0,181,185,37,1,23,8,21,2,214,42,1,30,9,24,1,0,13,4,76,127,7,70.0,0,12
2,1,5,315,81,7,24,38,39,14,3449,835,69,321,414,375,1,1,8,10,632,43,10,475.0,1,8
3,1,267,574,159,21,107,75,59,10,4631,1300,90,702,504,488,0,0,7,23,238,445,22,517.143,0,7
4,1,281,239,60,0,30,11,22,6,1941,510,4,309,103,207,0,0,1,4,121,151,6,700.0,0,1
5,2,268,202,53,4,31,26,27,9,1876,467,15,192,186,161,1,1,10,10,304,45,11,512.5,1,10
6,3,98,594,169,4,74,51,35,11,4408,1133,19,501,336,194,0,1,15,23,282,421,25,750.0,0,15
7,4,60,479,130,18,66,72,76,3,1624,457,63,224,266,263,0,1,20,1,880,82,14,480.0,0,20
8,5,61,496,141,20,65,78,37,11,5628,1575,225,828,838,354,1,0,13,21,200,11,3,500.0,1,4
9,5,264,401,92,17,49,66,65,13,5206,1332,253,784,890,866,0,0,6,14,0,0,0,1100.0,0,6
10,6,88,321,87,10,39,42,30,2,396,101,12,48,46,33,1,0,13,1,805,40,4,91.5,1,13
11,6,261,323,81,6,26,32,8,2,341,86,6,32,34,8,1,1,0,23,143,290,19,75.0,1,0
12,7,1,293,66,1,30,29,14,1,293,66,1,30,29,14,0,0,6,10,446,33,20,,0,6
13,7,271,418,113,13,48,61,47,4,1512,392,41,205,204,203,1,0,21,21,211,11,7,550.0,1,17
14,8,227,298,73,0,24,24,7,3,509,108,0,41,37,12,0,1,9,23,121,283,9,100.0,0,9
15,9,25,413,92,16,72,48,65,1,413,92,16,72,48,65,1,0,17,12,280,9,5,100.0,1,17
16,10,186,346,98,5,31,53,30,16,5913,1615,235,784,901,560,0,0,11,14,0,0,0,,0,11
17,11,2,196,43,7,29,27,30,13,3231,825,36,376,290,238,1,0,17,24,80,45,8,240.0,1,17
18,11,39,629,168,18,73,102,40,18,8424,2464,164,1008,1072,402,0,0,2,1,1067,157,14,776.667,0,2
19,11,67,550,152,6,92,37,81,5,2308,633,32,349,182,308,1,1,8,4,262,329,16,625.0,1,8
20,11,152,379,106,10,38,60,30,14,6207,1906,146,859,803,571,1,1,10,7,72,170,24,850.0,1,10
21,11,225,216,54,0,21,18,15,18,7318,1926,46,796,627,483,1,1,10,24,103,84,5,,1,10
22,11,235,217,46,7,32,19,9,4,694,160,32,86,76,32,0,0,11,24,307,25,1,180.0,0,11
23,12,15,183,39,3,20,15,11,3,201,42,3,20,16,11,0,1,12,19,118,0,0,,0,12
24,12,107,419,108,6,55,36,22,3,591,149,8,80,46,31,1,1,8,12,226,7,4,110.0,1,8
25,13,220,181,41,1,15,21,33,2,232,50,4,20,29,45,0,0,11,1,326,29,5,67.5,0,11
26,12,228,200,57,6,23,14,14,9,2516,684,46,371,230,195,1,1,0,19,69,1,1,,1,0
27,14,219,241,61,1,34,12,14,1,241,61,1,34,12,14,1,1,18,4,166,172,10,,1,18
28,15,66,474,129,10,50,56,40,10,2331,604,61,246,327,166,1,1,5,10,732,83,13,750.0,1,5
29,16,27,22,10,1,4,2,1,6,84,26,2,9,9,3,0,1,3,10,812,84,11,,0,3
30,16,32,472,116,16,60,62,74,6,1924,489,67,242,251,240,1,1,19,10,518,55,3,600.0,1,19
31,16,65,324,73,4,32,18,22,7,1931,491,13,291,108,180,1,0,4,12,222,3,3,708.333,1,4
32,16,117,517,141,27,70,87,52,9,3571,994,215,545,652,337,1,1,0,1,1378,102,8,,1,0
33,16,130,204,49,6,23,25,12,7,1309,308,27,126,132,66,0,1,20,10,419,46,5,300.0,0,20
34,16,165,268,60,5,24,25,15,2,350,78,5,34,29,18,1,1,19,10,442,59,6,90.0,1,19
35,17,26,426,109,3,55,43,62,1,426,109,3,55,43,62,0,1,4,17,361,22,2,115.0,1,17
36,17,96,313,84,9,42,30,39,17,6890,1833,224,1033,864,1087,0,1,3,4,127,221,7,,0,3
37,17,164,161,36,0,19,10,17,4,1053,244,3,156,86,107,0,0,14,23,70,149,12,,0,14
38,18,43,587,163,4,92,51,70,6,2695,747,17,442,198,317,0,0,6,12,434,9,3,765.0,0,6
39,19,68,513,137,20,90,95,90,14,5201,1382,166,763,734,784,0,1,3,16,267,5,3,900.0,0,3
40,20,125,583,168,17,83,80,56,5,1646,452,44,219,208,136,0,0,6,7,109,292,25,612.5,0,6
41,21,22,407,104,6,57,43,65,12,5233,1478,100,643,658,653,0,1,15,1,912,88,9,,0,15
42,21,23,127,32,8,16,22,14,8,727,180,24,67,82,56,1,1,18,10,202,22,2,135.0,1,18
43,22,16,568,158,20,89,75,73,15,8068,2273,177,1045,993,732,1,1,5,7,105,290,10,775.0,1,5
44,22,20,190,46,2,24,8,15,5,479,102,5,65,23,39,0,1,9,23,102,177,16,175.0,0,9
45,23,289,194,40,7,19,29,30,11,4183,1069,64,486,493,608,0,0,14,10,325,22,2,,0,3
46,24,217,627,177,25,98,81,70,6,3210,927,133,529,472,313,0,0,1,23,240,482,13,1350.0,0,1
47,25,153,405,102,18,49,85,20,6,950,231,29,99,138,64,1,1,19,19,161,10,3,415.0,1,19
48,26,78,457,101,14,42,63,22,17,6521,1767,281,1003,977,619,0,1,4,10,389,39,4,875.0,0,4
49,27,156,244,58,9,28,25,35,4,1335,333,49,164,179,194,1,1,18,17,142,14,2,340.0,1,18
50,28,48,205,57,8,34,32,9,5,756,192,32,117,107,51,0,0,6,18,58,4,4,247.5,0,6
51,29,143,591,168,19,80,72,39,9,4478,1307,113,634,563,319,0,1,15,7,67,147,4,1200.0,0,15
52,30,56,542,140,12,46,75,41,16,7099,2130,235,987,1089,431,0,0,11,1,697,61,9,,0,11
53,31,169,235,61,3,24,39,21,14,3926,1029,35,441,401,333,0,0,11,10,425,43,4,,0,11
54,32,147,403,101,12,45,53,39,12,5150,1429,166,747,666,526,0,0,7,12,316,6,5,675.0,0,7
55,33,60,526,146,13,71,70,84,6,2648,715,77,352,342,289,1,1,19,21,303,9,9,815.0,1,19
56,34,10,254,68,2,28,26,22,6,999,236,21,108,117,118,0,0,6,10,359,30,4,305.0,0,6
57,34,37,416,132,7,57,49,33,3,932,273,24,113,121,80,1,1,19,7,73,177,18,215.0,1,19
58,34,248,155,44,6,21,23,15,16,6631,1634,98,698,661,777,1,0,4,9,53,88,3,275.0,1,19
59,35,127,19,7,0,1,2,1,4,41,13,1,3,4,4,0,0,23,14,0,0,0,,0,23
60,36,247,416,113,24,58,69,16,1,416,113,24,58,69,16,0,0,6,20,203,70,10,90.0,0,6
61,37,214,313,78,6,32,41,12,12,3742,968,35,409,321,170,1,1,8,23,106,206,7,416.667,1,8
62,38,83,214,53,2,30,29,23,2,226,59,2,32,32,27,1,0,21,19,109,7,3,70.0,1,21
63,38,283,236,56,0,27,15,11,4,1115,270,1,116,64,57,0,1,22,5,125,199,13,230.0,0,22
64,39,178,614,163,29,89,83,75,11,5017,1388,266,813,822,617,1,1,0,12,303,6,6,1900.0,1,0
65,39,255,317,78,7,35,35,32,1,317,78,7,35,35,32,0,0,11,7,45,122,26,70.0,0,11
66,40,90,424,119,6,57,46,13,9,3651,1046,32,461,301,112,0,0,23,4,224,286,8,850.0,1,5
67,41,95,351,97,4,55,29,39,4,1258,353,16,196,110,117,1,1,19,12,226,7,3,210.0,0,12
68,41,194,280,82,16,44,45,47,2,428,113,25,61,70,63,0,0,14,16,148,4,2,110.0,0,14
69,42,21,191,37,4,12,17,14,4,773,163,16,61,74,52,1,0,13,10,391,38,8,,1,13
70,43,110,195,55,5,24,33,30,8,1313,338,25,144,149,153,1,0,14,19,83,2,1,,1,14
71,43,257,511,138,25,76,96,61,3,592,164,28,87,110,71,0,1,20,21,157,7,8,145.0,0,9
72,44,53,521,142,20,67,86,45,4,815,205,22,99,103,78,0,0,7,7,107,242,23,105.0,0,7
73,45,76,507,122,29,78,85,91,18,7761,1947,347,1175,1152,1380,0,0,7,1,808,108,2,535.0,0,7
74,45,201,155,41,12,21,29,22,16,5409,1338,181,746,805,875,0,1,22,11,165,9,1,260.0,0,22
75,46,59,138,31,8,18,21,38,3,244,53,12,33,32,55,1,0,16,10,244,21,4,,1,16
76,47,175,227,46,7,23,20,12,5,1325,324,44,156,158,67,0,1,9,21,92,2,2,,0,9
77,47,252,475,123,27,76,93,72,4,1810,471,108,292,343,267,1,0,14,21,226,10,6,1220.0,1,14
78,48,28,199,53,5,29,22,21,3,514,120,8,57,40,39,0,1,4,12,152,3,5,75.0,0,4
79,49,3,216,53,1,31,15,22,4,926,210,9,118,69,114,1,1,10,9,73,152,11,225.0,1,10
80,49,54,419,113,1,44,27,44,12,4484,1231,32,612,344,422,0,0,7,16,211,2,1,,0,7
81,49,55,311,81,3,42,30,26,17,8247,2198,100,950,909,690,1,1,5,24,153,223,10,320.0,1,17
82,49,111,388,103,15,59,47,39,6,2174,555,80,285,274,186,0,1,20,19,182,9,4,325.0,0,2
83,49,133,561,118,35,70,94,33,16,6677,1575,442,901,1210,608,0,1,15,14,463,32,8,,0,15
84,49,192,637,174,31,89,116,56,14,6727,2024,247,978,1093,495,1,1,5,21,278,9,9,1041.667,1,5
85,49,287,565,148,24,90,104,77,14,7287,2083,305,1135,1234,791,0,0,14,21,292,9,5,1861.46,0,14
86,50,150,255,70,7,49,35,43,15,6311,1661,154,1019,608,820,1,0,4,8,51,54,8,450.0,1,8
87,51,275,382,119,13,54,58,36,12,2133,594,41,287,294,227,1,1,8,7,59,156,9,595.0,1,8
88,52,234,458,114,13,67,57,48,4,1350,298,28,160,123,122,0,1,3,23,246,389,18,475.0,0,3
89,53,263,278,69,3,24,21,29,8,2079,565,32,258,192,162,1,1,8,23,142,210,10,,1,8
90,54,14,585,139,31,93,94,62,17,7546,1982,315,1141,1179,727,0,0,2,14,0,0,0,950.0,0,2
91,54,158,677,238,31,117,113,53,5,2223,737,93,349,401,171,0,0,14,1,1377,100,6,1975.0,0,14
92,54,244,314,83,13,39,46,16,5,1457,405,28,156,159,76,0,1,22,10,533,40,4,431.5,0,22
93,55,116,339,96,4,37,29,23,4,1064,290,11,123,108,55,0,1,15,3,104,213,9,275.0,0,4
94,56,8,24,3,0,1,0,2,3,159,28,0,20,12,9,0,1,15,19,80,4,0,,0,15
95,56,62,512,131,26,69,96,52,14,5347,1397,221,712,815,548,0,1,3,7,119,216,12,850.0,0,3
96,57,178,329,83,9,50,39,56,9,3828,948,145,575,528,635,0,1,15,12,276,6,2,600.0,0,15
97,58,76,529,137,26,86,97,97,15,6661,1785,291,1082,949,989,0,0,2,21,280,10,5,933.333,0,2
98,59,222,233,49,2,41,23,18,8,1350,336,7,166,122,106,0,0,2,23,102,132,10,375.0,0,2
99,60,166,424,110,15,70,47,36,7,2130,544,38,335,174,258,1,1,5,12,292,6,3,490.0,1,19
100,60,179,495,151,17,61,84,78,10,5624,1679,275,884,1015,709,0,0,1,1,1045,88,13,2460.0,0,1
101,61,44,277,71,2,27,29,14,15,5952,1647,60,753,596,259,1,1,10,1,360,32,5,,1,10
102,62,60,415,115,27,97,71,68,3,711,184,45,156,119,99,1,1,5,16,274,2,7,300.0,1,5
103,63,216,524,132,9,69,47,54,2,972,260,14,123,92,90,0,0,11,23,212,327,20,,0,11
104,64,280,395,106,16,48,56,35,10,2303,571,86,266,323,248,0,0,23,10,709,41,7,,0,23
105,65,211,210,37,8,15,19,15,6,994,244,36,107,114,53,0,0,1,7,40,115,15,,0,1
106,66,279,566,154,22,76,84,43,14,6100,1583,131,743,693,300,0,1,9,4,316,439,10,750.0,0,9
107,67,253,420,95,23,55,58,37,3,646,139,31,77,77,61,1,1,10,16,206,10,7,,1,10
108,68,151,397,114,23,67,67,53,13,5589,1632,241,906,926,716,0,0,1,12,244,2,4,,0,1
109,69,258,510,126,2,42,44,35,11,5562,1578,44,703,519,256,1,1,18,23,207,358,20,737.5,1,18
110,70,123,327,85,3,30,44,20,8,2140,568,16,216,208,93,0,0,23,6,91,185,12,362.5,0,23
111,71,47,490,125,24,81,105,62,13,6063,1646,271,847,999,680,1,0,14,10,869,62,8,1925.571,1,14
112,71,86,596,171,34,91,108,52,6,2862,728,107,361,401,224,0,1,12,7,118,334,21,900.0,0,12
113,71,157,370,96,21,49,46,60,15,6986,1972,231,1070,955,921,1,0,4,16,137,5,9,733.333,1,4
114,71,198,539,139,5,93,58,69,5,1469,369,12,247,126,198,0,1,3,12,462,9,7,400.0,0,3
115,71,212,340,84,11,62,33,47,5,1516,376,42,284,141,219,1,0,16,16,185,8,4,400.0,0,4
116,71,276,380,120,5,54,51,31,8,3118,900,92,444,419,240,0,1,22,16,237,8,1,600.0,0,14
117,72,16,641,198,31,101,108,41,5,2129,610,92,297,319,117,0,0,23,16,269,17,10,1175.0,0,23
118,72,33,441,128,16,70,73,80,14,6675,2095,209,1072,1050,695,0,1,9,7,97,218,16,1500.0,0,9
119,72,84,284,64,14,30,42,24,18,7023,1925,348,986,1239,666,1,0,14,16,96,4,4,,1,14
120,72,112,283,77,14,45,47,26,16,6840,1910,259,915,1067,546,0,1,3,19,144,6,5,700.0,0,3
121,73,30,215,51,4,19,18,11,1,215,51,4,19,18,11,0,0,11,16,116,5,12,70.0,0,11
122,73,60,574,152,31,91,101,64,3,985,260,53,148,173,95,1,1,8,1,1253,111,11,215.0,1,8
123,73,120,408,94,4,42,36,66,9,3573,866,59,429,365,410,1,1,0,4,282,487,19,535.0,1,0
124,73,286,584,158,15,70,84,42,5,2358,636,58,265,316,134,1,0,16,21,331,20,4,662.5,1,16
125,74,261,315,59,16,45,36,58,13,4677,1051,268,681,782,697,0,1,20,14,0,0,0,,0,20
126,75,180,354,77,16,36,55,41,20,8716,2172,384,1172,1267,1057,1,1,18,7,83,174,16,200.0,1,0
127,76,34,325,76,16,33,52,37,5,1506,351,71,195,219,214,1,1,10,1,726,87,3,385.0,0,11
128,76,87,472,118,12,63,54,30,4,793,187,14,102,80,50,0,1,12,23,228,377,26,155.0,0,12
129,76,273,282,78,13,37,51,29,5,1649,453,73,211,280,138,0,1,4,1,670,57,5,500.0,0,4
130,77,162,278,70,7,22,37,18,18,7186,2081,190,935,1088,643,0,1,9,14,0,0,0,325.0,0,9
131,78,7,570,169,21,72,88,38,7,3754,1077,140,492,589,263,0,1,4,21,295,15,5,950.0,0,4
132,78,214,445,99,1,46,24,29,4,618,129,1,72,31,48,0,1,20,4,278,415,16,87.5,0,20
133,79,249,143,39,5,18,30,15,9,639,151,16,80,97,61,1,1,19,1,138,15,1,175.0,1,19
134,80,288,185,40,4,23,11,18,3,524,125,7,58,37,47,1,0,13,19,97,2,2,90.0,1,13
135,81,127,220,54,10,30,39,31,5,1185,299,40,145,154,128,1,0,14,9,50,136,20,297.5,1,14
136,82,36,306,104,14,50,58,25,7,2954,822,55,313,377,187,1,0,13,23,116,222,15,750.0,1,13
137,83,51,232,55,9,34,23,45,12,4405,1213,194,702,705,625,1,0,21,1,623,35,3,1300.0,1,21
138,83,118,151,41,4,26,21,19,2,288,68,9,45,39,35,0,1,3,7,28,56,2,95.0,0,3
139,84,206,219,47,8,24,26,17,12,1188,286,23,100,125,63,0,1,9,13,260,58,4,,0,9
140,85,213,165,39,2,13,9,16,3,196,44,2,18,10,18,0,1,12,10,332,19,2,75.0,1,13
141,85,251,249,69,6,32,19,20,4,702,209,10,97,48,44,1,0,16,19,103,8,2,,1,16
142,86,148,341,95,6,48,42,20,10,2964,808,81,379,428,221,1,1,19,16,158,4,5,100.0,1,19
143,87,102,225,61,5,32,26,26,11,1568,408,25,202,185,257,0,1,4,24,132,9,0,,0,4
144,87,177,309,94,5,37,32,26,13,4618,1330,57,616,522,436,1,0,4,19,161,3,3,600.0,1,4
145,87,224,257,66,5,31,26,32,14,3910,979,33,518,324,382,1,1,18,24,87,166,14,250.0,0,4
146,87,284,161,43,4,17,26,22,3,707,179,21,77,99,76,0,1,15,10,300,12,2,,0,15
147,88,11,589,170,40,107,108,69,6,2325,634,128,371,376,238,0,0,23,21,368,20,3,1237.5,0,23
148,89,72,160,39,8,18,31,22,14,2128,543,56,304,268,298,0,0,1,15,33,3,0,275.0,0,1
149,89,89,497,136,7,58,38,26,11,3871,1066,40,450,367,241,0,0,11,4,304,347,10,850.0,0,11
150,89,172,537,147,23,58,88,47,10,2744,730,97,302,351,174,1,0,17,7,92,257,20,277.5,1,17
151,89,202,616,163,27,83,107,32,3,1437,377,65,181,227,82,0,1,20,7,110,308,15,200.0,0,20
152,89,215,618,200,20,98,110,62,13,7127,2163,351,1104,1289,564,0,0,2,16,330,16,8,2412.5,0,2
153,89,254,429,91,12,41,42,57,13,5590,1397,83,578,579,644,0,1,9,10,686,46,4,825.0,1,4
154,89,266,212,54,13,28,44,18,2,233,59,13,31,46,20,0,0,1,24,243,23,5,,0,1
155,90,60,528,132,21,61,74,41,6,2641,671,97,273,383,226,1,0,4,10,885,105,8,1008.333,1,4
156,91,47,663,200,29,108,121,32,4,1447,404,57,210,222,68,0,0,6,21,241,8,6,250.0,0,6
157,91,187,401,100,2,60,19,28,4,876,238,2,126,44,55,1,0,17,21,193,11,4,,1,17
158,92,243,315,73,5,23,37,16,4,450,108,6,38,46,28,0,1,4,10,227,15,3,110.0,0,14
159,92,292,184,47,5,20,28,18,11,3327,890,74,419,382,304,1,1,19,19,49,2,0,450.0,1,19
160,93,45,438,103,2,65,32,71,2,440,103,2,67,32,71,0,1,4,16,276,7,9,100.0,1,17
161,93,137,278,86,4,33,38,45,1,278,86,4,33,38,45,1,1,18,16,102,4,2,110.0,1,18
162,93,174,399,102,3,56,34,34,5,670,167,4,89,48,54,0,1,20,12,211,9,3,80.0,0,20
163,93,225,315,76,13,35,60,25,3,630,151,24,68,94,55,1,0,16,10,498,39,13,155.0,1,16
164,93,239,404,92,11,54,49,18,6,1354,325,30,188,135,63,0,0,1,19,222,5,5,300.0,0,1
165,94,99,210,70,13,32,51,28,15,4040,1130,97,544,462,551,0,0,7,14,0,0,0,365.0,0,7
166,94,210,579,174,7,67,78,58,6,3053,880,32,366,337,218,1,0,17,4,280,479,5,657.0,1,17
167,95,188,336,93,9,35,46,23,15,5779,1610,128,730,741,497,0,1,9,14,0,0,0,,0,9
168,96,46,600,144,33,85,117,65,2,696,173,38,101,130,69,0,1,15,16,319,4,14,165.0,0,15
169,96,57,479,133,10,48,72,55,17,7472,2147,153,980,1032,854,1,1,8,16,237,5,4,773.333,1,8
170,96,270,453,101,3,46,43,61,3,948,218,6,96,72,91,1,1,19,23,249,444,16,195.0,1,19
171,97,18,343,103,6,48,36,40,15,4338,1193,70,581,421,325,0,0,1,24,211,56,13,430.0,0,9
172,97,26,284,69,1,33,18,25,5,1407,361,6,139,98,111,0,0,1,4,122,140,5,,1,17
173,97,229,591,157,16,90,78,26,4,2020,541,52,310,226,91,1,0,16,4,290,440,25,640.0,1,16
174,98,57,209,45,0,38,19,42,10,3859,916,23,557,279,478,0,1,4,4,132,205,5,,0,4
175,98,85,599,183,10,80,74,32,5,2482,715,27,330,326,158,0,0,6,23,231,374,18,775.0,0,6
176,99,58,181,58,6,34,23,22,1,181,58,6,34,23,22,1,1,5,19,88,0,3,86.5,1,5
177,100,113,551,171,13,94,83,94,13,6090,1840,128,969,900,917,1,0,14,1,1199,149,5,1800.0,1,14
178,100,170,586,159,12,72,79,53,9,3082,880,83,363,477,295,1,0,4,21,181,13,4,1043.333,1,4
179,101,97,490,150,21,69,58,35,14,6126,1839,121,983,707,600,0,0,14,19,96,5,3,1000.0,1,0
180,101,141,283,74,4,34,29,22,10,3919,1062,85,505,456,283,1,1,10,19,145,5,7,737.5,1,10
181,101,184,503,136,5,62,48,83,10,3423,970,20,408,303,414,1,1,0,7,65,258,8,725.0,1,0
182,101,199,344,85,24,69,64,88,7,911,214,64,150,156,187,0,1,20,14,0,0,0,300.0,0,20
183,102,119,550,147,29,85,91,71,6,2816,815,117,405,474,319,0,1,12,1,1218,104,10,1310.0,0,12
184,103,13,591,184,20,83,79,38,5,1689,462,40,219,195,82,1,1,8,21,303,12,5,630.0,1,8
185,103,163,560,161,26,89,96,66,4,1789,470,65,233,260,155,1,1,18,12,332,9,8,625.0,1,14
186,103,167,328,91,12,51,43,33,2,342,94,12,51,44,33,1,0,14,20,145,59,8,125.0,1,18
187,104,203,680,223,31,119,96,34,3,1928,587,35,262,201,91,0,1,12,12,429,8,6,365.0,0,12
188,105,94,441,118,28,84,86,68,8,2723,750,126,433,420,309,0,0,7,21,190,2,2,1300.0,0,7
189,106,250,279,64,0,31,26,30,1,279,64,0,31,26,30,1,1,5,23,107,205,16,75.0,1,5
190,107,193,327,84,22,53,62,38,10,4273,1123,212,577,700,334,0,0,7,10,483,48,6,800.0,1,16
191,108,114,283,70,8,33,37,27,12,4479,1222,94,557,483,307,0,0,7,19,156,2,2,225.0,0,7
192,108,193,464,128,28,67,94,52,13,5829,1552,210,740,840,452,0,1,22,14,0,0,0,587.5,0,22
193,108,238,338,92,18,42,60,21,3,682,185,36,88,112,50,0,0,1,14,0,0,0,145.0,0,1
194,109,140,491,141,11,77,47,37,15,4291,1240,84,615,430,340,0,0,1,21,239,8,2,525.0,0,1
195,110,73,431,127,8,77,45,58,2,667,187,9,117,64,88,1,0,14,12,283,8,3,202.5,1,14
196,110,159,199,52,9,26,28,21,6,805,191,30,113,119,87,1,1,10,17,235,22,5,265.0,1,10
197,111,71,484,127,20,66,65,67,7,3006,844,116,436,458,377,1,0,4,1,1231,80,7,1183.333,1,4
198,112,173,589,149,21,89,86,64,7,3558,928,102,513,471,351,0,0,23,12,371,6,6,787.5,0,23
199,113,246,508,146,8,80,44,46,9,3148,915,41,571,289,326,0,1,9,16,245,5,9,,0,9
200,114,278,584,157,20,95,73,63,10,4704,1320,93,724,522,576,0,0,7,4,276,421,11,420.0,0,7
201,115,218,166,34,0,20,13,17,1,166,34,0,20,13,17,1,0,13,23,64,119,9,,1,13
202,116,69,407,93,8,47,30,30,2,969,230,14,121,69,68,1,1,10,23,172,317,25,150.0,1,10
203,117,226,258,60,8,28,33,18,3,638,170,17,80,75,36,0,1,12,10,358,32,8,137.0,0,12
204,118,12,625,179,4,94,60,65,5,1696,476,12,216,163,166,0,0,2,4,303,450,14,575.0,0,2
205,119,290,288,76,7,34,37,15,4,1644,408,16,198,120,113,1,1,18,19,203,3,3,240.0,1,18
206,120,103,442,131,18,68,77,33,6,1416,398,47,210,203,136,0,0,6,16,233,7,7,550.0,0,6
207,121,107,317,88,3,40,32,19,8,2543,715,28,269,270,118,0,1,12,24,220,16,4,,0,12
208,121,259,211,43,10,26,35,39,3,498,116,14,59,55,78,0,1,15,10,463,32,8,120.0,0,15
209,122,0,216,54,2,27,25,33,1,216,54,2,27,25,33,1,1,19,2,317,36,1,75.0,1,19
210,122,37,243,53,4,18,26,27,4,853,228,23,101,110,76,1,0,17,19,107,3,3,,1,17
211,122,60,489,131,19,77,55,34,7,2051,549,62,300,263,153,0,1,15,21,310,9,9,780.0,0,15
212,122,66,209,56,12,22,36,19,2,216,58,12,24,37,19,1,0,17,17,201,6,3,90.0,1,17
213,122,74,490,148,14,64,78,49,13,3400,1000,113,445,491,301,0,0,14,14,0,0,0,700.0,1,16
214,122,79,209,59,6,20,37,27,4,884,209,14,66,106,92,1,0,13,10,415,35,3,,1,13
215,122,109,288,65,8,30,36,27,9,2815,698,55,315,325,189,1,0,21,10,259,30,10,650.0,0,7
216,122,132,209,54,3,25,14,12,1,209,54,3,25,14,12,0,1,9,19,102,6,3,68.0,0,20
217,122,139,303,71,3,18,30,36,3,344,76,3,20,36,45,1,0,21,10,468,47,6,100.0,1,17
218,122,155,330,77,19,47,53,27,6,1928,516,90,247,288,161,1,1,10,21,149,8,6,670.0,1,10
219,122,191,504,120,28,71,71,54,3,1085,259,54,150,167,114,0,0,14,7,103,283,19,175.0,0,14
220,122,233,20,1,0,0,0,0,2,41,9,2,6,7,4,1,0,16,7,78,220,6,2127.333,1,16
221,122,237,374,94,5,36,26,62,7,1968,519,26,181,199,288,1,1,10,10,756,64,15,875.0,1,10
222,122,291,369,93,9,43,42,49,5,1258,323,54,181,177,157,0,0,1,16,149,1,6,350.0,0,1
223,123,262,299,75,6,38,23,26,3,580,160,8,71,33,44,1,0,16,12,212,1,2,140.0,1,16
224,124,277,576,167,8,89,49,57,4,822,232,19,132,83,79,1,0,13,12,325,12,8,210.0,1,13
225,125,286,381,110,9,61,45,32,7,3015,834,40,451,249,168,1,0,14,19,228,7,5,800.0,1,14
226,126,75,330,76,12,35,41,47,4,1367,326,55,167,198,167,1,1,5,1,512,30,5,,1,5
227,127,160,572,152,18,105,49,65,2,978,249,36,168,91,101,0,1,22,12,325,13,3,200.0,0,22
228,128,171,359,84,4,46,27,21,12,4992,1257,37,699,386,387,1,1,0,21,151,8,5,,1,0
229,129,100,547,137,2,58,47,12,2,1038,271,3,129,80,24,0,1,4,23,261,459,22,175.0,0,4
230,129,246,514,144,0,67,54,79,9,4739,1169,13,583,374,528,1,0,21,23,229,453,15,1940.0,1,21
231,129,272,359,80,15,45,48,63,7,1493,359,61,176,202,175,1,1,0,10,682,93,13,700.0,1,0
232,130,240,236,56,6,41,19,21,5,1257,329,24,166,125,105,0,0,7,19,172,1,4,190.0,0,7
233,130,256,473,154,6,61,48,29,6,1966,566,29,250,252,178,0,0,6,1,846,84,9,580.0,0,6
234,131,168,437,123,9,62,55,40,9,4139,1203,79,676,390,364,0,0,11,7,82,170,15,1260.0,0,11
235,132,122,540,135,30,82,88,55,1,540,135,30,82,88,55,0,1,22,21,157,6,14,172.0,0,22
236,132,182,551,160,23,86,90,87,5,2235,602,75,278,328,273,0,1,22,1,1224,115,11,,0,22
237,132,223,237,52,0,15,25,30,24,14053,4256,160,2165,1314,1566,1,1,5,1,523,43,6,750.0,1,5
238,133,29,526,163,12,88,50,77,4,1556,470,38,245,167,174,0,1,20,16,250,11,1,750.0,0,20
239,133,91,313,83,9,43,41,30,14,5885,1543,104,751,714,535,1,1,8,7,58,141,23,450.0,1,8
240,134,17,309,72,0,33,31,26,5,354,82,0,41,32,26,1,0,17,23,117,269,12,130.0,1,17
241,134,208,496,119,8,57,33,21,7,3358,882,36,365,280,165,1,1,0,22,155,371,29,875.0,1,0
242,134,231,394,86,1,38,28,36,4,1089,267,3,94,71,76,1,0,14,23,203,369,16,250.0,1,14
243,135,176,348,90,11,50,45,43,10,2288,614,43,295,273,269,0,0,23,7,60,176,6,450.0,0,23
244,136,42,357,96,7,50,45,39,5,1394,344,43,178,192,136,0,1,12,16,167,2,4,300.0,0,12
245,136,138,186,44,7,28,16,11,1,186,44,7,28,16,11,1,1,19,19,99,3,1,,1,19
246,137,135,486,145,11,51,76,40,11,3967,1102,67,410,497,284,1,0,14,7,88,204,16,500.0,0,1
247,138,124,419,101,18,65,58,92,20,9528,2510,548,1509,1659,1342,0,1,3,14,0,0,0,487.5,0,15
248,138,285,303,84,4,35,32,23,2,312,87,4,39,32,23,1,1,10,12,179,5,3,,1,10
249,139,205,312,68,2,32,22,24,1,312,68,2,32,22,24,0,0,2,23,86,150,15,70.0,0,20
250,140,93,462,119,16,49,65,37,7,2131,583,69,244,288,150,0,0,2,10,866,65,6,,0,2
251,141,41,271,77,5,35,29,33,12,4933,1358,48,630,435,403,0,1,3,24,62,90,3,450.0,0,1
252,141,49,216,56,4,22,18,15,12,2796,665,43,266,304,198,0,0,11,10,391,44,4,250.0,0,14
253,141,64,327,68,13,42,29,45,18,3949,939,78,438,380,466,0,0,1,10,659,53,7,400.0,0,6
254,141,146,246,76,5,35,39,13,6,912,234,12,102,96,80,0,0,23,15,44,0,1,250.0,0,23
255,141,154,205,52,8,31,27,17,12,5134,1323,56,643,445,459,0,0,11,19,155,3,2,400.0,0,11
256,141,236,208,57,8,32,25,18,3,653,170,17,98,54,62,1,0,16,7,42,94,13,140.0,1,16
257,142,111,608,160,28,130,74,89,8,4071,1182,103,862,417,708,0,0,14,12,426,4,6,1670.0,0,14
258,143,128,33,6,0,2,4,7,1,33,6,0,2,4,7,0,1,3,21,205,5,4,,0,3
259,144,63,466,108,33,75,86,72,3,652,142,44,102,109,102,0,0,11,21,286,8,8,215.0,0,11
260,144,282,288,63,3,25,33,16,10,2682,667,38,315,259,204,0,1,3,4,135,257,7,341.667,0,3
261,145,262,549,149,7,73,47,42,1,549,149,7,73,47,42,1,1,19,4,255,450,17,140.0,1,19
262,146,293,522,163,9,82,46,62,13,7037,2019,153,1043,827,535,0,0,11,12,352,9,1,1000.0,0,11
263,147,50,256,70,13,42,36,44,16,7058,1845,312,965,1128,990,1,0,4,7,41,118,8,1050.0,0,15
264,147,106,341,110,9,45,49,46,9,2331,658,50,249,322,274,0,0,14,10,251,9,4,560.0,0,4
265,147,134,376,82,21,42,60,35,5,1770,408,115,238,299,157,0,1,4,14,0,0,0,425.0,0,14
266,147,185,523,135,8,52,44,52,9,3368,895,39,377,284,296,1,1,5,4,367,475,19,750.0,1,5
267,147,221,275,68,5,42,42,61,6,961,238,16,128,104,172,1,0,16,19,181,3,2,191.0,1,16
268,148,214,126,27,3,8,10,5,4,239,49,3,16,13,14,1,0,17,16,190,2,9,190.0,1,17
269,149,245,459,113,20,59,57,68,12,5348,1369,155,713,660,735,0,1,12,14,0,0,0,740.0,0,12
270,150,241,382,101,16,50,55,22,1,382,101,16,50,55,22,0,1,22,19,200,7,6,97.5,0,22
271,151,145,307,80,1,42,36,29,7,2421,656,18,379,198,184,0,1,9,19,145,2,2,,0,9
272,152,230,627,178,14,68,76,46,6,3146,902,74,494,345,242,1,0,4,4,309,492,5,740.0,1,4
273,153,29,220,66,5,20,28,13,3,290,80,5,27,31,15,0,1,20,10,281,21,3,90.0,0,20
274,153,81,530,159,3,82,50,47,6,1619,426,11,218,149,163,0,1,22,23,196,354,15,475.0,0,22
275,154,70,581,145,17,66,68,21,2,831,210,21,106,86,40,1,0,4,23,320,465,32,155.0,1,4
276,155,31,522,140,16,73,77,60,4,730,185,22,93,106,86,1,0,17,1,1320,166,17,200.0,1,17
277,156,189,528,122,1,67,45,51,4,1716,403,12,211,146,155,0,1,20,23,209,372,17,350.0,0,2
278,157,9,512,117,29,54,88,43,6,1750,412,100,204,276,155,0,1,9,1,1236,98,18,100.0,0,9
279,157,40,461,112,18,54,54,35,2,680,160,24,76,75,49,0,1,22,7,111,226,11,135.0,0,22
280,157,92,557,142,21,58,81,23,18,8759,2583,271,1138,1299,478,1,1,18,1,1160,53,7,1450.0,1,18
281,157,126,439,96,0,44,36,65,4,711,148,1,68,56,99,1,0,16,23,229,406,22,150.0,1,16
282,157,149,453,103,8,53,33,52,2,507,123,8,63,39,58,0,1,12,4,289,407,6,105.0,0,12
283,157,232,633,210,6,91,56,59,6,3070,872,19,420,230,274,1,1,10,4,367,432,16,90.0,1,10
284,158,242,127,32,4,14,25,12,19,8396,2402,242,1048,1348,819,1,1,0,24,167,18,6,500.0,1,0
285,159,104,265,68,8,26,30,29,7,1337,339,32,135,163,128,1,1,0,19,92,5,3,425.0,0,7
286,159,131,19,4,1,2,3,1,1,19,4,1,2,3,1,1,1,18,10,692,70,8,920.0,0,1
287,159,196,578,138,1,56,59,34,3,1399,357,7,149,161,87,1,0,21,7,133,371,20,160.0,1,21
288,159,204,172,42,3,17,14,15,10,4086,1150,57,579,363,406,1,1,8,19,65,0,0,900.0,1,8
289,160,80,368,103,3,48,28,54,8,1897,493,9,207,162,198,1,1,18,4,209,246,3,326.667,1,18
290,160,121,520,120,17,53,44,21,4,927,227,22,106,80,52,0,1,4,7,70,144,11,185.0,0,4
291,160,144,193,47,10,21,29,24,6,1136,256,42,129,139,106,0,1,12,10,299,13,5,245.0,0,12
292,160,207,580,194,9,91,62,78,8,3372,1028,48,604,314,469,1,0,13,16,270,13,6,,1,13
293,160,260,279,69,4,35,31,32,4,1359,355,31,180,148,158,1,0,14,4,133,173,9,277.5,1,14
294,160,274,480,112,18,50,71,44,7,3031,771,110,338,406,239,1,0,13,7,94,270,16,750.0,1,13
295,161,142,205,43,2,24,17,20,7,854,219,12,105,99,71,1,0,21,19,131,6,1,286.667,1,21
296,162,105,289,63,7,36,41,44,17,7402,1954,195,1115,919,1153,0,1,22,4,166,211,7,,0,22
297,163,35,281,76,3,42,25,20,8,2658,657,48,324,300,179,0,0,7,24,106,144,7,341.667,0,7
298,163,38,593,152,23,69,75,53,6,2765,686,133,369,384,321,0,1,12,21,315,10,6,940.0,0,12
299,163,82,263,70,1,26,23,30,4,888,220,9,83,82,86,1,0,13,24,81,147,4,250.0,1,13
300,163,183,181,46,1,19,18,17,5,937,238,9,88,95,104,0,0,1,7,37,98,9,,0,1
301,163,190,213,61,4,17,22,3,17,4061,1145,83,488,491,244,0,1,22,24,178,45,4,235.0,0,22
302,164,115,559,141,2,48,61,73,8,3162,874,16,421,349,359,1,0,21,4,352,414,9,925.0,1,21
303,165,4,16,2,0,1,0,0,2,28,4,0,1,0,0,0,0,2,12,247,4,8,,0,2
304,165,19,562,169,17,88,73,53,8,3181,841,61,450,342,373,0,0,6,4,351,442,17,530.0,0,6
305,165,77,687,213,10,91,65,27,4,1518,448,15,196,137,89,0,0,23,23,294,445,13,350.0,0,23
306,165,101,642,211,14,107,59,52,5,2364,770,27,352,230,193,1,1,18,21,337,19,4,740.0,1,18
307,165,195,510,147,10,56,52,53,7,2872,821,63,307,340,174,1,0,17,10,810,99,18,1150.0,1,21
308,165,197,200,51,2,14,29,25,23,9778,2732,379,1272,1652,925,1,1,5,1,398,29,7,,1,5
309,165,200,441,113,5,76,52,76,5,1546,397,17,226,149,191,0,1,15,4,160,290,11,425.0,0,15
310,166,145,360,81,5,37,44,37,7,2268,566,41,279,257,246,1,0,13,4,170,284,3,525.0,1,13
311,167,52,600,139,0,94,29,60,2,1236,309,1,201,69,110,1,0,21,16,300,12,9,160.0,1,21
312,168,108,610,186,19,107,98,74,6,2728,753,69,399,366,286,1,0,16,1,1182,96,13,1300.0,1,16
313,169,24,580,207,8,107,71,105,5,2778,978,32,474,322,417,0,0,2,7,121,267,19,1600.0,0,2
314,170,6,387,124,1,67,27,36,7,1775,506,6,272,125,194,1,0,14,4,186,290,17,550.0,1,14
315,170,129,593,172,22,82,100,57,1,593,172,22,82,100,57,0,1,3,1,1222,139,15,165.0,0,3
316,171,136,221,53,2,21,23,22,8,1063,283,15,107,124,106,1,0,13,0,325,58,6,,1,13
317,171,265,475,126,3,61,43,52,6,1700,433,7,217,93,146,0,1,4,7,37,113,7,385.0,0,14
318,172,51,408,117,11,66,41,34,1,408,117,11,66,41,34,1,1,19,1,942,72,11,120.0,1,19
319,173,161,497,127,7,65,48,37,5,2703,806,32,379,311,138,1,0,21,12,325,9,3,700.0,1,21
320,173,209,492,136,5,76,50,94,12,5511,1511,39,897,451,875,0,0,14,4,313,381,20,875.0,0,14
321,173,269,573,144,9,85,60,78,8,3198,857,97,470,420,332,0,0,23,1,1314,131,12,960.0,0,23
322,173,286,631,170,9,77,44,31,11,4908,1457,30,775,357,249,0,1,9,12,408,4,3,1000.0,0,9
