,name,team,league,r,y,n,p
1,14,8,1,18,0.4,367,0.346
2,6,0,0,17,0.378,426,0.298
3,5,9,0,16,0.356,521,0.276
4,8,2,0,15,0.333,275,0.222
5,10,3,0,14,0.311,418,0.273
6,9,2,0,14,0.311,466,0.27
7,3,3,1,13,0.289,586,0.263
8,11,1,0,12,0.267,138,0.21
9,15,3,1,11,0.244,510,0.269
10,16,6,1,11,0.244,200,0.23
11,2,9,0,10,0.222,277,0.264
12,1,3,0,10,0.222,270,0.256
13,7,1,0,10,0.222,435,0.303
14,13,1,0,10,0.222,538,0.264
15,4,4,0,10,0.222,186,0.226
16,0,7,0,9,0.2,558,0.285
17,17,6,0,8,0.178,408,0.316
18,12,5,1,7,0.156,70,0.2
