,group,wl1,wl2,wl3,se1,se2,se3
1,0,4,3,3,14,13,15
2,0,4,4,3,13,14,17
3,0,4,3,1,17,12,16
4,0,3,2,1,11,11,12
5,0,5,3,2,16,15,14
6,0,6,5,4,17,18,18
7,0,6,5,4,17,16,19
8,0,5,4,1,13,15,15
9,0,5,4,1,14,14,15
10,0,3,3,2,14,15,13
11,0,4,2,2,16,16,11
12,0,5,2,1,15,13,16
13,1,6,3,2,12,11,14
14,1,5,4,1,13,14,15
15,1,7,6,3,17,11,18
16,1,6,4,2,16,15,18
17,1,3,2,1,16,17,15
18,1,5,5,4,13,11,18
19,1,4,3,1,12,11,14
20,1,4,2,1,12,11,11
21,1,6,5,3,17,16,19
22,1,7,6,4,19,19,19
23,1,4,3,2,15,15,15
24,1,7,4,3,16,14,18
25,2,7,7,4,15,11,19
26,2,4,7,1,16,12,18
27,2,9,7,3,13,12,17
28,2,3,4,1,16,13,17
29,2,3,5,1,13,13,16
30,2,6,5,2,15,12,18
31,2,6,6,3,15,13,18
32,2,9,5,2,16,14,17
33,2,7,9,4,16,16,19
34,2,8,6,1,17,17,17
