,wave,surge
1,1.5,-0.009
2,1.83,-0.053
3,2.44,-0.024
4,1.68,0.0
5,1.49,0.079
6,1.2,0.068
7,1.35,-0.009
8,1.15,-0.003
9,1.2,0.011
10,1.07,0.024
11,1.72,0.029
12,1.18,0.094
13,0.97,0.091
14,2.12,0.101
15,2.26,0.147
16,1.1,0.124
17,1.31,0.14
18,1.53,0.121
19,2.51,0.047
20,2.07,0.046
21,1.6,0.002
22,1.17,-0.028
23,1.45,0.013
24,0.7,0.032
25,2.01,0.153
26,2.28,0.141
27,1.95,0.122
28,1.32,0.167
29,0.88,0.119
30,0.48,0.088
31,0.78,0.062
32,0.83,0.074
33,1.14,0.125
34,1.91,0.215
35,1.48,0.238
36,2.01,0.27
37,1.73,0.322
38,2.76,0.319
39,2.94,0.251
40,2.2,0.231
41,1.93,0.134
42,1.74,0.137
43,1.44,0.042
44,1.05,0.021
45,1.16,-0.003
46,2.72,0.023
47,2.67,0.039
48,1.72,0.113
49,2.39,-0.019
50,1.83,0.066
51,2.35,0.144
52,2.16,0.087
53,2.18,0.177
54,2.47,0.241
55,4.37,0.166
56,3.04,0.27
57,3.56,0.306
58,3.32,0.246
59,2.59,0.235
60,2.07,0.171
61,1.91,0.071
62,1.46,0.085
63,2.46,0.064
64,1.97,0.119
65,4.23,0.249
66,3.37,0.2
67,1.91,0.123
68,2.43,0.242
69,2.4,0.265
70,3.73,0.281
71,2.94,0.326
72,2.4,0.244
73,2.63,0.117
74,1.58,0.17
75,0.94,0.059
76,1.49,0.085
77,2.01,0.187
78,2.61,0.196
79,1.59,0.221
80,1.42,0.217
81,1.39,0.202
82,1.51,0.133
83,1.88,0.123
84,2.24,0.062
85,2.42,0.061
86,2.0,0.124
87,1.78,0.064
88,1.15,-0.008
89,1.41,0.041
90,1.41,0.133
91,1.21,0.076
92,2.24,0.112
93,2.64,0.044
94,3.17,0.047
95,2.47,0.129
96,2.54,0.065
97,2.21,0.069
98,2.8,0.045
99,2.65,0.005
100,3.91,-0.018
101,4.18,0.035
102,3.14,0.033
103,2.02,-0.031
104,2.16,0.041
105,2.64,-0.042
106,1.84,0.044
107,1.85,0.038
108,1.82,0.072
109,1.95,0.046
110,2.12,0.096
111,1.69,0.126
112,1.77,0.163
113,1.94,0.215
114,1.78,0.222
115,1.37,0.247
116,2.65,0.25
117,2.4,0.195
118,2.13,0.106
119,1.68,0.098
120,1.01,0.08
121,1.08,0.043
122,1.13,0.035
123,1.19,0.03
124,1.15,0.003
125,1.29,0.035
126,1.44,0.021
127,1.45,0.071
128,1.57,0.052
129,1.32,-0.017
130,1.02,-0.027
131,1.27,0.006
132,1.25,0.034
133,1.22,0.052
134,1.19,0.091
135,1.2,0.075
136,2.23,0.104
137,1.99,0.072
138,1.79,0.058
139,1.64,0.134
140,4.38,0.121
141,4.93,0.055
142,3.29,0.037
143,1.55,0.081
144,1.47,0.065
145,1.94,0.01
146,2.3,-0.032
147,2.51,0.003
148,2.24,-0.035
149,1.58,0.034
150,1.37,0.05
151,3.16,-0.022
152,2.37,-0.011
153,2.04,-0.002
154,2.14,0.041
155,2.39,-0.05
156,1.83,-0.02
157,1.83,0.044
158,2.18,0.085
159,1.79,0.074
160,1.76,0.16
161,1.07,0.097
162,1.41,0.109
163,2.56,0.139
164,3.04,0.245
165,2.26,0.188
166,2.45,0.127
167,1.79,0.193
168,3.44,0.159
169,2.3,0.044
170,3.61,0.158
171,4.42,0.147
172,3.05,0.024
173,3.59,0.092
174,4.72,0.055
175,5.38,0.0
176,6.38,0.201
177,5.65,0.259
178,4.99,-0.025
179,3.52,-0.033
180,4.68,-0.037
181,3.38,-0.055
182,3.74,0.069
183,3.8,0.093
184,3.03,0.021
185,2.18,0.071
186,1.88,0.028
187,1.34,0.049
188,2.5,0.049
189,2.35,0.031
190,1.92,0.042
191,2.2,0.103
192,2.17,0.08
193,3.36,0.022
194,2.84,0.081
195,3.0,0.034
196,2.52,0.014
197,1.74,0.018
198,3.14,0.011
199,2.64,-0.046
200,3.44,-0.073
201,2.85,0.0
202,2.19,-0.039
203,3.22,0.154
204,3.85,0.195
205,3.72,0.128
206,5.2,0.091
207,2.86,0.17
208,3.75,0.183
209,5.82,0.09
210,4.99,-0.028
211,4.44,-0.042
212,3.6,-0.191
213,1.4,-0.176
214,1.24,-0.116
215,1.74,-0.102
216,2.05,-0.151
217,4.21,-0.101
218,3.01,-0.092
219,1.76,-0.215
220,1.5,-0.199
221,2.51,-0.193
222,2.7,-0.018
223,2.4,-0.044
224,3.61,-0.117
225,4.13,-0.062
226,5.24,-0.063
227,3.01,-0.176
228,4.08,0.063
229,6.75,0.006
230,7.28,-0.072
231,5.89,-0.048
232,4.93,-0.008
233,4.63,0.041
234,3.22,0.046
235,2.1,-0.042
236,1.9,0.014
237,1.57,-0.009
238,1.06,-0.02
239,1.87,0.101
240,3.44,0.11
241,4.4,0.08
242,4.23,0.146
243,4.96,0.249
244,5.15,0.006
245,5.27,-0.027
246,3.08,0.157
247,4.55,0.101
248,3.87,-0.026
249,3.33,-0.056
250,2.15,-0.098
251,1.9,-0.051
252,1.86,-0.003
253,3.05,-0.03
254,2.78,-0.123
255,2.35,-0.178
256,1.84,-0.214
257,1.5,-0.227
258,1.43,-0.325
259,2.41,-0.276
260,1.86,-0.233
261,1.71,-0.232
262,1.39,-0.274
263,1.8,-0.167
264,1.82,-0.218
265,2.97,-0.048
266,3.58,-0.059
267,3.52,-0.136
268,5.65,-0.186
269,4.5,-0.04
270,4.45,0.048
271,4.22,-0.094
272,3.56,0.04
273,4.4,0.047
274,5.36,0.25
275,8.1,0.012
276,7.44,0.01
277,4.66,-0.013
278,4.7,-0.016
279,3.69,0.109
280,3.6,0.051
281,3.12,-0.044
282,3.51,-0.12
283,4.43,-0.077
284,4.63,0.057
285,5.3,0.132
286,4.79,0.124
287,4.0,0.107
288,2.9,-0.005
289,3.11,-0.024
290,3.74,-0.074
291,4.26,-0.124
292,4.82,-0.129
293,4.38,-0.03
294,3.33,0.015
295,2.34,-0.036
296,2.02,-0.069
297,1.34,-0.088
298,1.3,-0.051
299,1.14,-0.036
300,2.02,-0.055
301,2.39,-0.024
302,1.72,-0.009
303,2.33,0.022
304,4.03,0.039
305,3.58,0.016
306,4.72,0.171
307,6.26,0.108
308,5.43,0.025
309,4.0,0.124
310,6.59,0.124
311,7.7,0.282
312,5.97,0.091
313,6.16,0.13
314,4.76,0.156
315,4.46,0.175
316,5.55,0.39
317,6.1,0.335
318,5.27,0.253
319,4.74,0.373
320,8.27,0.34
321,6.95,0.091
322,4.76,0.003
323,4.65,0.143
324,4.24,0.052
325,3.57,0.228
326,3.65,-0.066
327,3.66,-0.211
328,2.84,-0.152
329,3.02,-0.156
330,4.19,-0.095
331,4.91,0.0
332,5.33,-0.071
333,5.85,-0.034
334,4.97,-0.017
335,7.91,-0.031
336,7.88,-0.236
337,6.47,-0.137
338,5.17,-0.141
339,3.72,-0.104
340,3.1,-0.005
341,2.91,-0.044
342,2.01,0.048
343,5.88,0.314
344,6.94,0.326
345,6.94,0.437
346,8.45,0.49
347,7.46,0.296
348,5.53,0.147
349,5.03,0.348
350,5.28,0.376
351,4.33,0.253
352,3.58,0.252
353,2.76,0.091
354,2.42,0.129
355,2.66,0.188
356,4.78,0.124
357,4.05,-0.006
358,4.41,0.138
359,3.6,0.157
360,5.44,0.245
361,7.96,0.337
362,7.74,0.004
363,5.7,0.188
364,3.97,-0.04
365,3.36,0.062
366,5.86,0.384
367,6.84,0.297
368,5.71,0.075
369,4.6,0.031
370,2.83,0.003
371,5.22,-0.057
372,3.68,-0.012
373,1.76,-0.035
374,1.44,0.024
375,1.48,0.032
376,2.9,-0.026
377,2.97,-0.069
378,2.49,-0.048
379,2.35,-0.026
380,2.94,0.08
381,2.83,0.101
382,2.69,0.075
383,1.79,0.07
384,1.45,0.063
385,4.04,0.023
386,4.15,0.089
387,5.18,0.133
388,5.82,0.065
389,6.12,0.117
390,7.03,-0.028
391,5.82,0.049
392,4.6,0.179
393,5.57,0.373
394,8.07,0.12
395,6.89,0.253
396,5.17,0.19
397,4.57,0.265
398,9.47,0.451
399,9.89,0.384
400,7.23,0.224
401,5.02,0.133
402,2.76,0.157
403,1.91,0.168
404,3.28,0.08
405,3.64,-0.082
406,4.77,-0.093
407,3.98,-0.119
408,4.35,-0.008
409,3.37,0.097
410,2.13,0.139
411,1.17,0.09
412,1.23,0.065
413,1.51,-0.062
414,1.16,-0.051
415,1.88,-0.014
416,2.78,0.001
417,2.79,0.057
418,2.27,0.079
419,2.36,0.064
420,1.97,0.078
421,2.16,0.084
422,1.69,0.065
423,1.69,0.064
424,1.35,0.049
425,1.14,0.084
426,2.09,0.108
427,2.23,0.085
428,1.96,0.181
429,4.33,0.152
430,4.79,0.031
431,6.67,0.069
432,6.5,0.001
433,4.97,0.01
434,3.12,0.063
435,2.7,0.107
436,3.43,0.09
437,2.04,0.023
438,2.53,-0.013
439,2.83,-0.04
440,3.1,-0.053
441,3.9,-0.043
442,2.83,0.05
443,3.35,0.231
444,5.76,0.246
445,7.16,0.075
446,4.9,0.212
447,4.41,0.191
448,5.26,0.328
449,6.98,0.212
450,5.87,0.055
451,3.61,0.064
452,3.29,0.144
453,4.8,0.183
454,8.28,0.086
455,6.64,0.057
456,4.99,-0.063
457,2.09,0.013
458,1.93,0.124
459,3.36,0.126
460,4.44,0.141
461,2.46,-0.107
462,2.3,-0.069
463,1.65,-0.008
464,1.68,-0.039
465,1.77,-0.013
466,2.73,-0.079
467,2.84,-0.043
468,2.51,-0.002
469,2.13,-0.053
470,2.02,-0.045
471,1.87,-0.066
472,2.38,-0.021
473,3.12,-0.038
474,2.55,-0.033
475,2.6,-0.021
476,2.37,0.001
477,2.65,-0.062
478,2.09,-0.125
479,1.34,-0.114
480,2.02,-0.093
481,1.91,-0.115
482,1.65,-0.029
483,3.89,0.187
484,4.87,0.199
485,3.94,0.286
486,3.52,0.252
487,2.5,0.196
488,2.18,0.03
489,1.44,0.02
490,2.95,-0.034
491,2.87,-0.052
492,2.77,0.034
493,1.86,0.101
494,1.86,0.121
495,1.79,0.102
496,2.7,0.087
497,2.27,0.092
498,3.1,0.142
499,2.76,0.115
500,4.44,0.049
501,4.03,-0.01
502,3.36,0.087
503,4.01,0.186
504,5.4,0.13
505,4.73,0.172
506,3.86,0.175
507,3.28,0.076
508,2.84,0.044
509,2.54,0.026
510,2.17,-0.023
511,1.96,-0.023
512,0.77,0.046
513,1.04,0.062
514,1.39,0.134
515,2.12,0.17
516,2.44,0.159
517,2.01,0.122
518,2.27,0.123
519,3.62,0.163
520,3.59,0.086
521,3.94,0.11
522,4.11,0.229
523,3.5,0.129
524,3.93,0.087
525,6.27,0.094
526,5.9,0.16
527,6.29,0.018
528,7.58,-0.055
529,5.5,-0.007
530,3.11,0.067
531,4.77,0.029
532,5.0,0.058
533,4.21,0.021
534,3.08,-0.035
535,1.98,0.007
536,1.62,0.06
537,1.11,0.154
538,2.1,0.047
539,2.78,0.046
540,2.79,0.129
541,2.39,0.145
542,1.82,0.181
543,2.15,0.155
544,2.21,0.195
545,1.72,0.2
546,2.32,0.115
547,2.47,0.025
548,2.58,0.134
549,2.51,0.174
550,2.49,0.159
551,2.13,0.139
552,1.44,0.178
553,1.2,0.233
554,1.84,0.232
555,2.65,0.214
556,2.38,0.205
557,1.31,0.083
558,1.24,0.054
559,0.86,0.036
560,0.95,0.02
561,0.73,0.017
562,1.43,0.047
563,2.73,0.079
564,3.69,0.111
565,2.82,0.048
566,2.92,0.002
567,2.61,0.017
568,4.05,-0.049
569,4.6,-0.07
570,3.33,0.006
571,3.05,-0.003
572,2.32,0.016
573,2.43,0.059
574,1.69,0.009
575,2.16,0.062
576,2.7,0.049
577,2.65,0.108
578,2.17,0.086
579,2.32,0.017
580,2.11,0.062
581,1.44,0.081
582,1.22,0.077
583,1.67,0.152
584,3.16,0.039
585,3.26,-0.01
586,3.22,0.005
587,3.65,-0.024
588,2.45,-0.002
589,2.48,0.078
590,2.84,0.109
591,1.95,0.085
592,1.3,0.07
593,1.5,0.05
594,2.22,0.042
595,1.56,0.07
596,1.67,0.091
597,1.97,0.103
598,2.45,-0.007
599,2.45,-0.012
600,2.02,0.013
601,1.64,0.012
602,1.28,0.059
603,1.12,-0.027
604,1.03,-0.069
605,0.85,-0.036
606,1.28,-0.025
607,1.02,-0.059
608,0.85,-0.014
609,1.16,0.141
610,0.89,0.16
611,1.08,0.097
612,0.67,0.061
613,0.63,0.064
614,0.41,0.041
615,0.51,0.053
616,0.44,0.014
617,0.45,0.055
618,0.32,0.083
619,0.78,0.046
620,0.95,0.056
621,0.75,0.014
622,0.69,0.038
623,0.57,0.025
624,0.62,0.019
625,0.71,0.026
626,1.1,0.035
627,1.49,0.036
628,1.55,0.087
629,2.72,0.148
630,4.14,0.109
631,4.8,0.032
632,3.65,-0.008
633,2.41,0.037
634,1.37,0.052
635,0.75,0.047
636,2.65,0.089
637,1.83,0.041
638,1.98,0.118
639,1.95,0.207
640,1.9,0.218
641,2.4,0.28
642,3.83,0.417
643,3.55,0.25
644,2.97,0.131
645,1.78,0.051
646,1.34,0.043
647,1.05,-0.016
648,0.87,0.056
649,3.33,0.073
650,3.55,0.096
651,2.41,0.037
652,2.1,0.027
653,1.23,-0.077
654,1.51,-0.072
655,1.2,-0.077
656,1.21,-0.074
657,2.27,-0.071
658,1.97,-0.044
659,1.62,-0.08
660,1.16,-0.044
661,1.02,-0.071
662,0.91,-0.079
663,1.35,-0.076
664,1.3,-0.074
665,1.08,-0.095
666,0.81,-0.062
667,0.54,-0.07
668,0.43,-0.032
669,0.73,-0.018
670,1.1,0.022
671,2.36,0.076
672,2.01,0.074
673,1.55,0.112
674,1.29,0.139
675,0.72,0.112
676,0.67,0.122
677,1.31,0.132
678,1.94,0.084
679,1.82,0.071
680,1.57,0.073
681,1.4,0.04
682,1.17,0.04
683,1.05,0.074
684,0.92,0.091
685,1.52,0.108
686,1.95,0.068
687,1.42,0.088
688,0.83,0.125
689,0.59,0.217
690,1.04,0.267
691,1.26,0.26
692,1.43,0.262
693,3.25,0.282
694,3.22,0.165
695,1.77,0.05
696,1.19,-0.064
697,1.19,-0.014
698,1.14,-0.055
699,0.83,-0.052
700,1.46,-0.04
701,1.94,-0.031
702,1.69,-0.051
703,1.14,-0.002
704,0.8,-0.077
705,0.75,-0.072
706,0.73,-0.014
707,0.9,0.005
708,0.87,-0.014
709,2.24,-0.007
710,1.86,0.031
711,1.4,0.045
712,1.11,0.014
713,0.8,-0.023
714,2.28,0.066
715,2.4,0.08
716,2.19,0.12
717,2.92,0.111
718,2.08,0.161
719,1.94,0.132
720,1.54,0.124
721,1.38,0.095
722,1.41,0.065
723,2.03,0.054
724,1.98,0.04
725,1.53,0.05
726,1.41,0.072
727,1.88,0.081
728,2.33,0.155
729,3.3,0.193
730,2.42,0.153
731,1.96,0.14
732,1.62,0.148
733,1.57,0.166
734,2.32,0.254
735,3.02,0.326
736,2.77,0.318
737,1.74,0.213
738,1.93,0.157
739,1.2,0.098
740,1.58,0.087
741,2.06,0.118
742,2.05,0.116
743,3.09,0.173
744,3.19,0.186
745,2.68,0.167
746,2.73,0.191
747,1.56,0.162
748,2.07,0.115
749,2.18,0.073
750,2.02,0.07
751,2.18,0.023
752,2.6,0.005
753,2.21,-0.007
754,2.05,-0.018
755,2.16,0.005
756,2.27,0.007
757,3.0,0.005
758,2.34,0.002
759,2.37,0.018
760,2.73,0.068
761,1.75,-0.035
762,1.98,-0.097
763,2.27,-0.074
764,1.91,-0.055
765,1.69,0.055
766,1.62,0.073
767,1.24,0.046
768,1.2,0.148
769,3.22,0.315
770,2.74,0.365
771,4.14,0.267
772,6.08,0.109
773,3.67,0.15
774,5.07,0.351
775,4.82,0.169
776,3.07,0.12
777,2.12,0.222
778,2.15,0.084
779,1.95,0.027
780,2.38,0.008
781,2.09,-0.033
782,2.99,-0.037
783,2.35,-0.059
784,2.78,-0.083
785,2.09,-0.131
786,1.91,-0.132
787,1.83,-0.138
788,3.27,-0.046
789,3.51,-0.037
790,2.88,-0.127
791,2.67,-0.072
792,5.23,0.003
793,4.07,0.074
794,4.91,0.025
795,4.22,-0.118
796,5.1,0.162
797,7.19,0.18
798,5.1,0.081
799,2.66,0.131
800,2.09,0.0
801,1.64,-0.031
802,3.58,0.263
803,2.66,0.215
804,2.99,0.119
805,2.6,0.052
806,5.3,0.228
807,4.32,0.338
808,5.1,0.339
809,7.58,0.174
810,6.25,0.12
811,4.83,0.179
812,3.05,0.179
813,2.35,0.098
814,2.87,-0.017
815,2.13,-0.066
816,1.24,-0.076
817,0.82,-0.159
818,1.56,-0.128
819,1.34,-0.18
820,1.94,-0.141
821,4.11,-0.088
822,5.54,-0.094
823,5.72,-0.055
824,4.24,0.089
825,4.29,0.032
826,5.93,0.219
827,6.7,0.223
828,5.47,0.272
829,4.13,0.228
830,4.63,0.116
831,5.33,0.302
832,6.31,0.135
833,7.64,0.162
834,6.71,0.158
835,5.99,0.262
836,7.22,0.128
837,4.84,0.11
838,5.62,0.144
839,4.17,0.025
840,3.57,-0.02
841,4.14,-0.002
842,5.54,-0.061
843,6.6,0.238
844,5.95,-0.005
845,4.84,0.257
846,6.7,0.034
847,5.57,0.047
848,4.31,0.135
849,4.0,0.099
850,3.69,0.16
851,5.17,0.101
852,4.8,0.12
853,3.78,0.049
854,4.33,0.042
855,3.56,0.025
856,2.37,0.001
857,2.28,-0.032
858,3.54,0.0
859,3.52,-0.068
860,3.05,-0.059
861,2.65,-0.02
862,2.12,-0.01
863,2.53,0.007
864,3.22,0.172
865,4.47,0.212
866,6.1,0.224
867,5.15,0.344
868,7.04,0.629
869,5.2,0.585
870,7.46,0.14
871,7.54,-0.117
872,2.4,-0.067
873,2.37,-0.045
874,3.5,-0.096
875,3.03,-0.063
876,3.44,-0.061
877,2.85,-0.163
878,2.83,-0.119
879,2.59,-0.178
880,2.44,-0.22
881,1.78,-0.233
882,1.84,-0.217
883,1.95,-0.203
884,2.53,-0.195
885,1.97,-0.17
886,1.2,-0.19
887,1.34,-0.251
888,1.21,-0.259
889,1.23,-0.226
890,2.26,-0.136
891,2.65,-0.074
892,3.61,-0.006
893,3.49,-0.011
894,2.77,0.053
895,4.04,0.121
896,3.49,0.213
897,7.92,0.696
898,6.33,0.33
899,5.84,0.131
900,4.47,0.177
901,3.7,0.328
902,3.15,0.257
903,2.69,0.076
904,6.27,0.276
905,7.1,0.379
906,4.07,0.395
907,4.24,0.187
908,3.57,0.002
909,3.18,-0.006
910,3.33,-0.025
911,2.82,-0.106
912,3.59,-0.154
913,3.3,-0.206
914,3.23,-0.166
915,3.21,-0.174
916,3.76,-0.141
917,4.01,-0.18
918,4.53,-0.088
919,3.33,-0.221
920,2.76,-0.218
921,2.71,-0.041
922,2.77,-0.069
923,3.91,-0.174
924,3.83,-0.138
925,3.5,-0.179
926,2.49,-0.169
927,1.95,-0.157
928,2.0,-0.208
929,1.55,-0.198
930,2.57,-0.176
931,3.11,-0.18
932,2.9,-0.171
933,2.33,-0.219
934,2.4,-0.14
935,2.64,-0.068
936,2.89,0.002
937,3.85,0.128
938,3.38,0.107
939,5.25,-0.049
940,4.49,-0.181
941,3.82,-0.099
942,4.15,-0.146
943,8.3,0.039
944,8.39,0.076
945,7.84,0.268
946,5.96,0.277
947,4.87,0.265
948,4.88,0.323
949,3.54,0.135
950,2.2,0.066
951,1.24,0.015
952,2.15,0.001
953,1.92,-0.057
954,1.94,-0.148
955,1.92,-0.129
956,1.62,-0.167
957,1.68,-0.075
958,3.01,-0.177
959,3.55,-0.116
960,4.5,-0.285
961,4.97,-0.23
962,3.22,-0.1
963,3.35,-0.146
964,3.64,0.019
965,4.4,-0.067
966,3.22,-0.115
967,2.78,-0.137
968,2.67,-0.123
969,2.89,-0.093
970,2.17,-0.069
971,2.77,-0.198
972,3.65,-0.158
973,4.84,-0.186
974,4.23,-0.098
975,3.47,-0.038
976,2.76,-0.103
977,2.56,-0.11
978,3.58,-0.196
979,4.71,-0.277
980,2.28,-0.238
981,1.44,-0.189
982,1.98,-0.149
983,1.93,-0.146
984,2.05,-0.133
985,2.23,-0.029
986,2.15,0.009
987,1.67,-0.051
988,1.01,-0.019
989,1.09,-0.066
990,1.36,-0.108
991,1.56,-0.086
992,1.49,-0.103
993,1.51,-0.101
994,1.13,-0.106
995,1.01,-0.086
996,1.33,-0.045
997,1.1,-0.042
998,0.92,-0.025
999,0.73,-0.068
1000,0.56,-0.09
1001,0.71,-0.092
1002,1.28,-0.085
1003,1.2,-0.096
1004,0.89,-0.109
1005,0.95,-0.06
1006,2.03,0.087
1007,3.96,0.108
1008,6.14,0.052
1009,4.95,-0.083
1010,3.22,-0.061
1011,1.93,-0.031
1012,3.4,0.142
1013,3.2,0.114
1014,3.33,-0.12
1015,2.1,-0.054
1016,2.5,-0.064
1017,3.58,-0.106
1018,3.2,-0.078
1019,3.4,-0.114
1020,3.5,0.074
1021,5.48,0.129
1022,5.8,-0.119
1023,3.37,-0.089
1024,2.57,-0.105
1025,3.78,-0.139
1026,3.39,-0.074
1027,2.83,-0.056
1028,4.08,-0.026
1029,1.58,-0.11
1030,1.24,-0.044
1031,2.92,-0.014
1032,2.22,0.001
1033,2.27,-0.086
1034,2.13,-0.128
1035,1.43,-0.092
1036,1.42,-0.08
1037,1.23,-0.088
1038,1.0,-0.096
1039,1.55,-0.173
1040,1.69,-0.174
1041,2.15,-0.136
1042,1.32,-0.171
1043,2.26,-0.143
1044,2.63,-0.09
1045,2.62,-0.118
1046,1.83,-0.08
1047,2.57,-0.018
1048,2.79,-0.032
1049,3.64,0.048
1050,3.43,0.038
1051,1.76,0.127
1052,1.95,0.09
1053,1.51,0.03
1054,1.34,0.025
1055,0.83,-0.014
1056,1.65,0.048
1057,1.05,0.143
1058,1.51,0.139
1059,1.54,0.177
1060,1.41,0.17
1061,1.46,0.302
1062,2.61,0.258
1063,2.68,0.137
1064,1.64,0.177
1065,2.98,0.283
1066,2.48,0.287
1067,2.97,0.321
1068,5.86,0.445
1069,3.05,0.225
1070,3.07,0.163
1071,3.49,0.184
1072,4.03,0.179
1073,3.47,0.056
1074,2.95,-0.097
1075,2.54,-0.056
1076,2.23,0.071
1077,3.04,0.054
1078,2.82,-0.008
1079,2.33,-0.044
1080,1.63,-0.101
1081,1.11,-0.063
1082,1.8,-0.016
1083,1.64,-0.011
1084,1.64,0.029
1085,1.51,-0.051
1086,1.79,-0.023
1087,3.84,0.135
1088,4.0,0.236
1089,3.49,0.193
1090,1.41,0.185
1091,1.42,0.216
1092,1.29,0.257
1093,1.69,0.322
1094,1.96,0.376
1095,2.58,0.3
1096,2.12,0.222
1097,1.82,0.259
1098,1.63,0.229
1099,1.76,0.115
1100,1.36,0.06
1101,0.9,0.047
1102,1.05,0.052
1103,1.58,0.031
1104,1.04,0.085
1105,1.1,0.106
1106,0.88,0.132
1107,1.28,0.102
1108,1.44,0.178
1109,2.34,0.239
1110,2.07,0.295
1111,3.37,0.262
1112,1.99,0.206
1113,1.67,0.158
1114,2.58,0.282
1115,3.17,0.227
1116,3.45,0.103
1117,2.05,0.068
1118,1.62,0.013
1119,1.01,-0.049
1120,1.06,-0.069
1121,1.3,-0.052
1122,1.19,-0.019
1123,1.31,-0.015
1124,1.17,-0.002
1125,1.77,-0.027
1126,2.52,0.003
1127,2.05,0.074
1128,1.83,0.061
1129,1.35,0.01
1130,1.42,0.039
1131,2.07,0.04
1132,2.27,-0.044
1133,1.84,-0.059
1134,1.27,-0.031
1135,1.36,0.04
1136,2.15,0.049
1137,2.01,0.063
1138,1.91,0.02
1139,2.08,0.003
1140,1.73,0.01
1141,2.06,0.042
1142,4.27,-0.007
1143,3.73,-0.117
1144,3.02,-0.111
1145,2.33,-0.099
1146,2.52,-0.075
1147,2.68,-0.089
1148,2.58,-0.138
1149,1.8,-0.111
1150,1.6,-0.065
1151,1.27,-0.026
1152,1.48,0.059
1153,1.12,0.131
1154,1.51,0.222
1155,1.78,0.252
1156,1.65,0.147
1157,1.8,0.101
1158,1.92,0.114
1159,2.05,0.151
1160,3.93,0.197
1161,3.18,0.173
1162,2.34,0.126
1163,1.69,0.126
1164,1.65,0.134
1165,1.39,0.157
1166,1.34,0.198
1167,1.04,0.243
1168,1.17,0.175
1169,2.19,0.188
1170,2.01,0.138
1171,1.54,0.086
1172,1.5,0.084
1173,0.91,0.007
1174,1.18,-0.02
1175,1.18,-0.024
1176,1.75,0.002
1177,2.14,-0.029
1178,1.73,0.013
1179,1.52,0.051
1180,1.19,0.097
1181,2.05,0.134
1182,1.62,0.193
1183,1.39,0.256
1184,1.19,0.288
1185,1.94,0.259
1186,1.54,0.203
1187,1.94,0.165
1188,1.52,0.11
1189,2.68,0.162
1190,2.72,0.164
1191,3.12,0.2
1192,2.71,0.127
1193,2.41,0.125
1194,1.94,0.066
1195,1.21,0.109
1196,1.14,0.154
1197,1.18,0.22
1198,2.14,0.206
1199,2.45,0.167
1200,1.74,0.172
1201,1.73,0.201
1202,1.09,0.112
1203,1.48,0.121
1204,1.34,0.042
1205,1.23,0.038
1206,1.07,0.033
1207,0.88,0.084
1208,0.66,0.112
1209,0.67,0.085
1210,1.23,0.137
1211,1.69,0.153
1212,1.34,0.135
1213,1.8,0.114
1214,2.4,0.115
1215,3.16,0.184
1216,4.17,0.123
1217,4.15,0.307
1218,5.04,0.302
1219,3.92,0.108
1220,4.62,0.029
1221,2.94,0.013
1222,2.42,-0.004
1223,2.66,-0.011
1224,2.76,0.001
1225,2.27,0.144
1226,1.5,0.029
1227,1.36,0.01
1228,1.03,-0.012
1229,1.1,0.067
1230,1.09,0.035
1231,0.79,0.056
1232,0.97,0.116
1233,1.12,0.166
1234,0.99,0.176
1235,1.35,0.062
1236,1.55,0.014
1237,1.4,0.039
1238,0.85,0.026
1239,0.66,0.043
1240,0.94,0.058
1241,1.02,0.069
1242,0.88,0.084
1243,1.32,0.133
1244,1.66,0.193
1245,1.28,0.134
1246,1.48,0.115
1247,1.36,0.122
1248,0.86,0.214
1249,0.98,0.182
1250,1.34,0.117
1251,1.38,0.158
1252,2.39,0.124
1253,2.6,0.063
1254,1.92,0.044
1255,3.12,0.14
1256,3.15,0.043
1257,2.69,-0.013
1258,2.18,0.001
1259,3.02,-0.018
1260,3.55,0.012
1261,4.5,0.016
1262,2.35,0.033
1263,2.05,0.028
1264,1.51,0.083
1265,1.56,0.19
1266,1.05,0.124
1267,0.92,0.13
1268,1.43,0.029
1269,1.83,0.071
1270,1.81,0.084
1271,1.73,0.174
1272,1.62,0.192
1273,1.74,0.179
1274,0.99,0.099
1275,1.86,0.075
1276,2.06,0.093
1277,1.67,0.103
1278,1.72,0.148
1279,2.29,0.122
1280,2.09,0.125
1281,2.69,0.219
1282,1.71,0.214
1283,2.66,0.261
1284,2.28,0.282
1285,2.29,0.241
1286,4.06,0.228
1287,5.35,0.438
1288,4.3,0.211
1289,2.92,0.221
1290,2.15,0.299
1291,1.84,0.289
1292,2.79,0.251
1293,3.08,0.244
1294,3.9,0.16
1295,3.5,0.102
1296,1.98,0.136
1297,4.01,0.207
1298,3.63,0.149
1299,2.76,0.128
1300,3.04,0.097
1301,2.7,0.143
1302,5.01,0.178
1303,4.35,0.111
1304,5.86,0.098
1305,5.89,-0.042
1306,5.16,-0.018
1307,3.03,-0.031
1308,1.8,-0.079
1309,1.48,-0.062
1310,2.28,-0.053
1311,2.8,0.101
1312,2.26,0.079
1313,2.22,0.133
1314,2.31,0.178
1315,2.51,0.091
1316,1.93,0.041
1317,1.12,0.01
1318,1.0,-0.034
1319,1.83,0.016
1320,1.76,0.047
1321,1.96,0.083
1322,1.22,0.005
1323,1.69,0.047
1324,2.64,0.06
1325,3.87,0.229
1326,4.76,0.45
1327,3.74,0.35
1328,2.05,0.365
1329,2.12,0.401
1330,2.66,0.503
1331,3.22,0.487
1332,4.45,0.349
1333,2.5,0.184
1334,1.72,0.124
1335,1.16,0.116
1336,3.08,0.041
1337,2.19,0.094
1338,2.38,0.054
1339,2.71,-0.033
1340,2.09,0.061
1341,1.33,-0.002
1342,1.93,-0.031
1343,2.28,-0.032
1344,2.26,-0.045
1345,1.18,-0.055
1346,2.95,-0.006
1347,2.05,0.033
1348,1.88,0.009
1349,1.65,-0.01
1350,1.8,-0.03
1351,2.03,-0.063
1352,1.86,-0.011
1353,1.16,0.092
1354,1.49,0.075
1355,2.34,0.067
1356,2.27,0.019
1357,2.0,0.046
1358,2.25,0.04
1359,1.91,0.063
1360,2.15,0.148
1361,1.95,0.229
1362,2.27,0.284
1363,4.5,0.214
1364,3.81,0.039
1365,2.45,-0.051
1366,1.72,0.094
1367,1.56,-0.119
1368,3.09,-0.165
1369,3.04,-0.164
1370,3.72,-0.059
1371,3.45,-0.015
1372,3.13,-0.059
1373,2.93,-0.062
1374,2.44,-0.003
1375,4.45,-0.127
1376,4.33,0.124
1377,4.18,0.137
1378,4.0,0.067
1379,4.45,-0.059
1380,4.03,0.089
1381,2.93,0.101
1382,2.53,0.036
1383,1.27,0.036
1384,2.35,0.053
1385,1.92,-0.002
1386,1.42,0.069
1387,1.19,0.152
1388,1.17,-0.074
1389,1.26,-0.015
1390,1.69,0.025
1391,1.31,0.004
1392,1.51,-0.049
1393,1.48,-0.052
1394,2.0,-0.164
1395,2.05,0.07
1396,2.17,-0.001
1397,2.2,-0.079
1398,1.9,-0.062
1399,2.01,-0.053
1400,4.01,-0.105
1401,5.86,-0.091
1402,4.12,-0.121
1403,1.98,-0.055
1404,2.81,0.003
1405,5.03,0.044
1406,3.9,-0.004
1407,1.82,-0.216
1408,2.75,-0.261
1409,2.81,-0.233
1410,1.89,-0.223
1411,1.36,-0.235
1412,1.97,-0.191
1413,2.19,-0.038
1414,3.84,0.141
1415,7.05,-0.044
1416,6.84,-0.184
1417,3.54,-0.089
1418,1.74,-0.114
1419,2.72,-0.003
1420,3.78,0.019
1421,2.58,-0.032
1422,2.53,-0.108
1423,4.86,-0.081
1424,4.75,-0.161
1425,4.4,-0.088
1426,4.08,-0.089
1427,2.48,0.005
1428,2.41,-0.032
1429,2.87,0.005
1430,3.14,-0.011
1431,2.78,0.037
1432,2.57,0.162
1433,5.62,0.503
1434,5.39,0.478
1435,3.8,0.386
1436,2.97,0.275
1437,4.55,0.125
1438,5.7,0.254
1439,4.61,0.335
1440,5.76,0.372
1441,4.2,0.265
1442,3.36,0.115
1443,2.08,-0.119
1444,1.58,-0.127
1445,2.16,-0.098
1446,2.3,-0.096
1447,3.82,-0.175
1448,2.98,-0.11
1449,2.89,-0.101
1450,5.15,-0.018
1451,4.17,-0.189
1452,3.47,-0.112
1453,3.44,-0.172
1454,1.65,-0.152
1455,3.51,-0.061
1456,5.13,0.211
1457,6.81,0.255
1458,4.93,0.244
1459,5.89,0.411
1460,7.37,0.588
1461,6.21,0.325
1462,6.21,0.22
1463,5.59,0.32
1464,6.29,0.374
1465,7.1,0.483
1466,6.03,0.34
1467,4.64,0.191
1468,4.53,0.258
1469,5.77,0.394
1470,8.51,0.378
1471,8.28,0.591
1472,8.09,0.339
1473,5.04,0.257
1474,5.08,0.204
1475,4.38,0.164
1476,4.85,0.088
1477,4.91,-0.03
1478,9.26,0.363
1479,10.43,-0.092
1480,4.66,-0.119
1481,5.85,-0.305
1482,5.16,-0.311
1483,4.79,-0.216
1484,4.58,-0.177
1485,5.23,-0.062
1486,3.53,-0.063
1487,4.77,0.046
1488,3.73,-0.096
1489,5.32,-0.035
1490,5.65,-0.06
1491,4.5,-0.066
1492,2.85,-0.037
1493,4.19,0.098
1494,5.49,0.332
1495,6.82,0.063
1496,6.79,0.418
1497,6.4,0.301
1498,4.67,0.038
1499,6.3,0.294
1500,8.05,0.468
1501,7.14,0.334
1502,5.82,0.379
1503,6.61,0.572
1504,8.34,0.454
1505,7.01,0.177
1506,4.03,0.102
1507,3.03,0.184
1508,3.78,0.288
1509,3.98,0.249
1510,5.19,0.299
1511,7.17,0.299
1512,8.03,0.104
1513,7.44,-0.021
1514,4.12,0.13
1515,3.63,0.213
1516,4.46,0.297
1517,6.38,0.295
1518,7.67,0.463
1519,9.31,0.654
1520,8.44,0.716
1521,5.71,0.281
1522,4.67,0.285
1523,4.94,0.192
1524,4.63,0.21
1525,5.22,0.413
1526,7.79,0.491
1527,6.42,0.265
1528,5.94,0.036
1529,5.03,-0.018
1530,2.72,-0.028
1531,2.45,0.026
1532,4.59,0.009
1533,4.06,-0.112
1534,3.58,-0.189
1535,2.26,-0.215
1536,1.98,-0.19
1537,2.6,-0.19
1538,3.15,-0.221
1539,2.85,-0.249
1540,2.08,-0.279
1541,1.39,-0.308
1542,1.29,-0.257
1543,1.3,-0.254
1544,1.97,-0.191
1545,1.66,-0.169
1546,1.46,-0.123
1547,4.07,0.053
1548,5.26,0.065
1549,5.38,-0.147
1550,2.83,0.017
1551,2.69,0.05
1552,2.85,-0.041
1553,2.31,0.057
1554,2.09,0.059
1555,1.19,0.016
1556,2.78,0.006
1557,2.8,0.046
1558,3.22,-0.042
1559,2.89,-0.015
1560,3.25,0.054
1561,2.67,0.016
1562,2.46,0.014
1563,2.09,-0.009
1564,2.03,0.074
1565,2.72,0.026
1566,1.83,0.021
1567,2.15,0.038
1568,2.14,-0.084
1569,1.57,-0.051
1570,3.63,0.055
1571,4.1,0.14
1572,5.27,0.003
1573,4.46,-0.001
1574,4.65,0.103
1575,5.0,0.211
1576,5.02,0.263
1577,6.12,0.2
1578,5.1,0.109
1579,4.15,0.027
1580,2.18,-0.033
1581,1.53,-0.081
1582,2.76,0.056
1583,3.78,0.111
1584,3.2,-0.021
1585,3.04,-0.04
1586,2.37,-0.04
1587,1.7,-0.005
1588,2.41,0.022
1589,2.88,0.009
1590,2.15,0.003
1591,1.94,0.038
1592,1.33,0.048
1593,1.2,0.082
1594,1.34,-0.024
1595,1.97,-0.031
1596,2.71,0.013
1597,3.08,0.061
1598,2.89,0.275
1599,4.13,0.363
1600,3.84,0.187
1601,3.05,0.126
1602,3.51,0.15
1603,1.9,0.149
1604,1.8,0.092
1605,1.66,0.092
1606,1.94,0.077
1607,1.53,0.104
1608,1.69,0.091
1609,1.99,0.103
1610,1.88,0.174
1611,1.24,0.169
1612,0.79,0.154
1613,0.75,0.197
1614,1.55,0.191
1615,1.95,0.169
1616,2.35,0.122
1617,2.26,0.018
1618,2.08,-0.034
1619,2.05,-0.052
1620,1.36,-0.026
1621,1.03,-0.051
1622,0.79,-0.123
1623,0.7,-0.07
1624,1.46,-0.107
1625,2.16,-0.117
1626,1.91,-0.132
1627,1.47,-0.092
1628,1.55,-0.064
1629,1.66,-0.065
1630,1.47,-0.045
1631,1.67,-0.051
1632,1.16,-0.082
1633,1.45,-0.046
1634,1.39,0.013
1635,0.84,0.048
1636,1.56,0.064
1637,2.08,0.117
1638,2.13,0.093
1639,2.08,0.121
1640,2.39,0.114
1641,2.21,0.091
1642,2.16,0.12
1643,1.34,0.131
1644,2.3,0.184
1645,4.1,0.112
1646,4.53,-0.022
1647,2.53,0.288
1648,3.73,0.465
1649,3.38,0.433
1650,2.8,0.332
1651,2.35,0.258
1652,1.82,0.18
1653,2.04,0.098
1654,1.39,0.092
1655,0.85,0.034
1656,1.04,-0.018
1657,3.29,0.089
1658,3.4,0.191
1659,4.81,0.336
1660,6.07,0.334
1661,4.23,0.28
1662,4.19,0.147
1663,4.29,0.291
1664,4.25,0.3
1665,3.39,0.084
1666,3.22,0.013
1667,2.22,0.022
1668,2.04,0.083
1669,2.94,0.156
1670,1.63,0.065
1671,1.83,0.072
1672,2.31,0.037
1673,2.44,-0.008
1674,1.97,-0.059
1675,1.78,-0.011
1676,2.76,0.018
1677,4.5,-0.016
1678,3.25,0.052
1679,3.43,0.003
1680,4.36,0.061
1681,4.2,0.013
1682,3.54,0.035
1683,3.34,0.091
1684,2.09,0.124
1685,1.23,0.058
1686,1.12,0.063
1687,1.03,0.075
1688,0.77,0.069
1689,2.26,0.055
1690,1.87,0.09
1691,1.52,0.121
1692,1.74,0.205
1693,1.69,0.132
1694,1.8,0.098
1695,1.49,0.118
1696,2.35,0.109
1697,3.35,0.073
1698,2.53,0.028
1699,2.2,-0.069
1700,1.75,-0.031
1701,1.47,0.045
1702,3.15,0.003
1703,4.66,0.018
1704,4.15,0.008
1705,2.51,0.005
1706,1.95,0.072
1707,1.62,-0.024
1708,2.23,-0.035
1709,2.94,-0.009
1710,2.78,-0.006
1711,2.69,-0.031
1712,1.49,-0.022
1713,1.01,-0.105
1714,1.18,-0.041
1715,2.2,-0.083
1716,2.21,-0.049
1717,1.71,0.003
1718,1.58,0.124
1719,1.35,0.133
1720,1.48,0.149
1721,2.12,0.133
1722,2.88,0.119
1723,1.81,0.161
1724,1.68,0.145
1725,1.46,0.172
1726,1.28,0.099
1727,1.68,0.195
1728,2.75,0.239
1729,2.49,0.232
1730,1.41,0.239
1731,1.57,0.24
1732,1.03,0.269
1733,2.58,0.323
1734,2.63,0.359
1735,1.17,0.405
1736,1.23,0.404
1737,1.52,0.379
1738,1.14,0.358
1739,1.03,0.391
1740,1.66,0.323
1741,1.76,0.277
1742,2.23,0.19
1743,1.84,-0.104
1744,2.72,-0.043
1745,2.75,0.167
1746,2.74,0.028
1747,3.33,0.11
1748,2.9,0.08
1749,2.39,0.075
1750,1.39,0.081
1751,2.13,-0.003
1752,1.83,0.063
1753,3.22,-0.022
1754,4.39,-0.007
1755,4.02,-0.081
1756,3.9,-0.069
1757,1.86,-0.081
1758,2.59,-0.121
1759,2.71,-0.14
1760,1.53,-0.125
1761,1.71,-0.091
1762,1.37,-0.035
1763,2.9,0.016
1764,3.39,0.052
1765,4.02,0.181
1766,6.58,0.058
1767,3.98,-0.004
1768,2.86,0.059
1769,2.57,0.083
1770,3.07,0.092
1771,4.86,0.18
1772,4.36,0.039
1773,3.11,-0.056
1774,3.01,0.018
1775,3.09,0.159
1776,2.65,0.15
1777,2.14,0.036
1778,1.87,0.023
1779,1.98,0.066
1780,1.76,0.073
1781,1.23,0.073
1782,1.04,0.101
1783,0.94,0.071
1784,1.35,-0.026
1785,2.45,0.022
1786,1.28,0.04
1787,2.68,0.149
1788,3.58,0.08
1789,3.4,-0.004
1790,3.06,-0.014
1791,3.71,-0.048
1792,2.93,-0.126
1793,2.08,-0.151
1794,1.91,-0.135
1795,1.2,-0.147
1796,1.34,-0.155
1797,1.77,-0.123
1798,2.63,-0.116
1799,3.26,-0.167
1800,2.75,-0.023
1801,3.68,-0.04
1802,3.77,-0.051
1803,2.91,0.06
1804,2.12,0.079
1805,2.29,0.132
1806,1.85,0.087
1807,1.55,0.036
1808,1.86,0.099
1809,2.09,0.214
1810,2.04,0.209
1811,3.69,0.217
1812,3.01,0.186
1813,2.08,0.198
1814,1.64,0.242
1815,1.6,0.132
1816,1.85,0.138
1817,1.24,0.028
1818,0.99,0.026
1819,0.91,0.005
1820,1.69,0.004
1821,1.59,0.026
1822,1.55,0.067
1823,1.76,0.049
1824,2.1,0.047
1825,2.29,0.074
1826,2.3,0.024
1827,1.74,0.079
1828,1.2,0.096
1829,1.59,0.069
1830,1.03,0.073
1831,1.55,0.036
1832,2.05,0.011
1833,2.11,0.04
1834,1.85,0.064
1835,1.33,0.103
1836,1.17,0.097
1837,0.88,0.111
1838,1.12,0.11
1839,1.85,0.091
1840,1.77,0.052
1841,1.42,0.067
1842,2.95,-0.077
1843,3.1,0.016
1844,2.11,-0.028
1845,1.03,0.013
1846,1.7,0.033
1847,1.48,-0.053
1848,2.13,0.046
1849,2.2,0.073
1850,1.79,-0.007
1851,1.99,0.054
1852,2.01,0.104
1853,1.69,0.101
1854,2.42,0.097
1855,2.48,0.07
1856,2.06,0.066
1857,1.58,0.09
1858,1.58,0.105
1859,1.57,0.096
1860,1.49,0.078
1861,1.87,0.091
1862,2.01,0.09
1863,1.89,0.097
1864,1.92,0.179
1865,2.13,0.19
1866,2.43,0.088
1867,2.52,0.042
1868,1.86,0.073
1869,3.25,0.078
1870,2.99,0.082
1871,2.31,0.07
1872,1.91,0.038
1873,0.91,0.051
1874,0.89,0.031
1875,0.97,0.006
1876,1.37,-0.002
1877,1.84,0.054
1878,2.06,0.139
1879,1.56,0.091
1880,1.26,0.104
1881,2.53,0.112
1882,2.59,0.108
1883,1.94,0.106
1884,1.95,0.079
1885,1.77,0.072
1886,1.61,0.1
1887,0.65,-0.046
1888,1.0,-0.046
1889,1.04,-0.071
1890,1.21,-0.072
1891,1.01,-0.044
1892,1.23,-0.005
1893,1.62,-0.054
1894,1.12,-0.011
1895,0.81,0.057
1896,0.86,0.098
1897,1.48,0.12
1898,1.76,0.182
1899,1.75,0.286
1900,2.85,0.248
1901,1.66,0.223
1902,2.34,0.21
1903,2.03,0.233
1904,2.53,0.192
1905,2.08,0.192
1906,3.22,0.285
1907,2.12,0.198
1908,1.98,0.214
1909,2.53,0.257
1910,4.27,0.212
1911,3.56,0.153
1912,2.25,0.141
1913,1.75,0.218
1914,1.14,0.197
1915,1.18,0.142
1916,1.6,0.156
1917,2.18,0.165
1918,1.97,0.146
1919,2.21,0.188
1920,2.26,0.107
1921,2.73,0.073
1922,3.28,0.134
1923,4.01,0.178
1924,3.94,0.132
1925,3.24,0.114
1926,3.44,0.037
1927,1.86,0.027
1928,1.07,-0.002
1929,0.89,-0.017
1930,0.82,-0.035
1931,0.87,0.025
1932,0.8,0.056
1933,0.74,0.037
1934,1.12,0.052
1935,1.13,-0.005
1936,1.9,0.003
1937,1.89,-0.001
1938,1.29,0.004
1939,1.28,0.05
1940,1.08,0.093
1941,0.79,0.104
1942,1.59,0.141
1943,1.48,0.189
1944,0.86,0.256
1945,1.78,0.253
1946,4.03,0.188
1947,3.03,0.147
1948,2.63,0.159
1949,2.4,0.169
1950,2.73,0.177
1951,3.19,0.17
1952,2.51,0.183
1953,1.28,0.196
1954,1.13,0.169
1955,1.6,0.203
1956,1.99,0.203
1957,1.76,0.175
1958,1.22,0.155
1959,1.24,0.182
1960,2.44,0.203
1961,2.51,0.168
1962,2.5,0.195
1963,2.31,0.166
1964,2.04,0.12
1965,2.03,0.082
1966,2.17,0.078
1967,3.05,0.081
1968,2.18,0.079
1969,2.53,0.03
1970,2.37,0.053
1971,2.33,0.004
1972,2.21,0.006
1973,1.4,0.036
1974,2.08,0.041
1975,1.58,-0.011
1976,1.32,-0.018
1977,1.11,-0.065
1978,2.11,-0.095
1979,2.63,-0.09
1980,2.21,-0.047
1981,1.71,-0.019
1982,1.28,0.052
1983,2.37,0.032
1984,2.53,-0.02
1985,3.23,-0.005
1986,2.62,-0.02
1987,1.54,0.037
1988,1.64,0.056
1989,1.6,0.079
1990,1.69,0.125
1991,1.35,0.137
1992,1.57,0.129
1993,1.62,0.129
1994,1.66,0.083
1995,1.61,0.15
1996,1.51,0.132
1997,1.27,0.147
1998,1.23,0.176
1999,2.03,0.211
2000,2.21,0.247
2001,3.1,0.186
2002,2.44,0.233
2003,3.65,0.242
2004,5.82,0.204
2005,6.02,0.105
2006,2.81,0.207
2007,5.5,0.43
2008,4.12,0.311
2009,3.26,0.2
2010,2.43,0.076
2011,1.58,0.09
2012,1.01,0.103
2013,1.52,0.121
2014,1.68,0.084
2015,2.16,0.003
2016,1.98,0.067
2017,2.03,0.053
2018,2.89,-0.101
2019,2.55,-0.066
2020,2.21,-0.126
2021,1.68,-0.064
2022,3.19,-0.034
2023,2.89,-0.064
2024,2.54,0.0
2025,4.61,0.172
2026,3.94,0.231
2027,3.5,0.22
2028,3.09,0.378
2029,7.52,0.487
2030,3.96,0.164
2031,2.46,0.302
2032,3.76,0.287
2033,3.95,0.296
2034,3.23,0.229
2035,3.34,0.206
2036,3.29,0.194
2037,4.26,0.288
2038,5.41,-0.036
2039,2.51,-0.001
2040,2.68,-0.005
2041,2.51,-0.021
2042,3.18,-0.014
2043,3.67,0.059
2044,3.05,0.029
2045,2.1,0.085
2046,1.44,0.07
2047,1.14,0.028
2048,1.38,0.048
2049,1.76,0.032
2050,1.92,0.029
2051,2.52,-0.063
2052,2.51,-0.056
2053,2.33,0.019
2054,2.49,0.066
2055,2.64,0.166
2056,3.44,0.133
2057,4.09,0.103
2058,4.59,0.138
2059,3.73,0.088
2060,3.9,0.003
2061,1.73,-0.041
2062,1.23,0.028
2063,1.33,0.04
2064,1.92,0.078
2065,3.47,0.158
2066,3.91,0.162
2067,3.31,0.193
2068,3.47,0.197
2069,4.16,0.185
2070,3.56,0.084
2071,3.84,-0.021
2072,2.67,-0.004
2073,2.86,0.045
2074,2.87,0.021
2075,2.3,0.068
2076,2.29,0.011
2077,1.7,0.05
2078,1.69,0.022
2079,1.49,0.113
2080,2.72,0.252
2081,3.15,0.207
2082,3.02,0.323
2083,2.74,0.266
2084,4.66,0.225
2085,4.65,0.093
2086,3.33,0.24
2087,3.96,0.108
2088,5.33,0.052
2089,4.07,0.086
2090,3.36,0.042
2091,3.46,0.036
2092,3.66,-0.043
2093,2.27,-0.134
2094,2.08,-0.128
2095,2.39,-0.057
2096,2.99,0.039
2097,2.49,0.091
2098,2.12,0.025
2099,2.03,0.06
2100,2.66,0.088
2101,4.66,0.126
2102,2.99,0.122
2103,2.16,0.058
2104,2.07,-0.052
2105,1.29,-0.011
2106,1.75,-0.009
2107,4.6,-0.003
2108,6.49,-0.128
2109,6.84,-0.176
2110,6.95,-0.111
2111,4.27,-0.103
2112,2.05,-0.079
2113,3.48,-0.054
2114,3.83,-0.025
2115,1.95,-0.03
2116,1.31,-0.159
2117,0.9,-0.102
2118,2.8,0.002
2119,5.15,0.09
2120,5.36,0.07
2121,4.01,-0.04
2122,3.78,-0.066
2123,3.95,0.027
2124,5.43,-0.02
2125,5.52,0.076
2126,5.46,0.09
2127,3.88,0.277
2128,3.68,0.232
2129,3.59,0.126
2130,3.5,0.135
2131,4.32,0.116
2132,5.7,0.229
2133,6.85,0.175
2134,6.57,0.054
2135,5.77,-0.004
2136,2.59,-0.056
2137,1.57,-0.154
2138,1.42,-0.111
2139,1.3,-0.148
2140,1.25,-0.059
2141,1.05,-0.198
2142,1.2,-0.234
2143,1.3,-0.108
2144,1.37,-0.187
2145,1.24,-0.182
2146,1.37,-0.178
2147,1.79,-0.188
2148,1.97,-0.152
2149,2.72,-0.12
2150,5.22,-0.185
2151,3.82,-0.113
2152,2.69,-0.269
2153,1.7,-0.133
2154,1.89,-0.12
2155,1.63,-0.177
2156,2.01,-0.185
2157,2.49,-0.068
2158,3.94,-0.113
2159,2.46,-0.225
2160,1.32,-0.222
2161,0.97,-0.167
2162,0.79,-0.213
2163,0.61,-0.231
2164,1.5,-0.188
2165,2.03,-0.162
2166,2.36,-0.177
2167,3.11,-0.121
2168,3.3,-0.085
2169,2.7,-0.188
2170,3.66,-0.124
2171,3.22,-0.111
2172,2.37,-0.222
2173,1.64,-0.119
2174,1.91,-0.11
2175,2.55,-0.065
2176,2.08,-0.094
2177,2.4,-0.073
2178,2.54,-0.083
2179,3.74,-0.044
2180,3.95,0.037
2181,3.68,0.002
2182,4.79,0.019
2183,6.65,0.087
2184,6.62,0.066
2185,5.72,-0.013
2186,2.33,0.105
2187,2.51,-0.053
2188,2.03,0.021
2189,2.42,-0.067
2190,3.08,-0.138
2191,3.18,-0.126
2192,3.69,-0.112
2193,4.14,-0.127
2194,3.19,-0.15
2195,3.1,-0.233
2196,4.84,-0.289
2197,4.94,-0.226
2198,4.06,-0.312
2199,3.51,-0.291
2200,2.93,-0.227
2201,2.51,-0.178
2202,2.21,-0.231
2203,2.25,-0.269
2204,3.59,-0.216
2205,2.8,-0.26
2206,2.93,-0.225
2207,2.43,-0.234
2208,1.75,-0.188
2209,2.4,-0.203
2210,4.45,-0.107
2211,5.0,-0.107
2212,5.77,-0.101
2213,6.09,-0.066
2214,4.72,-0.128
2215,4.37,-0.039
2216,4.97,-0.14
2217,5.41,-0.112
2218,5.71,-0.219
2219,4.54,-0.161
2220,3.93,-0.151
2221,2.81,-0.157
2222,3.18,-0.111
2223,2.29,0.004
2224,3.73,0.122
2225,4.36,0.217
2226,8.02,0.443
2227,7.82,0.517
2228,6.55,0.294
2229,4.46,0.131
2230,2.55,0.044
2231,1.52,0.04
2232,2.23,0.085
2233,3.4,0.202
2234,3.93,0.178
2235,2.4,0.024
2236,3.64,0.058
2237,2.84,0.085
2238,1.72,0.035
2239,2.12,-0.056
2240,2.9,-0.099
2241,6.61,-0.024
2242,5.42,-0.201
2243,5.78,-0.141
2244,4.07,-0.135
2245,5.28,0.076
2246,6.47,-0.183
2247,4.94,-0.176
2248,6.13,-0.025
2249,4.93,-0.044
2250,3.96,-0.015
2251,3.29,-0.052
2252,2.43,-0.058
2253,2.84,-0.07
2254,2.44,-0.135
2255,3.0,-0.024
2256,2.87,0.01
2257,2.56,0.03
2258,2.09,0.092
2259,2.35,0.107
2260,2.96,0.1
2261,2.87,0.154
2262,3.73,0.162
2263,4.11,0.169
2264,4.45,0.074
2265,4.26,0.016
2266,3.64,-0.103
2267,2.95,-0.127
2268,2.35,-0.184
2269,3.71,-0.147
2270,3.75,-0.187
2271,3.75,-0.13
2272,2.65,-0.073
2273,2.15,-0.048
2274,1.98,-0.05
2275,1.52,-0.055
2276,1.82,-0.099
2277,1.57,-0.065
2278,2.43,-0.087
2279,2.33,-0.028
2280,1.77,-0.04
2281,2.69,-0.022
2282,3.11,-0.083
2283,3.15,-0.054
2284,3.77,0.013
2285,4.11,0.18
2286,4.01,0.182
2287,3.29,0.057
2288,2.36,-0.013
2289,1.73,-0.097
2290,2.01,-0.07
2291,3.4,-0.013
2292,5.51,0.144
2293,4.4,0.108
2294,11.05,0.341
2295,9.97,0.397
2296,7.26,-0.009
2297,4.36,0.068
2298,3.39,0.228
2299,6.2,0.234
2300,5.17,0.215
2301,3.84,0.195
2302,3.49,0.055
2303,3.2,0.106
2304,2.29,0.167
2305,2.29,0.14
2306,3.28,0.159
2307,3.15,0.127
2308,3.84,0.14
2309,5.76,0.085
2310,5.48,0.007
2311,3.6,-0.14
2312,2.78,-0.018
2313,3.4,0.044
2314,2.9,-0.063
2315,4.11,-0.084
2316,4.02,-0.088
2317,3.81,-0.188
2318,3.58,-0.177
2319,3.55,-0.192
2320,3.36,-0.237
2321,3.15,-0.13
2322,3.13,-0.173
2323,2.67,-0.124
2324,2.52,-0.166
2325,2.59,-0.111
2326,2.09,0.034
2327,1.99,0.073
2328,3.2,-0.066
2329,2.69,-0.037
2330,2.96,-0.012
2331,3.25,-0.034
2332,2.37,-0.099
2333,2.08,-0.053
2334,1.81,-0.09
2335,1.98,-0.013
2336,2.0,-0.092
2337,2.02,-0.036
2338,1.23,-0.12
2339,1.08,-0.132
2340,0.95,-0.134
2341,0.9,-0.071
2342,2.46,0.022
2343,2.69,0.068
2344,3.35,0.056
2345,2.3,0.035
2346,3.27,0.029
2347,4.94,0.111
2348,5.19,0.101
2349,3.95,0.071
2350,1.83,-0.102
2351,1.39,0.161
2352,1.3,-0.012
2353,1.14,0.009
2354,1.5,0.069
2355,2.03,0.024
2356,1.78,-0.025
2357,1.94,0.028
2358,2.87,0.059
2359,2.54,0.083
2360,2.69,0.081
2361,2.55,-0.009
2362,1.67,-0.056
2363,1.16,-0.078
2364,1.75,-0.077
2365,2.03,-0.059
2366,1.94,-0.081
2367,1.63,-0.042
2368,1.92,-0.084
2369,2.15,-0.027
2370,1.6,-0.113
2371,0.96,-0.152
2372,0.81,-0.104
2373,0.8,-0.127
2374,2.27,-0.048
2375,2.4,-0.03
2376,2.0,0.096
2377,3.44,-0.015
2378,2.9,0.017
2379,1.66,0.06
2380,1.41,0.047
2381,1.33,0.016
2382,1.1,-0.051
2383,0.65,0.031
2384,0.99,-0.035
2385,1.45,0.017
2386,2.76,0.052
2387,2.96,0.106
2388,3.04,0.034
2389,3.25,-0.073
2390,3.29,0.025
2391,4.13,0.01
2392,4.15,-0.006
2393,2.97,0.045
2394,1.83,0.048
2395,2.74,0.118
2396,3.37,0.136
2397,3.75,0.038
2398,3.69,0.054
2399,4.37,0.146
2400,2.75,0.073
2401,2.44,0.097
2402,2.95,0.076
2403,3.1,0.058
2404,3.72,0.067
2405,2.87,0.019
2406,1.86,-0.017
2407,2.36,-0.031
2408,2.54,-0.013
2409,1.78,-0.017
2410,2.06,0.007
2411,2.33,-0.025
2412,2.74,-0.063
2413,2.42,-0.111
2414,1.93,-0.09
2415,1.33,-0.026
2416,2.99,0.015
2417,2.51,0.036
2418,2.49,0.012
2419,2.47,-0.029
2420,2.44,0.012
2421,2.43,0.029
2422,3.11,0.034
2423,2.88,-0.084
2424,1.98,-0.115
2425,1.34,-0.087
2426,1.41,-0.098
2427,3.03,-0.125
2428,2.5,-0.086
2429,1.79,-0.083
2430,1.86,-0.066
2431,1.86,-0.042
2432,2.13,0.007
2433,1.53,0.109
2434,0.9,0.12
2435,1.29,0.13
2436,2.14,0.133
2437,2.7,0.061
2438,3.37,0.08
2439,2.26,0.141
2440,1.97,0.107
2441,1.71,0.071
2442,1.6,0.077
2443,1.58,0.058
2444,3.32,0.073
2445,2.71,-0.016
2446,1.51,0.033
2447,3.71,0.026
2448,3.81,0.008
2449,3.79,-0.019
2450,2.7,0.045
2451,2.73,0.063
2452,3.77,0.034
2453,3.45,0.038
2454,2.65,0.012
2455,1.69,-0.032
2456,1.39,-0.075
2457,1.55,-0.037
2458,1.36,-0.005
2459,1.15,-0.092
2460,1.74,-0.063
2461,2.44,-0.048
2462,1.56,-0.017
2463,1.41,-0.017
2464,1.36,-0.031
2465,0.86,0.035
2466,1.6,0.033
2467,1.4,0.039
2468,1.26,0.074
2469,1.61,0.054
2470,1.84,0.115
2471,1.44,0.144
2472,1.32,0.126
2473,1.05,0.117
2474,0.65,0.087
2475,0.6,0.126
2476,0.51,0.158
2477,0.57,0.123
2478,1.42,0.115
2479,1.64,0.135
2480,1.72,0.116
2481,1.09,0.152
2482,1.1,0.209
2483,1.78,0.258
2484,2.87,0.227
2485,3.06,0.191
2486,2.98,0.197
2487,2.98,0.202
2488,2.55,0.237
2489,2.75,0.218
2490,2.57,0.205
2491,3.77,0.158
2492,2.4,0.149
2493,2.58,0.123
2494,2.62,0.123
2495,1.98,0.054
2496,1.78,0.009
2497,1.33,-0.04
2498,2.4,-0.014
2499,2.47,0.004
2500,2.49,-0.035
2501,2.03,-0.015
2502,2.15,-0.053
2503,1.75,-0.128
2504,1.16,-0.141
2505,0.94,-0.1
2506,0.93,-0.096
2507,0.98,-0.104
2508,1.24,-0.119
2509,1.17,-0.094
2510,1.18,-0.092
2511,1.19,-0.036
2512,1.26,-0.011
2513,1.26,-0.016
2514,1.01,0.016
2515,1.75,0.029
2516,0.9,0.07
2517,0.98,0.062
2518,1.3,0.117
2519,1.37,0.085
2520,1.68,0.034
2521,1.12,0.001
2522,1.69,0.042
2523,0.99,0.029
2524,1.02,0.044
2525,0.82,0.053
2526,0.77,0.016
2527,0.84,0.001
2528,0.92,0.015
2529,0.86,-0.009
2530,1.47,0.014
2531,1.53,0.022
2532,1.11,0.058
2533,0.8,0.052
2534,1.14,-0.024
2535,0.98,0.048
2536,1.17,0.028
2537,1.39,0.066
2538,1.38,0.006
2539,1.22,-0.025
2540,1.23,0.0
2541,1.03,0.013
2542,0.79,0.013
2543,0.85,-0.008
2544,0.74,0.03
2545,0.67,0.054
2546,0.71,-0.016
2547,0.59,-0.013
2548,0.87,-0.052
2549,1.18,-0.018
2550,1.45,0.021
2551,1.7,0.031
2552,2.37,0.12
2553,2.02,0.165
2554,2.04,0.172
2555,1.74,0.209
2556,1.3,0.204
2557,1.3,0.204
2558,1.07,0.191
2559,0.88,0.164
2560,0.78,0.173
2561,1.05,0.188
2562,0.72,0.155
2563,1.34,0.153
2564,2.02,0.215
2565,1.53,0.247
2566,0.73,0.254
2567,2.39,0.245
2568,2.56,0.173
2569,1.66,0.144
2570,0.91,0.227
2571,2.04,0.27
2572,2.9,0.266
2573,2.27,0.097
2574,1.12,0.053
2575,1.0,0.066
2576,0.94,0.081
2577,0.62,0.061
2578,0.7,0.099
2579,0.75,0.037
2580,0.84,0.054
2581,0.77,0.066
2582,3.22,0.067
2583,4.64,-0.057
2584,3.96,0.018
2585,4.59,0.229
2586,4.07,0.22
2587,6.43,0.029
2588,4.66,-0.006
2589,3.31,-0.015
2590,1.17,0.063
2591,3.85,0.044
2592,4.82,0.0
2593,2.65,-0.029
2594,1.4,0.004
2595,0.85,0.067
2596,1.74,0.115
2597,2.65,0.045
2598,3.19,0.027
2599,2.9,0.015
2600,2.1,0.028
2601,2.25,0.061
2602,2.66,0.095
2603,2.58,0.082
2604,2.67,0.046
2605,3.1,0.262
2606,2.83,0.26
2607,2.12,0.333
2608,1.86,0.365
2609,2.25,0.314
2610,2.38,0.438
2611,2.67,0.466
2612,2.6,0.402
2613,2.62,0.367
2614,1.81,0.318
2615,2.18,0.277
2616,1.46,0.25
2617,1.47,0.259
2618,1.8,0.202
2619,1.68,0.231
2620,1.65,0.219
2621,3.89,0.412
2622,3.6,0.328
2623,3.68,0.265
2624,4.81,0.487
2625,4.99,0.438
2626,5.61,0.27
2627,6.23,0.276
2628,5.12,0.133
2629,2.44,0.176
2630,2.37,0.168
2631,1.87,0.176
2632,1.36,0.165
2633,1.89,0.315
2634,3.88,0.589
2635,8.22,0.542
2636,3.69,0.388
2637,2.45,0.351
2638,5.44,0.819
2639,8.37,0.444
2640,5.7,0.112
2641,3.65,0.161
2642,3.51,0.245
2643,4.09,0.399
2644,3.5,0.381
2645,5.22,0.482
2646,4.46,0.312
2647,3.15,0.428
2648,3.52,0.4
2649,2.17,0.217
2650,3.38,0.415
2651,4.04,0.435
2652,3.58,0.333
2653,3.16,0.307
2654,2.52,0.232
2655,2.57,0.172
2656,2.4,0.151
2657,1.95,0.134
2658,2.55,0.198
2659,3.92,0.231
2660,6.37,0.151
2661,6.4,0.17
2662,4.93,0.118
2663,3.7,0.132
2664,4.03,0.152
2665,4.27,0.152
2666,4.29,0.184
2667,5.43,0.236
2668,5.65,0.205
2669,5.36,0.163
2670,4.29,0.216
2671,3.13,0.196
2672,2.79,0.22
2673,1.47,0.166
2674,2.44,0.13
2675,2.65,0.084
2676,2.3,0.163
2677,2.64,0.134
2678,2.87,-0.006
2679,2.52,-0.076
2680,3.19,-0.027
2681,3.51,-0.032
2682,3.15,-0.1
2683,4.55,-0.091
2684,3.42,-0.042
2685,1.89,-0.133
2686,2.66,-0.04
2687,2.94,-0.108
2688,2.08,-0.068
2689,1.85,-0.034
2690,1.83,-0.135
2691,1.91,-0.079
2692,2.27,-0.083
2693,2.2,-0.052
2694,2.41,-0.065
2695,2.55,-0.119
2696,1.76,-0.116
2697,1.75,-0.113
2698,2.16,-0.117
2699,3.7,0.035
2700,4.06,-0.015
2701,4.21,0.05
2702,5.13,0.128
2703,6.03,0.006
2704,6.78,0.256
2705,5.25,0.245
2706,6.54,0.095
2707,5.72,0.351
2708,9.37,0.345
2709,8.35,-0.001
2710,7.03,0.177
2711,5.56,0.325
2712,5.65,0.283
2713,5.13,0.204
2714,5.07,0.533
2715,7.49,0.405
2716,7.84,0.305
2717,6.92,0.327
2718,6.07,0.09
2719,4.67,0.05
2720,2.42,0.064
2721,1.6,0.036
2722,1.51,-0.022
2723,1.6,-0.028
2724,2.96,-0.086
2725,3.49,-0.066
2726,4.04,-0.09
2727,3.73,-0.037
2728,3.84,-0.071
2729,3.79,-0.092
2730,2.93,-0.002
2731,2.1,0.034
2732,2.5,0.085
2733,2.51,0.094
2734,3.45,0.182
2735,2.49,0.196
2736,2.45,0.147
2737,1.94,0.093
2738,2.17,0.059
2739,1.56,0.102
2740,2.81,0.144
2741,3.6,0.149
2742,3.38,0.12
2743,4.29,0.141
2744,3.98,0.073
2745,3.78,0.026
2746,3.17,-0.058
2747,2.23,-0.025
2748,1.22,-0.055
2749,1.07,0.037
2750,4.03,0.059
2751,2.51,-0.027
2752,3.21,0.005
2753,5.47,0.128
2754,4.44,0.144
2755,3.21,0.182
2756,2.86,0.275
2757,4.65,-0.032
2758,3.57,-0.167
2759,2.76,-0.14
2760,2.57,-0.213
2761,3.72,-0.156
2762,4.12,-0.123
2763,3.47,-0.156
2764,4.46,-0.18
2765,3.43,-0.211
2766,3.0,-0.265
2767,2.73,-0.258
2768,2.21,-0.246
2769,3.76,-0.138
2770,4.48,0.071
2771,4.44,0.053
2772,3.71,0.086
2773,2.79,0.144
2774,2.06,0.145
2775,4.1,0.34
2776,6.61,0.444
2777,6.77,0.025
2778,6.67,-0.159
2779,5.72,-0.228
2780,4.17,-0.16
2781,1.82,-0.019
2782,4.74,0.173
2783,5.4,0.187
2784,3.08,0.073
2785,4.86,0.001
2786,4.13,0.293
2787,7.11,0.437
2788,4.16,0.194
2789,4.37,0.191
2790,7.85,0.421
2791,7.03,0.265
2792,4.23,0.224
2793,6.3,0.23
2794,6.6,0.166
2795,3.46,0.119
2796,3.15,0.116
2797,2.54,0.057
2798,1.56,0.064
2799,2.79,0.047
2800,2.92,0.012
2801,2.5,-0.063
2802,3.37,0.029
2803,3.83,0.19
2804,5.04,0.19
2805,4.98,0.009
2806,3.88,0.207
2807,3.75,0.137
2808,5.84,0.17
2809,6.01,0.136
2810,7.53,0.117
2811,5.99,0.085
2812,5.35,0.12
2813,3.61,0.179
2814,3.06,0.22
2815,4.8,0.398
2816,5.58,0.351
2817,4.57,0.313
2818,3.76,0.304
2819,3.66,0.272
2820,3.82,0.288
2821,4.16,0.391
2822,4.38,0.158
2823,3.42,0.102
2824,4.82,0.217
2825,4.65,0.265
2826,5.0,0.187
2827,6.46,0.362
2828,6.92,0.458
2829,6.01,0.336
2830,3.89,0.224
2831,3.9,0.432
2832,4.89,0.375
2833,6.16,0.374
2834,6.02,0.36
2835,3.72,0.376
2836,3.14,0.282
2837,2.35,0.222
2838,2.22,0.257
2839,1.68,0.131
2840,1.44,0.092
2841,1.68,0.008
2842,5.03,0.137
2843,5.81,0.2
2844,4.54,0.027
2845,3.55,0.07
2846,2.61,-0.025
2847,2.76,0.0
2848,3.1,0.008
2849,3.27,-0.038
2850,2.77,0.016
2851,3.29,0.021
2852,2.29,-0.029
2853,2.11,-0.035
2854,2.7,0.078
2855,2.41,0.1
2856,3.04,0.123
2857,3.79,0.087
2858,4.98,0.242
2859,5.13,0.29
2860,6.0,0.431
2861,6.35,0.455
2862,6.96,0.302
2863,4.77,0.224
2864,3.72,0.36
2865,4.15,0.273
2866,6.73,0.44
2867,6.68,0.138
2868,7.25,0.521
2869,7.97,0.556
2870,6.0,0.336
2871,5.86,0.36
2872,5.89,0.307
2873,6.08,0.27
2874,5.22,0.188
2875,4.07,0.189
2876,3.31,0.166
2877,3.78,0.088
2878,4.13,0.075
2879,3.57,0.054
2880,2.34,0.103
2881,1.64,0.055
2882,1.45,-0.042
2883,1.44,-0.053
2884,3.18,0.035
2885,3.83,0.036
2886,3.03,0.038
2887,2.47,-0.004
2888,5.25,0.004
2889,4.5,-0.051
2890,3.58,-0.11
2891,1.8,-0.175
2892,1.98,-0.071
2893,4.28,0.009
2894,5.72,0.086
