,V1,V2
1,2.072345,-3.241693
2,17.93671,15.78481
3,1.083576,7.319176
4,11.12067,14.40678
5,23.71155,2.557729
6,24.16993,32.02478
7,21.66578,4.892855
8,4.693684,12.34217
9,19.21191,-1.121366
10,4.230391,-4.441536
11,9.12713,23.60572
12,0.4075031,15.29705
13,7.314846,3.309312
14,-3.438403,-12.02527
15,17.63935,-3.212345
16,4.415292,22.81555
17,11.94122,8.122487
18,0.7258532,1.806819
19,8.185273,28.1326
20,-5.773587,1.0248
21,18.76943,24.16946
22,7.752016,-3.334991
23,10.61132,28.44378
24,2.02165,-4.687122
25,5.145525,11.186
26,6.24331,19.47716
27,-11.70671,8.073185
28,7.255978,14.63704
29,3.392373,1.220712
30,24.2999,40.42887
31,4.094005,6.944695
32,11.80358,-2.445336
33,0.09228785,-6.651035
34,28.50607,-9.091833
35,23.40831,7.931438
36,10.56305,12.54468
37,20.14157,11.11789
38,-1.871265,8.60885
39,29.30237,14.02176
40,18.65383,17.21672
41,-2.972188,6.370999
42,10.32313,12.11574
43,16.90539,-1.355044
44,6.75371,12.02797
45,23.94777,13.35047
46,6.883513,6.188563
47,-1.241542,10.08179
48,20.50827,-1.57887
49,-3.75683,1.60851
50,17.9176,13.09896
51,2.002537,-0.656524
52,10.7768,15.5336
53,24.15819,5.330366
54,0.3268727,7.288787
55,21.64777,14.00506
56,6.871417,21.51998
57,15.14264,5.111947
58,11.54712,4.75756
59,0.6611676,-10.14263
60,-13.66531,16.93903
61,24.90937,-10.82038
62,-4.53022,-6.173767
63,3.163677,8.051481
64,1.495172,-7.261601
65,7.097637,2.105751
66,3.509483,24.58487
67,12.99879,24.91248
68,0.3593824,6.387915
69,14.35429,-2.252421
70,3.831208,-2.000873
71,31.40462,26.77209
72,-5.501097,13.39128
73,-1.04476,5.955898
74,4.409013,9.323681
75,2.917201,16.53999
76,7.265954,10.64794
77,10.32038,13.36857
78,9.35213,10.42427
79,6.648532,11.07535
80,-1.922306,4.888493
81,7.22604,13.02948
82,8.327288,8.540999
83,17.69046,21.59555
84,16.58353,18.16115
85,12.35425,31.96708
86,2.471138,5.482761
87,18.4925,29.42421
88,10.1196,7.162078
89,20.40245,3.943319
90,12.71589,4.531656
91,24.35859,-4.0644
92,21.74312,15.90887
93,12.27208,-9.612116
94,18.29681,22.38563
95,3.530957,8.673297
96,5.026042,36.03767
97,-0.8633009,-7.586249
98,26.83892,13.13713
99,19.11999,7.209715
100,-0.8841637,27.15254
101,-5.191529,29.65612
102,9.796095,15.43598
103,11.66314,10.63428
104,9.925199,26.80364
105,33.90998,15.02652
106,9.57004,9.2481
107,-16.2653,13.90024
108,15.10579,3.350049
109,-4.186504,7.96441
110,12.54816,32.51867
111,-7.733469,9.634491
112,18.91337,15.7414
113,-1.050022,-4.003455
114,-6.894765,1.041802
115,23.05031,-12.76934
116,25.96073,11.44522
117,7.950795,6.811407
118,-3.669517,-4.329696
119,10.52266,23.3561
120,26.29452,10.51806
121,12.42904,23.15663
122,0.1170239,24.65274
123,-1.040023,1.629857
124,11.16266,9.0201
125,13.61452,0.8832188
126,8.028045,14.82966
127,20.40253,22.0472
128,8.818028,18.90424
129,-0.3163153,21.40601
130,7.190193,9.13962
131,-0.4711474,-8.29095
132,16.6546,-1.519889
133,10.51711,-5.018592
134,17.96306,14.46713
135,-1.315535,11.6027
136,5.113728,3.961434
137,32.25842,-2.712702
138,-10.59094,15.40292
139,21.60892,17.75002
140,11.31144,1.031762
141,11.30595,3.068958
142,15.51137,8.943091
143,15.37201,18.17922
144,3.77755,13.33419
145,17.27989,13.97798
146,-3.349734,26.6599
147,15.72571,6.373983
148,25.50999,15.15837
149,16.68281,18.95937
150,-4.734694,24.09568
151,25.08795,19.69376
152,7.038364,10.6667
153,4.521214,-6.635304
154,6.454509,13.66272
155,5.322541,22.3855
156,0.6316529,19.79414
157,-5.669132,11.32511
158,9.843806,-4.695499
159,15.39168,14.14527
160,1.289581,10.09948
161,17.10334,6.207793
162,17.13273,6.609228
163,9.70176,12.33497
164,18.80351,-3.160759
165,6.08478,4.689186
166,-6.025192,26.61258
167,4.237603,7.315439
168,16.82231,8.13356
169,-4.768829,28.65819
170,0.5061416,4.946298
171,12.57349,10.41494
172,16.35374,6.874306
173,0.1009744,2.590253
174,13.67556,-12.72959
175,2.477362,8.42026
176,14.99279,15.16393
177,29.71711,15.62874
178,17.48491,3.3823
179,13.45815,-4.13764
180,2.2072,-1.554494
181,23.05134,24.39491
182,32.74222,25.56641
183,15.56297,24.94262
184,8.132651,8.998712
185,0.4580866,-9.891244
186,-9.164294,5.029294
187,-3.031709,20.23346
188,12.12393,15.103
189,19.95281,29.14982
190,13.00477,27.23093
191,10.4399,25.7741
192,0.351724,12.2222
193,10.37312,6.863773
194,17.95419,4.455694
195,21.06292,3.607867
196,6.069686,9.325338
197,14.00808,11.5225
198,-1.777792,14.62108
199,0.7525703,-7.381838
200,-2.329547,5.070321
201,1.77457,6.278572
202,10.69576,16.30571
203,18.11151,34.12422
204,0.2417766,27.04643
205,-0.4202355,4.105829
206,15.41425,14.78257
207,8.463556,23.04895
208,12.03072,17.41157
209,18.68731,6.949079
210,6.369355,5.700326
211,21.82924,5.564074
212,7.61541,-5.024377
213,5.823252,18.40279
214,22.35203,8.526174
215,6.434616,21.16974
216,0.5560946,-4.866076
217,6.737062,-11.7331
218,-1.392677,14.64543
219,4.935136,24.86809
220,20.35508,26.98124
221,8.624667,10.67174
222,16.31749,11.64083
223,9.014875,14.42246
224,17.59833,26.66023
225,2.636649,24.04782
226,13.82606,16.27159
227,10.39783,3.804893
228,-6.27359,3.878999
229,-11.88057,0.1788024
230,21.02048,9.690716
231,18.25632,16.94127
232,24.96351,-1.158215
233,10.13696,6.446662
234,3.509066,16.55414
235,2.409921,-0.3445188
236,16.0843,7.562616
237,5.987025,7.456533
238,12.63902,14.35081
239,7.392535,22.61304
240,10.37212,-1.25827
241,-19.01791,0.6507304
242,3.030817,4.580993
243,34.0303,-3.716423
244,-5.843476,13.79137
245,36.95611,-1.245269
246,-0.188409,-1.86653
247,17.28285,1.558553
248,8.9204,29.19455
249,-5.873556,6.456733
250,17.76259,24.02293
251,12.49482,22.47067
252,12.6087,3.212588
253,3.606599,14.24789
254,20.48342,13.74531
255,31.6423,13.04685
256,4.745898,7.317133
257,-5.295478,6.001008
258,7.238307,19.98631
259,6.144599,19.91034
260,9.837835,8.336385
261,18.64695,5.146764
262,-0.5638628,9.673976
263,5.21368,21.83143
264,-0.1993878,9.176207
265,22.42831,8.390862
266,19.39561,-7.412824
267,31.28428,4.131464
268,8.380888,0.2647594
269,7.84069,13.20062
270,23.85992,6.171501
271,6.188661,24.92638
272,18.08387,19.74208
273,14.23096,12.43815
274,14.4807,8.661634
275,30.91987,17.57755
276,4.117051,3.299065
277,18.10072,9.572447
278,-3.777019,1.115207
279,18.47156,8.861407
280,30.69195,21.9132
281,1.838687,13.1765
282,14.22135,16.96163
283,27.70961,10.52575
284,9.956135,7.890054
285,11.7273,14.00086
286,2.154482,14.16347
287,-0.2120434,1.330881
288,-1.738983,16.9849
289,2.299075,-0.2934258
290,22.01149,-0.4469464
291,4.275241,16.67383
292,19.38943,4.436821
293,8.80722,13.23823
294,-0.7658179,-4.004811
295,12.69128,13.52916
296,12.73131,7.050802
297,8.388222,23.45347
298,23.42708,4.598641
299,4.046104,7.634936
300,7.667025,3.193633
301,22.60801,5.13032
302,14.74391,28.76733
303,20.53201,8.01565
304,16.46037,16.81531
305,12.70669,11.48214
306,-1.474059,3.329562
307,35.04961,14.4484
308,2.529177,15.56721
309,28.9961,-15.57834
310,10.57878,6.307686
311,5.52815,14.12427
312,12.48016,2.728922
313,18.10028,3.891689
314,11.17125,11.10063
315,14.58538,25.99213
316,27.21567,-1.980637
317,-1.40271,22.3755
318,-14.66871,9.792318
319,28.25157,14.28507
320,2.688756,3.029997
321,9.58344,12.00506
322,3.65772,1.649871
323,3.575705,14.80241
324,34.62557,4.384648
325,36.12292,12.05849
326,12.56065,-4.733039
327,37.48364,34.12808
328,1.915274,22.28056
329,18.14029,3.569117
330,-1.214981,-3.318584
331,7.646434,29.92259
332,-2.844509,13.71118
333,14.62733,16.4933
334,-0.3742695,15.06495
335,10.15795,13.33612
336,19.4574,11.29307
337,-6.23644,9.581524
338,0.2870638,6.756246
339,7.025387,8.299629
340,6.205405,29.41931
341,12.37304,4.152157
342,-8.001964,15.62843
343,9.879504,13.94365
344,12.83222,20.98375
345,10.71142,18.59333
346,10.09704,9.915216
347,17.89963,6.451302
348,-6.720686,14.99367
349,3.712734,7.361372
350,-16.22395,17.81785
351,8.71418,24.10122
352,17.05254,5.227864
353,-14.69171,31.79987
354,7.943416,10.26803
355,14.00498,21.54721
356,-1.302871,2.063343
357,-0.7624772,7.001412
358,21.54626,21.13478
359,1.232726,12.78234
360,1.602791,2.210584
361,-6.679344,12.61919
362,-6.89254,2.942795
363,12.32427,22.68294
364,21.02468,26.13788
365,6.443124,-3.984948
366,22.39199,13.58907
367,18.06598,2.753522
368,8.136961,22.73404
369,13.14208,24.21235
370,11.51451,15.92228
371,-2.505605,15.30741
372,3.29959,13.2484
373,-4.795219,1.21583
374,29.08478,10.30137
375,5.12492,4.627426
376,17.06078,9.965354
377,-0.340825,11.85959
378,15.29532,9.07695
379,6.39995,23.04672
380,14.52243,17.69336
381,28.85673,4.007334
382,10.77192,5.787269
383,7.428645,15.77705
384,-6.637651,14.04711
385,17.08812,8.223101
386,15.07757,-13.68943
387,-22.15215,9.511638
388,5.04531,1.784843
389,-2.521792,-7.60383
390,32.85505,0.3210041
391,6.070759,5.579687
392,3.508814,-3.738329
393,9.818843,2.407706
394,11.93353,18.78467
395,2.850058,-4.31489
396,5.20408,6.957638
397,13.56349,9.16074
398,2.631175,5.677225
399,6.517994,-0.974309
400,15.80081,19.64233
401,14.07388,-1.577052
402,-3.888388,0.4062882
403,18.69151,10.06134
404,21.0912,26.45951
405,2.459292,6.838326
406,6.513192,-0.7243317
407,24.3063,14.39751
408,13.94559,0.7581209
409,-2.664707,-6.36948
410,8.106246,0.4920085
411,17.07317,25.84198
412,6.049433,22.92962
413,23.94025,27.27981
414,-7.401308,-3.555808
415,2.926755,22.41698
416,-2.774311,-21.36068
417,-3.094624,16.60375
418,15.66338,18.60818
419,22.3694,20.29701
420,-0.984013,23.2461
421,28.63485,4.79718
422,21.88014,12.66741
423,-3.621506,4.750143
424,12.52111,8.46408
425,-22.49599,0.1392916
426,17.33361,3.268888
427,-6.884011,-1.824905
428,10.21154,24.45211
429,12.14809,12.06576
430,-1.924867,-0.1361344
431,21.60187,10.23303
432,15.66342,13.89372
433,15.0212,9.187742
434,13.60186,16.88655
435,4.554105,37.17632
436,12.56063,7.900061
437,-11.53464,11.63952
438,24.58798,1.860825
439,-8.381909,14.35407
440,-6.114265,7.363373
441,-5.19861,12.78676
442,21.17985,10.36981
443,6.734995,23.19933
444,10.19698,15.43111
445,12.04076,17.23649
446,25.86829,2.396404
447,-5.335044,7.578044
448,9.824228,6.06933
449,14.24967,27.39351
450,5.553391,13.30626
451,9.224884,-2.702723
452,16.72743,15.95237
453,13.19714,14.47518
454,13.47672,-4.123874
455,6.28349,11.55091
456,15.38618,-8.226192
457,10.96815,9.922543
458,14.3925,3.203174
459,22.91966,20.66688
460,12.9942,15.3486
461,24.38812,18.26395
462,-9.467832,0.6434593
463,-5.988947,22.67049
464,-1.766619,18.50818
465,-2.997209,15.36209
466,-2.980586,14.54187
467,19.18525,12.05587
468,18.62052,-6.348775
469,4.541831,3.586799
470,2.029832,35.52395
471,18.08133,6.853875
472,16.55184,29.25978
473,20.81487,0.2041338
474,4.773241,11.55061
475,17.54123,24.48917
476,11.232,27.95659
477,19.88413,3.37349
478,-3.511829,6.03616
479,19.83789,5.660164
480,21.5811,2.308901
481,12.77548,11.26171
482,-3.640386,-8.611116
483,22.1939,13.67507
484,24.52809,3.520373
485,-2.055682,19.0635
486,22.10497,10.32231
487,11.01341,25.31104
488,19.34416,17.96907
489,-3.011348,22.65403
490,4.864152,-1.24612
491,-12.93381,4.052313
492,-3.225042,2.066012
493,27.51631,9.72616
494,15.95689,0.2902336
495,5.763955,18.51403
496,24.53113,23.72683
497,12.13776,-1.241701
498,-6.742276,10.8888
499,1.712732,14.68423
500,4.114345,23.43694
501,24.57423,17.20925
502,12.09148,-2.061826
503,6.380095,19.50401
504,15.4881,21.71908
505,3.572731,-3.078149
506,26.35669,20.47212
507,14.78471,23.34586
508,-1.279279,0.9330042
509,0.01129247,8.008012
510,5.984768,1.961941
511,8.858572,17.18472
512,19.37649,2.122504
513,9.10579,19.51155
514,9.643453,6.241649
515,-3.109174,18.91863
516,10.541,-3.394954
517,4.573325,11.78297
518,22.98676,10.07359
519,-10.77961,14.08271
520,5.63292,18.08959
521,5.782557,12.32168
522,27.1903,10.58244
523,8.92082,30.34188
524,-1.781047,10.98773
525,-0.7274996,-7.879213
526,23.33998,16.66643
527,16.00585,1.374964
528,22.97108,15.7172
529,8.993785,-9.014578
530,8.249774,-2.679776
531,5.368688,12.60516
532,25.45515,22.22258
533,16.10149,11.38547
534,25.9423,5.396589
535,13.96851,23.8073
536,1.059773,2.482886
537,11.19896,27.34923
538,10.01848,12.379
539,-5.964017,14.30957
540,14.69272,13.94027
541,5.162226,-3.949188
542,16.13654,2.491281
543,-8.427487,17.28569
544,17.46026,23.52985
545,4.839787,2.035094
546,24.78075,8.787683
547,3.28531,-2.704306
548,1.317184,13.35289
549,5.000647,13.50562
550,-2.902717,2.24029
551,12.86082,12.72926
552,6.369858,11.56653
553,5.91316,24.22981
554,-4.098757,-5.008349
555,-0.7625945,18.5798
556,15.58506,11.27319
557,5.403196,11.22043
558,-1.124667,31.28172
559,6.120589,10.16824
560,6.07585,31.16029
561,-8.399909,8.830895
562,36.17882,-22.1776
563,2.199297,12.84548
564,8.845364,21.62596
565,-14.18104,1.871214
566,34.64086,11.64993
567,-0.7696695,8.42469
568,-6.12447,23.05465
569,-14.65142,10.9695
570,11.58703,14.49658
571,0.8204501,10.62322
572,28.5049,10.30336
573,-8.36784,4.386019
574,32.45148,7.488423
575,6.733568,18.12497
576,10.64451,16.76856
577,3.219324,19.57019
578,10.74578,27.00378
579,4.207717,2.851358
580,13.87413,13.78015
581,-10.31962,15.46054
582,11.65267,1.74313
583,25.78439,2.961885
584,12.48763,18.15628
585,7.276056,14.08258
586,9.188286,18.24487
587,7.066136,17.03944
588,2.462034,7.644942
589,12.10048,15.32802
590,-0.531199,13.14534
591,10.19152,5.414252
592,8.34839,17.09359
593,-7.409304,15.4642
594,15.99423,13.51288
595,-6.608865,-0.9393074
596,13.86558,6.094001
597,24.64994,6.494246
598,20.51858,17.59508
599,11.26143,2.013683
600,5.034868,7.499159
601,1.19408,23.50754
602,13.19178,12.76363
603,9.728273,11.80716
604,13.9332,15.7472
605,18.43648,12.18253
606,12.60749,32.6225
607,6.429051,1.972634
608,12.33216,-14.73958
609,17.02514,8.819268
610,39.89024,23.99687
611,20.98933,17.29635
612,11.65338,-5.657587
613,15.09138,25.02662
614,11.22707,-8.075131
615,10.76558,-4.988425
616,3.910868,18.41193
617,9.769555,15.26871
618,12.98944,5.868339
619,15.62113,6.474136
620,10.13399,-2.499796
621,1.27228,6.644602
622,28.93972,2.331538
623,-10.50514,20.75097
624,0.2242924,22.1642
625,23.20978,11.40963
626,17.61025,1.974165
627,7.37956,-5.537147
628,10.10124,5.680655
629,18.15361,9.892188
630,21.83601,26.09115
631,19.94091,14.92146
632,-1.475135,8.28278
633,-7.943031,-3.830219
634,11.30458,8.819062
635,20.7643,6.118451
636,12.46828,7.275093
637,16.64017,1.672324
638,-11.45466,7.741682
639,7.891755,-8.190833
640,5.29503,24.11116
641,6.695052,20.8704
642,5.536268,15.65921
643,-1.786147,18.38471
644,10.10925,19.37812
645,12.36446,25.65443
646,24.26076,6.211672
647,-2.913374,-0.5345634
648,19.30486,14.99081
649,-7.134083,-5.31856
650,6.658128,-0.8207126
651,13.56779,3.181591
652,9.165157,12.44468
653,16.57652,19.44045
654,13.04035,25.82305
655,12.10189,-7.604383
656,3.820956,7.389069
657,10.48589,11.97492
658,15.89318,17.60414
659,4.465372,18.83929
660,6.583345,25.99912
661,-3.657566,8.821053
662,9.940546,-12.20743
663,28.13562,-7.671818
664,7.351463,3.724133
665,25.14936,4.756451
666,-6.347524,11.70047
667,8.469816,1.854826
668,15.9227,21.05449
669,13.16243,22.88495
670,6.61163,7.602462
671,14.55212,-1.466516
672,5.984364,2.761451
673,-2.990747,18.67975
674,10.47763,13.9604
675,15.70686,3.711452
676,31.10299,3.897385
677,-0.2682848,14.07392
678,15.77137,3.525233
679,-4.961974,27.05419
680,10.78593,2.022093
681,18.0671,31.1079
682,7.007197,16.15708
683,5.324583,16.39802
684,25.69982,3.056635
685,20.72,23.58926
686,2.090151,9.11213
687,14.57106,-6.990855
688,15.51143,-5.554229
689,25.34928,25.96264
690,-2.523716,6.682418
691,-0.2446706,-0.7271909
692,-3.787227,2.679385
693,4.146919,13.84954
694,3.629787,-4.12287
695,27.08326,19.22561
696,9.194675,18.3967
697,12.34312,2.642345
698,7.808154,4.437537
699,11.60988,7.291999
700,5.989497,8.107
701,4.259952,9.585877
702,16.38846,16.90853
703,5.568457,7.260552
704,22.8137,7.456842
705,14.04878,15.9274
706,3.027084,7.60309
707,18.73794,0.02478778
708,28.05616,31.56779
709,-0.3963638,-3.104964
710,-1.199626,12.69042
711,0.7270734,2.26189
712,27.09159,15.82479
713,8.936564,4.499611
714,18.23345,15.64262
715,-0.429218,2.211029
716,15.6607,19.98972
717,14.23374,15.76271
718,5.829822,10.34468
719,4.230915,1.735521
720,12.19179,15.03855
721,5.103175,3.64185
722,7.08866,6.2657
723,0.01341287,14.39395
724,16.07051,12.18371
725,31.6029,8.55297
726,-14.94727,16.5969
727,38.0434,2.138592
728,24.30645,7.067761
729,29.12768,5.911166
730,2.734299,9.551941
731,5.490974,15.10988
732,25.76946,3.324707
733,15.67774,28.04655
734,27.45951,4.004603
735,6.71577,17.91905
736,4.453012,4.265516
737,21.77856,12.28597
738,12.709,12.25582
739,6.460027,2.503197
740,-8.207786,27.72911
741,9.914433,14.1201
742,14.48534,4.178134
743,15.60438,1.94312
744,-1.809368,9.6628
745,16.42695,-3.171427
746,6.084253,10.33377
747,8.627294,-2.30743
748,14.28665,3.929615
749,-11.54532,-20.01888
750,5.575772,10.67374
751,-2.537058,10.25853
752,20.09051,9.33872
753,-8.85235,13.48051
754,4.209417,17.80107
755,10.57944,13.80524
756,1.86462,11.39824
757,10.84852,18.48534
758,-0.7703359,24.88074
759,14.36989,10.3415
760,1.489437,-4.19631
761,26.44959,3.562471
762,-4.266789,3.653826
763,8.976836,18.40393
764,20.77485,13.18247
765,27.63714,19.13911
766,16.29336,8.550992
767,16.87829,14.83276
768,16.82551,9.976617
769,5.165351,6.9856
770,50.97437,19.26007
771,-0.1216837,14.11777
772,-8.032165,11.65195
773,-0.7711908,9.478467
774,7.822278,4.63563
775,-2.542693,31.29946
776,12.41543,10.05657
777,10.44706,6.147121
778,10.02766,15.33033
779,15.52898,5.241399
780,9.747575,11.99029
781,19.98159,14.5416
782,18.36432,-4.59378
783,13.22721,7.873434
784,-0.5568769,6.233604
785,7.476011,16.64447
786,-2.541061,16.41452
787,14.30498,11.84888
788,3.967357,20.72875
789,0.2271643,29.08483
790,11.57322,14.5351
791,2.318771,19.85869
792,1.748142,10.93859
793,17.78253,4.558752
794,-4.290225,4.425946
795,16.53104,4.671925
796,7.546088,10.27894
797,13.15203,8.540096
798,0.5304746,18.33461
799,21.35885,27.10033
800,-0.527498,17.29681
801,12.94586,12.23683
802,20.56008,-0.5277433
803,0.369141,-4.90859
804,10.88581,-2.084885
805,1.047853,14.6625
806,17.28469,1.17794
807,8.224514,18.21265
808,18.79663,1.558912
809,2.294629,11.46264
810,13.16382,15.70806
811,11.96874,22.31844
812,18.1468,1.836594
813,6.30985,10.4237
814,12.49809,13.02343
815,6.254294,28.35686
816,20.57987,19.25847
817,-0.675866,6.132365
818,-2.52902,29.84877
819,2.531129,31.62439
820,16.98884,14.57923
821,2.599834,20.39453
822,6.326382,0.826507
823,13.8971,7.50579
824,-5.493487,19.43579
825,21.96003,24.61082
826,7.303667,2.841022
827,22.35765,1.493998
828,2.104918,5.705926
829,26.18462,-9.62667
830,20.80766,10.34603
831,10.57028,34.39865
832,-7.880563,13.95659
833,6.534681,16.05914
834,6.421189,22.4082
835,2.536329,2.955975
836,17.02943,29.76824
837,-0.4862341,12.23679
838,1.188364,8.102704
839,-3.906957,5.578883
840,5.441873,5.874897
841,18.66013,-4.470882
842,13.33514,3.557717
843,24.12527,18.52547
844,12.98691,17.43439
845,13.35877,9.173119
846,13.41857,-0.07619125
847,5.224356,22.71993
848,10.34212,16.27103
849,-0.3693704,11.25666
850,12.91639,31.99353
851,0.9090181,24.91849
852,-1.409272,9.203924
853,-4.365977,16.91661
854,10.25595,22.35262
855,12.43669,10.23768
856,-1.170456,15.72802
857,-6.229601,23.02026
858,9.663633,25.29418
859,9.05127,12.58227
860,0.8767106,20.08131
861,4.492934,16.61764
862,15.53079,10.37215
863,0.789848,22.08501
864,15.88278,10.7026
865,15.65385,1.855822
866,7.006049,1.034778
867,18.06041,-0.4099859
868,19.50145,22.84672
869,14.34475,-0.5536328
870,6.584492,24.95815
871,0.721706,16.4536
872,8.034842,9.826132
873,22.07318,10.31959
874,8.20879,16.10261
875,-0.6540285,7.41859
876,33.90343,3.274898
877,15.55832,13.55292
878,7.387878,15.86786
879,5.051225,16.53437
880,5.229687,18.39176
881,9.339954,9.981995
882,14.02917,2.41937
883,3.084545,30.35293
884,-9.022234,3.566726
885,8.187902,10.07435
886,4.389926,10.11696
887,17.49107,9.631412
888,25.94192,6.535813
889,14.06103,2.905847
890,4.658055,-5.764765
891,19.84404,19.12729
892,15.56143,9.62353
893,7.178256,14.85566
894,22.64227,4.81697
895,-7.804288,-1.111585
896,-5.118906,7.387376
897,6.152764,14.22517
898,8.551857,24.93599
899,3.134369,-6.632367
900,-1.164893,18.86306
901,48.1905,56.00667
902,48.32863,76.0944
903,31.44145,62.66712
904,37.60916,64.75492
905,52.68577,71.53609
906,48.723,83.29384
907,31.85518,59.35438
908,55.55334,57.31956
909,29.06337,49.34992
910,50.45302,78.01416
911,33.5429,51.27797
912,45.11086,46.34557
913,43.73054,67.13846
914,55.90229,44.41355
915,35.51136,63.02239
916,36.66438,60.00177
917,39.22292,42.76795
918,25.76358,72.0769
919,42.31278,66.04035
920,46.66542,58.45405
921,57.76221,50.79996
922,53.64062,53.19439
923,55.59307,72.58209
924,34.6382,62.93818
925,68.81378,49.40914
926,38.22668,55.08212
927,42.41835,73.77797
928,44.42384,52.0499
929,32.44594,52.46474
930,43.85302,49.00594
931,52.93561,51.52707
932,46.05927,70.18995
933,44.43309,58.9645
934,53.3247,66.99565
935,54.93488,52.0303
936,44.00335,60.1725
937,38.54234,53.11563
938,26.89144,60.17693
939,27.22742,47.07473
940,24.60301,58.44653
941,45.18391,69.45772
942,35.58807,73.17408
943,28.12908,44.06283
944,39.83815,48.70388
945,40.05444,79.05227
946,54.45572,49.34488
947,58.99003,59.51809
948,47.31255,47.80124
949,46.05767,70.08161
950,51.1862,60.57783
951,58.01157,62.87727
952,31.05124,61.88555
953,32.63545,43.24568
954,59.21907,75.16453
955,40.6654,81.79757
956,35.82676,67.83398
957,49.35519,75.29319
958,57.81302,55.61863
959,36.07083,51.26997
960,33.88886,48.83694
961,38.75301,68.91596
962,44.30184,53.37654
963,43.40867,62.64091
964,36.25078,46.24887
965,35.66046,40.16179
966,44.1886,74.18132
967,42.35297,68.86938
968,59.72761,71.64868
969,41.7742,74.69192
970,39.48583,58.30032
971,46.18587,49.02519
972,32.8916,50.17133
973,31.03531,72.2532
974,47.2611,67.1427
975,43.63065,63.04766
976,43.20379,57.58694
977,34.45682,54.82336
978,36.08501,68.00059
979,55.93224,63.07734
980,30.01013,67.8034
981,40.17444,50.23319
982,40.51248,61.16069
983,44.84228,59.17143
984,44.95826,65.09772
985,49.34734,52.56688
986,24.18327,63.48712
987,41.57294,48.41452
988,36.97141,65.02328
989,39.83944,49.22476
990,39.42764,46.07249
991,33.85577,58.8609
992,32.44452,46.98045
993,35.12357,78.56973
994,36.99186,63.62753
995,44.04283,69.94757
996,47.66477,59.80407
997,46.3599,59.65952
998,71.56261,53.91534
999,28.92869,46.33052
1000,47.19929,41.39569
1001,48.15507,83.98581
1002,48.4477,54.65174
1003,35.18339,68.19836
1004,52.26128,50.64056
1005,35.77592,62.37214
1006,43.37792,60.65264
1007,40.40879,53.21294
1008,46.39126,64.80002
1009,61.87996,62.7935
1010,18.99094,54.79462
1011,35.54591,64.34436
1012,50.37548,68.05591
1013,54.54673,60.98913
1014,44.13707,53.40706
1015,45.55372,70.63025
1016,45.68042,41.9937
1017,55.04569,48.46728
1018,37.81383,42.24533
1019,33.56491,78.10993
1020,19.2699,67.18515
1021,37.28481,37.79198
1022,39.77556,44.83249
1023,35.46314,70.30631
1024,40.41439,65.25805
1025,26.7135,60.60958
1026,40.50345,57.22231
1027,29.83138,55.35326
1028,40.04233,60.38692
1029,40.95189,51.6069
1030,51.68887,52.47176
1031,24.69499,50.50501
1032,62.78684,55.41728
1033,21.08624,48.07032
1034,22.0205,45.01294
1035,41.01136,45.20848
1036,41.47629,49.69875
1037,43.15526,69.96187
1038,29.06922,31.39812
1039,33.97264,58.3128
1040,35.58473,46.37667
1041,31.52146,61.44991
1042,38.50949,54.9348
1043,48.51959,45.1665
1044,51.80655,48.92263
1045,59.93333,41.36604
1046,37.52437,65.41436
1047,41.38512,58.3734
1048,59.89985,45.3802
1049,46.32288,49.54236
1050,45.69158,60.92593
1051,36.79516,78.20391
1052,30.70871,70.33036
1053,51.97064,80.70323
1054,50.47091,64.8867
1055,52.55752,66.85835
1056,38.0208,75.94703
1057,47.81833,58.65439
1058,45.85127,67.85252
1059,51.34424,68.26302
1060,37.33317,67.98247
1061,45.61133,63.20619
1062,31.50764,65.71172
1063,28.51895,73.79701
1064,50.74807,53.57638
1065,39.53701,69.93832
1066,49.56372,68.6858
1067,57.41644,42.79595
1068,35.55559,58.52347
1069,42.96314,37.97548
1070,41.98642,55.80981
1071,32.55532,46.44257
1072,32.34528,60.57506
1073,24.44857,51.36618
1074,39.53357,64.53082
1075,28.80983,55.80426
1076,39.83018,55.04155
1077,39.42011,44.53216
1078,42.75812,66.42826
1079,23.17606,56.86704
1080,25.55901,68.7241
1081,18.26403,40.02327
1082,30.70777,63.31014
1083,49.43437,79.62605
1084,41.15351,60.28376
1085,36.17541,65.56798
1086,44.08116,51.84447
1087,43.27453,68.85571
1088,49.39423,60.62898
1089,50.53357,46.03307
1090,42.95269,71.277
1091,30.57404,76.27772
1092,35.20991,69.40798
1093,39.5469,58.25396
1094,40.54202,68.29326
1095,42.14727,63.224
1096,39.30898,55.78019
1097,50.05859,57.09342
1098,43.67538,63.21723
1099,39.79353,43.73809
1100,43.44539,50.19695
1101,41.67813,55.28962
1102,48.594,69.64589
1103,38.46082,61.08416
1104,53.26524,63.82018
1105,49.0517,66.49995
1106,39.31737,67.48604
1107,41.24618,49.47654
1108,37.88715,59.91647
1109,41.14622,63.44699
1110,32.52164,73.23534
1111,41.10812,44.68184
1112,25.34895,55.25141
1113,41.9661,60.38896
1114,40.65187,61.11229
1115,31.38396,66.525
1116,59.78578,38.49133
1117,31.3399,63.09048
1118,40.92554,60.43771
1119,29.67727,66.38073
1120,32.59683,33.86709
1121,20.88727,56.18753
1122,37.8447,51.01321
1123,40.57783,69.06488
1124,59.67326,74.55562
1125,36.6854,50.43604
1126,45.94,57.68176
1127,64.98144,79.71206
1128,36.98331,65.35463
1129,45.67468,55.15185
1130,37.51643,49.06353
1131,51.32067,56.63374
1132,46.13968,46.26812
1133,46.3057,50.07933
1134,58.78482,35.37284
1135,24.40643,58.87376
1136,42.22782,61.23968
1137,19.33637,69.78316
1138,39.09501,60.00454
1139,31.54544,56.18556
1140,46.81052,51.33483
1141,37.31417,60.64799
1142,35.31276,64.61462
1143,47.03397,66.32737
1144,43.20051,64.01385
1145,57.78369,73.30975
1146,51.95346,50.6932
1147,37.04092,60.51894
1148,33.26079,75.71045
1149,45.94416,71.49937
1150,35.73385,46.9001
1151,40.76379,67.68751
1152,35.14554,65.5663
1153,35.66175,56.80016
1154,28.88317,43.26803
1155,31.27264,66.3293
1156,34.13748,60.96088
1157,47.33729,68.169
1158,31.18816,78.43963
1159,37.92156,63.1141
1160,53.294,55.50262
1161,61.38426,59.91205
1162,43.75808,67.45812
1163,38.92632,43.12086
1164,30.63075,79.46695
1165,28.52392,59.14458
1166,34.3243,60.94347
1167,24.5469,64.80247
1168,36.00817,46.68387
1169,21.60583,46.62644
1170,44.03259,64.42778
1171,33.99769,56.55145
1172,43.60366,61.25346
1173,46.92525,54.08689
1174,50.50127,60.62361
1175,53.49198,41.07875
1176,42.67635,55.93246
1177,27.99422,53.68188
1178,39.43207,57.01566
1179,26.77366,63.055
1180,42.40971,49.95729
1181,36.22691,57.21221
1182,38.46163,67.33074
1183,43.78143,65.92309
1184,32.78291,73.01238
1185,34.33231,60.31763
1186,38.62762,57.39558
1187,40.80154,39.94366
1188,34.4872,50.56793
1189,37.28235,51.46425
1190,36.29004,72.62875
1191,27.32446,51.97536
1192,43.01795,72.62218
1193,30.62136,49.73988
1194,51.54357,37.5978
1195,54.47479,52.03507
1196,46.6837,76.38964
1197,36.40191,55.50854
1198,32.79919,57.24132
1199,63.01717,51.67786
1200,30.48439,39.33047
1201,36.6763,87.27119
1202,18.94383,59.33327
1203,43.45898,51.92991
1204,37.48009,68.55787
1205,45.79938,71.73394
1206,39.69381,58.77897
1207,43.60521,51.59496
1208,49.18213,66.20721
1209,25.83677,47.10274
1210,30.90342,53.13581
1211,40.20493,60.96742
1212,46.98463,52.61281
1213,39.37106,46.29081
1214,40.281,59.03583
1215,40.44173,47.78119
1216,37.66053,59.73406
1217,38.11046,44.89672
1218,48.2845,41.49009
1219,49.2973,63.16118
1220,22.48131,74.58899
1221,52.90003,58.66274
1222,39.1711,60.65303
1223,46.23943,65.03093
1224,38.69597,84.08148
1225,40.79527,49.7543
1226,42.84691,57.79911
1227,65.71859,53.45975
1228,32.24807,67.18962
1229,37.50528,72.15233
1230,46.19626,63.37228
1231,46.93901,50.99902
1232,30.82879,59.55766
1233,53.35965,52.76179
1234,48.15439,68.73672
1235,33.21166,38.87962
1236,29.92048,77.03939
1237,37.6465,56.99416
1238,35.9354,77.82079
1239,47.70036,64.47489
1240,25.77065,62.45383
1241,41.92523,57.7624
1242,34.45473,60.32253
1243,30.77576,52.58115
1244,26.14364,66.58151
1245,47.21836,51.68076
1246,55.78841,57.97879
1247,43.2989,56.97968
1248,40.87212,27.31616
1249,49.88417,32.45283
1250,20.55912,57.01987
1251,25.06116,44.75805
1252,26.01595,55.76411
1253,37.25416,65.31094
1254,53.36999,53.56238
1255,38.84896,56.97574
1256,39.51915,61.65769
1257,37.02022,69.50709
1258,50.74908,56.24477
1259,35.7051,58.49562
1260,44.44394,67.48245
1261,54.81738,61.41306
1262,45.88216,63.42376
1263,39.53611,65.04189
1264,44.80203,50.21186
1265,29.91771,71.56391
1266,25.37846,64.61015
1267,41.21589,64.27742
1268,51.48426,68.011
1269,59.85225,60.61618
1270,51.70456,47.81819
1271,47.91999,46.15824
1272,41.99199,65.34492
1273,53.38919,71.59792
1274,50.13654,58.47133
1275,43.55886,50.07811
1276,44.48821,73.62916
1277,27.92514,67.88335
1278,36.57076,72.47042
1279,35.29817,65.07594
1280,51.4997,63.69956
1281,49.04667,65.28074
1282,38.21852,56.44799
1283,35.58804,44.72433
1284,27.65341,61.1188
1285,41.22976,53.65146
1286,32.00885,46.29029
1287,46.49651,55.93187
1288,25.12809,45.54561
1289,31.50795,35.04832
1290,32.441,70.15026
1291,50.46987,56.49627
1292,53.02414,48.18963
1293,46.28482,64.75075
1294,21.90914,60.49558
1295,38.16132,56.99729
1296,32.70623,53.86508
1297,30.58785,74.07853
1298,42.87658,64.60489
1299,41.16918,50.85736
1300,40.4065,56.96268
1301,27.98043,54.99941
1302,39.86144,65.40418
1303,44.06916,58.01787
1304,41.27358,47.03271
1305,29.50536,50.07637
1306,42.72526,52.06594
1307,55.88999,57.75395
1308,43.43729,45.53989
1309,45.21592,56.23551
1310,21.46886,50.97331
1311,40.8175,63.63504
1312,34.89724,64.74254
1313,38.82377,54.30612
1314,39.81253,61.8196
1315,42.25532,62.65005
1316,44.36548,49.87988
1317,31.58178,55.53971
1318,35.25133,53.15157
1319,50.77632,74.22147
1320,46.64062,37.81122
1321,50.71756,53.06595
1322,49.07775,59.12901
1323,26.63234,64.19727
1324,48.79625,38.62079
1325,22.20029,73.11573
1326,44.41,53.04649
1327,63.88825,48.97889
1328,33.57092,63.84941
1329,44.85232,62.17386
1330,43.81482,57.73569
1331,32.16317,58.71496
1332,34.76834,55.57443
1333,27.02004,60.16687
1334,36.84926,46.01221
1335,36.16788,68.04738
1336,54.34972,51.9426
1337,47.11679,77.18788
1338,57.4229,32.305
1339,52.18029,65.10573
1340,51.85909,67.51661
1341,49.03182,60.34069
1342,45.43005,59.77699
1343,33.16007,67.7972
1344,28.07412,60.4441
1345,37.39232,60.04588
1346,41.7159,54.8672
1347,32.7979,73.65913
1348,48.73786,49.54446
1349,55.61709,57.06916
1350,26.59618,54.89858
1351,42.08567,40.12172
1352,52.21176,52.75539
1353,36.55513,62.31943
1354,31.43811,50.33373
1355,40.87347,69.90448
1356,25.97094,68.05602
1357,35.18777,47.83521
1358,30.72323,53.49924
1359,41.99314,50.87471
1360,30.88503,59.03542
1361,55.63384,51.22741
1362,37.70752,54.48603
1363,27.17879,73.22714
1364,55.74353,35.89603
1365,25.66439,58.53562
1366,17.00957,68.39096
1367,43.95091,61.0425
1368,38.8072,53.42418
1369,40.30421,55.30517
1370,39.78672,57.06535
1371,63.90414,56.32496
1372,48.88094,67.82444
1373,58.40254,79.28048
1374,39.70721,64.78928
1375,47.59079,51.5511
1376,44.84636,52.34264
1377,21.27829,50.89752
1378,56.59843,65.83452
1379,37.48017,57.39704
1380,49.15954,46.12192
1381,37.66307,57.0688
1382,41.86126,63.41366
1383,51.73052,66.6951
1384,47.64847,58.08665
1385,35.17402,56.00186
1386,45.44158,84.85019
1387,63.14872,70.52519
1388,42.08557,54.22347
1389,46.01514,58.37922
1390,42.11817,66.59673
1391,26.51054,64.8716
1392,28.67938,67.39531
1393,29.98758,56.67641
1394,23.97532,53.69432
1395,54.47663,68.48247
1396,25.66849,56.62032
1397,36.40398,63.52458
1398,37.76594,48.95203
1399,44.49676,53.93384
1400,41.21254,67.43937
1401,14.46949,62.26729
1402,26.00632,58.30301
1403,47.84569,51.46759
1404,44.96501,81.81427
1405,52.12286,65.78259
1406,34.2726,65.021
1407,36.36313,63.94629
1408,20.33037,62.20769
1409,58.24481,54.45848
1410,28.1422,76.06569
1411,40.83747,60.21198
1412,29.58027,51.32616
1413,41.68749,56.74836
1414,19.3453,49.81644
1415,39.10978,59.98583
1416,30.06011,59.57409
1417,30.11872,48.14224
1418,26.80173,69.78267
1419,41.4497,56.78115
1420,39.84126,49.97964
1421,59.78358,61.26106
1422,45.44818,64.82023
1423,58.4162,58.58034
1424,36.46915,65.33484
1425,47.39338,54.89619
1426,55.97659,75.71833
1427,25.90733,51.43085
1428,56.32167,55.58431
1429,59.47724,54.72548
1430,36.04946,34.22141
1431,34.61991,75.20385
1432,40.56393,60.7759
1433,23.05746,43.83699
1434,49.64375,49.0249
1435,22.87106,59.36683
1436,41.12026,55.79939
1437,55.2759,52.32505
1438,45.41858,69.30771
1439,42.58969,48.27374
1440,59.78563,54.97828
1441,46.41741,52.72119
1442,13.42948,57.03562
1443,50.9471,56.93176
1444,46.0973,47.2256
1445,34.89751,71.07395
1446,26.31495,49.99565
1447,30.89327,79.22578
1448,43.23482,46.73741
1449,44.94405,50.6335
1450,45.22232,80.58161
1451,7.826419,39.47855
1452,33.07619,72.86371
1453,52.04657,62.56454
1454,41.67568,60.35936
1455,55.84756,67.5848
1456,36.04547,49.41498
1457,36.28569,60.10168
1458,45.72856,50.07189
1459,39.05539,54.94165
1460,20.2726,48.62656
1461,27.33974,51.36997
1462,46.13468,55.69144
1463,44.96999,65.99128
1464,46.39057,67.48663
1465,47.08233,60.20998
1466,36.53939,60.50986
1467,38.75325,61.35403
1468,42.64909,57.29917
1469,23.09582,70.34206
1470,42.44851,44.21829
1471,33.49563,71.32774
1472,47.07288,55.7378
1473,24.9612,53.32379
1474,45.48775,65.85651
1475,59.20356,68.74465
1476,44.00992,50.52786
1477,43.68642,83.65863
1478,41.87053,51.92226
1479,43.72969,46.00091
1480,38.52629,76.75724
1481,53.42536,73.632
1482,39.33739,51.29871
1483,36.66598,51.51536
1484,41.96913,61.30644
1485,35.25198,60.78493
1486,33.56147,59.85432
1487,33.07125,49.41556
1488,48.44303,51.90851
1489,40.75025,68.0989
1490,50.35784,54.57351
1491,44.57279,78.77867
1492,24.52693,68.57829
1493,54.20255,63.61836
1494,41.30357,66.8662
1495,37.41374,71.92524
1496,26.86204,55.37459
1497,39.55137,43.2294
1498,47.00566,53.65933
1499,38.12361,57.12999
1500,37.52485,80.64694
1501,39.20578,62.21249
1502,52.36179,58.99351
1503,45.0324,47.69177
1504,40.86912,38.84561
1505,48.08253,68.39592
1506,54.8749,66.84655
1507,24.57269,71.18354
1508,35.00761,57.033
1509,43.44146,65.25961
1510,43.16221,47.03518
1511,34.24286,62.92888
1512,43.58324,56.57035
1513,36.35557,67.91737
1514,35.1833,55.00228
1515,44.51795,68.3382
1516,54.39144,37.30894
1517,45.86727,87.3137
1518,39.09084,66.78102
1519,27.79925,58.74917
1520,33.06475,78.47807
1521,23.54635,55.19841
1522,43.46392,64.71713
1523,35.42679,54.08204
1524,34.19314,71.58672
1525,10.8867,68.44097
1526,56.59104,64.011
1527,47.3817,56.87357
1528,38.49504,60.46255
1529,52.51262,67.06044
1530,44.5458,57.88389
1531,44.03849,53.62613
1532,36.41589,56.97656
1533,50.31431,61.40527
1534,30.72297,53.84722
1535,29.87761,61.21636
1536,59.26816,69.29843
1537,35.04088,61.20282
1538,44.87322,43.20948
1539,29.24664,51.7367
1540,50.04572,53.45699
1541,47.97724,69.38969
1542,29.6133,70.91985
1543,30.89345,61.36776
1544,31.74421,58.71527
1545,36.60416,56.83749
1546,47.78417,53.40695
1547,23.22726,57.4777
1548,51.37993,65.01276
1549,31.36008,63.86529
1550,46.77678,65.41522
1551,44.1524,46.76581
1552,41.43843,54.11403
1553,53.77942,55.54833
1554,33.7694,79.58607
1555,35.79716,55.52056
1556,30.53843,72.95658
1557,46.22857,34.53551
1558,39.67892,62.87499
1559,36.81919,52.38703
1560,34.27178,48.92915
1561,42.32842,63.12152
1562,46.33527,63.28707
1563,53.53398,51.14082
1564,40.61128,50.21093
1565,50.62107,40.45209
1566,36.47783,78.33963
1567,52.38983,64.53774
1568,30.01806,75.31725
1569,39.00967,50.87296
1570,22.71875,67.99089
1571,61.24,65.89064
1572,39.18396,65.65822
1573,44.69035,57.93645
1574,58.0471,69.76289
1575,51.25563,61.33045
1576,46.92124,83.3785
1577,46.25302,66.06521
1578,52.40546,66.73065
1579,40.28902,53.28891
1580,44.73831,63.29274
1581,43.15397,65.65951
1582,44.85846,77.73084
1583,42.86439,67.90505
1584,56.25276,58.54541
1585,51.62415,67.15461
1586,44.7667,61.48524
1587,48.91067,66.60661
1588,20.23477,59.03073
1589,18.98427,70.79776
1590,16.33768,68.84142
1591,49.40031,47.88199
1592,41.66533,67.50779
1593,59.2293,74.68412
1594,58.47326,53.63286
1595,62.36667,50.95881
1596,21.85536,54.86045
1597,40.38865,61.31855
1598,40.74187,47.65873
1599,58.00854,42.82972
1600,45.35452,41.83214
1601,66.66133,50.6532
1602,33.77558,62.47507
1603,48.09134,64.89226
1604,40.08256,51.44899
1605,29.58933,58.19596
1606,43.58031,65.94927
1607,53.30803,36.98284
1608,28.87137,51.90188
1609,56.40753,62.59392
1610,29.47485,32.19725
1611,33.29645,67.43765
1612,38.72936,56.59565
1613,32.29439,53.9696
1614,32.41527,48.44307
1615,45.76281,64.38473
1616,33.8258,59.16824
1617,22.67527,54.22386
1618,13.19942,60.1388
1619,29.50579,55.28771
1620,45.70325,56.31371
1621,43.70217,61.486
1622,29.53128,66.01217
1623,34.58708,54.27694
1624,51.84493,61.97
1625,46.43159,55.3816
1626,47.37223,63.45379
1627,28.52821,68.99037
1628,53.74314,61.20763
1629,29.91581,63.06654
1630,51.85804,68.08115
1631,24.65317,60.97069
1632,45.07661,64.13075
1633,34.09175,59.97359
1634,49.69564,67.62843
1635,43.0814,55.20282
1636,36.45465,50.92306
1637,45.95494,50.09121
1638,34.86304,61.43269
1639,31.35199,65.54097
1640,28.85687,70.20236
1641,38.01644,45.00452
1642,39.33137,61.01991
1643,45.43656,53.36308
1644,21.14175,39.8683
1645,52.64809,71.72782
1646,36.58138,39.92153
1647,36.92193,64.58077
1648,17.71107,64.94933
1649,43.15869,54.23448
1650,47.18889,60.86159
1651,43.73414,62.9692
1652,46.89299,65.56661
1653,42.87272,43.29337
1654,40.53452,61.72891
1655,48.3142,54.04765
1656,38.05576,45.26198
1657,22.1779,68.1016
1658,56.94227,86.55324
1659,34.75308,55.7262
1660,33.97889,52.78297
1661,40.91016,65.19449
1662,33.7199,57.27735
1663,49.14691,64.16595
1664,48.61678,65.28603
1665,28.11857,45.33089
1666,20.4317,51.46033
1667,50.93737,74.1835
1668,22.29103,75.65685
1669,43.51035,58.55402
1670,60.11132,58.98568
1671,61.21623,69.80801
1672,48.33622,41.19602
1673,33.39445,65.82391
1674,29.34521,59.85588
1675,54.38664,80.36837
1676,34.7127,57.47011
1677,40.33881,57.22665
1678,62.24166,51.57828
1679,40.15035,56.58465
1680,38.71685,70.14773
1681,39.12633,60.63593
1682,51.69781,63.27919
1683,25.68791,40.27335
1684,47.94294,43.08792
1685,67.88265,60.98403
1686,26.55077,50.80384
1687,46.29426,47.39325
1688,31.52882,62.19854
1689,57.78245,63.38965
1690,38.04019,67.43048
1691,37.7145,51.81503
1692,62.57692,60.83238
1693,28.86001,51.2246
1694,41.62214,58.10787
1695,23.74967,67.99766
1696,46.85755,54.24618
1697,37.5762,62.86578
1698,56.43054,64.46652
1699,23.42326,62.49845
1700,44.27762,57.30138
1701,40.88654,73.0129
1702,35.14983,69.20756
1703,24.17791,55.47302
1704,41.70554,59.55818
1705,36.33261,42.50658
1706,39.01491,47.29492
1707,44.81983,67.23057
1708,40.07327,53.91739
1709,30.90242,79.43702
1710,36.81031,51.52639
1711,43.03812,57.54671
1712,32.79469,64.19816
1713,37.48284,63.44551
1714,45.29159,76.73057
1715,35.24219,55.9317
1716,38.39624,63.38412
1717,34.79193,55.69379
1718,48.43391,46.13215
1719,59.01439,65.74738
1720,35.53231,63.11478
1721,40.90201,74.3216
1722,41.53148,42.03367
1723,35.52626,83.71515
1724,27.84255,60.091
1725,43.60266,62.19615
1726,24.29746,62.7834
1727,30.38543,52.90134
1728,52.67648,32.67734
1729,36.9756,68.24067
1730,37.8756,68.28506
1731,48.75739,53.39937
1732,56.86054,59.49221
1733,57.58251,67.85455
1734,42.30235,54.44661
1735,56.72005,71.69892
1736,34.09218,56.2818
1737,47.25593,56.96026
1738,23.48291,54.36535
1739,23.12866,65.25963
1740,51.5916,62.71912
1741,20.53896,47.69149
1742,51.81452,52.07644
1743,48.44256,51.18517
1744,62.44255,45.78976
1745,17.27593,60.46275
1746,53.77579,65.79631
1747,37.08417,63.94993
1748,47.97955,55.61669
1749,35.22937,74.55077
1750,26.42555,55.0765
1751,40.20962,64.5191
1752,58.95403,59.6799
1753,17.21381,69.54397
1754,32.95241,52.18707
1755,59.68467,40.53054
1756,30.58042,63.08007
1757,48.74949,70.51133
1758,50.65636,59.32031
1759,40.4251,50.73494
1760,45.28402,51.53691
1761,34.34718,47.58747
1762,38.59024,51.33721
1763,40.71961,74.12315
1764,40.37913,50.36806
1765,47.26266,70.09016
1766,34.55216,56.49265
1767,42.125,66.37105
1768,56.81907,44.97096
1769,53.69397,66.83374
1770,45.11847,74.85613
1771,27.42444,66.70893
1772,11.50407,56.95046
1773,49.0322,62.76543
1774,23.48502,75.85309
1775,50.98872,71.68141
1776,27.57767,62.33503
1777,47.66222,65.10868
1778,45.13893,67.17903
1779,45.78568,69.31007
1780,47.92223,65.00936
1781,48.03205,47.78571
1782,43.65009,56.48259
1783,28.54301,59.48517
1784,48.14451,60.26351
1785,30.73458,53.41976
1786,41.65806,72.97177
1787,47.42073,72.11551
1788,54.31567,51.07155
1789,37.98036,67.0989
1790,58.32997,63.25209
1791,43.19876,60.36072
1792,28.11309,72.51996
1793,37.01089,69.21339
1794,32.97436,69.77639
1795,34.20864,61.29887
1796,31.93696,62.87588
1797,30.94324,70.95922
1798,43.49319,59.84101
1799,27.81164,72.67459
1800,32.15255,42.51905
1801,51.29612,79.81878
1802,38.0315,54.71503
1803,29.27812,62.24455
1804,44.40411,68.84855
1805,23.34787,61.94084
1806,49.36656,64.14016
1807,17.60005,69.14876
1808,30.85341,54.0978
1809,44.90497,63.7959
1810,57.36587,58.50857
1811,49.0943,69.75703
1812,26.6611,68.32285
1813,40.70467,53.43072
1814,28.55086,56.30226
1815,36.25912,59.3196
1816,48.98826,66.10667
1817,33.26312,69.86829
1818,32.02353,58.18483
1819,27.30424,55.4792
1820,51.44975,71.13834
1821,59.81329,47.9164
1822,51.14651,60.196
1823,61.69583,47.11762
1824,36.56804,68.23382
1825,40.64832,66.75034
1826,45.86368,68.31128
1827,44.60644,60.16793
1828,35.88663,49.38532
1829,57.68279,60.16859
1830,51.6255,49.49683
1831,42.5861,62.54503
1832,46.0202,56.69676
1833,46.45453,58.70955
1834,38.30502,49.6469
1835,48.84556,65.31183
1836,30.15666,63.67134
1837,38.53791,56.76666
1838,23.9704,68.72659
1839,50.02861,63.9783
1840,45.18616,61.15616
1841,43.502,73.08999
1842,44.7494,43.9657
1843,60.56076,43.47697
1844,51.11581,80.65344
1845,35.88928,62.03462
1846,32.33509,52.6811
1847,49.07877,68.18728
1848,50.33895,64.57106
1849,49.26652,79.60231
1850,18.55579,68.16774
1851,41.00905,45.10266
1852,28.00344,61.47371
1853,18.14624,60.1302
1854,53.95843,68.46303
1855,52.5372,68.16769
1856,38.93926,62.98392
1857,29.05058,62.4427
1858,41.75223,64.63294
1859,37.64791,47.91551
1860,48.79252,64.57806
1861,51.77635,55.95868
1862,27.10765,58.84145
1863,38.6845,49.5615
1864,44.48639,56.53763
1865,23.60541,43.46694
1866,38.7037,61.0992
1867,43.00739,55.95437
1868,51.56791,63.63943
1869,25.26915,63.87523
1870,42.56982,67.66801
1871,38.08915,64.5408
1872,34.78496,45.51393
1873,35.88933,55.3666
1874,47.22242,66.03583
1875,51.96253,51.7511
1876,40.78976,59.28554
1877,41.27407,67.80852
1878,44.66972,69.17705
1879,39.15088,54.56051
1880,29.16955,64.9487
1881,31.77423,66.87607
1882,53.4651,62.77485
1883,40.41047,72.14114
1884,42.61213,59.06376
1885,39.57467,62.27438
1886,54.50277,49.35228
1887,57.91767,56.73445
1888,45.64944,53.13589
1889,21.88918,49.30231
1890,51.04494,68.31933
1891,42.09716,72.15952
1892,43.04227,53.48632
1893,47.14463,56.0835
1894,45.62461,77.81975
1895,55.20789,58.71653
1896,36.05181,53.08629
1897,43.73998,58.94337
1898,34.23256,65.07769
1899,20.95196,74.2487
1900,32.88314,79.69149
1901,38.36533,59.0739
1902,44.56165,52.40328
1903,39.33794,70.14443
1904,49.1245,67.76719
1905,22.91567,56.11771
1906,45.63892,47.58675
1907,42.75653,63.07043
1908,46.39609,68.40751
1909,46.88703,66.433
1910,54.88489,75.612
1911,34.0548,57.12219
1912,37.38898,62.3226
1913,48.23034,62.03111
1914,54.79647,59.39724
1915,59.52773,50.58208
1916,50.2512,67.96679
1917,46.22677,54.53655
1918,48.98464,58.14621
1919,45.09392,64.88113
1920,44.77223,44.4438
1921,34.00083,59.08957
1922,28.31505,36.30374
1923,53.05011,67.34682
1924,25.10745,42.70245
1925,46.08558,61.97675
1926,50.62893,45.19788
1927,46.68802,47.42063
1928,43.07386,77.93637
1929,36.70228,53.66054
1930,11.47373,68.61527
1931,42.08087,66.43765
1932,37.96224,52.46353
1933,28.30779,70.53446
1934,59.18555,62.19979
1935,43.39802,63.35423
1936,37.68739,55.33306
1937,48.85135,64.6936
1938,42.29553,61.3545
1939,53.10208,61.65183
1940,44.18706,56.29505
1941,47.34497,61.47757
1942,34.5298,67.07189
1943,22.82447,57.02137
1944,48.27827,53.97093
1945,45.27673,52.04495
1946,44.17967,64.35678
1947,33.85752,60.59858
1948,29.57068,55.91483
1949,43.5061,62.07275
1950,26.33832,73.38955
1951,13.77208,64.03381
1952,37.39434,60.17785
1953,25.09434,55.0823
1954,41.91991,45.2935
1955,54.31478,53.6106
1956,42.18649,61.34159
1957,47.74056,60.98222
1958,38.6671,54.8464
1959,34.33136,63.66866
1960,45.49676,46.21109
1961,48.64805,50.69878
1962,59.7194,53.67238
1963,48.14389,64.17408
1964,55.16922,76.47846
1965,51.50727,65.82463
1966,42.69824,71.33099
1967,52.7367,66.52017
1968,44.49347,44.03264
1969,42.79715,51.57061
1970,50.60694,52.83994
1971,37.5125,68.15924
1972,46.73844,65.58825
1973,30.74257,54.61627
1974,52.50878,63.62914
1975,18.06539,67.96441
1976,36.22066,49.6668
1977,26.8746,69.52796
1978,46.44655,53.95027
1979,37.5481,59.69554
1980,26.17275,73.02736
1981,42.92903,70.03363
1982,36.25652,64.53602
1983,32.71939,57.83974
1984,45.61599,61.58367
1985,39.26789,57.98376
1986,34.55469,66.68845
1987,36.45908,70.13852
1988,41.83166,77.96375
1989,25.83818,63.53773
1990,27.9007,58.79853
1991,41.00502,68.62589
1992,34.09975,75.41777
1993,29.14662,51.12136
1994,41.39825,53.92034
1995,54.13261,51.89971
1996,36.2243,62.59828
1997,29.95055,56.40722
1998,46.80503,70.14497
1999,41.96831,67.27118
2000,12.71827,62.29628
2001,44.39297,59.58195
2002,24.46523,63.57868
2003,29.6177,59.74445
2004,21.74248,50.45285
2005,29.35508,70.05808
2006,27.22644,75.18532
2007,51.79697,61.69157
2008,44.62026,47.41006
2009,34.06684,52.82305
2010,43.62076,50.27394
2011,42.41596,68.93131
2012,49.61633,54.8229
2013,33.73294,67.42624
2014,55.72386,76.51932
2015,27.83457,62.72257
2016,49.89798,51.15889
2017,60.58085,69.45195
2018,56.16207,70.20759
2019,51.31114,74.59144
2020,40.39541,54.17054
2021,52.45226,55.42988
2022,45.69188,51.24299
2023,45.85658,65.63105
2024,55.69338,65.96501
2025,36.04146,62.1499
2026,28.33257,70.274
2027,41.79587,77.08113
2028,38.54986,81.29447
2029,40.67175,54.77458
2030,38.67076,67.80664
2031,35.75459,52.14807
2032,47.64047,62.95349
2033,44.38814,50.86422
2034,55.07092,45.49946
2035,47.48012,58.80583
2036,40.05356,72.84874
2037,41.29422,67.83528
2038,36.53526,78.04978
2039,23.52244,51.33826
2040,42.98621,55.51208
2041,25.60867,47.51016
2042,31.30385,71.48902
2043,54.79936,68.69215
2044,33.32064,69.45271
2045,42.24906,47.52644
2046,29.504,48.87712
2047,31.42953,52.80237
2048,51.66205,57.32732
2049,38.16498,53.45429
2050,44.65573,61.14825
2051,68.77616,-23.90883
2052,56.22534,-5.294665
2053,84.62974,-8.592495
2054,95.91765,-17.08491
2055,66.93266,-3.231932
2056,68.5361,-26.18595
2057,76.53591,-3.304326
2058,76.23439,-11.4189
2059,54.16949,-19.01123
2060,72.58262,-16.83923
2061,81.56219,-1.694383
2062,67.99164,-17.64808
2063,64.71255,-14.86299
2064,70.76205,-13.4053
2065,80.15953,-1.895146
2066,64.54891,-1.18837
2067,72.76769,-1.913954
2068,79.9837,-20.64003
2069,79.13871,3.93355
2070,44.28213,1.785785
2071,64.1403,-9.613207
2072,59.16926,13.10082
2073,81.54203,8.749848
2074,74.12215,-22.66961
2075,69.51984,-12.94162
2076,80.76502,-7.238871
2077,54.98248,-5.827399
2078,63.85516,-1.502977
2079,70.24579,-22.48083
2080,64.31788,-12.37871
2081,86.6356,-20.3488
2082,84.94551,-11.81974
2083,84.22009,0.2136558
2084,64.29858,-7.748638
2085,78.10973,-14.83134
2086,75.86112,-11.63541
2087,90.31363,-6.734307
2088,62.72575,-18.50824
2089,75.54213,-4.170342
2090,65.45658,-10.57994
2091,61.91086,-20.55287
2092,59.13503,-18.54382
2093,60.52482,4.002958
2094,80.68502,-10.62564
2095,66.77925,-6.613982
2096,66.15932,-12.41949
2097,66.32986,-0.9856625
2098,63.90113,-8.54786
2099,82.86773,-7.530378
2100,85.21556,-24.69871
2101,67.60797,6.669538
2102,66.35771,-24.43254
2103,65.34889,-16.15385
2104,95.9356,-13.87495
2105,55.30122,-3.164437
2106,53.70588,-22.06458
2107,58.04943,-2.860465
2108,75.83075,-11.85008
2109,61.31218,-19.0784
2110,77.7234,-2.877346
2111,85.97016,-17.81126
2112,68.26376,-19.15556
2113,77.10473,-19.01528
2114,78.19132,-8.509058
2115,65.10429,-3.43562
2116,79.52807,-27.63379
2117,75.18258,-6.52501
2118,73.22818,-3.601662
2119,67.87865,6.67004
2120,67.49999,-3.656658
2121,68.73451,-14.8505
2122,68.80344,0.2036219
2123,70.23388,-1.111902
2124,74.11479,-7.362882
2125,52.94662,-26.11158
2126,61.4234,4.10658
2127,75.64492,-27.29068
2128,70.19157,-15.42674
2129,57.02136,-28.37956
2130,62.74637,-13.188
2131,65.85207,-20.20264
2132,74.1682,-9.089777
2133,69.75043,-0.3842613
2134,57.04818,-16.48449
2135,78.25997,-7.99833
2136,63.72304,-24.23505
2137,64.25357,-12.80524
2138,60.51129,-0.3604612
2139,64.83588,-2.828358
2140,64.00904,-28.74335
2141,84.36928,1.672451
2142,65.89382,-9.091981
2143,66.97235,-19.93247
2144,84.08383,6.852012
2145,68.23765,2.762476
2146,72.25073,-17.15958
2147,55.23472,3.789266
2148,75.93697,-4.40856
2149,68.67339,-4.801611
2150,56.01145,-17.8486
2151,77.52585,-15.70033
2152,88.95077,-19.44843
2153,61.68007,8.509057
2154,94.70014,-6.385033
2155,66.70215,-29.73264
2156,77.82463,-10.06171
2157,87.91064,-30.96477
2158,61.9166,-8.82706
2159,80.87708,-0.7162395
2160,80.89673,-23.38986
2161,66.70298,4.803512
2162,63.19015,-20.61243
2163,76.81372,-26.90243
2164,65.06876,4.386009
2165,95.32207,-16.98335
2166,57.72157,-15.60494
2167,55.37355,0.1582913
2168,69.38057,-12.99076
2169,67.81506,-4.811255
2170,76.97593,-8.36036
2171,77.27475,4.903346
2172,83.35947,-22.26367
2173,61.09789,-14.29766
2174,65.82687,-19.21419
2175,74.95858,-4.134062
2176,62.60687,13.20539
2177,51.71922,-0.1788583
2178,74.93252,-0.5864232
2179,79.38506,-19.2217
2180,75.77722,-26.50406
2181,58.46342,-15.13272
2182,75.47081,-22.60266
2183,44.91439,-5.197128
2184,68.68961,12.47448
2185,61.03369,0.7950336
2186,58.83893,-2.276435
2187,82.02278,-8.854354
2188,70.77446,-12.75299
2189,79.77536,-28.66915
2190,74.93503,-3.32777
2191,72.12925,-12.27785
2192,80.84457,-2.636685
2193,57.63159,-1.221671
2194,80.52416,6.845383
2195,63.2352,-24.72682
2196,82.18422,-29.51219
2197,97.35694,-2.163071
2198,60.78475,-31.03982
2199,70.74291,-22.15998
2200,74.0169,14.51656
2201,66.91939,-12.24789
2202,76.09503,4.343313
2203,81.78097,-8.727156
2204,80.09553,-4.232298
2205,73.32889,1.538375
2206,62.58947,4.468431
2207,67.35439,-16.61995
2208,86.32658,-14.45837
2209,71.04987,-2.683244
2210,83.78762,26.49733
2211,74.85747,-5.059505
2212,77.72216,6.093524
2213,68.97789,-4.123292
2214,59.17707,-14.73758
2215,50.49705,-17.90728
2216,80.156,6.28412
2217,73.31786,-9.305126
2218,59.61196,-4.425068
2219,68.88152,-9.893832
2220,88.66383,-7.909438
2221,54.22847,-16.32238
2222,71.32836,2.896152
2223,77.83042,-5.410922
2224,72.29527,-1.643808
2225,60.87722,-22.1124
2226,90.33483,-5.948239
2227,74.31378,-20.85082
2228,73.68492,-4.392175
2229,67.73081,-18.78214
2230,70.87401,-13.91332
2231,58.89813,-1.263629
2232,61.02102,-13.00759
2233,63.88495,4.276434
2234,60.26458,0.7716272
2235,70.30639,-11.66815
2236,73.19178,-4.823114
2237,58.26951,-13.58154
2238,73.826,-5.296699
2239,76.70216,-7.703344
2240,69.07478,2.692738
2241,55.76127,-27.63965
2242,84.63778,0.841825
2243,74.96148,11.91875
2244,57.6636,-23.91239
2245,64.04885,-6.910765
2246,71.5033,-0.02369585
2247,82.15275,-21.6081
2248,63.34114,-25.3215
2249,73.77465,-8.064701
2250,72.78902,-25.23712
2251,60.628,-17.69653
2252,70.46724,-13.25096
2253,71.33598,-35.30176
2254,78.18223,-4.003611
2255,65.29634,-14.71507
2256,79.06381,-17.52429
2257,59.79717,-15.80204
2258,77.98643,0.14855
2259,79.18679,-22.84098
2260,61.1682,-17.87923
2261,73.55363,3.718564
2262,71.21541,-7.743013
2263,72.69725,-10.52523
2264,66.1658,8.654269
2265,66.57901,-7.96869
2266,77.53841,-7.255456
2267,68.90079,-1.174505
2268,75.15744,-4.303189
2269,60.93241,-19.6263
2270,70.77527,-15.19386
2271,61.57277,-19.84966
2272,74.40188,-12.65376
2273,76.09887,-8.812416
2274,63.0071,4.700768
2275,55.08188,-13.81331
2276,62.74949,-7.885534
2277,69.52172,-11.22383
2278,72.21619,1.537016
2279,86.36201,-19.03397
2280,57.06537,-8.751387
2281,65.3979,-1.594234
2282,62.21588,-17.88168
2283,66.55029,-26.34649
2284,63.71606,-2.147129
2285,61.24889,11.37515
2286,67.01504,-13.9139
2287,76.54024,7.571401
2288,51.77094,-18.34046
2289,85.88293,3.30276
2290,61.10013,-12.41815
2291,59.85202,-5.652476
2292,75.82624,-20.09061
2293,61.68382,-13.30922
2294,57.11461,-14.71895
2295,77.37225,-1.998448
2296,56.9189,-5.607814
2297,68.24066,-16.7783
2298,70.99341,-20.21861
2299,55.90017,-24.42781
2300,65.72708,-12.62672
2301,86.9104,-2.218481
2302,60.30796,-21.13974
2303,58.89599,-13.65608
2304,64.42315,2.896175
2305,68.26449,-1.292433
2306,60.80457,-16.41014
2307,74.24806,-23.90477
2308,68.40987,-1.351733
2309,75.19914,-17.88874
2310,53.99338,-16.79015
2311,64.66423,-11.21753
2312,78.41882,-8.131473
2313,90.1256,-24.57763
2314,78.52343,-23.97729
2315,69.83008,-6.202702
2316,76.66716,-10.95484
2317,73.33869,-14.50632
2318,54.61538,0.822026
2319,75.07177,2.72507
2320,72.55125,16.4744
2321,75.25325,4.462009
2322,63.05424,-12.70489
2323,74.84572,-6.913638
2324,81.29542,-18.13609
2325,86.43307,1.7146
2326,58.70364,-4.059786
2327,50.14929,-14.31598
2328,63.98909,-11.18955
2329,65.58124,-11.16373
2330,78.43384,1.611536
2331,81.6864,-7.565635
2332,71.32661,-24.2114
2333,56.50423,-0.6708519
2334,66.49155,-11.93227
2335,77.01996,-7.084207
2336,83.91402,-1.37213
2337,69.80927,-12.62827
2338,59.75429,1.039816
2339,97.82028,-16.56395
2340,91.93916,-1.150087
2341,67.92403,-17.03266
2342,61.81742,9.498615
2343,71.14845,-8.638981
2344,66.59299,-32.46637
2345,68.46967,-30.53499
2346,75.83458,-3.566499
2347,79.48316,-30.80059
2348,63.92749,-11.3843
2349,67.65975,-9.337537
2350,67.92516,4.484799
2351,65.09831,-11.52629
2352,70.69653,-15.15048
2353,77.50496,-9.722227
2354,88.75939,-10.3208
2355,66.10896,-26.77577
2356,48.80508,-22.4844
2357,77.87479,-5.751227
2358,74.65789,-8.919705
2359,82.11505,-1.623908
2360,73.36298,-14.60543
2361,71.40567,-4.340033
2362,58.62062,-10.19077
2363,65.29806,2.156136
2364,72.86081,-11.82809
2365,71.3769,-9.252214
2366,84.13732,8.626088
2367,70.62952,-29.13831
2368,74.71705,-17.16086
2369,69.74262,-8.386807
2370,72.60228,-4.416259
2371,62.13006,-22.79853
2372,60.11729,11.88867
2373,76.74555,-17.36389
2374,67.41577,-9.266467
2375,73.11009,-23.10049
2376,79.32548,-15.70281
2377,104.3766,4.351511
2378,66.86716,-19.87777
2379,89.33103,-12.80378
2380,35.74094,-24.00127
2381,76.09913,-18.21636
2382,69.3201,-5.764337
2383,64.45351,-9.646416
2384,81.06175,-21.19148
2385,58.83277,-3.300213
2386,59.77071,-6.573427
2387,69.73292,-22.09676
2388,66.791,-10.47102
2389,49.65516,-1.869738
2390,70.70066,-15.89514
2391,72.20053,-12.37627
2392,65.95326,-16.93183
2393,74.20015,-14.89715
2394,72.81212,-3.046355
2395,57.88044,-4.081336
2396,48.90072,-21.98084
2397,61.67483,4.149319
2398,72.80554,-5.543254
2399,82.24438,-8.71373
2400,68.85194,-0.9684211
2401,70.258,-5.573562
2402,51.29503,3.890627
2403,71.87862,1.95838
2404,74.26682,0.2268598
2405,73.88967,-4.138421
2406,72.43866,-8.70207
2407,68.84693,-4.473853
2408,67.4579,-11.51909
2409,63.23736,-4.332619
2410,67.04572,-8.749687
2411,61.14106,-20.12918
2412,59.06593,-36.59645
2413,63.0932,-9.511965
2414,64.19505,-4.122554
2415,69.14382,-6.864115
2416,68.2186,-13.96171
2417,80.78812,-21.61113
2418,62.15595,-5.59855
2419,76.2021,-0.3535414
2420,67.71612,-21.95391
2421,66.87748,-13.76373
2422,81.16841,-12.7322
2423,77.52612,-16.85477
2424,73.13333,-14.03496
2425,62.92608,-13.9975
2426,51.79126,6.185827
2427,69.15686,-9.004087
2428,62.27294,-7.576707
2429,62.86968,-8.90002
2430,59.75554,-18.64859
2431,55.93825,-5.324996
2432,63.37816,8.626922
2433,89.06512,-18.00787
2434,59.49207,-21.839
2435,63.0717,4.1653
2436,74.18266,-14.39385
2437,72.99597,-21.99502
2438,74.54878,0.68999
2439,72.79072,-13.42379
2440,68.58779,0.4890194
2441,83.4991,-3.712483
2442,85.60566,-2.347389
2443,49.33336,-16.45131
2444,80.25808,-17.90534
2445,73.99424,-3.416731
2446,71.49039,-32.68723
2447,75.56422,-35.10705
2448,50.77177,-5.560257
2449,63.31959,3.695687
2450,62.63376,-20.60124
2451,72.48474,-9.643281
2452,55.5865,-23.30693
2453,51.66027,-29.96612
2454,53.65475,-5.412206
2455,89.75272,-8.296798
2456,60.46186,2.98287
2457,80.376,-11.60401
2458,61.82472,-13.03964
2459,73.42504,-12.02837
2460,72.77863,1.591326
2461,67.30395,-22.65711
2462,71.1454,-6.820285
2463,91.37652,-10.32453
2464,70.45771,-2.015341
2465,65.35571,-2.156085
2466,86.14405,-6.644713
2467,40.98589,-20.96894
2468,85.28412,-16.27302
2469,84.69904,-11.24636
2470,78.1619,-22.53974
2471,63.30449,-7.136283
2472,50.9626,-0.5868152
2473,78.5982,-24.0221
2474,71.42413,-15.80383
2475,73.3584,1.431008
2476,63.5102,-10.89118
2477,64.3641,-38.68109
2478,79.91314,-16.89974
2479,70.61451,-13.64807
2480,77.37191,-29.6917
2481,62.43318,4.515735
2482,66.53034,-23.73638
2483,53.39924,-8.951078
2484,82.79707,-3.406174
2485,65.8034,-11.19213
2486,87.72446,-1.788042
2487,68.37877,-11.21265
2488,76.46407,1.250499
2489,67.35838,-1.977294
2490,89.75777,-20.19515
2491,71.4421,-6.040679
2492,74.56606,-8.156192
2493,68.46404,-7.432018
2494,78.44227,-13.59282
2495,73.10613,5.701017
2496,62.34706,-22.54894
2497,51.82533,-14.28696
2498,70.39661,-5.694306
2499,76.49829,-4.378538
2500,61.48431,-16.31903
2501,61.80352,1.297201
2502,76.0211,-7.230398
2503,60.64451,7.604861
2504,71.70814,-12.86116
2505,76.83708,-18.12474
2506,78.40622,-18.09712
2507,68.72024,-23.95237
2508,50.06301,-20.20353
2509,87.69692,-11.42972
2510,86.99997,4.574135
2511,68.19161,-20.04976
2512,68.08471,-28.09651
2513,64.0625,-10.7499
2514,74.93968,-13.94003
2515,74.13194,-7.691431
2516,67.39908,-22.57539
2517,73.78174,0.6641589
2518,55.11437,-11.70788
2519,82.80132,-13.10405
2520,61.3069,7.839162
2521,66.26919,-2.282228
2522,59.19792,-11.32849
2523,62.44526,-30.15219
2524,49.19779,-11.71951
2525,72.94774,-8.344704
2526,59.87773,-5.742763
2527,73.47509,-4.283149
2528,85.36645,-16.46919
2529,69.38539,-1.906945
2530,62.15073,-5.052795
2531,64.23726,-13.3351
2532,72.92104,0.791644
2533,77.48227,-23.13051
2534,77.34316,3.181548
2535,69.85361,-9.066127
2536,70.68102,-3.58606
2537,84.16232,-24.39767
2538,57.46576,4.544234
2539,63.88039,1.74088
2540,92.76103,1.320703
2541,86.41515,-12.48442
2542,63.23813,0.6457113
2543,72.81642,-17.78091
2544,52.98323,1.240638
2545,66.03696,-15.12986
2546,63.82113,-8.541133
2547,84.74937,-21.77988
2548,66.82718,-18.49357
2549,66.8739,-7.117552
2550,90.11309,-13.73802
2551,43.88975,-13.82
2552,81.08251,-12.44169
2553,62.29297,-16.46992
2554,58.55329,-23.56855
2555,56.00959,8.877159
2556,76.57934,-6.173397
2557,82.2019,-6.965297
2558,73.04178,-14.76294
2559,69.56355,-12.55183
2560,52.04093,-14.04998
2561,73.3532,-7.789966
2562,63.90973,-12.61178
2563,50.83435,-1.439128
2564,72.19453,-16.44232
2565,74.73565,-25.90802
2566,68.85865,-10.91415
2567,80.10725,-4.844485
2568,73.59379,-2.30054
2569,64.91755,-17.79653
2570,69.18629,-1.345729
2571,56.67511,-19.89974
2572,63.84701,7.070253
2573,73.52853,-4.305105
2574,77.77298,-20.97871
2575,66.58747,-16.51202
2576,74.68619,-13.78516
2577,82.44135,-3.198811
2578,52.30627,-19.96528
2579,69.2922,-8.165172
2580,64.40332,11.5388
2581,87.83745,-5.797536
2582,73.06476,2.346044
2583,58.63267,1.1054
2584,74.55995,-14.94582
2585,74.27044,-21.81354
2586,50.25447,-9.793256
2587,62.09312,-22.10528
2588,87.61305,0.8871884
2589,79.40338,3.454682
2590,77.56643,17.25978
2591,87.67891,-5.012097
2592,67.52089,0.5997717
2593,79.92055,-2.785855
2594,71.32548,-6.040786
2595,57.68811,-26.8179
2596,85.23694,-7.594193
2597,64.65368,-8.68329
2598,61.31142,11.2666
2599,59.06764,7.588652
2600,87.76017,-11.61341
2601,68.24614,-26.37716
2602,64.45452,-2.222824
2603,65.53308,-29.09276
2604,63.89614,-19.10272
2605,80.11442,13.05422
2606,53.4408,-4.50005
2607,71.92873,-16.93747
2608,61.59669,-10.75492
2609,66.93093,-13.78257
2610,50.34516,-9.613154
2611,72.01345,-13.67514
2612,83.8145,-24.73408
2613,78.27926,-0.2117256
2614,63.37316,-5.140422
2615,67.56707,1.263094
2616,78.30576,-2.315313
2617,64.15815,-9.960403
2618,58.67935,-5.187703
2619,84.99193,-25.74853
2620,66.11341,-4.922376
2621,74.52394,-1.039614
2622,70.64279,-8.465358
2623,89.6064,0.470834
2624,76.0323,-3.837667
2625,75.88329,-11.40071
2626,91.41507,-18.58123
2627,75.96584,-5.74556
2628,56.82018,-18.1518
2629,65.26213,-1.156317
2630,72.5354,-20.20325
2631,42.97974,-8.860008
2632,58.11489,-18.28166
2633,73.26022,-11.98803
2634,77.94697,-12.41635
2635,71.2361,-8.819086
2636,80.56624,7.036737
2637,88.41406,-13.11624
2638,72.93951,-8.774334
2639,71.42486,-6.568674
2640,85.37737,-2.574961
2641,60.69893,4.760236
2642,84.41388,-6.605288
2643,78.85013,-11.48461
2644,72.23627,-3.34833
2645,79.51451,-7.224457
2646,70.81757,-20.52531
2647,79.3355,-17.01338
2648,83.92007,-18.97531
2649,64.99888,-4.225446
2650,70.30046,4.675978
2651,72.4469,-14.50134
2652,65.32914,-20.57936
2653,69.68672,-8.770884
2654,82.80947,-2.210701
2655,66.12637,-24.65817
2656,74.31614,0.4964872
2657,62.74274,-19.14187
2658,66.71625,-1.28301
2659,52.76581,2.249599
2660,64.23697,2.673515
2661,82.93062,-20.18061
2662,36.50027,-21.49223
2663,103.9198,-25.94061
2664,78.92066,-12.20063
2665,71.31289,4.678265
2666,70.89019,15.4043
2667,87.70451,-15.3165
2668,58.66569,-4.894761
2669,65.94133,-0.4717233
2670,53.61497,-20.94196
2671,80.81969,-30.37179
2672,67.59589,-2.237453
2673,70.45368,-14.35
2674,52.61427,-5.968235
2675,67.05727,-18.36929
2676,80.33527,10.0038
2677,65.81659,-7.695396
2678,58.66797,-6.653395
2679,63.55366,-33.60001
2680,72.77927,-2.60152
2681,70.05731,-6.740457
2682,63.67471,-19.57441
2683,61.41443,-12.56155
2684,59.91931,-11.40836
2685,54.54313,-9.975537
2686,70.58784,-9.452148
2687,53.50132,-11.88279
2688,72.78958,-28.22006
2689,76.30181,-6.231672
2690,51.48873,-31.35942
2691,82.67635,-19.14385
2692,64.73662,-20.46305
2693,89.92531,-10.70861
2694,82.33732,-6.081996
2695,67.7835,-13.78307
2696,82.0141,8.581901
2697,65.64449,-3.324757
2698,58.89835,-22.79558
2699,50.28286,4.203121
2700,68.29051,-13.59784
2701,85.31325,-9.977645
2702,93.10153,-14.48068
2703,64.6744,-1.08624
2704,72.97454,0.8260532
2705,74.51596,-9.207847
2706,68.41306,-2.750809
2707,75.30674,-4.204458
2708,53.84029,-12.40979
2709,67.35263,-0.3542486
2710,67.39329,-32.9488
2711,56.93941,-4.871946
2712,69.12279,5.317039
2713,57.22761,-5.167954
2714,76.05929,-5.569526
2715,59.81583,-4.150285
2716,64.30557,-27.2714
2717,59.1149,-16.25977
2718,91.61397,-12.11007
2719,78.31008,-16.3773
2720,68.59947,0.7928145
2721,68.01685,1.108887
2722,82.84614,-12.49169
2723,49.51263,-0.5111645
2724,69.8973,-34.17
2725,84.17337,-4.631359
2726,78.89444,-24.29788
2727,70.69758,9.444025
2728,61.77013,-19.68894
2729,78.0163,4.23549
2730,73.54946,-16.09942
2731,55.73493,-12.74454
2732,65.89819,13.69386
2733,57.39889,-13.82744
2734,63.04364,-27.31653
2735,90.12375,-18.2544
2736,64.38116,-23.61167
2737,63.44825,-5.62352
2738,72.94678,-17.25217
2739,52.57834,-13.12009
2740,63.63273,5.738944
2741,71.99254,-10.99059
2742,72.39277,-4.811533
2743,79.11701,-4.512673
2744,51.93237,-17.86623
2745,70.43403,-21.59988
2746,73.80844,-2.224638
2747,81.84084,-19.73066
2748,60.51824,-7.986829
2749,76.27817,-26.23452
2750,72.43248,-18.91511
2751,68.76535,1.418947
2752,60.72785,2.763541
2753,68.29949,-11.58326
2754,71.62149,-26.87554
2755,70.59952,-5.845408
2756,80.10539,-10.8262
2757,70.75399,10.09409
2758,61.23998,-21.44423
2759,68.3528,8.337489
2760,61.51666,-12.43442
2761,71.43109,-0.006148352
2762,62.02735,-24.19875
2763,61.78095,1.968633
2764,98.66974,-2.164127
2765,73.01436,-1.722455
2766,82.94384,-0.9408177
2767,80.52203,-13.20871
2768,53.52886,-3.686721
2769,70.67194,-0.7722773
2770,56.81425,-13.70458
2771,72.37652,-26.52538
2772,49.83153,-8.861414
2773,70.16466,-18.97082
2774,72.25542,17.13289
2775,69.0665,2.742776
2776,57.83613,-1.477452
2777,75.97397,-22.84942
2778,68.33255,0.6976613
2779,60.67356,-8.95394
2780,61.20472,-14.9268
2781,65.426,-8.987577
2782,77.37339,-3.91479
2783,65.88091,-24.6382
2784,68.68376,-26.48481
2785,83.17385,-11.66942
2786,69.57142,-1.19085
2787,87.76274,-12.09585
2788,64.25253,-4.659249
2789,58.7633,-9.553751
2790,87.6779,-14.57468
2791,84.77952,-28.19338
2792,44.48759,-28.91912
2793,71.15801,-4.96975
2794,81.11289,1.820294
2795,69.6739,-13.50128
2796,77.81984,-29.2818
2797,74.59189,-6.969018
2798,87.18534,-7.561814
2799,80.60636,4.67578
2800,84.97687,-20.77276
2801,79.38887,18.96587
2802,73.09005,-9.938504
2803,83.21137,-35.36076
2804,54.64416,-10.79429
2805,73.64229,-16.80874
2806,68.84037,-3.089466
2807,75.82528,-25.17796
2808,77.2142,-21.17232
2809,62.69973,-11.28403
2810,65.87854,-18.35437
2811,65.8312,-12.80048
2812,69.75814,-6.189078
2813,68.61625,-15.98461
2814,64.98134,-16.78327
2815,64.85876,-9.286581
2816,66.79546,-17.6295
2817,43.56437,-14.07815
2818,68.28453,-0.05283603
2819,53.97722,-18.11732
2820,72.37554,-14.15102
2821,45.12958,6.069386
2822,79.23594,-7.783267
2823,67.89267,-20.79489
2824,77.45593,-6.610437
2825,67.28255,-3.456408
2826,77.23093,-4.179791
2827,77.14531,-16.25022
2828,60.35104,-16.18723
2829,65.31193,-16.61032
2830,77.93611,-32.70189
2831,79.88167,-9.25513
2832,64.06412,-5.053665
2833,55.65335,-2.352454
2834,60.33708,-0.5121532
2835,69.20068,-13.57959
2836,62.69723,-10.16704
2837,66.39989,-5.404058
2838,60.86256,-17.94243
2839,74.03131,-25.69833
2840,82.44264,-17.38876
2841,71.05727,-20.94383
2842,80.91493,-5.505733
2843,74.19766,-3.398674
2844,73.76104,-9.804844
2845,69.15085,-27.33672
2846,73.74459,-22.24747
2847,93.63296,-10.36324
2848,72.05005,-1.98867
2849,79.09497,-17.7693
2850,52.66147,-12.10119
2851,91.25622,-26.76765
2852,69.69169,-7.789096
2853,47.71091,-6.095375
2854,55.00807,11.56722
2855,67.68167,-9.785644
2856,65.44644,-12.13077
2857,84.56817,-6.077383
2858,97.56903,-14.44639
2859,53.24852,-11.41788
2860,67.16991,-4.073038
2861,62.42045,-16.2767
2862,59.63564,-37.79037
2863,78.52355,-6.868666
2864,68.07284,-9.450905
2865,64.40905,-17.32569
2866,83.58873,-10.16413
2867,83.71054,-7.567408
2868,76.59972,-8.598391
2869,65.59871,-5.515496
2870,64.16531,-8.239429
2871,72.31848,-28.37739
2872,72.89074,-13.08401
2873,71.85983,-7.281507
2874,74.98594,4.9548
2875,68.01299,-12.93427
2876,71.72321,-7.872746
2877,85.0203,-22.10981
2878,66.09438,0.7196266
2879,85.76525,-15.94158
2880,75.29033,-20.52493
2881,69.05731,-16.42671
2882,84.21595,-13.29946
2883,69.43209,-7.778993
2884,69.3489,-16.70996
2885,67.496,0.7695373
2886,54.37956,-2.373576
2887,55.37194,-8.759966
2888,65.99169,-4.956535
2889,82.59654,-29.84639
2890,80.10463,-11.9095
2891,62.44377,-16.1361
2892,87.34288,-11.94191
2893,63.13534,-32.47361
2894,80.38442,-12.19301
2895,53.62364,-20.69438
2896,70.99268,-3.287801
2897,92.67575,-16.18462
2898,65.15415,-7.422444
2899,79.33412,-22.18659
2900,69.03038,-13.70663
2901,85.09824,-11.31437
2902,75.07559,-1.20056
2903,74.90408,-31.59422
2904,51.66653,5.64022
2905,77.56271,-12.51884
2906,83.9768,-15.20381
2907,52.63898,0.2466355
2908,64.80269,-19.89357
2909,60.91487,-5.64697
2910,76.31144,-13.2713
2911,72.70005,-17.95129
2912,54.85474,-4.231365
2913,60.46303,-11.15464
2914,73.09839,-14.09135
2915,58.33049,-24.54733
2916,78.08799,4.297182
2917,61.18767,-32.67201
2918,76.27331,-27.69607
2919,67.0222,-35.01962
2920,83.54788,1.910021
2921,54.19945,-13.45955
2922,67.80528,4.444605
2923,87.90198,14.85406
2924,62.05761,-0.1845935
2925,67.43387,-4.600472
2926,51.20422,-7.37377
2927,83.53147,-4.596114
2928,63.07033,-10.09449
2929,62.59971,-7.99627
2930,68.3894,-1.819404
2931,75.60424,-8.007767
2932,51.39455,-7.560444
2933,54.05743,-30.14147
2934,54.21433,0.976269
2935,66.1136,-2.307693
2936,72.98232,-21.41706
2937,63.47237,0.4243742
2938,67.75566,-3.700921
2939,59.91527,-4.502811
2940,59.59558,19.35797
2941,74.9352,2.191131
2942,59.33881,-18.74531
2943,79.36212,5.214438
2944,82.11814,-13.61926
2945,83.82712,-38.7955
2946,74.61884,-11.33446
2947,61.73203,-5.572901
2948,68.48677,-23.12137
2949,69.30094,-27.30873
2950,56.70621,-17.45695
2951,71.53534,0.8623792
2952,76.21033,7.055012
2953,63.84636,-17.7283
2954,66.25222,-3.913034
2955,81.44768,-24.24757
2956,62.67937,-20.08821
2957,54.33532,1.649464
2958,75.66274,-15.75875
2959,80.03555,-14.61174
2960,60.50964,-18.80588
2961,69.59802,-15.57155
2962,63.66285,-30.48215
2963,56.05253,-7.357508
2964,64.07648,-4.398561
2965,64.70491,-10.37657
2966,80.56889,14.50799
2967,86.61128,-7.867749
2968,76.73148,-16.83939
2969,68.25068,-7.142002
2970,83.53589,-22.03176
2971,84.63376,-10.65431
2972,59.70858,-7.02261
2973,66.62059,0.2782472
2974,79.4429,-20.8802
2975,59.14149,-3.268589
2976,62.93142,-9.67255
2977,76.28171,6.197267
2978,81.7813,-17.89441
2979,49.64519,-20.29111
2980,58.37999,-12.982
2981,74.68241,-22.74285
2982,88.04622,2.73894
2983,41.72015,-7.237918
2984,61.91275,-12.98729
2985,74.79148,-17.63764
2986,61.99087,-15.7656
2987,82.01159,-18.70377
2988,78.71038,-15.10186
2989,85.51906,-22.09427
2990,76.5364,-11.39254
2991,48.34201,-9.15055
2992,69.69287,-7.067629
2993,79.86285,-16.01771
2994,69.80298,4.93805
2995,83.65175,-18.73922
2996,85.6528,-6.461061
2997,82.77088,-2.373299
2998,64.46532,-10.50136
2999,90.72282,-12.25584
3000,64.87976,-24.87731
