,duration,ciep12,invest,fract,polar,numst2,crisis
1,0.5,1,1,656,11,0,24
2,3.0,1,1,656,11,1,10
3,7.0,1,1,656,11,1,24
4,20.0,1,1,656,11,1,7
5,6.0,1,1,656,11,1,7
6,7.0,1,1,634,6,1,45
7,2.0,1,1,599,3,1,51
8,17.0,1,1,599,3,1,4
9,27.0,1,1,599,3,1,6
10,49.0,0,1,620,2,1,10
11,4.0,1,1,592,1,0,23
12,29.0,1,1,592,1,1,2
13,49.0,0,1,628,5,1,29
14,6.0,1,1,719,11,1,65
15,23.0,1,1,719,11,1,38
16,41.0,0,1,757,18,1,132
17,10.0,1,1,775,24,1,73
18,12.0,1,1,775,24,1,61
19,2.0,1,1,762,24,0,65
20,33.0,1,1,762,24,1,0
21,1.0,1,1,762,24,0,0
22,16.0,1,1,735,17,1,46
23,2.0,1,1,753,17,1,9
24,9.0,1,1,850,17,1,106
25,3.0,1,1,850,17,1,7
26,5.0,1,1,850,17,1,39
27,5.0,1,1,850,17,1,18
28,6.0,1,1,850,17,1,6
29,45.0,0,1,868,15,1,87
30,23.0,1,1,857,9,1,46
31,41.0,1,0,648,1,0,0
32,7.0,1,0,648,1,1,0
33,49.0,0,0,428,0,1,0
34,46.0,1,0,536,0,1,0
35,9.0,1,0,650,0,0,4
36,51.0,0,0,349,0,1,0
37,10.0,1,0,648,0,0,0
38,32.0,1,0,622,0,0,5
39,28.0,1,0,614,0,0,0
40,3.0,1,0,614,0,0,0
41,53.0,0,0,571,0,1,1
42,17.0,1,0,648,0,0,0
43,59.0,0,0,583,0,1,62
44,9.0,1,0,602,0,0,0
45,52.0,0,0,582,0,1,0
46,3.0,1,0,582,0,1,0
47,23.0,1,0,777,12,0,14
48,33.0,1,0,719,6,0,40
49,1.0,1,0,749,5,0,36
50,30.0,1,0,749,5,0,1
51,5.0,1,0,740,5,0,0
52,16.0,1,0,725,5,0,3
53,27.0,1,0,725,5,0,3
54,33.0,1,0,735,3,1,12
55,9.0,1,0,735,3,1,2
56,22.0,1,0,722,6,0,2
57,25.0,1,0,722,6,0,0
58,25.0,1,0,715,6,0,3
59,14.0,1,0,748,11,0,26
60,44.0,0,0,764,9,1,8
61,12.0,1,0,746,10,0,14
62,14.0,1,0,746,10,0,2
63,13.0,1,0,855,26,0,14
64,24.0,1,0,815,25,0,15
65,18.0,1,0,811,26,0,0
66,13.0,1,0,811,26,0,0
67,29.0,1,0,791,21,0,28
68,8.0,1,0,817,21,0,48
69,16.0,1,0,817,24,0,7
70,43.0,0,0,802,18,0,14
71,28.0,1,0,791,25,1,20
72,19.0,1,0,780,19,0,7
73,10.0,1,0,780,19,0,16
74,2.0,1,0,780,19,1,0
75,21.0,1,0,791,22,1,183
76,4.0,1,0,791,22,0,12
77,5.0,1,0,788,22,1,148
78,16.0,1,0,788,22,1,6
79,15.0,1,0,788,22,1,14
80,1.0,1,0,788,22,0,5
81,2.0,1,0,788,22,0,0
82,2.0,1,0,788,22,0,0
83,3.0,1,0,795,25,1,0
84,30.0,1,0,795,25,0,40
85,8.0,1,0,795,25,0,16
86,20.0,1,0,803,24,1,44
87,19.0,1,0,803,24,1,1
88,21.0,1,0,799,21,1,43
89,24.0,1,0,799,21,1,21
90,8.0,1,0,821,27,1,0
91,7.0,1,0,821,27,1,9
92,5.0,1,0,818,28,0,0
93,33.0,1,0,818,28,1,47
94,10.0,1,0,812,21,1,0
95,7.0,1,0,812,21,0,12
96,9.0,1,0,812,21,1,4
97,13.0,1,0,812,21,1,13
98,32.0,1,0,808,21,1,69
99,11.0,1,0,808,21,1,16
100,3.0,1,0,808,21,0,1
101,47.0,0,0,805,22,1,25
102,5.0,1,1,788,28,1,11
103,1.0,1,1,788,31,0,18
104,3.0,1,1,788,31,1,2
105,5.0,1,1,788,31,1,5
106,1.0,1,1,788,31,1,0
107,8.0,1,1,788,31,1,5
108,1.0,1,1,788,31,1,7
109,0.5,1,1,788,31,1,9
110,13.0,1,1,788,31,1,4
111,3.0,1,1,788,31,1,23
112,5.0,1,1,788,31,0,3
113,0.5,1,1,788,31,0,8
114,7.0,1,1,788,31,1,8
115,4.0,1,1,788,31,1,10
116,5.0,1,1,842,27,0,41
117,1.0,1,1,842,27,0,13
118,10.0,1,1,842,27,0,8
119,4.0,1,1,842,27,0,16
120,11.0,1,1,842,27,1,38
121,7.0,1,1,842,27,1,7
122,0.5,1,1,842,27,0,14
123,11.0,1,1,842,27,1,4
124,16.0,1,1,839,38,0,8
125,4.0,1,1,839,38,0,22
126,0.5,1,1,839,38,0,18
127,0.5,1,1,839,38,0,10
128,5.0,1,1,839,38,1,7
129,0.5,1,1,839,38,1,28
130,4.0,1,1,839,38,1,0
131,33.0,1,0,722,19,1,117
132,40.0,0,0,712,17,1,11
133,34.0,1,0,709,14,1,77
134,28.0,1,0,712,15,1,0
135,11.0,1,0,712,15,0,19
136,5.0,1,0,687,14,0,0
137,43.0,0,0,710,17,1,1
138,5.0,1,0,699,15,1,0
139,43.0,0,0,699,15,1,0
140,37.0,0,0,718,15,1,0
141,8.0,1,0,718,15,1,62
142,36.0,1,0,740,17,1,30
143,46.0,0,0,704,18,1,58
144,13.0,1,0,761,23,1,65
145,2.0,1,0,761,23,0,3
146,39.0,0,0,736,18,1,67
147,48.0,0,0,754,17,1,28
148,40.0,1,1,724,0,0,0
149,35.0,1,1,692,0,0,0
150,34.0,1,1,671,0,1,13
151,27.0,1,1,636,3,1,0
152,28.0,1,1,636,3,1,0
153,42.0,1,1,645,0,0,0
154,19.0,1,1,620,0,1,0
155,32.0,1,1,620,0,1,2
156,44.0,1,1,593,0,1,0
157,52.0,0,1,612,0,1,0
158,29.0,1,1,580,0,1,0
159,18.0,1,1,580,0,1,6
160,7.0,1,1,582,0,0,0
161,8.0,1,1,609,0,0,19
162,48.0,1,1,608,0,1,20
163,11.0,1,1,802,11,1,71
164,3.0,1,1,802,11,1,0
165,12.0,1,1,802,11,1,4
166,18.0,1,1,802,11,1,28
167,4.0,1,1,802,11,1,0
168,6.0,1,1,834,18,1,7
169,16.0,1,1,834,18,1,0
170,13.0,1,1,797,16,1,44
171,17.0,1,1,814,18,1,274
172,18.0,1,1,814,18,1,10
173,10.0,1,1,814,18,1,8
174,17.0,1,1,789,5,1,70
175,21.0,1,1,789,5,1,0
176,8.0,1,1,789,5,1,19
177,8.0,1,1,721,5,1,31
178,41.0,0,1,721,5,1,0
179,1.0,1,1,702,8,1,68
180,5.0,1,1,702,8,1,53
181,26.0,1,1,702,8,1,0
182,4.0,1,1,771,11,0,183
183,44.0,0,1,771,11,1,0
184,25.0,1,1,680,5,0,36
185,9.0,1,1,680,5,0,35
186,25.0,1,1,741,6,1,52
187,2.0,1,1,652,36,1,7
188,14.0,1,1,652,36,1,15
189,3.0,1,1,652,36,1,1
190,23.0,1,1,652,36,1,10
191,0.5,1,1,718,36,0,17
192,5.0,1,1,718,36,0,20
193,0.5,1,1,718,36,0,13
194,16.0,1,1,718,36,1,11
195,22.0,1,1,718,36,1,14
196,13.0,1,1,718,36,0,13
197,7.0,1,1,710,32,0,12
198,12.0,1,1,710,32,0,20
199,4.0,1,1,710,32,0,30
200,19.0,1,1,710,32,0,7
201,15.0,1,1,710,32,1,19
202,5.0,1,1,733,32,0,36
203,7.0,1,1,733,32,1,29
204,18.0,1,1,733,32,1,26
205,27.0,1,1,733,32,1,33
206,5.0,1,1,717,37,0,19
207,7.0,1,1,717,37,1,23
208,6.0,1,1,717,37,0,31
209,3.0,1,1,717,37,1,48
210,7.0,1,1,717,37,1,31
211,10.0,1,1,717,37,1,0
212,0.5,1,1,717,37,0,33
213,12.0,1,1,719,37,1,121
214,8.0,1,1,719,37,1,25
215,7.0,1,1,719,37,1,12
216,14.0,1,1,719,37,0,51
217,3.0,1,1,719,37,0,36
218,18.0,1,1,683,43,0,90
219,11.0,1,1,683,43,0,55
220,0.5,1,1,683,43,0,47
221,8.0,1,1,710,38,0,126
222,6.0,1,1,710,38,1,15
223,7.0,1,1,710,38,1,22
224,13.0,1,1,710,38,1,33
225,3.0,1,1,710,38,1,16
226,5.0,1,1,710,38,1,17
227,45.0,1,1,751,39,1,98
228,30.0,1,0,786,8,1,30
229,15.0,1,0,786,8,1,50
230,46.0,0,0,785,6,1,69
231,26.0,1,0,754,5,1,12
232,3.0,1,0,754,5,1,12
233,48.0,0,0,759,3,1,63
234,19.0,1,0,778,8,1,70
235,18.0,1,0,778,8,1,46
236,3.0,1,0,778,8,0,39
237,49.0,0,0,825,16,1,49
238,13.0,1,0,844,15,1,69
239,4.0,1,0,844,15,0,23
240,46.0,0,0,844,9,1,163
241,41.0,0,0,730,3,1,270
242,8.0,1,0,767,5,1,108
243,3.0,1,0,767,5,0,17
244,43.0,0,0,751,5,1,57
245,47.0,0,0,685,7,1,0
246,25.0,1,0,626,0,1,0
247,23.0,1,0,626,0,1,2
248,15.0,1,0,677,2,1,0
249,33.0,1,0,677,2,1,7
250,47.0,0,0,666,1,1,0
251,23.0,1,0,689,1,0,0
252,1.0,1,0,689,1,0,4
253,25.0,1,0,689,1,0,4
254,47.0,0,0,715,1,1,1
255,18.0,1,0,680,0,1,0
256,19.0,1,0,680,0,0,11
257,12.0,1,0,680,0,0,11
258,27.0,1,0,758,13,0,4
259,20.0,1,0,758,13,0,3
260,41.0,0,0,663,1,0,0
261,8.0,1,0,663,1,0,5
262,19.0,1,0,687,5,0,2
263,28.0,1,0,687,5,1,0
264,7.0,1,0,676,5,0,0
265,3.0,1,0,709,16,1,0
266,17.0,1,0,709,16,0,9
267,6.0,1,0,709,16,1,46
268,9.0,1,0,762,19,1,7
269,2.0,1,0,763,16,1,0
270,23.0,1,0,763,16,1,36
271,3.0,1,0,763,16,1,35
272,24.0,1,0,701,18,1,47
273,3.0,1,0,701,18,1,9
274,17.0,1,0,761,15,0,30
275,22.0,1,1,644,13,0,3
276,22.0,1,1,644,13,0,28
277,43.0,0,1,575,5,1,35
278,14.0,1,0,648,7,1,0
279,23.0,1,0,648,7,1,5
280,36.0,1,0,673,3,0,0
281,12.0,1,0,673,3,1,1
282,48.0,0,0,677,2,1,0
283,13.0,1,0,686,3,1,0
284,7.0,1,0,686,3,0,4
285,28.0,1,0,684,2,0,0
286,48.0,0,0,679,2,0,0
287,48.0,0,0,692,3,0,0
288,12.0,1,0,653,1,1,0
289,11.0,1,0,653,1,1,18
290,36.0,0,0,698,5,0,0
291,36.0,0,0,702,5,0,0
292,24.0,1,0,710,5,1,18
293,12.0,1,0,710,5,0,8
294,19.0,1,0,713,6,1,1
295,16.0,1,0,713,6,0,14
296,37.0,0,0,681,6,0,18
297,5.0,1,0,705,5,0,19
298,55.0,0,0,511,0,1,21
299,20.0,1,0,518,0,1,0
300,41.0,1,0,513,0,1,1
301,2.0,1,0,513,0,1,1
302,19.0,1,0,508,0,1,1
303,33.0,1,0,508,0,1,1
304,48.0,1,0,497,0,1,0
305,12.0,1,0,497,0,1,5
306,16.0,1,0,514,0,1,0
307,51.0,0,0,506,0,1,0
308,44.0,1,0,518,0,1,0
309,7.0,1,0,556,3,0,4
310,18.0,1,0,556,2,1,0
311,7.0,1,0,556,2,1,0
312,30.0,1,0,556,2,0,0
313,50.0,0,0,536,1,1,0
314,49.0,0,0,522,1,1,6
