,size,Time,tree,treat
1,4.51,152,1,1
2,4.98,174,1,1
3,5.41,201,1,1
4,5.9,227,1,1
5,6.15,258,1,1
6,4.24,152,2,1
7,4.2,174,2,1
8,4.68,201,2,1
9,4.92,227,2,1
10,4.96,258,2,1
11,3.98,152,3,1
12,4.36,174,3,1
13,4.79,201,3,1
14,4.99,227,3,1
15,5.03,258,3,1
16,4.36,152,4,1
17,4.77,174,4,1
18,5.1,201,4,1
19,5.3,227,4,1
20,5.36,258,4,1
21,4.34,152,5,1
22,4.95,174,5,1
23,5.42,201,5,1
24,5.97,227,5,1
25,6.28,258,5,1
26,4.59,152,6,1
27,5.08,174,6,1
28,5.36,201,6,1
29,5.76,227,6,1
30,6.0,258,6,1
31,4.41,152,7,1
32,4.56,174,7,1
33,4.95,201,7,1
34,5.23,227,7,1
35,5.33,258,7,1
36,4.24,152,8,1
37,4.64,174,8,1
38,4.95,201,8,1
39,5.38,227,8,1
40,5.48,258,8,1
41,4.82,152,9,1
42,5.17,174,9,1
43,5.76,201,9,1
44,6.12,227,9,1
45,6.24,258,9,1
46,3.84,152,10,1
47,4.17,174,10,1
48,4.67,201,10,1
49,4.67,227,10,1
50,4.8,258,10,1
51,4.07,152,11,1
52,4.31,174,11,1
53,4.9,201,11,1
54,5.1,227,11,1
55,5.1,258,11,1
56,4.28,152,12,1
57,4.8,174,12,1
58,5.27,201,12,1
59,5.55,227,12,1
60,5.65,258,12,1
61,4.47,152,13,1
62,4.89,174,13,1
63,5.23,201,13,1
64,5.55,227,13,1
65,5.74,258,13,1
66,4.46,152,14,1
67,4.84,174,14,1
68,5.11,201,14,1
69,5.34,227,14,1
70,5.46,258,14,1
71,4.6,152,15,1
72,4.08,174,15,1
73,4.17,201,15,1
74,4.35,227,15,1
75,4.59,258,15,1
76,3.73,152,16,1
77,4.15,174,16,1
78,4.61,201,16,1
79,4.87,227,16,1
80,4.93,258,16,1
81,4.67,152,17,1
82,4.88,174,17,1
83,5.18,201,17,1
84,5.34,227,17,1
85,5.49,258,17,1
86,2.96,152,18,1
87,3.47,174,18,1
88,3.76,201,18,1
89,3.89,227,18,1
90,4.3,258,18,1
91,3.24,152,19,1
92,3.93,174,19,1
93,4.76,201,19,1
94,4.62,227,19,1
95,4.64,258,19,1
96,4.36,152,20,1
97,4.77,174,20,1
98,5.02,201,20,1
99,5.26,227,20,1
100,5.45,258,20,1
101,4.04,152,21,1
102,4.64,174,21,1
103,4.86,201,21,1
104,5.09,227,21,1
105,5.25,258,21,1
106,3.53,152,22,1
107,4.25,174,22,1
108,4.68,201,22,1
109,4.97,227,22,1
110,5.18,258,22,1
111,4.22,152,23,1
112,4.69,174,23,1
113,5.07,201,23,1
114,5.37,227,23,1
115,5.58,258,23,1
116,2.79,152,24,1
117,3.1,174,24,1
118,3.3,201,24,1
119,3.38,227,24,1
120,3.55,258,24,1
121,3.3,152,25,1
122,3.9,174,25,1
123,4.34,201,25,1
124,4.96,227,25,1
125,5.4,258,25,1
126,3.34,152,26,1
127,3.81,174,26,1
128,4.21,201,26,1
129,4.54,227,26,1
130,4.86,258,26,1
131,3.76,152,27,1
132,4.36,174,27,1
133,4.7,201,27,1
134,5.44,227,27,1
135,5.32,258,27,1
136,4.49,152,28,1
137,4.76,174,28,1
138,5.15,201,28,1
139,5.37,227,28,1
140,5.56,258,28,1
141,4.88,152,29,1
142,5.14,174,29,1
143,5.52,201,29,1
144,6.08,227,29,1
145,6.17,258,29,1
146,4.88,152,30,1
147,5.32,174,30,1
148,5.63,201,30,1
149,5.75,227,30,1
150,5.94,258,30,1
151,3.8,152,31,1
152,4.16,174,31,1
153,4.45,201,31,1
154,4.89,227,31,1
155,5.05,258,31,1
156,4.46,152,32,1
157,4.62,174,32,1
158,5.0,201,32,1
159,5.4,227,32,1
160,5.49,258,32,1
161,4.29,152,33,1
162,4.82,174,33,1
163,5.32,201,33,1
164,5.46,227,33,1
165,5.5,258,33,1
166,4.06,152,34,1
167,4.58,174,34,1
168,4.81,201,34,1
169,5.12,227,34,1
170,5.27,258,34,1
171,5.16,152,35,1
172,5.43,174,35,1
173,5.71,201,35,1
174,6.08,227,35,1
175,6.21,258,35,1
176,3.81,152,36,1
177,4.12,174,36,1
178,4.42,201,36,1
179,4.62,227,36,1
180,4.6,258,36,1
181,5.09,152,37,1
182,5.62,174,37,1
183,5.9,201,37,1
184,6.36,227,37,1
185,6.49,258,37,1
186,4.13,152,38,1
187,4.71,174,38,1
188,5.27,201,38,1
189,5.56,227,38,1
190,5.72,258,38,1
191,4.85,152,39,1
192,5.36,174,39,1
193,5.52,201,39,1
194,5.96,227,39,1
195,6.13,258,39,1
196,4.11,152,40,1
197,4.62,174,40,1
198,4.95,201,40,1
199,5.28,227,40,1
200,5.43,258,40,1
201,4.95,152,41,1
202,5.39,174,41,1
203,5.82,201,41,1
204,6.42,227,41,1
205,6.48,258,41,1
206,4.36,152,42,1
207,4.65,174,42,1
208,5.04,201,42,1
209,5.38,227,42,1
210,5.47,258,42,1
211,4.05,152,43,1
212,4.65,174,43,1
213,5.09,201,43,1
214,5.44,227,43,1
215,5.6,258,43,1
216,3.76,152,44,1
217,4.27,174,44,1
218,4.59,201,44,1
219,5.1,227,44,1
220,5.25,258,44,1
221,2.84,152,45,1
222,3.25,174,45,1
223,3.69,201,45,1
224,4.16,227,45,1
225,4.21,258,45,1
226,4.33,152,46,1
227,4.8,174,46,1
228,5.09,201,46,1
229,5.42,227,46,1
230,5.61,258,46,1
231,3.99,152,47,1
232,4.55,174,47,1
233,4.91,201,47,1
234,5.26,227,47,1
235,5.3,258,47,1
236,3.5,152,48,1
237,3.75,174,48,1
238,3.97,201,48,1
239,4.71,227,48,1
240,4.85,258,48,1
241,3.31,152,49,1
242,3.45,174,49,1
243,4.16,201,49,1
244,4.48,227,49,1
245,4.54,258,49,1
246,3.03,152,50,1
247,3.55,174,50,1
248,3.97,201,50,1
249,4.4,227,50,1
250,4.58,258,50,1
251,3.27,152,51,1
252,3.83,174,51,1
253,4.44,201,51,1
254,4.8,227,51,1
255,4.89,258,51,1
256,3.56,152,52,1
257,4.18,174,52,1
258,4.7,201,52,1
259,5.27,227,52,1
260,5.28,258,52,1
261,3.39,152,53,1
262,3.73,174,53,1
263,3.92,201,53,1
264,4.11,227,53,1
265,4.15,258,53,1
266,3.72,152,54,1
267,4.16,174,54,1
268,4.55,201,54,1
269,5.03,227,54,1
270,5.02,258,54,1
271,4.53,152,55,0
272,5.05,174,55,0
273,5.18,201,55,0
274,5.41,227,55,0
275,5.42,258,55,0
276,4.97,152,56,0
277,5.32,174,56,0
278,5.83,201,56,0
279,6.29,227,56,0
280,6.45,258,56,0
281,4.37,152,57,0
282,4.81,174,57,0
283,5.03,201,57,0
284,5.19,227,57,0
285,5.4,258,57,0
286,4.58,152,58,0
287,4.99,174,58,0
288,5.37,201,58,0
289,5.68,227,58,0
290,5.93,258,58,0
291,4.0,152,59,0
292,4.5,174,59,0
293,4.92,201,59,0
294,5.44,227,59,0
295,5.87,258,59,0
296,4.73,152,60,0
297,5.05,174,60,0
298,5.33,201,60,0
299,5.92,227,60,0
300,6.01,258,60,0
301,5.15,152,61,0
302,5.63,174,61,0
303,6.11,201,61,0
304,6.39,227,61,0
305,6.61,258,61,0
306,4.1,152,62,0
307,4.46,174,62,0
308,4.84,201,62,0
309,5.29,227,62,0
310,5.48,258,62,0
311,3.22,152,63,0
312,3.85,174,63,0
313,4.47,201,63,0
314,4.85,227,63,0
315,5.11,258,63,0
316,2.23,152,64,0
317,2.89,174,64,0
318,3.16,201,64,0
319,3.4,227,64,0
320,3.52,258,64,0
321,3.65,152,65,0
322,4.36,174,65,0
323,4.76,201,65,0
324,5.18,227,65,0
325,5.44,258,65,0
326,3.4,152,66,0
327,3.92,174,66,0
328,4.5,201,66,0
329,4.97,227,66,0
330,5.14,258,66,0
331,5.16,152,67,0
332,5.49,174,67,0
333,5.74,201,67,0
334,6.05,227,67,0
335,6.21,258,67,0
336,4.04,152,68,0
337,4.52,174,68,0
338,5.15,201,68,0
339,5.59,227,68,0
340,5.87,258,68,0
341,4.52,152,69,0
342,4.91,174,69,0
343,5.04,201,69,0
344,5.71,227,69,0
345,5.97,258,69,0
346,4.56,152,70,0
347,5.12,174,70,0
348,5.4,201,70,0
349,5.69,227,70,0
350,5.89,258,70,0
351,4.9,152,71,0
352,5.35,174,71,0
353,5.71,201,71,0
354,6.12,227,71,0
355,6.25,258,71,0
356,4.83,152,72,0
357,5.1,174,72,0
358,5.43,201,72,0
359,5.59,227,72,0
360,6.04,258,72,0
361,5.46,152,73,0
362,5.79,174,73,0
363,6.12,201,73,0
364,6.41,227,73,0
365,6.63,258,73,0
366,4.17,152,74,0
367,4.67,174,74,0
368,5.16,201,74,0
369,5.56,227,74,0
370,5.75,258,74,0
371,3.35,152,75,0
372,4.05,174,75,0
373,4.51,201,75,0
374,5.22,227,75,0
375,5.44,258,75,0
376,3.33,152,76,0
377,3.82,174,76,0
378,4.38,201,76,0
379,4.99,227,76,0
380,5.17,258,76,0
381,3.41,152,77,0
382,3.68,174,77,0
383,4.03,201,77,0
384,4.28,227,77,0
385,4.54,258,77,0
386,4.5,152,78,0
387,4.8,174,78,0
388,5.28,201,78,0
389,5.83,227,78,0
390,6.16,258,78,0
391,2.99,152,79,0
392,3.61,174,79,0
393,4.48,201,79,0
394,4.91,227,79,0
395,5.06,258,79,0
