,naffairs,kids,vryunhap,unhap,avgmarr,hapavg,vryhap,antirel,notrel,slghtrel,smerel,vryrel,yrsmarr1,yrsmarr2,yrsmarr3,yrsmarr4,yrsmarr5,yrsmarr6
1,0,0,0,0,0,1,0,0,0,1,0,0,0,0,0,0,1,0
2,0,0,0,0,0,1,0,0,0,0,1,0,0,0,1,0,0,0
3,3,0,0,0,0,1,0,0,0,1,0,0,0,1,0,0,0,0
4,0,1,0,0,0,1,0,1,0,0,0,0,0,0,0,0,0,1
5,3,1,0,0,0,0,1,0,0,1,0,0,0,0,1,0,0,0
6,0,1,0,0,0,0,1,0,0,0,0,1,0,0,0,0,0,1
7,0,0,0,0,1,0,0,0,1,0,0,0,1,0,0,0,0,0
8,0,0,0,0,0,0,1,0,1,0,0,0,0,1,0,0,0,0
9,7,1,0,1,0,0,0,0,0,0,0,1,0,0,0,0,0,1
10,0,0,0,0,1,0,0,0,1,0,0,0,1,0,0,0,0,0
11,0,1,0,0,0,1,0,0,1,0,0,0,0,0,0,0,0,1
12,0,1,0,1,0,0,0,0,0,0,1,0,0,0,0,0,0,1
13,0,0,0,0,0,0,1,0,0,0,1,0,0,1,0,0,0,0
14,0,1,0,1,0,0,0,0,1,0,0,0,0,0,0,0,0,1
15,12,1,0,1,0,0,0,0,0,1,0,0,0,0,0,0,1,0
16,0,1,0,0,0,1,0,0,0,0,1,0,0,0,1,0,0,0
17,0,1,0,0,0,1,0,0,0,0,0,1,0,0,0,0,0,1
18,1,0,0,0,0,0,1,0,0,0,1,0,1,0,0,0,0,0
19,1,1,0,0,0,0,1,0,1,0,0,0,0,1,0,0,0,0
20,0,0,0,0,0,1,0,0,1,0,0,0,0,1,0,0,0,0
21,0,0,0,0,0,1,0,0,0,0,1,0,0,0,1,0,0,0
22,0,1,0,0,0,0,1,1,0,0,0,0,0,0,0,0,0,1
23,0,1,0,0,1,0,0,0,1,0,0,0,0,0,0,0,0,1
24,0,0,0,0,0,1,0,0,0,1,0,0,1,0,0,0,0,0
25,0,0,0,0,0,0,1,0,1,0,0,0,0,1,0,0,0,0
26,0,1,0,0,0,0,1,0,1,0,0,0,0,0,0,0,1,0
27,12,1,0,1,0,0,0,0,0,0,1,0,0,0,0,0,0,1
28,0,0,0,0,0,0,1,0,1,0,0,0,0,1,0,0,0,0
29,7,0,0,0,0,1,0,0,1,0,0,0,0,1,0,0,0,0
30,0,0,0,0,0,0,1,0,1,0,0,0,0,1,0,0,0,0
31,0,1,0,0,0,1,0,0,0,0,1,0,0,0,0,0,1,0
32,2,1,0,0,0,1,0,0,1,0,0,0,0,0,0,0,0,1
33,0,1,0,0,0,0,1,0,0,1,0,0,0,0,0,0,1,0
34,0,1,0,0,0,1,0,0,1,0,0,0,0,0,1,0,0,0
35,3,1,0,1,0,0,0,0,0,0,1,0,0,0,0,0,0,1
36,0,0,0,0,0,0,1,0,1,0,0,0,0,1,0,0,0,0
37,0,0,0,0,0,0,1,0,0,0,1,0,0,0,0,1,0,0
38,0,1,0,0,0,1,0,0,0,0,0,1,0,0,0,0,0,1
39,0,1,0,0,0,0,1,0,0,1,0,0,0,0,1,0,0,0
40,1,1,0,1,0,0,0,0,0,0,1,0,0,0,0,0,0,1
41,0,1,0,0,0,1,0,0,0,1,0,0,0,0,1,0,0,0
42,7,1,0,0,0,1,0,0,0,1,0,0,0,0,0,0,0,1
43,0,1,0,0,1,0,0,0,0,0,1,0,0,0,0,0,0,1
44,0,0,0,0,0,0,1,0,0,1,0,0,0,1,0,0,0,0
45,0,0,0,0,0,1,0,0,0,0,1,0,1,0,0,0,0,0
46,0,1,0,0,0,1,0,0,0,0,0,1,0,0,0,0,0,1
47,0,1,0,0,0,1,0,1,0,0,0,0,0,0,1,0,0,0
48,0,0,0,0,1,0,0,0,0,0,1,0,0,1,0,0,0,0
49,12,1,1,0,0,0,0,0,0,0,0,1,0,0,0,0,0,1
50,12,1,0,1,0,0,0,0,1,0,0,0,0,0,0,0,1,0
51,12,1,0,1,0,0,0,0,0,1,0,0,0,0,0,0,0,1
52,3,0,0,0,0,0,1,1,0,0,0,0,0,0,1,0,0,0
53,0,1,0,0,0,1,0,0,0,1,0,0,0,0,0,0,0,1
54,7,1,0,0,1,0,0,0,1,0,0,0,0,0,0,0,1,0
55,0,0,0,0,0,0,1,0,0,0,1,0,0,0,1,0,0,0
56,7,0,0,0,0,0,1,0,0,1,0,0,0,0,1,0,0,0
57,0,1,0,0,0,0,1,1,0,0,0,0,0,1,0,0,0,0
58,0,0,0,0,0,0,1,0,0,1,0,0,1,0,0,0,0,0
59,1,1,0,0,0,0,1,0,0,0,1,0,0,0,0,0,0,1
60,0,1,0,0,0,0,1,0,0,0,0,1,0,0,0,0,1,0
61,1,1,0,0,0,0,1,0,0,0,0,1,0,0,0,0,0,1
62,0,1,0,0,1,0,0,0,0,0,0,1,0,0,0,0,0,1
63,0,0,0,0,0,1,0,0,0,0,0,1,1,0,0,0,0,0
64,0,1,1,0,0,0,0,0,1,0,0,0,0,0,1,0,0,0
65,0,1,0,0,1,0,0,0,0,0,0,1,0,0,0,1,0,0
66,0,0,0,0,0,0,1,0,0,1,0,0,0,0,1,0,0,0
67,7,1,0,0,0,1,0,0,0,1,0,0,0,0,1,0,0,0
68,1,1,0,0,0,1,0,0,0,0,0,1,0,0,0,1,0,0
69,0,1,0,0,0,0,1,0,0,0,1,0,0,0,0,1,0,0
70,0,1,0,0,0,1,0,0,1,0,0,0,0,0,0,0,0,1
71,0,1,0,0,0,0,1,0,0,0,1,0,0,1,0,0,0,0
72,0,1,0,0,0,1,0,0,1,0,0,0,0,0,0,0,0,1
73,12,1,0,0,0,1,0,0,0,1,0,0,0,1,0,0,0,0
74,12,1,0,1,0,0,0,0,0,0,1,0,0,0,0,1,0,0
75,0,0,0,0,0,0,1,0,0,0,0,1,1,0,0,0,0,0
76,0,1,0,0,0,1,0,0,1,0,0,0,0,0,0,1,0,0
77,0,1,0,0,0,0,1,0,0,0,0,1,0,0,1,0,0,0
78,0,1,0,0,0,1,0,0,0,0,1,0,0,0,0,0,1,0
79,0,0,0,0,0,0,1,1,0,0,0,0,0,0,1,0,0,0
80,3,1,0,0,0,1,0,0,0,0,1,0,0,0,0,0,0,1
81,7,1,0,0,1,0,0,0,0,0,1,0,0,0,0,0,1,0
82,0,1,1,0,0,0,0,0,0,0,1,0,0,0,0,0,0,1
83,1,0,0,1,0,0,0,0,1,0,0,0,0,1,0,0,0,0
84,1,0,0,0,0,1,0,0,0,0,1,0,0,0,1,0,0,0
85,0,1,0,0,0,1,0,0,0,0,0,1,0,1,0,0,0,0
86,0,1,0,0,0,0,1,0,0,0,1,0,0,0,0,0,0,1
87,0,0,0,0,0,1,0,0,0,0,1,0,1,0,0,0,0,0
88,0,1,0,0,0,1,0,0,0,0,1,0,0,0,0,0,1,0
89,0,1,0,1,0,0,0,0,0,0,0,1,0,0,0,0,0,1
90,0,1,0,0,0,1,0,0,0,1,0,0,0,0,0,0,1,0
91,0,0,0,0,0,0,1,0,1,0,0,0,1,0,0,0,0,0
92,0,0,0,0,0,0,1,0,1,0,0,0,0,0,1,0,0,0
93,1,1,0,0,1,0,0,0,0,1,0,0,0,0,0,1,0,0
94,3,1,0,0,0,1,0,0,0,0,1,0,0,0,0,0,1,0
95,0,0,0,0,0,1,0,0,0,0,1,0,0,0,0,1,0,0
96,3,1,0,1,0,0,0,0,1,0,0,0,0,0,1,0,0,0
97,0,1,0,0,0,0,1,0,1,0,0,0,0,0,0,0,0,1
98,1,0,0,0,0,0,1,0,0,0,0,1,1,0,0,0,0,0
99,1,1,0,0,0,0,1,0,0,0,1,0,0,0,0,0,1,0
100,0,1,0,0,0,1,0,0,0,0,1,0,0,0,0,0,1,0
101,0,1,0,0,0,0,1,0,0,1,0,0,0,0,0,0,0,1
102,0,0,0,0,0,0,1,0,0,0,0,1,0,1,0,0,0,0
103,0,0,0,0,0,1,0,0,1,0,0,0,0,1,0,0,0,0
104,7,1,0,0,0,1,0,0,1,0,0,0,0,0,0,1,0,0
105,7,1,0,0,0,1,0,0,1,0,0,0,0,0,0,0,0,1
106,0,0,0,0,0,0,1,0,0,1,0,0,0,0,1,0,0,0
107,0,1,0,0,0,0,1,0,0,0,0,1,0,0,0,0,1,0
108,0,0,0,0,0,0,1,0,1,0,0,0,1,0,0,0,0,0
109,0,1,0,0,1,0,0,0,0,0,1,0,0,0,0,0,0,1
110,0,1,0,0,0,0,1,1,0,0,0,0,0,0,0,0,0,1
111,0,1,0,0,0,0,1,0,0,0,1,0,0,0,0,1,0,0
112,0,1,0,0,0,0,1,0,0,1,0,0,0,1,0,0,0,0
113,7,0,0,0,1,0,0,1,0,0,0,0,0,0,0,0,1,0
114,12,1,0,0,0,0,1,0,1,0,0,0,0,0,0,0,1,0
115,0,1,0,0,0,0,1,0,0,1,0,0,0,0,1,0,0,0
116,0,0,0,0,0,0,1,0,0,1,0,0,0,1,0,0,0,0
117,0,1,0,1,0,0,0,0,1,0,0,0,0,0,0,0,0,1
118,0,1,0,0,0,0,1,0,0,1,0,0,0,1,0,0,0,0
119,0,1,0,0,0,0,1,0,0,0,1,0,0,0,0,0,0,1
120,0,0,0,0,0,1,0,0,1,0,0,0,1,0,0,0,0,0
121,0,0,0,0,1,0,0,0,0,0,1,0,0,0,1,0,0,0
122,0,1,0,0,0,0,1,0,0,0,1,0,0,1,0,0,0,0
123,7,1,0,0,0,1,0,0,1,0,0,0,0,0,0,0,0,1
124,7,1,0,0,1,0,0,1,0,0,0,0,0,0,0,0,0,1
125,0,0,0,0,0,1,0,1,0,0,0,0,1,0,0,0,0,0
126,1,1,0,0,1,0,0,0,1,0,0,0,0,0,0,0,0,1
127,0,1,0,0,0,0,1,0,0,0,1,0,0,0,0,0,0,1
128,0,0,0,1,0,0,0,0,0,1,0,0,0,1,0,0,0,0
129,0,1,0,0,0,0,1,0,0,1,0,0,0,1,0,0,0,0
130,0,1,0,0,0,1,0,0,0,1,0,0,0,0,0,0,0,1
131,0,1,0,0,0,1,0,0,0,0,1,0,0,0,0,0,0,1
132,0,1,0,0,1,0,0,0,1,0,0,0,0,0,0,0,1,0
133,0,1,0,0,0,1,0,0,0,0,1,0,0,0,0,0,1,0
134,2,1,0,0,0,0,1,0,0,1,0,0,0,0,0,0,0,1
135,0,1,0,0,1,0,0,0,0,0,0,1,0,0,0,0,0,1
136,0,0,0,0,0,1,0,1,0,0,0,0,1,0,0,0,0,0
137,0,1,0,0,0,0,1,0,0,0,0,1,0,0,0,0,0,1
138,0,1,1,0,0,0,0,0,0,1,0,0,0,0,0,0,0,1
139,0,1,0,0,0,1,0,1,0,0,0,0,0,0,0,0,1,0
140,0,1,0,0,0,0,1,0,0,1,0,0,0,0,0,0,0,1
141,0,1,0,0,0,0,1,0,0,0,1,0,0,0,0,0,0,1
142,0,1,0,0,0,0,1,0,0,0,0,1,0,0,0,0,1,0
143,0,1,0,0,0,1,0,0,1,0,0,0,0,0,0,0,1,0
144,12,0,0,0,0,1,0,0,0,1,0,0,0,0,1,0,0,0
145,0,0,0,0,0,0,1,0,0,0,1,0,1,0,0,0,0,0
146,12,1,0,1,0,0,0,1,0,0,0,0,0,0,0,1,0,0
147,0,1,0,0,0,0,1,0,0,0,0,1,0,0,0,0,0,1
148,1,1,0,0,0,0,1,0,0,1,0,0,0,0,1,0,0,0
149,12,1,0,0,0,0,1,0,0,0,1,0,0,0,0,0,0,1
150,12,1,1,0,0,0,0,0,0,0,1,0,0,0,0,0,0,1
151,7,0,0,0,0,1,0,0,0,1,0,0,0,0,1,0,0,0
152,0,1,0,0,0,1,0,0,0,0,1,0,0,0,0,0,0,1
153,0,1,0,0,0,1,0,0,0,0,1,0,0,0,1,0,0,0
154,0,1,0,0,0,1,0,0,0,0,1,0,0,0,0,1,0,0
155,0,1,0,0,0,1,0,0,0,0,1,0,0,0,0,0,0,1
156,0,1,0,0,1,0,0,0,0,1,0,0,0,0,0,0,0,1
157,0,0,0,0,0,1,0,0,1,0,0,0,0,1,0,0,0,0
158,0,1,0,0,0,0,1,0,0,0,1,0,0,0,0,1,0,0
159,0,1,0,0,0,0,1,0,0,0,1,0,0,0,0,0,0,1
160,7,1,0,0,0,0,1,0,0,0,1,0,0,0,0,1,0,0
161,0,0,0,0,0,0,1,0,0,0,0,1,0,1,0,0,0,0
162,0,1,0,0,0,1,0,0,0,0,0,1,0,0,0,0,1,0
163,1,1,0,0,0,1,0,0,0,1,0,0,1,0,0,0,0,0
164,0,0,0,0,0,1,0,0,0,1,0,0,0,0,0,1,0,0
165,0,0,0,0,0,0,1,0,0,0,1,0,0,0,0,0,0,1
166,0,1,0,1,0,0,0,0,0,0,1,0,0,0,0,0,0,1
167,0,0,0,0,0,1,0,0,0,0,0,1,0,0,0,0,1,0
168,0,0,0,0,0,0,1,0,0,0,1,0,1,0,0,0,0,0
169,0,1,0,0,0,1,0,0,0,0,1,0,0,0,0,1,0,0
170,0,1,0,0,0,0,1,0,1,0,0,0,0,0,0,1,0,0
171,0,1,0,0,0,1,0,0,0,0,0,1,0,0,0,0,0,1
172,3,1,0,0,0,1,0,0,0,0,0,1,0,0,0,0,0,1
173,0,1,0,0,1,0,0,0,0,0,1,0,0,0,0,0,0,1
174,0,1,0,1,0,0,0,0,1,0,0,0,0,0,0,1,0,0
175,0,0,0,0,0,0,1,0,0,1,0,0,0,1,0,0,0,0
176,12,1,0,0,0,1,0,0,1,0,0,0,0,0,0,0,0,1
177,0,1,0,0,0,0,1,0,0,0,0,1,0,0,0,0,0,1
178,0,0,0,0,0,0,1,0,1,0,0,0,1,0,0,0,0,0
179,0,0,0,0,0,0,1,0,0,0,1,0,0,1,0,0,0,0
180,0,0,0,0,0,0,1,0,1,0,0,0,0,1,0,0,0,0
181,7,1,0,0,0,1,0,0,1,0,0,0,0,0,1,0,0,0
182,0,0,0,0,0,0,1,0,1,0,0,0,0,1,0,0,0,0
183,0,1,0,0,1,0,0,0,0,0,1,0,0,0,0,0,1,0
184,1,0,0,0,0,0,1,0,1,0,0,0,0,0,1,0,0,0
185,0,1,0,0,0,0,1,0,0,0,1,0,0,0,0,0,0,1
186,0,0,0,0,0,0,1,0,1,0,0,0,0,1,0,0,0,0
187,0,0,0,0,1,0,0,0,1,0,0,0,0,0,1,0,0,0
188,0,1,0,0,1,0,0,0,0,1,0,0,0,0,0,0,1,0
189,7,1,0,0,1,0,0,0,0,0,0,1,0,0,0,0,0,1
190,1,0,0,0,1,0,0,0,0,1,0,0,0,0,1,0,0,0
191,1,1,0,0,0,1,0,0,0,0,1,0,0,0,0,0,1,0
192,0,1,0,0,0,1,0,0,0,1,0,0,0,0,0,0,0,1
193,0,0,0,0,0,0,1,0,1,0,0,0,1,0,0,0,0,0
194,0,1,0,0,0,1,0,0,1,0,0,0,0,0,0,0,0,1
195,0,1,0,0,0,0,1,0,0,0,1,0,0,0,1,0,0,0
196,1,1,0,0,0,1,0,0,0,1,0,0,0,0,0,1,0,0
197,0,0,0,0,0,1,0,1,0,0,0,0,0,0,1,0,0,0
198,0,1,0,0,0,1,0,0,1,0,0,0,0,0,0,0,1,0
199,0,1,0,0,0,1,0,0,0,0,0,1,0,0,0,0,0,1
200,0,1,0,0,1,0,0,0,0,0,0,1,0,0,0,1,0,0
201,0,1,0,0,0,1,0,0,1,0,0,0,0,0,0,0,0,1
202,0,0,0,0,1,0,0,0,0,1,0,0,0,0,1,0,0,0
203,0,1,0,0,0,1,0,1,0,0,0,0,0,0,1,0,0,0
204,0,1,0,0,0,1,0,0,0,0,1,0,0,0,1,0,0,0
205,0,1,0,0,1,0,0,0,0,0,0,1,0,0,0,0,0,1
206,7,1,1,0,0,0,0,0,1,0,0,0,0,0,0,1,0,0
207,0,1,0,0,0,1,0,0,0,0,1,0,0,0,0,0,0,1
208,0,1,0,0,0,1,0,1,0,0,0,0,0,0,0,1,0,0
209,0,1,0,0,1,0,0,0,0,0,1,0,0,0,0,1,0,0
210,0,0,0,0,1,0,0,0,1,0,0,0,1,0,0,0,0,0
211,0,1,0,0,1,0,0,0,1,0,0,0,0,0,1,0,0,0
212,0,1,0,0,1,0,0,0,0,0,1,0,0,0,0,0,0,1
213,0,1,0,0,1,0,0,0,1,0,0,0,1,0,0,0,0,0
214,0,1,0,0,1,0,0,0,0,0,1,0,0,0,0,0,0,1
215,0,1,1,0,0,0,0,0,0,0,0,1,0,0,0,0,0,1
216,0,1,0,1,0,0,0,0,0,0,1,0,0,0,0,0,0,1
217,0,1,0,0,1,0,0,0,0,0,1,0,0,0,0,1,0,0
218,3,0,0,1,0,0,0,1,0,0,0,0,0,1,0,0,0,0
219,7,1,0,0,0,1,0,0,0,1,0,0,0,0,1,0,0,0
220,0,1,0,0,0,0,1,0,1,0,0,0,0,0,1,0,0,0
221,0,1,0,0,0,0,1,0,1,0,0,0,0,0,1,0,0,0
222,7,1,0,0,0,1,0,0,0,0,1,0,0,0,0,0,0,1
223,0,1,0,0,0,0,1,0,1,0,0,0,0,0,1,0,0,0
224,0,1,0,0,0,0,1,0,0,0,0,1,0,0,0,0,0,1
225,0,1,0,0,0,1,0,0,0,0,0,1,0,0,0,0,0,1
226,0,1,0,0,0,1,0,0,0,1,0,0,0,0,0,0,1,0
227,2,1,0,0,0,1,0,1,0,0,0,0,0,0,0,0,0,1
228,0,1,0,1,0,0,0,0,0,0,1,0,0,1,0,0,0,0
229,0,1,0,1,0,0,0,0,1,0,0,0,0,0,0,0,0,1
230,0,0,0,0,0,1,0,0,0,0,1,0,0,1,0,0,0,0
231,7,1,0,1,0,0,0,0,0,1,0,0,0,0,1,0,0,0
232,0,1,0,0,0,1,0,0,0,1,0,0,0,0,0,0,0,1
233,0,1,0,1,0,0,0,0,0,0,1,0,0,0,0,0,0,1
234,0,1,0,0,0,0,1,0,0,0,1,0,0,0,0,0,0,1
235,0,0,0,0,0,0,1,0,0,0,1,0,1,0,0,0,0,0
236,1,1,0,0,0,1,0,1,0,0,0,0,0,0,1,0,0,0
237,0,1,0,0,0,0,1,0,0,0,1,0,0,0,0,0,1,0
238,0,1,0,0,0,1,0,0,0,1,0,0,0,0,0,0,0,1
239,0,0,0,0,0,0,1,0,1,0,0,0,0,1,0,0,0,0
240,0,1,0,1,0,0,0,0,1,0,0,0,1,0,0,0,0,0
241,7,1,0,0,0,1,0,0,0,0,1,0,0,0,0,1,0,0
242,0,0,0,0,0,1,0,0,0,1,0,0,0,0,1,0,0,0
243,0,1,0,0,0,1,0,0,1,0,0,0,0,0,0,0,1,0
244,0,1,0,0,1,0,0,0,0,0,1,0,0,0,0,1,0,0
245,0,1,0,0,0,1,0,0,0,0,1,0,0,0,0,0,0,1
246,0,1,0,1,0,0,0,0,0,0,0,1,0,0,0,0,0,1
247,0,1,0,0,0,0,1,0,0,0,1,0,0,1,0,0,0,0
248,2,1,0,0,0,1,0,1,0,0,0,0,0,0,0,0,0,1
249,0,1,0,0,1,0,0,0,0,1,0,0,0,0,1,0,0,0
250,0,0,0,0,0,0,1,0,0,0,1,0,0,0,0,1,0,0
251,0,1,0,0,0,0,1,0,0,1,0,0,1,0,0,0,0,0
252,0,1,0,0,0,0,1,0,0,0,1,0,0,0,0,1,0,0
253,0,0,0,0,0,0,1,0,0,1,0,0,1,0,0,0,0,0
254,0,1,0,0,0,0,1,0,1,0,0,0,0,0,1,0,0,0
255,0,1,0,0,0,0,1,0,0,0,1,0,0,0,0,0,1,0
256,0,1,0,0,0,0,1,1,0,0,0,0,0,0,0,0,0,1
257,0,0,0,0,0,0,1,0,0,1,0,0,1,0,0,0,0,0
258,0,1,0,0,0,1,0,0,0,0,1,0,0,0,0,1,0,0
259,7,1,0,1,0,0,0,0,0,0,1,0,0,0,0,0,0,1
260,7,1,0,0,1,0,0,1,0,0,0,0,0,0,0,0,1,0
261,0,1,0,0,0,1,0,0,0,0,1,0,1,0,0,0,0,0
262,0,1,0,0,0,1,0,0,0,0,1,0,0,0,0,0,0,1
263,0,1,0,0,1,0,0,0,1,0,0,0,0,0,0,0,0,1
264,0,1,0,0,0,1,0,1,0,0,0,0,0,0,1,0,0,0
265,0,1,0,0,1,0,0,0,0,0,1,0,0,0,0,0,0,1
266,0,0,0,0,0,0,1,0,1,0,0,0,0,1,0,0,0,0
267,0,1,0,1,0,0,0,0,0,0,1,0,0,0,0,0,0,1
268,0,0,0,0,0,0,1,0,0,0,1,0,0,1,0,0,0,0
269,0,1,0,0,0,0,1,0,0,0,0,1,0,0,1,0,0,0
270,0,1,0,0,0,0,1,0,1,0,0,0,0,0,1,0,0,0
271,0,0,0,0,0,0,1,0,0,1,0,0,0,1,0,0,0,0
272,0,0,0,0,1,0,0,0,1,0,0,0,1,0,0,0,0,0
273,0,1,0,1,0,0,0,0,1,0,0,0,0,0,0,1,0,0
274,0,0,0,0,1,0,0,0,1,0,0,0,1,0,0,0,0,0
275,3,1,1,0,0,0,0,0,0,1,0,0,0,0,0,0,0,1
276,1,1,0,0,0,1,0,0,0,1,0,0,0,0,0,0,0,1
277,0,1,0,1,0,0,0,0,0,0,1,0,0,0,0,0,0,1
278,0,0,0,0,0,0,1,1,0,0,0,0,0,1,0,0,0,0
279,2,1,0,0,1,0,0,0,0,1,0,0,0,0,0,1,0,0
280,0,0,0,0,0,1,0,0,1,0,0,0,0,0,0,0,1,0
281,0,1,0,0,1,0,0,0,0,0,1,0,0,0,0,0,0,1
282,0,1,0,0,1,0,0,0,0,1,0,0,0,0,0,0,0,1
283,0,0,0,0,0,0,1,0,1,0,0,0,0,0,1,0,0,0
284,12,1,0,1,0,0,0,0,1,0,0,0,0,0,0,1,0,0
285,0,1,0,1,0,0,0,0,1,0,0,0,0,0,0,1,0,0
286,0,0,0,0,0,0,1,0,1,0,0,0,1,0,0,0,0,0
287,0,0,0,0,0,0,1,0,1,0,0,0,0,0,1,0,0,0
288,0,0,0,0,0,0,1,0,0,0,0,1,0,1,0,0,0,0
289,1,0,0,0,0,0,1,0,0,0,1,0,0,0,1,0,0,0
290,3,1,0,0,0,1,0,0,0,1,0,0,0,0,0,1,0,0
291,12,1,0,0,0,0,1,1,0,0,0,0,0,0,0,0,0,1
292,7,1,0,0,1,0,0,0,0,1,0,0,0,0,0,0,0,1
293,7,0,0,0,0,0,1,0,1,0,0,0,0,0,0,1,0,0
294,1,1,0,0,1,0,0,0,0,1,0,0,0,0,0,1,0,0
295,0,0,0,0,0,0,1,0,0,0,1,0,0,1,0,0,0,0
296,0,0,0,0,1,0,0,0,0,0,1,0,0,0,1,0,0,0
297,0,1,0,0,0,1,0,1,0,0,0,0,0,0,1,0,0,0
298,0,1,0,0,0,0,1,0,0,0,0,1,0,0,0,0,0,1
299,1,1,0,0,0,1,0,0,1,0,0,0,0,1,0,0,0,0
300,12,1,0,1,0,0,0,0,0,0,1,0,0,0,0,0,0,1
301,0,1,0,0,1,0,0,0,0,1,0,0,0,0,0,0,1,0
302,7,1,0,0,0,1,0,0,0,1,0,0,0,0,0,0,1,0
303,0,1,0,0,0,0,1,0,0,0,1,0,0,0,0,0,0,1
304,0,1,0,0,0,0,1,0,0,0,1,0,0,0,0,0,0,1
305,0,0,0,0,0,1,0,0,0,0,1,0,0,1,0,0,0,0
306,0,1,0,0,0,1,0,0,0,1,0,0,0,0,0,0,1,0
307,0,1,0,0,0,0,1,1,0,0,0,0,0,0,0,1,0,0
308,0,1,0,0,0,1,0,0,0,0,1,0,0,0,0,0,1,0
309,7,1,0,0,1,0,0,1,0,0,0,0,0,0,1,0,0,0
310,0,1,0,0,0,1,0,0,1,0,0,0,0,1,0,0,0,0
311,0,1,0,0,0,0,1,0,0,0,1,0,0,0,0,0,0,1
312,0,1,0,0,0,0,1,0,0,1,0,0,0,0,1,0,0,0
313,0,1,0,0,0,1,0,0,0,0,0,1,0,0,0,0,0,1
314,0,1,0,0,0,0,1,0,0,0,1,0,0,0,0,1,0,0
315,1,1,0,0,1,0,0,0,1,0,0,0,0,0,1,0,0,0
316,0,1,0,0,0,0,1,0,0,0,1,0,0,0,0,0,0,1
317,12,1,0,0,1,0,0,0,0,1,0,0,0,0,0,0,0,1
318,1,1,0,0,0,0,1,0,0,0,0,1,0,0,0,0,1,0
319,0,0,0,0,0,1,0,0,0,0,1,0,0,0,1,0,0,0
320,0,0,0,0,0,0,1,0,0,0,1,0,1,0,0,0,0,0
321,0,1,0,0,1,0,0,0,0,0,1,0,0,0,1,0,0,0
322,0,0,0,0,0,0,1,0,0,0,0,1,1,0,0,0,0,0
323,0,1,0,0,0,0,1,0,0,0,0,1,0,0,0,0,0,1
324,0,1,0,0,0,0,1,0,0,1,0,0,0,0,0,0,1,0
325,12,1,0,1,0,0,0,0,1,0,0,0,0,0,0,0,1,0
326,0,1,0,0,0,1,0,0,0,0,1,0,0,0,0,0,0,1
327,12,1,0,0,1,0,0,1,0,0,0,0,0,0,0,1,0,0
328,0,1,0,0,0,1,0,0,1,0,0,0,0,0,0,1,0,0
329,0,1,0,0,0,1,0,0,0,1,0,0,0,0,0,0,0,1
330,0,1,0,0,0,0,1,1,0,0,0,0,0,0,0,0,0,1
331,0,1,0,0,0,0,1,0,0,1,0,0,0,0,1,0,0,0
332,0,1,0,0,0,1,0,0,0,0,1,0,0,0,0,0,0,1
333,0,1,0,0,0,1,0,0,0,1,0,0,1,0,0,0,0,0
334,0,0,0,0,1,0,0,0,0,1,0,0,0,1,0,0,0,0
335,0,1,0,0,0,0,1,0,0,0,1,0,0,0,0,0,0,1
336,0,1,0,0,0,1,0,0,0,1,0,0,0,0,0,0,0,1
337,0,1,0,0,0,1,0,0,0,0,0,1,0,0,0,0,0,1
338,0,1,0,0,1,0,0,0,0,0,1,0,0,0,0,0,0,1
339,0,1,0,0,0,1,0,0,1,0,0,0,0,0,0,0,0,1
340,0,1,0,0,0,0,1,0,0,0,1,0,0,0,0,1,0,0
341,0,1,0,0,0,1,0,0,0,0,1,0,0,0,0,1,0,0
342,3,1,0,1,0,0,0,0,0,0,1,0,0,0,0,1,0,0
343,0,0,0,0,0,0,1,1,0,0,0,0,0,1,0,0,0,0
344,0,1,0,0,0,1,0,0,0,1,0,0,0,0,1,0,0,0
345,0,0,0,0,0,0,1,0,1,0,0,0,0,1,0,0,0,0
346,0,1,0,0,0,1,0,0,1,0,0,0,0,0,0,0,0,1
347,3,1,0,0,0,1,0,0,1,0,0,0,0,0,0,0,1,0
348,0,1,0,0,0,1,0,0,0,0,1,0,0,0,0,0,0,1
349,12,1,0,0,1,0,0,0,1,0,0,0,1,0,0,0,0,0
350,0,1,0,0,0,0,1,0,1,0,0,0,0,0,0,1,0,0
351,0,1,0,0,0,0,1,0,0,1,0,0,0,0,1,0,0,0
352,0,1,0,0,1,0,0,0,0,0,1,0,0,0,0,0,0,1
353,12,1,0,0,0,1,0,0,0,1,0,0,0,0,0,0,0,1
354,0,1,0,0,0,1,0,1,0,0,0,0,0,0,0,1,0,0
355,0,0,0,0,0,0,1,0,1,0,0,0,0,1,0,0,0,0
356,0,1,0,0,1,0,0,0,0,1,0,0,0,1,0,0,0,0
357,0,1,0,0,0,0,1,0,1,0,0,0,0,0,0,0,0,1
358,0,1,1,0,0,0,0,0,1,0,0,0,0,0,0,0,0,1
359,0,1,0,0,0,0,1,0,1,0,0,0,0,0,0,0,1,0
360,2,0,0,0,1,0,0,0,0,0,1,0,0,0,0,1,0,0
361,0,1,0,0,0,0,1,0,0,0,1,0,0,0,0,0,0,1
362,1,1,0,0,0,0,1,0,0,0,1,0,0,0,0,1,0,0
363,0,1,0,0,0,0,1,0,0,1,0,0,0,0,1,0,0,0
364,0,1,0,0,0,0,1,0,0,0,1,0,0,0,0,0,0,1
365,0,0,0,0,0,0,1,0,0,1,0,0,0,1,0,0,0,0
366,0,0,0,0,1,0,0,0,1,0,0,0,1,0,0,0,0,0
367,0,1,0,0,1,0,0,0,1,0,0,0,0,0,0,0,1,0
368,0,0,0,0,0,1,0,0,0,0,1,0,0,0,1,0,0,0
369,7,1,0,1,0,0,0,0,1,0,0,0,0,0,1,0,0,0
370,1,1,0,0,1,0,0,0,0,0,0,1,0,1,0,0,0,0
371,0,1,1,0,0,0,0,0,1,0,0,0,0,0,0,1,0,0
372,0,1,0,0,1,0,0,0,0,0,0,1,0,0,1,0,0,0
373,0,1,0,0,0,0,1,0,1,0,0,0,0,0,0,0,0,1
374,0,0,0,0,0,1,0,0,0,0,1,0,0,0,0,0,0,1
375,0,0,0,0,0,0,1,1,0,0,0,0,0,1,0,0,0,0
376,12,0,1,0,0,0,0,0,0,1,0,0,0,0,0,0,0,1
377,0,1,0,0,0,1,0,0,0,0,1,0,0,0,0,0,0,1
378,0,1,0,0,0,1,0,0,0,0,1,0,0,0,0,0,0,1
379,0,1,0,0,0,1,0,0,0,0,1,0,0,0,0,1,0,0
380,12,1,0,1,0,0,0,0,1,0,0,0,0,0,0,0,0,1
381,0,1,0,0,1,0,0,0,0,1,0,0,0,0,0,0,0,1
382,0,1,0,0,0,1,0,0,0,1,0,0,0,0,0,1,0,0
383,0,0,0,1,0,0,0,0,0,1,0,0,0,1,0,0,0,0
384,7,1,0,0,0,1,0,0,0,1,0,0,0,0,0,0,0,1
385,0,0,0,0,0,0,1,0,0,1,0,0,0,1,0,0,0,0
386,0,1,0,1,0,0,0,0,0,1,0,0,0,0,1,0,0,0
387,12,0,0,1,0,0,0,0,1,0,0,0,0,0,0,0,1,0
388,12,1,1,0,0,0,0,0,0,1,0,0,0,0,0,0,0,1
389,0,1,0,1,0,0,0,0,0,1,0,0,0,0,0,1,0,0
390,0,1,0,0,0,1,0,0,1,0,0,0,0,0,0,0,0,1
391,0,1,0,0,0,1,0,0,0,1,0,0,0,0,0,1,0,0
392,0,0,0,0,0,0,1,0,1,0,0,0,0,1,0,0,0,0
393,0,1,0,0,0,1,0,0,0,0,0,1,0,0,0,0,0,1
394,0,0,0,0,1,0,0,0,0,0,1,0,0,1,0,0,0,0
395,0,1,0,0,0,0,1,0,0,0,1,0,0,0,0,0,1,0
396,0,0,0,0,1,0,0,0,1,0,0,0,0,0,1,0,0,0
397,7,1,0,0,0,0,1,0,0,0,0,1,0,0,0,0,0,1
398,0,0,0,0,0,0,1,0,0,0,1,0,1,0,0,0,0,0
399,0,0,0,0,0,0,1,0,1,0,0,0,0,0,1,0,0,0
400,0,1,0,0,1,0,0,0,0,0,1,0,0,0,0,0,0,1
401,0,1,0,0,0,1,0,0,0,0,0,1,0,0,0,0,1,0
402,0,1,0,1,0,0,0,0,1,0,0,0,0,0,0,1,0,0
403,0,1,0,0,0,0,1,0,1,0,0,0,0,0,1,0,0,0
404,0,1,0,0,0,1,0,0,1,0,0,0,0,0,1,0,0,0
405,0,0,0,0,0,0,1,0,0,1,0,0,0,1,0,0,0,0
406,0,1,0,0,0,1,0,0,0,0,1,0,0,0,1,0,0,0
407,0,0,0,0,0,1,0,0,1,0,0,0,1,0,0,0,0,0
408,0,1,0,0,0,0,1,0,0,0,1,0,0,0,0,0,1,0
409,0,0,0,0,1,0,0,0,0,0,0,1,1,0,0,0,0,0
410,0,1,0,0,1,0,0,0,0,0,1,0,0,0,0,0,0,1
411,0,0,0,0,0,0,1,0,0,1,0,0,0,0,1,0,0,0
412,0,0,0,1,0,0,0,0,1,0,0,0,0,1,0,0,0,0
413,0,1,0,0,0,0,1,0,0,0,1,0,0,0,0,1,0,0
414,0,1,0,0,0,0,1,0,0,0,0,1,0,0,0,0,0,1
415,0,1,0,0,0,1,0,1,0,0,0,0,0,0,1,0,0,0
416,0,1,0,0,1,0,0,0,0,0,0,1,0,0,0,0,0,1
417,12,1,0,0,0,1,0,0,0,0,1,0,0,0,0,0,0,1
418,0,1,0,0,0,0,1,0,0,0,1,0,0,0,1,0,0,0
419,0,1,0,0,0,0,1,0,1,0,0,0,0,0,1,0,0,0
420,0,1,0,0,0,1,0,0,1,0,0,0,0,0,0,0,0,1
421,0,0,0,0,0,1,0,0,1,0,0,0,0,1,0,0,0,0
422,0,1,0,0,0,1,0,0,0,0,1,0,0,0,0,0,0,1
423,2,1,0,0,1,0,0,0,1,0,0,0,0,0,0,0,0,1
424,0,0,0,0,0,0,1,0,0,1,0,0,1,0,0,0,0,0
425,0,0,0,0,0,0,1,0,1,0,0,0,0,1,0,0,0,0
426,0,1,0,0,0,1,0,0,0,0,1,0,0,0,1,0,0,0
427,0,1,0,0,0,0,1,0,0,0,1,0,0,0,0,0,0,1
428,0,0,0,0,0,0,1,0,1,0,0,0,0,1,0,0,0,0
429,0,0,0,0,0,0,1,1,0,0,0,0,0,0,1,0,0,0
430,0,1,0,0,0,1,0,0,0,1,0,0,0,0,0,0,0,1
431,0,0,0,0,0,0,1,0,1,0,0,0,0,0,0,0,1,0
432,0,1,0,0,0,0,1,0,0,0,0,1,0,0,0,0,1,0
433,0,1,0,0,1,0,0,0,0,0,1,0,0,1,0,0,0,0
434,0,0,0,0,0,1,0,0,1,0,0,0,0,1,0,0,0,0
435,0,1,0,0,0,1,0,0,0,0,1,0,0,0,0,0,1,0
436,0,1,0,0,0,1,0,0,0,0,1,0,0,0,0,0,0,1
437,0,1,0,0,0,0,1,0,0,0,0,1,0,0,0,0,1,0
438,0,1,0,0,0,0,1,0,0,1,0,0,0,0,1,0,0,0
439,0,1,0,1,0,0,0,0,0,0,1,0,0,0,0,0,0,1
440,12,1,0,0,1,0,0,0,0,1,0,0,0,0,0,0,0,1
441,0,0,0,0,0,0,1,0,0,0,1,0,1,0,0,0,0,0
442,0,1,0,0,0,0,1,0,0,0,1,0,0,0,0,0,0,1
443,0,1,0,0,0,0,1,0,0,1,0,0,0,0,0,0,0,1
444,0,1,0,0,0,0,1,0,1,0,0,0,0,0,0,0,1,0
445,0,0,0,0,0,0,1,0,1,0,0,0,0,0,0,1,0,0
446,12,1,0,1,0,0,0,0,0,0,0,1,0,0,0,0,0,1
447,0,1,0,0,1,0,0,0,1,0,0,0,0,0,0,0,0,1
448,0,1,0,0,0,1,0,0,1,0,0,0,0,1,0,0,0,0
449,0,1,0,0,0,0,1,0,1,0,0,0,1,0,0,0,0,0
450,0,1,0,0,0,1,0,0,0,0,1,0,0,0,1,0,0,0
451,0,0,0,0,0,1,0,0,0,0,1,0,1,0,0,0,0,0
452,0,1,0,0,0,0,1,0,0,0,1,0,0,1,0,0,0,0
453,7,1,0,0,0,1,0,0,1,0,0,0,0,0,0,0,1,0
454,0,1,0,0,1,0,0,0,0,1,0,0,0,0,0,1,0,0
455,0,1,0,0,1,0,0,0,0,0,1,0,0,0,0,0,0,1
456,0,0,0,1,0,0,0,0,0,0,0,1,0,1,0,0,0,0
457,2,1,0,0,0,1,0,0,1,0,0,0,0,0,0,0,0,1
458,0,0,0,0,0,0,1,0,1,0,0,0,0,1,0,0,0,0
459,0,0,0,0,0,0,1,0,0,1,0,0,0,1,0,0,0,0
460,0,0,0,0,0,1,0,0,0,0,0,1,1,0,0,0,0,0
461,0,1,0,0,0,0,1,0,0,0,1,0,0,0,1,0,0,0
462,0,1,0,0,0,0,1,0,0,0,1,0,0,0,1,0,0,0
463,12,1,0,1,0,0,0,1,0,0,0,0,0,0,0,0,0,1
464,0,1,0,0,0,0,1,0,1,0,0,0,0,0,0,0,0,1
465,0,1,0,0,1,0,0,0,0,1,0,0,0,0,0,0,0,1
466,0,1,0,0,0,0,1,0,1,0,0,0,0,0,0,1,0,0
467,0,0,0,0,0,1,0,0,0,0,1,0,1,0,0,0,0,0
468,0,0,0,0,0,0,1,0,0,1,0,0,1,0,0,0,0,0
469,0,1,0,0,0,0,1,0,0,1,0,0,0,0,0,0,1,0
470,7,1,0,0,1,0,0,0,0,1,0,0,0,0,0,0,1,0
471,2,1,1,0,0,0,0,0,0,0,1,0,0,0,0,0,0,1
472,7,0,0,0,0,0,1,0,1,0,0,0,0,1,0,0,0,0
473,0,0,0,0,0,0,1,0,0,0,0,1,1,0,0,0,0,0
474,0,1,0,0,0,1,0,0,0,0,0,1,0,0,0,0,0,1
475,0,1,0,0,0,0,1,0,0,1,0,0,0,0,0,0,1,0
476,3,1,0,1,0,0,0,0,1,0,0,0,0,0,0,0,0,1
477,12,1,0,0,0,1,0,0,1,0,0,0,0,0,0,0,0,1
478,0,1,0,0,0,0,1,0,0,0,1,0,0,0,0,0,0,1
479,0,1,0,0,0,0,1,0,0,1,0,0,0,0,1,0,0,0
480,12,0,0,0,0,0,1,0,1,0,0,0,0,0,1,0,0,0
481,2,1,0,0,0,0,1,0,0,0,1,0,0,0,0,0,1,0
482,0,1,0,0,0,0,1,0,0,0,1,0,0,0,0,1,0,0
483,0,1,0,0,0,0,1,0,0,0,1,0,0,0,0,0,1,0
484,0,1,0,0,0,1,0,1,0,0,0,0,0,0,0,0,1,0
485,0,0,0,0,0,1,0,0,0,1,0,0,0,0,1,0,0,0
486,0,1,0,1,0,0,0,0,0,0,1,0,0,0,0,1,0,0
487,0,1,0,1,0,0,0,0,0,0,0,1,0,0,0,0,0,1
488,1,1,0,0,1,0,0,0,0,1,0,0,0,0,1,0,0,0
489,0,1,0,0,0,0,1,0,1,0,0,0,0,0,0,1,0,0
490,0,0,0,0,1,0,0,0,0,0,1,0,0,1,0,0,0,0
491,0,0,0,0,0,0,1,0,0,0,1,0,0,1,0,0,0,0
492,0,1,0,0,0,1,0,0,0,0,1,0,0,1,0,0,0,0
493,0,1,0,0,0,0,1,0,0,1,0,0,0,0,0,1,0,0
494,0,1,0,0,0,1,0,0,0,1,0,0,0,0,0,0,0,1
495,0,0,0,0,0,0,1,0,0,1,0,0,1,0,0,0,0,0
496,0,1,0,0,0,0,1,0,1,0,0,0,0,1,0,0,0,0
497,12,0,0,0,0,0,1,0,0,0,1,0,0,0,0,1,0,0
498,2,1,0,0,0,0,1,1,0,0,0,0,0,0,1,0,0,0
499,0,1,0,0,0,0,1,1,0,0,0,0,0,0,1,0,0,0
500,0,1,0,0,0,0,1,0,0,0,1,0,0,0,0,0,0,1
501,0,1,0,0,0,0,1,0,0,0,1,0,0,0,0,0,1,0
502,0,1,0,0,0,1,0,0,0,0,1,0,0,0,0,0,0,1
503,7,1,0,0,0,1,0,0,1,0,0,0,0,0,0,0,0,1
504,0,1,0,1,0,0,0,0,1,0,0,0,0,0,0,1,0,0
505,2,0,1,0,0,0,0,1,0,0,0,0,0,0,1,0,0,0
506,0,0,0,0,0,0,1,0,0,0,1,0,0,1,0,0,0,0
507,0,1,0,0,0,1,0,0,1,0,0,0,0,0,0,0,1,0
508,12,1,0,0,0,0,1,0,1,0,0,0,1,0,0,0,0,0
509,0,0,0,0,0,1,0,0,1,0,0,0,1,0,0,0,0,0
510,7,1,0,0,0,1,0,0,0,0,0,1,0,0,0,0,0,1
511,7,0,0,0,0,0,1,1,0,0,0,0,0,0,1,0,0,0
512,0,0,0,0,0,0,1,0,1,0,0,0,0,1,0,0,0,0
513,0,1,0,0,0,1,0,0,0,1,0,0,0,0,0,0,0,1
514,0,1,0,0,0,0,1,0,0,0,0,1,0,0,0,1,0,0
515,2,1,0,0,0,1,0,0,0,0,1,0,0,0,1,0,0,0
516,0,1,0,0,0,1,0,0,0,0,1,0,0,0,0,0,0,1
517,0,1,0,1,0,0,0,0,0,1,0,0,0,0,0,0,0,1
518,0,1,0,1,0,0,0,0,0,1,0,0,0,0,0,0,0,1
519,0,1,0,1,0,0,0,0,1,0,0,0,0,0,0,1,0,0
520,1,1,0,1,0,0,0,0,0,1,0,0,0,1,0,0,0,0
521,0,0,0,0,0,0,1,0,0,0,0,1,0,0,1,0,0,0
522,0,0,0,0,0,0,1,1,0,0,0,0,0,1,0,0,0,0
523,0,0,0,0,0,0,1,1,0,0,0,0,1,0,0,0,0,0
524,3,1,0,0,0,1,0,0,1,0,0,0,0,0,0,0,0,1
525,1,1,0,0,0,1,0,0,0,0,1,0,0,0,0,1,0,0
526,12,0,0,1,0,0,0,0,0,1,0,0,0,0,0,0,0,1
527,1,1,0,0,1,0,0,0,0,1,0,0,0,0,0,0,0,1
528,0,1,0,0,0,0,1,0,0,0,1,0,0,0,0,0,0,1
529,1,1,0,0,0,1,0,1,0,0,0,0,0,0,1,0,0,0
530,0,0,0,0,1,0,0,0,1,0,0,0,0,1,0,0,0,0
531,0,1,0,0,0,0,1,0,0,0,0,1,0,0,1,0,0,0
532,2,1,0,0,1,0,0,0,0,0,1,0,0,0,0,0,0,1
533,0,1,0,0,0,0,1,0,0,0,1,0,0,0,1,0,0,0
534,0,1,0,0,0,1,0,0,0,0,0,1,0,0,0,0,0,1
535,7,1,0,0,0,1,0,0,0,1,0,0,0,0,0,0,0,1
536,3,0,0,0,1,0,0,0,1,0,0,0,0,1,0,0,0,0
537,3,1,0,1,0,0,0,0,0,1,0,0,0,0,1,0,0,0
538,0,0,0,0,1,0,0,0,1,0,0,0,0,1,0,0,0,0
539,0,0,1,0,0,0,0,0,0,0,1,0,0,0,0,0,0,1
540,2,1,0,0,0,0,1,0,0,0,0,1,0,0,0,0,0,1
541,12,1,0,0,0,0,1,1,0,0,0,0,0,0,0,0,0,1
542,12,0,0,0,0,0,1,1,0,0,0,0,0,0,0,0,0,1
543,0,0,0,0,0,0,1,0,0,0,1,0,0,0,0,1,0,0
544,3,1,0,0,0,1,0,0,0,0,1,0,0,0,0,0,0,1
545,0,1,0,0,0,1,0,0,1,0,0,0,0,0,0,0,0,1
546,0,1,0,0,0,0,1,0,0,0,1,0,0,0,0,0,0,1
547,0,0,0,0,0,1,0,0,1,0,0,0,0,0,0,1,0,0
548,0,1,0,0,0,0,1,0,0,0,1,0,0,0,0,1,0,0
549,0,0,0,0,1,0,0,0,1,0,0,0,0,0,1,0,0,0
550,0,1,0,0,0,0,1,0,1,0,0,0,0,0,0,1,0,0
551,0,0,0,0,1,0,0,0,0,0,1,0,0,0,0,1,0,0
552,0,1,0,0,0,1,0,0,0,0,1,0,0,0,0,0,1,0
553,0,0,0,0,0,0,1,0,0,1,0,0,0,1,0,0,0,0
554,0,1,0,0,1,0,0,0,1,0,0,0,0,0,1,0,0,0
555,7,1,0,1,0,0,0,0,0,1,0,0,0,0,0,0,0,1
556,0,0,0,0,0,0,1,0,0,0,1,0,0,0,0,0,0,1
557,0,1,0,0,1,0,0,0,0,0,1,0,0,0,0,0,0,1
558,7,1,0,1,0,0,0,0,0,0,1,0,0,0,0,1,0,0
559,0,1,0,0,0,0,1,0,0,1,0,0,0,0,0,1,0,0
560,12,1,0,1,0,0,0,0,0,1,0,0,0,0,0,0,0,1
561,0,0,0,0,0,0,1,0,0,0,1,0,0,0,0,0,1,0
562,0,1,0,0,0,0,1,0,0,0,1,0,0,0,1,0,0,0
563,0,1,0,0,0,1,0,0,1,0,0,0,0,0,1,0,0,0
564,0,1,1,0,0,0,0,0,1,0,0,0,0,0,0,0,0,1
565,7,1,0,1,0,0,0,0,1,0,0,0,0,0,0,0,0,1
566,0,0,0,0,0,1,0,0,0,0,0,1,0,1,0,0,0,0
567,0,1,0,0,0,1,0,0,1,0,0,0,0,0,0,1,0,0
568,0,1,0,0,0,0,1,0,0,0,1,0,0,0,1,0,0,0
569,0,0,0,0,0,0,1,1,0,0,0,0,1,0,0,0,0,0
570,0,1,0,0,0,1,0,0,0,0,1,0,0,0,0,1,0,0
571,12,1,0,0,0,1,0,0,1,0,0,0,0,0,0,1,0,0
572,0,1,0,0,1,0,0,0,0,0,0,1,0,0,0,0,0,1
573,0,1,0,0,0,1,0,0,0,0,1,0,0,0,0,0,1,0
574,0,1,0,0,0,1,0,0,1,0,0,0,0,0,0,0,0,1
575,0,0,0,0,0,0,1,0,0,1,0,0,0,1,0,0,0,0
576,0,1,0,0,0,1,0,0,0,0,1,0,0,0,1,0,0,0
577,0,1,0,0,0,0,1,0,0,0,0,1,0,0,0,0,0,1
578,0,1,0,1,0,0,0,0,1,0,0,0,0,0,0,1,0,0
579,0,1,0,0,0,1,0,0,0,1,0,0,0,0,0,1,0,0
580,0,1,0,0,0,1,0,0,1,0,0,0,0,0,0,0,0,1
581,0,1,0,0,0,1,0,0,0,0,1,0,0,0,0,0,0,1
582,0,1,0,0,1,0,0,0,0,0,1,0,0,0,0,1,0,0
583,0,1,0,1,0,0,0,0,1,0,0,0,0,0,0,1,0,0
584,3,1,0,0,1,0,0,0,0,0,1,0,0,0,0,0,1,0
585,0,1,0,0,1,0,0,0,0,1,0,0,0,0,0,0,0,1
586,7,1,0,1,0,0,0,0,0,1,0,0,0,0,0,0,0,1
587,1,1,0,0,0,0,1,1,0,0,0,0,0,1,0,0,0,0
588,0,1,0,0,0,0,1,0,0,1,0,0,0,0,1,0,0,0
589,7,1,0,0,0,1,0,0,1,0,0,0,0,0,0,0,1,0
590,0,1,0,0,0,1,0,0,0,1,0,0,0,0,0,1,0,0
591,0,0,0,0,0,0,1,0,1,0,0,0,0,1,0,0,0,0
592,0,1,0,0,0,1,0,0,0,0,1,0,0,0,1,0,0,0
593,0,0,0,0,0,0,1,0,0,0,1,0,0,0,1,0,0,0
594,2,1,0,0,0,0,1,0,1,0,0,0,0,0,0,0,1,0
595,2,1,0,1,0,0,0,0,0,1,0,0,0,0,0,1,0,0
596,0,0,0,0,0,0,1,0,1,0,0,0,0,1,0,0,0,0
597,0,0,0,0,0,1,0,0,0,0,1,0,0,0,0,0,0,1
598,1,1,0,0,0,0,1,0,0,1,0,0,0,0,0,0,0,1
599,0,1,0,1,0,0,0,0,1,0,0,0,0,0,0,0,1,0
600,0,1,0,0,0,1,0,0,0,1,0,0,0,0,0,0,0,1
601,0,1,0,0,0,1,0,0,1,0,0,0,0,0,1,0,0,0
