,stability,error,sign,wind,magn,vis,use
1,1,0,1,0,0,0,0
2,1,0,1,0,1,0,0
3,1,0,1,0,3,0,0
4,1,0,1,1,0,0,0
5,1,0,1,1,1,0,0
6,1,0,1,1,3,0,0
7,1,0,0,0,0,0,0
8,1,0,0,0,1,0,0
9,1,0,0,0,3,0,0
10,1,0,0,1,0,0,0
11,1,0,0,1,1,0,0
12,1,0,0,1,3,0,0
13,1,3,1,0,0,0,0
14,1,3,1,0,1,0,0
15,1,3,1,0,3,0,0
16,1,3,1,1,0,0,0
17,1,3,1,1,1,0,0
18,1,3,1,1,3,0,0
19,1,3,0,0,0,0,0
20,1,3,0,0,1,0,0
21,1,3,0,0,3,0,0
22,1,3,0,1,0,0,0
23,1,3,0,1,1,0,0
24,1,3,0,1,3,0,0
25,1,1,1,0,0,0,0
26,1,1,1,0,1,0,0
27,1,1,1,0,3,0,0
28,1,1,1,1,0,0,0
29,1,1,1,1,1,0,0
30,1,1,1,1,3,0,0
31,1,1,0,0,0,0,0
32,1,1,0,0,1,0,0
33,1,1,0,0,3,0,0
34,1,1,0,1,0,0,0
35,1,1,0,1,1,0,0
36,1,1,0,1,3,0,0
37,1,2,1,0,0,0,0
38,1,2,1,0,1,0,0
39,1,2,1,0,3,0,0
40,1,2,1,1,0,0,0
41,1,2,1,1,1,0,0
42,1,2,1,1,3,0,0
43,1,2,0,0,0,0,0
44,1,2,0,0,1,0,0
45,1,2,0,0,3,0,0
46,1,2,0,1,0,0,0
47,1,2,0,1,1,0,0
48,1,2,0,1,3,0,0
49,0,0,1,0,0,0,0
50,0,0,1,0,1,0,0
51,0,0,1,0,3,0,0
52,0,0,1,1,0,0,0
53,0,0,1,1,1,0,0
54,0,0,1,1,3,0,0
55,0,0,0,0,0,0,0
56,0,0,0,0,1,0,0
57,0,0,0,0,3,0,0
58,0,0,0,1,0,0,0
59,0,0,0,1,1,0,0
60,0,0,0,1,3,0,0
61,0,3,1,0,0,0,0
62,0,3,1,0,1,0,0
63,0,3,1,0,3,0,0
64,0,3,1,1,0,0,0
65,0,3,1,1,1,0,0
66,0,3,1,1,3,0,0
67,0,3,0,0,0,0,0
68,0,3,0,0,1,0,0
69,0,3,0,0,3,0,0
70,0,3,0,1,0,0,0
71,0,3,0,1,1,0,0
72,0,3,0,1,3,0,0
73,0,1,1,0,0,0,0
74,0,1,1,0,1,0,0
75,0,1,1,0,3,0,0
76,0,1,1,1,0,0,0
77,0,1,1,1,1,0,0
78,0,1,1,1,3,0,0
79,0,1,0,0,0,0,0
80,0,1,0,0,1,0,0
81,0,1,0,0,3,0,0
82,0,1,0,1,0,0,0
83,0,1,0,1,1,0,0
84,0,1,0,1,3,0,0
85,0,2,1,0,0,0,0
86,0,2,1,0,1,0,0
87,0,2,1,0,3,0,0
88,0,2,1,1,0,0,0
89,0,2,1,1,1,0,0
90,0,2,1,1,3,0,0
91,0,2,0,0,0,0,0
92,0,2,0,0,1,0,0
93,0,2,0,0,3,0,0
94,0,2,0,1,0,0,0
95,0,2,0,1,1,0,0
96,0,2,0,1,3,0,0
97,1,0,1,0,2,0,0
98,1,0,1,1,2,0,0
99,1,0,0,0,2,0,0
100,1,0,0,1,2,0,0
101,1,3,1,0,2,0,0
102,1,3,1,1,2,0,0
103,1,3,0,0,2,0,0
104,1,3,0,1,2,0,0
105,1,1,1,0,2,0,0
106,1,1,1,1,2,0,0
107,1,1,0,0,2,0,0
108,1,1,0,1,2,0,0
109,1,2,1,0,2,0,0
110,1,2,1,1,2,0,0
111,1,2,0,0,2,0,0
112,1,2,0,1,2,0,0
113,0,0,1,0,2,0,0
114,0,0,1,1,2,0,0
115,0,0,0,0,2,0,0
116,0,0,0,1,2,0,0
117,0,3,1,0,2,0,0
118,0,3,1,1,2,0,0
119,0,3,0,0,2,0,0
120,0,3,0,1,2,0,0
121,0,1,1,0,2,0,0
122,0,1,1,1,2,0,0
123,0,1,0,0,2,0,0
124,0,1,0,1,2,0,0
125,0,2,1,0,2,0,0
126,0,2,1,1,2,0,0
127,0,2,0,0,2,0,0
128,0,2,0,1,2,0,0
129,1,0,1,0,0,1,1
130,1,0,1,0,1,1,1
131,1,0,1,0,3,1,1
132,1,0,1,1,0,1,1
133,1,0,1,1,1,1,1
134,1,0,1,1,3,1,1
135,1,0,0,0,0,1,1
136,1,0,0,0,1,1,1
137,1,0,0,0,3,1,1
138,1,0,0,1,0,1,1
139,1,0,0,1,1,1,1
140,1,0,0,1,3,1,1
141,1,3,1,0,0,1,1
142,1,3,1,0,1,1,1
143,1,3,1,0,3,1,1
144,1,3,1,1,0,1,1
145,1,3,1,1,1,1,1
146,1,3,1,1,3,1,1
147,1,3,0,0,0,1,1
148,1,3,0,0,1,1,1
149,1,3,0,0,3,1,1
150,1,3,0,1,0,1,1
151,1,3,0,1,1,1,1
152,1,3,0,1,3,1,1
153,1,1,1,0,0,1,1
154,1,1,1,0,1,1,1
155,1,1,1,0,3,1,1
156,1,1,1,1,0,1,1
157,1,1,1,1,1,1,1
158,1,1,1,1,3,1,1
159,1,1,0,0,0,1,1
160,1,1,0,0,1,1,1
161,1,1,0,0,3,1,1
162,1,1,0,1,0,1,1
163,1,1,0,1,1,1,1
164,1,1,0,1,3,1,1
165,1,2,1,0,0,1,1
166,1,2,1,0,1,1,1
167,1,2,1,0,3,1,1
168,1,2,1,1,0,1,1
169,1,2,1,1,1,1,1
170,1,2,1,1,3,1,1
171,1,2,0,0,0,1,1
172,1,2,0,0,1,1,1
173,1,2,0,0,3,1,1
174,1,2,0,1,0,1,1
175,1,2,0,1,1,1,1
176,1,2,0,1,3,1,1
177,0,0,1,0,0,1,1
178,0,0,1,0,1,1,1
179,0,0,1,0,3,1,1
180,0,0,1,1,0,1,1
181,0,0,1,1,1,1,1
182,0,0,1,1,3,1,1
183,0,0,0,0,0,1,1
184,0,0,0,0,1,1,1
185,0,0,0,0,3,1,1
186,0,0,0,1,0,1,1
187,0,0,0,1,1,1,1
188,0,0,0,1,3,1,1
189,0,3,1,0,0,1,1
190,0,3,1,0,1,1,1
191,0,3,1,0,3,1,1
192,0,3,1,1,0,1,1
193,0,3,1,1,1,1,1
194,0,3,1,1,3,1,1
195,0,3,0,0,0,1,1
196,0,3,0,0,1,1,1
197,0,3,0,0,3,1,1
198,0,3,0,1,0,1,1
199,0,3,0,1,1,1,1
200,0,3,0,1,3,1,1
201,0,1,1,0,0,1,0
202,0,1,1,0,1,1,0
203,0,1,1,0,3,1,1
204,0,1,1,1,0,1,0
205,0,1,1,1,1,1,0
206,0,1,1,1,3,1,0
207,0,1,0,1,0,1,1
208,0,1,0,1,1,1,1
209,0,1,0,1,3,1,1
210,0,2,1,0,0,1,0
211,0,2,1,0,1,1,0
212,0,2,1,0,3,1,0
213,0,2,1,1,0,1,0
214,0,2,1,1,1,1,0
215,0,2,1,1,3,1,0
216,0,2,0,0,0,1,0
217,0,2,0,0,1,1,0
218,0,2,0,0,3,1,0
219,0,2,0,1,0,1,0
220,0,2,0,1,1,1,0
221,0,2,0,1,3,1,0
222,1,0,1,0,2,1,1
223,1,0,1,1,2,1,1
224,1,0,0,0,2,1,1
225,1,0,0,1,2,1,1
226,1,3,1,0,2,1,1
227,1,3,1,1,2,1,1
228,1,3,0,0,2,1,1
229,1,3,0,1,2,1,1
230,1,1,1,0,2,1,1
231,1,1,1,1,2,1,1
232,1,1,0,0,2,1,1
233,1,1,0,1,2,1,1
234,1,2,1,0,2,1,1
235,1,2,1,1,2,1,1
236,1,2,0,0,2,1,1
237,1,2,0,1,2,1,1
238,0,0,1,0,2,1,1
239,0,0,1,1,2,1,1
240,0,0,0,0,2,1,1
241,0,0,0,1,2,1,1
242,0,3,1,0,2,1,1
243,0,3,1,1,2,1,1
244,0,3,0,0,2,1,1
245,0,3,0,1,2,1,1
246,0,1,1,0,2,1,1
247,0,1,1,1,2,1,1
248,0,1,0,0,2,1,1
249,0,1,0,1,2,1,1
250,0,2,1,0,2,1,1
251,0,2,1,1,2,1,1
252,0,2,0,0,2,1,1
253,0,2,0,1,2,1,1
254,0,1,0,0,0,1,1
255,0,1,0,0,1,1,1
256,0,1,0,0,3,1,1
