,V 1,V 2,V 3,V 4,V 5,V 6,V 7,V 8,V 9,V 10,V 11,V 12,V 13,V 14,V 15,V 16,V 17,V 18,V 19,V 20,V 21,V 22,V 23,V 24,V 25,V 26,V 27,V 28,V 29,V 30,V 31,V 32,V 33,V 34,V 35
1,1,1,1,1,1,1,1,1,1,1,0,1,1,0,1,0,1,1,0,1,0,1,1,1,1,1,1,1,1,0,1,1,1,1,1
2,1,1,1,1,1,1,1,1,1,1,1,1,1,1,1,1,1,1,1,1,1,1,1,1,1,1,1,0,1,1,1,1,1,1,1
3,1,1,0,1,0,1,1,1,1,1,1,1,1,1,0,1,1,1,1,1,0,1,1,1,1,1,1,0,1,0,1,1,1,1,1
4,1,1,1,1,1,1,1,1,1,1,1,1,1,1,1,1,1,1,1,1,1,0,1,1,1,1,1,1,1,1,1,1,1,1,1
5,1,1,1,1,1,1,1,1,1,1,1,1,0,1,1,1,1,1,1,1,0,1,1,1,1,1,1,1,1,1,1,1,1,1,1
6,1,1,1,1,1,1,1,1,1,1,1,1,1,0,1,1,1,1,0,1,0,1,1,1,1,1,1,1,1,1,1,1,1,1,1
7,1,1,1,1,1,1,1,1,1,1,1,1,0,1,1,1,1,1,1,1,0,1,1,1,1,1,1,1,1,1,1,1,1,1,1
8,1,1,1,1,1,1,1,1,1,1,1,1,1,1,1,1,1,1,1,1,1,1,1,1,1,1,1,0,1,0,1,1,1,1,1
9,1,1,1,1,1,1,1,1,1,1,1,1,1,1,1,1,1,1,1,1,1,1,1,1,0,1,1,1,1,1,1,1,1,1,1
10,1,1,1,1,1,1,1,1,1,1,1,1,1,1,1,1,1,1,1,1,1,1,1,1,1,1,1,1,1,0,0,1,1,1,1
11,1,1,1,1,1,1,1,0,1,1,1,1,1,1,1,1,1,1,1,1,1,1,1,1,1,1,1,1,1,1,1,1,1,1,1
12,1,1,0,1,1,1,1,1,0,1,1,1,1,1,0,1,1,1,1,1,0,1,1,1,1,1,0,0,0,1,1,0,1,1,1
13,1,1,1,1,1,1,1,0,1,1,1,1,1,1,1,1,1,1,1,1,0,1,1,0,1,1,1,1,1,1,0,1,1,1,1
14,1,1,1,1,1,1,1,0,1,1,1,1,1,1,1,1,1,1,1,1,1,1,1,1,1,1,1,0,1,0,0,1,1,1,1
15,1,1,1,1,1,1,1,1,1,1,1,1,1,1,0,1,1,1,1,1,0,1,0,1,1,1,1,0,1,1,1,1,1,1,1
16,1,1,1,1,1,1,1,1,1,1,1,1,0,1,1,1,1,1,0,1,1,1,1,1,1,1,1,1,1,1,1,1,1,1,1
17,1,1,1,1,1,1,1,1,1,1,1,1,0,1,1,1,1,1,0,1,1,1,1,1,1,1,1,1,1,1,1,1,1,1,1
18,1,1,1,1,1,1,1,1,1,1,1,1,0,1,1,1,1,1,1,1,0,1,1,1,1,1,1,0,1,1,1,0,1,1,1
19,1,1,1,1,1,1,1,0,1,1,1,1,1,1,1,1,1,1,1,1,1,1,1,1,1,1,1,1,1,1,1,1,1,1,1
20,1,1,1,1,1,1,1,1,1,1,1,1,1,1,1,1,1,1,1,0,0,1,1,1,1,1,1,1,1,1,1,0,1,1,1
21,1,1,1,0,1,1,1,0,1,1,1,1,1,1,1,1,1,1,1,1,1,1,1,1,1,1,1,0,1,1,1,0,1,1,1
22,1,1,0,0,1,1,1,1,0,1,1,1,0,1,0,1,0,1,1,1,0,1,1,1,1,1,1,1,1,1,1,1,1,1,1
23,1,1,1,1,1,1,1,1,1,1,1,1,1,1,1,1,1,1,1,1,1,1,1,1,1,1,1,1,1,1,1,1,1,1,1
24,1,1,1,1,1,1,1,1,1,1,1,1,1,1,1,1,1,1,1,1,1,1,1,1,1,1,1,1,1,1,0,1,1,1,1
25,1,1,1,1,1,1,1,1,1,1,1,1,1,1,1,1,1,1,1,1,0,1,1,1,1,1,1,1,1,1,1,1,1,1,1
26,1,1,1,1,1,1,1,1,0,1,1,1,1,1,0,1,1,1,1,1,1,1,1,1,1,0,1,1,0,0,1,0,1,1,1
27,1,1,1,1,1,1,1,1,1,1,1,1,1,1,1,1,1,1,1,1,1,1,1,1,1,1,1,1,1,1,1,1,1,1,1
28,1,1,1,0,1,1,1,1,1,1,1,1,1,1,1,1,1,1,1,1,0,0,1,1,0,1,1,1,1,0,1,1,1,1,1
29,1,1,1,1,1,1,1,1,1,1,1,1,0,1,1,1,1,1,1,1,1,1,0,1,1,0,1,1,1,0,1,0,1,1,1
30,1,1,1,1,1,1,1,1,1,1,1,1,1,1,1,1,1,1,0,1,0,1,0,1,1,0,1,0,1,1,1,1,1,1,1
31,1,1,1,1,1,1,1,1,1,1,1,1,0,1,1,1,1,1,1,1,0,1,1,1,1,1,1,1,1,1,1,1,1,1,1
32,0,0,1,0,1,1,1,0,1,1,1,1,1,1,1,1,0,1,1,1,0,1,1,1,1,1,1,0,1,1,0,1,1,1,1
33,1,1,1,1,1,1,1,1,0,1,1,1,1,1,0,1,1,1,1,1,0,1,1,0,1,1,1,1,1,1,1,0,1,1,1
34,1,1,1,1,1,1,1,1,1,1,1,1,1,1,1,1,1,1,1,1,1,1,1,1,1,1,1,0,1,1,1,1,1,1,1
35,1,1,1,1,1,1,1,1,1,1,1,1,1,1,1,1,1,1,1,1,1,1,1,1,1,1,1,1,1,1,0,1,1,1,1
36,0,1,1,1,1,1,1,1,1,1,1,1,0,1,0,1,0,1,0,1,0,1,1,0,1,0,1,1,1,0,0,1,1,0,1
37,1,1,0,1,1,1,1,1,1,1,1,1,0,1,1,1,1,1,1,1,0,1,1,1,1,1,1,1,1,0,1,1,1,1,1
38,1,1,1,1,1,1,1,1,1,1,1,1,1,0,1,1,1,1,1,1,0,1,1,1,1,1,1,1,1,0,1,1,1,1,1
39,1,0,0,1,1,1,1,1,1,0,1,1,1,1,0,1,1,0,1,1,0,1,1,1,1,1,1,1,1,1,1,1,1,1,1
40,1,1,1,1,1,1,1,1,1,1,0,1,1,1,1,1,1,1,1,1,1,1,1,1,1,1,1,0,1,0,1,1,0,1,1
41,1,1,1,1,1,1,1,1,1,1,0,1,1,1,0,0,1,1,1,1,0,1,1,1,1,1,1,0,1,0,0,1,1,1,1
42,1,1,0,1,1,1,1,1,1,1,1,1,1,1,1,0,1,1,1,1,1,1,1,1,1,1,1,1,1,1,0,1,1,0,0
43,1,1,1,1,1,1,1,1,1,1,1,1,1,1,1,1,1,0,1,1,1,1,1,1,0,1,1,0,1,1,1,0,1,1,1
44,1,1,0,1,1,1,1,1,0,0,0,1,1,0,0,0,0,1,1,1,1,0,1,0,1,1,1,0,1,1,0,0,1,1,1
45,0,0,1,1,1,1,1,1,1,1,1,1,1,1,1,1,1,1,1,1,0,1,0,1,0,0,1,1,1,0,1,0,1,1,1
46,1,1,1,1,1,1,1,1,1,1,1,1,1,1,1,1,1,1,1,1,1,1,1,1,1,1,1,1,1,1,1,1,1,1,1
47,1,1,1,1,1,1,1,1,0,1,1,1,1,1,1,1,0,1,1,1,1,1,0,1,0,1,1,1,1,1,1,1,1,1,1
48,1,1,1,1,1,1,1,0,0,1,1,1,0,1,0,1,1,1,1,1,1,1,1,1,1,1,1,0,1,1,0,0,0,1,1
49,0,1,1,1,0,1,1,0,1,1,0,1,0,1,1,1,1,1,1,1,0,1,1,1,1,0,1,1,0,1,1,1,1,1,1
50,1,1,1,1,1,1,1,1,1,1,1,1,0,1,1,1,1,1,1,1,0,1,1,1,0,1,1,1,1,1,1,1,1,1,1
51,1,0,0,1,0,1,1,0,1,1,0,1,0,1,1,0,1,1,1,1,1,1,0,1,1,1,1,1,1,1,1,0,0,1,1
52,1,1,0,0,1,1,0,1,1,0,1,1,0,1,0,1,1,1,1,1,0,1,0,1,0,1,1,1,1,0,1,1,1,1,1
53,1,1,1,1,1,1,1,1,1,1,0,1,1,1,0,1,1,1,1,1,0,1,1,1,1,1,1,1,1,1,1,0,1,1,1
54,1,1,1,1,1,1,1,1,1,1,1,1,0,1,0,1,1,1,1,1,1,1,1,1,1,1,1,1,1,1,1,1,1,0,0
55,1,1,1,1,1,1,1,1,1,1,0,1,1,1,1,1,1,1,0,1,0,1,1,1,1,1,1,0,1,1,1,1,1,1,1
56,1,1,0,1,1,1,1,0,1,1,1,1,0,1,1,1,1,1,1,0,1,1,1,1,1,1,0,0,1,0,1,1,1,1,1
57,1,1,0,0,1,1,1,0,1,1,1,1,1,1,0,1,1,1,1,1,0,1,1,1,1,1,1,1,1,0,1,1,1,1,1
58,1,1,1,1,1,1,1,1,1,1,1,1,1,1,1,1,1,1,1,1,0,1,1,1,1,1,1,1,1,1,1,1,1,1,1
59,1,1,1,1,1,1,1,1,1,1,1,1,1,1,0,1,1,1,0,1,0,1,1,1,0,1,1,1,0,0,1,0,1,1,1
60,1,1,0,0,1,1,1,0,0,1,0,1,1,1,1,1,0,1,1,1,0,1,1,1,1,1,1,0,1,1,1,0,1,1,1
61,1,1,1,1,0,1,1,0,1,1,1,1,0,1,1,1,1,0,1,1,1,1,0,1,1,0,1,0,1,0,0,1,1,1,1
62,1,1,0,1,1,1,1,0,1,1,0,1,1,0,1,1,1,1,1,1,0,1,1,1,1,1,1,1,1,1,1,0,1,1,1
63,1,1,1,1,1,1,1,1,1,1,1,1,1,1,0,1,1,1,1,1,0,1,1,1,1,1,1,1,1,0,0,1,1,1,1
64,1,1,1,1,1,1,1,1,1,1,1,1,1,1,1,1,0,0,1,1,0,1,0,1,1,1,1,1,1,1,1,1,1,1,1
65,1,1,1,1,1,1,1,1,1,1,1,1,1,1,1,1,1,1,1,1,0,1,1,0,1,1,1,1,1,0,1,1,0,1,1
66,1,1,0,1,1,1,1,1,1,0,1,1,1,0,0,1,1,1,1,1,0,1,1,0,1,1,1,0,1,0,1,1,1,0,0
67,1,1,1,1,1,1,1,1,1,1,1,1,1,1,0,1,1,1,1,0,0,1,1,0,0,1,1,1,1,0,1,0,1,0,0
68,1,1,1,0,1,1,0,1,1,1,1,1,0,1,0,0,1,0,0,1,0,1,0,1,0,1,1,0,1,1,1,1,1,0,0
69,1,1,0,1,1,1,1,1,0,1,0,1,0,1,1,1,1,1,1,1,0,1,1,1,1,0,1,1,1,0,1,1,1,1,1
70,1,1,0,1,1,1,1,1,1,0,0,1,0,1,1,0,1,1,1,1,0,1,1,1,0,1,1,0,1,1,1,1,1,1,1
71,1,1,1,0,1,1,1,1,1,1,1,1,1,1,1,1,1,1,1,1,0,1,1,1,1,1,1,0,1,1,1,0,1,1,1
72,1,0,1,1,1,1,1,1,1,1,1,1,1,1,0,1,0,0,0,1,1,1,1,1,0,0,1,1,1,0,1,1,0,0,0
73,1,1,0,1,1,1,1,1,0,0,1,1,0,0,1,1,1,1,1,0,0,1,0,1,1,1,1,1,1,0,1,1,1,1,1
74,1,1,1,1,1,1,1,1,1,1,1,1,0,1,1,0,1,1,1,1,0,1,0,1,1,1,1,1,1,0,1,1,1,1,1
75,1,1,0,0,0,1,0,0,1,1,1,1,1,1,0,1,1,1,1,1,0,1,1,1,0,0,1,0,1,0,0,1,1,1,1
76,0,0,1,1,1,1,1,1,1,1,0,1,1,1,0,1,1,1,1,1,0,1,1,1,0,0,1,0,1,1,1,1,0,1,1
77,1,1,1,1,1,1,1,0,1,0,1,1,1,1,0,1,0,1,0,1,1,1,0,0,1,1,1,1,1,1,1,1,1,0,0
78,1,1,1,1,1,1,1,1,0,1,1,1,1,1,1,0,0,1,1,1,1,1,1,1,1,1,1,1,1,1,1,1,1,1,1
79,1,1,0,1,1,1,1,1,1,1,1,1,1,1,1,1,1,1,1,1,1,1,1,1,0,1,1,1,1,1,1,1,1,1,1
80,1,1,1,1,1,1,1,1,1,1,1,1,1,1,1,1,1,1,1,1,1,1,1,1,1,1,1,0,1,1,1,1,1,1,1
81,1,1,1,1,1,1,1,1,1,1,1,1,1,1,1,1,1,1,1,1,0,1,1,1,1,1,1,1,1,1,1,1,1,1,1
82,0,0,0,1,1,1,1,1,0,1,1,1,0,1,0,1,1,1,1,0,0,1,1,1,1,0,1,0,0,0,1,1,1,1,1
83,1,1,0,1,1,1,0,0,1,1,1,1,1,1,0,1,1,1,1,1,1,1,1,0,0,0,1,0,1,1,1,0,1,0,0
84,1,1,1,1,1,1,1,1,0,1,0,1,1,0,1,1,1,1,1,1,1,1,1,1,1,1,1,0,1,1,1,1,1,1,1
85,1,1,1,1,1,1,1,0,1,1,1,1,0,1,1,0,0,1,0,1,0,1,1,1,1,0,1,0,1,0,1,0,1,1,1
86,1,1,1,1,1,1,0,1,1,0,0,1,0,1,1,1,1,1,1,1,0,0,1,1,0,0,1,0,1,0,0,0,1,1,1
87,1,1,1,1,1,1,1,1,1,1,1,1,1,1,1,1,1,1,1,1,0,1,1,1,1,1,1,1,1,1,1,1,1,1,1
88,1,1,1,1,1,1,1,1,1,0,1,1,0,1,0,1,0,1,0,1,0,1,1,1,1,1,1,0,0,0,1,1,1,1,1
89,1,1,1,1,1,1,1,1,1,1,1,1,1,1,1,1,1,1,0,1,1,1,1,1,1,0,1,0,1,1,1,0,1,1,1
90,0,1,1,1,1,1,1,1,0,1,1,1,1,1,0,1,0,0,1,1,0,1,0,1,0,1,1,1,0,0,1,1,1,0,0
91,1,1,0,1,1,1,1,0,1,1,1,1,1,1,1,1,1,0,0,1,0,1,1,1,1,0,0,0,1,1,0,0,0,1,0
92,1,1,1,1,1,1,1,1,0,1,0,1,0,1,0,1,1,1,0,1,0,1,1,1,0,0,1,0,1,1,1,0,1,1,1
93,0,1,1,0,1,0,1,0,0,0,0,1,0,0,0,1,1,1,1,0,0,1,0,0,0,0,1,0,0,1,0,0,0,1,1
94,1,1,0,1,1,1,1,1,1,1,1,1,1,1,0,0,0,1,0,1,0,1,0,1,1,0,1,0,0,1,1,0,0,1,1
95,1,1,1,0,0,1,1,1,1,1,1,1,1,1,0,0,1,1,1,1,0,1,1,0,0,1,0,1,1,0,1,1,1,1,1
96,1,1,1,1,1,1,1,1,1,1,1,1,1,1,1,1,1,1,1,1,1,1,1,0,1,1,1,1,1,1,1,1,1,1,1
97,1,1,1,1,1,1,1,1,1,1,1,1,0,1,1,1,1,1,1,1,1,1,1,1,1,1,1,1,1,1,1,1,1,1,1
98,1,1,1,0,1,1,1,1,1,1,1,1,0,1,1,0,1,0,0,1,0,0,0,1,0,1,0,0,1,0,0,0,1,1,1
99,1,1,1,0,1,1,0,1,1,1,1,1,0,1,1,1,1,0,0,1,0,1,1,1,1,1,1,0,1,0,0,1,0,1,1
100,1,1,0,1,1,1,0,0,1,1,0,1,1,0,1,0,0,1,0,1,0,1,1,1,1,0,1,0,1,1,0,1,1,1,0
101,1,1,0,1,1,1,1,0,0,1,1,1,0,1,1,1,0,0,1,1,0,1,0,1,1,0,1,1,0,1,1,0,1,1,1
102,1,1,0,1,0,1,1,0,1,0,1,1,0,1,1,0,0,0,0,1,0,1,0,1,1,1,1,1,1,0,1,1,1,1,1
103,1,1,0,1,0,1,1,1,0,1,1,1,0,1,0,0,0,0,1,1,0,1,1,0,0,1,0,1,0,1,0,0,1,1,1
104,1,1,1,0,1,0,1,0,0,1,1,1,1,1,1,1,1,1,1,1,0,1,1,1,1,1,1,1,1,1,1,0,1,1,1
105,1,1,1,1,1,1,0,0,1,1,1,1,1,1,1,1,1,1,0,1,1,1,0,0,0,0,1,0,1,1,1,0,0,1,1
106,1,1,1,1,1,1,1,0,1,0,0,1,0,1,1,1,1,1,0,1,0,1,1,0,0,1,1,0,1,0,0,0,0,0,0
107,1,1,0,1,1,1,0,0,1,1,0,1,0,1,1,0,1,0,1,0,0,0,1,1,0,0,0,1,0,1,1,0,1,1,1
108,0,0,0,1,1,1,1,1,1,1,1,1,0,1,0,1,0,0,1,0,0,1,1,1,1,1,1,1,1,0,1,1,0,1,1
109,1,1,0,0,0,1,1,0,0,0,1,1,1,1,1,1,0,0,1,1,1,1,1,1,1,0,1,0,1,1,1,1,1,1,1
110,1,1,1,0,1,1,1,0,1,1,1,1,1,1,1,1,1,1,1,1,1,0,0,0,0,0,1,0,0,1,1,1,1,1,1
111,0,1,0,1,1,1,1,1,1,1,1,1,0,1,0,0,1,1,0,0,0,1,1,1,1,0,0,0,0,0,1,0,1,1,1
112,0,0,0,0,1,1,1,0,1,0,0,1,0,1,0,1,0,1,1,1,0,1,1,0,1,1,1,0,1,1,1,1,0,0,0
113,1,0,0,0,1,1,0,0,0,1,0,0,1,0,0,1,0,0,0,0,0,1,0,0,0,0,0,1,0,0,0,0,1,1,1
114,0,0,0,0,0,1,0,0,0,0,0,0,0,1,0,1,0,0,0,1,0,0,0,0,1,0,0,0,0,0,0,0,0,0,0
115,1,1,1,1,1,1,1,1,1,1,0,1,1,1,1,1,1,1,0,1,0,1,1,0,1,1,1,1,1,1,1,1,1,1,1
116,1,0,1,0,0,1,1,1,0,1,0,1,1,1,0,0,0,0,0,1,0,1,1,0,0,1,1,0,1,1,1,0,0,1,1
117,1,1,0,0,1,1,0,0,1,0,0,1,1,1,0,1,1,1,1,1,0,1,1,0,1,0,1,0,1,1,0,0,1,0,0
118,1,0,1,0,1,0,1,0,0,1,1,1,1,1,0,0,0,0,0,1,0,1,0,0,1,0,1,0,1,0,1,1,1,1,1
119,1,1,1,1,1,1,1,1,1,0,1,1,1,0,1,1,1,1,1,1,0,1,0,1,0,0,1,0,1,1,1,0,1,1,1
120,1,1,1,1,1,1,0,1,1,1,1,1,0,1,0,1,1,1,0,1,0,1,1,1,0,0,1,0,1,1,0,0,1,1,1
121,1,0,0,1,1,1,1,0,0,0,1,1,1,1,1,1,1,0,0,0,0,1,0,1,0,0,1,1,1,1,1,0,1,0,0
122,1,1,1,1,1,1,1,1,1,0,1,1,0,0,1,1,0,1,0,1,0,1,1,1,1,0,1,1,1,0,1,1,0,1,1
123,1,1,1,1,1,1,1,0,1,1,1,1,1,1,0,0,1,1,1,1,0,1,0,1,1,0,1,0,1,0,1,1,1,1,1
124,1,1,1,1,1,1,1,0,0,1,0,1,1,1,0,1,0,0,0,1,1,1,0,1,1,1,1,0,1,0,1,1,0,1,0
125,0,0,0,1,0,1,1,0,1,1,0,0,1,1,1,1,0,1,0,1,1,1,1,0,0,0,0,0,1,0,0,0,1,1,1
126,1,0,1,1,1,1,1,1,0,1,0,1,0,1,1,1,1,1,1,1,1,1,0,1,1,1,1,1,1,0,0,0,0,1,1
127,1,1,1,1,1,1,0,1,1,0,1,1,1,1,1,1,1,1,1,1,0,1,1,0,0,0,1,0,1,1,0,0,1,1,0
128,0,0,1,1,1,1,0,0,0,1,1,1,1,0,0,1,1,0,0,1,1,1,0,0,1,1,1,0,0,0,1,0,1,0,1
129,1,1,0,0,1,1,0,0,0,0,0,1,1,1,0,1,0,0,0,0,1,1,0,0,0,0,1,0,1,1,0,0,1,0,1
130,1,1,0,1,0,1,1,0,0,0,1,1,1,1,0,1,0,1,0,0,0,0,0,1,0,0,1,0,0,1,0,0,0,1,1
131,1,1,0,0,1,1,1,1,1,1,1,1,0,0,0,1,1,0,1,1,0,1,1,0,0,0,1,0,1,0,1,0,1,0,0
132,0,0,0,1,1,1,1,0,0,1,1,1,0,0,1,1,0,0,1,1,1,1,0,0,1,0,1,0,1,0,1,0,0,1,1
133,1,1,1,0,1,1,1,0,1,0,0,0,0,1,0,0,0,0,0,0,0,0,1,0,1,0,0,0,0,0,1,0,1,0,0
134,1,0,1,1,1,0,1,0,1,0,1,0,0,1,0,1,0,0,0,0,0,0,1,0,0,0,1,0,0,1,0,0,1,0,0
135,1,1,0,0,1,1,1,0,1,1,0,1,0,1,1,1,0,1,1,1,0,1,1,0,0,0,0,0,0,0,1,0,0,0,0
136,1,1,1,0,1,1,1,0,0,0,1,1,0,0,0,1,0,1,1,1,1,1,0,0,0,0,1,1,0,1,1,1,1,1,0
137,0,1,0,1,0,1,1,0,1,1,0,0,0,1,0,0,0,0,0,0,0,0,0,0,1,0,0,1,0,0,1,0,1,1,0
138,0,1,0,0,0,1,1,0,0,0,0,0,0,0,0,1,0,0,1,1,0,1,0,0,0,1,0,0,1,0,0,0,1,0,0
139,1,1,0,1,0,1,0,0,0,0,0,1,0,1,0,1,0,1,0,1,0,1,1,0,0,1,1,1,1,0,0,1,1,0,1
140,1,1,0,0,1,1,1,0,1,1,1,1,0,0,0,0,0,0,0,0,0,1,0,1,1,1,1,0,1,0,1,0,1,1,1
141,0,1,0,1,1,1,0,0,1,0,0,1,1,0,0,0,0,0,0,0,1,0,0,0,0,0,0,0,1,1,0,0,1,1,0
142,1,1,1,1,1,1,1,1,1,1,1,1,1,1,1,0,1,1,1,1,1,1,0,1,0,0,1,0,0,0,0,0,1,0,1
143,1,1,1,1,1,1,1,1,1,1,1,1,1,1,0,1,1,1,1,1,0,1,1,1,1,1,1,0,1,1,1,1,1,1,1
144,1,0,0,0,0,1,0,0,0,0,0,0,0,1,0,0,0,1,0,0,1,0,0,1,1,0,0,0,0,0,0,0,0,1,0
145,0,0,0,1,1,1,0,1,1,1,1,1,0,1,0,1,1,0,1,1,0,1,1,0,1,0,1,0,1,0,1,0,1,0,0
146,1,1,1,1,1,1,1,0,0,1,0,1,1,1,1,1,1,1,1,1,0,1,0,1,1,1,0,0,1,1,1,0,1,1,1
147,1,1,0,0,1,0,0,0,0,0,1,0,0,1,1,0,1,1,1,1,0,0,1,1,0,0,1,0,1,0,1,0,0,1,1
148,1,1,0,1,1,1,1,1,1,1,1,1,1,1,1,1,1,1,1,1,1,1,1,1,1,1,1,0,1,1,1,0,1,1,1
149,0,1,1,0,1,1,1,0,0,1,1,1,0,0,1,1,0,1,0,1,0,1,1,0,0,1,1,0,1,1,0,0,1,0,1
150,1,1,0,0,1,1,0,1,1,1,1,1,0,1,1,1,0,1,1,1,1,0,0,1,1,0,1,0,1,1,1,1,1,1,1
