,y,loc1,loc2,loc3,loc4,loc5,loc6,loc7,loc8,loc9,loc10,loc11,loc12,loc13,loc14,loc15,loc16,loc17,loc18,loc19,loc20,loc21,loc22,loc23
1,1,0,0,0,0,1,1,1,0,0,0,1,1,0,1,0,1,0,0,1,0,0,0,0
2,1,0,0,0,0,1,1,1,0,0,0,1,1,0,1,0,1,0,0,1,0,0,0,0
3,1,0,0,0,0,1,1,1,0,0,0,1,1,0,1,0,1,0,0,1,0,0,0,0
4,1,0,0,0,0,1,1,1,0,0,0,1,1,0,1,0,1,0,0,1,0,0,0,0
5,1,0,0,0,0,1,1,1,0,0,0,1,1,0,1,0,1,0,0,1,0,0,0,0
6,1,0,0,0,0,1,1,1,0,0,0,1,1,0,1,0,1,0,0,1,0,0,0,0
7,1,0,0,0,0,1,1,1,0,0,0,1,1,0,1,0,1,0,0,1,0,0,0,0
8,1,0,0,0,0,1,1,1,0,0,0,1,1,0,1,0,1,0,0,1,0,0,0,0
9,1,0,0,0,0,1,1,1,0,0,0,1,1,0,1,0,1,0,0,1,0,0,0,0
10,1,0,0,0,0,1,1,1,0,0,0,1,1,0,1,0,1,0,0,1,0,0,0,0
11,1,0,0,0,0,1,1,1,0,0,0,1,1,0,1,0,1,0,0,1,0,0,0,0
12,1,0,0,0,0,1,1,1,0,0,0,1,1,0,1,0,1,0,2,1,0,0,0,0
13,1,0,0,0,0,1,1,1,0,0,0,1,1,0,1,0,1,0,2,1,0,0,0,0
14,1,0,0,0,0,1,1,1,0,0,0,1,1,0,1,0,1,0,2,1,0,0,0,0
15,1,0,0,0,0,1,1,1,0,0,0,1,2,2,2,0,1,0,0,2,2,0,0,0
16,1,0,0,0,0,1,1,1,0,0,0,1,1,0,1,0,1,0,0,1,0,1,1,1
17,1,0,0,0,0,1,1,1,0,0,0,1,1,0,1,0,1,0,0,1,0,1,1,1
18,1,0,0,0,0,1,1,1,0,0,0,1,1,0,1,0,1,0,0,1,0,1,1,1
19,1,0,0,0,0,1,1,1,0,0,0,1,1,0,1,0,1,0,0,1,0,1,1,1
20,1,0,0,0,0,1,1,1,0,0,0,1,1,0,1,0,1,0,0,1,0,1,1,1
21,1,0,0,0,0,1,1,1,0,0,0,1,1,0,1,0,1,0,0,1,0,1,1,1
22,1,0,0,0,0,1,1,1,0,0,0,1,1,0,1,0,1,0,0,1,0,1,1,1
23,1,0,0,0,0,1,1,1,0,0,0,1,1,0,1,0,1,0,0,1,0,1,1,1
24,1,0,0,0,0,1,1,1,0,0,0,1,1,0,1,0,1,0,0,1,0,1,1,1
25,1,0,0,0,0,1,1,1,0,0,0,1,1,0,1,0,1,0,0,1,0,1,1,1
26,1,0,0,0,0,1,1,1,2,0,0,1,1,0,1,0,1,0,0,1,0,1,1,1
27,1,0,0,0,0,1,1,1,2,0,0,1,1,0,1,0,1,0,0,1,0,1,1,1
28,1,0,0,0,0,1,1,1,2,0,0,1,1,0,1,0,1,0,0,1,0,1,1,1
29,1,0,0,0,0,1,1,1,2,0,0,1,1,0,1,0,1,0,0,1,0,1,1,1
30,1,0,0,0,0,1,1,1,0,0,0,1,2,2,2,0,1,0,0,1,0,1,1,1
31,1,0,0,0,0,1,1,1,2,0,0,1,1,0,1,0,1,0,0,1,0,1,0,1
32,1,1,0,1,0,1,1,1,0,0,0,1,1,0,1,0,1,0,0,1,0,0,0,0
33,1,1,0,1,0,1,1,1,0,0,0,1,1,0,1,0,1,0,0,1,0,0,0,0
34,1,1,0,1,0,1,1,1,0,0,0,1,1,0,1,0,1,0,0,1,0,0,0,0
35,1,1,0,1,0,1,1,1,0,0,0,1,1,0,1,0,1,0,0,1,0,0,0,0
36,1,1,0,1,0,1,1,1,2,0,0,1,1,0,1,0,1,0,0,1,0,0,0,0
37,1,1,0,1,0,1,1,1,0,0,0,1,2,2,2,0,1,0,0,1,0,0,0,0
38,1,1,0,1,0,1,1,1,0,0,0,1,1,0,1,0,1,0,0,1,0,2,2,2
39,1,1,0,1,0,1,1,1,0,0,0,1,2,2,2,0,1,0,0,2,2,0,0,0
40,1,0,0,0,1,0,0,0,0,0,0,1,1,0,1,0,1,0,0,1,0,0,0,0
41,1,0,0,0,1,0,1,1,0,0,0,1,1,0,1,0,1,0,0,1,0,0,0,0
42,1,0,0,0,0,1,0,1,0,0,0,1,1,0,1,0,1,0,0,1,0,0,0,0
43,1,0,0,0,0,1,0,1,0,0,0,1,1,0,1,0,1,0,0,1,0,0,0,0
44,1,1,0,1,0,1,0,0,0,0,0,1,1,0,1,0,1,0,0,1,0,0,0,0
45,1,1,0,1,0,1,0,0,0,0,0,1,1,0,1,0,1,0,0,1,0,0,0,0
46,1,0,1,2,1,0,0,0,0,0,0,1,2,2,2,2,2,2,0,2,2,0,0,0
47,1,1,1,0,1,0,0,0,0,0,0,1,2,2,2,0,1,0,2,1,0,0,0,0
48,1,1,1,0,1,0,0,0,1,0,0,1,1,0,1,0,1,0,0,1,0,0,0,0
49,1,1,0,1,0,1,1,1,2,0,0,1,1,0,1,0,1,0,0,1,0,1,1,1
50,1,0,0,1,0,1,1,1,2,0,0,1,1,0,1,0,1,0,0,1,0,1,1,1
51,1,0,0,0,1,0,1,1,0,0,0,1,1,0,1,0,1,0,0,1,0,1,1,1
52,1,1,1,0,0,1,0,0,0,0,0,1,1,0,1,0,1,0,0,1,0,1,1,1
53,1,0,0,0,1,0,1,1,0,0,0,1,2,2,2,0,1,0,0,1,0,1,1,1
54,1,1,0,1,1,0,0,0,2,0,0,1,1,0,1,0,1,0,2,1,0,1,1,1
55,1,0,0,0,1,0,0,0,0,0,0,1,1,0,1,0,1,0,0,1,0,1,0,0
56,1,0,0,0,1,0,0,0,0,0,0,1,1,0,1,0,1,0,0,1,0,1,0,0
57,1,0,0,0,1,0,0,0,2,0,0,1,1,0,1,0,1,0,0,1,0,1,0,0
58,1,0,0,0,1,0,0,0,2,0,0,1,1,0,1,0,1,0,0,1,0,1,0,0
59,1,0,0,0,1,1,1,0,1,0,0,1,1,0,1,0,1,0,0,1,0,1,0,0
60,1,0,0,0,0,1,0,0,0,0,0,1,1,0,1,0,1,0,0,1,0,1,1,1
61,1,0,0,0,0,1,0,0,2,1,1,1,2,2,2,0,1,0,0,1,0,1,1,1
62,1,1,0,1,0,1,0,0,1,0,0,1,2,2,2,0,1,0,0,2,2,1,1,1
63,1,0,0,0,0,1,0,0,2,0,0,1,1,0,1,0,1,0,0,1,0,0,0,0
64,1,0,0,0,0,1,0,0,0,0,0,1,1,0,1,0,1,0,0,1,0,2,2,2
65,1,1,1,0,0,1,0,0,2,0,0,1,1,0,1,0,1,0,0,1,0,1,1,1
66,1,1,0,0,0,1,0,0,2,0,0,1,1,0,1,0,1,0,0,1,0,1,1,1
67,1,1,0,1,0,1,0,0,0,0,0,1,1,0,1,0,1,0,0,1,0,1,1,1
68,1,1,0,1,0,1,0,0,0,0,0,1,1,0,1,0,1,0,0,1,0,1,1,1
69,1,1,0,1,0,1,0,0,0,0,0,1,1,0,1,0,1,0,0,1,0,1,1,1
70,1,1,0,1,0,1,0,0,0,1,1,0,1,1,1,0,1,0,0,1,1,1,1,1
71,1,1,0,1,0,1,1,1,2,1,1,0,0,1,0,1,0,1,0,0,0,1,1,1
72,1,2,2,2,2,2,2,2,1,1,1,0,0,1,0,1,0,1,0,0,0,1,1,1
73,1,1,0,1,0,1,1,1,2,1,1,0,2,2,2,1,0,1,0,2,2,1,1,1
74,1,0,0,0,1,0,0,0,1,1,1,0,0,1,0,1,0,1,0,0,0,1,1,1
75,1,1,0,1,0,1,0,0,1,1,1,0,2,2,2,1,0,1,0,0,0,1,0,1
76,1,0,0,1,0,1,0,0,0,1,1,0,0,1,0,1,0,1,0,0,0,0,0,0
77,1,0,0,0,0,1,0,0,1,0,0,0,0,1,0,1,0,1,0,0,0,1,1,1
78,1,1,0,0,1,0,1,1,0,1,1,0,0,1,0,1,0,1,0,0,0,1,0,1
79,1,0,0,0,0,1,0,0,0,1,1,0,0,1,0,1,0,1,0,0,1,1,0,0
80,1,0,0,0,0,1,0,0,2,1,1,0,0,1,0,1,0,1,0,0,1,1,1,1
81,1,1,0,1,0,1,0,0,1,0,0,1,1,0,1,0,0,1,1,1,0,1,1,1
82,1,1,0,1,0,1,1,1,1,0,0,1,1,0,1,0,0,1,1,1,0,1,1,1
83,1,1,0,1,0,1,0,0,1,0,0,1,1,0,1,0,0,1,1,1,0,0,0,0
84,1,1,1,0,0,1,0,0,1,0,0,1,1,0,1,0,0,1,1,1,0,0,0,0
85,1,1,0,1,1,0,0,0,0,0,0,1,1,0,1,0,0,1,1,1,0,1,1,1
86,1,1,0,1,1,0,0,0,0,0,0,1,1,0,1,0,0,1,1,1,0,1,1,1
87,1,1,0,1,1,0,0,0,2,0,0,1,1,0,1,0,0,1,1,1,0,1,1,1
88,1,1,0,1,1,0,0,0,0,0,0,1,1,0,1,0,0,1,1,1,0,0,0,0
89,1,0,0,0,0,1,0,0,2,0,0,1,1,0,1,0,0,1,1,1,0,1,1,1
90,1,0,0,0,0,1,1,1,0,1,1,0,0,1,0,0,0,1,1,1,0,2,2,2
91,1,1,0,0,0,1,0,0,1,0,0,1,1,0,1,0,0,1,1,0,0,0,0,0
92,1,1,0,1,0,1,0,0,1,1,1,0,0,1,0,0,0,1,0,0,0,0,0,0
93,1,0,0,0,0,1,0,0,1,1,1,0,2,2,2,2,2,2,0,2,2,0,0,0
94,1,1,0,1,0,1,0,0,0,1,1,0,1,1,1,0,0,1,0,0,0,0,0,0
95,0,0,0,0,0,1,1,1,0,0,0,1,2,2,2,2,2,2,0,2,2,0,0,0
96,0,0,0,0,0,1,1,1,0,0,0,1,1,0,1,0,1,0,0,1,0,1,1,1
97,0,1,1,0,1,0,1,1,2,0,0,1,1,0,1,0,1,0,0,1,0,1,1,1
98,0,0,0,0,1,0,0,0,0,1,1,0,1,0,1,0,1,0,0,2,2,0,0,0
99,0,1,1,0,0,1,0,0,0,0,0,1,1,0,1,0,1,0,0,1,0,1,1,0
100,0,1,0,1,0,1,0,0,0,1,1,0,1,1,1,0,1,0,0,1,1,0,0,0
101,0,1,0,0,0,1,0,0,0,1,1,0,1,1,1,0,1,0,0,1,1,1,1,1
102,0,1,0,0,0,1,1,1,0,1,1,0,1,1,1,0,1,0,0,1,1,1,1,1
103,0,0,0,0,1,0,0,0,0,1,1,0,1,1,1,0,1,0,0,1,1,1,1,1
104,0,1,0,1,1,0,0,0,0,1,1,0,1,1,1,0,1,0,0,1,1,1,1,1
105,0,1,0,1,1,0,1,1,0,1,1,0,1,1,1,0,1,0,2,1,1,1,0,1
106,0,0,0,0,1,0,0,0,0,1,1,0,1,0,1,0,1,0,2,1,1,0,0,0
107,0,1,1,0,1,0,0,0,0,0,0,1,1,0,1,0,1,0,0,0,0,0,0,0
108,0,1,0,1,0,1,0,0,1,1,1,1,1,0,1,0,1,0,0,0,0,1,1,1
109,0,1,0,1,1,0,0,0,1,1,1,0,0,1,0,1,0,1,0,0,0,0,0,0
110,0,1,0,1,1,0,0,0,1,1,1,0,0,1,0,1,0,1,0,0,0,0,0,0
111,0,1,0,1,1,0,0,0,1,1,1,0,0,1,0,1,0,1,0,0,0,0,0,0
112,0,0,0,0,0,1,0,0,1,1,1,0,0,1,0,1,0,1,0,0,0,0,0,0
113,0,0,0,0,0,1,0,0,1,1,1,0,0,1,0,1,0,1,2,0,0,0,0,0
114,0,1,0,0,0,1,0,0,1,1,1,0,0,1,0,1,0,1,0,0,0,0,0,0
115,0,0,0,0,0,1,0,0,1,1,1,0,0,1,0,1,0,1,0,0,0,1,1,1
116,0,0,0,0,0,1,0,0,2,1,1,0,0,1,0,1,0,1,2,0,0,1,0,1
117,0,1,0,1,0,1,0,0,1,1,1,0,0,1,0,1,0,1,0,0,0,1,1,1
118,0,1,0,1,0,1,0,0,1,1,1,0,0,1,0,1,0,1,0,0,0,0,0,0
119,0,1,0,1,0,1,0,0,1,1,1,0,0,1,0,1,0,1,0,0,0,1,1,0
120,0,1,0,1,0,1,0,0,2,1,1,0,0,1,0,1,0,1,0,0,0,1,1,1
121,0,1,0,1,0,1,0,0,1,1,1,0,0,1,0,1,0,1,2,0,0,1,1,1
122,0,1,1,0,0,1,0,0,1,1,1,0,0,1,0,1,0,1,0,0,0,1,1,1
123,0,1,1,0,0,1,0,0,1,1,1,0,0,1,0,1,0,1,0,0,0,1,1,1
124,0,1,1,0,2,2,2,2,1,1,1,0,2,2,2,1,0,1,0,0,0,1,1,1
125,0,1,0,0,0,1,0,0,1,1,1,0,0,1,0,1,0,1,0,0,0,1,1,1
126,0,0,0,1,0,1,0,0,2,1,1,0,0,1,0,1,0,1,0,0,0,1,1,1
127,0,0,0,0,0,1,1,1,0,1,1,0,0,1,0,1,0,1,0,0,0,1,1,1
128,0,1,0,1,0,1,0,1,0,1,1,0,0,1,0,1,0,1,0,0,0,1,1,1
129,0,1,0,0,0,1,1,1,2,1,1,0,0,1,0,1,0,1,0,0,0,1,1,1
130,0,1,0,1,0,0,1,1,2,1,1,0,0,1,0,1,0,1,0,0,0,1,1,1
131,0,1,0,1,1,0,0,0,2,1,1,0,0,1,0,1,0,1,0,0,0,1,1,1
132,0,0,0,0,1,0,0,0,0,1,1,0,0,1,0,1,0,1,0,0,0,1,1,1
133,0,0,0,0,1,0,0,0,0,1,1,0,0,1,0,1,0,1,0,0,0,0,0,0
134,0,1,0,0,1,0,1,1,0,1,1,0,0,1,0,1,0,1,0,0,0,1,1,1
135,0,0,0,1,1,0,1,1,0,1,1,0,0,1,0,1,0,1,0,0,0,0,0,0
136,0,1,0,1,1,0,1,1,0,1,1,0,0,1,0,1,0,1,0,0,0,0,0,0
137,0,1,0,1,0,1,0,0,0,1,1,0,0,1,0,1,0,1,0,0,0,0,0,0
138,0,1,0,1,0,1,0,0,0,1,1,0,0,1,0,1,0,1,0,0,0,0,0,0
139,0,0,0,0,0,1,0,0,0,1,1,0,0,1,0,1,0,1,0,0,0,1,1,1
140,0,0,0,0,0,1,0,0,0,1,1,0,0,1,0,1,0,1,2,0,0,1,1,1
141,0,0,0,0,0,1,0,0,0,1,1,0,0,1,0,1,0,1,0,0,0,1,0,1
142,0,1,0,1,0,1,0,0,0,1,1,0,0,1,0,1,0,1,0,0,0,1,1,1
143,0,1,1,0,0,1,0,0,2,1,1,0,0,1,0,1,0,1,0,0,0,0,0,0
144,0,1,1,0,1,0,0,0,2,1,1,0,0,1,0,1,0,1,0,0,0,0,0,0
145,0,1,1,0,1,0,0,0,2,1,1,0,0,1,0,1,0,1,0,1,0,1,1,1
146,0,1,1,0,1,0,0,0,0,1,1,0,2,2,2,1,0,1,0,0,0,1,1,1
147,0,0,0,0,0,1,0,1,0,1,1,0,0,1,0,1,0,1,0,0,0,0,0,0
148,0,1,0,1,0,1,0,0,2,1,1,0,0,1,0,1,0,1,0,0,0,0,0,0
149,0,0,0,0,0,1,0,0,2,0,0,0,2,2,2,1,0,1,0,0,0,1,1,1
150,0,1,0,1,1,0,0,0,1,0,1,0,0,1,0,1,0,1,0,0,0,1,0,1
151,0,0,0,0,0,1,1,1,0,0,0,1,1,0,1,1,0,1,0,0,0,1,1,0
152,0,2,2,2,1,0,0,0,0,1,1,0,1,1,1,1,0,1,0,0,0,1,1,1
153,0,1,0,1,1,0,1,1,2,1,1,0,2,2,2,1,0,1,0,1,0,0,0,0
154,0,1,0,1,0,1,0,0,1,0,0,1,1,0,1,0,0,1,1,1,0,1,1,1
155,0,1,0,1,0,1,0,0,2,0,0,1,1,0,1,0,0,1,1,1,0,1,1,1
156,0,1,0,1,0,1,0,0,2,0,0,1,1,0,1,0,0,1,1,1,0,1,1,1
157,0,0,0,0,1,0,0,0,2,0,0,1,1,0,1,0,0,1,1,1,0,1,1,1
158,0,0,0,0,1,0,0,0,2,0,0,1,1,0,1,0,0,1,1,1,0,1,0,1
159,0,1,0,1,1,0,0,0,1,0,0,1,1,0,1,0,0,1,1,1,0,1,1,1
160,0,1,0,1,1,0,0,0,1,0,0,1,1,0,1,0,0,1,1,1,0,1,1,1
161,0,0,0,0,1,0,0,0,1,1,1,1,1,0,1,0,0,1,1,1,0,1,1,1
162,0,1,0,1,1,0,0,0,0,0,0,1,1,0,1,0,0,1,1,1,0,1,1,1
163,0,1,0,1,1,0,0,0,2,0,0,1,1,0,1,0,0,1,1,1,0,1,1,1
164,0,1,1,0,0,1,1,1,0,0,0,1,1,0,1,0,0,1,1,1,0,1,1,1
165,0,1,1,0,0,1,0,0,0,0,0,1,1,0,1,0,0,1,1,1,0,1,1,1
166,0,1,1,0,0,1,0,0,0,0,0,1,1,0,1,0,0,1,1,1,0,1,1,1
167,0,0,0,0,0,1,0,0,2,0,0,1,1,0,1,0,0,1,1,1,0,1,1,1
168,0,1,1,0,1,0,0,0,0,0,0,1,1,0,1,0,0,1,2,1,0,1,0,1
169,0,1,0,0,1,0,0,0,1,1,1,0,0,1,0,0,0,1,1,1,0,1,1,1
170,0,1,1,0,1,0,0,0,1,1,1,0,0,1,0,0,0,1,1,1,0,0,0,0
171,0,1,0,1,0,1,0,0,0,0,0,1,1,0,1,0,0,1,1,0,0,2,2,2
172,0,0,0,0,1,0,0,0,0,0,0,1,1,0,1,0,0,1,2,0,0,1,1,1
173,0,0,0,0,0,0,1,1,1,0,0,1,2,2,2,0,0,1,2,0,0,1,1,1
174,0,1,1,0,1,0,0,0,1,1,1,0,0,1,0,0,0,1,1,0,0,1,1,1
175,0,1,0,1,1,0,0,0,1,1,1,0,0,1,0,0,0,1,0,0,0,1,1,1
176,0,1,0,1,0,1,0,0,1,1,1,0,0,1,0,0,0,1,0,0,0,1,1,1
177,0,1,0,1,0,1,0,0,2,1,1,0,0,1,0,0,0,1,0,0,0,1,1,1
178,0,1,1,0,2,2,2,2,0,1,1,0,0,1,0,0,0,1,2,0,0,1,1,1
179,0,1,0,1,0,1,0,0,2,1,1,0,0,1,0,0,0,1,2,0,0,1,1,0
180,0,1,0,1,0,1,0,0,1,0,0,1,1,0,1,1,0,1,1,1,0,1,1,1
181,0,1,0,1,0,1,0,0,1,0,0,1,1,0,1,0,1,1,1,1,0,1,1,1
182,0,1,0,1,0,1,0,0,1,0,1,0,0,1,0,0,1,0,1,1,1,0,0,0
183,0,1,0,1,0,1,0,0,0,1,1,0,0,1,0,1,1,1,2,0,0,2,2,2
184,0,1,0,1,1,0,1,1,1,1,1,0,0,1,0,1,1,0,0,0,0,1,1,1
185,0,0,0,0,0,1,0,0,2,0,0,1,1,0,1,0,0,1,1,1,1,0,0,0
186,0,1,1,1,1,0,0,0,1,0,0,1,1,0,1,1,0,1,0,1,1,1,1,1
