,Name,Status,ISO,ANSI.letters,ANSI.digits,USPS,USCG,Old.GPO,AP,Other
2,66,1,18,52,0.0,65,56,48,44,30
3,0,7,20,1,1.0,3,1,1,0,39
4,1,7,19,0,2.0,2,0,2,1,0
5,3,7,22,4,4.0,7,4,3,2,1
6,4,7,21,2,5.0,5,2,4,3,39
7,6,7,23,5,6.0,8,5,5,4,2
8,7,7,24,6,8.0,9,6,6,5,3
9,8,7,25,7,9.0,10,8,7,6,4
10,9,7,27,9,10.0,13,10,9,8,5
11,10,0,26,8,11.0,12,9,8,7,36
12,12,7,28,10,12.0,14,11,10,9,6
13,13,7,29,12,13.0,16,12,11,10,39
14,15,7,30,14,15.0,18,14,13,11,7
15,17,7,32,16,16.0,20,16,14,12,9
16,18,7,33,17,17.0,21,17,15,13,10
17,19,7,34,18,18.0,22,18,16,14,11
18,20,7,31,15,19.0,19,15,17,15,8
19,23,7,35,19,20.0,23,19,18,16,13
20,24,8,36,20,21.0,24,20,19,17,12
21,26,7,37,21,22.0,25,21,20,18,39
22,27,7,40,24,23.0,28,24,22,19,14
23,29,7,39,23,24.0,27,23,24,21,39
24,30,8,38,22,25.0,26,28,23,20,39
25,31,7,41,26,26.0,30,22,25,22,39
26,33,7,42,27,27.0,31,26,26,23,15
27,34,7,44,30,28.0,34,25,27,24,39
28,35,7,43,28,29.0,32,27,28,25,39
29,36,7,45,31,30.0,35,29,29,26,39
30,38,7,48,34,31.0,38,30,36,33,39
31,39,7,52,38,32.0,42,36,37,34,20
32,40,7,49,35,33.0,39,33,31,29,39
33,41,7,50,36,34.0,40,34,32,30,39
34,42,7,51,37,35.0,41,35,35,31,18
35,43,7,53,39,36.0,43,37,33,32,17
36,44,7,46,32,37.0,36,31,30,27,16
37,45,7,47,33,38.0,37,32,34,28,19
38,47,7,54,40,39.0,44,38,38,35,21
39,48,7,55,41,40.0,45,39,39,36,22
40,49,7,56,42,41.0,46,40,40,37,23
41,53,8,57,43,42.0,47,41,42,38,24
42,56,7,58,46,44.0,51,43,43,39,25
43,57,7,59,47,45.0,52,44,44,40,26
44,58,7,60,48,46.0,53,45,45,41,27
45,59,7,61,49,47.0,54,46,46,42,28
46,60,7,62,50,48.0,56,47,47,43,29
47,67,7,63,53,49.0,57,48,49,45,32
48,68,7,65,56,50.0,60,51,52,47,39
49,70,8,64,54,51.0,58,49,51,46,33
50,72,7,66,57,53.0,61,52,54,49,35
51,73,7,68,59,54.0,63,54,53,48,34
52,74,7,67,58,55.0,62,53,55,50,37
53,75,7,69,60,56.0,64,55,56,51,38
54,2,4,0,3,60.0,6,3,0,52,39
55,14,4,2,13,66.0,17,13,12,52,39
56,46,3,4,29,69.0,33,7,21,52,39
57,55,3,6,44,72.0,49,42,41,52,39
58,69,4,70,55,78.0,59,50,50,52,31
59,65,5,8,51,74.0,65,56,57,52,39
60,5,11,13,61,81.0,65,56,57,52,39
61,16,11,14,61,84.0,65,56,57,52,39
62,21,11,15,61,86.0,65,56,57,52,39
63,22,10,9,61,67.0,65,56,57,52,39
64,25,10,16,61,89.0,65,56,57,52,39
65,32,10,10,61,71.0,65,56,57,52,39
66,37,11,11,61,76.0,65,56,57,52,39
67,51,10,17,61,95.0,65,56,57,52,39
68,71,10,12,61,79.0,65,56,57,52,39
69,11,2,1,11,64.0,15,56,57,52,39
70,28,2,3,25,68.0,29,56,57,52,39
71,50,2,7,45,70.0,50,56,57,52,39
72,62,9,71,61,0.0,0,56,57,52,39
73,63,9,71,61,0.0,1,56,57,52,39
74,64,9,71,61,0.0,4,56,57,52,39
76,52,6,71,61,0.0,11,56,57,52,39
78,54,6,5,61,0.0,48,56,57,52,39
79,61,6,71,61,0.0,55,56,57,52,39
