,rns,rns80,mrt,mrt80,smsa,smsa80,med,iq,kww,year,age,age80,school,school80,expr,expr80,tenure,tenure80,lw,lw80
1,0,0,0,1,1,1,8,93,35,68,19,31,12,12,0.462,10.635,0,2,5.9,6.645
2,0,0,0,1,1,1,14,119,41,66,23,37,16,18,0.0,11.367,2,16,5.438,6.694
3,0,0,0,1,1,1,14,108,46,67,20,33,14,14,0.423,11.035,1,9,5.71,6.715
4,0,0,0,1,1,1,12,96,32,66,18,32,12,12,0.333,13.089,1,7,5.481,6.477
5,0,0,1,1,1,1,6,74,27,73,26,34,9,11,9.013,14.402,3,5,5.927,6.332
6,0,0,0,0,1,1,8,91,24,66,16,30,9,10,0.333,13.426,1,0,4.804,6.397
7,0,0,1,1,1,1,8,114,50,73,30,38,18,18,1.205,7.555,6,14,6.512,6.986
8,0,0,1,1,0,0,14,111,37,67,23,36,15,15,1.25,12.62,1,1,5.808,7.051
9,0,0,1,1,1,1,12,95,44,66,22,36,12,12,2.048,15.872,2,16,5.737,6.908
10,0,0,1,1,0,0,13,132,44,73,30,38,18,18,1.372,8.319,5,13,6.382,6.835
11,0,0,1,1,0,0,16,102,45,69,22,33,14,14,0.0,9.298,1,11,5.743,6.826
12,0,0,0,0,0,0,12,125,40,70,20,30,14,15,0.365,4.113,1,3,6.215,6.802
13,0,0,0,1,1,1,10,119,24,73,20,28,16,16,0.69,7.47,0,2,5.257,7.184
14,0,0,1,1,1,1,12,118,47,73,26,34,16,16,2.389,9.312,0,9,6.62,7.491
15,0,0,1,1,1,1,6,105,37,66,21,35,10,10,4.378,17.039,2,2,5.714,6.865
16,0,0,0,1,1,1,12,109,39,66,22,36,12,15,0.0,5.9,2,9,5.595,7.215
17,0,0,1,1,1,1,10,72,36,71,29,38,11,11,8.787,19.231,1,10,5.808,6.745
18,0,0,0,1,1,1,12,105,29,73,21,29,12,14,0.0,3.926,0,7,5.9,6.722
19,0,0,0,1,1,1,8,101,34,67,18,31,11,12,0.378,12.585,1,7,5.298,6.155
20,0,0,0,1,1,1,12,123,37,70,21,31,12,14,1.786,8.94,3,1,5.784,7.151
21,0,0,1,1,1,1,12,113,49,70,26,36,16,16,0.47,10.361,7,4,6.225,7.387
22,0,0,0,1,1,1,10,95,36,66,24,38,12,12,0.295,13.708,1,3,5.743,6.772
23,0,0,1,1,0,1,12,145,50,71,29,38,16,16,8.341,17.258,4,8,6.869,7.667
24,0,0,0,1,1,1,11,114,35,69,21,32,16,16,1.0,11.677,1,7,6.122,6.959
25,0,0,0,1,1,1,16,124,32,73,21,29,16,16,1.447,8.387,2,9,6.24,7.379
26,0,0,1,1,1,1,12,93,40,66,21,35,12,13,2.378,15.522,2,5,5.153,7.08
27,1,1,1,1,1,1,8,115,39,73,27,35,18,18,4.45,11.364,0,1,6.569,6.685
28,0,0,1,1,1,1,13,125,41,73,26,34,17,17,2.358,9.376,6,4,6.358,7.256
29,0,0,0,0,1,1,16,128,35,73,28,36,18,18,0.897,7.801,5,13,6.136,6.454
30,0,0,1,1,1,1,8,103,40,71,25,34,12,12,6.768,16.629,1,2,5.927,6.908
31,0,0,0,1,1,1,12,98,41,66,21,35,14,14,2.378,15.107,3,4,6.215,7.261
32,0,1,0,1,1,1,12,108,41,66,18,32,13,13,0.0,12.306,1,2,5.521,7.889
33,0,0,0,1,0,0,18,129,40,69,27,38,18,18,0.0,8.063,1,12,6.016,6.502
34,0,0,1,1,1,1,17,132,42,73,24,32,16,17,1.475,8.396,2,9,6.358,7.484
35,0,0,0,1,1,1,8,92,24,68,19,31,13,13,0.0,8.554,2,10,5.521,6.662
36,0,0,1,1,1,1,15,106,35,69,20,31,13,13,0.0,10.813,1,12,6.148,7.15
37,0,0,1,1,1,1,13,105,37,73,21,29,16,16,2.269,8.696,0,2,5.858,6.571
38,0,0,1,1,1,0,12,123,46,69,25,36,17,18,0.0,10.906,3,7,6.324,6.986
39,0,0,1,1,1,1,8,108,48,66,24,38,12,12,6.333,20.598,2,11,5.753,6.54
40,0,0,0,1,1,1,12,122,47,70,23,33,16,17,0.47,10.353,1,9,6.236,7.184
41,0,0,1,1,1,1,12,109,44,66,24,38,12,12,1.712,15.659,1,4,5.991,7.122
42,0,0,1,1,1,1,10,100,40,68,26,38,12,13,0.0,11.693,3,15,5.628,6.934
43,0,0,1,1,1,1,14,125,50,69,23,34,18,18,0.795,11.793,1,12,6.091,7.466
44,0,0,0,0,1,1,12,122,41,73,27,35,14,14,1.869,8.825,7,15,6.109,6.889
45,0,0,1,1,1,1,12,105,34,71,21,30,16,17,0.0,7.415,2,11,5.442,6.646
46,0,0,0,1,1,1,12,94,37,69,22,33,16,16,0.423,11.232,1,5,5.553,7.051
47,0,0,1,1,1,1,12,102,36,66,20,34,12,12,2.167,16.011,3,5,5.617,7.052
48,0,0,0,1,1,1,12,109,47,73,30,38,12,13,6.533,13.526,4,12,6.176,6.694
49,0,0,1,1,1,1,12,105,45,66,24,38,12,12,8.101,22.045,2,14,5.704,7.003
50,1,1,1,1,1,1,12,134,46,71,28,37,18,18,0.906,9.754,1,10,5.545,7.051
51,0,0,0,0,1,1,12,108,32,68,17,29,12,12,0.923,13.022,0,9,5.384,7.467
52,0,0,1,1,1,1,12,104,36,73,22,30,16,16,2.442,11.273,1,8,5.889,6.908
53,0,0,1,1,1,1,12,112,35,69,18,29,12,12,0.462,10.786,1,1,5.165,6.135
54,0,0,0,0,1,1,11,120,49,71,23,32,18,18,0.0,7.938,3,12,5.628,6.645
55,0,0,0,0,1,0,17,124,40,71,22,31,16,16,1.189,8.798,1,3,5.338,6.774
56,1,0,0,1,1,1,12,103,34,68,17,29,12,12,0.462,12.119,1,7,5.308,7.226
57,0,0,0,1,1,1,12,115,45,73,22,30,16,17,0.0,1.0,0,7,5.746,7.281
58,0,0,1,1,1,1,6,96,33,66,21,35,12,12,3.333,17.131,1,12,5.572,6.685
59,0,0,1,1,1,1,12,123,48,70,26,36,17,17,0.884,10.081,4,7,5.624,7.466
60,0,0,0,1,1,1,12,98,34,68,17,29,12,12,0.378,12.286,3,12,5.165,7.048
61,0,0,1,1,1,1,12,96,34,66,21,35,12,12,4.333,18.403,1,13,5.635,6.733
62,0,0,1,1,1,1,12,89,47,67,25,38,12,12,5.0,16.551,5,2,5.858,6.885
63,0,0,0,0,1,1,9,93,20,70,18,28,12,12,0.374,10.248,1,10,5.236,6.428
64,0,0,0,1,1,1,12,82,32,66,19,33,12,12,1.916,12.292,1,0,5.521,6.091
65,0,0,1,1,1,0,12,120,45,69,27,38,15,15,1.378,11.621,2,1,6.551,6.397
66,0,0,1,1,1,1,12,122,38,71,23,32,12,12,5.324,15.332,6,15,6.064,7.22
67,0,0,1,1,1,1,12,117,48,73,25,33,18,18,1.467,8.326,2,2,6.729,7.404
68,0,0,1,1,1,1,8,109,44,73,28,36,16,16,1.619,8.482,5,13,6.389,7.283
69,1,0,1,1,1,1,12,114,55,69,27,38,17,18,1.462,12.393,1,7,6.358,7.745
70,0,0,1,1,1,1,12,126,40,70,21,31,16,16,0.552,10.467,1,11,6.225,7.428
71,0,0,0,1,1,1,11,82,45,68,21,33,12,12,0.0,10.209,3,2,5.298,7.119
72,0,0,0,1,1,1,12,119,45,69,21,32,16,16,0.942,11.326,1,4,5.966,6.751
73,0,0,1,1,1,1,12,104,37,68,23,35,16,16,0.0,5.656,1,8,5.897,6.977
74,0,0,1,1,1,1,12,97,45,66,22,36,12,12,3.461,17.334,1,15,5.583,6.908
75,0,0,0,1,1,0,14,105,27,71,22,31,14,15,0.221,8.106,1,2,5.521,6.515
76,0,0,0,1,1,1,7,100,32,68,18,30,12,12,2.25,13.572,1,1,5.762,7.003
77,0,0,1,1,1,1,12,114,41,67,18,31,12,12,0.0,4.789,1,14,5.371,6.904
78,0,0,1,1,1,1,8,96,48,66,23,37,11,11,1.583,15.228,2,3,5.743,7.09
79,0,0,0,0,1,1,12,113,30,73,21,29,15,15,2.682,9.327,1,8,6.358,7.435
80,0,1,0,1,1,1,14,106,38,66,22,36,10,10,3.333,14.544,1,3,5.481,6.531
81,0,0,1,1,1,1,8,104,37,69,21,32,13,13,0.128,9.05,4,5,5.743,6.625
82,0,0,0,1,1,1,12,104,30,73,22,30,12,13,0.0,3.81,0,2,6.109,6.724
83,0,0,0,1,1,0,16,122,36,70,20,30,12,13,0.381,8.222,1,1,5.298,6.362
84,0,0,0,1,1,1,12,96,38,66,20,34,12,12,0.0,13.431,3,3,5.416,6.51
85,0,0,0,1,1,1,16,95,51,69,25,36,15,15,2.308,12.411,0,9,5.846,7.824
86,0,0,0,0,1,1,16,105,24,69,20,31,12,12,0.0,4.861,1,8,5.823,6.981
87,0,0,1,1,1,1,12,91,41,73,25,33,17,17,1.178,8.19,2,9,6.685,7.078
88,0,0,1,1,1,1,12,96,37,71,22,31,16,16,0.753,9.372,1,7,5.421,6.725
89,0,0,0,1,1,1,9,111,44,68,19,31,14,15,0.378,12.305,1,9,5.371,7.023
90,0,0,0,1,1,1,9,110,35,68,19,31,14,16,0.0,1.0,1,11,5.521,6.763
91,0,0,0,1,1,1,9,97,37,73,21,29,16,16,4.533,10.114,0,7,5.991,6.694
92,0,0,0,0,1,1,8,125,44,73,27,35,17,18,0.0,6.393,4,12,6.609,7.169
93,0,0,0,1,0,1,9,91,39,66,22,36,12,12,0.0,6.334,3,12,5.73,6.806
94,0,0,0,1,0,1,8,86,28,66,23,37,11,12,3.259,17.191,1,15,5.7,6.802
95,0,0,1,1,1,1,9,110,32,66,21,35,12,12,3.333,17.588,2,0,5.505,6.438
96,0,1,1,1,0,1,12,92,47,66,22,36,14,14,2.333,15.777,1,1,5.557,7.369
97,0,0,1,1,0,1,9,85,41,66,24,38,10,10,1.378,15.302,2,16,5.371,6.869
98,0,0,1,1,0,1,8,120,36,73,26,34,17,17,0.358,7.336,1,8,6.438,7.339
99,0,0,1,1,1,0,12,106,42,73,25,33,12,12,6.886,11.427,0,6,6.31,7.012
100,0,1,0,0,0,1,12,112,41,70,21,31,16,16,0.236,6.323,1,6,5.73,7.156
101,0,0,1,1,1,1,10,91,39,66,24,38,10,12,0.0,12.581,1,2,6.153,6.647
102,0,0,1,1,1,1,10,90,42,66,24,38,12,12,2.645,16.18,3,0,5.991,6.908
103,0,0,0,1,0,0,12,113,27,68,17,29,12,12,0.096,10.679,1,10,5.075,6.62
104,0,0,1,1,1,1,12,111,51,66,24,38,12,13,0.0,5.037,2,16,5.823,6.483
105,0,0,0,1,1,1,12,111,30,67,20,33,12,12,2.378,15.302,1,3,5.198,6.399
106,0,0,0,1,1,1,8,106,32,70,18,28,12,13,0.452,10.283,1,11,5.011,6.397
107,0,0,0,0,0,1,12,98,28,68,18,30,12,12,0.231,11.442,1,10,5.165,6.071
108,0,0,0,1,0,1,12,105,28,68,18,30,12,12,0.0,11.144,1,7,5.497,7.08
109,0,0,1,1,0,0,10,105,29,66,19,33,10,12,0.978,14.935,1,15,5.602,6.453
110,0,0,1,1,1,1,12,118,44,70,22,32,13,13,0.0,9.358,4,14,6.182,7.111
111,0,0,1,1,1,1,12,90,38,66,22,36,12,12,4.667,18.615,5,19,5.817,7.048
112,0,0,0,0,1,1,9,95,34,67,19,32,12,12,0.981,14.531,3,11,5.056,6.763
113,0,0,1,1,1,1,12,112,24,71,20,29,13,14,0.411,9.297,3,5,6.059,6.938
114,0,0,1,1,1,1,12,120,39,71,23,32,12,12,0.403,9.314,2,11,5.991,6.956
115,0,0,0,1,1,1,12,123,41,68,17,29,12,12,0.378,11.754,1,1,5.165,6.908
116,0,0,0,1,1,1,16,103,32,70,20,30,12,13,0.782,10.236,1,11,6.059,7.008
117,0,0,1,1,1,1,16,121,40,70,25,35,18,18,0.896,10.749,1,7,6.438,7.562
118,0,0,1,1,1,1,12,90,44,68,26,38,16,16,0.0,9.152,4,16,6.068,7.205
119,0,0,0,1,1,1,12,125,32,71,20,29,12,12,2.652,11.478,1,10,5.561,6.696
120,0,0,0,1,1,1,9,109,34,73,24,32,18,18,3.186,10.108,0,3,6.324,7.31
121,1,0,0,0,1,0,10,128,46,68,21,33,16,16,0.404,9.984,1,1,6.075,7.205
122,0,0,0,1,1,1,12,97,35,66,17,31,12,12,0.333,9.872,1,4,5.82,7.09
123,0,1,1,1,1,1,12,96,35,66,19,33,12,12,0.0,6.18,1,0,5.298,6.215
124,0,0,0,1,1,1,12,97,44,68,16,28,12,12,0.769,11.797,1,5,5.366,7.189
125,0,0,1,1,1,1,7,112,39,71,25,34,12,12,4.985,14.981,1,3,6.333,6.685
126,0,0,1,1,1,1,2,88,32,66,24,38,12,12,4.0,16.362,1,7,5.257,6.685
127,0,0,1,1,1,1,14,97,39,66,22,36,12,12,1.142,15.197,2,16,5.858,6.941
128,0,0,1,1,1,1,6,101,41,66,22,36,12,12,0.0,3.908,2,12,5.521,6.888
129,0,0,1,1,1,1,7,106,42,67,21,34,10,10,5.333,18.661,1,12,5.438,6.784
130,0,0,0,0,1,1,8,59,28,73,26,34,10,10,6.321,10.765,0,5,5.298,6.174
131,0,0,1,1,1,1,12,105,54,73,26,34,18,18,0.372,7.273,6,14,6.234,6.828
132,0,0,0,0,1,1,12,119,30,70,21,31,16,17,0.0,8.01,1,5,5.565,6.24
133,0,0,0,0,1,1,8,93,36,67,24,37,11,11,4.403,17.226,3,16,5.617,7.008
134,0,1,1,1,1,1,12,82,38,66,22,36,12,12,4.717,18.587,5,10,5.561,7.084
135,0,0,0,1,1,1,16,134,45,71,25,34,18,18,0.0,6.304,1,7,6.071,7.927
136,0,0,0,1,1,1,8,84,29,70,20,30,12,12,0.395,9.35,1,6,6.215,6.658
137,0,0,0,1,1,1,12,98,36,69,20,31,11,11,2.962,12.667,3,6,5.704,6.856
138,0,0,0,1,1,0,13,118,41,73,22,30,16,16,4.057,10.942,1,8,5.656,7.24
139,0,0,1,1,1,1,12,113,50,73,25,33,17,17,3.712,12.719,2,9,5.838,7.31
140,0,0,0,1,1,1,9,100,18,70,18,28,12,12,1.308,4.461,1,3,5.298,6.477
141,0,0,0,1,1,1,12,93,27,69,18,29,12,13,0.0,8.616,2,5,5.489,6.507
142,1,0,1,1,1,1,12,119,30,71,23,32,16,16,0.0,5.015,1,8,6.028,7.026
143,0,0,0,1,1,1,12,106,38,70,22,32,14,15,0.389,8.463,2,0,5.521,7.785
144,0,0,0,0,1,1,10,127,49,73,28,36,17,18,2.378,9.374,6,14,6.763,7.549
145,0,0,0,1,1,1,12,113,35,68,21,33,15,16,0.731,10.046,1,9,6.215,6.63
146,0,0,0,1,1,1,12,115,36,70,19,29,13,14,0.395,9.074,1,1,5.838,7.131
147,0,0,0,1,1,1,12,102,40,73,23,31,16,16,1.005,7.819,3,11,6.297,7.058
148,0,0,1,1,1,0,12,117,51,69,21,32,16,16,0.462,11.395,1,12,6.125,7.003
149,0,0,0,1,1,1,10,125,34,73,20,28,16,16,0.205,6.794,0,5,5.635,6.571
150,0,0,1,1,1,0,8,118,47,66,23,37,16,16,2.167,16.1,3,17,5.838,7.184
151,0,0,1,1,1,1,12,121,40,71,29,38,18,18,4.971,13.965,1,3,6.645,7.252
152,0,0,1,1,1,1,12,115,51,68,26,38,17,17,0.0,3.895,4,4,6.358,7.679
153,0,0,1,1,1,0,12,120,44,71,27,36,13,14,2.462,11.246,7,16,6.28,7.149
154,0,0,1,1,1,1,11,109,43,69,24,35,12,12,5.131,16.139,4,15,5.869,7.039
155,0,0,0,0,1,1,12,109,28,67,17,30,12,13,0.0,7.03,1,4,5.165,6.359
156,0,0,1,1,0,0,12,85,50,71,29,38,12,12,10.077,17.429,2,8,6.12,6.964
157,0,0,0,1,1,1,11,106,32,73,21,29,14,14,1.538,8.521,2,9,5.673,6.62
158,0,0,1,1,1,1,10,101,30,67,17,30,12,12,0.378,11.381,1,6,5.011,6.908
159,0,0,0,1,1,1,12,116,40,67,17,30,12,12,0.0,9.129,1,7,5.529,6.858
160,0,0,0,1,1,1,7,91,24,67,18,31,12,12,0.962,12.937,1,2,4.942,6.453
161,0,0,0,1,1,1,11,91,28,66,20,34,12,12,0.333,12.52,3,1,4.913,7.131
162,0,0,0,1,1,1,7,110,34,66,20,34,9,12,0.0,6.09,1,15,5.416,6.515
163,0,0,1,1,1,1,7,75,33,73,24,32,12,12,6.7,11.292,0,6,5.165,5.991
164,0,0,0,1,1,1,12,94,17,71,20,29,12,12,0.964,8.63,1,8,5.075,6.358
165,1,0,0,1,1,0,12,109,27,71,20,29,13,13,1.584,10.494,1,7,6.021,6.38
166,0,0,1,1,0,0,8,122,38,71,22,31,16,16,0.874,9.807,1,10,5.707,6.828
167,0,0,0,0,1,1,11,102,26,71,23,32,12,12,0.0,5.549,2,2,5.298,7.131
168,0,0,1,1,1,1,8,122,38,70,23,33,14,14,2.689,10.525,1,8,5.583,7.003
169,0,0,1,1,1,1,10,105,38,66,23,37,12,12,4.378,17.746,2,2,5.587,7.03
170,0,0,0,0,1,1,9,113,37,66,22,36,12,12,2.0,14.135,2,4,5.493,6.48
171,0,0,1,1,1,1,8,104,34,73,22,30,12,12,3.932,6.311,0,2,5.872,6.427
172,0,0,1,1,1,1,9,124,43,73,26,34,16,16,0.377,7.31,6,14,6.176,6.869
173,0,0,0,1,0,0,12,110,31,67,19,32,12,13,1.218,13.8,1,11,5.193,6.271
174,0,0,0,1,1,0,12,95,37,66,19,33,12,12,1.833,15.664,1,14,5.521,6.706
175,0,0,1,1,0,0,18,120,39,73,24,32,16,16,1.422,8.443,2,9,6.125,6.869
176,0,0,0,1,0,0,12,105,39,66,24,38,12,12,4.964,18.979,1,15,5.263,6.733
177,0,0,0,1,0,0,12,121,30,73,20,28,16,16,0.482,6.725,0,4,5.889,6.764
178,0,0,1,1,1,1,8,96,42,70,26,36,12,14,0.0,1.0,7,1,6.586,7.785
179,0,0,0,1,0,1,9,110,26,66,18,32,12,12,2.136,15.979,1,2,5.529,7.026
180,0,0,0,1,0,0,12,92,32,67,18,31,12,12,0.0,8.105,1,8,5.165,7.056
181,0,0,1,1,1,1,9,98,34,71,29,38,12,12,7.991,14.617,4,5,6.071,6.583
182,0,0,1,1,1,1,11,109,43,67,23,36,15,16,0.846,14.105,1,13,5.759,7.483
183,0,0,0,1,1,0,11,118,44,67,23,36,17,18,0.331,13.309,1,5,5.999,7.551
184,0,0,1,1,1,1,14,97,42,69,23,34,16,18,0.0,7.276,3,14,5.872,6.918
185,0,0,1,1,1,1,16,95,42,71,28,37,17,17,0.0,5.323,2,11,6.091,6.878
186,0,0,1,1,1,1,10,99,40,73,26,34,12,12,1.866,8.695,3,2,6.176,6.263
187,0,0,1,1,0,0,10,106,31,68,18,30,12,12,0.378,12.011,1,13,5.541,6.263
188,0,0,0,1,1,0,12,117,33,68,18,30,12,12,0.962,9.689,1,3,5.46,6.507
189,0,0,1,1,0,0,12,90,47,66,23,37,12,12,6.378,18.555,7,4,5.521,6.215
190,0,0,0,1,1,1,12,95,44,66,21,35,12,12,4.5,18.488,1,15,5.209,6.31
191,0,0,0,1,1,1,12,115,43,66,18,32,12,12,1.333,14.158,1,1,5.455,6.215
192,0,0,0,0,1,1,12,106,40,71,22,31,14,15,1.503,10.458,5,5,5.635,6.589
193,0,0,0,1,0,0,8,114,26,68,18,30,12,12,0.0,6.458,1,8,5.298,6.763
194,0,1,0,1,0,1,12,92,34,70,20,30,12,13,0.717,8.465,2,2,5.793,6.986
195,0,0,1,1,0,0,13,119,36,73,23,31,16,17,1.708,8.665,2,9,6.306,7.173
196,0,0,0,1,0,0,13,85,32,70,20,30,13,13,0.678,6.448,1,1,4.927,6.354
197,0,0,0,1,0,0,12,98,34,71,21,30,16,16,0.366,7.077,1,1,5.858,6.435
198,0,0,1,1,0,0,12,114,30,73,20,28,12,13,1.458,8.408,3,10,5.587,6.244
199,0,0,1,1,0,1,8,84,42,66,23,37,18,18,0.378,14.335,1,4,5.011,7.149
200,0,0,1,1,0,0,16,108,42,66,19,33,13,13,0.333,12.519,1,9,5.153,6.898
201,0,0,1,1,0,0,8,107,32,67,20,33,12,12,4.067,15.578,1,6,5.403,6.397
202,0,0,1,1,0,0,16,84,35,66,24,38,12,12,3.212,16.964,3,2,5.451,7.056
203,0,0,1,1,0,0,10,86,22,69,18,29,12,12,0.378,11.252,2,9,5.165,6.215
204,0,0,0,1,0,0,10,88,27,66,21,35,12,12,3.378,17.269,4,18,5.541,6.678
205,0,0,1,1,1,1,12,117,45,70,23,33,16,16,0.876,9.845,1,7,6.136,7.131
206,0,0,0,0,1,1,12,110,42,73,22,30,16,16,5.768,12.605,2,9,6.192,6.922
207,0,0,1,1,1,1,9,104,32,71,24,33,12,13,4.898,12.602,1,3,6.62,7.131
208,0,0,0,1,1,1,9,110,26,70,19,29,13,14,0.0,3.918,3,13,5.67,6.817
209,0,0,1,1,1,1,11,99,33,73,22,30,16,16,3.121,8.563,1,8,5.951,7.205
210,0,0,0,1,1,1,12,117,31,70,18,28,12,14,0.0,7.025,1,1,5.67,7.131
211,0,0,1,1,0,1,8,85,39,71,23,32,16,16,0.0,8.352,1,2,5.71,6.711
212,0,0,1,1,0,1,11,114,36,73,21,29,16,16,4.191,9.445,0,7,5.846,6.677
213,0,0,1,1,0,0,12,107,30,73,21,29,15,18,0.0,6.267,5,3,5.69,6.254
214,0,0,1,1,1,1,12,117,41,69,26,37,18,18,0.628,11.538,1,12,6.402,7.456
215,0,0,1,1,1,1,16,112,47,73,30,38,18,18,2.397,9.348,3,10,6.645,7.562
216,0,0,1,1,1,1,14,106,46,71,28,37,18,18,1.013,9.813,1,2,6.422,7.052
217,0,0,0,1,1,1,12,116,38,70,21,31,14,15,0.0,9.37,1,4,5.846,7.679
218,0,0,0,1,1,1,8,123,44,70,21,31,14,14,0.0,8.346,3,7,5.953,6.828
219,0,0,0,1,1,1,8,118,40,68,21,33,16,16,0.378,12.388,1,13,6.071,7.017
220,0,0,1,1,1,1,12,103,29,69,23,34,12,12,0.0,9.927,1,11,6.5,7.313
221,0,0,1,1,1,1,8,114,40,66,23,37,12,14,5.333,19.683,2,3,5.649,6.717
222,0,0,1,1,1,1,12,102,36,66,21,35,12,12,4.273,16.383,5,8,5.1,6.843
223,0,0,0,1,1,1,6,104,36,66,22,36,12,12,4.733,18.723,1,15,5.598,6.886
224,0,0,0,0,1,1,14,112,43,66,19,33,14,14,0.378,14.269,1,12,5.561,6.938
225,0,0,0,1,1,1,12,107,39,68,18,30,12,12,0.346,9.737,1,1,5.694,7.148
226,0,1,1,1,1,1,12,117,36,71,25,34,13,14,4.933,15.713,3,12,5.872,7.035
227,0,0,1,1,1,1,12,96,42,66,19,33,12,12,0.0,8.494,2,9,5.298,7.2
228,0,0,0,1,1,1,8,97,27,69,18,29,12,12,0.354,9.926,1,6,5.914,6.841
229,0,1,0,1,1,0,8,99,29,69,19,30,10,10,2.628,12.039,1,2,5.394,5.927
230,0,0,0,0,1,1,8,126,44,70,21,31,14,14,0.906,10.284,3,1,5.784,6.835
231,0,0,0,1,1,0,12,109,49,67,25,38,17,17,0.981,13.081,1,4,5.886,7.052
232,0,0,0,1,1,1,12,119,48,68,21,33,16,16,0.058,12.471,0,1,4.942,6.433
233,0,0,1,1,1,1,12,102,38,73,21,29,16,16,3.143,10.031,1,1,5.858,6.735
234,0,0,0,0,1,1,9,105,45,66,24,38,17,18,0.0,7.264,1,15,5.352,6.645
235,0,0,0,1,1,0,12,117,40,71,20,29,16,17,0.0,7.908,1,5,5.666,6.375
236,0,0,0,1,1,1,12,112,40,66,24,38,16,16,3.25,17.231,4,18,5.935,7.562
237,0,0,0,1,1,1,8,89,28,67,16,29,10,12,0.0,7.424,0,3,5.357,6.964
238,0,0,0,0,1,1,12,131,39,70,18,28,12,12,0.0,7.043,1,1,5.759,6.032
239,0,0,1,1,1,1,16,114,28,73,20,28,16,16,0.816,6.489,0,6,6.297,7.092
240,0,0,0,1,1,1,10,98,35,66,23,37,12,14,4.712,17.898,6,2,5.737,7.051
241,0,0,0,1,1,1,12,125,30,71,20,29,13,14,1.361,10.007,2,11,6.04,7.092
242,0,0,0,1,1,1,10,100,38,69,25,36,16,18,2.378,13.392,1,3,5.838,6.567
243,0,0,0,1,1,1,8,113,26,70,18,28,12,12,0.0,6.576,4,3,5.617,6.745
244,0,0,0,1,1,1,10,102,46,68,23,35,16,16,1.0,13.497,1,11,5.663,6.908
245,0,0,0,0,1,1,12,82,33,73,23,31,18,18,0.378,7.302,5,8,5.438,6.195
246,0,0,1,1,1,1,12,112,47,66,21,35,14,14,1.575,15.393,2,4,5.652,6.908
247,1,1,0,1,1,1,8,111,38,73,23,31,16,16,0.0,10.903,0,4,5.403,6.763
248,0,0,0,1,1,1,11,96,24,69,19,30,13,13,0.0,2.789,1,3,5.298,7.226
249,0,0,0,1,1,1,16,127,48,66,23,37,16,16,1.333,15.609,1,12,5.694,7.369
250,0,0,0,1,1,1,8,97,47,67,24,37,14,15,1.0,13.989,1,14,6.215,7.379
251,0,1,1,1,1,1,12,120,50,69,25,36,14,14,0.795,11.855,2,13,6.62,8.032
252,0,0,0,0,1,1,16,101,41,73,27,35,16,16,0.397,7.386,2,9,5.991,6.8
253,0,0,0,1,1,1,12,120,40,66,23,37,14,14,3.333,15.652,2,2,5.811,6.809
254,0,0,0,0,1,1,5,110,23,66,18,32,12,12,1.333,15.172,3,13,5.82,6.097
255,0,0,0,1,1,1,5,94,35,67,17,30,9,12,0.0,9.213,1,0,4.828,5.665
256,0,0,1,1,1,1,17,120,50,70,27,37,16,16,2.261,12.174,5,15,6.292,7.275
257,0,0,1,1,1,1,8,108,45,66,22,36,12,12,5.378,19.374,7,21,5.663,6.869
258,0,0,0,1,1,1,11,103,31,66,19,33,9,12,3.583,17.126,1,10,5.846,6.98
259,0,0,1,1,1,1,11,106,36,67,22,35,12,12,1.0,13.835,6,19,6.016,7.131
260,0,0,0,0,1,1,12,119,37,73,29,37,16,16,0.378,6.961,10,18,6.492,6.957
261,0,0,1,1,1,1,8,87,33,71,27,36,12,12,7.282,17.821,1,9,5.858,6.984
262,0,0,1,1,1,1,11,121,49,68,22,34,16,17,0.0,11.645,1,13,5.464,6.483
263,0,0,0,1,1,1,12,112,33,70,20,30,12,12,0.0,7.613,1,10,5.425,6.66
264,0,1,1,1,1,0,12,103,36,71,27,36,12,15,0.0,8.435,7,2,6.082,6.945
265,0,0,1,1,1,1,16,99,48,66,23,37,16,16,1.333,16.238,1,14,5.846,7.562
266,0,0,1,1,1,1,12,101,40,66,23,37,14,15,1.378,15.264,3,17,5.759,7.092
267,0,0,1,1,1,1,8,109,41,69,25,36,13,14,0.378,11.318,3,14,5.749,6.808
268,0,0,0,1,1,1,12,73,46,68,19,31,12,12,0.0,6.237,1,8,5.835,6.791
269,0,1,1,1,1,0,16,116,27,70,21,31,16,16,0.311,10.162,1,7,5.784,6.706
270,0,0,0,0,1,1,12,98,42,69,18,29,12,12,0.0,9.862,1,2,5.142,6.7
271,1,1,0,1,1,1,14,104,43,70,20,30,13,14,0.328,5.88,1,2,5.298,6.358
272,0,0,0,1,1,1,12,78,29,68,19,31,12,14,0.0,9.004,0,2,4.92,6.628
273,0,0,1,1,1,1,12,85,39,66,20,34,11,12,2.128,14.03,1,1,5.298,7.052
274,0,0,0,1,1,1,12,104,25,68,17,29,12,12,0.453,12.385,1,7,5.38,6.932
275,0,0,1,1,1,1,8,109,48,66,23,37,12,12,6.378,20.284,8,22,5.759,6.909
276,0,0,0,1,1,1,10,96,33,69,19,30,13,13,0.0,10.722,1,12,5.481,7.115
277,0,0,1,1,1,0,12,90,32,66,23,37,12,12,4.333,17.032,4,1,5.394,6.571
278,0,0,1,1,1,1,12,103,29,73,24,32,15,15,1.462,8.398,2,3,6.153,6.908
279,0,1,1,1,1,1,14,106,41,68,21,33,16,16,0.333,12.342,1,13,5.935,7.634
280,0,0,1,1,1,1,14,96,32,73,22,30,16,16,4.235,11.108,0,5,6.105,6.816
281,0,1,1,1,1,1,8,114,39,70,20,30,12,12,0.492,7.757,2,5,5.298,6.397
282,0,0,0,1,1,1,9,86,33,66,17,31,10,11,0.333,12.982,1,1,4.787,6.857
283,1,1,1,1,1,1,13,110,38,73,24,32,16,16,1.753,8.48,0,5,6.052,6.567
284,0,0,1,1,1,1,12,87,41,66,24,38,12,12,4.295,18.263,7,9,5.852,7.048
285,0,0,0,1,1,1,13,89,31,69,17,28,12,12,0.0,9.16,2,5,5.298,6.908
286,0,0,1,1,1,1,8,106,40,67,18,31,12,12,1.769,14.749,1,10,5.743,6.735
287,0,0,0,1,1,1,5,100,43,67,19,32,12,12,0.91,12.281,1,3,5.476,5.991
288,0,0,1,1,1,1,16,111,38,67,21,34,12,12,4.428,17.446,1,14,5.858,7.069
289,0,0,1,1,1,1,12,100,40,66,23,37,12,12,3.515,17.62,4,2,5.927,7.092
290,0,0,1,1,1,1,12,114,38,67,20,33,12,12,3.378,16.365,4,17,5.663,7.274
291,0,0,1,1,1,1,13,98,45,73,26,34,18,18,0.0,5.057,0,1,6.033,6.287
292,0,0,0,1,1,1,9,89,24,68,18,30,11,11,0.795,12.795,1,10,5.858,6.661
293,0,0,1,1,1,1,11,74,23,67,17,30,10,10,0.462,13.419,1,9,5.298,6.62
294,0,0,1,1,0,1,11,130,29,68,26,38,13,13,2.795,14.369,3,1,5.704,6.551
295,0,0,1,1,1,1,12,108,51,71,27,36,16,16,0.365,9.411,1,4,6.165,7.205
296,0,0,1,1,0,0,10,98,31,66,19,33,12,12,2.333,16.094,2,12,5.389,6.685
297,0,0,0,1,1,1,16,125,27,71,21,30,16,16,0.369,9.307,1,10,5.953,7.131
298,0,0,1,1,1,1,12,104,29,73,21,29,16,16,0.0,4.727,1,8,5.762,7.008
299,0,0,0,0,1,1,8,98,33,69,19,30,12,14,3.0,11.819,0,1,5.557,6.163
300,0,0,1,1,0,0,11,104,37,73,25,33,15,15,0.0,6.063,3,4,6.033,6.636
301,0,0,0,1,1,1,8,120,33,66,22,36,12,12,4.617,18.495,5,19,5.521,6.869
302,0,1,0,0,1,1,8,134,38,67,17,30,12,13,0.0,9.386,1,9,5.298,6.581
303,0,0,1,1,1,1,8,92,28,66,20,34,9,9,4.25,18.41,4,13,5.375,6.685
304,0,0,1,1,0,1,13,129,34,73,22,30,16,16,4.548,11.47,2,9,5.866,6.489
305,0,0,1,1,0,1,12,118,42,71,27,36,13,14,0.0,4.349,7,16,6.192,7.147
306,0,0,0,1,0,0,12,107,37,69,17,28,12,12,0.378,10.789,1,7,5.82,7.18
307,0,0,1,1,1,1,12,92,37,66,24,38,12,12,5.461,19.406,1,15,5.606,6.714
308,0,0,0,1,1,1,16,118,33,73,21,29,16,16,0.378,6.456,0,7,4.828,7.274
309,0,0,1,1,1,1,12,108,38,73,23,31,17,17,0.669,6.516,0,3,6.052,7.244
310,0,0,1,1,0,0,12,119,42,66,22,36,12,12,5.333,19.735,1,5,5.209,6.945
311,0,0,0,1,0,0,8,109,29,69,18,29,12,12,0.414,11.436,1,12,5.501,6.504
312,0,0,1,1,0,0,8,91,41,71,27,36,12,12,9.086,17.907,1,10,5.908,7.003
313,0,0,0,1,0,1,12,118,38,69,19,30,14,14,0.0,8.552,1,7,5.298,6.908
314,0,0,0,1,0,0,14,119,37,68,18,30,13,13,0.0,9.138,1,2,5.371,6.26
315,0,0,0,1,0,0,14,103,33,68,19,31,13,14,1.314,13.249,1,13,6.159,7.013
316,0,0,1,1,0,0,12,120,25,73,20,28,16,16,0.0,6.072,0,4,5.927,6.869
317,0,0,1,1,1,1,8,122,40,67,21,34,16,18,0.0,6.165,1,13,5.094,6.591
318,0,0,0,1,0,1,8,119,35,69,17,28,12,12,0.423,9.205,2,5,5.298,6.537
319,0,0,1,1,0,0,9,104,37,71,29,38,11,11,7.318,14.944,6,7,6.438,6.918
320,0,1,0,1,0,1,8,96,22,69,18,29,10,11,0.737,7.136,0,2,5.403,6.397
321,0,0,1,1,0,0,8,83,36,67,21,34,12,12,2.914,15.805,4,17,5.416,6.39
322,0,0,0,1,0,1,10,88,27,69,18,29,12,12,0.462,9.297,0,2,5.768,6.507
323,0,0,0,1,0,0,8,96,43,66,22,36,12,12,2.995,16.883,4,18,5.298,6.676
324,0,1,1,1,1,0,12,123,42,66,24,38,17,17,1.833,14.39,2,7,6.009,7.274
325,0,1,1,1,1,1,11,108,43,66,20,34,12,12,2.333,14.272,1,8,5.011,6.507
326,0,0,0,1,1,1,12,116,35,73,21,29,16,16,2.5,9.56,1,8,6.323,6.775
327,0,0,1,1,0,0,16,109,45,68,24,36,18,18,0.908,12.7,1,2,5.966,6.735
328,0,0,0,1,1,1,12,97,39,71,22,31,12,13,2.568,7.63,1,0,4.942,6.882
329,0,0,0,1,0,0,12,107,34,69,17,28,12,12,1.0,7.355,2,3,5.011,7.109
330,0,1,1,1,0,1,12,95,27,71,26,35,12,12,8.027,16.397,2,5,5.894,6.813
331,0,0,1,1,1,1,15,109,31,73,22,30,14,15,1.384,8.324,2,2,5.74,6.279
332,0,0,1,1,0,0,12,104,36,66,19,33,12,12,1.9,15.281,3,11,5.768,6.62
333,0,0,1,1,0,1,12,110,37,66,24,38,12,12,1.667,15.672,2,4,5.704,7.095
334,0,0,0,0,1,0,13,94,40,71,27,36,13,13,4.088,16.722,1,1,6.176,6.614
335,0,1,1,1,0,0,8,103,38,66,23,37,12,12,2.416,15.271,2,1,5.9,6.802
336,0,0,0,1,1,1,8,123,45,66,18,32,12,14,0.0,8.652,1,14,5.727,7.065
337,0,0,0,1,0,0,6,113,33,68,19,31,12,12,0.378,12.246,1,3,5.298,6.292
338,0,0,0,1,0,0,12,100,31,70,20,30,13,14,0.0,9.219,1,4,5.136,6.422
339,0,0,0,1,0,1,12,95,39,66,17,31,12,13,0.0,6.156,1,2,4.977,6.812
340,0,0,1,1,0,0,8,100,34,66,22,36,12,12,3.831,17.696,5,12,5.273,6.645
341,0,0,1,1,1,1,15,108,39,66,23,37,13,13,3.725,17.411,4,18,5.67,6.892
342,0,0,1,1,1,1,12,101,47,67,24,37,12,12,0.769,14.63,1,12,5.361,6.725
343,0,0,0,0,1,1,12,90,43,66,21,35,12,12,2.25,16.751,2,10,5.298,6.779
344,0,0,1,1,1,1,8,115,41,66,21,35,12,12,2.94,16.165,4,7,5.737,6.934
345,0,0,0,1,1,1,11,84,33,70,19,29,13,13,0.497,10.391,1,1,5.361,6.142
346,0,0,1,1,1,1,12,125,44,67,24,37,14,14,0.0,8.906,2,0,5.572,6.463
347,0,0,1,1,1,1,11,107,42,66,24,38,12,12,6.333,21.121,5,14,6.229,6.942
348,0,0,0,0,1,1,8,129,33,68,20,32,13,14,0.0,8.858,1,3,5.858,7.1
349,0,0,0,1,1,1,12,98,40,69,19,30,12,12,1.692,11.084,1,6,5.927,6.856
350,0,0,0,1,1,1,8,108,41,66,24,38,12,12,5.19,18.667,6,20,5.684,6.844
351,1,0,1,1,1,1,2,114,37,73,22,30,16,16,0.78,7.649,1,8,6.205,7.131
352,0,0,1,1,0,0,12,111,37,71,25,34,16,18,0.0,6.145,1,10,5.663,6.374
353,0,0,0,1,0,0,12,101,29,71,19,28,12,12,0.981,6.661,1,6,5.298,6.541
354,0,0,0,0,0,0,12,99,25,66,20,34,12,12,3.083,17.501,1,12,4.949,6.332
355,0,0,0,0,0,0,12,75,24,68,18,30,11,12,1.192,12.29,1,5,5.106,5.928
356,0,0,0,1,0,0,6,91,29,66,24,38,12,12,0.0,7.319,1,11,5.787,6.512
357,0,0,1,1,0,0,12,113,38,68,21,33,16,17,0.0,0.692,1,13,5.472,6.483
358,0,0,1,1,0,0,8,120,34,71,26,35,12,12,8.444,16.69,1,7,5.501,6.54
359,0,0,0,1,1,1,12,98,32,70,19,29,13,14,0.369,9.795,1,1,5.521,7.013
360,0,1,1,1,1,1,16,107,31,70,23,33,16,16,0.458,10.512,2,1,6.098,7.221
361,0,0,1,1,1,1,12,121,39,73,24,32,18,18,0.384,7.25,5,13,6.215,7.156
362,0,0,0,1,1,1,12,134,42,67,22,35,15,15,0.0,15.057,1,7,5.663,7.205
363,0,0,0,0,1,1,12,120,38,73,21,29,16,16,0.75,7.663,1,5,6.297,6.75
364,0,0,0,0,1,1,12,105,36,70,22,32,15,15,1.02,9.055,1,5,5.617,6.789
365,0,0,1,1,1,1,10,121,40,73,26,34,12,12,0.0,4.563,3,10,6.301,7.057
366,0,0,1,1,1,1,12,113,29,71,21,30,16,16,0.463,8.773,1,0,5.823,6.369
367,0,0,1,1,1,1,12,106,37,71,20,29,12,12,0.0,4.801,1,3,5.784,7.139
368,0,0,1,1,1,0,9,104,41,73,27,35,18,18,1.408,8.319,5,13,6.603,6.853
369,0,0,0,1,1,1,10,80,23,66,19,33,11,11,0.0,13.924,1,15,5.617,7.523
370,0,0,0,1,1,1,10,117,28,67,17,30,12,12,1.0,13.226,1,2,5.784,7.362
371,0,0,0,0,1,1,12,126,42,73,20,28,16,16,1.385,10.349,1,8,5.714,6.631
372,0,0,0,1,1,1,10,112,42,66,22,36,12,12,4.961,18.957,1,15,5.58,7.274
373,0,0,0,1,1,1,6,83,20,70,22,32,12,12,3.156,13.083,1,11,5.762,6.215
374,0,0,0,1,1,1,6,84,13,67,19,32,10,12,0.0,12.559,1,9,4.828,7.09
375,0,0,0,1,1,0,12,109,32,67,18,31,12,12,0.378,13.031,1,2,5.989,7.56
376,0,0,0,1,1,1,12,111,25,73,21,29,14,14,0.0,6.511,0,7,6.131,6.528
377,0,0,1,1,0,0,12,94,33,66,23,37,12,12,6.462,20.286,1,4,5.549,6.651
378,0,0,0,1,0,0,12,96,32,67,17,30,12,16,0.0,7.289,1,4,5.704,5.452
379,0,0,0,1,0,0,12,101,33,69,19,30,13,13,0.673,12.273,1,10,5.724,6.882
380,0,0,1,1,1,1,12,90,35,68,18,30,11,12,0.0,13.26,1,1,5.869,7.22
381,0,1,1,1,1,1,12,120,48,67,24,37,16,16,3.378,16.298,4,3,6.225,7.667
382,0,1,0,1,1,1,12,120,38,73,21,29,16,16,2.231,10.18,0,1,6.066,6.551
383,0,0,1,1,1,1,8,108,29,66,19,33,12,12,2.378,16.236,3,11,5.737,7.09
384,0,0,1,1,1,1,12,99,43,66,22,36,13,13,2.19,16.131,4,18,5.762,7.057
385,0,0,1,1,1,1,12,80,31,66,20,34,11,11,2.462,16.312,1,15,5.602,6.592
386,0,0,1,1,1,1,10,93,45,66,22,36,11,11,5.333,17.393,3,2,5.631,6.62
387,0,0,0,1,1,1,11,118,43,69,21,32,13,15,0.378,11.079,1,3,5.521,7.013
388,0,0,0,1,1,1,12,115,31,67,18,31,11,12,1.0,11.834,1,8,5.505,6.438
389,0,0,0,1,1,1,10,119,28,73,22,30,16,16,3.739,10.63,0,5,5.298,7.09
390,0,0,0,1,1,1,12,94,39,67,19,32,12,12,0.0,8.019,1,1,5.501,7.34
391,0,0,1,1,1,1,13,109,42,73,26,34,16,16,4.842,11.757,0,9,5.943,7.051
392,0,0,0,0,1,0,14,104,37,68,21,33,13,13,2.378,10.424,1,0,5.081,5.737
393,0,0,0,1,0,0,7,89,21,67,17,30,11,12,1.09,14.048,1,4,4.828,6.413
394,0,0,0,1,0,0,12,101,28,66,22,36,12,12,2.354,16.307,3,17,5.521,7.467
395,0,1,0,0,0,1,12,96,34,71,22,31,16,16,0.0,8.734,1,1,5.704,6.908
396,0,0,1,1,0,0,9,109,48,66,22,36,12,12,1.583,14.175,1,1,5.063,5.858
397,0,0,1,1,0,0,4,94,38,66,23,37,12,12,3.083,17.063,4,18,5.371,6.64
398,0,0,0,1,0,0,6,115,34,66,20,34,12,12,1.473,15.304,2,2,5.521,6.672
399,0,0,1,1,0,0,8,92,41,66,24,38,12,12,2.161,16.061,3,17,5.649,6.707
400,0,0,0,1,0,0,11,71,32,67,17,30,9,9,0.519,11.783,1,1,5.46,6.167
401,0,0,1,1,0,0,12,130,39,66,19,33,11,14,0.0,14.634,1,1,4.883,6.844
402,0,0,0,1,0,1,12,119,38,70,22,32,16,16,0.228,9.682,1,4,5.846,7.649
403,0,0,0,1,1,1,10,74,24,66,18,32,9,12,0.462,14.389,1,3,4.86,5.858
404,0,0,1,1,1,1,10,124,23,73,20,28,15,15,3.754,10.612,1,8,6.033,7.092
405,0,0,1,1,0,0,12,94,29,71,22,31,14,15,0.457,9.362,1,4,5.298,6.109
406,0,0,1,1,0,0,12,120,44,71,28,37,16,16,6.363,16.273,4,13,5.501,6.964
407,0,0,1,1,1,1,8,96,40,66,23,37,11,11,1.545,15.407,1,15,5.759,6.908
408,0,0,0,1,1,1,12,98,42,69,17,28,12,12,0.423,11.213,1,9,5.298,6.865
409,0,0,0,1,0,0,9,109,44,66,19,33,12,14,2.333,16.281,2,5,5.198,7.378
410,0,0,0,0,1,0,12,100,39,73,22,30,17,18,0.0,5.807,0,5,6.201,6.407
411,0,0,0,1,0,1,11,101,25,68,18,30,12,12,0.538,12.653,1,1,5.252,6.237
412,0,1,1,1,0,1,12,111,40,69,21,32,16,16,0.167,11.055,1,12,6.174,7.252
413,0,0,1,1,0,1,8,106,38,69,26,37,16,16,2.981,14.728,5,11,6.133,7.205
414,0,0,1,1,0,0,12,102,37,66,23,37,12,12,1.128,15.075,2,16,5.704,7.328
415,0,0,0,1,0,0,12,115,28,71,21,30,14,14,0.741,9.317,1,10,5.846,6.98
416,0,0,1,1,0,1,10,99,37,70,18,28,12,12,1.387,11.332,1,11,6.215,7.09
417,0,0,1,1,0,1,11,118,48,66,22,36,16,16,1.333,15.237,2,1,5.557,7.228
418,0,0,0,1,1,0,13,132,37,69,22,33,13,13,0.0,7.646,1,2,5.778,6.773
419,0,0,0,1,1,1,12,108,26,68,18,30,13,13,0.333,11.166,1,9,5.759,6.438
420,0,0,0,1,1,1,14,98,40,66,19,33,12,12,2.166,16.976,2,2,5.545,7.131
421,0,0,0,1,1,1,8,111,44,66,22,36,12,13,6.083,20.359,1,12,5.553,6.987
422,0,0,1,1,1,0,8,79,36,66,24,38,11,11,4.356,17.941,4,3,5.412,6.541
423,0,0,0,1,0,0,12,97,29,68,19,31,12,12,1.0,11.097,1,11,5.298,6.589
424,0,0,1,1,0,0,12,99,49,66,24,38,15,15,2.333,16.283,1,15,4.654,6.422
425,0,0,0,1,1,1,12,101,33,73,23,31,16,16,0.0,5.281,0,7,5.704,6.817
426,0,0,0,1,0,0,12,120,45,66,22,36,17,17,0.0,3.903,2,10,5.394,6.784
427,0,0,0,1,1,1,8,97,33,69,18,29,12,12,0.378,10.357,2,4,5.298,6.548
428,0,0,1,1,0,0,8,106,34,67,23,36,12,12,4.747,16.698,5,18,4.99,6.684
429,0,0,0,0,0,0,12,131,44,71,21,30,16,16,0.478,8.925,2,3,6.176,6.7
430,0,0,1,1,0,1,12,93,32,66,20,34,10,11,2.045,16.101,1,14,5.501,6.908
431,0,0,0,0,0,0,8,79,23,68,20,32,12,12,0.378,11.423,1,3,5.704,6.309
432,0,0,0,1,1,1,11,100,38,66,17,31,12,12,0.378,12.634,1,15,5.704,7.17
433,0,0,0,1,1,1,9,107,30,70,23,33,16,16,0.816,9.295,1,8,6.196,6.828
434,0,0,1,1,1,0,12,105,22,69,19,30,12,12,0.378,11.284,1,9,5.707,6.581
435,0,0,1,1,0,0,12,114,25,71,22,31,12,12,5.302,15.198,5,14,5.841,6.703
436,0,0,1,1,0,0,8,116,36,69,27,38,12,12,9.378,20.344,1,2,5.663,6.397
437,0,0,1,1,1,1,11,104,41,66,23,37,12,12,5.25,17.882,4,7,5.182,7.003
438,0,0,0,1,1,1,9,85,48,66,21,35,12,12,3.583,17.571,5,19,5.704,6.964
439,0,0,0,1,1,1,9,93,46,68,18,30,12,12,2.833,14.786,1,1,5.835,6.869
440,0,0,1,1,0,0,8,100,40,66,23,37,10,12,0.0,5.133,1,9,5.846,6.071
441,0,0,0,0,1,1,12,88,36,71,23,32,16,16,0.434,9.277,1,10,5.9,7.256
442,0,0,1,1,0,1,12,93,32,73,21,29,12,12,4.444,11.327,0,9,6.184,6.908
443,0,0,0,1,0,0,12,98,26,68,20,32,12,13,1.795,13.712,1,5,5.153,6.215
444,0,0,1,1,0,1,12,110,35,73,20,28,14,14,1.892,8.299,3,5,5.298,6.685
445,0,0,0,1,0,0,11,94,38,67,20,33,14,14,0.635,11.92,1,10,4.605,6.62
446,0,0,1,1,0,0,8,77,36,66,23,37,12,12,1.201,15.116,2,2,5.22,6.31
447,0,0,0,1,1,1,12,102,44,71,21,30,12,12,3.142,11.945,1,10,5.805,6.583
448,0,0,1,1,1,1,16,113,49,73,26,34,14,14,5.369,12.376,1,8,6.14,6.946
449,1,1,1,1,1,1,12,103,38,73,24,32,10,10,5.434,11.317,7,15,5.704,5.298
450,1,1,1,1,1,1,12,96,31,66,21,35,11,11,3.333,17.413,1,1,5.011,6.354
451,1,1,1,1,1,1,12,97,35,66,23,37,11,11,5.333,16.095,1,5,5.22,6.745
452,1,1,1,1,1,1,15,89,39,66,23,37,12,12,2.317,10.611,3,4,5.694,7.058
453,1,1,1,1,1,1,16,104,34,73,23,31,16,16,0.895,7.757,0,4,6.23,7.147
454,1,1,1,1,1,1,11,116,36,71,24,33,14,16,0.0,5.377,1,3,5.416,5.858
455,1,1,0,1,1,1,12,104,47,66,23,37,14,15,0.0,14.256,1,11,5.557,7.288
456,1,1,0,1,1,1,12,114,37,70,18,28,12,13,0.541,9.064,1,2,5.193,6.621
457,0,1,1,1,0,1,12,103,40,73,23,31,16,17,1.553,5.311,0,3,5.771,6.19
458,1,1,1,1,1,1,6,92,34,66,22,36,12,12,1.25,15.115,2,5,5.565,7.244
459,1,1,1,1,1,1,8,98,41,73,23,31,18,18,4.706,9.861,0,7,6.001,6.846
460,1,1,1,1,1,1,12,114,48,66,23,37,13,13,1.417,15.433,2,16,5.82,6.764
461,1,1,1,1,1,1,12,110,37,66,24,38,12,12,1.917,15.847,3,17,5.05,5.847
462,1,1,1,1,1,1,8,132,39,73,25,33,17,17,1.113,8.136,2,1,6.615,7.274
463,1,1,1,1,0,0,8,112,37,73,24,32,16,16,5.932,12.681,0,2,5.298,6.328
464,1,1,1,1,1,1,12,99,42,66,22,36,9,12,2.5,16.96,2,11,5.481,6.31
465,1,1,0,1,1,1,12,106,45,66,24,38,13,13,3.333,16.054,5,2,5.572,6.528
466,1,1,1,1,1,1,18,128,43,73,25,33,15,16,0.309,7.233,0,1,6.215,7.187
467,1,1,0,0,1,1,8,80,30,73,22,30,12,12,3.486,7.719,2,0,5.894,6.032
468,1,1,1,1,1,1,6,71,24,71,23,32,11,11,2.043,9.461,1,0,5.704,6.157
469,1,1,0,1,1,1,12,127,45,71,23,32,18,18,0.792,9.753,1,3,6.399,7.426
470,1,1,0,0,1,1,8,114,43,73,23,31,16,16,0.0,0.769,2,9,6.109,6.946
471,1,1,0,1,1,1,7,102,30,69,19,30,13,13,0.654,12.512,1,11,5.481,7.131
472,1,1,0,1,1,1,12,88,34,68,19,31,12,12,0.462,12.115,3,15,5.231,6.633
473,1,1,0,1,1,1,12,88,32,68,17,29,12,12,1.0,13.55,1,12,5.858,7.051
474,1,0,1,1,1,1,14,110,45,66,23,37,15,15,1.916,14.225,2,1,5.549,7.379
475,0,0,0,1,1,1,8,130,39,73,22,30,16,16,0.0,5.391,0,3,6.176,6.763
476,1,1,1,1,1,1,12,101,36,66,21,35,11,12,3.378,16.076,1,1,5.112,6.908
477,1,1,0,1,1,1,9,89,36,66,18,32,10,10,0.333,13.244,1,9,4.956,6.748
478,1,0,1,1,1,1,12,80,25,66,21,35,10,12,1.333,15.618,2,14,5.22,6.646
479,0,0,1,1,1,1,12,72,20,73,26,34,12,12,9.058,15.949,0,9,6.397,6.908
480,0,0,1,1,1,1,12,115,56,71,27,36,18,18,1.189,10.072,2,5,5.412,7.192
481,1,1,1,1,1,1,12,115,48,70,27,37,16,16,0.798,10.479,5,4,6.315,7.428
482,1,1,0,0,1,1,8,93,27,66,24,38,12,12,3.295,17.248,1,7,5.371,6.529
483,1,1,0,0,1,1,12,92,42,73,24,32,15,16,2.916,9.814,3,11,6.023,7.131
484,1,1,0,0,1,1,5,115,40,73,20,28,13,13,1.164,7.09,2,7,6.163,6.397
485,1,1,1,1,1,1,12,93,26,71,20,29,11,11,1.975,10.625,1,0,5.472,6.908
486,1,1,0,1,1,1,8,91,39,66,22,36,12,12,0.653,14.589,1,15,5.407,6.896
487,1,1,1,1,1,1,9,90,35,66,20,34,10,10,4.5,19.209,1,10,5.165,6.169
488,1,1,1,1,1,0,9,104,47,66,20,34,12,12,3.182,16.401,4,1,5.17,7.346
489,1,1,1,1,1,1,12,100,42,66,18,32,12,12,1.848,15.764,2,14,4.942,6.908
490,1,1,0,1,1,0,15,129,40,73,28,36,18,18,0.0,4.319,0,5,4.89,6.438
491,0,0,0,1,1,1,12,112,39,67,22,35,16,16,0.717,13.649,1,14,5.727,7.205
492,1,1,1,1,0,0,11,98,38,71,27,36,11,11,6.717,16.659,7,16,6.155,7.091
493,1,1,1,1,1,1,12,132,45,73,24,32,17,18,4.019,13.083,1,8,6.567,7.023
494,1,1,0,1,1,1,13,110,36,69,21,32,13,14,0.0,9.542,0,4,5.727,6.228
495,1,0,0,1,1,1,11,127,44,73,21,29,12,12,1.191,6.599,0,1,5.964,7.356
496,1,1,1,1,1,1,8,94,39,66,22,36,13,13,3.62,17.538,4,18,6.109,7.399
497,0,0,1,1,1,1,16,97,48,73,24,32,16,16,0.0,3.727,0,1,6.387,7.156
498,0,0,1,1,1,1,11,109,42,71,24,33,15,15,0.255,7.469,1,8,5.652,7.09
499,1,1,0,1,0,0,3,89,21,67,18,31,12,12,0.0,5.619,1,6,4.905,6.751
500,1,1,0,1,0,0,11,90,33,66,23,37,12,12,5.378,18.255,6,7,5.46,6.959
501,1,1,0,1,0,0,12,105,39,69,17,28,12,12,0.0,10.536,2,4,5.075,6.908
502,1,0,0,0,1,1,8,100,27,68,22,34,12,12,5.275,18.132,1,5,5.69,6.802
503,1,1,1,1,0,0,16,111,40,71,22,31,16,16,0.958,9.869,1,10,5.472,7.379
504,1,1,0,1,0,1,16,125,44,71,22,31,17,17,0.0,8.52,1,2,5.991,6.231
505,1,1,0,1,0,0,12,124,20,73,21,29,16,16,0.0,5.753,0,6,5.416,7.313
506,1,1,1,1,1,1,12,107,41,73,24,32,14,14,7.934,14.87,2,9,6.136,7.428
507,1,1,0,1,1,1,12,110,45,71,26,35,12,13,3.991,13.387,1,1,5.298,6.62
508,1,1,0,1,0,0,16,102,32,73,21,29,13,14,1.455,8.354,0,7,5.481,6.737
509,1,1,1,1,0,0,12,81,36,71,25,34,12,12,7.333,17.265,6,15,6.023,6.912
510,1,1,0,1,0,0,12,99,36,71,21,30,12,12,3.784,12.553,3,10,5.416,6.477
511,1,1,1,1,1,0,12,102,35,69,19,30,13,13,0.0,8.414,1,2,5.784,7.667
512,1,1,1,1,1,1,12,95,44,66,24,38,12,12,0.0,14.079,7,21,5.421,6.635
513,1,1,0,0,1,1,11,98,37,69,24,35,16,16,0.769,8.321,1,3,5.991,6.645
514,1,1,1,1,0,1,4,109,41,71,22,31,16,16,0.556,8.876,1,3,5.979,6.895
515,1,1,1,1,0,0,8,82,41,66,24,38,12,12,6.655,20.549,2,1,5.733,7.824
516,1,1,0,0,0,1,12,105,22,68,20,32,13,14,0.0,6.443,0,1,5.075,7.001
517,1,1,1,1,0,0,12,95,36,66,24,38,12,12,0.0,5.855,2,16,5.493,7.1
518,1,1,1,1,1,1,12,123,43,73,24,32,16,16,1.872,8.801,4,12,5.841,7.313
519,1,1,0,1,0,1,12,86,24,69,19,30,12,12,0.0,8.947,1,1,5.389,6.369
520,1,1,0,1,1,1,8,87,41,66,24,38,12,12,0.0,12.404,2,13,5.215,6.851
521,0,1,1,1,0,1,12,117,39,71,22,31,16,16,0.553,8.639,1,3,6.292,7.274
522,1,1,0,1,1,1,12,112,50,66,24,38,16,16,1.128,13.661,2,8,5.759,7.195
523,1,0,0,0,1,1,12,119,41,70,23,33,15,15,0.0,8.392,1,5,6.31,7.313
524,1,1,0,1,0,1,6,81,33,69,21,32,12,13,0.385,10.626,1,5,5.247,6.88
525,1,1,1,1,0,1,10,124,48,70,22,32,17,18,0.385,9.909,1,8,5.808,7.679
526,1,1,1,1,0,0,7,89,38,66,22,36,12,12,0.0,10.327,2,7,5.438,6.681
527,1,1,1,1,1,1,12,106,41,73,21,29,16,16,1.189,8.197,2,9,6.397,7.464
528,1,1,0,1,0,0,11,103,30,66,18,32,13,15,0.333,14.378,1,2,5.38,6.445
529,1,1,0,1,0,0,6,91,40,67,19,32,12,12,0.378,11.01,1,4,5.293,6.097
530,1,1,1,1,1,1,12,101,34,73,23,31,16,16,5.406,12.283,2,9,5.829,6.492
531,1,1,0,0,1,1,12,83,32,66,22,36,12,12,2.25,8.71,2,1,5.043,5.932
532,1,1,1,1,1,1,12,102,54,73,24,32,17,17,0.161,6.753,5,13,6.176,7.023
533,1,1,0,1,1,0,7,94,34,68,18,30,12,12,0.423,8.901,1,2,5.193,6.116
534,1,1,1,1,1,1,12,97,38,66,23,37,10,10,3.475,17.371,1,9,5.46,7.234
535,1,1,0,1,1,1,12,115,38,73,23,31,17,17,0.0,6.721,2,9,6.091,7.339
536,1,1,0,1,1,1,17,117,38,69,24,35,16,16,0.378,11.274,1,12,5.986,7.051
537,1,1,1,1,1,1,8,105,45,67,24,37,12,14,5.756,14.839,1,2,5.557,6.869
538,1,1,0,0,1,1,8,113,36,73,30,38,16,16,0.533,7.617,5,1,5.829,6.582
539,0,1,1,1,1,1,10,83,37,73,29,37,12,12,5.974,8.841,0,3,6.194,6.174
540,1,1,1,1,1,0,17,101,44,71,29,38,18,18,0.406,8.211,4,9,6.407,6.694
541,1,1,1,1,1,1,12,113,36,66,22,36,12,13,0.0,13.954,6,8,5.793,7.274
542,1,0,1,1,1,1,12,88,31,66,23,37,12,13,0.628,13.135,2,4,5.416,6.995
543,1,1,1,1,1,1,16,113,27,71,21,30,16,16,0.541,9.352,4,13,5.778,6.933
544,1,1,1,1,1,1,12,106,38,70,20,30,14,15,0.0,5.228,1,1,6.844,7.195
545,1,0,1,1,1,1,10,114,36,66,23,37,12,12,2.166,16.988,1,9,5.451,6.819
546,1,1,0,0,1,1,11,119,32,73,22,30,16,16,2.113,9.004,2,10,6.293,7.008
547,1,1,1,1,1,1,1,89,40,66,24,38,12,12,5.58,17.25,2,8,5.361,6.908
548,1,1,0,1,1,1,12,97,28,68,18,30,13,13,0.378,12.365,1,5,5.82,6.834
549,1,1,0,1,1,1,12,83,51,71,24,33,13,13,0.527,9.474,1,10,6.057,7.124
550,1,1,1,1,1,1,12,97,40,71,27,36,11,12,11.444,21.036,1,10,6.319,6.971
551,1,1,1,1,1,1,12,98,37,68,18,30,12,12,0.0,5.186,1,3,5.617,5.999
552,1,1,0,1,0,0,8,84,24,67,18,31,12,12,1.045,13.656,1,10,5.153,6.431
553,1,1,0,1,0,0,8,74,24,70,20,30,12,12,1.964,12.022,1,11,5.257,6.088
554,1,1,1,1,0,0,6,93,32,66,22,36,12,12,2.128,16.063,3,5,4.745,6.588
555,1,1,1,1,1,1,17,113,41,73,26,34,17,17,1.134,8.082,2,2,6.525,6.908
556,1,1,0,1,1,1,8,92,37,66,24,38,12,12,1.145,15.078,2,16,5.342,5.973
557,1,1,0,0,0,0,9,127,44,73,20,28,12,12,2.111,8.266,0,3,5.687,6.397
558,1,1,1,1,0,0,6,109,44,66,23,37,12,12,6.25,20.702,5,12,5.829,6.869
559,1,1,0,1,0,0,10,97,42,66,20,34,12,12,1.206,15.074,2,4,5.416,6.869
560,1,0,1,1,1,1,0,66,30,73,22,30,11,11,4.525,10.473,0,7,5.236,6.763
561,0,1,1,1,1,1,16,109,46,71,26,35,16,16,0.962,9.87,7,3,6.394,7.051
562,1,1,1,1,1,0,4,109,43,70,24,34,16,16,0.277,10.188,1,11,6.071,7.234
563,1,1,1,1,0,1,8,85,44,69,23,34,12,13,0.0,4.216,1,9,5.22,6.763
564,1,1,0,1,0,0,8,81,26,68,19,31,12,12,1.154,13.147,1,13,5.193,6.551
565,1,1,1,1,0,0,5,87,12,71,28,37,9,9,10.609,19.795,1,10,6.064,6.882
566,0,1,0,1,1,1,12,78,40,67,20,33,13,13,0.968,11.729,1,3,5.521,7.17
567,0,1,0,1,1,1,12,54,37,69,20,31,13,14,1.0,11.722,1,3,5.347,6.802
568,0,0,1,1,1,1,8,98,33,66,22,36,12,12,1.233,15.143,1,15,5.416,6.72
569,0,1,0,1,1,1,12,98,34,66,22,36,12,12,2.25,16.672,3,13,5.652,6.908
570,0,0,0,1,1,1,16,105,29,73,22,30,16,16,0.603,7.498,1,8,5.805,6.718
571,0,1,0,1,1,1,12,87,25,68,19,31,12,13,0.0,5.454,1,2,5.106,6.215
572,0,0,1,1,1,1,12,117,25,73,20,28,13,13,2.65,9.424,0,1,6.215,7.052
573,0,0,0,0,1,1,12,85,30,73,21,29,14,15,0.0,8.354,0,3,5.298,6.856
574,0,0,0,1,1,1,8,82,35,70,20,30,13,13,1.817,10.294,1,4,5.416,6.551
575,0,0,1,1,1,1,12,114,39,73,24,32,18,18,1.381,6.965,0,6,6.524,7.444
576,0,0,1,1,1,1,12,105,48,73,26,34,18,18,3.32,9.571,2,0,7.051,7.603
577,0,0,1,1,1,1,7,92,20,73,24,32,14,14,2.449,9.304,1,8,5.991,6.791
578,0,0,0,1,1,1,12,107,23,69,18,29,12,13,0.0,11.022,1,4,5.829,8.032
579,0,0,0,1,1,1,12,111,41,69,26,37,17,17,0.0,10.094,2,13,5.927,7.339
580,0,0,0,0,1,0,16,119,49,71,26,35,16,17,4.363,13.306,1,9,6.136,7.211
581,0,0,1,1,1,1,12,97,40,66,24,38,12,12,7.128,21.091,8,8,6.356,7.041
582,0,0,1,1,1,1,10,110,34,66,19,33,12,12,2.333,15.656,1,8,5.666,6.869
583,0,0,1,1,1,1,12,96,32,66,24,38,12,12,5.201,19.063,6,20,5.943,7.131
584,0,0,1,1,1,0,12,102,31,66,23,37,10,12,3.333,16.546,4,4,5.72,6.808
585,0,0,1,1,1,1,0,64,22,66,24,38,12,12,5.378,17.956,6,0,5.198,6.831
586,0,0,0,1,1,1,8,103,32,66,20,34,12,12,3.0,16.593,1,10,4.605,7.352
587,0,0,1,1,1,1,12,118,39,73,24,32,10,10,9.498,14.233,0,4,5.323,7.179
588,0,0,1,1,1,1,13,118,41,73,23,31,17,18,0.0,1.0,2,9,5.697,6.779
589,0,1,1,1,1,1,12,75,37,71,29,38,13,13,6.72,13.64,1,1,5.704,6.685
590,0,0,1,1,1,0,12,112,45,68,20,32,13,14,0.0,5.812,1,10,5.886,6.956
591,0,0,0,0,1,0,12,95,20,71,21,30,12,12,1.712,4.473,1,1,5.298,6.31
592,0,0,1,1,1,1,12,119,38,73,26,34,16,17,0.0,3.92,4,2,6.194,7.082
593,0,0,1,1,1,0,12,94,35,68,25,37,14,14,0.378,10.458,1,6,5.704,6.369
594,0,0,0,1,1,1,6,103,27,68,18,30,12,14,0.0,4.652,1,2,5.165,7.09
595,0,0,1,1,1,1,14,90,36,68,21,33,16,16,0.385,10.514,1,5,5.617,6.681
596,0,0,1,1,0,0,16,128,50,73,28,36,17,18,1.145,8.041,5,13,6.706,7.223
597,0,0,0,1,1,1,12,84,40,69,19,30,12,12,0.378,11.213,1,12,6.04,7.147
598,0,0,1,1,1,1,8,97,38,66,22,36,12,12,2.333,16.118,2,1,6.136,7.513
599,0,0,0,1,1,1,12,102,34,66,19,33,12,12,1.333,14.206,1,5,5.704,6.812
600,0,0,1,1,1,1,12,131,41,71,24,33,17,18,0.484,9.414,1,10,6.384,7.465
601,0,0,1,1,1,1,12,126,23,73,22,30,16,16,0.977,7.851,1,1,5.707,6.253
602,0,0,1,1,1,0,12,107,32,73,21,29,16,16,0.397,6.45,0,7,5.991,6.695
603,0,0,1,1,1,1,12,108,45,70,26,36,16,16,0.85,10.674,2,2,6.786,7.667
604,0,0,1,1,1,1,12,108,40,73,28,36,15,16,0.0,4.036,0,1,6.04,6.836
605,0,0,0,1,1,1,12,115,46,68,22,34,16,16,0.378,10.515,1,3,5.298,6.7
606,0,0,1,1,1,1,12,111,44,66,21,35,14,14,1.75,16.483,2,14,5.501,6.764
607,0,0,1,1,1,1,12,115,47,66,22,36,12,12,1.462,14.469,2,9,5.273,7.274
608,0,0,1,1,1,0,11,101,31,67,19,32,13,14,1.0,11.936,2,0,5.05,6.215
609,0,0,1,1,1,1,12,114,48,68,25,37,18,18,0.346,12.263,1,2,6.122,7.233
610,0,0,0,1,1,1,12,116,40,73,22,30,17,18,0.0,5.157,2,9,5.421,6.269
611,0,0,1,1,1,0,12,90,41,66,22,36,12,12,0.0,4.382,2,14,5.38,6.781
612,0,0,0,1,1,1,14,125,33,69,17,28,12,12,0.0,10.853,1,11,5.464,6.933
613,0,0,0,0,1,1,12,98,26,69,17,28,12,12,0.337,11.34,1,12,5.638,7.1
614,0,0,1,1,1,0,10,111,42,73,21,29,15,15,1.374,7.605,4,5,5.849,7.39
615,0,0,1,1,1,1,12,109,38,70,22,32,15,16,0.806,10.708,3,2,6.038,7.519
616,0,0,0,1,1,1,12,124,36,68,25,37,16,16,0.378,12.343,1,2,5.743,7.379
617,0,0,1,1,1,1,8,121,35,73,25,33,13,13,0.358,6.044,4,1,6.397,6.908
618,0,0,0,1,1,1,10,103,37,69,19,30,12,12,0.0,6.671,1,4,5.521,6.603
619,0,1,0,0,1,1,12,96,19,68,17,29,12,12,1.0,9.702,1,1,5.598,7.438
620,0,0,1,1,1,1,12,100,40,66,19,33,12,12,0.0,10.881,2,9,6.021,7.438
621,0,0,1,1,1,1,11,112,38,66,24,38,10,12,0.0,11.58,8,5,5.999,7.009
622,0,0,0,1,1,1,12,73,24,66,17,31,10,11,0.0,0.962,1,1,5.371,6.438
623,0,0,0,1,1,1,11,101,39,70,19,29,12,13,0.0,1.0,1,7,5.628,6.579
624,0,0,0,1,1,1,12,99,44,66,22,36,12,12,4.333,19.089,4,10,5.481,6.751
625,0,0,0,1,1,1,12,95,23,67,19,32,12,12,0.462,12.084,1,2,4.828,7.131
626,0,0,1,1,0,0,18,109,40,70,28,38,16,18,0.0,3.829,3,13,6.125,7.03
627,0,0,0,0,1,1,13,110,35,70,18,28,12,12,0.0,6.142,1,1,5.673,6.802
628,0,0,1,1,1,1,4,98,49,69,27,38,17,17,0.0,6.368,1,7,6.282,7.562
629,0,0,1,1,1,1,12,112,46,73,29,37,15,15,2.037,7.508,0,2,6.62,6.869
630,0,0,1,1,1,1,11,90,28,68,18,30,12,12,0.0,5.395,1,3,6.62,7.361
631,0,0,1,1,0,1,12,102,46,73,28,36,14,14,5.282,11.063,0,7,6.333,6.846
632,0,0,1,1,1,0,12,119,39,73,22,30,16,16,0.658,7.534,2,9,6.052,6.802
633,0,0,1,1,0,0,8,96,34,66,17,31,12,12,0.333,14.677,1,13,5.553,6.782
634,0,0,1,1,1,1,12,118,40,69,27,38,18,18,1.18,12.112,1,12,6.463,7.444
635,0,0,1,1,0,0,9,79,39,66,23,37,11,12,5.378,19.33,1,15,5.663,7.139
636,0,0,1,1,0,0,10,96,42,68,26,38,12,12,0.0,8.733,8,7,5.958,6.621
637,0,0,0,1,0,0,12,80,27,69,17,28,11,11,1.006,11.996,1,12,5.778,7.0
638,0,0,0,1,0,0,12,137,36,70,23,33,13,13,0.798,10.801,1,11,5.814,6.909
639,0,0,0,0,0,0,12,116,42,69,23,34,15,15,0.462,11.261,1,12,5.964,7.051
640,0,0,1,1,1,1,12,69,31,66,21,35,11,12,1.317,15.168,2,16,6.031,6.908
641,0,0,0,1,1,1,6,78,36,66,19,33,12,12,1.961,15.9,1,3,5.606,7.131
642,0,1,1,1,1,1,8,99,41,71,29,38,12,12,11.11,17.914,4,3,5.994,6.754
643,0,0,0,1,1,1,16,92,33,67,18,31,12,12,0.378,13.406,3,3,5.352,7.099
644,0,0,0,1,1,1,16,113,23,73,21,29,16,16,0.0,11.995,6,7,6.043,6.843
645,0,0,0,1,1,1,12,98,29,71,24,33,13,13,0.0,6.567,1,1,5.434,6.807
646,0,0,1,1,1,1,12,115,30,73,21,29,15,15,0.392,7.355,3,4,6.172,6.771
647,0,0,0,1,1,1,6,117,41,69,24,35,16,17,0.0,1.0,1,9,5.663,7.14
648,0,0,1,1,1,1,8,96,38,66,21,35,12,12,0.0,13.921,4,2,5.659,6.856
649,0,0,0,1,1,1,10,108,46,73,21,29,12,12,1.783,8.69,0,3,5.521,4.749
650,0,0,1,1,0,1,16,92,34,73,23,31,16,17,0.53,5.908,0,4,5.412,6.512
651,0,0,0,1,1,1,16,95,38,66,23,37,15,15,3.333,16.602,1,10,5.416,6.988
652,0,0,0,1,1,1,15,94,40,67,21,34,13,14,0.462,13.416,1,14,5.645,6.964
653,0,0,1,1,0,0,7,115,38,66,24,38,12,12,6.333,20.323,7,12,5.844,6.685
654,0,0,1,1,0,0,12,105,42,67,23,36,16,16,0.25,13.572,0,13,5.846,7.562
655,0,0,0,1,0,0,7,109,36,66,22,36,12,12,2.545,16.509,1,15,5.576,6.751
656,0,0,1,1,0,0,12,87,38,71,22,31,12,12,4.509,14.943,4,6,5.684,6.762
657,0,0,0,1,1,1,13,110,34,66,22,36,16,16,0.333,14.654,1,13,5.541,6.996
658,0,0,0,1,0,0,10,110,30,71,21,30,16,16,0.387,9.314,1,4,5.617,6.932
659,0,0,0,1,1,0,17,109,32,68,19,31,12,12,0.962,11.414,1,2,5.727,6.745
660,0,0,1,1,0,0,12,85,21,66,21,35,12,12,3.166,16.97,4,10,5.617,6.512
661,0,0,1,1,0,0,10,105,42,69,26,37,14,14,1.378,12.316,1,12,5.652,6.685
662,0,0,1,1,0,0,10,122,39,73,25,33,16,16,0.594,7.054,0,3,5.595,6.956
663,0,0,1,1,1,1,14,108,40,67,22,35,16,17,0.0,9.081,1,11,6.021,6.785
664,0,1,0,0,1,1,12,122,38,71,22,31,16,16,1.309,9.822,1,2,5.624,6.685
665,0,0,1,1,1,1,8,79,32,73,24,32,16,17,2.397,9.363,2,9,6.263,7.09
666,0,0,0,1,1,1,12,105,30,68,17,29,12,12,0.0,7.933,1,10,5.165,6.498
667,0,0,0,1,0,1,8,110,42,66,23,37,12,12,0.0,6.21,1,12,5.549,6.908
668,0,0,0,0,1,1,14,92,32,71,20,29,12,12,2.387,7.829,1,4,5.73,6.774
669,0,0,1,1,0,0,12,131,32,73,25,33,16,16,3.395,10.302,5,2,5.953,7.092
670,0,0,0,1,0,0,12,104,32,71,20,29,12,12,1.131,10.008,1,2,5.257,6.502
671,0,0,1,1,0,0,12,110,39,70,27,37,16,16,4.682,14.617,1,11,6.028,6.828
672,1,1,0,1,1,1,10,99,20,69,17,28,12,12,0.692,10.277,1,10,5.481,6.669
673,1,1,0,1,0,0,4,72,34,66,20,34,9,9,4.083,17.283,1,5,4.828,6.438
674,1,1,0,0,0,0,6,86,35,67,19,32,12,12,0.462,12.75,1,9,4.913,6.522
675,1,1,1,1,0,0,12,68,38,66,21,35,11,12,0.0,10.874,5,19,5.46,6.541
676,1,0,1,1,0,0,12,116,42,71,29,38,16,17,0.495,7.673,2,2,6.254,7.744
677,1,1,0,1,0,0,10,96,45,70,22,32,13,14,0.0,9.709,1,4,5.298,7.087
678,1,1,0,1,1,1,12,100,32,68,17,29,9,12,0.0,8.026,1,8,5.075,6.581
679,1,1,1,1,1,1,12,101,38,66,18,32,12,13,0.0,13.38,1,2,5.781,7.313
680,1,1,1,1,1,1,12,117,39,73,22,30,16,16,1.275,6.969,0,9,6.444,7.088
681,1,1,0,1,1,1,16,93,38,67,19,32,12,12,0.0,4.188,2,2,4.828,5.966
682,1,1,0,1,1,1,9,116,37,69,17,28,12,12,1.0,12.0,2,11,5.176,6.79
683,1,1,1,1,1,1,12,106,42,66,22,36,12,12,5.083,19.02,6,20,5.142,6.981
684,1,1,1,1,1,1,14,98,45,66,22,36,12,12,2.583,16.769,1,12,5.624,7.027
685,1,1,1,1,1,0,12,103,36,66,23,37,12,15,0.0,1.0,1,1,5.438,6.62
686,1,1,0,1,0,0,10,100,22,70,21,31,13,13,0.0,5.316,1,1,5.352,6.263
687,1,1,1,1,0,0,10,96,39,69,18,29,12,12,1.13,10.694,1,4,5.521,7.007
688,1,1,0,1,1,0,10,96,27,69,18,29,12,12,0.878,9.74,1,1,6.031,6.685
689,1,1,0,1,0,0,13,104,42,66,17,31,12,13,0.0,7.635,1,7,4.796,7.233
690,1,1,0,0,0,0,14,106,34,73,28,36,17,17,3.001,8.145,1,0,5.347,6.052
691,1,1,0,1,0,0,12,106,44,67,23,36,16,16,0.417,13.38,1,10,5.778,7.033
692,1,1,0,0,1,1,9,94,24,71,26,35,12,12,7.786,17.833,6,15,5.501,6.524
693,1,1,1,1,0,0,10,81,29,66,21,35,10,11,4.333,15.502,1,5,5.858,6.856
694,1,1,1,1,0,0,5,87,15,66,22,36,9,10,6.462,20.189,4,7,4.718,6.397
695,1,1,0,1,0,0,6,75,27,68,18,30,12,12,1.0,11.951,1,9,5.247,6.83
696,1,1,0,1,0,0,5,95,34,66,17,31,12,12,0.333,14.482,1,13,5.011,6.31
697,1,1,0,1,0,0,3,86,19,69,19,30,11,11,1.0,12.786,4,11,4.868,6.407
698,1,1,0,1,0,0,3,86,17,68,18,30,10,10,0.308,6.996,1,1,5.136,6.052
699,1,1,0,1,0,1,8,104,41,69,20,31,12,14,0.0,3.713,1,1,5.22,5.829
700,1,1,0,1,0,1,7,95,21,66,20,34,12,12,2.601,16.394,3,9,4.905,6.54
701,1,1,0,1,0,0,8,116,37,69,18,29,12,12,0.615,11.232,1,9,5.416,6.354
702,1,1,1,1,0,0,8,66,20,68,21,33,9,9,4.333,14.821,1,10,5.704,6.347
703,1,1,1,1,1,1,0,101,38,70,22,32,16,16,1.475,10.714,1,9,5.684,6.706
704,1,1,0,1,0,0,12,96,23,68,17,29,12,12,0.0,11.388,0,5,4.89,6.895
705,1,1,1,1,0,1,9,104,41,66,21,35,12,12,2.378,16.36,4,18,5.247,6.424
706,1,0,1,1,0,1,14,105,34,69,24,35,16,16,1.013,11.888,1,1,5.663,6.933
707,1,0,0,1,1,1,8,106,34,69,18,29,12,12,0.0,3.837,1,3,5.58,6.695
708,1,1,1,1,0,1,15,101,34,73,22,30,17,17,1.597,7.861,2,0,6.252,6.694
709,1,1,1,1,1,1,12,96,42,66,22,36,12,12,0.916,12.85,1,5,5.416,6.67
710,1,0,0,1,0,1,12,105,34,66,19,33,12,12,0.0,6.308,2,2,5.081,6.745
711,1,1,1,1,1,1,3,106,40,70,28,38,12,12,0.527,10.323,9,19,6.131,6.802
712,1,1,1,1,1,1,8,102,44,66,22,36,12,12,5.417,19.377,6,20,5.313,7.257
713,1,1,1,1,0,0,12,90,46,66,24,38,11,13,0.0,3.758,1,1,5.193,6.332
714,1,1,0,1,0,0,12,104,30,69,17,28,12,12,0.403,10.952,1,5,5.38,6.332
715,1,1,1,1,0,0,12,118,37,69,21,32,16,16,0.462,11.391,1,12,5.953,6.917
716,1,1,1,1,0,1,9,108,40,66,22,36,12,12,2.725,16.732,3,17,5.298,7.274
717,1,1,0,1,0,0,12,104,37,66,18,32,12,12,0.378,14.377,1,15,5.485,6.843
718,1,1,1,1,0,0,10,92,40,71,27,36,9,10,8.088,18.221,1,10,5.541,6.436
719,1,1,0,1,0,0,4,87,26,71,21,30,12,13,0.928,9.404,1,3,5.517,6.464
720,1,1,0,0,0,0,12,96,38,73,20,28,15,15,0.0,6.324,3,10,5.236,5.991
721,1,1,1,1,0,0,12,80,34,66,24,38,10,10,1.322,15.339,4,14,5.075,6.802
722,1,1,1,1,0,0,12,104,40,73,25,33,16,16,1.511,8.372,2,10,6.071,6.24
723,1,1,1,1,0,0,9,104,35,73,27,35,18,18,0.0,7.005,2,10,6.358,6.796
724,1,1,1,1,1,1,12,96,24,73,24,32,18,18,0.5,7.329,0,5,5.442,7.156
725,1,1,0,0,0,0,12,89,24,73,22,30,12,12,3.206,10.134,2,9,5.416,6.184
726,1,1,1,1,0,0,10,113,39,69,18,29,12,12,1.462,10.905,2,5,4.86,5.784
727,1,1,0,1,0,0,7,105,29,66,19,33,12,12,1.833,15.707,2,5,5.011,6.645
728,1,1,0,0,0,1,7,84,39,69,20,31,12,14,0.0,5.505,1,8,5.521,6.426
729,1,1,1,1,1,1,7,108,36,66,21,35,12,12,2.434,16.366,3,17,5.231,6.947
730,1,1,1,1,1,1,8,104,32,66,20,34,12,12,1.462,15.33,2,4,5.136,6.621
731,1,1,0,1,0,0,7,106,28,67,17,30,12,12,1.0,14.728,1,11,4.828,5.94
732,1,1,1,1,1,1,12,70,34,66,24,38,10,10,7.545,20.567,8,7,5.298,6.624
733,1,1,1,1,1,1,11,104,39,70,24,34,16,16,0.475,10.229,1,11,5.846,6.971
734,1,0,0,1,1,1,14,91,42,68,18,30,12,12,0.0,13.217,1,1,5.112,6.975
735,1,1,1,1,1,1,14,112,42,73,26,34,18,18,0.395,7.312,1,8,6.254,7.361
736,1,1,0,1,0,0,12,97,27,68,18,30,10,10,0.865,13.75,1,9,5.247,6.477
737,1,1,0,1,0,0,10,99,40,66,18,32,12,12,1.333,14.616,1,7,5.298,6.551
738,1,1,0,1,0,0,6,86,28,66,17,31,9,10,0.333,14.637,1,12,5.165,6.253
739,1,1,0,1,0,0,12,90,36,66,18,32,12,12,2.289,16.255,2,16,5.416,6.792
740,0,0,1,1,1,1,12,101,43,69,19,30,12,12,0.0,10.904,1,12,5.694,6.346
741,1,1,1,1,0,1,11,109,33,73,21,29,15,15,0.0,10.571,0,1,5.73,7.275
742,1,1,1,1,0,0,12,107,40,66,24,38,12,12,6.333,21.054,1,12,5.153,6.215
743,1,1,1,1,0,0,12,110,48,66,22,36,16,16,0.926,14.967,1,15,5.298,7.295
744,1,1,1,1,1,1,10,120,35,73,20,28,13,13,0.0,4.099,0,1,6.731,6.688
745,1,1,0,1,1,1,12,97,34,73,22,30,16,16,0.786,6.849,0,2,5.82,6.869
746,1,1,1,1,1,1,11,103,37,73,21,29,12,12,1.906,8.799,0,5,5.881,6.908
747,1,1,1,1,1,1,12,114,36,73,22,30,16,16,0.336,4.778,0,4,5.927,6.397
748,1,1,0,1,1,0,8,95,31,68,18,30,11,11,0.0,12.407,1,2,5.176,6.109
749,1,1,0,1,0,1,12,97,28,73,24,32,16,17,0.5,7.494,2,2,6.512,7.354
750,1,1,0,1,0,0,13,97,34,73,20,28,14,14,1.908,5.809,0,3,5.442,5.878
751,1,1,1,1,1,1,10,83,25,67,19,32,13,13,1.0,14.419,1,13,4.942,6.867
752,1,1,1,1,0,0,12,104,46,73,24,32,16,16,0.0,5.067,1,2,5.529,6.339
753,1,1,1,1,0,0,12,82,27,73,24,32,12,12,2.817,8.733,0,2,5.687,6.175
754,1,1,1,1,1,1,8,113,45,71,26,35,16,16,0.0,8.205,1,10,6.023,7.274
755,1,1,1,1,0,0,7,93,39,67,22,35,12,12,0.692,10.737,1,3,5.176,6.469
756,1,1,1,1,0,0,12,101,38,73,25,33,12,12,4.828,10.589,0,5,5.784,6.467
757,1,1,1,1,0,0,7,100,33,73,23,31,12,12,2.489,9.004,2,3,5.628,6.168
758,1,1,1,1,1,1,8,102,32,68,19,31,12,13,0.277,9.834,1,3,5.075,7.092
