,country,year,gdp,unem,capmob,trade
1,12,1966,5.1111407,3.8,0,9.622906
2,12,1967,2.2772829,3.8,0,9.983546
3,12,1968,4.7,3.6,0,10.08912
4,12,1969,2.8,3.5,0,10.43593
5,12,1970,-0.2,4.9,0,10.49535
6,12,1971,3.1,5.9,0,11.27827
7,12,1972,5.4,5.6,0,11.21771
8,12,1973,5.7,4.9,0,11.76705
9,12,1974,-0.9,5.6,0,13.77255
10,12,1975,-0.8,8.5,0,17.42326
11,12,1976,4.7,7.7,0,16.52211
12,12,1977,5.5,7.1,0,17.23492
13,12,1978,4.7,6.1,0,17.54099
14,12,1979,2.6,5.8,0,18.17591
15,12,1980,-0.4,7.1,0,19.73285
16,12,1981,3.4,7.5,0,21.51057
17,12,1982,-3.0,9.5,0,20.53895
18,12,1983,2.9,9.5,0,18.56972
19,12,1984,7.2,7.5,0,17.81588
20,12,1985,3.8,7.1,0,18.02899
21,12,1986,2.8,7.0,0,17.20371
22,12,1987,3.7,6.2,0,17.23095
23,12,1988,4.6,5.5,0,18.29418
24,12,1989,2.8,5.2700837,0,19.413526
25,12,1990,0.9,5.4145596,0,20.638364
26,2,1966,6.8021676,3.6,0,38.45467
27,2,1967,2.9236458,4.1,0,40.16167
28,2,1968,5.6,4.8,0,41.06574
29,2,1969,5.2,4.7,0,42.76849
30,2,1970,2.6,5.9,0,44.16533
31,2,1971,7.0,6.4,0,43.8499
32,2,1972,5.8,6.3,0,42.67813
33,2,1973,7.5,5.6,0,43.88472
34,2,1974,3.5,5.4,0,46.41543
35,2,1975,1.1,6.9,0,50.49331
36,2,1976,6.1,7.1,0,48.16162
37,2,1977,2.2,8.1,0,46.12166
38,2,1978,3.9,8.4,0,48.00311
39,2,1979,3.4,7.5,0,51.22656
40,2,1980,1.0,7.5,0,54.93203
41,2,1981,4.0,7.6,0,55.77161
42,2,1982,-4.3,11.0,0,54.325
43,2,1983,2.8,11.9,0,48.58355
44,2,1984,5.4,11.3,0,48.40208
45,2,1985,4.7,10.5,0,53.52345
46,2,1986,3.1,9.6,0,54.3082
47,2,1987,4.5,8.9,0,53.4611
48,2,1988,5.0,7.8,0,52.15683
49,2,1989,2.4,7.4952143,0,52.077395
50,2,1990,0.4,8.059593,0,49.932476
51,11,1966,1.8770983,1.5,-1,37.9319
52,11,1967,2.2550651,2.3,-1,37.83032
53,11,1968,4.1,2.5,-1,37.76296
54,11,1969,1.5,2.4,-2,41.92546
55,11,1970,2.2,2.6,-2,42.79789
56,11,1971,2.7,3.5,-1,44.08434
57,11,1972,2.3,3.8,-1,43.51069
58,11,1973,7.6,2.7,-1,42.86721
59,11,1974,-1.0,2.6,-1,48.8228
60,11,1975,-0.7,4.0,-1,59.62837
61,11,1976,3.8,5.5,-1,52.51037
62,11,1977,1.0,5.8,-1,56.87488
63,11,1978,3.6,5.7,-1,59.06499
64,11,1979,2.2,5.3,-1,55.53134
65,11,1980,-2.3,7.0,0,55.78893
66,11,1981,-1.4,10.5,0,52.5135
67,11,1982,1.5,11.2,0,50.54586
68,11,1983,3.4,11.7,0,51.03159
69,11,1984,1.8,11.7,0,52.77322
70,11,1985,3.7,11.2,0,58.07664
71,11,1986,3.5,11.2,0,57.58285
72,11,1987,4.7,10.2,0,53.52335
73,11,1988,4.1,8.3,0,52.65015
74,11,1989,2.3,6.1140732,0,50.248182
75,11,1990,0.8,5.4717446,0,52.35597
76,8,1966,1.8770983,1.0,-2,87.05895
77,8,1967,2.2550651,2.0,-2,85.44972
78,8,1968,2.3,1.9,-3,82.56051
79,8,1969,6.4,1.4,-2,82.63106
80,8,1970,6.7,1.1,-2,86.03879
81,8,1971,4.2,1.6,-2,91.87628
82,8,1972,3.3,2.8,-1,91.26911
83,8,1973,4.7,2.8,-1,87.19008
84,8,1974,4.0,3.5,-1,91.15795
85,8,1975,-0.1,5.3,-1,104.9757
86,8,1976,5.1,5.6,-1,96.28062
87,8,1977,2.3,5.5,-1,98.3404
88,8,1978,2.5,5.5,0,93.89299
89,8,1979,2.4,5.6,0,89.75119
90,8,1980,0.9,6.0,0,98.66754
91,8,1981,-0.7,8.9,0,105.5502
92,8,1982,-1.4,10.3,0,112.4727
93,8,1983,0.9,12.3,0,111.3337
94,8,1984,1.7,12.3,0,112.8105
95,8,1985,2.6,10.2,0,119.0031
96,8,1986,2.0,10.0,0,122.6721
97,8,1987,1.1,10.0,0,104.1273
98,8,1988,2.7,10.1,0,102.312
99,8,1989,4.0,8.31223,0,105.057288
100,8,1990,3.9,7.5087311,0,111.762226
101,1,1966,3.1622589,2.7,-2,73.61844
102,1,1967,3.8753976,3.7,-2,74.54204
103,1,1968,4.2,4.5,-2,73.58559
104,1,1969,6.6,3.6,-1,78.44779
105,1,1970,6.4,2.9,-1,84.37925
106,1,1971,3.7,2.9,-1,86.75947
107,1,1972,5.3,3.4,0,86.10609
108,1,1973,5.9,3.6,0,85.15666
109,1,1974,4.1,4.0,0,94.41487
110,1,1975,-1.5,6.7,0,108.1774
111,1,1976,5.3,6.8,0,93.60921
112,1,1977,0.4,7.8,0,98.26746
113,1,1978,3.0,8.4,0,107.1681
114,1,1979,2.1,8.7,0,104.3904
115,1,1980,4.0,9.4,0,115.2146
116,1,1981,-1.5,10.0,0,121.3896
117,1,1982,1.5,11.7,0,130.5714
118,1,1983,-0.1,12.9,0,138.4857
119,1,1984,1.4,13.0,0,137.1896
120,1,1985,0.9,12.0,0,146.0202
121,1,1986,1.6,11.3,0,141.2755
122,1,1987,1.9,11.1,0,127.2102
123,1,1988,4.3,10.0,0,126.9076
124,1,1989,3.6,9.2664093,0,133.281122
125,1,1990,3.8,8.7341469,0,142.686084
126,5,1966,5.2141824,0.7,0,24.30256
127,5,1967,4.6882107,0.9,0,25.00878
128,5,1968,4.3,1.2,0,24.85014
129,5,1969,7.0,1.0,-1,25.40206
130,5,1970,5.7,1.2,-1,27.82975
131,5,1971,5.4,1.6,-1,31.51196
132,5,1972,5.9,2.0,-1,32.18585
133,5,1973,5.4,2.6,-1,32.61595
134,5,1974,3.2,2.8,-1,34.76036
135,5,1975,0.2,4.1,-1,43.20575
136,5,1976,5.2,4.4,-1,37.32651
137,5,1977,3.1,4.7,-1,40.42973
138,5,1978,3.8,5.2,-1,41.56883
139,5,1979,3.3,5.9,-1,40.2554
140,5,1980,1.1,6.3,-1,42.54165
141,5,1981,0.5,7.3,-1,44.89193
142,5,1982,1.8,8.1,-1,46.89539
143,5,1983,0.7,8.3,-1,46.22432
144,5,1984,1.3,9.9,-1,45.69321
145,5,1985,1.9,10.2,-1,47.64652
146,5,1986,2.3,10.4,-1,47.21023
147,5,1987,1.9,10.5,-1,41.62719
148,5,1988,3.5,9.9,-1,41.46514
149,5,1989,3.6,9.3791118,-1,42.861233
150,5,1990,2.6,8.9709547,-1,49.667118
151,13,1966,2.9414163,0.7,0,37.89446
152,13,1967,-0.1188883,2.1,0,38.81367
153,13,1968,6.3,1.5,0,39.50642
154,13,1969,7.8,0.9,0,41.40414
155,13,1970,6.0,0.7,0,43.06893
156,13,1971,2.9,0.8,0,43.21042
157,13,1972,4.2,1.1,0,43.2477
158,13,1973,4.7,1.2,0,42.76834
159,13,1974,0.3,2.6,0,44.19636
160,13,1975,-1.6,4.7,0,52.19484
161,13,1976,5.4,4.6,0,49.9167
162,13,1977,3.0,4.5,0,52.59491
163,13,1978,2.9,4.3,0,52.03534
164,13,1979,4.2,3.8,0,50.73377
165,13,1980,1.4,3.8,0,53.40189
166,13,1981,0.2,5.5,0,57.20418
167,13,1982,-0.6,7.5,0,61.45247
168,13,1983,1.2,9.1,0,62.33753
169,13,1984,2.6,9.1,0,60.67839
170,13,1985,2.0,9.3,0,64.16871
171,13,1986,2.3,9.0,0,66.31547
172,13,1987,1.8,8.9,0,59.98089
173,13,1988,3.7,8.7,0,58.09554
174,13,1989,3.2,6.843749,0,59.254416
175,13,1990,4.7,6.2089887,0,64.47238
176,0,1966,5.6429989,1.7,-2,50.82818
177,0,1967,3.0076867,1.8,-2,51.53986
178,0,1968,4.5,2.0,-2,50.87713
179,0,1969,6.3,1.8,-2,51.62636
180,0,1970,7.1,1.4,-2,55.52404
181,0,1971,5.1,1.2,-2,61.16313
182,0,1972,6.2,1.0,-2,60.62628
183,0,1973,4.9,1.0,-3,60.49547
184,0,1974,3.9,1.1,-1,60.68523
185,0,1975,-0.4,1.7,-1,66.36381
186,0,1976,4.6,1.7,-1,63.06676
187,0,1977,4.4,1.5,-1,66.72645
188,0,1978,0.5,1.8,-1,67.23354
189,0,1979,4.7,1.7,-1,66.62471
190,0,1980,3.0,1.6,-1,71.77694
191,0,1981,-0.1,2.1,-1,75.59992
192,0,1982,1.2,3.1,-1,77.91716
193,0,1983,2.1,3.8,-1,74.13298
194,0,1984,2.0,3.8,-1,73.28623
195,0,1985,2.5,3.6,-1,77.68645
196,0,1986,1.1,3.1,-1,80.93437
197,0,1987,1.9,3.8,-1,72.72447
198,0,1988,4.2,3.6,-1,70.36277
199,0,1989,3.7,3.1304348,-1,74.421892
200,0,1990,4.9,3.2331254,-1,79.472929
201,6,1966,5.9849301,5.9,-1,26.93998
202,6,1967,7.1776258,5.4,-1,28.23712
203,6,1968,6.5,5.7,-1,28.7611
204,6,1969,6.1,5.7,-1,29.41873
205,6,1970,5.3,5.4,-1,31.44462
206,6,1971,1.6,5.4,-1,32.473
207,6,1972,3.2,6.4,-1,32.66676
208,6,1973,7.0,6.4,-1,34.19679
209,6,1974,4.1,5.4,-1,37.14928
210,6,1975,-3.6,5.9,-2,46.89348
211,6,1976,5.9,6.7,-1,43.18141
212,6,1977,1.9,7.2,-2,48.34128
213,6,1978,2.7,7.2,-1,48.47882
214,6,1979,4.9,7.7,-1,47.99013
215,6,1980,3.9,7.6,-1,51.30311
216,6,1981,0.2,8.4,-1,50.45122
217,6,1982,-0.5,9.1,-2,46.008
218,6,1983,-0.2,9.9,-1,44.53123
219,6,1984,2.8,10.1,0,41.13525
220,6,1985,2.6,10.1,0,43.64893
221,6,1986,2.5,11.1,0,43.84961
222,6,1987,3.0,12.0,-1,37.01633
223,6,1988,3.9,12.0,-1,36.8253
224,6,1989,3.0,11.8115106,-1,38.838481
225,6,1990,2.0,10.7891162,-1,38.649988
226,4,1966,2.3721416,1.5,-3,42.16415
227,4,1967,2.1688613,2.9,-3,41.39525
228,4,1968,2.5,3.8,-2,40.35631
229,4,1969,9.6,2.8,-2,43.75069
230,4,1970,7.9,1.9,-2,47.38203
231,4,1971,2.1,2.2,-2,52.59821
232,4,1972,7.6,2.5,-2,50.48052
233,4,1973,6.7,2.3,-3,50.74626
234,4,1974,3.0,1.7,-3,51.49655
235,4,1975,1.2,2.2,-3,58.73077
236,4,1976,0.3,3.8,-4,53.37948
237,4,1977,0.2,5.8,-3,52.09085
238,4,1978,2.6,7.2,-3,55.15342
239,4,1979,7.4,5.9,-3,55.9532
240,4,1980,5.6,4.6,-3,61.35039
241,4,1981,1.8,5.1,-3,66.6819
242,4,1982,3.0,5.4,-3,65.71604
243,4,1983,2.9,5.4,-3,61.49152
244,4,1984,3.0,5.2,-3,60.64693
245,4,1985,3.3,5.0,-2,58.25233
246,4,1986,2.1,5.4,-2,57.31776
247,4,1987,4.0,5.1,-3,51.93765
248,4,1988,5.2,4.6,-3,50.27617
249,4,1989,5.4,3.4456059,-3,49.786669
250,4,1990,0.4,3.5541195,-3,48.981816
251,10,1966,2.0909698,1.4,-2,44.78557
252,10,1967,3.3656264,1.7,-2,43.72852
253,10,1968,3.6,2.0,-2,42.46237
254,10,1969,5.0,1.7,-2,43.51757
255,10,1970,6.5,1.4,-2,46.27839
256,10,1971,0.9,2.0,-2,48.77312
257,10,1972,2.3,2.0,-2,47.52033
258,10,1973,4.0,1.9,-2,46.86441
259,10,1974,3.2,1.5,-1,52.04547
260,10,1975,2.6,1.4,-1,65.1786
261,10,1976,1.1,1.2,-1,56.49882
262,10,1977,-1.6,1.2,-1,56.97875
263,10,1978,1.8,1.6,-1,56.4408
264,10,1979,3.8,1.5,-1,55.41762
265,10,1980,1.7,1.4,-1,61.8139
266,10,1981,-0.3,2.5,-1,61.51982
267,10,1982,0.8,3.1,-1,60.16333
268,10,1983,2.4,3.5,-1,64.76091
269,10,1984,3.4,3.1,-1,68.5121
270,10,1985,2.2,2.8,-1,68.25501
271,10,1986,2.3,2.6,-1,68.22753
272,10,1987,2.9,1.9,-1,62.7877
273,10,1988,2.3,1.6,-1,61.83354
274,10,1989,2.4,0.6847802,-1,63.454899
275,10,1990,0.6,1.5075377,-1,63.819325
276,9,1966,3.7861464,0.8,-2,82.25382
277,9,1967,6.2568582,0.8,-2,83.08898
278,9,1968,2.3,1.1,-2,85.66164
279,9,1969,6.4,1.0,-2,84.23661
280,9,1970,6.7,0.8,-2,82.44259
281,9,1971,4.6,0.8,-2,84.91699
282,9,1972,5.2,1.7,-2,83.66345
283,9,1973,4.1,1.5,-2,80.62762
284,9,1974,5.2,1.5,-1,87.61421
285,9,1975,4.2,2.3,-1,95.4297
286,9,1976,6.8,1.8,-1,90.33502
287,9,1977,3.6,1.5,-1,91.72334
288,9,1978,4.5,1.7,-1,90.33905
289,9,1979,5.1,2.0,-1,82.75804
290,9,1980,4.2,1.7,-1,85.70865
291,9,1981,0.9,2.0,-1,88.46642
292,9,1982,0.3,2.6,-1,87.5138
293,9,1983,3.9,3.3,-1,85.11059
294,9,1984,3.8,3.1,-1,83.61769
295,9,1985,5.3,2.6,-1,85.50693
296,9,1986,4.2,2.0,-1,85.75997
297,9,1987,3.4,2.1,-1,79.00841
298,9,1988,1.1,3.2,-1,73.38462
299,9,1989,0.4,4.9187935,-1,73.863705
300,9,1990,1.8,5.2287582,-1,79.656174
301,3,1966,2.7412402,2.3,-3,62.28668
302,3,1967,3.4212094,2.7,-3,58.78237
303,3,1968,3.8,5.0,-2,56.86628
304,3,1969,6.5,3.9,-2,56.77313
305,3,1970,2.3,2.9,-2,57.00761
306,3,1971,2.7,3.7,-2,58.80617
307,3,1972,5.3,3.6,-2,57.03129
308,3,1973,3.6,2.4,-2,53.59322
309,3,1974,-0.9,5.2,-1,58.96134
310,3,1975,-0.7,6.0,-1,66.43667
311,3,1976,6.5,5.3,-1,61.09859
312,3,1977,1.6,6.4,-1,62.33729
313,3,1978,1.5,7.3,-1,61.26526
314,3,1979,3.5,6.1,-1,57.73387
315,3,1980,-0.4,6.9,-1,61.31303
316,3,1981,-0.9,10.3,-1,66.47386
317,3,1982,3.0,11.0,-1,72.36322
318,3,1983,2.1,11.4,-1,71.87047
319,3,1984,3.5,8.5,-1,70.32415
320,3,1985,4.3,7.3,-1,72.59833
321,3,1986,3.6,5.5,-1,72.94829
322,3,1987,-0.6,6.9,-1,64.36702
323,3,1988,-0.2,7.2,-1,61.44821
324,3,1989,0.8,8.1278222,0,62.473431
325,3,1990,1.7,8.3104396,0,61.443299
326,7,1966,10.6382757,0.9,-2,20.64122
327,7,1967,11.0823408,1.3,-2,20.5948
328,7,1968,12.8,1.2,-2,20.05519
329,7,1969,12.3,1.1,-2,20.08211
330,7,1970,9.8,1.2,-2,20.59826
331,7,1971,4.2,1.2,-1,21.5081
332,7,1972,8.4,1.4,-1,21.95309
333,7,1973,7.9,1.3,-1,20.1664
334,7,1974,-1.2,1.4,-1,21.53925
335,7,1975,2.6,1.9,-1,29.91749
336,7,1976,4.8,2.0,-1,27.42852
337,7,1977,5.3,2.0,-1,28.03661
338,7,1978,5.1,2.2,-1,26.11608
339,7,1979,5.2,2.1,-1,22.00218
340,7,1980,4.4,2.0,0,26.31612
341,7,1981,3.9,2.2,0,31.21532
342,7,1982,2.8,2.4,0,32.51882
343,7,1983,3.2,2.6,0,32.80608
344,7,1984,5.0,2.7,0,29.7358
345,7,1985,4.7,2.6,0,30.6541
346,7,1986,2.5,2.8,0,29.16159
347,7,1987,4.4,2.9,0,21.90987
348,7,1988,5.7,2.5,0,21.71235
349,7,1989,4.7,2.2647528,0,23.128797
350,7,1990,5.2,2.0989975,0,20.000304
