,Freq,sex,method,age,age.group,method2
1,4,1,7,10,0,7
2,0,1,0,10,0,1
3,0,1,8,10,0,1
4,247,1,3,10,0,3
5,1,1,1,10,0,0
6,17,1,2,10,0,2
7,1,1,5,10,0,5
8,6,1,4,10,0,4
9,0,1,6,10,0,6
10,348,1,7,15,0,7
11,7,1,0,15,0,1
12,67,1,8,15,0,1
13,578,1,3,15,0,3
14,22,1,1,15,0,0
15,179,1,2,15,0,2
16,11,1,5,15,0,5
17,74,1,4,15,0,4
18,175,1,6,15,0,6
19,808,1,7,20,0,7
20,32,1,0,20,0,1
21,229,1,8,20,0,1
22,699,1,3,20,0,3
23,44,1,1,20,0,0
24,316,1,2,20,0,2
25,35,1,5,20,0,5
26,109,1,4,20,0,4
27,289,1,6,20,0,6
28,789,1,7,25,1,7
29,26,1,0,25,1,1
30,243,1,8,25,1,1
31,648,1,3,25,1,3
32,52,1,1,25,1,0
33,268,1,2,25,1,2
34,38,1,5,25,1,5
35,109,1,4,25,1,4
36,226,1,6,25,1,6
37,916,1,7,30,1,7
38,17,1,0,30,1,1
39,257,1,8,30,1,1
40,825,1,3,30,1,3
41,74,1,1,30,1,0
42,291,1,2,30,1,2
43,52,1,5,30,1,5
44,123,1,4,30,1,4
45,281,1,6,30,1,6
46,1118,1,7,35,1,7
47,27,1,0,35,1,1
48,313,1,8,35,1,1
49,1278,1,3,35,1,3
50,87,1,1,35,1,0
51,293,1,2,35,1,2
52,49,1,5,35,1,5
53,134,1,4,35,1,4
54,268,1,6,35,1,6
55,926,1,7,40,2,7
56,13,1,0,40,2,1
57,250,1,8,40,2,1
58,1273,1,3,40,2,3
59,89,1,1,40,2,0
60,299,1,2,40,2,2
61,53,1,5,40,2,5
62,78,1,4,40,2,4
63,198,1,6,40,2,6
64,855,1,7,45,2,7
65,9,1,0,45,2,1
66,203,1,8,45,2,1
67,1381,1,3,45,2,3
68,71,1,1,45,2,0
69,347,1,2,45,2,2
70,68,1,5,45,2,5
71,103,1,4,45,2,4
72,190,1,6,45,2,6
73,684,1,7,50,2,7
74,14,1,0,50,2,1
75,136,1,8,50,2,1
76,1282,1,3,50,2,3
77,87,1,1,50,2,0
78,229,1,2,50,2,2
79,62,1,5,50,2,5
80,63,1,4,50,2,4
81,146,1,6,50,2,6
82,502,1,7,55,3,7
83,6,1,0,55,3,1
84,77,1,8,55,3,1
85,972,1,3,55,3,3
86,49,1,1,55,3,0
87,151,1,2,55,3,2
88,46,1,5,55,3,5
89,66,1,4,55,3,4
90,77,1,6,55,3,6
91,516,1,7,60,3,7
92,5,1,0,60,3,1
93,74,1,8,60,3,1
94,1249,1,3,60,3,3
95,83,1,1,60,3,0
96,162,1,2,60,3,2
97,52,1,5,60,3,5
98,92,1,4,60,3,4
99,122,1,6,60,3,6
100,513,1,7,65,3,7
101,8,1,0,65,3,1
102,31,1,8,65,3,1
103,1360,1,3,65,3,3
104,75,1,1,65,3,0
105,164,1,2,65,3,2
106,56,1,5,65,3,5
107,115,1,4,65,3,4
108,95,1,6,65,3,6
109,425,1,7,70,4,7
110,5,1,0,70,4,1
111,21,1,8,70,4,1
112,1268,1,3,70,4,3
113,90,1,1,70,4,0
114,121,1,2,70,4,2
115,44,1,5,70,4,5
116,119,1,4,70,4,4
117,82,1,6,70,4,6
118,266,1,7,75,4,7
119,4,1,0,75,4,1
120,9,1,8,75,4,1
121,866,1,3,75,4,3
122,63,1,1,75,4,0
123,78,1,2,75,4,2
124,30,1,5,75,4,5
125,79,1,4,75,4,4
126,34,1,6,75,4,6
127,159,1,7,80,4,7
128,2,1,0,80,4,1
129,2,1,8,80,4,1
130,479,1,3,80,4,3
131,39,1,1,80,4,0
132,18,1,2,80,4,2
133,18,1,5,80,4,5
134,46,1,4,80,4,4
135,19,1,6,80,4,6
136,70,1,7,85,4,7
137,1,1,0,85,4,1
138,0,1,8,85,4,1
139,259,1,3,85,4,3
140,16,1,1,85,4,0
141,10,1,2,85,4,2
142,9,1,5,85,4,5
143,18,1,4,85,4,4
144,10,1,6,85,4,6
145,18,1,7,90,4,7
146,0,1,0,90,4,1
147,1,1,8,90,4,1
148,76,1,3,90,4,3
149,4,1,1,90,4,0
150,2,1,2,90,4,2
151,4,1,5,90,4,5
152,6,1,4,90,4,4
153,2,1,6,90,4,6
154,28,0,7,10,0,7
155,0,0,0,10,0,1
156,3,0,8,10,0,1
157,20,0,3,10,0,3
158,0,0,1,10,0,0
159,1,0,2,10,0,2
160,0,0,5,10,0,5
161,10,0,4,10,0,4
162,6,0,6,10,0,6
163,353,0,7,15,0,7
164,2,0,0,15,0,1
165,11,0,8,15,0,1
166,81,0,3,15,0,3
167,6,0,1,15,0,0
168,15,0,2,15,0,2
169,2,0,5,15,0,5
170,43,0,4,15,0,4
171,47,0,6,15,0,6
172,540,0,7,20,0,7
173,4,0,0,20,0,1
174,20,0,8,20,0,1
175,111,0,3,20,0,3
176,24,0,1,20,0,0
177,9,0,2,20,0,2
178,9,0,5,20,0,5
179,78,0,4,20,0,4
180,47,0,6,20,0,6
181,454,0,7,25,1,7
182,6,0,0,25,1,1
183,27,0,8,25,1,1
184,125,0,3,25,1,3
185,33,0,1,25,1,0
186,26,0,2,25,1,2
187,7,0,5,25,1,5
188,86,0,4,25,1,4
189,75,0,6,25,1,6
190,530,0,7,30,1,7
191,2,0,0,30,1,1
192,29,0,8,30,1,1
193,178,0,3,30,1,3
194,42,0,1,30,1,0
195,14,0,2,30,1,2
196,20,0,5,30,1,5
197,92,0,4,30,1,4
198,78,0,6,30,1,6
199,688,0,7,35,1,7
200,5,0,0,35,1,1
201,44,0,8,35,1,1
202,272,0,3,35,1,3
203,64,0,1,35,1,0
204,24,0,2,35,1,2
205,14,0,5,35,1,5
206,98,0,4,35,1,4
207,110,0,6,35,1,6
208,566,0,7,40,2,7
209,4,0,0,40,2,1
210,24,0,8,40,2,1
211,343,0,3,40,2,3
212,76,0,1,40,2,0
213,18,0,2,40,2,2
214,22,0,5,40,2,5
215,103,0,4,40,2,4
216,86,0,6,40,2,6
217,716,0,7,45,2,7
218,6,0,0,45,2,1
219,24,0,8,45,2,1
220,447,0,3,45,2,3
221,94,0,1,45,2,0
222,13,0,2,45,2,2
223,21,0,5,45,2,5
224,95,0,4,45,2,4
225,88,0,6,45,2,6
226,942,0,7,50,2,7
227,7,0,0,50,2,1
228,26,0,8,50,2,1
229,691,0,3,50,2,3
230,184,0,1,50,2,0
231,21,0,2,50,2,2
232,37,0,5,50,2,5
233,129,0,4,50,2,4
234,131,0,6,50,2,6
235,723,0,7,55,3,7
236,3,0,0,55,3,1
237,14,0,8,55,3,1
238,527,0,3,55,3,3
239,163,0,1,55,3,0
240,14,0,2,55,3,2
241,30,0,5,55,3,5
242,92,0,4,55,3,4
243,92,0,6,55,3,6
244,820,0,7,60,3,7
245,8,0,0,60,3,1
246,8,0,8,60,3,1
247,702,0,3,60,3,3
248,245,0,1,60,3,0
249,11,0,2,60,3,2
250,35,0,5,60,3,5
251,140,0,4,60,3,4
252,114,0,6,60,3,6
253,740,0,7,65,3,7
254,8,0,0,65,3,1
255,4,0,8,65,3,1
256,785,0,3,65,3,3
257,271,0,1,65,3,0
258,4,0,2,65,3,2
259,38,0,5,65,3,5
260,156,0,4,65,3,4
261,90,0,6,65,3,6
262,624,0,7,70,4,7
263,6,0,0,70,4,1
264,4,0,8,70,4,1
265,610,0,3,70,4,3
266,244,0,1,70,4,0
267,1,0,2,70,4,2
268,27,0,5,70,4,5
269,129,0,4,70,4,4
270,46,0,6,70,4,6
271,495,0,7,75,4,7
272,8,0,0,75,4,1
273,1,0,8,75,4,1
274,420,0,3,75,4,3
275,161,0,1,75,4,0
276,2,0,2,75,4,2
277,29,0,5,75,4,5
278,129,0,4,75,4,4
279,35,0,6,75,4,6
280,292,0,7,80,4,7
281,3,0,0,80,4,1
282,2,0,8,80,4,1
283,223,0,3,80,4,3
284,78,0,1,80,4,0
285,0,0,2,80,4,2
286,10,0,5,80,4,5
287,84,0,4,80,4,4
288,23,0,6,80,4,6
289,113,0,7,85,4,7
290,4,0,0,85,4,1
291,0,0,8,85,4,1
292,83,0,3,85,4,3
293,14,0,1,85,4,0
294,0,0,2,85,4,2
295,6,0,5,85,4,5
296,34,0,4,85,4,4
297,2,0,6,85,4,6
298,24,0,7,90,4,7
299,1,0,0,90,4,1
300,0,0,8,90,4,1
301,19,0,3,90,4,3
302,4,0,1,90,4,0
303,0,0,2,90,4,2
304,2,0,5,90,4,5
305,7,0,4,90,4,4
306,0,0,6,90,4,6
