,waiting,duration
1,80,4.0166667
2,71,2.15
3,57,4.0
4,80,4.0
5,75,4.0
6,77,2.0
7,60,4.3833333
8,86,4.2833333
9,77,2.0333333
10,56,4.8333333
11,81,1.8333333
12,50,5.45
13,89,1.6166667
14,54,4.8666667
15,90,4.3833333
16,73,1.7666667
17,60,4.6666667
18,83,2.0
19,65,4.7333333
20,82,4.2166667
21,84,1.9
22,54,4.9666667
23,85,2.0
24,58,4.0
25,79,2.0
26,57,4.0
27,88,2.8333333
28,68,4.5
29,76,4.0666667
30,78,3.7166667
31,74,3.5166667
32,85,4.4666667
33,75,2.2166667
34,65,4.8833333
35,76,2.6
36,58,4.15
37,91,2.2
38,50,4.7666667
39,87,1.8333333
40,48,4.6
41,93,2.2666667
42,54,4.1333333
43,86,2.0
44,53,4.0
45,78,2.0
46,52,4.0
47,83,1.8833333
48,60,4.2666667
49,87,2.0833333
50,49,4.4666667
51,80,2.5
52,60,4.0
53,92,1.7666667
54,43,4.3333333
55,89,2.1833333
56,60,4.4833333
57,84,3.8833333
58,69,3.3333333
59,74,3.7333333
60,71,4.0
61,108,1.95
62,50,5.2666667
63,77,2.0
64,57,4.0
65,80,2.0
66,61,4.0
67,82,2.0
68,48,4.0
69,81,3.5333333
70,73,2.1666667
71,62,4.5
72,79,2.0166667
73,54,4.15
74,80,4.2
75,73,4.3333333
76,81,1.9333333
77,62,4.65
78,81,3.8166667
79,71,4.0333333
80,79,4.1666667
81,81,4.6666667
82,74,1.8166667
83,59,4.0
84,81,3.0
85,66,4.0
86,87,2.0
87,53,4.45
88,80,2.05
89,50,4.25
90,87,1.9166667
91,51,4.6666667
92,82,1.7333333
93,58,4.3833333
94,81,1.7666667
95,49,4.6
96,92,1.8666667
97,50,4.45
98,88,1.6333333
99,62,5.0333333
100,93,1.8166667
101,56,5.1
102,89,1.6333333
103,51,4.2833333
104,79,2.0
105,58,4.0
106,82,2.0
107,52,4.5333333
108,88,2.0
109,52,4.0
110,78,2.9333333
111,69,4.7333333
112,75,3.9
113,77,1.95
114,53,4.1166667
115,80,1.8
116,55,4.6666667
117,87,1.8333333
118,53,4.7
119,85,2.1166667
120,61,4.7833333
121,93,1.8166667
122,54,4.1
123,76,4.65
124,80,4.0
125,81,2.0
126,59,4.0
127,86,4.0
128,78,4.2166667
129,71,4.1333333
130,77,3.9333333
131,76,3.75
132,94,4.4166667
133,75,2.4666667
134,50,4.1666667
135,83,3.8
136,82,4.3166667
137,72,3.8666667
138,77,4.6833333
139,75,1.7
140,65,4.9666667
141,79,4.2666667
142,72,4.5833333
143,78,4.0
144,77,4.0
145,79,4.0
146,75,4.0
147,78,1.9833333
148,64,4.6
149,80,0.8333333
150,49,4.9166667
151,88,1.7333333
152,54,4.5833333
153,85,1.7
154,51,4.75
155,96,1.8333333
156,50,4.5
157,80,1.8666667
158,78,4.45
159,81,4.45
160,72,4.0
161,75,4.8
162,78,4.0
163,87,4.0
164,69,2.0
165,55,4.0
166,83,1.9333333
167,49,4.5833333
168,82,2.0
169,57,3.7
170,84,2.8666667
171,57,4.8333333
172,84,3.45
173,73,4.3833333
174,78,1.8
175,57,4.4
176,79,2.4833333
177,57,4.5166667
178,90,2.1
179,62,4.35
180,87,4.3666667
181,78,1.7833333
182,52,4.9166667
183,98,1.8166667
184,48,4.0
185,78,4.0
186,79,4.0
187,65,3.8666667
188,84,1.85
189,50,4.7
190,83,2.0166667
191,60,4.4666667
192,80,1.8666667
193,50,4.1666667
194,88,1.9
195,50,4.25
196,84,3.25
197,74,4.2166667
198,76,1.8833333
199,65,4.9833333
200,89,1.85
201,49,4.0
202,88,1.9666667
203,51,4.7666667
204,78,4.0
205,85,2.0
206,65,4.0
207,75,4.0
208,77,2.3833333
209,69,4.4166667
210,92,4.2166667
211,68,4.3666667
212,87,2.0
213,61,4.45
214,81,1.75
215,55,4.5
216,93,1.6166667
217,53,4.7
218,84,2.5666667
219,70,3.7
220,73,4.2333333
221,93,1.9333333
222,50,4.35
223,87,4.0
224,77,4.0
225,74,4.0
226,72,4.2166667
227,82,4.0
228,74,4.1333333
229,80,1.8833333
230,49,4.4666667
231,91,1.95
232,53,4.2166667
233,86,1.7166667
234,49,4.45
235,79,4.25
236,89,3.9666667
237,87,4.3833333
238,76,1.9666667
239,59,4.45
240,80,4.2666667
241,89,1.9166667
242,45,4.4166667
243,93,3.0
244,72,4.0
245,71,2.0
246,54,4.0
247,79,3.2833333
248,74,1.8333333
249,65,4.6166667
250,78,1.8333333
251,57,4.6166667
252,87,4.6
253,72,4.25
254,84,1.9333333
255,47,4.9833333
256,84,1.9666667
257,57,4.3
258,87,4.2
259,68,4.5333333
260,86,4.4
261,75,4.6166667
262,73,2.0
263,53,4.0
264,82,4.0
265,93,3.9166667
266,77,2.0
267,54,4.5
268,96,1.8
269,48,4.0
270,89,2.75
271,63,4.7333333
272,84,3.9666667
273,76,1.95
274,62,4.9666667
275,83,1.85
276,50,4.8
277,85,4.0
278,78,4.0
279,78,4.0
280,81,4.0
281,78,4.0
282,76,4.0
283,74,4.0
284,81,2.0
285,66,4.0
286,84,1.9333333
287,48,4.3333333
288,93,1.6666667
289,47,4.7666667
290,87,1.95
291,51,4.6833333
292,78,1.9333333
293,54,4.4166667
294,87,2.1333333
295,52,4.0833333
296,85,2.0666667
297,58,4.0
298,88,4.0
299,79,2.0
