,education,age,parity,induced,case,spontaneous,stratum,pooled.stratum
1,0,26,6,1,1,2,1,3
2,0,42,1,1,1,0,2,1
3,0,39,6,2,1,0,3,4
4,0,34,4,2,1,0,4,2
5,2,35,3,1,1,1,5,32
6,2,36,4,2,1,1,6,36
7,2,23,1,0,1,0,7,6
8,2,32,2,0,1,0,8,22
9,2,21,1,0,1,1,9,5
10,2,28,2,0,1,0,10,19
11,2,29,2,1,1,0,11,20
12,2,37,4,2,1,1,12,37
13,2,31,1,1,1,0,13,9
14,2,29,3,2,1,0,14,29
15,2,31,2,1,1,1,15,21
16,2,27,2,2,1,0,16,18
17,2,30,5,2,1,1,17,38
18,2,26,1,0,1,1,18,7
19,2,25,3,2,1,1,19,28
20,2,44,1,0,1,1,20,17
21,2,40,1,0,1,1,21,14
22,2,35,2,2,1,0,22,24
23,2,28,2,0,1,2,23,19
24,2,36,1,0,1,1,24,12
25,2,27,2,1,1,1,25,18
26,2,40,2,0,1,2,26,27
27,2,38,2,0,1,2,27,26
28,2,34,3,0,1,2,28,31
29,2,28,4,1,1,2,29,34
30,2,30,4,2,1,0,30,35
31,2,32,1,0,1,1,31,10
32,2,34,2,1,1,0,32,23
33,2,42,1,1,1,0,33,16
34,2,32,2,0,1,2,34,22
35,2,39,1,1,1,0,35,13
36,2,35,2,0,1,2,36,24
37,2,36,1,0,1,1,37,12
38,2,34,3,1,1,2,38,31
39,2,30,3,0,1,0,39,30
40,2,28,1,0,1,1,40,8
41,2,39,3,0,1,2,41,33
42,2,35,1,0,1,0,42,11
43,2,41,1,0,1,0,43,15
44,2,37,2,1,1,1,44,25
45,1,30,1,0,1,0,45,44
46,1,37,1,1,1,0,46,48
47,1,28,2,0,1,2,47,51
48,1,27,4,2,1,0,48,61
49,1,26,2,2,1,0,49,49
50,1,38,3,0,1,2,50,60
51,1,24,3,1,1,2,51,56
52,1,36,5,1,1,2,52,62
53,1,27,3,1,1,1,53,57
54,1,28,1,0,1,1,54,42
55,1,29,2,0,1,2,55,52
56,1,36,2,0,1,2,56,55
57,1,28,2,1,1,0,57,51
58,1,28,2,0,1,2,58,51
59,1,28,1,0,1,1,59,42
60,1,27,2,0,1,2,60,50
61,1,35,2,0,1,2,61,54
62,1,25,1,0,1,1,62,41
63,1,34,1,0,1,1,63,47
64,1,31,2,0,1,2,64,53
65,1,26,2,1,1,0,65,49
66,1,32,1,0,1,1,66,46
67,1,21,1,0,1,1,67,39
68,1,28,3,1,1,2,68,58
69,1,37,3,0,1,2,69,59
70,1,25,1,1,1,0,70,41
71,1,32,1,1,1,0,71,46
72,1,25,1,0,1,1,72,41
73,1,31,1,0,1,1,73,45
74,1,38,6,0,1,2,74,63
75,1,26,2,0,1,2,75,49
76,1,31,1,0,1,1,76,45
77,1,31,2,0,1,1,77,53
78,1,25,1,1,1,0,78,41
79,1,31,1,0,1,1,79,45
80,1,34,1,0,1,1,80,47
81,1,35,2,2,1,0,81,54
82,1,29,1,0,1,1,82,43
83,1,23,1,0,1,1,83,40
84,0,26,6,2,0,0,1,3
85,0,42,1,0,0,0,2,1
86,0,39,6,2,0,0,3,4
87,0,34,4,0,0,1,4,2
88,2,35,3,2,0,0,5,32
89,2,36,4,1,0,1,6,36
90,2,23,1,0,0,0,7,6
91,2,32,2,2,0,0,8,22
92,2,21,1,0,0,1,9,5
93,2,28,2,0,0,1,10,19
94,2,29,2,0,0,0,11,20
95,2,37,4,1,0,1,12,37
96,2,31,1,0,0,0,13,9
97,2,29,3,0,0,1,14,29
98,2,31,2,1,0,0,15,21
99,2,27,2,1,0,0,16,18
100,2,30,5,0,0,2,17,38
101,2,26,1,0,0,0,18,7
102,2,25,3,0,0,1,19,28
103,2,44,1,0,0,0,20,17
104,2,40,1,0,0,0,21,14
105,2,35,2,0,0,0,22,24
106,2,28,2,0,0,0,23,19
107,2,36,1,0,0,0,24,12
108,2,27,2,0,0,1,25,18
109,2,40,2,0,0,0,26,27
110,2,38,2,0,0,0,27,26
111,2,34,3,0,0,0,28,31
112,2,28,4,0,0,2,29,34
113,2,30,4,1,0,1,30,35
114,2,32,1,0,0,0,31,10
115,2,34,2,1,0,0,32,23
116,2,42,1,1,0,0,33,16
117,2,32,2,0,0,0,34,22
118,2,39,1,0,0,0,35,13
119,2,35,2,0,0,0,36,24
120,2,36,1,0,0,0,37,12
121,2,34,3,2,0,0,38,31
122,2,30,3,0,0,2,39,30
123,2,28,1,1,0,0,40,8
124,2,39,3,1,0,0,41,33
125,2,35,1,0,0,0,42,11
126,2,41,1,0,0,0,43,15
127,2,37,2,0,0,0,44,25
128,1,30,1,1,0,0,45,44
129,1,37,1,0,0,0,46,48
130,1,28,2,1,0,0,47,51
131,1,27,4,2,0,1,48,61
132,1,26,2,1,0,0,49,49
133,1,38,3,1,0,0,50,60
134,1,24,3,2,0,1,51,56
135,1,36,5,1,0,1,52,62
136,1,27,3,1,0,1,53,57
137,1,28,1,1,0,0,54,42
138,1,29,2,1,0,0,55,52
139,1,36,2,1,0,0,56,55
140,1,28,2,1,0,1,57,51
141,1,28,2,2,0,0,58,51
142,1,28,1,1,0,0,59,42
143,1,27,2,1,0,0,60,50
144,1,35,2,2,0,0,61,54
145,1,25,1,1,0,0,62,41
146,1,34,1,0,0,0,63,47
147,1,31,2,0,0,0,64,53
148,1,26,2,0,0,1,65,49
149,1,32,1,0,0,0,66,46
150,1,21,1,0,0,1,67,39
151,1,28,3,2,0,0,68,58
152,1,37,3,1,0,1,69,59
153,1,25,1,0,0,0,70,41
154,1,32,1,1,0,0,71,46
155,1,25,1,0,0,0,72,41
156,1,31,1,0,0,1,73,45
157,1,26,2,0,0,2,75,49
158,1,31,1,0,0,0,76,45
159,1,31,2,2,0,0,77,53
160,1,25,1,0,0,0,78,41
161,1,31,1,0,0,0,79,45
162,1,34,1,0,0,0,80,47
163,1,35,2,0,0,0,81,54
164,1,29,1,0,0,1,82,43
165,1,23,1,0,0,1,83,40
166,0,26,6,2,0,0,1,3
167,0,42,1,0,0,0,2,1
168,0,39,6,2,0,0,3,4
169,0,34,4,0,0,2,4,2
170,2,35,3,0,0,0,5,32
171,2,36,4,0,0,2,6,36
172,2,23,1,0,0,0,7,6
173,2,32,2,0,0,1,8,22
174,2,21,1,1,0,0,9,5
175,2,28,2,0,0,1,10,19
176,2,29,2,0,0,1,11,20
177,2,37,4,0,0,1,12,37
178,2,31,1,0,0,0,13,9
179,2,29,3,0,0,2,14,29
180,2,31,2,1,0,0,15,21
181,2,27,2,0,0,0,16,18
182,2,30,5,1,0,2,17,38
183,2,26,1,1,0,0,18,7
184,2,25,3,1,0,1,19,28
185,2,44,1,1,0,0,20,17
186,2,40,1,0,0,0,21,14
187,2,35,2,0,0,0,22,24
188,2,28,2,2,0,0,23,19
189,2,36,1,0,0,1,24,12
190,2,27,2,0,0,2,25,18
191,2,40,2,0,0,0,26,27
192,2,38,2,0,0,0,27,26
193,2,34,3,0,0,0,28,31
194,2,28,4,2,0,1,29,34
195,2,30,4,1,0,1,30,35
196,2,32,1,0,0,0,31,10
197,2,34,2,0,0,0,32,23
198,2,42,1,0,0,0,33,16
199,2,32,2,2,0,0,34,22
200,2,39,1,0,0,0,35,13
201,2,35,2,0,0,0,36,24
202,2,36,1,0,0,0,37,12
203,2,34,3,2,0,0,38,31
204,2,30,3,0,0,1,39,30
205,2,28,1,0,0,0,40,8
206,2,39,3,0,0,0,41,33
207,2,35,1,0,0,0,42,11
208,2,41,1,0,0,0,43,15
209,2,37,2,0,0,0,44,25
210,1,30,1,0,0,0,45,44
211,1,37,1,0,0,1,46,48
212,1,28,2,1,0,0,47,51
213,1,27,4,2,0,0,48,61
214,1,26,2,1,0,0,49,49
215,1,38,3,1,0,0,50,60
216,1,24,3,2,0,0,51,56
217,1,36,5,2,0,1,52,62
218,1,27,3,2,0,0,53,57
219,1,28,1,0,0,1,54,42
220,1,29,2,1,0,1,55,52
221,1,36,2,0,0,1,56,55
222,1,28,2,2,0,0,57,51
223,1,28,2,1,0,0,58,51
224,1,28,1,0,0,0,59,42
225,1,27,2,1,0,0,60,50
226,1,35,2,1,0,0,61,54
227,1,25,1,1,0,0,62,41
228,1,34,1,0,0,0,63,47
229,1,31,2,1,0,0,64,53
230,1,26,2,0,0,2,65,49
231,1,32,1,1,0,0,66,46
232,1,21,1,0,0,0,67,39
233,1,28,3,2,0,0,68,58
234,1,37,3,0,0,2,69,59
235,1,25,1,1,0,0,70,41
236,1,32,1,0,0,0,71,46
237,1,25,1,1,0,0,72,41
238,1,31,1,0,0,0,73,45
239,1,38,6,0,0,2,74,63
240,1,26,2,1,0,1,75,49
241,1,31,1,1,0,0,76,45
242,1,31,2,0,0,1,77,53
243,1,25,1,0,0,1,78,41
244,1,31,1,0,0,1,79,45
245,1,34,1,0,0,0,80,47
246,1,35,2,2,0,0,81,54
247,1,29,1,0,0,1,82,43
248,1,23,1,0,0,1,83,40
