,lower,upper,treat
1,0,5.0,1
2,0,7.0,1
3,0,8.0,1
4,4,11.0,1
5,5,11.0,1
6,5,12.0,1
7,6,10.0,1
8,7,14.0,1
9,7,16.0,1
10,11,15.0,1
11,11,18.0,1
12,17,25.0,1
13,17,25.0,1
14,18,26.0,1
15,19,35.0,1
16,25,37.0,1
17,26,40.0,1
18,27,34.0,1
19,36,44.0,1
20,36,48.0,1
21,37,44.0,1
22,0,5.0,2
23,0,22.0,2
24,4,8.0,2
25,4,9.0,2
26,5,8.0,2
27,8,12.0,2
28,8,21.0,2
29,10,17.0,2
30,10,35.0,2
31,11,13.0,2
32,11,17.0,2
33,11,20.0,2
34,12,20.0,2
35,13,39.0,2
36,14,17.0,2
37,14,19.0,2
38,15,22.0,2
39,16,20.0,2
40,16,24.0,2
41,16,24.0,2
42,16,60.0,2
43,17,23.0,2
44,17,26.0,2
45,17,27.0,2
46,18,24.0,2
47,18,25.0,2
48,19,32.0,2
49,22,32.0,2
50,24,30.0,2
51,24,31.0,2
52,30,34.0,2
53,30,36.0,2
54,33,40.0,2
55,34,34.0,2
56,35,39.0,2
57,44,48.0,2
58,48,48.0,2
59,15,8.0,1
60,17,8.0,1
61,18,8.0,1
62,22,8.0,1
63,24,8.0,1
64,24,8.0,1
65,32,8.0,1
66,33,8.0,1
67,34,8.0,1
68,36,8.0,1
69,36,8.0,1
70,37,8.0,1
71,37,8.0,1
72,37,8.0,1
73,38,8.0,1
74,40,8.0,1
75,45,8.0,1
76,46,8.0,1
77,46,8.0,1
78,46,8.0,1
79,46,8.0,1
80,46,8.0,1
81,46,8.0,1
82,46,8.0,1
83,46,8.0,1
84,11,8.0,2
85,11,8.0,2
86,13,8.0,2
87,13,8.0,2
88,13,8.0,2
89,21,8.0,2
90,23,8.0,2
91,31,8.0,2
92,32,8.0,2
93,34,8.0,2
94,34,8.0,2
95,35,8.0,2
