,occupation,focc,education,race
1,4,3,14,1
2,0,4,13,1
3,4,3,16,1
4,0,4,16,1
5,2,3,14,1
6,3,2,14,1
7,0,0,12,1
8,4,3,16,1
9,3,3,17,1
10,0,3,16,1
11,3,2,15,1
12,1,1,15,1
13,2,1,8,0
14,2,2,14,1
15,0,0,12,1
16,3,3,18,1
17,3,4,16,1
18,0,3,14,1
19,3,3,18,1
20,4,2,13,1
21,0,0,10,1
22,3,0,14,1
23,2,1,12,0
24,3,3,16,0
25,4,2,13,0
26,1,1,12,1
27,2,2,12,1
28,4,0,12,1
29,2,2,14,0
30,4,2,7,0
31,3,3,16,1
32,0,2,12,1
33,3,3,16,1
34,0,0,12,1
35,3,3,14,1
36,3,2,4,1
37,2,2,2,1
38,2,2,9,1
39,3,2,15,1
40,2,2,10,1
41,4,2,13,0
42,3,4,19,1
43,3,0,16,1
44,3,3,17,1
45,2,2,12,1
46,0,4,12,1
47,3,4,16,1
48,0,0,12,1
49,4,0,14,1
50,0,0,12,1
51,0,0,12,1
52,2,0,12,1
53,3,2,16,1
54,0,2,12,1
55,3,4,16,1
56,3,4,13,1
57,4,2,16,1
58,2,0,12,1
59,2,1,13,1
60,1,1,12,1
61,0,4,12,1
62,3,4,18,1
63,2,4,9,1
64,3,4,16,1
65,3,0,13,1
66,4,3,16,1
67,4,0,16,1
68,0,2,8,1
69,2,0,12,1
70,2,0,12,1
71,2,3,14,1
72,4,0,12,1
73,3,2,12,1
74,0,4,15,1
75,0,3,16,1
76,0,0,16,1
77,3,1,19,1
78,0,3,16,1
79,0,2,14,0
80,0,2,12,0
81,0,0,10,1
82,3,3,17,1
83,2,2,10,1
84,2,2,10,1
85,0,2,12,1
86,0,0,12,1
87,2,0,12,0
88,0,1,10,1
89,3,2,16,1
90,0,0,16,1
91,4,0,14,1
92,2,2,12,1
93,0,2,11,1
94,3,2,13,1
95,2,1,10,1
96,3,2,12,1
97,3,4,13,1
98,0,3,14,1
99,4,0,12,1
100,2,1,12,1
101,0,0,12,1
102,3,3,15,1
103,4,3,16,1
104,3,4,17,1
105,3,3,12,1
106,4,0,11,1
107,2,4,13,1
108,0,0,12,1
109,3,0,12,1
110,4,0,15,1
111,0,4,14,1
112,3,3,14,1
113,2,3,16,1
114,3,3,20,0
115,3,0,13,1
116,3,3,12,1
117,3,4,16,1
118,3,3,13,1
119,0,0,12,1
120,3,2,12,1
121,0,0,11,1
122,2,2,14,0
123,4,3,18,1
124,3,0,19,1
125,3,2,17,1
126,3,2,19,1
127,3,3,16,0
128,2,3,16,1
129,3,3,14,1
130,4,0,14,1
131,4,3,17,1
132,4,1,12,1
133,2,1,12,1
134,3,3,16,1
135,3,3,17,1
136,3,3,20,1
137,2,0,9,1
138,2,2,12,0
139,0,1,15,1
140,2,0,12,0
141,0,2,12,1
142,0,3,12,0
143,0,2,8,1
144,3,3,12,1
145,3,4,7,1
146,3,4,12,1
147,4,1,14,1
148,4,2,12,1
149,4,0,14,1
150,1,1,10,1
151,2,2,11,1
152,0,1,12,1
153,2,2,9,1
154,0,2,12,1
155,3,3,14,1
156,3,2,12,1
157,0,2,8,1
158,3,3,19,1
159,0,3,10,1
160,3,0,14,1
161,4,3,12,1
162,1,1,12,1
163,3,4,15,1
164,3,3,9,1
165,3,4,16,1
166,0,0,13,1
167,2,0,14,1
168,0,0,9,1
169,3,1,16,0
170,0,0,12,1
171,2,2,9,1
172,4,0,18,1
173,3,3,16,1
174,2,2,12,0
175,0,3,14,1
176,0,0,9,1
177,2,4,6,1
178,3,3,19,1
179,3,4,16,1
180,3,2,17,1
181,3,0,13,1
182,2,2,9,1
183,1,1,11,1
184,3,0,12,1
185,4,3,14,1
186,2,2,12,1
187,2,0,15,1
188,0,0,12,1
189,2,3,9,1
190,0,0,8,1
191,0,1,12,0
192,2,2,11,0
193,3,0,11,1
194,2,0,12,1
195,3,3,18,1
196,2,0,18,1
197,2,3,12,1
198,2,2,13,0
199,2,2,12,1
200,3,2,12,1
201,2,1,10,1
202,3,3,14,1
203,3,4,16,1
204,2,2,6,1
205,0,0,13,1
206,2,1,12,0
207,3,3,13,1
208,2,2,12,1
209,2,1,12,0
210,4,3,14,1
211,2,3,13,1
212,3,0,12,1
213,3,4,16,1
214,2,2,12,1
215,4,3,16,1
216,2,1,19,1
217,3,1,17,1
218,2,2,17,1
219,3,2,16,1
220,3,3,19,1
221,4,3,16,1
222,3,0,13,1
223,2,1,12,0
224,3,0,12,1
225,3,1,14,1
226,0,1,12,1
227,3,0,16,1
228,3,0,16,1
229,0,2,12,0
230,4,2,14,1
231,2,2,12,1
232,4,3,18,1
233,2,1,10,1
234,0,2,16,1
235,3,3,16,1
236,2,2,14,1
237,3,4,20,1
238,2,1,11,1
239,3,0,20,1
240,2,2,10,1
241,3,3,16,1
242,2,2,13,1
243,0,3,16,1
244,0,1,13,1
245,0,0,12,1
246,3,3,16,1
247,0,0,8,1
248,0,2,14,0
249,4,4,12,1
250,3,0,12,1
251,3,0,12,1
252,3,2,16,1
253,2,2,14,1
254,3,0,12,1
255,2,3,12,0
256,0,3,13,1
257,4,3,13,1
258,3,3,17,1
259,2,0,10,0
260,0,1,16,1
261,3,2,18,1
262,4,3,16,1
263,4,2,15,0
264,2,2,16,1
265,0,2,12,1
266,0,2,16,0
267,4,0,12,1
268,0,0,13,1
269,2,0,12,1
270,0,0,13,1
271,2,2,12,1
272,4,0,13,1
273,4,3,17,1
274,2,0,14,0
275,2,0,14,0
276,0,2,12,1
277,2,2,12,1
278,0,1,13,1
279,0,0,13,1
280,3,4,12,1
281,3,4,13,1
282,3,1,17,1
283,3,3,16,1
284,3,3,16,1
285,3,0,16,1
286,3,3,14,1
287,3,2,15,1
288,2,4,13,1
289,4,3,19,1
290,0,0,12,1
291,3,2,16,1
292,2,3,12,1
293,0,4,12,1
294,2,3,10,1
295,0,4,12,1
296,3,2,12,1
297,0,4,12,1
298,3,0,16,1
299,3,2,16,1
300,2,0,10,1
301,3,0,16,0
302,4,1,12,1
303,0,1,12,1
304,3,4,15,1
305,3,3,15,1
306,3,3,17,1
307,2,2,13,1
308,2,2,12,1
309,0,0,12,1
310,3,3,20,1
311,0,2,12,1
312,0,2,13,1
313,4,1,10,1
314,3,3,16,1
315,0,1,8,1
316,4,3,15,1
317,3,4,17,1
318,3,1,17,1
319,3,1,12,1
320,3,2,16,1
321,3,0,17,1
322,2,0,11,1
323,4,0,14,1
324,2,2,14,1
325,2,2,12,1
326,2,1,12,1
327,4,3,12,1
328,3,3,20,1
329,2,2,9,1
330,3,2,18,1
331,3,3,16,1
332,3,2,16,1
333,3,3,18,1
334,4,2,12,1
335,4,2,12,1
336,3,0,13,1
337,4,2,14,1
338,0,0,12,1
339,3,2,12,0
340,2,1,9,0
341,2,4,12,0
342,3,0,17,1
343,4,0,14,1
344,4,3,16,1
345,3,3,17,1
346,0,0,9,1
347,3,4,16,1
348,0,0,12,1
349,0,2,11,1
350,3,2,14,1
351,3,3,16,1
352,0,2,12,1
353,2,2,12,1
354,3,4,19,1
355,3,3,20,1
356,2,1,12,1
357,0,0,17,1
358,2,0,11,1
359,3,0,15,1
360,4,0,12,1
361,3,4,16,1
362,2,0,9,1
363,2,0,12,1
364,3,3,15,1
365,3,2,16,1
366,2,2,12,1
367,3,0,20,1
368,3,1,19,1
369,3,4,18,1
370,0,1,12,1
371,3,0,16,1
372,0,2,10,1
373,3,3,20,1
374,4,0,16,1
375,4,3,16,1
376,3,3,12,1
377,4,2,17,1
378,3,0,16,1
379,3,4,13,1
380,0,3,16,1
381,2,3,17,1
382,4,2,14,1
383,3,2,13,1
384,2,2,16,1
385,0,2,11,1
386,1,1,12,1
387,1,1,12,1
388,2,0,12,1
389,2,0,12,1
390,3,0,12,1
391,0,0,8,1
392,0,0,12,1
393,2,2,11,0
394,2,1,12,1
395,3,3,13,1
396,0,0,12,1
397,0,0,12,1
398,2,2,12,1
399,0,2,11,1
400,4,3,16,1
401,0,2,11,0
402,2,2,16,1
403,3,2,16,1
404,0,3,10,1
405,2,2,12,1
406,2,4,13,1
407,3,2,12,1
408,3,3,14,1
409,4,0,13,1
410,3,3,16,1
411,3,3,16,1
412,2,2,12,0
413,3,4,16,1
414,0,2,12,0
415,0,0,12,1
416,4,2,13,1
417,3,1,11,1
418,2,1,9,1
419,0,0,12,1
420,0,0,12,1
421,3,0,16,1
422,2,2,12,0
423,2,1,10,0
424,0,0,13,1
425,2,2,12,1
426,0,0,15,1
427,4,3,15,1
428,4,3,14,1
429,0,2,11,0
430,3,0,13,1
431,4,0,12,1
432,4,4,12,1
433,0,0,12,1
434,2,3,13,1
435,3,0,16,1
436,2,4,12,1
437,2,3,12,0
438,3,4,12,1
439,3,0,18,1
440,3,3,18,1
441,2,0,12,1
442,0,0,12,1
443,0,1,12,1
444,1,1,16,1
445,3,2,16,1
446,0,0,11,1
447,2,0,13,1
448,2,0,13,1
449,3,4,16,1
450,2,2,12,1
451,0,3,15,1
452,0,3,15,1
453,0,0,10,1
454,4,3,13,1
455,0,0,15,1
456,3,0,13,1
457,0,1,12,1
458,1,1,12,1
459,2,0,11,1
460,0,1,9,1
461,0,1,10,1
462,2,1,12,1
463,1,0,16,1
464,2,0,12,1
465,3,3,19,1
466,0,1,10,1
467,4,4,13,1
468,0,0,12,1
469,4,2,11,0
470,2,3,15,1
471,2,0,16,1
472,3,4,16,1
473,4,3,19,1
474,3,3,12,1
475,3,3,15,1
476,2,4,12,1
477,4,2,14,1
478,3,2,16,1
479,0,1,7,0
480,4,2,12,1
481,4,3,17,1
482,0,2,11,1
483,3,4,17,1
484,2,1,13,0
485,2,2,12,1
486,0,0,13,1
487,0,2,15,0
488,3,3,18,1
489,2,0,14,1
490,2,2,12,1
491,2,3,15,1
492,0,2,12,1
493,0,2,14,1
494,0,4,12,1
495,2,0,12,1
496,2,2,8,1
497,2,2,7,1
498,3,0,14,1
499,2,2,12,1
500,3,0,18,1
501,3,3,17,1
502,0,0,11,1
503,0,1,14,1
504,0,2,12,1
505,1,1,12,1
506,1,1,12,1
507,3,3,16,1
508,4,3,16,1
509,0,0,13,1
510,3,0,17,1
511,0,1,10,1
512,3,3,17,1
513,2,2,14,0
514,3,0,18,1
515,3,0,16,1
516,3,3,15,1
517,2,2,13,1
518,0,0,6,1
519,1,1,12,1
520,2,0,12,1
521,4,2,12,1
522,0,2,15,1
523,3,2,16,0
524,3,2,12,1
525,3,3,16,1
526,4,1,14,1
527,4,4,12,1
528,3,4,16,1
529,0,0,12,1
530,3,3,16,1
531,4,0,14,1
532,2,2,12,1
533,2,2,12,1
534,2,2,12,1
535,2,2,12,1
536,3,3,13,1
537,2,2,12,0
538,2,4,9,1
539,3,1,12,1
540,3,0,16,1
541,3,3,20,1
542,3,0,16,1
543,3,3,19,1
544,0,2,12,1
545,2,0,11,1
546,3,0,18,1
547,2,2,10,1
548,3,2,16,1
549,1,3,12,1
550,3,3,14,1
551,3,0,17,1
552,3,3,14,1
553,4,2,12,1
554,0,0,14,1
555,2,2,12,1
556,3,4,16,1
557,3,3,19,1
558,2,2,12,1
559,3,2,16,1
560,2,2,9,1
561,2,2,13,1
562,0,3,12,1
563,3,3,15,1
564,3,3,17,1
565,0,0,16,1
566,2,2,12,1
567,2,2,11,1
568,1,1,12,1
569,3,3,16,1
570,2,2,9,1
571,2,0,12,1
572,4,2,16,1
573,4,3,14,1
574,3,3,16,1
575,2,0,16,1
576,2,2,11,1
577,3,3,13,1
578,0,0,12,1
579,3,0,18,1
580,4,3,15,1
581,3,4,18,1
582,0,0,11,1
583,4,0,16,1
584,3,3,15,1
585,0,1,12,1
586,2,4,11,1
587,2,3,12,1
588,3,0,18,1
589,4,3,14,1
590,3,4,20,1
591,2,2,14,1
592,4,2,16,1
593,3,0,16,1
594,2,2,13,1
595,0,1,12,0
596,2,0,11,1
597,0,0,12,1
598,2,2,14,1
599,0,0,14,1
600,2,0,13,1
601,3,2,19,1
602,2,0,14,1
603,0,3,14,1
604,2,3,12,1
605,1,2,12,1
606,2,2,12,1
607,3,3,17,1
608,0,2,11,1
609,3,0,18,1
610,3,2,12,1
611,0,2,13,1
612,2,2,16,1
613,0,3,16,1
614,3,3,16,1
615,2,2,12,1
616,3,0,18,1
617,3,0,20,1
618,0,3,14,1
619,2,0,12,1
620,2,0,12,1
621,0,3,13,1
622,3,1,12,1
623,4,2,12,1
624,2,2,12,0
625,0,0,12,1
626,4,3,13,1
627,3,3,16,1
628,3,2,12,1
629,3,2,18,1
630,2,2,12,0
631,3,0,7,1
632,2,2,14,1
633,3,2,15,1
634,2,2,10,1
635,2,0,10,1
636,0,2,14,1
637,3,0,19,1
638,2,3,12,1
639,2,0,12,1
640,3,3,18,1
641,0,1,12,0
642,2,1,12,0
643,3,3,17,1
644,3,3,20,1
645,3,3,12,1
646,4,0,12,1
647,2,1,12,1
648,2,2,8,1
649,0,1,11,0
650,3,2,12,1
651,3,1,20,1
652,0,3,16,1
653,0,0,10,1
654,0,3,12,1
655,3,2,17,0
656,2,0,6,1
657,0,3,12,1
658,0,3,14,1
659,2,0,9,1
660,0,2,14,1
661,0,0,16,1
662,3,3,14,1
663,2,2,12,1
664,0,3,16,1
665,3,3,13,1
666,0,4,12,1
667,3,4,16,1
668,4,0,14,1
669,3,2,16,1
670,3,2,17,1
671,2,2,12,1
672,4,2,11,1
673,2,2,10,1
674,3,2,12,1
675,0,0,11,1
676,2,3,12,1
677,3,0,18,1
678,3,3,18,1
679,2,4,14,1
680,0,1,12,1
681,3,0,16,1
682,0,0,12,1
683,3,3,14,1
684,2,1,11,1
685,2,2,9,1
686,2,0,12,1
687,3,3,16,1
688,2,2,12,1
689,4,0,15,1
690,0,0,14,0
691,3,0,19,1
692,2,0,12,1
693,3,0,16,1
694,4,2,12,1
695,3,4,14,1
696,2,2,13,0
697,0,2,11,1
698,0,0,12,1
699,2,1,10,1
700,0,0,12,1
701,2,4,15,1
702,0,0,12,1
703,3,0,18,1
704,2,2,12,1
705,2,3,10,1
706,4,3,17,1
707,0,0,13,1
708,0,4,16,1
709,3,0,17,1
710,3,3,17,1
711,3,3,12,1
712,0,4,15,1
713,2,3,12,0
714,4,1,10,1
715,2,4,8,1
716,2,0,11,1
717,0,3,12,1
718,3,4,14,1
719,3,2,18,1
720,4,0,12,1
721,2,2,12,0
722,0,2,13,1
723,3,3,16,1
724,3,0,15,1
725,2,2,15,1
726,4,4,15,1
727,0,2,16,0
728,4,4,17,1
729,0,0,13,1
730,3,3,16,1
731,0,0,12,1
732,3,3,13,1
733,2,0,14,1
734,2,1,12,1
735,4,3,16,1
736,3,2,18,1
737,0,2,12,1
738,3,3,12,1
739,3,2,16,1
740,3,3,19,1
741,2,3,17,1
742,2,2,12,1
743,0,1,15,1
744,2,3,15,1
745,0,0,9,1
746,1,2,4,0
747,0,0,12,1
748,3,3,17,1
749,3,2,12,1
750,0,4,12,1
751,0,2,12,1
752,0,3,16,1
753,0,1,12,1
754,0,0,12,1
755,4,2,14,0
756,2,0,12,1
757,3,3,16,1
758,2,0,12,1
759,0,3,12,1
760,4,2,13,1
761,2,0,12,1
762,3,0,12,1
763,3,3,16,0
764,2,0,12,1
765,3,3,17,1
766,4,4,14,1
767,3,2,14,1
768,3,0,18,1
769,2,2,12,0
770,2,2,12,0
771,3,4,18,1
772,4,0,16,1
773,0,2,12,1
774,0,0,14,1
775,0,2,13,1
776,0,0,14,1
777,2,2,12,1
778,3,3,18,1
779,0,2,12,1
780,2,4,12,1
781,3,0,14,1
782,0,2,12,1
783,4,3,13,1
784,0,0,10,1
785,0,2,11,1
786,3,3,19,1
787,3,1,14,1
788,3,4,12,1
789,3,1,13,1
790,2,4,12,1
791,3,0,14,1
792,3,0,13,1
793,3,2,16,0
794,0,2,14,1
795,3,3,17,1
796,4,0,12,0
797,0,4,12,1
798,3,3,14,1
799,4,4,16,1
800,3,0,16,1
801,0,2,15,1
802,2,0,12,1
803,3,0,16,1
804,3,3,18,1
805,3,3,12,1
806,3,3,18,1
807,3,0,17,1
808,0,2,12,1
809,3,2,16,1
810,4,2,12,1
811,2,1,16,1
812,3,0,16,1
813,3,0,19,1
814,0,0,14,1
815,2,3,12,1
816,3,2,16,1
817,3,3,15,1
818,2,0,12,1
819,3,2,12,1
820,3,4,14,1
821,2,0,12,1
822,4,1,12,1
823,0,2,12,0
824,2,1,12,0
825,0,2,12,0
826,2,0,12,0
827,3,4,15,1
828,1,1,16,1
829,0,4,12,1
830,3,0,16,1
831,2,1,12,1
832,3,3,18,1
833,3,1,12,1
834,0,2,13,1
835,3,2,18,1
836,0,0,10,1
837,4,3,14,1
838,3,2,10,1
