,time,sunspots
1,1749.0,58.0
2,1749.08333333333,62.6
3,1749.16666666667,70.0
4,1749.25,55.7
5,1749.33333333334,85.0
6,1749.41666666667,83.5
7,1749.50000000001,94.8
8,1749.58333333334,66.3
9,1749.66666666668,75.9
10,1749.75000000001,75.5
11,1749.83333333335,158.6
12,1749.91666666668,85.2
13,1750.00000000001,73.3
14,1750.08333333335,75.9
15,1750.16666666668,89.2
16,1750.25000000002,88.3
17,1750.33333333335,90.0
18,1750.41666666669,100.0
19,1750.50000000002,85.4
20,1750.58333333336,103.0
21,1750.66666666669,91.2
22,1750.75000000002,65.7
23,1750.83333333336,63.3
24,1750.91666666669,75.4
25,1751.00000000003,70.0
26,1751.08333333336,43.5
27,1751.1666666667,45.3
28,1751.25000000003,56.4
29,1751.33333333337,60.7
30,1751.4166666667,50.7
31,1751.50000000004,66.3
32,1751.58333333337,59.8
33,1751.6666666667,23.5
34,1751.75000000004,23.2
35,1751.83333333337,28.5
36,1751.91666666671,44.0
37,1752.00000000004,35.0
38,1752.08333333338,50.0
39,1752.16666666671,71.0
40,1752.25000000005,59.3
41,1752.33333333338,59.7
42,1752.41666666672,39.6
43,1752.50000000005,78.4
44,1752.58333333338,29.3
45,1752.66666666672,27.1
46,1752.75000000005,46.6
47,1752.83333333339,37.6
48,1752.91666666672,40.0
49,1753.00000000006,44.0
50,1753.08333333339,32.0
51,1753.16666666673,45.7
52,1753.25000000006,38.0
53,1753.33333333339,36.0
54,1753.41666666673,31.7
55,1753.50000000006,22.2
56,1753.5833333334,39.0
57,1753.66666666673,28.0
58,1753.75000000007,25.0
59,1753.8333333334,20.0
60,1753.91666666674,6.7
61,1754.00000000007,0.0
62,1754.08333333341,3.0
63,1754.16666666674,1.7
64,1754.25000000007,13.7
65,1754.33333333341,20.7
66,1754.41666666674,26.7
67,1754.50000000008,18.8
68,1754.58333333341,12.3
69,1754.66666666675,8.2
70,1754.75000000008,24.1
71,1754.83333333342,13.2
72,1754.91666666675,4.2
73,1755.00000000009,10.2
74,1755.08333333342,11.2
75,1755.16666666675,6.8
76,1755.25000000009,6.5
77,1755.33333333342,0.0
78,1755.41666666676,0.0
79,1755.50000000009,8.6
80,1755.58333333343,3.2
81,1755.66666666676,17.8
82,1755.7500000001,23.7
83,1755.83333333343,6.8
84,1755.91666666676,20.0
85,1756.0000000001,12.5
86,1756.08333333343,7.1
87,1756.16666666677,5.4
88,1756.2500000001,9.4
89,1756.33333333344,12.5
90,1756.41666666677,12.9
91,1756.50000000011,3.6
92,1756.58333333344,6.4
93,1756.66666666678,11.8
94,1756.75000000011,14.3
95,1756.83333333344,17.0
96,1756.91666666678,9.4
97,1757.00000000011,14.1
98,1757.08333333345,21.2
99,1757.16666666678,26.2
100,1757.25000000012,30.0
101,1757.33333333345,38.1
102,1757.41666666679,12.8
103,1757.50000000012,25.0
104,1757.58333333346,51.3
105,1757.66666666679,39.7
106,1757.75000000012,32.5
107,1757.83333333346,64.7
108,1757.91666666679,33.5
109,1758.00000000013,37.6
110,1758.08333333346,52.0
111,1758.1666666668,49.0
112,1758.25000000013,72.3
113,1758.33333333347,46.4
114,1758.4166666668,45.0
115,1758.50000000013,44.0
116,1758.58333333347,38.7
117,1758.6666666668,62.5
118,1758.75000000014,37.7
119,1758.83333333347,43.0
120,1758.91666666681,43.0
121,1759.00000000014,48.3
122,1759.08333333348,44.0
123,1759.16666666681,46.8
124,1759.25000000015,47.0
125,1759.33333333348,49.0
126,1759.41666666681,50.0
127,1759.50000000015,51.0
128,1759.58333333348,71.3
129,1759.66666666682,77.2
130,1759.75000000015,59.7
131,1759.83333333349,46.3
132,1759.91666666682,57.0
133,1760.00000000016,67.3
134,1760.08333333349,59.5
135,1760.16666666683,74.7
136,1760.25000000016,58.3
137,1760.33333333349,72.0
138,1760.41666666683,48.3
139,1760.50000000016,66.0
140,1760.5833333335,75.6
141,1760.66666666683,61.3
142,1760.75000000017,50.6
143,1760.8333333335,59.7
144,1760.91666666684,61.0
145,1761.00000000017,70.0
146,1761.0833333335,91.0
147,1761.16666666684,80.7
148,1761.25000000017,71.7
149,1761.33333333351,107.2
150,1761.41666666684,99.3
151,1761.50000000018,94.1
152,1761.58333333351,91.1
153,1761.66666666685,100.7
154,1761.75000000018,88.7
155,1761.83333333352,89.7
156,1761.91666666685,46.0
157,1762.00000000018,43.8
158,1762.08333333352,72.8
159,1762.16666666685,45.7
160,1762.25000000019,60.2
161,1762.33333333352,39.9
162,1762.41666666686,77.1
163,1762.50000000019,33.8
164,1762.58333333353,67.7
165,1762.66666666686,68.5
166,1762.7500000002,69.3
167,1762.83333333353,77.8
168,1762.91666666686,77.2
169,1763.0000000002,56.5
170,1763.08333333353,31.9
171,1763.16666666687,34.2
172,1763.2500000002,32.9
173,1763.33333333354,32.7
174,1763.41666666687,35.8
175,1763.50000000021,54.2
176,1763.58333333354,26.5
177,1763.66666666687,68.1
178,1763.75000000021,46.3
179,1763.83333333354,60.9
180,1763.91666666688,61.4
181,1764.00000000021,59.7
182,1764.08333333355,59.7
183,1764.16666666688,40.2
184,1764.25000000022,34.4
185,1764.33333333355,44.3
186,1764.41666666689,30.0
187,1764.50000000022,30.0
188,1764.58333333355,30.0
189,1764.66666666689,28.2
190,1764.75000000022,28.0
191,1764.83333333356,26.0
192,1764.91666666689,25.7
193,1765.00000000023,24.0
194,1765.08333333356,26.0
195,1765.1666666669,25.0
196,1765.25000000023,22.0
197,1765.33333333357,20.2
198,1765.4166666669,20.0
199,1765.50000000023,27.0
200,1765.58333333357,29.7
201,1765.6666666669,16.0
202,1765.75000000024,14.0
203,1765.83333333357,14.0
204,1765.91666666691,13.0
205,1766.00000000024,12.0
206,1766.08333333358,11.0
207,1766.16666666691,36.6
208,1766.25000000024,6.0
209,1766.33333333358,26.8
210,1766.41666666691,3.0
211,1766.50000000025,3.3
212,1766.58333333358,4.0
213,1766.66666666692,4.3
214,1766.75000000025,5.0
215,1766.83333333359,5.7
216,1766.91666666692,19.2
217,1767.00000000026,27.4
218,1767.08333333359,30.0
219,1767.16666666692,43.0
220,1767.25000000026,32.9
221,1767.33333333359,29.8
222,1767.41666666693,33.3
223,1767.50000000026,21.9
224,1767.5833333336,40.8
225,1767.66666666693,42.7
226,1767.75000000027,44.1
227,1767.8333333336,54.7
228,1767.91666666694,53.3
229,1768.00000000027,53.5
230,1768.0833333336,66.1
231,1768.16666666694,46.3
232,1768.25000000027,42.7
233,1768.33333333361,77.7
234,1768.41666666694,77.4
235,1768.50000000028,52.6
236,1768.58333333361,66.8
237,1768.66666666695,74.8
238,1768.75000000028,77.8
239,1768.83333333361,90.6
240,1768.91666666695,111.8
241,1769.00000000028,73.9
242,1769.08333333362,64.2
243,1769.16666666695,64.3
244,1769.25000000029,96.7
245,1769.33333333362,73.6
246,1769.41666666696,94.4
247,1769.50000000029,118.6
248,1769.58333333363,120.3
249,1769.66666666696,148.8
250,1769.75000000029,158.2
251,1769.83333333363,148.1
252,1769.91666666696,112.0
253,1770.0000000003,104.0
254,1770.08333333363,142.5
255,1770.16666666697,80.1
256,1770.2500000003,51.0
257,1770.33333333364,70.1
258,1770.41666666697,83.3
259,1770.50000000031,109.8
260,1770.58333333364,126.3
261,1770.66666666697,104.4
262,1770.75000000031,103.6
263,1770.83333333364,132.2
264,1770.91666666698,102.3
265,1771.00000000031,36.0
266,1771.08333333365,46.2
267,1771.16666666698,46.7
268,1771.25000000032,64.9
269,1771.33333333365,152.7
270,1771.41666666698,119.5
271,1771.50000000032,67.7
272,1771.58333333365,58.5
273,1771.66666666699,101.4
274,1771.75000000032,90.0
275,1771.83333333366,99.7
276,1771.91666666699,95.7
277,1772.00000000033,100.9
278,1772.08333333366,90.8
279,1772.166666667,31.1
280,1772.25000000033,92.2
281,1772.33333333366,38.0
282,1772.416666667,57.0
283,1772.50000000033,77.3
284,1772.58333333367,56.2
285,1772.666666667,50.5
286,1772.75000000034,78.6
287,1772.83333333367,61.3
288,1772.91666666701,64.0
289,1773.00000000034,54.6
290,1773.08333333368,29.0
291,1773.16666666701,51.2
292,1773.25000000034,32.9
293,1773.33333333368,41.1
294,1773.41666666701,28.4
295,1773.50000000035,27.7
296,1773.58333333368,12.7
297,1773.66666666702,29.3
298,1773.75000000035,26.3
299,1773.83333333369,40.9
300,1773.91666666702,43.2
301,1774.00000000035,46.8
302,1774.08333333369,65.4
303,1774.16666666702,55.7
304,1774.25000000036,43.8
305,1774.33333333369,51.3
306,1774.41666666703,28.5
307,1774.50000000036,17.5
308,1774.5833333337,6.6
309,1774.66666666703,7.9
310,1774.75000000037,14.0
311,1774.8333333337,17.7
312,1774.91666666703,12.2
313,1775.00000000037,4.4
314,1775.0833333337,0.0
315,1775.16666666704,11.6
316,1775.25000000037,11.2
317,1775.33333333371,3.9
318,1775.41666666704,12.3
319,1775.50000000038,1.0
320,1775.58333333371,7.9
321,1775.66666666705,3.2
322,1775.75000000038,5.6
323,1775.83333333371,15.1
324,1775.91666666705,7.9
325,1776.00000000038,21.7
326,1776.08333333372,11.6
327,1776.16666666705,6.3
328,1776.25000000039,21.8
329,1776.33333333372,11.2
330,1776.41666666706,19.0
331,1776.50000000039,1.0
332,1776.58333333372,24.2
333,1776.66666666706,16.0
334,1776.75000000039,30.0
335,1776.83333333373,35.0
336,1776.91666666706,40.0
337,1777.0000000004,45.0
338,1777.08333333373,36.5
339,1777.16666666707,39.0
340,1777.2500000004,95.5
341,1777.33333333374,80.3
342,1777.41666666707,80.7
343,1777.5000000004,95.0
344,1777.58333333374,112.0
345,1777.66666666707,116.2
346,1777.75000000041,106.5
347,1777.83333333374,146.0
348,1777.91666666708,157.3
349,1778.00000000041,177.3
350,1778.08333333375,109.3
351,1778.16666666708,134.0
352,1778.25000000041,145.0
353,1778.33333333375,238.9
354,1778.41666666708,171.6
355,1778.50000000042,153.0
356,1778.58333333375,140.0
357,1778.66666666709,171.7
358,1778.75000000042,156.3
359,1778.83333333376,150.3
360,1778.91666666709,105.0
361,1779.00000000043,114.7
362,1779.08333333376,165.7
363,1779.16666666709,118.0
364,1779.25000000043,145.0
365,1779.33333333376,140.0
366,1779.4166666671,113.7
367,1779.50000000043,143.0
368,1779.58333333377,112.0
369,1779.6666666671,111.0
370,1779.75000000044,124.0
371,1779.83333333377,114.0
372,1779.91666666711,110.0
373,1780.00000000044,70.0
374,1780.08333333377,98.0
375,1780.16666666711,98.0
376,1780.25000000044,95.0
377,1780.33333333378,107.2
378,1780.41666666711,88.0
379,1780.50000000045,86.0
380,1780.58333333378,86.0
381,1780.66666666712,93.7
382,1780.75000000045,77.0
383,1780.83333333379,60.0
384,1780.91666666712,58.7
385,1781.00000000045,98.7
386,1781.08333333379,74.7
387,1781.16666666712,53.0
388,1781.25000000046,68.3
389,1781.33333333379,104.7
390,1781.41666666713,97.7
391,1781.50000000046,73.5
392,1781.5833333338,66.0
393,1781.66666666713,51.0
394,1781.75000000046,27.3
395,1781.8333333338,67.0
396,1781.91666666713,35.2
397,1782.00000000047,54.0
398,1782.0833333338,37.5
399,1782.16666666714,37.0
400,1782.25000000047,41.0
401,1782.33333333381,54.3
402,1782.41666666714,38.0
403,1782.50000000048,37.0
404,1782.58333333381,44.0
405,1782.66666666714,34.0
406,1782.75000000048,23.2
407,1782.83333333381,31.5
408,1782.91666666715,30.0
409,1783.00000000048,28.0
410,1783.08333333382,38.7
411,1783.16666666715,26.7
412,1783.25000000049,28.3
413,1783.33333333382,23.0
414,1783.41666666715,25.2
415,1783.50000000049,32.2
416,1783.58333333382,20.0
417,1783.66666666716,18.0
418,1783.75000000049,8.0
419,1783.83333333383,15.0
420,1783.91666666716,10.5
421,1784.0000000005,13.0
422,1784.08333333383,8.0
423,1784.16666666717,11.0
424,1784.2500000005,10.0
425,1784.33333333383,6.0
426,1784.41666666717,9.0
427,1784.5000000005,6.0
428,1784.58333333384,10.0
429,1784.66666666717,10.0
430,1784.75000000051,8.0
431,1784.83333333384,17.0
432,1784.91666666718,14.0
433,1785.00000000051,6.5
434,1785.08333333385,8.0
435,1785.16666666718,9.0
436,1785.25000000051,15.7
437,1785.33333333385,20.7
438,1785.41666666718,26.3
439,1785.50000000052,36.3
440,1785.58333333385,20.0
441,1785.66666666719,32.0
442,1785.75000000052,47.2
443,1785.83333333386,40.2
444,1785.91666666719,27.3
445,1786.00000000053,37.2
446,1786.08333333386,47.6
447,1786.16666666719,47.7
448,1786.25000000053,85.4
449,1786.33333333386,92.3
450,1786.4166666672,59.0
451,1786.50000000053,83.0
452,1786.58333333387,89.7
453,1786.6666666672,111.5
454,1786.75000000054,112.3
455,1786.83333333387,116.0
456,1786.9166666672,112.7
457,1787.00000000054,134.7
458,1787.08333333387,106.0
459,1787.16666666721,87.4
460,1787.25000000054,127.2
461,1787.33333333388,134.8
462,1787.41666666721,99.2
463,1787.50000000055,128.0
464,1787.58333333388,137.2
465,1787.66666666722,157.3
466,1787.75000000055,157.0
467,1787.83333333388,141.5
468,1787.91666666722,174.0
469,1788.00000000055,138.0
470,1788.08333333389,129.2
471,1788.16666666722,143.3
472,1788.25000000056,108.5
473,1788.33333333389,113.0
474,1788.41666666723,154.2
475,1788.50000000056,141.5
476,1788.5833333339,136.0
477,1788.66666666723,141.0
478,1788.75000000056,142.0
479,1788.8333333339,94.7
480,1788.91666666723,129.5
481,1789.00000000057,114.0
482,1789.0833333339,125.3
483,1789.16666666724,120.0
484,1789.25000000057,123.3
485,1789.33333333391,123.5
486,1789.41666666724,120.0
487,1789.50000000057,117.0
488,1789.58333333391,103.0
489,1789.66666666724,112.0
490,1789.75000000058,89.7
491,1789.83333333391,134.0
492,1789.91666666725,135.5
493,1790.00000000058,103.0
494,1790.08333333392,127.5
495,1790.16666666725,96.3
496,1790.25000000059,94.0
497,1790.33333333392,93.0
498,1790.41666666725,91.0
499,1790.50000000059,69.3
500,1790.58333333392,87.0
501,1790.66666666726,77.3
502,1790.75000000059,84.3
503,1790.83333333393,82.0
504,1790.91666666726,74.0
505,1791.0000000006,72.7
506,1791.08333333393,62.0
507,1791.16666666726,74.0
508,1791.2500000006,77.2
509,1791.33333333393,73.7
510,1791.41666666727,64.2
511,1791.5000000006,71.0
512,1791.58333333394,43.0
513,1791.66666666727,66.5
514,1791.75000000061,61.7
515,1791.83333333394,67.0
516,1791.91666666728,66.0
517,1792.00000000061,58.0
518,1792.08333333394,64.0
519,1792.16666666728,63.0
520,1792.25000000061,75.7
521,1792.33333333395,62.0
522,1792.41666666728,61.0
523,1792.50000000062,45.8
524,1792.58333333395,60.0
525,1792.66666666729,59.0
526,1792.75000000062,59.0
527,1792.83333333396,57.0
528,1792.91666666729,56.0
529,1793.00000000062,56.0
530,1793.08333333396,55.0
531,1793.16666666729,55.5
532,1793.25000000063,53.0
533,1793.33333333396,52.3
534,1793.4166666673,51.0
535,1793.50000000063,50.0
536,1793.58333333397,29.3
537,1793.6666666673,24.0
538,1793.75000000064,47.0
539,1793.83333333397,44.0
540,1793.9166666673,45.7
541,1794.00000000064,45.0
542,1794.08333333397,44.0
543,1794.16666666731,38.0
544,1794.25000000064,28.4
545,1794.33333333398,55.7
546,1794.41666666731,41.5
547,1794.50000000065,41.0
548,1794.58333333398,40.0
549,1794.66666666731,11.1
550,1794.75000000065,28.5
551,1794.83333333398,67.4
552,1794.91666666732,51.4
553,1795.00000000065,21.4
554,1795.08333333399,39.9
555,1795.16666666732,12.6
556,1795.25000000066,18.6
557,1795.33333333399,31.0
558,1795.41666666733,17.1
559,1795.50000000066,12.9
560,1795.58333333399,25.7
561,1795.66666666733,13.5
562,1795.75000000066,19.5
563,1795.833333334,25.0
564,1795.91666666733,18.0
565,1796.00000000067,22.0
566,1796.083333334,23.8
567,1796.16666666734,15.7
568,1796.25000000067,31.7
569,1796.333333334,21.0
570,1796.41666666734,6.7
571,1796.50000000067,26.9
572,1796.58333333401,1.5
573,1796.66666666734,18.4
574,1796.75000000068,11.0
575,1796.83333333401,8.4
576,1796.91666666735,5.1
577,1797.00000000068,14.4
578,1797.08333333402,4.2
579,1797.16666666735,4.0
580,1797.25000000068,4.0
581,1797.33333333402,7.3
582,1797.41666666735,11.1
583,1797.50000000069,4.3
584,1797.58333333402,6.0
585,1797.66666666736,5.7
586,1797.75000000069,6.9
587,1797.83333333403,5.8
588,1797.91666666736,3.0
589,1798.0000000007,2.0
590,1798.08333333403,4.0
591,1798.16666666736,12.4
592,1798.2500000007,1.1
593,1798.33333333403,0.0
594,1798.41666666737,0.0
595,1798.5000000007,0.0
596,1798.58333333404,3.0
597,1798.66666666737,2.4
598,1798.75000000071,1.5
599,1798.83333333404,12.5
600,1798.91666666738,9.9
601,1799.00000000071,1.6
602,1799.08333333404,12.6
603,1799.16666666738,21.7
604,1799.25000000071,8.4
605,1799.33333333405,8.2
606,1799.41666666738,10.6
607,1799.50000000072,2.1
608,1799.58333333405,0.0
609,1799.66666666739,0.0
610,1799.75000000072,4.6
611,1799.83333333405,2.7
612,1799.91666666739,8.6
613,1800.00000000072,6.9
614,1800.08333333406,9.3
615,1800.16666666739,13.9
616,1800.25000000073,0.0
617,1800.33333333406,5.0
618,1800.4166666674,23.7
619,1800.50000000073,21.0
620,1800.58333333407,19.5
621,1800.6666666674,11.5
622,1800.75000000073,12.3
623,1800.83333333407,10.5
624,1800.9166666674,40.1
625,1801.00000000074,27.0
626,1801.08333333407,29.0
627,1801.16666666741,30.0
628,1801.25000000074,31.0
629,1801.33333333408,32.0
630,1801.41666666741,31.2
631,1801.50000000074,35.0
632,1801.58333333408,38.7
633,1801.66666666741,33.5
634,1801.75000000075,32.6
635,1801.83333333408,39.8
636,1801.91666666742,48.2
637,1802.00000000075,47.8
638,1802.08333333409,47.0
639,1802.16666666742,40.8
640,1802.25000000076,42.0
641,1802.33333333409,44.0
642,1802.41666666742,46.0
643,1802.50000000076,48.0
644,1802.58333333409,50.0
645,1802.66666666743,51.8
646,1802.75000000076,38.5
647,1802.8333333341,34.5
648,1802.91666666743,50.0
649,1803.00000000077,50.0
650,1803.0833333341,50.8
651,1803.16666666744,29.5
652,1803.25000000077,25.0
653,1803.3333333341,44.3
654,1803.41666666744,36.0
655,1803.50000000077,48.3
656,1803.58333333411,34.1
657,1803.66666666744,45.3
658,1803.75000000078,54.3
659,1803.83333333411,51.0
660,1803.91666666745,48.0
661,1804.00000000078,45.3
662,1804.08333333411,48.3
663,1804.16666666745,48.0
664,1804.25000000078,50.6
665,1804.33333333412,33.4
666,1804.41666666745,34.8
667,1804.50000000079,29.8
668,1804.58333333412,43.1
669,1804.66666666746,53.0
670,1804.75000000079,62.3
671,1804.83333333413,61.0
672,1804.91666666746,60.0
673,1805.00000000079,61.0
674,1805.08333333413,44.1
675,1805.16666666746,51.4
676,1805.2500000008,37.5
677,1805.33333333413,39.0
678,1805.41666666747,40.5
679,1805.5000000008,37.6
680,1805.58333333414,42.7
681,1805.66666666747,44.4
682,1805.75000000081,29.4
683,1805.83333333414,41.0
684,1805.91666666747,38.3
685,1806.00000000081,39.0
686,1806.08333333414,29.6
687,1806.16666666748,32.7
688,1806.25000000081,27.7
689,1806.33333333415,26.4
690,1806.41666666748,25.6
691,1806.50000000082,30.0
692,1806.58333333415,26.3
693,1806.66666666748,24.0
694,1806.75000000082,27.0
695,1806.83333333415,25.0
696,1806.91666666749,24.0
697,1807.00000000082,12.0
698,1807.08333333416,12.2
699,1807.16666666749,9.6
700,1807.25000000083,23.8
701,1807.33333333416,10.0
702,1807.4166666675,12.0
703,1807.50000000083,12.7
704,1807.58333333416,12.0
705,1807.6666666675,5.7
706,1807.75000000083,8.0
707,1807.83333333417,2.6
708,1807.9166666675,0.0
709,1808.00000000084,0.0
710,1808.08333333417,4.5
711,1808.16666666751,0.0
712,1808.25000000084,12.3
713,1808.33333333418,13.5
714,1808.41666666751,13.5
715,1808.50000000084,6.7
716,1808.58333333418,8.0
717,1808.66666666751,11.7
718,1808.75000000085,4.7
719,1808.83333333418,10.5
720,1808.91666666752,12.3
721,1809.00000000085,7.2
722,1809.08333333419,9.2
723,1809.16666666752,0.9
724,1809.25000000085,2.5
725,1809.33333333419,2.0
726,1809.41666666752,7.7
727,1809.50000000086,0.3
728,1809.58333333419,0.2
729,1809.66666666753,0.4
730,1809.75000000086,0.0
731,1809.8333333342,0.0
732,1809.91666666753,0.0
733,1810.00000000087,0.0
734,1810.0833333342,0.0
735,1810.16666666753,0.0
736,1810.25000000087,0.0
737,1810.3333333342,0.0
738,1810.41666666754,0.0
739,1810.50000000087,0.0
740,1810.58333333421,0.0
741,1810.66666666754,0.0
742,1810.75000000088,0.0
743,1810.83333333421,0.0
744,1810.91666666755,0.0
745,1811.00000000088,0.0
746,1811.08333333421,0.0
747,1811.16666666755,0.0
748,1811.25000000088,0.0
749,1811.33333333422,0.0
750,1811.41666666755,0.0
751,1811.50000000089,6.6
752,1811.58333333422,0.0
753,1811.66666666756,2.4
754,1811.75000000089,6.1
755,1811.83333333423,0.8
756,1811.91666666756,1.1
757,1812.00000000089,11.3
758,1812.08333333423,1.9
759,1812.16666666756,0.7
760,1812.2500000009,0.0
761,1812.33333333423,1.0
762,1812.41666666757,1.3
763,1812.5000000009,0.5
764,1812.58333333424,15.6
765,1812.66666666757,5.2
766,1812.7500000009,3.9
767,1812.83333333424,7.9
768,1812.91666666757,10.1
769,1813.00000000091,0.0
770,1813.08333333424,10.3
771,1813.16666666758,1.9
772,1813.25000000091,16.6
773,1813.33333333425,5.5
774,1813.41666666758,11.2
775,1813.50000000092,18.3
776,1813.58333333425,8.4
777,1813.66666666758,15.3
778,1813.75000000092,27.8
779,1813.83333333425,16.7
780,1813.91666666759,14.3
781,1814.00000000092,22.2
782,1814.08333333426,12.0
783,1814.16666666759,5.7
784,1814.25000000093,23.8
785,1814.33333333426,5.8
786,1814.41666666759,14.9
787,1814.50000000093,18.5
788,1814.58333333426,2.3
789,1814.6666666676,8.1
790,1814.75000000093,19.3
791,1814.83333333427,14.5
792,1814.9166666676,20.1
793,1815.00000000094,19.2
794,1815.08333333427,32.2
795,1815.16666666761,26.2
796,1815.25000000094,31.6
797,1815.33333333427,9.8
798,1815.41666666761,55.9
799,1815.50000000094,35.5
800,1815.58333333428,47.2
801,1815.66666666761,31.5
802,1815.75000000095,33.5
803,1815.83333333428,37.2
804,1815.91666666762,65.0
805,1816.00000000095,26.3
806,1816.08333333429,68.8
807,1816.16666666762,73.7
808,1816.25000000095,58.8
809,1816.33333333429,44.3
810,1816.41666666762,43.6
811,1816.50000000096,38.8
812,1816.58333333429,23.2
813,1816.66666666763,47.8
814,1816.75000000096,56.4
815,1816.8333333343,38.1
816,1816.91666666763,29.9
817,1817.00000000096,36.4
818,1817.0833333343,57.9
819,1817.16666666763,96.2
820,1817.25000000097,26.4
821,1817.3333333343,21.2
822,1817.41666666764,40.0
823,1817.50000000097,50.0
824,1817.58333333431,45.0
825,1817.66666666764,36.7
826,1817.75000000098,25.6
827,1817.83333333431,28.9
828,1817.91666666764,28.4
829,1818.00000000098,34.9
830,1818.08333333431,22.4
831,1818.16666666765,25.4
832,1818.25000000098,34.5
833,1818.33333333432,53.1
834,1818.41666666765,36.4
835,1818.50000000099,28.0
836,1818.58333333432,31.5
837,1818.66666666766,26.1
838,1818.75000000099,31.7
839,1818.83333333432,10.9
840,1818.91666666766,25.8
841,1819.00000000099,32.5
842,1819.08333333433,20.7
843,1819.16666666766,3.7
844,1819.250000001,20.2
845,1819.33333333433,19.6
846,1819.41666666767,35.0
847,1819.500000001,31.4
848,1819.58333333433,26.1
849,1819.66666666767,14.9
850,1819.750000001,27.5
851,1819.83333333434,25.1
852,1819.91666666767,30.6
853,1820.00000000101,19.2
854,1820.08333333434,26.6
855,1820.16666666768,4.5
856,1820.25000000101,19.4
857,1820.33333333435,29.3
858,1820.41666666768,10.8
859,1820.50000000101,20.6
860,1820.58333333435,25.9
861,1820.66666666768,5.2
862,1820.75000000102,9.0
863,1820.83333333435,7.9
864,1820.91666666769,9.7
865,1821.00000000102,21.5
866,1821.08333333436,4.3
867,1821.16666666769,5.7
868,1821.25000000103,9.2
869,1821.33333333436,1.7
870,1821.41666666769,1.8
871,1821.50000000103,2.5
872,1821.58333333436,4.8
873,1821.6666666677,4.4
874,1821.75000000103,18.8
875,1821.83333333437,4.4
876,1821.9166666677,0.0
877,1822.00000000104,0.0
878,1822.08333333437,0.9
879,1822.1666666677,16.1
880,1822.25000000104,13.5
881,1822.33333333437,1.5
882,1822.41666666771,5.6
883,1822.50000000104,7.9
884,1822.58333333438,2.1
885,1822.66666666771,0.0
886,1822.75000000105,0.4
887,1822.83333333438,0.0
888,1822.91666666772,0.0
889,1823.00000000105,0.0
890,1823.08333333438,0.0
891,1823.16666666772,0.6
892,1823.25000000105,0.0
893,1823.33333333439,0.0
894,1823.41666666772,0.0
895,1823.50000000106,0.5
896,1823.58333333439,0.0
897,1823.66666666773,0.0
898,1823.75000000106,0.0
899,1823.8333333344,0.0
900,1823.91666666773,20.4
901,1824.00000000106,21.6
902,1824.0833333344,10.8
903,1824.16666666773,0.0
904,1824.25000000107,19.4
905,1824.3333333344,2.8
906,1824.41666666774,0.0
907,1824.50000000107,0.0
908,1824.58333333441,1.4
909,1824.66666666774,20.5
910,1824.75000000107,25.2
911,1824.83333333441,0.0
912,1824.91666666774,0.8
913,1825.00000000108,5.0
914,1825.08333333441,15.5
915,1825.16666666775,22.4
916,1825.25000000108,3.8
917,1825.33333333442,15.4
918,1825.41666666775,15.4
919,1825.50000000109,30.9
920,1825.58333333442,25.4
921,1825.66666666775,15.7
922,1825.75000000109,15.6
923,1825.83333333442,11.7
924,1825.91666666776,22.0
925,1826.00000000109,17.7
926,1826.08333333443,18.2
927,1826.16666666776,36.7
928,1826.2500000011,24.0
929,1826.33333333443,32.4
930,1826.41666666777,37.1
931,1826.5000000011,52.5
932,1826.58333333443,39.6
933,1826.66666666777,18.9
934,1826.7500000011,50.6
935,1826.83333333444,39.5
936,1826.91666666777,68.1
937,1827.00000000111,34.6
938,1827.08333333444,47.4
939,1827.16666666778,57.8
940,1827.25000000111,46.0
941,1827.33333333444,56.3
942,1827.41666666778,56.7
943,1827.50000000111,42.9
944,1827.58333333445,53.7
945,1827.66666666778,49.6
946,1827.75000000112,57.2
947,1827.83333333445,48.2
948,1827.91666666779,46.1
949,1828.00000000112,52.8
950,1828.08333333446,64.4
951,1828.16666666779,65.0
952,1828.25000000112,61.1
953,1828.33333333446,89.1
954,1828.41666666779,98.0
955,1828.50000000113,54.3
956,1828.58333333446,76.4
957,1828.6666666678,50.4
958,1828.75000000113,54.7
959,1828.83333333447,57.0
960,1828.9166666678,46.6
961,1829.00000000114,43.0
962,1829.08333333447,49.4
963,1829.1666666678,72.3
964,1829.25000000114,95.0
965,1829.33333333447,67.5
966,1829.41666666781,73.9
967,1829.50000000114,90.8
968,1829.58333333448,78.3
969,1829.66666666781,52.8
970,1829.75000000115,57.2
971,1829.83333333448,67.6
972,1829.91666666781,56.5
973,1830.00000000115,52.2
974,1830.08333333448,72.1
975,1830.16666666782,84.6
976,1830.25000000115,107.1
977,1830.33333333449,66.3
978,1830.41666666782,65.1
979,1830.50000000116,43.9
980,1830.58333333449,50.7
981,1830.66666666783,62.1
982,1830.75000000116,84.4
983,1830.83333333449,81.2
984,1830.91666666783,82.1
985,1831.00000000116,47.5
986,1831.0833333345,50.1
987,1831.16666666783,93.4
988,1831.25000000117,54.6
989,1831.3333333345,38.1
990,1831.41666666784,33.4
991,1831.50000000117,45.2
992,1831.58333333451,54.9
993,1831.66666666784,37.9
994,1831.75000000117,46.2
995,1831.83333333451,43.5
996,1831.91666666784,28.9
997,1832.00000000118,30.9
998,1832.08333333451,55.5
999,1832.16666666785,55.1
1000,1832.25000000118,26.9
1001,1832.33333333452,41.3
1002,1832.41666666785,26.7
1003,1832.50000000118,13.9
1004,1832.58333333452,8.9
1005,1832.66666666785,8.2
1006,1832.75000000119,21.1
1007,1832.83333333452,14.3
1008,1832.91666666786,27.5
1009,1833.00000000119,11.3
1010,1833.08333333453,14.9
1011,1833.16666666786,11.8
1012,1833.2500000012,2.8
1013,1833.33333333453,12.9
1014,1833.41666666786,1.0
1015,1833.5000000012,7.0
1016,1833.58333333453,5.7
1017,1833.66666666787,11.6
1018,1833.7500000012,7.5
1019,1833.83333333454,5.9
1020,1833.91666666787,9.9
1021,1834.00000000121,4.9
1022,1834.08333333454,18.1
1023,1834.16666666788,3.9
1024,1834.25000000121,1.4
1025,1834.33333333454,8.8
1026,1834.41666666788,7.8
1027,1834.50000000121,8.7
1028,1834.58333333455,4.0
1029,1834.66666666788,11.5
1030,1834.75000000122,24.8
1031,1834.83333333455,30.5
1032,1834.91666666789,34.5
1033,1835.00000000122,7.5
1034,1835.08333333455,24.5
1035,1835.16666666789,19.7
1036,1835.25000000122,61.5
1037,1835.33333333456,43.6
1038,1835.41666666789,33.2
1039,1835.50000000123,59.8
1040,1835.58333333456,59.0
1041,1835.6666666679,100.8
1042,1835.75000000123,95.2
1043,1835.83333333457,100.0
1044,1835.9166666679,77.5
1045,1836.00000000123,88.6
1046,1836.08333333457,107.6
1047,1836.1666666679,98.1
1048,1836.25000000124,142.9
1049,1836.33333333457,111.4
1050,1836.41666666791,124.7
1051,1836.50000000124,116.7
1052,1836.58333333458,107.8
1053,1836.66666666791,95.1
1054,1836.75000000125,137.4
1055,1836.83333333458,120.9
1056,1836.91666666791,206.2
1057,1837.00000000125,188.0
1058,1837.08333333458,175.6
1059,1837.16666666792,134.6
1060,1837.25000000125,138.2
1061,1837.33333333459,111.3
1062,1837.41666666792,158.0
1063,1837.50000000126,162.8
1064,1837.58333333459,134.0
1065,1837.66666666792,96.3
1066,1837.75000000126,123.7
1067,1837.83333333459,107.0
1068,1837.91666666793,129.8
1069,1838.00000000126,144.9
1070,1838.0833333346,84.8
1071,1838.16666666793,140.8
1072,1838.25000000127,126.6
1073,1838.3333333346,137.6
1074,1838.41666666794,94.5
1075,1838.50000000127,108.2
1076,1838.5833333346,78.8
1077,1838.66666666794,73.6
1078,1838.75000000127,90.8
1079,1838.83333333461,77.4
1080,1838.91666666794,79.8
1081,1839.00000000128,107.6
1082,1839.08333333461,102.5
1083,1839.16666666795,77.7
1084,1839.25000000128,61.8
1085,1839.33333333462,53.8
1086,1839.41666666795,54.6
1087,1839.50000000128,84.7
1088,1839.58333333462,131.2
1089,1839.66666666795,132.7
1090,1839.75000000129,90.8
1091,1839.83333333462,68.8
1092,1839.91666666796,63.6
1093,1840.00000000129,81.2
1094,1840.08333333463,87.7
1095,1840.16666666796,55.5
1096,1840.25000000129,65.9
1097,1840.33333333463,69.2
1098,1840.41666666796,48.5
1099,1840.5000000013,60.7
1100,1840.58333333463,57.8
1101,1840.66666666797,74.0
1102,1840.7500000013,49.8
1103,1840.83333333464,54.3
1104,1840.91666666797,53.7
1105,1841.00000000131,24.0
1106,1841.08333333464,29.9
1107,1841.16666666797,29.7
1108,1841.25000000131,42.6
1109,1841.33333333464,67.4
1110,1841.41666666798,55.7
1111,1841.50000000131,30.8
1112,1841.58333333465,39.3
1113,1841.66666666798,35.1
1114,1841.75000000132,28.5
1115,1841.83333333465,19.8
1116,1841.91666666799,38.8
1117,1842.00000000132,20.4
1118,1842.08333333465,22.1
1119,1842.16666666799,21.7
1120,1842.25000000132,26.9
1121,1842.33333333466,24.9
1122,1842.41666666799,20.5
1123,1842.50000000133,12.6
1124,1842.58333333466,26.5
1125,1842.666666668,18.5
1126,1842.75000000133,38.1
1127,1842.83333333466,40.5
1128,1842.916666668,17.6
1129,1843.00000000133,13.3
1130,1843.08333333467,3.5
1131,1843.166666668,8.3
1132,1843.25000000134,8.8
1133,1843.33333333467,21.1
1134,1843.41666666801,10.5
1135,1843.50000000134,9.5
1136,1843.58333333468,11.8
1137,1843.66666666801,4.2
1138,1843.75000000134,5.3
1139,1843.83333333468,19.1
1140,1843.91666666801,12.7
1141,1844.00000000135,9.4
1142,1844.08333333468,14.7
1143,1844.16666666802,13.6
1144,1844.25000000135,20.8
1145,1844.33333333469,12.0
1146,1844.41666666802,3.7
1147,1844.50000000136,21.2
1148,1844.58333333469,23.9
1149,1844.66666666802,6.9
1150,1844.75000000136,21.5
1151,1844.83333333469,10.7
1152,1844.91666666803,21.6
1153,1845.00000000136,25.7
1154,1845.0833333347,43.6
1155,1845.16666666803,43.3
1156,1845.25000000137,56.9
1157,1845.3333333347,47.8
1158,1845.41666666803,31.1
1159,1845.50000000137,30.6
1160,1845.5833333347,32.3
1161,1845.66666666804,29.6
1162,1845.75000000137,40.7
1163,1845.83333333471,39.4
1164,1845.91666666804,59.7
1165,1846.00000000138,38.7
1166,1846.08333333471,51.0
1167,1846.16666666805,63.9
1168,1846.25000000138,69.2
1169,1846.33333333471,59.9
1170,1846.41666666805,65.1
1171,1846.50000000138,46.5
1172,1846.58333333472,54.8
1173,1846.66666666805,107.1
1174,1846.75000000139,55.9
1175,1846.83333333472,60.4
1176,1846.91666666806,65.5
1177,1847.00000000139,62.6
1178,1847.08333333473,44.9
1179,1847.16666666806,85.7
1180,1847.25000000139,44.7
1181,1847.33333333473,75.4
1182,1847.41666666806,85.3
1183,1847.5000000014,52.2
1184,1847.58333333473,140.6
1185,1847.66666666807,161.2
1186,1847.7500000014,180.4
1187,1847.83333333474,138.9
1188,1847.91666666807,109.6
1189,1848.0000000014,159.1
1190,1848.08333333474,111.8
1191,1848.16666666807,108.9
1192,1848.25000000141,107.1
1193,1848.33333333474,102.2
1194,1848.41666666808,123.8
1195,1848.50000000141,139.2
1196,1848.58333333475,132.5
1197,1848.66666666808,100.3
1198,1848.75000000142,132.4
1199,1848.83333333475,114.6
1200,1848.91666666808,159.9
1201,1849.00000000142,156.7
1202,1849.08333333475,131.7
1203,1849.16666666809,96.5
1204,1849.25000000142,102.5
1205,1849.33333333476,80.6
1206,1849.41666666809,81.2
1207,1849.50000000143,78.0
1208,1849.58333333476,61.3
1209,1849.6666666681,93.7
1210,1849.75000000143,71.5
1211,1849.83333333476,99.7
1212,1849.9166666681,97.0
1213,1850.00000000143,78.0
1214,1850.08333333477,89.4
1215,1850.1666666681,82.6
1216,1850.25000000144,44.1
1217,1850.33333333477,61.6
1218,1850.41666666811,70.0
1219,1850.50000000144,39.1
1220,1850.58333333477,61.6
1221,1850.66666666811,86.2
1222,1850.75000000144,71.0
1223,1850.83333333478,54.8
1224,1850.91666666811,60.0
1225,1851.00000000145,75.5
1226,1851.08333333478,105.4
1227,1851.16666666812,64.6
1228,1851.25000000145,56.5
1229,1851.33333333479,62.6
1230,1851.41666666812,63.2
1231,1851.50000000145,36.1
1232,1851.58333333479,57.4
1233,1851.66666666812,67.9
1234,1851.75000000146,62.5
1235,1851.83333333479,50.9
1236,1851.91666666813,71.4
1237,1852.00000000146,68.4
1238,1852.0833333348,67.5
1239,1852.16666666813,61.2
1240,1852.25000000147,65.4
1241,1852.3333333348,54.9
1242,1852.41666666813,46.9
1243,1852.50000000147,42.0
1244,1852.5833333348,39.7
1245,1852.66666666814,37.5
1246,1852.75000000147,67.3
1247,1852.83333333481,54.3
1248,1852.91666666814,45.4
1249,1853.00000000148,41.1
1250,1853.08333333481,42.9
1251,1853.16666666814,37.7
1252,1853.25000000148,47.6
1253,1853.33333333481,34.7
1254,1853.41666666815,40.0
1255,1853.50000000148,45.9
1256,1853.58333333482,50.4
1257,1853.66666666815,33.5
1258,1853.75000000149,42.3
1259,1853.83333333482,28.8
1260,1853.91666666816,23.4
1261,1854.00000000149,15.4
1262,1854.08333333482,20.0
1263,1854.16666666816,20.7
1264,1854.25000000149,26.4
1265,1854.33333333483,24.0
1266,1854.41666666816,21.1
1267,1854.5000000015,18.7
1268,1854.58333333483,15.8
1269,1854.66666666817,22.4
1270,1854.7500000015,12.7
1271,1854.83333333484,28.2
1272,1854.91666666817,21.4
1273,1855.0000000015,12.3
1274,1855.08333333484,11.4
1275,1855.16666666817,17.4
1276,1855.25000000151,4.4
1277,1855.33333333484,9.1
1278,1855.41666666818,5.3
1279,1855.50000000151,0.4
1280,1855.58333333485,3.1
1281,1855.66666666818,0.0
1282,1855.75000000151,9.7
1283,1855.83333333485,4.3
1284,1855.91666666818,3.1
1285,1856.00000000152,0.5
1286,1856.08333333485,4.9
1287,1856.16666666819,0.4
1288,1856.25000000152,6.5
1289,1856.33333333486,0.0
1290,1856.41666666819,5.0
1291,1856.50000000153,4.6
1292,1856.58333333486,5.9
1293,1856.66666666819,4.4
1294,1856.75000000153,4.5
1295,1856.83333333486,7.7
1296,1856.9166666682,7.2
1297,1857.00000000153,13.7
1298,1857.08333333487,7.4
1299,1857.1666666682,5.2
1300,1857.25000000154,11.1
1301,1857.33333333487,29.2
1302,1857.41666666821,16.0
1303,1857.50000000154,22.2
1304,1857.58333333487,16.9
1305,1857.66666666821,42.4
1306,1857.75000000154,40.6
1307,1857.83333333488,31.4
1308,1857.91666666821,37.2
1309,1858.00000000155,39.0
1310,1858.08333333488,34.9
1311,1858.16666666822,57.5
1312,1858.25000000155,38.3
1313,1858.33333333488,41.4
1314,1858.41666666822,44.5
1315,1858.50000000155,56.7
1316,1858.58333333489,55.3
1317,1858.66666666822,80.1
1318,1858.75000000156,91.2
1319,1858.83333333489,51.9
1320,1858.91666666823,66.9
1321,1859.00000000156,83.7
1322,1859.0833333349,87.6
1323,1859.16666666823,90.3
1324,1859.25000000156,85.7
1325,1859.3333333349,91.0
1326,1859.41666666823,87.1
1327,1859.50000000157,95.2
1328,1859.5833333349,106.8
1329,1859.66666666824,105.8
1330,1859.75000000157,114.6
1331,1859.83333333491,97.2
1332,1859.91666666824,81.0
1333,1860.00000000158,81.5
1334,1860.08333333491,88.0
1335,1860.16666666824,98.9
1336,1860.25000000158,71.4
1337,1860.33333333491,107.1
1338,1860.41666666825,108.6
1339,1860.50000000158,116.7
1340,1860.58333333492,100.3
1341,1860.66666666825,92.2
1342,1860.75000000159,90.1
1343,1860.83333333492,97.9
1344,1860.91666666825,95.6
1345,1861.00000000159,62.3
1346,1861.08333333492,77.8
1347,1861.16666666826,101.0
1348,1861.25000000159,98.5
1349,1861.33333333493,56.8
1350,1861.41666666826,87.8
1351,1861.5000000016,78.0
1352,1861.58333333493,82.5
1353,1861.66666666827,79.9
1354,1861.7500000016,67.2
1355,1861.83333333493,53.7
1356,1861.91666666827,80.5
1357,1862.0000000016,63.1
1358,1862.08333333494,64.5
1359,1862.16666666827,43.6
1360,1862.25000000161,53.7
1361,1862.33333333494,64.4
1362,1862.41666666828,84.0
1363,1862.50000000161,73.4
1364,1862.58333333495,62.5
1365,1862.66666666828,66.6
1366,1862.75000000161,42.0
1367,1862.83333333495,50.6
1368,1862.91666666828,40.9
1369,1863.00000000162,48.3
1370,1863.08333333495,56.7
1371,1863.16666666829,66.4
1372,1863.25000000162,40.6
1373,1863.33333333496,53.8
1374,1863.41666666829,40.8
1375,1863.50000000162,32.7
1376,1863.58333333496,48.1
1377,1863.66666666829,22.0
1378,1863.75000000163,39.9
1379,1863.83333333496,37.7
1380,1863.9166666683,41.2
1381,1864.00000000163,57.7
1382,1864.08333333497,47.1
1383,1864.1666666683,66.3
1384,1864.25000000164,35.8
1385,1864.33333333497,40.6
1386,1864.4166666683,57.8
1387,1864.50000000164,54.7
1388,1864.58333333497,54.8
1389,1864.66666666831,28.5
1390,1864.75000000164,33.9
1391,1864.83333333498,57.6
1392,1864.91666666831,28.6
1393,1865.00000000165,48.7
1394,1865.08333333498,39.3
1395,1865.16666666831,39.5
1396,1865.25000000165,29.4
1397,1865.33333333498,34.5
1398,1865.41666666832,33.6
1399,1865.50000000165,26.8
1400,1865.58333333499,37.8
1401,1865.66666666832,21.6
1402,1865.75000000166,17.1
1403,1865.83333333499,24.6
1404,1865.91666666833,12.8
1405,1866.00000000166,31.6
1406,1866.08333333499,38.4
1407,1866.16666666833,24.6
1408,1866.25000000166,17.6
1409,1866.333333335,12.9
1410,1866.41666666833,16.5
1411,1866.50000000167,9.3
1412,1866.583333335,12.7
1413,1866.66666666834,7.3
1414,1866.75000000167,14.1
1415,1866.83333333501,9.0
1416,1866.91666666834,1.5
1417,1867.00000000167,0.0
1418,1867.08333333501,0.7
1419,1867.16666666834,9.2
1420,1867.25000000168,5.1
1421,1867.33333333501,2.9
1422,1867.41666666835,1.5
1423,1867.50000000168,5.0
1424,1867.58333333502,4.9
1425,1867.66666666835,9.8
1426,1867.75000000169,13.5
1427,1867.83333333502,9.3
1428,1867.91666666835,25.2
1429,1868.00000000169,15.6
1430,1868.08333333502,15.8
1431,1868.16666666836,26.5
1432,1868.25000000169,36.6
1433,1868.33333333503,26.7
1434,1868.41666666836,31.1
1435,1868.5000000017,28.6
1436,1868.58333333503,34.4
1437,1868.66666666836,43.8
1438,1868.7500000017,61.7
1439,1868.83333333503,59.1
1440,1868.91666666837,67.6
1441,1869.0000000017,60.9
1442,1869.08333333504,59.3
1443,1869.16666666837,52.7
1444,1869.25000000171,41.0
1445,1869.33333333504,104.0
1446,1869.41666666838,108.4
1447,1869.50000000171,59.2
1448,1869.58333333504,79.6
1449,1869.66666666838,80.6
1450,1869.75000000171,59.4
1451,1869.83333333505,77.4
1452,1869.91666666838,104.3
1453,1870.00000000172,77.3
1454,1870.08333333505,114.9
1455,1870.16666666839,159.4
1456,1870.25000000172,160.0
1457,1870.33333333505,176.0
1458,1870.41666666839,135.6
1459,1870.50000000172,132.4
1460,1870.58333333506,153.8
1461,1870.66666666839,136.0
1462,1870.75000000173,146.4
1463,1870.83333333506,147.5
1464,1870.9166666684,130.0
1465,1871.00000000173,88.3
1466,1871.08333333507,125.3
1467,1871.1666666684,143.2
1468,1871.25000000173,162.4
1469,1871.33333333507,145.5
1470,1871.4166666684,91.7
1471,1871.50000000174,103.0
1472,1871.58333333507,110.0
1473,1871.66666666841,80.3
1474,1871.75000000174,89.0
1475,1871.83333333508,105.4
1476,1871.91666666841,90.3
1477,1872.00000000175,79.5
1478,1872.08333333508,120.1
1479,1872.16666666841,88.4
1480,1872.25000000175,102.1
1481,1872.33333333508,107.6
1482,1872.41666666842,109.9
1483,1872.50000000175,105.5
1484,1872.58333333509,92.9
1485,1872.66666666842,114.6
1486,1872.75000000176,103.5
1487,1872.83333333509,112.0
1488,1872.91666666843,83.9
1489,1873.00000000176,86.7
1490,1873.08333333509,107.0
1491,1873.16666666843,98.3
1492,1873.25000000176,76.2
1493,1873.3333333351,47.9
1494,1873.41666666843,44.8
1495,1873.50000000177,66.9
1496,1873.5833333351,68.2
1497,1873.66666666844,47.5
1498,1873.75000000177,47.4
1499,1873.8333333351,55.4
1500,1873.91666666844,49.2
1501,1874.00000000177,60.8
1502,1874.08333333511,64.2
1503,1874.16666666844,46.4
1504,1874.25000000178,32.0
1505,1874.33333333511,44.6
1506,1874.41666666845,38.2
1507,1874.50000000178,67.8
1508,1874.58333333512,61.3
1509,1874.66666666845,28.0
1510,1874.75000000178,34.3
1511,1874.83333333512,28.9
1512,1874.91666666845,29.3
1513,1875.00000000179,14.6
1514,1875.08333333512,22.2
1515,1875.16666666846,33.8
1516,1875.25000000179,29.1
1517,1875.33333333513,11.5
1518,1875.41666666846,23.9
1519,1875.50000000179,12.5
1520,1875.58333333513,14.6
1521,1875.66666666846,2.4
1522,1875.7500000018,12.7
1523,1875.83333333513,17.7
1524,1875.91666666847,9.9
1525,1876.0000000018,14.3
1526,1876.08333333514,15.0
1527,1876.16666666847,31.2
1528,1876.25000000181,2.3
1529,1876.33333333514,5.1
1530,1876.41666666847,1.6
1531,1876.50000000181,15.2
1532,1876.58333333514,8.8
1533,1876.66666666848,9.9
1534,1876.75000000181,14.3
1535,1876.83333333515,9.9
1536,1876.91666666848,8.2
1537,1877.00000000182,24.4
1538,1877.08333333515,8.7
1539,1877.16666666849,11.7
1540,1877.25000000182,15.8
1541,1877.33333333515,21.2
1542,1877.41666666849,13.4
1543,1877.50000000182,5.9
1544,1877.58333333516,6.3
1545,1877.66666666849,16.4
1546,1877.75000000183,6.7
1547,1877.83333333516,14.5
1548,1877.9166666685,2.3
1549,1878.00000000183,3.3
1550,1878.08333333516,6.0
1551,1878.1666666685,7.8
1552,1878.25000000183,0.1
1553,1878.33333333517,5.8
1554,1878.4166666685,6.4
1555,1878.50000000184,0.1
1556,1878.58333333517,0.0
1557,1878.66666666851,5.3
1558,1878.75000000184,1.1
1559,1878.83333333518,4.1
1560,1878.91666666851,0.5
1561,1879.00000000184,0.8
1562,1879.08333333518,0.6
1563,1879.16666666851,0.0
1564,1879.25000000185,6.2
1565,1879.33333333518,2.4
1566,1879.41666666852,4.8
1567,1879.50000000185,7.5
1568,1879.58333333519,10.7
1569,1879.66666666852,6.1
1570,1879.75000000186,12.3
1571,1879.83333333519,12.9
1572,1879.91666666852,7.2
1573,1880.00000000186,24.0
1574,1880.08333333519,27.5
1575,1880.16666666853,19.5
1576,1880.25000000186,19.3
1577,1880.3333333352,23.5
1578,1880.41666666853,34.1
1579,1880.50000000187,21.9
1580,1880.5833333352,48.1
1581,1880.66666666854,66.0
1582,1880.75000000187,43.0
1583,1880.8333333352,30.7
1584,1880.91666666854,29.6
1585,1881.00000000187,36.4
1586,1881.08333333521,53.2
1587,1881.16666666854,51.5
1588,1881.25000000188,51.7
1589,1881.33333333521,43.5
1590,1881.41666666855,60.5
1591,1881.50000000188,76.9
1592,1881.58333333521,58.0
1593,1881.66666666855,53.2
1594,1881.75000000188,64.0
1595,1881.83333333522,54.8
1596,1881.91666666855,47.3
1597,1882.00000000189,45.0
1598,1882.08333333522,69.3
1599,1882.16666666856,67.5
1600,1882.25000000189,95.8
1601,1882.33333333523,64.1
1602,1882.41666666856,45.2
1603,1882.50000000189,45.4
1604,1882.58333333523,40.4
1605,1882.66666666856,57.7
1606,1882.7500000019,59.2
1607,1882.83333333523,84.4
1608,1882.91666666857,41.8
1609,1883.0000000019,60.6
1610,1883.08333333524,46.9
1611,1883.16666666857,42.8
1612,1883.2500000019,82.1
1613,1883.33333333524,32.1
1614,1883.41666666857,76.5
1615,1883.50000000191,80.6
1616,1883.58333333524,46.0
1617,1883.66666666858,52.6
1618,1883.75000000191,83.8
1619,1883.83333333525,84.5
1620,1883.91666666858,75.9
1621,1884.00000000192,91.5
1622,1884.08333333525,86.9
1623,1884.16666666858,86.8
1624,1884.25000000192,76.1
1625,1884.33333333525,66.5
1626,1884.41666666859,51.2
1627,1884.50000000192,53.1
1628,1884.58333333526,55.8
1629,1884.66666666859,61.9
1630,1884.75000000193,47.8
1631,1884.83333333526,36.6
1632,1884.9166666686,47.2
1633,1885.00000000193,42.8
1634,1885.08333333526,71.8
1635,1885.1666666686,49.8
1636,1885.25000000193,55.0
1637,1885.33333333527,73.0
1638,1885.4166666686,83.7
1639,1885.50000000194,66.5
1640,1885.58333333527,50.0
1641,1885.66666666861,39.6
1642,1885.75000000194,38.7
1643,1885.83333333528,33.3
1644,1885.91666666861,21.7
1645,1886.00000000194,29.9
1646,1886.08333333528,25.9
1647,1886.16666666861,57.3
1648,1886.25000000195,43.7
1649,1886.33333333528,30.7
1650,1886.41666666862,27.1
1651,1886.50000000195,30.3
1652,1886.58333333529,16.9
1653,1886.66666666862,21.4
1654,1886.75000000195,8.6
1655,1886.83333333529,0.3
1656,1886.91666666862,12.4
1657,1887.00000000196,10.3
1658,1887.08333333529,13.2
1659,1887.16666666863,4.2
1660,1887.25000000196,6.9
1661,1887.3333333353,20.0
1662,1887.41666666863,15.7
1663,1887.50000000197,23.3
1664,1887.5833333353,21.4
1665,1887.66666666863,7.4
1666,1887.75000000197,6.6
1667,1887.8333333353,6.9
1668,1887.91666666864,20.7
1669,1888.00000000197,12.7
1670,1888.08333333531,7.1
1671,1888.16666666864,7.8
1672,1888.25000000198,5.1
1673,1888.33333333531,7.0
1674,1888.41666666864,7.1
1675,1888.50000000198,3.1
1676,1888.58333333531,2.8
1677,1888.66666666865,8.8
1678,1888.75000000198,2.1
1679,1888.83333333532,10.7
1680,1888.91666666865,6.7
1681,1889.00000000199,0.8
1682,1889.08333333532,8.5
1683,1889.16666666866,7.0
1684,1889.25000000199,4.3
1685,1889.33333333532,2.4
1686,1889.41666666866,6.4
1687,1889.50000000199,9.7
1688,1889.58333333533,20.6
1689,1889.66666666866,6.5
1690,1889.750000002,2.1
1691,1889.83333333533,0.2
1692,1889.91666666867,6.7
1693,1890.000000002,5.3
1694,1890.08333333534,0.6
1695,1890.16666666867,5.1
1696,1890.250000002,1.6
1697,1890.33333333534,4.8
1698,1890.41666666867,1.3
1699,1890.50000000201,11.6
1700,1890.58333333534,8.5
1701,1890.66666666868,17.2
1702,1890.75000000201,11.2
1703,1890.83333333535,9.6
1704,1890.91666666868,7.8
1705,1891.00000000201,13.5
1706,1891.08333333535,22.2
1707,1891.16666666868,10.4
1708,1891.25000000202,20.5
1709,1891.33333333535,41.1
1710,1891.41666666869,48.3
1711,1891.50000000202,58.8
1712,1891.58333333536,33.2
1713,1891.66666666869,53.8
1714,1891.75000000203,51.5
1715,1891.83333333536,41.9
1716,1891.91666666869,32.3
1717,1892.00000000203,69.1
1718,1892.08333333536,75.6
1719,1892.1666666687,49.9
1720,1892.25000000203,69.6
1721,1892.33333333537,79.6
1722,1892.4166666687,76.3
1723,1892.50000000204,76.8
1724,1892.58333333537,101.4
1725,1892.66666666871,62.8
1726,1892.75000000204,70.5
1727,1892.83333333537,65.4
1728,1892.91666666871,78.6
1729,1893.00000000204,75.0
1730,1893.08333333538,73.0
1731,1893.16666666871,65.7
1732,1893.25000000205,88.1
1733,1893.33333333538,84.7
1734,1893.41666666872,88.2
1735,1893.50000000205,88.8
1736,1893.58333333538,129.2
1737,1893.66666666872,77.9
1738,1893.75000000205,79.7
1739,1893.83333333539,75.1
1740,1893.91666666872,93.8
1741,1894.00000000206,83.2
1742,1894.08333333539,84.6
1743,1894.16666666873,52.3
1744,1894.25000000206,81.6
1745,1894.3333333354,101.2
1746,1894.41666666873,98.9
1747,1894.50000000206,106.0
1748,1894.5833333354,70.3
1749,1894.66666666873,65.9
1750,1894.75000000207,75.5
1751,1894.8333333354,56.6
1752,1894.91666666874,60.0
1753,1895.00000000207,63.3
1754,1895.08333333541,67.2
1755,1895.16666666874,61.0
1756,1895.25000000208,76.9
1757,1895.33333333541,67.5
1758,1895.41666666874,71.5
1759,1895.50000000208,47.8
1760,1895.58333333541,68.9
1761,1895.66666666875,57.7
1762,1895.75000000208,67.9
1763,1895.83333333542,47.2
1764,1895.91666666875,70.7
1765,1896.00000000209,29.0
1766,1896.08333333542,57.4
1767,1896.16666666875,52.0
1768,1896.25000000209,43.8
1769,1896.33333333542,27.7
1770,1896.41666666876,49.0
1771,1896.50000000209,45.0
1772,1896.58333333543,27.2
1773,1896.66666666876,61.3
1774,1896.7500000021,28.4
1775,1896.83333333543,38.0
1776,1896.91666666877,42.6
1777,1897.0000000021,40.6
1778,1897.08333333543,29.4
1779,1897.16666666877,29.1
1780,1897.2500000021,31.0
1781,1897.33333333544,20.0
1782,1897.41666666877,11.3
1783,1897.50000000211,27.6
1784,1897.58333333544,21.8
1785,1897.66666666878,48.1
1786,1897.75000000211,14.3
1787,1897.83333333545,8.4
1788,1897.91666666878,33.3
1789,1898.00000000211,30.2
1790,1898.08333333545,36.4
1791,1898.16666666878,38.3
1792,1898.25000000212,14.5
1793,1898.33333333545,25.8
1794,1898.41666666879,22.3
1795,1898.50000000212,9.0
1796,1898.58333333546,31.4
1797,1898.66666666879,34.8
1798,1898.75000000212,34.4
1799,1898.83333333546,30.9
1800,1898.91666666879,12.6
1801,1899.00000000213,19.5
1802,1899.08333333546,9.2
1803,1899.1666666688,18.1
1804,1899.25000000213,14.2
1805,1899.33333333547,7.7
1806,1899.4166666688,20.5
1807,1899.50000000214,13.5
1808,1899.58333333547,2.9
1809,1899.6666666688,8.4
1810,1899.75000000214,13.0
1811,1899.83333333547,7.8
1812,1899.91666666881,10.5
1813,1900.00000000214,9.4
1814,1900.08333333548,13.6
1815,1900.16666666881,8.6
1816,1900.25000000215,16.0
1817,1900.33333333548,15.2
1818,1900.41666666882,12.1
1819,1900.50000000215,8.3
1820,1900.58333333548,4.3
1821,1900.66666666882,8.3
1822,1900.75000000215,12.9
1823,1900.83333333549,4.5
1824,1900.91666666882,0.3
1825,1901.00000000216,0.2
1826,1901.08333333549,2.4
1827,1901.16666666883,4.5
1828,1901.25000000216,0.0
1829,1901.33333333549,10.2
1830,1901.41666666883,5.8
1831,1901.50000000216,0.7
1832,1901.5833333355,1.0
1833,1901.66666666883,0.6
1834,1901.75000000217,3.7
1835,1901.8333333355,3.8
1836,1901.91666666884,0.0
1837,1902.00000000217,5.2
1838,1902.08333333551,0.0
1839,1902.16666666884,12.4
1840,1902.25000000217,0.0
1841,1902.33333333551,2.8
1842,1902.41666666884,1.4
1843,1902.50000000218,0.9
1844,1902.58333333551,2.3
1845,1902.66666666885,7.6
1846,1902.75000000218,16.3
1847,1902.83333333552,10.3
1848,1902.91666666885,1.1
1849,1903.00000000219,8.3
1850,1903.08333333552,17.0
1851,1903.16666666885,13.5
1852,1903.25000000219,26.1
1853,1903.33333333552,14.6
1854,1903.41666666886,16.3
1855,1903.50000000219,27.9
1856,1903.58333333553,28.8
1857,1903.66666666886,11.1
1858,1903.7500000022,38.9
1859,1903.83333333553,44.5
1860,1903.91666666886,45.6
1861,1904.0000000022,31.6
1862,1904.08333333553,24.5
1863,1904.16666666887,37.2
1864,1904.2500000022,43.0
1865,1904.33333333554,39.5
1866,1904.41666666887,41.9
1867,1904.50000000221,50.6
1868,1904.58333333554,58.2
1869,1904.66666666888,30.1
1870,1904.75000000221,54.2
1871,1904.83333333554,38.0
1872,1904.91666666888,54.6
1873,1905.00000000221,54.8
1874,1905.08333333555,85.8
1875,1905.16666666888,56.5
1876,1905.25000000222,39.3
1877,1905.33333333555,48.0
1878,1905.41666666889,49.0
1879,1905.50000000222,73.0
1880,1905.58333333556,58.8
1881,1905.66666666889,55.0
1882,1905.75000000222,78.7
1883,1905.83333333556,107.2
1884,1905.91666666889,55.5
1885,1906.00000000223,45.5
1886,1906.08333333556,31.3
1887,1906.1666666689,64.5
1888,1906.25000000223,55.3
1889,1906.33333333557,57.7
1890,1906.4166666689,63.2
1891,1906.50000000223,103.6
1892,1906.58333333557,47.7
1893,1906.6666666689,56.1
1894,1906.75000000224,17.8
1895,1906.83333333557,38.9
1896,1906.91666666891,64.7
1897,1907.00000000224,76.4
1898,1907.08333333558,108.2
1899,1907.16666666891,60.7
1900,1907.25000000225,52.6
1901,1907.33333333558,42.9
1902,1907.41666666891,40.4
1903,1907.50000000225,49.7
1904,1907.58333333558,54.3
1905,1907.66666666892,85.0
1906,1907.75000000225,65.4
1907,1907.83333333559,61.5
1908,1907.91666666892,47.3
1909,1908.00000000226,39.2
1910,1908.08333333559,33.9
1911,1908.16666666893,28.7
1912,1908.25000000226,57.6
1913,1908.33333333559,40.8
1914,1908.41666666893,48.1
1915,1908.50000000226,39.5
1916,1908.5833333356,90.5
1917,1908.66666666893,86.9
1918,1908.75000000227,32.3
1919,1908.8333333356,45.5
1920,1908.91666666894,39.5
1921,1909.00000000227,56.7
1922,1909.0833333356,46.6
1923,1909.16666666894,66.3
1924,1909.25000000227,32.3
1925,1909.33333333561,36.0
1926,1909.41666666894,22.6
1927,1909.50000000228,35.8
1928,1909.58333333561,23.1
1929,1909.66666666895,38.8
1930,1909.75000000228,58.4
1931,1909.83333333562,55.8
1932,1909.91666666895,54.2
1933,1910.00000000228,26.4
1934,1910.08333333562,31.5
1935,1910.16666666895,21.4
1936,1910.25000000229,8.4
1937,1910.33333333562,22.2
1938,1910.41666666896,12.3
1939,1910.50000000229,14.1
1940,1910.58333333563,11.5
1941,1910.66666666896,26.2
1942,1910.7500000023,38.3
1943,1910.83333333563,4.9
1944,1910.91666666896,5.8
1945,1911.0000000023,3.4
1946,1911.08333333563,9.0
1947,1911.16666666897,7.8
1948,1911.2500000023,16.5
1949,1911.33333333564,9.0
1950,1911.41666666897,2.2
1951,1911.50000000231,3.5
1952,1911.58333333564,4.0
1953,1911.66666666897,4.0
1954,1911.75000000231,2.6
1955,1911.83333333564,4.2
1956,1911.91666666898,2.2
1957,1912.00000000231,0.3
1958,1912.08333333565,0.0
1959,1912.16666666898,4.9
1960,1912.25000000232,4.5
1961,1912.33333333565,4.4
1962,1912.41666666899,4.1
1963,1912.50000000232,3.0
1964,1912.58333333565,0.3
1965,1912.66666666899,9.5
1966,1912.75000000232,4.6
1967,1912.83333333566,1.1
1968,1912.91666666899,6.4
1969,1913.00000000233,2.3
1970,1913.08333333566,2.9
1971,1913.166666669,0.5
1972,1913.25000000233,0.9
1973,1913.33333333567,0.0
1974,1913.416666669,0.0
1975,1913.50000000233,1.7
1976,1913.58333333567,0.2
1977,1913.666666669,1.2
1978,1913.75000000234,3.1
1979,1913.83333333567,0.7
1980,1913.91666666901,3.8
1981,1914.00000000234,2.8
1982,1914.08333333568,2.6
1983,1914.16666666901,3.1
1984,1914.25000000234,17.3
1985,1914.33333333568,5.2
1986,1914.41666666901,11.4
1987,1914.50000000235,5.4
1988,1914.58333333568,7.7
1989,1914.66666666902,12.7
1990,1914.75000000235,8.2
1991,1914.83333333569,16.4
1992,1914.91666666902,22.3
1993,1915.00000000236,23.0
1994,1915.08333333569,42.3
1995,1915.16666666902,38.8
1996,1915.25000000236,41.3
1997,1915.33333333569,33.0
1998,1915.41666666903,68.8
1999,1915.50000000236,71.6
2000,1915.5833333357,69.6
2001,1915.66666666903,49.5
2002,1915.75000000237,53.5
2003,1915.8333333357,42.5
2004,1915.91666666904,34.5
2005,1916.00000000237,45.3
2006,1916.0833333357,55.4
2007,1916.16666666904,67.0
2008,1916.25000000237,71.8
2009,1916.33333333571,74.5
2010,1916.41666666904,67.7
2011,1916.50000000238,53.5
2012,1916.58333333571,35.2
2013,1916.66666666905,45.1
2014,1916.75000000238,50.7
2015,1916.83333333571,65.6
2016,1916.91666666905,53.0
2017,1917.00000000238,74.7
2018,1917.08333333572,71.9
2019,1917.16666666905,94.8
2020,1917.25000000239,74.7
2021,1917.33333333572,114.1
2022,1917.41666666906,114.9
2023,1917.50000000239,119.8
2024,1917.58333333573,154.5
2025,1917.66666666906,129.4
2026,1917.75000000239,72.2
2027,1917.83333333573,96.4
2028,1917.91666666906,129.3
2029,1918.0000000024,96.0
2030,1918.08333333573,65.3
2031,1918.16666666907,72.2
2032,1918.2500000024,80.5
2033,1918.33333333574,76.7
2034,1918.41666666907,59.4
2035,1918.50000000241,107.6
2036,1918.58333333574,101.7
2037,1918.66666666907,79.9
2038,1918.75000000241,85.0
2039,1918.83333333574,83.4
2040,1918.91666666908,59.2
2041,1919.00000000241,48.1
2042,1919.08333333575,79.5
2043,1919.16666666908,66.5
2044,1919.25000000242,51.8
2045,1919.33333333575,88.1
2046,1919.41666666908,111.2
2047,1919.50000000242,64.7
2048,1919.58333333575,69.0
2049,1919.66666666909,54.7
2050,1919.75000000242,52.8
2051,1919.83333333576,42.0
2052,1919.91666666909,34.9
2053,1920.00000000243,51.1
2054,1920.08333333576,53.9
2055,1920.1666666691,70.2
2056,1920.25000000243,14.8
2057,1920.33333333576,33.3
2058,1920.4166666691,38.7
2059,1920.50000000243,27.5
2060,1920.58333333577,19.2
2061,1920.6666666691,36.3
2062,1920.75000000244,49.6
2063,1920.83333333577,27.2
2064,1920.91666666911,29.9
2065,1921.00000000244,31.5
2066,1921.08333333578,28.3
2067,1921.16666666911,26.7
2068,1921.25000000244,32.4
2069,1921.33333333578,22.2
2070,1921.41666666911,33.7
2071,1921.50000000245,41.9
2072,1921.58333333578,22.8
2073,1921.66666666912,17.8
2074,1921.75000000245,18.2
2075,1921.83333333579,17.8
2076,1921.91666666912,20.3
2077,1922.00000000245,11.8
2078,1922.08333333579,26.4
2079,1922.16666666912,54.7
2080,1922.25000000246,11.0
2081,1922.33333333579,8.0
2082,1922.41666666913,5.8
2083,1922.50000000246,10.9
2084,1922.5833333358,6.5
2085,1922.66666666913,4.7
2086,1922.75000000247,6.2
2087,1922.8333333358,7.4
2088,1922.91666666913,17.5
2089,1923.00000000247,4.5
2090,1923.0833333358,1.5
2091,1923.16666666914,3.3
2092,1923.25000000247,6.1
2093,1923.33333333581,3.2
2094,1923.41666666914,9.1
2095,1923.50000000248,3.5
2096,1923.58333333581,0.5
2097,1923.66666666915,13.2
2098,1923.75000000248,11.6
2099,1923.83333333581,10.0
2100,1923.91666666915,2.8
2101,1924.00000000248,0.5
2102,1924.08333333582,5.1
2103,1924.16666666915,1.8
2104,1924.25000000249,11.3
2105,1924.33333333582,20.8
2106,1924.41666666916,24.0
2107,1924.50000000249,28.1
2108,1924.58333333582,19.3
2109,1924.66666666916,25.1
2110,1924.75000000249,25.6
2111,1924.83333333583,22.5
2112,1924.91666666916,16.5
2113,1925.0000000025,5.5
2114,1925.08333333583,23.2
2115,1925.16666666917,18.0
2116,1925.2500000025,31.7
2117,1925.33333333584,42.8
2118,1925.41666666917,47.5
2119,1925.5000000025,38.5
2120,1925.58333333584,37.9
2121,1925.66666666917,60.2
2122,1925.75000000251,69.2
2123,1925.83333333584,58.6
2124,1925.91666666918,98.6
2125,1926.00000000251,71.8
2126,1926.08333333585,70.0
2127,1926.16666666918,62.5
2128,1926.25000000252,38.5
2129,1926.33333333585,64.3
2130,1926.41666666918,73.5
2131,1926.50000000252,52.3
2132,1926.58333333585,61.6
2133,1926.66666666919,60.8
2134,1926.75000000252,71.5
2135,1926.83333333586,60.5
2136,1926.91666666919,79.4
2137,1927.00000000253,81.6
2138,1927.08333333586,93.0
2139,1927.16666666919,69.6
2140,1927.25000000253,93.5
2141,1927.33333333586,79.1
2142,1927.4166666692,59.1
2143,1927.50000000253,54.9
2144,1927.58333333587,53.8
2145,1927.6666666692,68.4
2146,1927.75000000254,63.1
2147,1927.83333333587,67.2
2148,1927.91666666921,45.2
2149,1928.00000000254,83.5
2150,1928.08333333587,73.5
2151,1928.16666666921,85.4
2152,1928.25000000254,80.6
2153,1928.33333333588,76.9
2154,1928.41666666921,91.4
2155,1928.50000000255,98.0
2156,1928.58333333588,83.8
2157,1928.66666666922,89.7
2158,1928.75000000255,61.4
2159,1928.83333333589,50.3
2160,1928.91666666922,59.0
2161,1929.00000000255,68.9
2162,1929.08333333589,64.1
2163,1929.16666666922,50.2
2164,1929.25000000256,52.8
2165,1929.33333333589,58.2
2166,1929.41666666923,71.9
2167,1929.50000000256,70.2
2168,1929.5833333359,65.8
2169,1929.66666666923,34.4
2170,1929.75000000256,54.0
2171,1929.8333333359,81.1
2172,1929.91666666923,108.0
2173,1930.00000000257,65.3
2174,1930.0833333359,49.2
2175,1930.16666666924,35.0
2176,1930.25000000257,38.2
2177,1930.33333333591,36.8
2178,1930.41666666924,28.8
2179,1930.50000000258,21.9
2180,1930.58333333591,24.9
2181,1930.66666666924,32.1
2182,1930.75000000258,34.4
2183,1930.83333333591,35.6
2184,1930.91666666925,25.8
2185,1931.00000000258,14.6
2186,1931.08333333592,43.1
2187,1931.16666666925,30.0
2188,1931.25000000259,31.2
2189,1931.33333333592,24.6
2190,1931.41666666926,15.3
2191,1931.50000000259,17.4
2192,1931.58333333592,13.0
2193,1931.66666666926,19.0
2194,1931.75000000259,10.0
2195,1931.83333333593,18.7
2196,1931.91666666926,17.8
2197,1932.0000000026,12.1
2198,1932.08333333593,10.6
2199,1932.16666666927,11.2
2200,1932.2500000026,11.2
2201,1932.33333333593,17.9
2202,1932.41666666927,22.2
2203,1932.5000000026,9.6
2204,1932.58333333594,6.8
2205,1932.66666666927,4.0
2206,1932.75000000261,8.9
2207,1932.83333333594,8.2
2208,1932.91666666928,11.0
2209,1933.00000000261,12.3
2210,1933.08333333595,22.2
2211,1933.16666666928,10.1
2212,1933.25000000261,2.9
2213,1933.33333333595,3.2
2214,1933.41666666928,5.2
2215,1933.50000000262,2.8
2216,1933.58333333595,0.2
2217,1933.66666666929,5.1
2218,1933.75000000262,3.0
2219,1933.83333333596,0.6
2220,1933.91666666929,0.3
2221,1934.00000000263,3.4
2222,1934.08333333596,7.8
2223,1934.16666666929,4.3
2224,1934.25000000263,11.3
2225,1934.33333333596,19.7
2226,1934.4166666693,6.7
2227,1934.50000000263,9.3
2228,1934.58333333597,8.3
2229,1934.6666666693,4.0
2230,1934.75000000264,5.7
2231,1934.83333333597,8.7
2232,1934.9166666693,15.4
2233,1935.00000000264,18.9
2234,1935.08333333597,20.5
2235,1935.16666666931,23.1
2236,1935.25000000264,12.2
2237,1935.33333333598,27.3
2238,1935.41666666931,45.7
2239,1935.50000000265,33.9
2240,1935.58333333598,30.1
2241,1935.66666666932,42.1
2242,1935.75000000265,53.2
2243,1935.83333333598,64.2
2244,1935.91666666932,61.5
2245,1936.00000000265,62.8
2246,1936.08333333599,74.3
2247,1936.16666666932,77.1
2248,1936.25000000266,74.9
2249,1936.33333333599,54.6
2250,1936.41666666933,70.0
2251,1936.50000000266,52.3
2252,1936.583333336,87.0
2253,1936.66666666933,76.0
2254,1936.75000000266,89.0
2255,1936.833333336,115.4
2256,1936.91666666933,123.4
2257,1937.00000000267,132.5
2258,1937.083333336,128.5
2259,1937.16666666934,83.9
2260,1937.25000000267,109.3
2261,1937.33333333601,116.7
2262,1937.41666666934,130.3
2263,1937.50000000267,145.1
2264,1937.58333333601,137.7
2265,1937.66666666934,100.7
2266,1937.75000000268,124.9
2267,1937.83333333601,74.4
2268,1937.91666666935,88.8
2269,1938.00000000268,98.4
2270,1938.08333333602,119.2
2271,1938.16666666935,86.5
2272,1938.25000000269,101.0
2273,1938.33333333602,127.4
2274,1938.41666666935,97.5
2275,1938.50000000269,165.3
2276,1938.58333333602,115.7
2277,1938.66666666936,89.6
2278,1938.75000000269,99.1
2279,1938.83333333603,122.2
2280,1938.91666666936,92.7
2281,1939.0000000027,80.3
2282,1939.08333333603,77.4
2283,1939.16666666936,64.6
2284,1939.2500000027,109.1
2285,1939.33333333603,118.3
2286,1939.41666666937,101.0
2287,1939.5000000027,97.6
2288,1939.58333333604,105.8
2289,1939.66666666937,112.6
2290,1939.75000000271,88.1
2291,1939.83333333604,68.1
2292,1939.91666666938,42.1
2293,1940.00000000271,50.5
2294,1940.08333333604,59.4
2295,1940.16666666938,83.3
2296,1940.25000000271,60.7
2297,1940.33333333605,54.4
2298,1940.41666666938,83.9
2299,1940.50000000272,67.5
2300,1940.58333333605,105.5
2301,1940.66666666939,66.5
2302,1940.75000000272,55.0
2303,1940.83333333606,58.4
2304,1940.91666666939,68.3
2305,1941.00000000272,45.6
2306,1941.08333333606,44.5
2307,1941.16666666939,46.4
2308,1941.25000000273,32.8
2309,1941.33333333606,29.5
2310,1941.4166666694,59.8
2311,1941.50000000273,66.9
2312,1941.58333333607,60.0
2313,1941.6666666694,65.9
2314,1941.75000000274,46.3
2315,1941.83333333607,38.3
2316,1941.9166666694,33.7
2317,1942.00000000274,35.6
2318,1942.08333333607,52.8
2319,1942.16666666941,54.2
2320,1942.25000000274,60.7
2321,1942.33333333608,25.0
2322,1942.41666666941,11.4
2323,1942.50000000275,17.7
2324,1942.58333333608,20.2
2325,1942.66666666941,17.2
2326,1942.75000000275,19.2
2327,1942.83333333608,30.7
2328,1942.91666666942,22.5
2329,1943.00000000275,12.4
2330,1943.08333333609,28.9
2331,1943.16666666942,27.4
2332,1943.25000000276,26.1
2333,1943.33333333609,14.1
2334,1943.41666666943,7.6
2335,1943.50000000276,13.2
2336,1943.58333333609,19.4
2337,1943.66666666943,10.0
2338,1943.75000000276,7.8
2339,1943.8333333361,10.2
2340,1943.91666666943,18.8
2341,1944.00000000277,3.7
2342,1944.0833333361,0.5
2343,1944.16666666944,11.0
2344,1944.25000000277,0.3
2345,1944.3333333361,2.5
2346,1944.41666666944,5.0
2347,1944.50000000277,5.0
2348,1944.58333333611,16.7
2349,1944.66666666944,14.3
2350,1944.75000000278,16.9
2351,1944.83333333611,10.8
2352,1944.91666666945,28.4
2353,1945.00000000278,18.5
2354,1945.08333333612,12.7
2355,1945.16666666945,21.5
2356,1945.25000000278,32.0
2357,1945.33333333612,30.6
2358,1945.41666666945,36.2
2359,1945.50000000279,42.6
2360,1945.58333333612,25.9
2361,1945.66666666946,34.9
2362,1945.75000000279,68.8
2363,1945.83333333613,46.0
2364,1945.91666666946,27.4
2365,1946.0000000028,47.6
2366,1946.08333333613,86.2
2367,1946.16666666946,76.6
2368,1946.2500000028,75.7
2369,1946.33333333613,84.9
2370,1946.41666666947,73.5
2371,1946.5000000028,116.2
2372,1946.58333333614,107.2
2373,1946.66666666947,94.4
2374,1946.75000000281,102.3
2375,1946.83333333614,123.8
2376,1946.91666666948,121.7
2377,1947.00000000281,115.7
2378,1947.08333333614,113.4
2379,1947.16666666948,129.8
2380,1947.25000000281,149.8
2381,1947.33333333615,201.3
2382,1947.41666666948,163.9
2383,1947.50000000282,157.9
2384,1947.58333333615,188.8
2385,1947.66666666949,169.4
2386,1947.75000000282,163.6
2387,1947.83333333615,128.0
2388,1947.91666666949,116.5
2389,1948.00000000282,108.5
2390,1948.08333333616,86.1
2391,1948.16666666949,94.8
2392,1948.25000000283,189.7
2393,1948.33333333616,174.0
2394,1948.4166666695,167.8
2395,1948.50000000283,142.2
2396,1948.58333333617,157.9
2397,1948.6666666695,143.3
2398,1948.75000000283,136.3
2399,1948.83333333617,95.8
2400,1948.9166666695,138.0
2401,1949.00000000284,119.1
2402,1949.08333333617,182.3
2403,1949.16666666951,157.5
2404,1949.25000000284,147.0
2405,1949.33333333618,106.2
2406,1949.41666666951,121.7
2407,1949.50000000284,125.8
2408,1949.58333333618,123.8
2409,1949.66666666951,145.3
2410,1949.75000000285,131.6
2411,1949.83333333618,143.5
2412,1949.91666666952,117.6
2413,1950.00000000285,101.6
2414,1950.08333333619,94.8
2415,1950.16666666952,109.7
2416,1950.25000000286,113.4
2417,1950.33333333619,106.2
2418,1950.41666666952,83.6
2419,1950.50000000286,91.0
2420,1950.58333333619,85.2
2421,1950.66666666953,51.3
2422,1950.75000000286,61.4
2423,1950.8333333362,54.8
2424,1950.91666666953,54.1
2425,1951.00000000287,59.9
2426,1951.0833333362,59.9
2427,1951.16666666954,59.9
2428,1951.25000000287,92.9
2429,1951.3333333362,108.5
2430,1951.41666666954,100.6
2431,1951.50000000287,61.5
2432,1951.58333333621,61.0
2433,1951.66666666954,83.1
2434,1951.75000000288,51.6
2435,1951.83333333621,52.4
2436,1951.91666666955,45.8
2437,1952.00000000288,40.7
2438,1952.08333333621,22.7
2439,1952.16666666955,22.0
2440,1952.25000000288,29.1
2441,1952.33333333622,23.4
2442,1952.41666666955,36.4
2443,1952.50000000289,39.3
2444,1952.58333333622,54.9
2445,1952.66666666956,28.2
2446,1952.75000000289,23.8
2447,1952.83333333623,22.1
2448,1952.91666666956,34.3
2449,1953.00000000289,26.5
2450,1953.08333333623,3.9
2451,1953.16666666956,10.0
2452,1953.2500000029,27.8
2453,1953.33333333623,12.5
2454,1953.41666666957,21.8
2455,1953.5000000029,8.6
2456,1953.58333333624,23.5
2457,1953.66666666957,19.3
2458,1953.75000000291,8.2
2459,1953.83333333624,1.6
2460,1953.91666666957,2.5
2461,1954.00000000291,0.2
2462,1954.08333333624,0.5
2463,1954.16666666958,10.9
2464,1954.25000000291,1.8
2465,1954.33333333625,0.8
2466,1954.41666666958,0.2
2467,1954.50000000292,4.8
2468,1954.58333333625,8.4
2469,1954.66666666959,1.5
2470,1954.75000000292,7.0
2471,1954.83333333625,9.2
2472,1954.91666666959,7.6
2473,1955.00000000292,23.1
2474,1955.08333333626,20.8
2475,1955.16666666959,4.9
2476,1955.25000000293,11.3
2477,1955.33333333626,28.9
2478,1955.4166666696,31.7
2479,1955.50000000293,26.7
2480,1955.58333333626,40.7
2481,1955.6666666696,42.7
2482,1955.75000000293,58.5
2483,1955.83333333627,89.2
2484,1955.9166666696,76.9
2485,1956.00000000294,73.6
2486,1956.08333333627,124.0
2487,1956.16666666961,118.4
2488,1956.25000000294,110.7
2489,1956.33333333628,136.6
2490,1956.41666666961,116.6
2491,1956.50000000294,129.1
2492,1956.58333333628,169.6
2493,1956.66666666961,173.2
2494,1956.75000000295,155.3
2495,1956.83333333628,201.3
2496,1956.91666666962,192.1
2497,1957.00000000295,165.0
2498,1957.08333333629,130.2
2499,1957.16666666962,157.4
2500,1957.25000000295,175.2
2501,1957.33333333629,164.6
2502,1957.41666666962,200.7
2503,1957.50000000296,187.2
2504,1957.58333333629,158.0
2505,1957.66666666963,235.8
2506,1957.75000000296,253.8
2507,1957.8333333363,210.9
2508,1957.91666666963,239.4
2509,1958.00000000297,202.5
2510,1958.0833333363,164.9
2511,1958.16666666963,190.7
2512,1958.25000000297,196.0
2513,1958.3333333363,175.3
2514,1958.41666666964,171.5
2515,1958.50000000297,191.4
2516,1958.58333333631,200.2
2517,1958.66666666964,201.2
2518,1958.75000000298,181.5
2519,1958.83333333631,152.3
2520,1958.91666666965,187.6
2521,1959.00000000298,217.4
2522,1959.08333333631,143.1
2523,1959.16666666965,185.7
2524,1959.25000000298,163.3
2525,1959.33333333632,172.0
2526,1959.41666666965,168.7
2527,1959.50000000299,149.6
2528,1959.58333333632,199.6
2529,1959.66666666966,145.2
2530,1959.75000000299,111.4
2531,1959.83333333633,124.0
2532,1959.91666666966,125.0
2533,1960.00000000299,146.3
2534,1960.08333333633,106.0
2535,1960.16666666966,102.2
2536,1960.250000003,122.0
2537,1960.33333333633,119.6
2538,1960.41666666967,110.2
2539,1960.500000003,121.7
2540,1960.58333333634,134.1
2541,1960.66666666967,127.2
2542,1960.750000003,82.8
2543,1960.83333333634,89.6
2544,1960.91666666967,85.6
2545,1961.00000000301,57.9
2546,1961.08333333634,46.1
2547,1961.16666666968,53.0
2548,1961.25000000301,61.4
2549,1961.33333333635,51.0
2550,1961.41666666968,77.4
2551,1961.50000000302,70.2
2552,1961.58333333635,55.9
2553,1961.66666666968,63.6
2554,1961.75000000302,37.7
2555,1961.83333333635,32.6
2556,1961.91666666969,40.0
2557,1962.00000000302,38.7
2558,1962.08333333636,50.3
2559,1962.16666666969,45.6
2560,1962.25000000303,46.4
2561,1962.33333333636,43.7
2562,1962.41666666969,42.0
2563,1962.50000000303,21.8
2564,1962.58333333636,21.8
2565,1962.6666666697,51.3
2566,1962.75000000303,39.5
2567,1962.83333333637,26.9
2568,1962.9166666697,23.2
2569,1963.00000000304,19.8
2570,1963.08333333637,24.4
2571,1963.16666666971,17.1
2572,1963.25000000304,29.3
2573,1963.33333333637,43.0
2574,1963.41666666971,35.9
2575,1963.50000000304,19.6
2576,1963.58333333638,33.2
2577,1963.66666666971,38.8
2578,1963.75000000305,35.3
2579,1963.83333333638,23.4
2580,1963.91666666972,14.9
2581,1964.00000000305,15.3
2582,1964.08333333639,17.7
2583,1964.16666666972,16.5
2584,1964.25000000305,8.6
2585,1964.33333333639,9.5
2586,1964.41666666972,9.1
2587,1964.50000000306,3.1
2588,1964.58333333639,9.3
2589,1964.66666666973,4.7
2590,1964.75000000306,6.1
2591,1964.8333333364,7.4
2592,1964.91666666973,15.1
2593,1965.00000000306,17.5
2594,1965.0833333364,14.2
2595,1965.16666666973,11.7
2596,1965.25000000307,6.8
2597,1965.3333333364,24.1
2598,1965.41666666974,15.9
2599,1965.50000000307,11.9
2600,1965.58333333641,8.9
2601,1965.66666666974,16.8
2602,1965.75000000308,20.1
2603,1965.83333333641,15.8
2604,1965.91666666974,17.0
2605,1966.00000000308,28.2
2606,1966.08333333641,24.4
2607,1966.16666666975,25.3
2608,1966.25000000308,48.7
2609,1966.33333333642,45.3
2610,1966.41666666975,47.7
2611,1966.50000000309,56.7
2612,1966.58333333642,51.2
2613,1966.66666666976,50.2
2614,1966.75000000309,57.2
2615,1966.83333333642,57.2
2616,1966.91666666976,70.4
2617,1967.00000000309,110.9
2618,1967.08333333643,93.6
2619,1967.16666666976,111.8
2620,1967.2500000031,69.5
2621,1967.33333333643,86.5
2622,1967.41666666977,67.3
2623,1967.5000000031,91.5
2624,1967.58333333643,107.2
2625,1967.66666666977,76.8
2626,1967.7500000031,88.2
2627,1967.83333333644,94.3
2628,1967.91666666977,126.4
2629,1968.00000000311,121.8
2630,1968.08333333644,111.9
2631,1968.16666666978,92.2
2632,1968.25000000311,81.2
2633,1968.33333333645,127.2
2634,1968.41666666978,110.3
2635,1968.50000000311,96.1
2636,1968.58333333645,109.3
2637,1968.66666666978,117.2
2638,1968.75000000312,107.7
2639,1968.83333333645,86.0
2640,1968.91666666979,109.8
2641,1969.00000000312,104.4
2642,1969.08333333646,120.5
2643,1969.16666666979,135.8
2644,1969.25000000313,106.8
2645,1969.33333333646,120.0
2646,1969.41666666979,106.0
2647,1969.50000000313,96.8
2648,1969.58333333646,98.0
2649,1969.6666666698,91.3
2650,1969.75000000313,95.7
2651,1969.83333333647,93.5
2652,1969.9166666698,97.9
2653,1970.00000000314,111.5
2654,1970.08333333647,127.8
2655,1970.1666666698,102.9
2656,1970.25000000314,109.5
2657,1970.33333333647,127.5
2658,1970.41666666981,106.8
2659,1970.50000000314,112.5
2660,1970.58333333648,93.0
2661,1970.66666666981,99.5
2662,1970.75000000315,86.6
2663,1970.83333333648,95.2
2664,1970.91666666982,83.5
2665,1971.00000000315,91.3
2666,1971.08333333648,79.0
2667,1971.16666666982,60.7
2668,1971.25000000315,71.8
2669,1971.33333333649,57.5
2670,1971.41666666982,49.8
2671,1971.50000000316,81.0
2672,1971.58333333649,61.4
2673,1971.66666666983,50.2
2674,1971.75000000316,51.7
2675,1971.8333333365,63.2
2676,1971.91666666983,82.2
2677,1972.00000000316,61.5
2678,1972.0833333365,88.4
2679,1972.16666666983,80.1
2680,1972.25000000317,63.2
2681,1972.3333333365,80.5
2682,1972.41666666984,88.0
2683,1972.50000000317,76.5
2684,1972.58333333651,76.8
2685,1972.66666666984,64.0
2686,1972.75000000318,61.3
2687,1972.83333333651,41.6
2688,1972.91666666984,45.3
2689,1973.00000000318,43.4
2690,1973.08333333651,42.9
2691,1973.16666666985,46.0
2692,1973.25000000318,57.7
2693,1973.33333333652,42.4
2694,1973.41666666985,39.5
2695,1973.50000000319,23.1
2696,1973.58333333652,25.6
2697,1973.66666666985,59.3
2698,1973.75000000319,30.7
2699,1973.83333333652,23.9
2700,1973.91666666986,23.3
2701,1974.00000000319,27.6
2702,1974.08333333653,26.0
2703,1974.16666666986,21.3
2704,1974.2500000032,40.3
2705,1974.33333333653,39.5
2706,1974.41666666987,36.0
2707,1974.5000000032,55.8
2708,1974.58333333653,33.6
2709,1974.66666666987,40.2
2710,1974.7500000032,47.1
2711,1974.83333333654,25.0
2712,1974.91666666987,20.5
2713,1975.00000000321,18.9
2714,1975.08333333654,11.5
2715,1975.16666666988,11.5
2716,1975.25000000321,5.1
2717,1975.33333333654,9.0
2718,1975.41666666988,11.4
2719,1975.50000000321,28.2
2720,1975.58333333655,39.7
2721,1975.66666666988,13.9
2722,1975.75000000322,9.1
2723,1975.83333333655,19.4
2724,1975.91666666989,7.8
2725,1976.00000000322,8.1
2726,1976.08333333656,4.3
2727,1976.16666666989,21.9
2728,1976.25000000322,18.8
2729,1976.33333333656,12.4
2730,1976.41666666989,12.2
2731,1976.50000000323,1.9
2732,1976.58333333656,16.4
2733,1976.6666666699,13.5
2734,1976.75000000323,20.6
2735,1976.83333333657,5.2
2736,1976.9166666699,15.3
2737,1977.00000000324,16.4
2738,1977.08333333657,23.1
2739,1977.1666666699,8.7
2740,1977.25000000324,12.9
2741,1977.33333333657,18.6
2742,1977.41666666991,38.5
2743,1977.50000000324,21.4
2744,1977.58333333658,30.1
2745,1977.66666666991,44.0
2746,1977.75000000325,43.8
2747,1977.83333333658,29.1
2748,1977.91666666991,43.2
2749,1978.00000000325,51.9
2750,1978.08333333658,93.6
2751,1978.16666666992,76.5
2752,1978.25000000325,99.7
2753,1978.33333333659,82.7
2754,1978.41666666992,95.1
2755,1978.50000000326,70.4
2756,1978.58333333659,58.1
2757,1978.66666666993,138.2
2758,1978.75000000326,125.1
2759,1978.83333333659,97.9
2760,1978.91666666993,122.7
2761,1979.00000000326,166.6
2762,1979.0833333366,137.5
2763,1979.16666666993,138.0
2764,1979.25000000327,101.5
2765,1979.3333333366,134.4
2766,1979.41666666994,149.5
2767,1979.50000000327,159.4
2768,1979.58333333661,142.2
2769,1979.66666666994,188.4
2770,1979.75000000327,186.2
2771,1979.83333333661,183.3
2772,1979.91666666994,176.3
2773,1980.00000000328,159.6
2774,1980.08333333661,155.0
2775,1980.16666666995,126.2
2776,1980.25000000328,164.1
2777,1980.33333333662,179.9
2778,1980.41666666995,157.3
2779,1980.50000000328,136.3
2780,1980.58333333662,135.4
2781,1980.66666666995,155.0
2782,1980.75000000329,164.7
2783,1980.83333333662,147.9
2784,1980.91666666996,174.4
2785,1981.00000000329,114.0
2786,1981.08333333663,141.3
2787,1981.16666666996,135.5
2788,1981.2500000033,156.4
2789,1981.33333333663,127.5
2790,1981.41666666996,90.0
2791,1981.5000000033,143.8
2792,1981.58333333663,158.7
2793,1981.66666666997,167.3
2794,1981.7500000033,162.4
2795,1981.83333333664,137.5
2796,1981.91666666997,150.1
2797,1982.00000000331,111.2
2798,1982.08333333664,163.6
2799,1982.16666666998,153.8
2800,1982.25000000331,122.0
2801,1982.33333333664,82.2
2802,1982.41666666998,110.4
2803,1982.50000000331,106.1
2804,1982.58333333665,107.6
2805,1982.66666666998,118.8
2806,1982.75000000332,94.7
2807,1982.83333333665,98.1
2808,1982.91666666999,127.0
2809,1983.00000000332,84.3
2810,1983.08333333665,51.0
2811,1983.16666666999,66.5
2812,1983.25000000332,80.7
2813,1983.33333333666,99.2
2814,1983.41666666999,91.1
2815,1983.50000000333,82.2
2816,1983.58333333666,71.8
2817,1983.66666667,50.3
2818,1983.75000000333,55.8
2819,1983.83333333667,33.3
2820,1983.91666667,33.4
