,usdbp,usdeuro,eurobp,usdbp1,usdeuro1,eurobp1,usdbp3,usdeuro3,eurobp3
1,2.0415,1.0747854089,0.45575228405,2.0397,1.08316626607,0.452625042016,2.0372,1.09995500815,0.44626354504
2,1.981,1.03804368017,0.486295102451,1.9762,1.04574740545,0.483885166807,1.966,1.06405562296,0.478026700869
3,2.0235,1.05396375472,0.468890156173,2.0193,1.06209102412,0.466269938248,2.0153,1.07580816387,0.461238402686
4,2.0675,1.03764165358,0.466130031937,2.0652,1.04386648449,0.463866415013,2.061,1.05510090684,0.459862516863
5,2.0685,1.03601470464,0.466636337925,2.0648,1.04268669766,0.464481237443,2.0605,1.05389560354,0.460500163088
6,2.0745,1.02008000709,0.472554959062,2.0722,1.02523470795,0.470700901862,2.068,1.03471571942,0.467335119321
7,2.1885,1.06145697089,0.430478093385,2.1812,1.06974747171,0.428571455763,2.172,1.08191996637,0.425544560457
8,2.2705,1.06876540309,0.412093825003,2.2627,1.07621070472,0.410653676782,2.2515,1.09074736073,0.407196351362
9,2.248,1.06845595787,0.416338974363,2.2453,1.07322841559,0.414986014543,2.2367,1.08627651362,0.411577734687
10,2.1935,1.12453787021,0.405404230013,2.1908,1.13158412405,0.403376340816,2.1865,1.14193714129,0.400505348128
11,2.072,1.08718225226,0.443923253549,2.0727,1.09267908422,0.441540883788,2.0747,1.10346753628,0.436802516946
12,2.213,1.1442821872,0.394898467771,2.2073,1.15189761591,0.393300734345,2.201,1.1662532349,0.389571426899
13,2.22,1.13366333764,0.39734058207,2.2157,1.14186380514,0.395252599986,2.2077,1.15669355602,0.391599047007
14,2.274,1.12099935806,0.392287234371,2.2663,1.1298975147,0.390520240265,2.2555,1.14591133063,0.3869066149
15,2.242,1.09624352622,0.406871574969,2.2365,1.1066142356,0.404049752214,2.231,1.1236333971,0.398910796578
16,2.1425,0.99180020284,0.470603309087,2.1447,0.999192810908,0.466642346795,2.151,1.01185776886,0.459451971215
17,2.2602,1.08546866242,0.40760156194,2.2545,1.09285003855,0.405872090531,2.2455,1.10514479446,0.402965400466
18,2.3375,1.09699981491,0.38997954313,2.3223,1.10462049373,0.389824007203,2.3003,1.11642416389,0.389391343699
19,2.3602,1.10965300472,0.381824683553,2.3412,1.11771294682,0.382147658599,2.3179,1.13210157385,0.381083293875
20,2.3335,1.09054665893,0.392959636346,2.3202,1.09875003511,0.392261491735,2.2995,1.11213906358,0.391027670411
21,2.407,1.09480760834,0.379477562975,2.3965,1.1025033963,0.378479734748,2.3799,1.11688956908,0.376210624328
22,2.391,1.08124409162,0.386809094579,2.384,1.08816214803,0.385478476722,2.378,1.09968288596,0.382402465258
23,2.4435,1.0206229681,0.400979637755,2.4405,1.0274806674,0.398793002129,2.4332,1.04062293826,0.394937886269
24,2.3495,1.00706448141,0.422636763307,2.3597,1.01160655636,0.418920460307,2.3723,1.01889495509,0.41371472557
25,2.391,1.00243968694,0.417217168819,2.4005,1.0089294926,0.412892954608,2.412,1.0105664004,0.410258740062
26,2.349,0.922539562746,0.461457791711,2.3548,0.92602517909,0.458588518566,2.3705,0.930953072269,0.453139844036
27,2.1805,0.908344866662,0.50488578434,2.185,0.908344866662,0.5038459738,2.2045,0.907379828993,0.499920304451
28,2.239,0.929744915907,0.480376876785,2.2415,0.929497476452,0.479968838089,2.2495,0.929254583723,0.478386913141
29,2.144,0.886531348588,0.52611553014,2.1535,0.886768499753,0.523654531883,2.1715,0.885828679611,0.51986482036
30,2.058,0.838124255436,0.579757292576,2.07,0.837908815944,0.57654458128,2.086,0.837471097028,0.572421409082
31,1.903,0.810437989475,0.648397633679,1.913,0.810219764287,0.645181932365,1.93,0.813982911532,0.636542497005
32,1.8005,0.773948588885,0.717620376081,1.8092,0.775227812328,0.71299104576,1.8217,0.777582525932,0.705954399746
33,1.8335,0.796007407257,0.685175738584,1.8413,0.796892825711,0.681515173984,1.8562,0.798666323651,0.674543340753
34,1.8315,0.841361954745,0.648948461386,1.8305,0.84493491794,0.646557283713,1.8364,0.851160220033,0.639766356071
35,1.873,0.879534651551,0.607028760884,1.8713,0.882929449791,0.605244120959,1.8713,0.888872224873,0.601197611708
36,1.9422,0.877278048649,0.586906322055,1.9369,0.880584045456,0.586302827017,1.9282,0.886748397276,0.584854060266
37,1.909,0.870321504061,0.601886160303,1.9065,0.87337623192,0.600567493224,1.9025,0.880326415239,0.597078730813
38,1.8615,0.831701820037,0.645905983251,1.8627,0.834323716732,0.643461395189,1.8665,0.840097074868,0.63773834911
39,1.8215,0.819539073958,0.669886398284,1.8225,0.822378545659,0.667207149176,1.8265,0.827535287547,0.661597417845
40,1.7865,0.813525834602,0.6880589215,1.7892,0.816374830429,0.684623029497,1.7947,0.822140019757,0.677738798001
41,1.794,0.838411680484,0.664844746163,1.7968,0.841934206335,0.661031425788,1.7995,0.849190463578,0.654399623237
42,1.7875,0.825512930361,0.677688427237,1.7898,0.828692365707,0.67422081824,1.7938,0.834626348491,0.667934520415
43,1.734,0.790998176016,0.729080402748,1.73795,0.793543178019,0.725090407518,1.74735,0.798213250839,0.716970294915
44,1.752,0.80248727028,0.711258953065,1.7525,0.804606732791,0.709182991094,1.7557,0.808164159184,0.704774374189
45,1.721,0.784610508918,0.740568113848,1.72125,0.787019488071,0.738194083881,1.72435,0.790138569062,0.733958183388
46,1.6965,0.775249322192,0.760334576809,1.69745,0.777063509406,0.758134908467,1.7013,0.780262743205,0.753317797075
47,1.6825,0.765808907022,0.776112206278,1.68245,0.767238876815,0.774688720442,1.685,0.769751186606,0.770991744366
48,1.6285,0.790339722064,0.776959582217,1.62755,0.793044444354,0.774761682383,1.62765,0.796766216783,0.7710953176
49,1.6175,0.822772935317,0.751407824809,1.61595,0.825994045231,0.749195507838,1.61365,0.8316947466,0.745120821528
50,1.524,0.79379116932,0.826625445537,1.52125,0.797240395394,0.824536931829,1.51645,0.805319026286,0.81884922968
51,1.5065,0.801211753766,0.828482906252,1.50295,0.805594342226,0.82592204803,1.49745,0.813376972278,0.82102389508
52,1.4835,0.80540524959,0.836947070077,1.48225,0.810468214536,0.832420091497,1.48025,0.818931695328,0.824930289549
53,1.5605,0.793259949058,0.807831342904,1.55855,0.796886331967,0.805161281765,1.55565,0.80317602418,0.800345248442
54,1.5905,0.767139567995,0.81958111539,1.5894,0.770560911516,0.816506820142,1.5875,0.776523603446,0.811206841681
55,1.5315,0.770014842578,0.847976666875,1.53165,0.772994229705,0.844625546177,1.5318,0.778619542024,0.838441247039
56,1.5085,0.729387239089,0.908859025967,1.5092,0.732328602988,0.904788780222,1.5104,0.738054626827,0.89705591852
57,1.499,0.72622933167,0.918596066715,1.49945,0.728846340173,0.915023049461,1.50125,0.733405080284,0.908245104371
58,1.484,0.746132629354,0.903129579017,1.48395,0.748537049298,0.900258915476,1.48445,0.752905443641,0.894734098624
59,1.4865,0.736501014848,0.913401534442,1.48725,0.738840870971,0.910049699934,1.48865,0.742616850818,0.904570871264
60,1.4575,0.723141427848,0.948785839204,1.45855,0.724980261475,0.945698055147,1.45975,0.728686127308,0.9401150702
61,1.4515,0.717796364464,0.959802121341,1.45235,0.719798762692,0.956571891533,1.45405,0.723837263095,0.950122761768
62,1.4105,0.699732747548,1.01319890113,1.41105,0.70051217765,1.0116770719,1.41215,0.705548561184,1.00367304118
63,1.4775,0.749121926744,0.903483033627,1.47845,0.751311836879,0.900270723371,1.48175,0.755240029656,0.89359362841
64,1.4355,0.751297406723,0.927224531913,1.43765,0.753209892708,0.923487063073,1.44205,0.757275275678,0.915726755246
65,1.398,0.716710029682,0.998043215019,1.4007,0.718595457318,0.993505793337,1.40595,0.722273512859,0.984755545541
66,1.3855,0.718305151974,1.00481124922,1.38785,0.720817439696,0.999613665629,1.39205,0.72515229151,0.990640186438
67,1.351,0.700881194612,1.05608832956,1.35445,0.702747276438,1.05060110037,1.3604,0.706976760999,1.0397483465
68,1.302,0.671011235955,1.14461444756,1.3014,0.675013028608,1.138353225,1.3009,0.682134611226,1.12690161242
69,1.303,0.671527308061,1.14285703523,1.304,0.67452647988,1.13690298086,1.30745,0.679926856316,1.12489688708
70,1.2375,0.639454781452,1.26370281609,1.23815,0.642213794349,1.25761326139,1.2403,0.647257191269,1.24565097416
71,1.235,0.653708345867,1.23865115737,1.2336,0.656371654093,1.23502520745,1.2349,0.660974447535,1.22513384839
72,1.197,0.628490174971,1.329252105,1.1957,0.630607770434,1.32622879446,1.1951,0.634710931542,1.31831676622
73,1.159,0.621042336796,1.38929782804,1.15785,0.623177461701,1.38591297949,1.1554,0.628795282982,1.37644341263
74,1.1245,0.616057957319,1.44350724751,1.1207,0.619529547413,1.44028555123,1.1145,0.6261441089,1.43299814538
75,1.0725,0.582674936842,1.60020772037,1.0673,0.587262267222,1.59544336829,1.06105,0.594125062653,1.5863034808
76,1.2225,0.62756051544,1.3034534358,1.21755,0.631705591856,1.30016500866,1.21005,0.638665478045,1.29396712385
77,1.2235,0.62154758462,1.31498755658,1.21905,0.625303327248,1.31186075955,1.21125,0.632324414499,1.30564845564
78,1.2917,0.640147547852,1.20936739087,1.2866,0.644558837584,1.20585165984,1.27865,0.651539378918,1.20034931098
79,1.3055,0.642751980019,1.19173501746,1.29965,0.646822653989,1.18956551823,1.29036,0.653968455651,1.18503808396
80,1.383,0.693566575412,1.04253264881,1.37855,0.697591388492,1.03986357723,1.37155,0.705093263539,1.03405059792
81,1.3775,0.688161260472,1.05491671032,1.37315,0.69236351536,1.05183554857,1.36575,0.700349130754,1.0454763112
82,1.412,0.737909828334,0.959758591438,1.40745,0.742498443503,0.956910845925,1.4,0.750827287036,0.951331586663
83,1.4405,0.750798464491,0.924620166967,1.43625,0.75482322248,0.922411492628,1.42765,0.762997639807,0.918026157437
84,1.4875,0.775812075319,0.866535761623,1.48315,0.780496272766,0.863861443045,1.47585,0.788695192816,0.859109628856
85,1.4455,0.799760378161,0.865011775374,1.44115,0.804454498715,0.862560029253,1.43235,0.813424331653,0.85828928043
86,1.3865,0.814952936127,0.885008816761,1.38125,0.818767137624,0.884234194539,1.36985,0.831829162484,0.877592380731
87,1.442,0.8813459268,0.786843457169,1.43585,0.887936004939,0.784348844207,1.42575,0.898901553452,0.780269244332
88,1.4715,0.837847794889,0.811100375719,1.46575,0.843062877439,0.809245197412,1.45705,0.851794105734,0.805732560428
89,1.5295,0.887670026732,0.736544452825,1.52425,0.892469928998,0.735106401052,1.51575,0.900528116324,0.732613886204
90,1.474,0.841720426405,0.805999272772,1.47015,0.845888692824,0.804127902613,1.4642,0.852927067525,0.800732951054
91,1.55,0.899033776454,0.717616297874,1.54575,0.903252175198,0.716228714987,1.53855,0.910713454214,0.713685104949
92,1.4855,0.938736818865,0.717106223976,1.48105,0.942923122909,0.716067550599,1.47275,0.951223663988,0.713819360221
93,1.4905,0.966247560704,0.694351869388,1.48525,0.970510008634,0.693745885541,1.47495,0.979065401847,0.692486000523
94,1.445,0.967868524713,0.7150160428,1.4393,0.972865826361,0.714160336357,1.4284,0.982804452149,0.712332965678
95,1.4115,0.947863003475,0.74743519701,1.40585,0.952771363712,0.746573068167,1.39405,0.962737444192,0.74509866605
96,1.438,0.994867542932,0.698997868624,1.4319,1.00021990386,0.698219250291,1.41985,1.01055073602,0.696946451939
97,1.4825,1.01648026111,0.663599955782,1.47715,1.02361425857,0.661361750885,1.46555,1.03208937109,0.661122677974
98,1.524,1.08191996637,0.606484767266,1.51845,1.08784137049,0.605388174258,1.50655,1.10038820749,0.603212764023
99,1.564,1.06768604245,0.598852250416,1.55755,1.07424820806,0.597658863921,1.54765,1.0847221683,0.595674120265
100,1.605,1.07411841592,0.580059842812,1.6002,1.07965642302,0.578815511526,1.5923,1.08947749554,0.576443625651
101,1.669,1.0972398317,0.546062179888,1.6656,1.10279557039,0.544420255247,1.6612,1.11196202172,0.541362442714
102,1.6255,1.0668473992,0.576647911387,1.6231,1.07115942823,0.575175803017,1.61925,1.08040789495,0.571608061617
103,1.6165,1.06991717815,0.578194732239,1.61355,1.07467910677,0.57668514792,1.6085,1.08411489513,0.573460650935
104,1.584,1.04929316774,0.601655619922,1.5809,1.05418530696,0.600037843749,1.575,1.06344813337,0.597039587545
105,1.64,1.07907862069,0.565071057724,1.6362,1.08451766376,0.563542899076,1.6276,1.09611450797,0.560526813944
106,1.617,1.0586016151,0.584194451467,1.6137,1.06394564484,0.582448806696,1.6091,1.07388251056,0.578708945663
107,1.739,1.14229729177,0.503409342188,1.7359,1.14757878555,0.501987364503,1.7329,1.15733694687,0.498616539736
108,1.8195,1.18720067013,0.462939040307,1.8182,1.19265199098,0.46115254426,1.8148,1.20199735734,0.458424390836
109,1.8785,1.24122940624,0.428880938535,1.8764,1.24699859095,0.427374507154,1.8723,1.25767143372,0.424675655763
110,1.7585,1.15607821348,0.49189273743,1.7557,1.16095733883,0.490606648912,1.7497,1.17155556088,0.487835631951
111,1.778,1.16108828837,0.484398733429,1.7744,1.16689338345,0.48296681812,1.7669,1.17828182421,0.480329047257
112,1.888,1.1816347368,0.448244284342,1.8855,1.18661004095,0.44695669222,1.8805,1.19691443399,0.444286951017
113,1.8795,1.16790374108,0.455565282706,1.878,1.17252480441,0.454132280314,1.8746,1.18221327627,0.451227495153
114,1.824,1.13342025962,0.483709029711,1.8239,1.13746757703,0.482014330852,1.8229,1.14546167992,0.478912960375
115,1.701,1.07491536229,0.546916992166,1.6985,1.07969814404,0.545295726295,1.692,1.08988425939,0.542274597851
116,1.7135,1.04239772315,0.559863863934,1.7091,1.047680012,0.558475168015,1.7033,1.05676556244,0.555559017766
117,1.6735,1.04404479747,0.572341384453,1.6684,1.05054438614,0.570539099724,1.6585,1.06224100194,0.567624932418
118,1.699,1.05156673405,0.559718655488,1.6937,1.05782866662,0.558146467534,1.6852,1.06909255888,0.555051451588
119,1.767,1.09451965102,0.51705874435,1.7616,1.10128663532,0.515456866718,1.752,1.11396334309,0.512383337609
120,1.853,1.12901698868,0.477995825447,1.847,1.13652898517,0.47637897808,1.8355,1.15118571841,0.473260456222
121,1.809,1.10306923545,0.501139529415,1.8033,1.11020100018,0.49949414639,1.7932,1.12342041173,0.496396784233
122,1.7545,1.05019464655,0.542721251038,1.7496,1.05604090624,0.541228289695,1.7399,1.06714426797,0.538582919191
123,1.7245,1.06566738044,0.54414560886,1.7201,1.07138826958,0.542624523018,1.7115,1.08211151808,0.539946930711
124,1.686,1.03941179909,0.570630245605,1.6822,1.0445466295,0.569107801801,1.6748,1.05646302598,0.565174743049
125,1.689,1.04044025726,0.569053635993,1.6848,1.0462061034,0.567328233204,1.6767,1.05688548331,0.564308644162
126,1.573,0.986064825785,0.644712083659,1.5677,0.991820320899,0.64313780573,1.5559,1.00333447903,0.640578830755
127,1.5775,1.0140769853,0.625114691236,1.5714,1.02014385487,0.623809283154,1.56,1.0310175594,0.621740760071
128,1.6545,1.04892175844,0.576222396251,1.6469,1.05511229075,0.57548510621,1.6327,1.06687067705,0.574092440916
129,1.5565,0.989196789383,0.649483581486,1.5501,0.994660102831,0.648583036419,1.538,1.00553193458,0.646618009986
130,1.618,1.04353787956,0.592261175831,1.6106,1.04980569392,0.591430042434,1.597,1.0599325833,0.590767833975
131,1.582,1.06418878478,0.593984131969,1.5734,1.07040904563,0.593760200511,1.5566,1.08257870965,0.59342179381
132,1.566,1.09778795584,0.581687566065,1.5577,1.1039595857,0.581517789896,1.541,1.11602919275,0.581462627435
133,1.6125,1.15629009087,0.536331707465,1.6031,1.16349889053,0.536134077333,1.5873,1.17485613369,0.536236405407
134,1.6825,1.16381736714,0.51069322146,1.674,1.17002069848,0.510564954866,1.6554,1.18314298159,0.510575318937
135,1.6655,1.13896459352,0.52716326532,1.6562,1.14622025048,0.526767706582,1.6383,1.15844745072,0.526902465276
136,1.631,1.14850200242,0.533843897096,1.6224,1.15498588622,0.533660900999,1.6048,1.16848287152,0.53328176507
137,1.6415,1.16533598675,0.522766747418,1.6311,1.17248263004,0.522893200872,1.6141,1.18520785359,0.522727131126
138,1.6845,1.15498588622,0.513987204381,1.6752,1.16162618044,0.513886186945,1.6567,1.17454569476,0.513908984566
139,1.7635,1.17918402537,0.480886902698,1.7535,1.18603438343,0.480835971877,1.7357,1.19814626496,0.480856508053
140,1.855,1.22881430474,0.438702215519,1.8439,1.23588810323,0.438817040376,1.8228,1.2491649156,0.439178632493
141,1.873,1.23446060239,0.432498881416,1.8626,1.24098526043,0.43262715748,1.8424,1.25402657023,0.432822009113
142,1.8895,1.26019974227,0.419965599162,1.8782,1.26694261987,0.420243706037,1.8591,1.27957474648,0.420369878118
143,1.9515,1.29713292789,0.395045355566,1.9421,1.3029311838,0.395190897927,1.9257,1.31215323203,0.395755368706
144,1.919,1.29199172948,0.403334425573,1.9098,1.29730500594,0.403617526972,1.8949,1.30488708009,0.404427587805
145,1.93,1.30840502535,0.396004834119,1.919,1.31464926196,0.396383094056,1.9015,1.32155140376,0.397941845688
146,1.9765,1.33299937297,0.379553705928,1.9658,1.33788683066,0.380225544452,1.9435,1.34721303797,0.381925959066
147,1.898,1.27238247655,0.414081771476,1.8882,1.27649312422,0.41489053461,1.8713,1.28310885724,0.416478972687
148,1.739,1.1471143695,0.501295375181,1.73,1.15025141883,0.50252898855,1.714,1.15537479103,0.50497083396
149,1.7245,1.14624712095,0.505892852401,1.716,1.1489405448,0.507206909348,1.7003,1.15385477629,0.509710163091
150,1.6975,1.12068461675,0.525662270387,1.6899,1.12280772256,0.5270278956,1.6759,1.12711063472,0.529401724306
151,1.615,1.07346403363,0.576819555233,1.6072,1.07598571829,0.578260555854,1.5952,1.07874532558,0.581120146766
152,1.674,1.11268318769,0.53687480113,1.6668,1.11433780589,0.538393295705,1.65345,1.11718941891,0.54135495942
153,1.685,1.12094153518,0.529440467199,1.6779,1.12261438059,0.530888508456,1.66485,1.12501006615,0.533910523747
154,1.748,1.17282714287,0.487780644691,1.7403,1.17484201927,0.48909858768,1.72815,1.17484201927,0.492537263629
155,1.7495,1.17787734798,0.485272837936,1.74175,1.1791413706,0.486909562464,1.72675,1.18015881636,0.490715843655
156,1.7765,1.21593410009,0.462940045541,1.7678,1.2170009147,0.464810538156,1.75155,1.21860085484,0.468506890173
157,1.871,1.28964043862,0.414436092071,1.8605,1.29106211631,0.416316082141,1.84015,1.29335017392,0.420175425146
158,1.8,1.22771898108,0.452510357921,1.7908,1.22852871527,0.454535284668,1.77215,1.23040677412,0.458617695179
159,1.7555,1.19217218511,0.477815442105,1.74555,1.19295024672,0.480225674602,1.72905,1.19372932459,0.484491971886
160,1.724,1.18310719665,0.490273751486,1.7142,1.18440399196,0.492536757238,1.69535,1.18622860539,0.497247074574
161,1.785,1.19151852619,0.470176566559,1.7748,1.19279746295,0.4723717025,1.75735,1.19253563894,0.47716696314
162,1.823,1.21481633312,0.451546737734,1.814,1.21507293556,0.453691214801,1.79615,1.21507293556,0.458199963059
163,1.911,1.28882460314,0.406018193863,1.9012,1.28910493013,0.408022323875,1.88155,1.28965744618,0.412106881256
164,1.924,1.32500728275,0.39226238717,1.912,1.3253035724,0.394636039014,1.89135,1.32617525207,0.398682503751
165,1.997,1.40369902536,0.356736820103,1.9853,1.40402147851,0.358756770435,1.96275,1.40590878051,0.3623913899
166,1.7365,1.37224264706,0.41965683411,1.7275,1.37120362321,0.422162829327,1.71145,1.37189613086,0.425906779344
167,1.5315,1.24676806568,0.523717792929,1.5251,1.2458547523,0.526301085525,1.51655,1.24203340319,0.530896657096
168,1.5365,1.23795327523,0.525730511021,1.5323,1.23573193154,0.528119166694,1.52415,1.23256238972,0.532308471661
169,1.514,1.20739190557,0.54704854195,1.5093,1.20585841646,0.549449913064,1.50065,1.2027956976,0.554024182359
170,1.4535,1.1944510605,0.575992201601,1.4495,1.19257199651,0.578491754454,1.44305,1.18791453075,0.583355673661
171,1.44,1.18835481186,0.584374664465,1.4361,1.18614947025,0.587051089747,1.43015,1.18182037911,0.591652814703
172,1.5255,1.22279115713,0.536087275081,1.5219,1.22060860991,0.538316205346,1.51515,1.21625167902,0.542651386539
173,1.569,1.23117355642,0.51767569761,1.5649,1.22901506868,0.51994355799,1.55745,1.22594900211,0.52373727284
174,1.551,1.22813528245,0.52497907585,1.5473,1.22565706193,0.527298459575,1.54115,1.22225624617,0.530875672357
175,1.5085,1.15136191581,0.575761770969,1.505,1.14939968618,0.578085965423,1.49875,1.1466099956,0.581909008407
176,1.4895,1.14019961057,0.588814646184,1.4858,1.13880543134,0.591003586244,1.48015,1.13741465741,0.593984961924
177,1.5075,1.17818955079,0.563024783776,1.5039,1.17730304344,0.564797510735,1.49745,1.17613489443,0.567793654544
178,1.5055,1.19938798913,0.55380840767,1.50185,1.19847665035,0.555576495443,1.49565,1.19665079967,0.55873077021
179,1.481,1.15517007164,0.584519511798,1.4776,1.15430422928,0.586303964308,1.47255,1.1525832248,0.589193104561
180,1.4805,1.13887837515,0.593081314647,1.4782,1.13760651447,0.594668222667,1.47365,1.13637710547,0.597149641805
181,1.4795,1.12628632963,0.600117398076,1.4765,1.12547618226,0.60176959384,1.47235,1.12449261197,0.60399359457
182,1.5071,1.13250800526,0.585890761003,1.5045,1.13181331559,0.587263499702,1.49945,1.13105406515,0.589636889448
183,1.486,1.14446297434,0.588002867006,1.4839,1.14315857151,0.589506893685,1.48075,1.14185713869,0.591434272299
184,1.4745,1.15373225894,0.587827889347,1.4726,1.15318125269,0.588867560278,1.46915,1.15269870457,0.590497489365
185,1.5185,1.18529404635,0.555595987701,1.51695,1.1850067859,0.55629850956,1.51505,1.18493499255,0.557029902158
186,1.5171,1.19059011164,0.553634977863,1.5162,1.1904017042,0.554051286641,1.51485,1.19037272373,0.554558545388
187,1.538,1.2265563757,0.530097981144,1.5374,1.22657945238,0.530294885028,1.537,1.22633334587,0.530539342645
188,1.53855,1.24239633093,0.523152403922,1.53725,1.24280685255,0.523421863247,1.53515,1.24449916644,0.523425134124
189,1.53539075695,1.23700588198,0.526513260354,1.53515505066,1.236866892,0.526653275477,1.53350713081,1.236866892,0.527219221581
190,1.57654106889,1.2607683878,0.50310588855,1.57604412924,1.260923601,0.503202572699,1.57430730479,1.261314767,0.503601493153
191,1.63559044815,1.30015954264,0.470249980827,1.63478829492,1.300235784,0.470453134366,1.6339869281,1.301604865,0.470188777299
192,1.56445556946,1.24535498249,0.513267308509,1.56445556946,1.24586371,0.51305772443,1.56421085562,1.24781954,0.512333698509
193,1.56494522692,1.2619886437,0.506343700627,1.56470035988,1.262879431,0.50606572909,1.56445556946,1.265813176,0.50497183322
194,1.57952930027,1.28276382239,0.49354369756,1.57927984839,1.283806812,0.493220626406,1.57803376992,1.286544974,0.492559539547
195,1.58378207159,1.33869267625,0.471654182622,1.58328055731,1.339939133,0.471364694445,1.5820281601,1.342286129,0.470913009039
196,1.62100826714,1.42221495055,0.433760030269,1.62179695102,1.424039823,0.432993509059,1.62074554295,1.4277559,0.432146699587
197,1.61212316621,1.41113275613,0.439575934514,1.61030595813,1.41210926,0.43976767067,1.60797555877,1.415825337,0.439249096443
198,1.5880578053,1.38074832333,0.456057044836,1.58831003812,1.384532057,0.454738477753,1.58654608916,1.388248134,0.454025461705
199,1.5943877551,1.4152170767,0.443182894219,1.59362549801,1.417390001,0.442715131021,1.59134309357,1.420519329,0.442373424403
200,1.59591445898,1.41103095015,0.444072470513,1.59464200287,1.414260673,0.443411891436,1.59210316829,1.417390001,0.443138444293
201,1.5503875969,1.33367200818,0.483627155734,1.54918667699,1.334462809,0.483715241557,1.54702970297,1.337983303,0.483115146917
202,1.58302991927,1.37010858144,0.461058348628,1.58102766798,1.372014745,0.461000876489,1.57903047529,1.376121988,0.460206293863
203,1.58052789632,1.39007107321,0.455156583138,1.57927984839,1.391573045,0.455024622871,1.57753588894,1.395875871,0.454123474135
204,1.53256704981,1.35257952974,0.482411559286,1.5320974414,1.35343436,0.482254639965,1.53045607591,1.357541603,0.481311216214
205,1.55303618574,1.36152453881,0.472925739968,1.54990700558,1.363800259,0.473089806033,1.54774802662,1.367711919,0.472394801145
206,1.51308821304,1.31325454912,0.503253539419,1.51194436045,1.315295675,0.502852714084,1.50988977805,1.319598501,0.501895083614
207,1.53069034134,1.32724619978,0.492222166549,1.52928582352,1.329768817,0.491739610406,1.52765047357,1.333484894,0.490894199811
208,1.52765047357,1.32437026002,0.494272651509,1.52625152625,1.326639489,0.493879464189,1.52346130408,1.331333481,0.493039504655
209,1.50693188668,1.27706823376,0.519627677252,1.50421179302,1.279699569,0.519496932018,1.50489089541,1.284784727,0.517207269074
210,1.5503875969,1.28419566645,0.502259910115,1.54894671623,1.286349391,0.501885416606,1.54726907009,1.291238966,0.500527026382
211,1.55207201614,1.28335301837,0.5020442472,1.55134967422,1.285567059,0.501412972186,1.55134967422,1.290261051,0.499588823131
212,1.55617802677,1.328237691,0.483798949805,1.55569383945,1.330746732,0.483037068246,1.55545185876,1.336027473,0.481202679581
213,1.56103652825,1.31927824621,0.485568531009,1.56054931336,1.321945497,0.484740105742,1.56054931336,1.327226238,0.482811431581
214,1.56494522692,1.28251147541,0.498241155928,1.56445556946,1.28498031,0.49743952886,1.56396621833,1.290456634,0.495483523548
215,1.62733930024,1.28825582927,0.477001528764,1.62628069605,1.290652217,0.476425788372,1.62443144899,1.295737375,0.475096274814
216,1.68236877524,1.27100987783,0.467659622768,1.6818028927,1.283611229,0.463224367757,1.67897918066,1.288305221,0.462312804675
217,1.71262202432,1.27001948052,0.459756727323,1.71144959781,1.272658581,0.459117636673,1.70881749829,1.277548156,0.458064924796
218,1.6020506248,1.19352535546,0.522988470368,1.60102465578,1.200488454,0.520288219281,1.59897665494,1.207920608,0.517749259231
219,1.62946064853,1.1575013316,0.530193774509,1.62866449511,1.159611607,0.529487628699,1.62680982593,1.164110016,0.528042875288
220,1.63961305132,1.16765970149,0.522326838222,1.63961305132,1.170173089,0.52120494458,1.63907556138,1.175062664,0.519206352726
221,1.62443144899,1.12988445985,0.544834469254,1.61943319838,1.132229987,0.545383894695,1.6092693917,1.137315145,0.546374505546
222,1.64041994751,1.14630758411,0.531794440211,1.63961305132,1.148658959,0.530966998707,1.63719711853,1.153744117,0.52940681647
223,1.66444740346,1.12056262175,0.536159236744,1.66306336271,1.123233169,0.535329632883,1.66002656042,1.128122744,0.533984447352
224,1.64095831966,1.06387619669,0.572811011181,1.63907556138,1.066122933,0.57226045995,1.63505559189,1.070425759,0.571361437128
225,1.6199578811,1.08027064347,0.571430875892,1.61812297735,1.080791658,0.571803081031,1.61394448031,1.086659148,0.570187994221
226,1.61838485192,1.11158283603,0.555874002341,1.61655350792,1.114040768,0.555275908898,1.61264312208,1.118343594,0.554480754684
227,1.67420056923,1.13381449275,0.526805755101,1.67224080268,1.135750481,0.526524100145,1.66777851901,1.139662141,0.526120837422
228,1.68776371308,1.10749150623,0.534992816349,1.68548794876,1.109542359,0.534724965828,1.68038985045,1.113258436,0.534556919357
229,1.65070980522,1.08778086763,0.556913637687,1.64826108456,1.089788476,0.556713539701,1.64907651715,1.093504553,0.554547302373
230,1.6334531199,1.06905165346,0.572657081647,1.63105529277,1.070816925,0.572553520295,1.62601626016,1.074533002,0.572341658058
231,1.64419598816,1.07729551088,0.564561899552,1.6417665408,1.079226994,0.564385438267,1.63666121113,1.083138654,0.564101371273
232,1.67140230654,1.05806329456,0.565467116261,1.66861338228,1.06005986,0.565345432472,1.66389351082,1.063580354,0.565072490985
233,1.67084377611,1.08905284259,0.549560110029,1.66833500167,1.090961974,0.549423366062,1.66361670271,1.094482468,0.549209345582
234,1.63238654913,1.09521222981,0.559343644388,1.62999185004,1.097025047,0.559239738124,1.62522346823,1.100936707,0.558887714512
235,1.66777851901,1.08146530274,0.55443295174,1.665001665,1.08352982,0.554299465426,1.65920026547,1.087245897,0.554336421653
236,1.63291966035,1.10094567971,0.556249060502,1.6302575807,1.10308812,0.556075248095,1.62495937602,1.10699978,0.555917002982
237,1.68010752688,1.11602282454,0.533322425774,1.67728950017,1.118148011,0.533203112768,1.67224080268,1.122059671,0.53294848345
238,1.70010200612,1.17143627216,0.502118650394,1.69721656483,1.173302417,0.502172322723,1.69176112333,1.176822911,0.502284578651
239,1.65425971878,1.18227044671,0.511304331152,1.65152766309,1.184059482,0.511376336411,1.64663263626,1.18718881,0.511544578995
240,1.64962058726,1.15490404488,0.52489209185,1.64717509471,1.156677862,0.524865236852,1.64338537387,1.159611607,0.52474466134
241,1.65947560571,1.17220857057,0.514072337575,1.65782493369,1.190122555,0.506838558319,1.65508109897,1.177800826,0.512989961174
242,1.64527805199,1.13598768659,0.535041010722,1.64392569456,1.137706311,0.534672256027,1.64203612479,1.141226805,0.533636256469
243,1.60307790959,1.10249718151,0.565806435118,1.6020506248,1.104261618,0.565264598375,1.60153747598,1.107782112,0.563648747559
244,1.61186331399,1.07699889868,0.576045157299,1.62206001622,1.078640245,0.571552937004,1.62153397114,1.082160739,0.569878371828
245,1.60901045857,1.05800605864,0.587425747636,1.60849284221,1.059473111,0.586801112312,1.60797555877,1.062602439,0.585261220166
246,1.60128102482,1.04210890878,0.599265580342,1.60076836882,1.044217637,0.598246934224,1.60051216389,1.048716046,0.59577614206
247,1.57728706625,1.03417406937,0.613049600424,1.57753588894,1.036394317,0.611639787679,1.57828282828,1.041283892,0.608479594151
248,1.62258640273,1.07098346293,0.575452396168,1.62284972412,1.073359504,0.57408538118,1.62337662338,1.078249079,0.571296569591
249,1.60539412426,1.05720540541,0.589194868674,1.60590974787,1.059864277,0.587528057614,1.60694198939,1.067296431,0.583062007825
250,1.64717509471,1.06905165346,0.567886498316,1.64717509471,1.071599257,0.566536413715,1.64826108456,1.07961816,0.561957942611
251,1.64527805199,1.05481070003,0.576217135436,1.64527805199,1.057126115,0.574955051604,1.64636154099,1.06201569,0.571931286628
252,1.59846547315,1.00904400764,0.619992780557,1.59923236846,1.011750859,0.618037528151,1.59923236846,1.015858102,0.615538724131
253,1.61524794056,1.00696596818,0.614817202926,1.6155088853,1.00920828,0.613352082286,1.6155088853,1.013706689,0.61063028065
254,1.6155088853,0.970442592041,0.637853289907,1.6155088853,0.972438676,0.636543995294,1.6155088853,0.976741502,0.633739836724
255,1.57853196527,0.965365251728,0.656228302052,1.57828282828,0.967353518,0.654982887033,1.57853196527,0.971265178,0.652242059481
256,1.59134309357,0.956068827296,0.657274855177,1.59159637116,0.957965534,0.655869107709,1.59184972939,0.962072777002,0.652965155044
257,1.5535187199,0.911553877703,0.706156833672,1.55376009944,0.913568193001,0.704490376231,1.55472636816,0.917284269999,0.701200294213
258,1.500825454,0.93777809743,0.710509236488,1.5015015015,0.940363064,0.708237090011,1.50353330326,0.943687975002,0.704788041831
259,1.51722045213,0.954762020991,0.69032909302,1.51814179444,0.956596452998,0.688587123585,1.5199878401,0.960116947002,0.68522902554
260,1.49902563334,0.927241264875,0.719445979455,1.49992500375,0.929214832999,0.717487470415,1.50127608467,0.932148577998,0.714585652677
261,1.45137880987,0.887400181488,0.776425353941,1.45201103528,0.888729152001,0.774926757439,1.45327713995,0.890098233,0.773060741488
262,1.47645061273,0.884350696328,0.765872637191,1.47732309056,0.885795407001,0.764171946084,1.47907114332,0.886968905,0.762258965551
263,1.44969556393,0.849253148068,0.812243088613,1.45053669858,0.850394884,0.810682205373,1.45222189951,0.852546296999,0.807698071555
264,1.42734798744,0.872184441125,0.803270463179,1.42836737609,0.873473678002,0.801512418326,1.43000143,0.875625091002,0.798629467322
265,1.4961101137,0.942137334714,0.709450708908,1.49409831167,0.943883557999,0.70909170345,1.495215311,0.945839388,0.707096795172
266,1.46434324206,0.937553329179,0.728385232866,1.46348602371,0.937038153,0.729212570279,1.46284376829,0.938211650999,0.728620241787
267,1.44487790782,0.923497887008,0.749433225279,1.44446049401,0.923738509002,0.749454519056,1.443001443,0.924129675001,0.749894759088
268,1.4164305949,0.877309529684,0.804733080074,1.41743444366,0.877972087,0.803556298025,1.41622999575,0.878167670002,0.804060573078
269,1.4332807797,0.889296594371,0.784552650284,1.42959256612,0.886577739,0.788988905573,1.42959256612,0.885795407001,0.789685738344
270,1.41864094198,0.844850971922,0.834348332931,1.4164305949,0.845505309,0.8350036274,1.41342756184,0.844722977001,0.837552687996
271,1.41622999575,0.849640522166,0.831057349055,1.41362736783,0.849025803002,0.833190225193,1.41023833028,0.848243470999,0.835962815209
272,1.42531356899,0.87636608043,0.800578680148,1.42409569923,0.875038341999,0.802479121539,1.42045454545,0.873864844001,0.805616571985
273,1.45433391507,0.911341503192,0.754492138886,1.4528548598,0.910830031,0.755684350069,1.44927536232,0.909460949999,0.758691178549
274,1.4744913005,0.911553877703,0.744004294852,1.47145379635,0.909656533002,0.747095167621,1.46713615023,0.908091868998,0.750584850797
275,1.45475705557,0.900204819,0.763603999326,1.4528548598,0.899095051,0.765547534973,1.44801621778,0.897139221,0.769780190003
276,1.42429853297,0.895895744583,0.783684936831,1.42287990894,0.895574557002,0.784747617608,1.41823854772,0.893423144001,0.789211701909
