,litter,rx,time,status
1,1,1,101,0
2,1,0,49,1
3,1,0,104,0
4,2,1,104,0
5,2,0,102,0
6,2,0,104,0
7,3,1,104,0
8,3,0,104,0
9,3,0,104,0
10,4,1,77,0
11,4,0,97,0
12,4,0,79,0
13,5,1,89,0
14,5,0,104,0
15,5,0,104,0
16,6,1,88,1
17,6,0,96,1
18,6,0,104,0
19,7,1,104,1
20,7,0,94,0
21,7,0,77,1
22,8,1,96,1
23,8,0,104,0
24,8,0,104,0
25,9,1,82,0
26,9,0,77,0
27,9,0,104,0
28,10,1,70,1
29,10,0,104,0
30,10,0,77,0
31,11,1,89,1
32,11,0,91,0
33,11,0,90,0
34,12,1,91,0
35,12,0,70,0
36,12,0,92,0
37,13,1,39,1
38,13,0,45,0
39,13,0,50,1
40,14,1,103,1
41,14,0,69,0
42,14,0,91,0
43,15,1,93,0
44,15,0,104,0
45,15,0,103,0
46,16,1,85,0
47,16,0,72,0
48,16,0,104,0
49,17,1,104,0
50,17,0,63,0
51,17,0,104,0
52,18,1,104,0
53,18,0,104,0
54,18,0,74,0
55,19,1,81,0
56,19,0,104,0
57,19,0,69,0
58,20,1,67,1
59,20,0,104,0
60,20,0,68,1
61,21,1,104,0
62,21,0,104,0
63,21,0,104,0
64,22,1,104,0
65,22,0,104,0
66,22,0,104,0
67,23,1,104,0
68,23,0,83,0
69,23,0,40,1
70,24,1,87,0
71,24,0,104,0
72,24,0,104,0
73,25,1,104,0
74,25,0,104,0
75,25,0,104,0
76,26,1,89,0
77,26,0,104,0
78,26,0,104,0
79,27,1,78,0
80,27,0,104,0
81,27,0,104,0
82,28,1,104,0
83,28,0,81,1
84,28,0,64,1
85,29,1,86,1
86,29,0,55,1
87,29,0,94,0
88,30,1,34,1
89,30,0,104,0
90,30,0,54,1
91,31,1,76,0
92,31,0,87,0
93,31,0,74,0
94,32,1,103,1
95,32,0,73,1
96,32,0,84,1
97,33,1,102,1
98,33,0,104,0
99,33,0,80,0
100,34,1,80,1
101,34,0,104,0
102,34,0,73,0
103,35,1,45,1
104,35,0,79,0
105,35,0,104,0
106,36,1,94,1
107,36,0,104,0
108,36,0,104,0
109,37,1,104,0
110,37,0,104,0
111,37,0,104,0
112,38,1,104,0
113,38,0,101,1
114,38,0,94,0
115,39,1,76,0
116,39,0,84,1
117,39,0,78,1
118,40,1,80,1
119,40,0,81,1
120,40,0,76,0
121,41,1,72,1
122,41,0,95,0
123,41,0,104,0
124,42,1,73,1
125,42,0,104,0
126,42,0,66,1
127,43,1,92,1
128,43,0,104,0
129,43,0,102,1
130,44,1,104,0
131,44,0,98,0
132,44,0,73,0
133,45,1,55,0
134,45,0,104,0
135,45,0,104,0
136,46,1,49,0
137,46,0,83,0
138,46,0,77,0
139,47,1,89,1
140,47,0,104,0
141,47,0,104,0
142,48,1,88,0
143,48,0,79,0
144,48,0,99,0
145,49,1,103,1
146,49,0,91,0
147,49,0,104,0
148,50,1,104,0
149,50,0,104,0
150,50,0,79,1
