,strength,batch,cask,sample
1,62.8,0,0,0
2,62.6,0,0,0
3,60.1,0,1,1
4,62.3,0,1,1
5,62.7,0,2,2
6,63.1,0,2,2
7,60.0,1,0,3
8,61.4,1,0,3
9,57.5,1,1,4
10,56.9,1,1,4
11,61.1,1,2,5
12,58.9,1,2,5
13,58.7,2,0,6
14,57.5,2,0,6
15,63.9,2,1,7
16,63.1,2,1,7
17,65.4,2,2,8
18,63.7,2,2,8
19,57.1,3,0,9
20,56.4,3,0,9
21,56.9,3,1,10
22,58.6,3,1,10
23,64.7,3,2,11
24,64.5,3,2,11
25,55.1,4,0,12
26,55.1,4,0,12
27,54.7,4,1,13
28,54.2,4,1,13
29,58.8,4,2,14
30,57.5,4,2,14
31,63.4,5,0,15
32,64.9,5,0,15
33,59.3,5,1,16
34,58.1,5,1,16
35,60.5,5,2,17
36,60.0,5,2,17
37,62.5,6,0,18
38,62.6,6,0,18
39,61.0,6,1,19
40,58.7,6,1,19
41,56.9,6,2,20
42,57.7,6,2,20
43,59.2,7,0,21
44,59.4,7,0,21
45,65.2,7,1,22
46,66.0,7,1,22
47,64.8,7,2,23
48,64.1,7,2,23
49,54.8,8,0,24
50,54.8,8,0,24
51,64.0,8,1,25
52,64.0,8,1,25
53,57.7,8,2,26
54,56.8,8,2,26
55,58.3,9,0,27
56,59.3,9,0,27
57,59.2,9,1,28
58,59.2,9,1,28
59,58.9,9,2,29
60,56.6,9,2,29
