,duration,prod
1,7,0.01138
2,9,0.01138
3,13,0.01138
4,14,0.01138
5,26,0.01138
6,29,0.01138
7,52,0.01138
8,130,0.01138
9,9,0.02299
10,37,0.02299
11,41,0.02299
12,49,0.02299
13,52,0.02299
14,119,0.02299
15,3,-0.03957
16,17,-0.03957
17,19,-0.03957
18,28,-0.03957
19,72,-0.03957
20,99,-0.03957
21,104,-0.03957
22,114,-0.03957
23,152,-0.03957
24,153,-0.03957
25,216,-0.03957
26,15,-0.05467
27,61,-0.05467
28,98,-0.05467
29,2,0.00535
30,25,0.00535
31,85,0.00535
32,3,0.07427
33,10,0.07427
34,1,0.0645
35,2,0.0645
36,3,0.0645
37,3,0.0645
38,3,0.0645
39,4,0.0645
40,8,0.0645
41,11,0.0645
42,22,0.0645
43,23,0.0645
44,27,0.0645
45,32,0.0645
46,33,0.0645
47,35,0.0645
48,43,0.0645
49,43,0.0645
50,44,0.0645
51,100,0.0645
52,5,-0.10443
53,49,-0.10443
54,2,-0.007
55,12,-0.007
56,12,-0.007
57,21,-0.007
58,21,-0.007
59,27,-0.007
60,38,-0.007
61,42,-0.007
62,117,-0.007
