,X1,X2,X3,Y
1,190.0,7.4,67,41.0
2,118.0,8.0,72,36.0
3,149.0,12.6,74,12.0
4,313.0,11.5,62,18.0
5,8.0,14.3,56,11.0
6,8.0,14.9,66,28.0
7,299.0,8.6,65,23.0
8,99.0,13.8,59,19.0
9,19.0,20.1,61,8.0
10,194.0,8.6,69,11.0
11,8.0,6.9,74,7.0
12,256.0,9.7,69,16.0
13,290.0,9.2,66,11.0
14,274.0,10.9,68,14.0
15,65.0,13.2,58,18.0
16,334.0,11.5,64,14.0
17,307.0,12.0,66,34.0
18,78.0,18.4,57,6.0
19,322.0,11.5,68,30.0
20,44.0,9.7,62,11.0
21,8.0,9.7,59,1.0
22,320.0,16.6,73,11.0
23,25.0,9.7,61,4.0
24,92.0,12.0,61,32.0
25,66.0,16.6,57,11.0
26,266.0,14.9,58,11.0
27,8.0,8.0,57,11.0
28,13.0,12.0,67,23.0
29,252.0,14.9,81,45.0
30,223.0,5.7,79,115.0
31,279.0,7.4,76,37.0
