,x,y,age
1,0.677,0.001,0
2,0.676,0.022,0
3,0.681,0.031,0
4,0.683,0.038,0
5,0.776,0.028,0
6,0.794,0.033,0
7,0.944,0.011,0
8,0.948,0.01,0
9,0.983,0.077,0
10,0.986,0.084,0
11,0.989,0.083,0
12,0.943,0.103,0
13,0.946,0.107,0
14,0.993,0.252,0
15,0.993,0.256,0
16,0.99,0.256,0
17,0.986,0.256,0
18,0.983,0.254,0
19,0.929,0.144,0
20,0.928,0.151,0
21,0.95,0.109,0
22,0.968,0.263,0
23,0.792,0.279,0
24,0.748,0.28,0
25,0.746,0.279,0
26,0.746,0.27,0
27,0.732,0.287,0
28,0.689,0.289,0
29,0.681,0.292,0
30,0.69,0.3,0
31,0.697,0.344,0
32,0.624,0.217,0
33,0.632,0.216,0
34,0.584,0.389,0
35,0.461,0.316,0
36,0.416,0.302,0
37,0.399,0.28,0
38,0.414,0.242,0
39,0.416,0.242,0
40,0.417,0.242,0
41,0.22,0.21,0
42,0.276,0.08,0
43,0.25,0.061,0
44,0.242,0.091,0
45,0.076,0.309,0
46,0.062,0.313,0
47,0.073,0.307,0
48,0.06,0.36,0
49,0.06,0.366,0
50,0.077,0.351,0
51,0.254,0.511,0
52,0.251,0.513,0
53,0.749,0.129,0
54,0.966,0.049,0
55,0.838,0.09,0
56,0.838,0.093,0
57,0.187,0.249,0
58,0.216,0.073,0
59,0.36,0.11,0
60,0.138,0.028,0
61,0.384,0.287,0
62,0.431,0.286,0
63,0.436,0.286,0
64,0.514,0.13,0
65,0.516,0.132,0
66,0.519,0.128,0
67,0.52,0.13,0
68,0.529,0.251,0
69,0.648,0.152,0
70,0.681,0.15,0
71,0.683,0.151,0
72,0.77,0.147,0
73,0.814,0.117,0
74,0.83,0.144,0
75,0.824,0.144,0
76,0.93,0.1,0
77,0.926,0.107,0
78,0.922,0.109,0
79,0.972,0.117,0
80,0.966,0.117,0
81,0.661,0.132,0
82,0.661,0.129,0
83,0.664,0.14,0
84,0.502,0.134,0
85,0.513,0.103,0
86,0.353,0.111,0
87,0.358,0.115,0
88,0.357,0.104,0
89,0.352,0.111,0
90,0.27,0.15,0
91,0.268,0.152,0
92,0.136,0.229,0
93,0.036,0.301,0
94,0.036,0.306,0
95,0.124,0.278,0
96,0.212,0.282,0
97,0.246,0.31,0
98,0.299,0.331,0
99,0.301,0.328,0
100,0.301,0.323,0
101,0.303,0.32,0
102,0.302,0.318,0
103,0.331,0.281,0
104,0.329,0.284,0
105,0.331,0.282,0
106,0.41,0.302,0
107,0.408,0.307,0
108,0.408,0.308,0
109,0.413,0.306,0
110,0.417,0.309,0
111,0.54,0.29,0
112,0.539,0.291,0
113,0.538,0.289,0
114,0.628,0.261,0
115,0.679,0.181,0
116,0.948,0.07,0
117,0.808,0.218,0
118,0.827,0.244,0
119,0.821,0.242,0
120,0.784,0.251,0
121,0.759,0.271,0
122,0.787,0.248,0
123,0.759,0.313,0
124,0.764,0.313,0
125,0.736,0.313,0
126,0.687,0.273,0
127,0.71,0.226,0
128,0.734,0.273,0
129,0.348,0.554,0
130,0.578,0.308,0
131,0.584,0.304,0
132,0.587,0.302,0
133,0.575,0.299,0
134,0.592,0.313,0
135,0.549,0.544,0
136,0.644,0.352,0
137,0.65,0.348,0
138,0.922,0.191,0
139,0.924,0.187,0
140,0.788,0.09,0
141,0.81,0.289,0
142,0.85,0.298,0
143,0.869,0.293,0
144,0.972,0.281,0
145,0.971,0.281,0
146,0.827,0.343,0
147,0.823,0.343,0
148,0.754,0.32,0
149,0.752,0.318,0
150,0.702,0.368,0
151,0.699,0.399,0
152,0.78,0.396,0
153,0.792,0.442,0
154,0.997,0.523,0
155,0.997,0.526,0
156,0.996,0.529,0
157,0.259,0.421,0
158,0.266,0.421,0
159,0.967,0.118,0
160,0.431,0.334,0
161,0.427,0.336,0
162,0.479,0.371,0
163,0.491,0.438,0
164,0.441,0.467,0
165,0.361,0.403,0
166,0.364,0.401,0
167,0.372,0.413,0
168,0.319,0.448,0
169,0.249,0.448,0
170,0.158,0.367,0
171,0.242,0.478,0
172,0.236,0.489,0
173,0.228,0.486,0
174,0.191,0.561,0
175,0.978,0.529,0
176,0.893,0.478,0
177,0.896,0.484,0
178,0.784,0.554,0
179,0.859,0.528,0
180,0.899,0.507,0
181,0.884,0.503,0
182,0.991,0.644,0
183,0.973,0.639,0
184,0.976,0.696,0
185,0.93,0.618,0
186,0.963,0.696,0
187,0.963,0.698,0
188,0.986,0.734,0
189,0.994,0.722,0
190,0.994,0.887,0
191,0.976,0.873,0
192,0.97,0.869,0
193,0.946,0.861,0
194,0.981,0.81,0
195,0.917,0.77,0
196,0.94,0.798,0
197,0.93,0.883,0
198,0.847,0.697,0
199,0.863,0.819,0
200,0.862,0.819,0
201,0.604,0.897,0
202,0.597,0.888,0
203,0.522,0.953,0
204,0.581,0.871,0
205,0.611,0.826,0
206,0.618,0.818,0
207,0.703,0.736,0
208,0.636,0.787,0
209,0.518,0.889,0
210,0.456,0.96,0
211,0.458,0.922,0
212,0.454,0.93,0
213,0.458,0.929,0
214,0.481,0.882,0
215,0.496,0.86,0
216,0.484,0.86,0
217,0.483,0.86,0
218,0.482,0.869,0
219,0.551,0.839,0
220,0.508,0.883,0
221,0.728,0.689,0
222,0.724,0.689,0
223,0.66,0.707,0
224,0.633,0.747,0
225,0.657,0.722,0
226,0.674,0.573,0
227,0.662,0.622,0
228,0.594,0.772,0
229,0.556,0.783,0
230,0.563,0.783,0
231,0.567,0.783,0
232,0.623,0.664,0
233,0.632,0.67,0
234,0.628,0.654,0
235,0.623,0.646,0
236,0.536,0.509,0
237,0.481,0.529,0
238,0.443,0.519,0
239,0.438,0.511,0
240,0.439,0.513,0
241,0.639,0.638,0
242,0.638,0.64,0
243,0.637,0.636,0
244,0.633,0.638,0
245,0.638,0.638,0
246,0.601,0.726,0
247,0.573,0.725,0
248,0.561,0.756,0
249,0.56,0.694,0
250,0.547,0.702,0
251,0.542,0.687,0
252,0.562,0.72,0
253,0.502,0.728,0
254,0.499,0.73,0
255,0.498,0.73,0
256,0.513,0.824,0
257,0.514,0.813,0
258,0.494,0.798,0
259,0.366,0.929,0
260,0.364,0.929,0
261,0.396,0.92,0
262,0.394,0.931,0
263,0.259,0.95,0
264,0.266,0.911,0
265,0.207,0.95,0
266,0.157,0.924,0
267,0.956,0.591,0
268,0.953,0.588,0
269,0.926,0.618,0
270,0.904,0.594,0
271,0.907,0.649,0
272,0.852,0.688,0
273,0.841,0.722,0
274,0.651,0.851,0
275,0.648,0.838,0
276,0.651,0.797,0
277,0.582,0.858,0
278,0.578,0.858,0
279,0.627,0.882,0
280,0.41,0.982,0
281,0.49,0.987,0
282,0.028,0.871,0
283,0.076,0.78,0
284,0.096,0.751,0
285,0.106,0.762,0
286,0.109,0.779,0
287,0.123,0.774,0
288,0.066,0.634,0
289,0.071,0.647,0
290,0.04,0.612,0
291,0.026,0.594,0
292,0.066,0.591,0
293,0.117,0.569,0
294,0.146,0.591,0
295,0.152,0.587,0
296,0.092,0.571,0
297,0.148,0.603,0
298,0.143,0.64,0
299,0.156,0.64,0
300,0.177,0.631,0
301,0.157,0.696,0
302,0.169,0.687,0
303,0.174,0.707,0
304,0.124,0.773,0
305,0.169,0.686,0
306,0.042,0.748,0
307,0.037,0.749,0
308,0.161,0.779,0
309,0.147,0.838,0
310,0.113,0.858,0
311,0.172,0.883,0
312,0.17,0.889,0
313,0.189,0.887,0
314,0.193,0.884,0
315,0.181,0.732,0
316,0.186,0.628,0
317,0.122,0.574,0
318,0.224,0.572,0
319,0.23,0.582,0
320,0.23,0.581,0
321,0.216,0.529,0
322,0.212,0.492,0
323,0.247,0.526,0
324,0.23,0.542,0
325,0.221,0.544,0
326,0.228,0.71,0
327,0.228,0.711,0
328,0.232,0.711,0
329,0.232,0.712,0
330,0.264,0.737,0
331,0.243,0.656,0
332,0.282,0.579,0
333,0.268,0.538,0
334,0.311,0.59,0
335,0.254,0.652,0
336,0.314,0.587,0
337,0.274,0.588,0
338,0.276,0.587,0
339,0.276,0.588,0
340,0.3,0.589,0
341,0.303,0.529,0
342,0.346,0.49,0
343,0.352,0.452,0
344,0.383,0.479,0
345,0.356,0.514,0
346,0.2,0.418,0
347,0.39,0.576,0
348,0.403,0.589,0
349,0.396,0.584,0
350,0.388,0.588,0
351,0.371,0.583,0
352,0.348,0.613,0
353,0.36,0.598,0
354,0.391,0.626,0
355,0.292,0.68,0
356,0.292,0.684,0
357,0.303,0.682,0
358,0.331,0.711,0
359,0.37,0.797,0
360,0.27,0.423,1
361,0.306,0.368,1
362,0.787,0.11,1
363,0.81,0.112,1
364,0.81,0.082,1
365,0.817,0.108,1
366,0.97,0.047,1
367,0.937,0.066,1
368,0.804,0.1,1
369,0.934,0.074,1
370,0.838,0.093,1
371,0.811,0.099,1
372,0.216,0.068,1
373,0.36,0.102,1
374,0.258,0.104,1
375,0.116,0.112,1
376,0.139,0.112,1
377,0.15,0.109,1
378,0.119,0.118,1
379,0.408,0.146,1
380,0.456,0.128,1
381,0.462,0.147,1
382,0.434,0.286,1
383,0.513,0.127,1
384,0.529,0.142,1
385,0.567,0.146,1
386,0.65,0.15,1
387,0.651,0.151,1
388,0.681,0.153,1
389,0.772,0.143,1
390,0.777,0.177,1
391,0.838,0.151,1
392,0.842,0.151,1
393,0.928,0.114,1
394,0.951,0.111,1
395,0.999,0.082,1
396,0.998,0.087,1
397,0.941,0.157,1
398,0.661,0.133,1
399,0.661,0.136,1
400,0.668,0.134,1
401,0.668,0.139,1
402,0.517,0.112,1
403,0.511,0.119,1
404,0.509,0.129,1
405,0.356,0.109,1
406,0.319,0.111,1
407,0.251,0.086,1
408,0.243,0.107,1
409,0.241,0.114,1
410,0.218,0.097,1
411,0.269,0.15,1
412,0.308,0.151,1
413,0.322,0.158,1
414,0.322,0.161,1
415,0.318,0.171,1
416,0.289,0.193,1
417,0.138,0.23,1
418,0.062,0.292,1
419,0.04,0.32,1
420,0.037,0.346,1
421,0.129,0.276,1
422,0.211,0.279,1
423,0.246,0.304,1
424,0.302,0.321,1
425,0.33,0.277,1
426,0.331,0.282,1
427,0.407,0.3,1
428,0.412,0.313,1
429,0.411,0.312,1
430,0.411,0.317,1
431,0.456,0.318,1
432,0.457,0.323,1
433,0.541,0.291,1
434,0.627,0.267,1
435,0.637,0.258,1
436,0.641,0.26,1
437,0.63,0.27,1
438,0.803,0.218,1
439,0.833,0.24,1
440,0.83,0.242,1
441,0.788,0.241,1
442,0.782,0.254,1
443,0.802,0.312,1
444,0.758,0.271,1
445,0.738,0.27,1
446,0.743,0.28,1
447,0.751,0.288,1
448,0.778,0.313,1
449,0.76,0.309,1
450,0.759,0.314,1
451,0.736,0.312,1
452,0.702,0.319,1
453,0.687,0.273,1
454,0.708,0.227,1
455,0.576,0.31,1
456,0.598,0.351,1
457,0.548,0.352,1
458,0.55,0.546,1
459,0.706,0.329,1
460,0.649,0.344,1
461,0.919,0.181,1
462,0.923,0.199,1
463,0.786,0.09,1
464,0.779,0.178,1
465,0.764,0.162,1
466,0.858,0.257,1
467,0.979,0.28,1
468,0.831,0.347,1
469,0.847,0.298,1
470,0.759,0.301,1
471,0.697,0.36,1
472,0.729,0.377,1
473,0.731,0.381,1
474,0.697,0.402,1
475,0.781,0.4,1
476,0.799,0.397,1
477,0.796,0.443,1
478,0.979,0.396,1
479,0.967,0.366,1
480,0.893,0.413,1
481,0.879,0.321,1
482,0.871,0.343,1
483,0.978,0.456,1
484,0.997,0.52,1
485,0.974,0.489,1
486,0.97,0.514,1
487,0.432,0.334,1
488,0.43,0.336,1
489,0.441,0.389,1
490,0.483,0.429,1
491,0.429,0.459,1
492,0.432,0.454,1
493,0.364,0.401,1
494,0.317,0.449,1
495,0.348,0.399,1
496,0.242,0.403,1
497,0.254,0.452,1
498,0.158,0.367,1
499,0.237,0.528,1
500,0.237,0.472,1
501,0.234,0.49,1
502,0.229,0.489,1
503,0.239,0.359,1
504,0.166,0.509,1
505,0.146,0.531,1
506,0.97,0.513,1
507,0.973,0.497,1
508,0.991,0.571,1
509,0.981,0.519,1
510,0.93,0.533,1
511,0.901,0.5,1
512,0.893,0.481,1
513,0.884,0.494,1
514,0.882,0.499,1
515,0.847,0.469,1
516,0.867,0.531,1
517,0.864,0.532,1
518,0.836,0.501,1
519,0.832,0.488,1
520,0.85,0.544,1
521,0.862,0.549,1
522,0.801,0.469,1
523,0.796,0.47,1
524,0.771,0.43,1
525,0.769,0.554,1
526,0.787,0.556,1
527,0.876,0.559,1
528,0.869,0.58,1
529,0.867,0.598,1
530,0.909,0.593,1
531,0.932,0.579,1
532,0.897,0.506,1
533,0.998,0.632,1
534,0.999,0.603,1
535,0.997,0.648,1
536,0.996,0.643,1
537,0.973,0.641,1
538,0.96,0.666,1
539,0.964,0.69,1
540,0.967,0.689,1
541,0.719,0.561,1
542,0.914,0.656,1
543,0.914,0.689,1
544,0.912,0.716,1
545,0.922,0.681,1
546,0.922,0.68,1
547,0.96,0.694,1
548,0.993,0.732,1
549,0.993,0.731,1
550,0.992,0.726,1
551,0.988,0.899,1
552,0.986,0.902,1
553,0.977,0.872,1
554,0.977,0.868,1
555,0.98,0.909,1
556,0.976,0.86,1
557,0.976,0.861,1
558,0.974,0.861,1
559,0.943,0.861,1
560,0.942,0.86,1
561,0.979,0.812,1
562,0.917,0.71,1
563,0.924,0.783,1
564,0.92,0.816,1
565,0.89,0.817,1
566,0.903,0.881,1
567,0.933,0.886,1
568,0.917,0.86,1
569,0.922,0.856,1
570,0.926,0.86,1
571,0.926,0.863,1
572,0.912,0.882,1
573,0.91,0.888,1
574,0.926,0.92,1
575,0.906,0.751,1
576,0.894,0.661,1
577,0.86,0.672,1
578,0.832,0.576,1
579,0.848,0.679,1
580,0.849,0.694,1
581,0.897,0.7,1
582,0.858,0.764,1
583,0.586,0.941,1
584,0.598,0.904,1
585,0.62,0.872,1
586,0.641,0.847,1
587,0.649,0.831,1
588,0.59,0.892,1
589,0.598,0.887,1
590,0.548,0.928,1
591,0.543,0.931,1
592,0.522,0.949,1
593,0.527,0.946,1
594,0.566,0.873,1
595,0.581,0.871,1
596,0.612,0.831,1
597,0.688,0.767,1
598,0.702,0.737,1
599,0.714,0.7,1
600,0.688,0.738,1
601,0.661,0.734,1
602,0.63,0.781,1
603,0.629,0.784,1
604,0.633,0.823,1
605,0.517,0.891,1
606,0.463,0.95,1
607,0.461,0.923,1
608,0.459,0.923,1
609,0.481,0.866,1
610,0.483,0.882,1
611,0.493,0.861,1
612,0.483,0.851,1
613,0.504,0.887,1
614,0.688,0.66,1
615,0.69,0.658,1
616,0.634,0.713,1
617,0.656,0.729,1
618,0.674,0.581,1
619,0.679,0.573,1
620,0.671,0.577,1
621,0.676,0.651,1
622,0.66,0.622,1
623,0.636,0.636,1
624,0.637,0.624,1
625,0.628,0.631,1
626,0.64,0.661,1
627,0.654,0.638,1
628,0.594,0.773,1
629,0.569,0.781,1
630,0.621,0.668,1
631,0.617,0.666,1
632,0.627,0.668,1
633,0.634,0.656,1
634,0.621,0.652,1
635,0.543,0.668,1
636,0.532,0.668,1
637,0.543,0.628,1
638,0.552,0.644,1
639,0.519,0.639,1
640,0.482,0.53,1
641,0.43,0.521,1
642,0.44,0.512,1
643,0.577,0.723,1
644,0.56,0.737,1
645,0.646,0.744,1
646,0.56,0.754,1
647,0.554,0.697,1
648,0.508,0.72,1
649,0.552,0.709,1
650,0.528,0.706,1
651,0.512,0.816,1
652,0.513,0.828,1
653,0.513,0.814,1
654,0.49,0.802,1
655,0.363,0.928,1
656,0.392,0.934,1
657,0.263,0.976,1
658,0.266,0.944,1
659,0.262,0.948,1
660,0.266,0.909,1
661,0.207,0.959,1
662,0.187,0.922,1
663,0.184,0.932,1
664,0.154,0.932,1
665,0.147,0.941,1
666,0.156,0.921,1
667,0.562,0.872,1
668,0.04,0.874,1
669,0.074,0.78,1
670,0.078,0.999,1
671,0.066,0.846,1
672,0.08,0.798,1
673,0.097,0.757,1
674,0.103,0.761,1
675,0.11,0.782,1
676,0.104,0.756,1
677,0.093,0.668,1
678,0.066,0.636,1
679,0.074,0.65,1
680,0.044,0.611,1
681,0.014,0.57,1
682,0.007,0.563,1
683,0.05,0.6,1
684,0.067,0.59,1
685,0.072,0.594,1
686,0.092,0.648,1
687,0.12,0.572,1
688,0.12,0.576,1
689,0.061,0.651,1
690,0.139,0.59,1
691,0.141,0.593,1
692,0.091,0.578,1
693,0.151,0.639,1
694,0.159,0.661,1
695,0.119,0.732,1
696,0.157,0.699,1
697,0.174,0.691,1
698,0.162,0.727,1
699,0.128,0.774,1
700,0.046,0.748,1
701,0.159,0.779,1
702,0.143,0.838,1
703,0.112,0.858,1
704,0.168,0.889,1
705,0.172,0.887,1
706,0.189,0.89,1
707,0.193,0.889,1
708,0.188,0.893,1
709,0.189,0.893,1
710,0.184,0.732,1
711,0.201,0.731,1
712,0.173,0.703,1
713,0.179,0.637,1
714,0.188,0.634,1
715,0.192,0.636,1
716,0.221,0.571,1
717,0.232,0.579,1
718,0.232,0.578,1
719,0.216,0.531,1
720,0.11,0.467,1
721,0.11,0.468,1
722,0.231,0.541,1
723,0.266,0.529,1
724,0.212,0.662,1
725,0.252,0.737,1
726,0.248,0.644,1
727,0.283,0.58,1
728,0.369,0.363,1
729,0.31,0.582,1
730,0.313,0.59,1
731,0.303,0.531,1
732,0.309,0.532,1
733,0.302,0.532,1
734,0.347,0.487,1
735,0.381,0.48,1
736,0.387,0.58,1
737,0.388,0.586,1
738,0.4,0.588,1
739,0.236,0.472,1
740,0.373,0.581,1
741,0.351,0.612,1
742,0.387,0.619,1
743,0.301,0.682,1
744,0.331,0.707,1
745,0.929,0.111,2
746,0.95,0.116,2
747,0.964,0.122,2
748,0.961,0.113,2
749,0.241,0.123,2
750,0.307,0.149,2
751,0.317,0.174,2
752,0.14,0.226,2
753,0.287,0.223,2
754,0.403,0.302,2
755,0.408,0.307,2
756,0.54,0.296,2
757,0.711,0.222,2
758,0.712,0.221,2
759,0.822,0.269,2
760,0.801,0.306,2
761,0.764,0.32,2
762,0.737,0.312,2
763,0.714,0.33,2
764,0.572,0.31,2
765,0.548,0.347,2
766,0.762,0.33,2
767,0.974,0.282,2
768,0.837,0.346,2
769,0.97,0.401,2
770,0.939,0.433,2
771,0.883,0.419,2
772,0.988,0.529,2
773,0.986,0.528,2
774,0.986,0.529,2
775,0.269,0.411,2
776,0.429,0.338,2
777,0.427,0.34,2
778,0.469,0.48,2
779,0.47,0.368,2
780,0.362,0.391,2
781,0.339,0.383,2
782,0.239,0.47,2
783,0.261,0.457,2
784,0.964,0.578,2
785,0.88,0.568,2
786,0.92,0.598,2
787,0.992,0.73,2
788,0.996,0.888,2
789,0.977,0.871,2
790,0.892,0.808,2
791,0.718,0.697,2
792,0.631,0.77,2
793,0.634,0.784,2
794,0.49,0.854,2
795,0.488,0.861,2
796,0.637,0.623,2
797,0.559,0.783,2
798,0.364,0.928,2
799,0.394,0.933,2
800,0.273,0.904,2
801,0.153,0.924,2
802,0.09,0.667,2
803,0.178,0.629,2
804,0.253,0.524,2
805,0.526,0.128,2
806,0.677,0.147,2
807,0.777,0.186,2
808,0.837,0.148,2
809,0.933,0.116,2
810,0.686,0.114,2
811,0.691,0.129,2
812,0.69,0.121,2
813,0.761,0.096,2
814,0.752,0.099,2
815,0.732,0.103,2
816,0.817,0.096,2
817,0.964,0.048,2
818,0.173,0.042,2
819,0.516,0.126,2
820,0.207,0.67,2
821,0.28,0.581,2
822,0.317,0.591,2
823,0.403,0.6,2
