,Loc,Var,Y1,Y2
1,4,0,81.0,80.7
2,4,2,105.4,82.3
3,4,4,119.7,80.4
4,4,3,109.7,87.2
5,4,1,98.3,84.2
6,5,0,146.6,100.4
7,5,2,142.0,115.5
8,5,4,150.7,112.2
9,5,3,191.5,147.7
10,5,1,145.7,108.1
11,3,0,82.3,103.1
12,3,2,77.3,105.1
13,3,4,78.4,116.5
14,3,3,131.3,139.9
15,3,1,89.6,129.6
16,0,0,119.8,98.9
17,0,2,121.4,61.9
18,0,4,124.0,96.2
19,0,3,140.8,125.5
20,0,1,124.8,75.7
21,2,0,98.9,66.4
22,2,2,89.0,49.9
23,2,4,69.1,96.7
24,2,3,89.3,61.9
25,2,1,104.1,80.3
26,1,0,86.9,67.7
27,1,2,77.1,66.7
28,1,4,78.9,67.4
29,1,3,101.8,91.8
30,1,1,96.0,94.1
