,pair,time,cens,treat
1,1,1,1,1
2,1,10,1,0
3,2,22,1,1
4,2,7,1,0
5,3,3,1,1
6,3,32,0,0
7,4,12,1,1
8,4,23,1,0
9,5,8,1,1
10,5,22,1,0
11,6,17,1,1
12,6,6,1,0
13,7,2,1,1
14,7,16,1,0
15,8,11,1,1
16,8,34,0,0
17,9,8,1,1
18,9,32,0,0
19,10,12,1,1
20,10,25,0,0
21,11,2,1,1
22,11,11,0,0
23,12,5,1,1
24,12,20,0,0
25,13,4,1,1
26,13,19,0,0
27,14,15,1,1
28,14,6,1,0
29,15,8,1,1
30,15,17,0,0
31,16,23,1,1
32,16,35,0,0
33,17,5,1,1
34,17,6,1,0
35,18,11,1,1
36,18,13,1,0
37,19,4,1,1
38,19,9,0,0
39,20,1,1,1
40,20,6,0,0
41,21,8,1,1
42,21,10,0,0
