,y,collegeDegree,female,age,homeOwn,govt,length,id
1,1,1,0,49.0,1,0,58.4000015258789,1
2,0,0,1,35.0,1,0,46.1500015258789,2
3,3,0,1,57.0,1,0,89.5199966430664,3
4,0,0,0,63.0,1,0,92.629997253418,4
5,1,1,1,40.0,1,0,58.8499984741211,4
6,0,0,0,77.0,1,0,53.8199996948242,4
7,0,0,0,43.0,1,0,58.4700012207031,5
8,1,1,1,47.0,1,0,53.0200004577637,5
9,0,1,1,26.0,1,0,58.9799995422363,5
10,3,0,1,48.0,0,1,86.0,6
11,0,0,1,41.0,1,0,52.9300003051758,7
12,1,0,0,41.0,1,0,48.2000007629395,7
13,1,0,0,37.0,0,0,91.0,8
14,0,0,1,18.0,1,0,53.25,8
15,1,0,1,70.0,1,0,135.470001220703,8
16,1,0,0,31.0,1,0,73.379997253418,8
17,0,0,1,18.0,1,0,66.7699966430664,9
18,2,0,1,22.0,0,0,47.9700012207031,9
19,4,0,1,60.0,0,1,77.0500030517578,9
20,1,1,1,44.0,1,0,53.5699996948242,9
21,4,0,0,72.0,1,0,69.0699996948242,10
22,2,0,1,43.0,1,0,44.5999984741211,10
23,1,0,1,57.0,0,0,88.9700012207031,10
24,0,1,0,43.0,1,0,74.4800033569336,10
25,0,0,1,63.0,0,0,77.2200012207031,10
26,2,0,1,40.0,0,0,49.6800003051758,10
27,3,1,1,44.0,1,0,48.5,11
28,0,0,0,29.0,0,0,67.4800033569336,11
29,0,0,0,63.0,1,0,45.2299995422363,11
30,1,0,1,19.0,0,0,57.6500015258789,11
31,1,0,1,57.0,1,0,56.8800010681152,11
32,0,0,1,78.0,1,0,92.6800003051758,11
33,0,0,1,39.0,1,0,120.169998168945,11
34,1,0,0,68.0,1,0,79.5999984741211,8
35,0,1,0,35.0,0,0,58.9000015258789,12
36,0,0,1,22.0,0,0,46.6300010681152,13
37,0,0,1,76.0,1,0,76.0299987792969,11
38,0,1,1,32.0,1,0,73.0,11
39,2,0,0,53.0,1,0,52.5800018310547,11
40,0,0,1,59.0,0,0,183.100006103516,14
41,1,1,0,62.0,1,0,58.0499992370605,14
42,0,1,1,30.0,1,0,87.1699981689453,15
43,1,0,1,67.0,1,0,62.7799987792969,15
44,1,0,1,43.0,1,1,67.5,15
45,0,0,1,34.0,0,1,77.8199996948242,15
46,3,1,1,69.0,1,0,64.4499969482422,15
47,2,0,1,28.0,0,0,51.1300010681152,12
48,2,0,1,19.0,0,0,52.2299995422363,12
49,0,0,1,23.0,0,0,50.5800018310547,10
50,2,1,1,30.0,1,0,63.6500015258789,10
51,1,0,0,37.0,1,0,63.0999984741211,12
52,0,1,0,29.0,1,0,61.7299995422363,12
53,1,1,0,47.0,1,0,92.6800003051758,16
54,3,0,1,67.0,0,0,61.8699989318848,17
55,3,1,1,37.0,1,0,62.25,17
56,0,0,0,50.0,1,0,83.3199996948242,17
57,0,0,0,37.0,1,0,81.9000015258789,17
58,1,0,1,45.0,0,0,90.120002746582,17
59,2,0,1,51.0,0,0,58.75,17
60,2,1,1,59.0,1,0,52.1300010681152,17
61,0,0,0,34.0,1,0,57.3199996948242,18
62,0,0,1,45.0,1,0,56.75,18
63,2,0,1,43.0,1,0,59.2999992370605,18
64,0,0,1,56.0,1,0,85.6500015258789,16
65,3,0,1,71.0,1,0,82.6500015258789,19
66,3,0,1,60.0,0,0,109.970001220703,19
67,0,0,1,52.0,1,0,60.7000007629395,20
68,2,1,1,36.0,1,0,60.4300003051758,21
69,2,0,1,58.0,1,0,72.5299987792969,21
70,1,1,1,38.0,1,0,54.3199996948242,22
71,0,1,1,58.0,1,0,74.6500015258789,22
72,2,0,0,30.0,0,0,58.9500007629395,2
73,0,0,1,37.0,1,0,44.75,2
74,1,1,0,46.0,1,0,54.5,23
75,3,0,0,54.0,1,0,59.7999992370605,24
76,3,1,1,50.0,1,0,104.470001220703,24
77,0,0,1,84.0,1,0,59.0699996948242,24
78,0,0,1,34.0,0,1,42.6300010681152,25
79,1,0,0,47.0,1,0,57.7299995422363,2
80,1,0,1,26.0,0,0,45.9700012207031,2
81,0,1,1,40.0,1,0,56.1699981689453,25
82,4,0,1,48.0,0,0,44.2700004577637,22
83,0,0,1,24.0,1,0,55.5699996948242,22
84,4,0,1,68.0,0,0,24.7000007629395,22
85,0,1,1,37.0,1,0,58.0499992370605,14
86,0,0,1,34.0,1,0,234.470001220703,14
87,0,1,1,64.0,1,0,74.4700012207031,8
88,0,0,1,34.0,1,0,76.9199981689453,11
89,1,0,0,45.0,1,0,74.3300018310547,18
90,0,0,1,82.0,0,0,86.6999969482422,12
91,2,0,1,38.0,0,0,46.0699996948242,8
92,1,0,0,56.0,0,0,50.7700004577637,8
93,1,1,0,25.0,1,0,53.9799995422363,8
94,0,0,1,47.0,1,0,68.7799987792969,8
95,0,0,0,57.0,1,0,44.1500015258789,23
96,1,0,1,76.0,0,0,43.8800010681152,23
97,3,1,0,49.0,1,0,65.129997253418,23
98,2,0,0,37.0,1,0,34.4199981689453,23
99,4,0,1,35.0,1,0,49.0999984741211,23
100,2,0,1,45.0,0,0,33.7799987792969,23
101,0,0,1,51.0,1,0,54.9500007629395,23
102,1,1,0,78.0,1,0,73.5800018310547,5
103,0,1,1,42.0,1,0,95.9300003051758,16
104,3,1,0,53.0,1,0,52.5299987792969,5
105,0,0,1,51.0,1,0,53.8699989318848,5
106,0,1,1,35.0,1,0,47.5800018310547,5
107,2,1,0,42.0,0,0,69.2200012207031,5
108,3,1,0,36.0,0,1,67.0500030517578,5
109,0,1,0,48.0,1,0,54.6199989318848,5
110,3,0,1,66.0,0,0,76.120002746582,6
111,4,0,1,30.0,0,0,47.8300018310547,6
112,3,1,1,40.0,1,0,124.919998168945,6
113,2,0,0,33.0,1,0,57.1699981689453,26
114,1,0,0,33.0,0,0,52.3300018310547,26
115,3,1,1,29.0,0,1,61.7299995422363,26
116,2,0,1,20.0,1,0,54.1699981689453,26
117,0,0,1,70.0,1,0,74.5,6
118,3,0,0,66.0,1,0,53.0,6
119,3,1,1,61.0,1,0,69.2699966430664,6
120,2,0,1,74.0,1,0,77.7300033569336,6
121,3,1,1,65.0,0,0,75.4499969482422,6
122,3,1,1,55.0,0,1,51.5699996948242,6
123,1,1,0,31.0,1,0,60.6800003051758,27
124,0,1,1,62.0,1,0,49.9799995422363,27
125,3,0,0,45.0,1,0,52.6199989318848,27
126,1,1,0,74.0,1,0,82.5800018310547,27
127,3,0,1,51.0,1,0,69.7699966430664,27
128,2,0,1,60.0,1,0,46.4799995422363,26
129,3,0,0,65.0,1,0,50.4500007629395,28
130,3,1,0,59.0,1,0,50.2799987792969,28
131,2,0,1,30.0,1,0,18.5200004577637,28
132,3,1,1,37.0,1,0,65.620002746582,26
133,0,1,1,70.0,1,0,56.2799987792969,28
134,2,0,1,82.0,0,0,44.1699981689453,28
135,1,1,0,35.0,1,0,88.5,18
136,2,0,0,61.0,1,0,62.4300003051758,29
137,3,0,0,57.0,1,0,74.1800003051758,18
138,2,0,1,57.0,0,0,50.5800018310547,30
139,0,1,0,41.0,1,0,42.4199981689453,9
140,1,0,1,56.0,1,1,48.6199989318848,30
141,0,1,0,81.0,1,0,60.2999992370605,30
142,0,1,1,35.0,1,0,77.3000030517578,14
143,1,1,0,55.0,1,0,108.519996643066,14
144,1,1,1,33.0,0,0,90.7200012207031,14
145,2,0,1,22.0,0,0,92.5999984741211,14
146,0,0,0,24.0,0,1,89.8199996948242,14
147,1,0,1,78.0,1,0,61.7700004577637,31
148,1,1,0,47.0,0,1,61.75,9
149,0,1,0,65.0,0,0,93.9700012207031,9
150,0,1,1,79.0,1,0,76.1800003051758,9
151,0,1,1,77.0,1,0,51.1699981689453,9
152,1,0,1,73.0,1,0,60.3499984741211,31
153,2,1,1,44.0,1,1,44.2299995422363,32
154,2,0,1,74.0,1,0,60.5499992370605,2
155,0,0,1,88.0,1,0,58.7799987792969,2
156,0,0,1,29.0,0,0,73.4800033569336,2
157,0,1,1,21.0,1,1,53.5800018310547,33
158,2,0,1,76.0,1,0,53.0800018310547,32
159,1,1,0,47.0,1,0,61.7700004577637,32
160,4,0,1,53.0,1,0,46.7999992370605,32
161,2,0,0,55.0,1,1,44.4199981689453,32
162,2,1,1,45.0,0,1,59.1300010681152,23
163,2,1,1,50.0,1,0,44.9700012207031,23
164,0,0,0,37.0,1,0,49.0499992370605,23
165,4,0,1,73.0,0,0,36.4199981689453,23
166,3,1,1,51.0,1,0,66.8499984741211,33
167,0,0,1,46.0,1,0,81.8499984741211,33
168,2,0,0,35.0,1,0,75.9199981689453,33
169,1,0,1,36.0,1,1,53.7200012207031,33
170,2,0,0,65.0,1,0,92.75,3
171,3,1,0,45.0,0,0,76.3000030517578,3
172,0,0,0,27.0,1,0,54.5800018310547,3
173,3,1,1,45.0,0,0,74.5299987792969,3
174,0,0,0,32.0,1,1,48.9700012207031,5
175,2,1,0,67.0,1,0,53.4199981689453,5
176,2,0,1,56.0,1,0,47.0499992370605,5
177,1,1,1,42.0,1,0,54.2200012207031,9
178,2,0,0,39.0,0,0,80.629997253418,9
179,0,1,1,66.0,1,0,54.8499984741211,9
180,3,1,1,68.0,1,0,126.470001220703,11
181,3,1,1,46.0,1,0,51.7299995422363,11
182,1,1,0,63.0,1,0,83.620002746582,9
183,0,0,1,46.0,1,0,46.5,5
184,3,0,0,40.0,1,0,72.2799987792969,5
185,2,0,1,59.0,1,0,47.1500015258789,5
186,1,1,1,41.0,1,0,69.7699966430664,5
187,0,0,0,32.0,1,0,72.5500030517578,29
188,1,1,0,54.0,1,0,70.120002746582,29
189,0,1,0,30.0,1,1,57.1300010681152,29
190,0,0,1,62.0,1,0,45.5499992370605,34
191,1,1,0,53.0,1,0,53.3699989318848,28
192,3,0,1,56.0,1,0,53.6300010681152,28
193,3,1,1,38.0,1,1,59.3800010681152,28
194,0,0,1,70.0,1,0,53.8199996948242,28
195,0,1,1,40.0,0,0,186.220001220703,14
196,0,1,1,52.0,1,0,95.5199966430664,9
197,1,0,1,72.0,0,0,91.6800003051758,9
198,1,1,0,31.0,0,1,92.0800018310547,9
199,0,0,1,37.0,1,0,54.3699989318848,9
200,0,1,1,32.0,0,0,59.9500007629395,9
201,0,1,0,36.0,1,0,64.6699981689453,9
202,1,1,0,47.0,1,0,43.8300018310547,35
203,1,0,0,57.0,1,0,60.9799995422363,35
204,1,1,1,32.0,0,0,59.6699981689453,29
205,2,0,1,72.0,0,0,61.6699981689453,29
206,0,0,1,61.0,0,0,62.3800010681152,29
207,0,0,0,43.0,1,0,58.5200004577637,29
208,3,1,0,70.0,1,0,70.3499984741211,29
209,0,0,1,54.0,1,0,102.120002746582,17
210,3,1,0,46.0,0,0,55.2999992370605,17
211,2,0,1,66.0,0,0,72.379997253418,12
212,1,1,0,62.0,1,0,61.9199981689453,12
213,1,0,0,34.0,1,0,83.75,12
214,1,0,1,67.0,1,0,79.4499969482422,17
215,2,0,1,30.0,1,0,60.8800010681152,10
216,2,0,0,26.0,0,1,53.0499992370605,13
217,0,1,0,62.0,1,0,70.120002746582,10
218,0,0,0,28.0,0,0,73.9000015258789,14
219,1,1,1,65.0,1,0,83.0699996948242,14
220,0,0,1,84.0,0,0,116.949996948242,14
221,1,1,0,35.0,1,1,75.3499984741211,14
222,2,0,1,51.0,1,1,56.4300003051758,33
223,1,0,0,31.0,1,0,51.9000015258789,33
224,0,0,0,54.0,0,0,77.1999969482422,33
225,0,1,0,28.0,1,0,75.3300018310547,30
226,2,0,1,82.0,1,0,47.0499992370605,23
227,0,0,0,50.0,1,1,52.2799987792969,23
228,1,0,1,75.0,1,0,47.5299987792969,23
229,0,0,1,90.0,0,0,214.880004882812,10
230,0,0,1,51.0,0,0,83.0199966430664,10
231,0,1,1,50.0,1,1,53.8699989318848,25
232,0,0,1,42.0,1,0,81.7200012207031,21
233,0,0,1,55.0,1,0,62.2200012207031,21
234,2,0,0,30.0,1,0,66.5299987792969,21
235,1,0,1,50.0,1,0,55.8499984741211,25
236,0,0,1,41.0,1,0,69.7300033569336,23
237,2,1,1,29.0,1,0,45.3699989318848,23
238,1,0,1,60.0,1,0,66.7699966430664,26
239,0,0,1,84.0,0,0,54.0699996948242,26
240,1,0,1,59.0,1,0,92.4499969482422,28
241,0,0,1,42.0,0,0,50.6500015258789,27
242,0,0,0,55.0,0,0,54.8199996948242,27
243,1,1,1,30.0,1,0,70.8199996948242,4
244,3,0,0,79.0,1,0,169.699996948242,5
245,1,1,1,59.0,1,0,68.4499969482422,5
246,2,0,0,35.0,1,0,55.1500015258789,23
247,2,0,1,24.0,0,0,47.25,23
248,1,0,0,46.0,1,0,47.5200004577637,23
249,1,1,0,56.0,1,0,50.0800018310547,29
250,3,1,0,64.0,0,0,77.6999969482422,29
251,2,0,0,25.0,0,0,40.9199981689453,29
252,2,0,1,50.0,1,0,54.5299987792969,29
253,1,0,0,70.0,1,0,54.4700012207031,29
254,2,0,1,66.0,1,0,66.5299987792969,23
255,0,0,1,53.0,1,0,65.379997253418,23
256,2,0,0,42.0,0,0,46.4199981689453,23
257,0,0,0,78.0,1,0,60.2999992370605,23
258,0,1,1,40.0,0,0,49.0699996948242,23
259,3,1,1,27.0,1,1,60.6300010681152,33
260,0,0,1,89.0,1,0,68.4499969482422,33
261,1,0,0,30.0,0,0,68.6999969482422,23
262,1,1,1,41.0,1,0,42.1199989318848,35
263,0,0,1,74.0,1,0,87.2699966430664,29
264,2,0,1,53.0,1,0,67.8199996948242,30
265,0,0,1,24.0,1,0,58.2299995422363,29
266,1,1,0,43.0,1,1,74.4800033569336,9
267,0,0,0,22.0,0,0,72.0199966430664,9
268,0,1,1,57.0,0,0,73.25,9
269,0,0,1,36.0,0,0,59.9300003051758,35
270,0,0,1,44.0,1,0,72.8300018310547,9
271,0,0,0,36.0,1,0,45.5200004577637,35
272,0,0,1,49.0,0,0,55.2200012207031,35
273,1,1,1,34.0,1,1,50.4199981689453,35
274,3,1,1,34.0,1,0,63.9000015258789,35
275,0,0,1,51.0,1,0,49.6500015258789,35
276,2,0,1,35.0,1,0,43.4799995422363,35
277,4,0,0,67.0,0,0,54.7799987792969,35
278,3,1,0,57.0,1,0,44.0499992370605,35
279,1,1,1,75.0,1,0,62.9300003051758,4
280,0,0,0,24.0,1,0,36.9500007629395,35
281,3,0,0,64.0,1,0,106.099998474121,13
282,3,0,1,38.0,1,0,65.4199981689453,13
283,2,0,1,82.0,0,0,65.4199981689453,13
284,0,0,1,71.0,1,0,63.3499984741211,35
285,1,1,0,35.0,1,0,64.629997253418,9
286,1,1,0,58.0,1,0,66.129997253418,9
287,2,0,1,27.0,1,0,51.2700004577637,9
288,0,0,1,43.0,1,0,65.9499969482422,9
289,3,1,0,55.0,1,0,72.4700012207031,16
290,0,0,1,59.0,1,0,73.7799987792969,16
291,0,0,1,84.0,0,0,79.6999969482422,30
292,3,0,0,43.0,1,0,55.0200004577637,30
293,0,0,1,24.0,1,1,58.1699981689453,30
294,0,0,1,43.0,1,0,83.0199966430664,9
295,3,0,0,51.0,1,0,70.4499969482422,8
296,1,1,0,74.0,1,0,85.25,8
297,2,0,0,18.0,1,0,69.3300018310547,14
298,0,1,0,40.0,1,0,49.0999984741211,23
299,2,0,0,39.0,1,0,46.7000007629395,23
300,2,0,1,45.0,1,0,61.2799987792969,23
301,2,0,1,48.0,1,0,43.1199989318848,7
302,1,1,0,39.0,1,0,68.1500015258789,33
303,1,0,1,61.0,1,0,81.2300033569336,3
304,3,1,1,63.0,1,0,81.2300033569336,3
305,0,1,1,58.0,1,0,81.8499984741211,3
306,1,1,0,31.0,1,0,62.2200012207031,5
307,0,0,0,61.0,1,0,78.4000015258789,6
308,3,0,1,58.0,1,0,69.3199996948242,36
309,3,1,1,51.0,0,0,117.0,6
310,2,0,1,57.0,1,0,61.9700012207031,28
311,2,0,1,34.0,0,0,74.5699996948242,28
312,0,0,1,74.0,0,0,102.970001220703,6
313,2,0,1,84.0,0,0,53.5200004577637,6
314,3,0,1,80.0,1,0,54.5499992370605,28
315,0,0,1,46.0,1,0,55.2700004577637,7
316,0,1,1,82.0,1,0,72.8000030517578,7
317,2,0,1,57.0,0,0,32.0999984741211,34
318,0,0,1,66.0,1,0,67.879997253418,32
319,1,0,0,82.0,1,0,71.0699996948242,25
320,2,0,1,44.0,1,0,69.129997253418,33
321,1,0,0,72.0,1,0,96.0299987792969,33
322,1,1,1,72.0,1,0,87.4700012207031,33
323,0,0,1,70.0,1,0,94.3300018310547,37
324,3,1,1,51.0,1,0,79.2200012207031,32
325,0,1,0,26.0,0,0,53.0200004577637,32
326,1,0,1,33.0,0,0,72.0,32
327,0,1,1,32.0,1,0,44.4000015258789,32
328,1,1,1,37.0,1,0,118.050003051758,21
329,0,0,1,58.0,0,0,61.3499984741211,21
330,0,1,1,37.0,0,1,64.4000015258789,33
331,3,1,1,55.0,1,0,77.5699996948242,33
332,3,1,0,54.0,1,0,109.300003051758,33
333,3,0,0,22.0,1,1,94.2300033569336,11
334,1,1,0,49.0,0,0,61.3499984741211,11
335,2,0,1,32.0,1,0,52.9700012207031,11
336,3,0,0,63.0,1,0,70.0699996948242,11
337,4,0,0,63.0,1,0,48.4799995422363,29
338,0,0,1,72.0,0,0,56.0200004577637,29
339,0,1,0,49.0,1,0,53.4000015258789,29
340,0,0,0,51.0,0,0,71.6999969482422,29
341,0,0,1,24.0,0,0,81.9700012207031,14
342,3,1,1,33.0,0,0,38.5800018310547,38
343,2,0,0,20.0,1,0,65.129997253418,39
344,1,1,1,53.0,1,0,67.9800033569336,39
345,2,1,0,49.0,1,0,69.6500015258789,39
346,2,0,0,52.0,0,0,73.4700012207031,40
347,1,1,0,41.0,1,0,93.9000015258789,40
348,3,1,0,54.0,1,1,71.0,40
349,3,0,1,26.0,0,0,43.2299995422363,38
350,2,0,0,59.0,1,0,71.4300003051758,41
351,1,1,1,70.0,1,0,83.4199981689453,42
352,1,1,0,43.0,1,0,57.8800010681152,42
353,1,1,0,51.0,1,0,52.3300018310547,42
354,0,0,1,25.0,0,0,66.7200012207031,43
355,0,0,0,41.0,1,0,64.2300033569336,43
356,3,0,0,22.0,1,0,41.9199981689453,38
357,0,1,1,39.0,0,0,58.5999984741211,44
358,1,0,0,82.0,1,0,66.3300018310547,44
359,2,0,1,48.0,1,0,49.1199989318848,45
360,0,0,0,48.0,1,0,87.1999969482422,46
361,2,0,0,65.0,1,0,59.9700012207031,46
362,0,1,1,46.0,0,0,46.5999984741211,46
363,0,0,0,58.0,1,0,54.5200004577637,46
364,1,1,0,37.0,1,0,44.2299995422363,47
365,2,0,1,61.0,1,0,69.7200012207031,47
366,0,1,1,23.0,1,1,52.3699989318848,47
367,2,0,1,69.0,1,0,67.8499984741211,39
368,0,0,1,58.0,0,0,94.5800018310547,48
369,1,0,1,18.0,1,0,69.8499984741211,49
370,1,1,1,79.0,1,0,66.4800033569336,50
371,2,0,1,64.0,0,0,124.849998474121,49
372,0,0,1,75.0,1,0,76.7799987792969,51
373,3,1,1,34.0,0,0,64.1800003051758,52
374,0,0,1,41.0,0,1,55.8300018310547,52
375,0,1,1,25.0,0,0,58.1800003051758,52
376,1,1,1,27.0,0,0,55.7799987792969,1
377,2,0,1,75.0,0,0,69.9300003051758,1
378,1,1,0,33.0,1,0,57.2000007629395,1
379,1,0,1,42.0,0,0,82.9499969482422,44
380,3,1,0,39.0,1,0,58.2299995422363,44
381,3,1,0,56.0,1,0,64.0800018310547,44
382,1,1,1,28.0,1,0,54.7700004577637,50
383,1,0,0,60.0,1,0,49.5800018310547,50
384,2,1,1,34.0,1,0,50.9799995422363,50
385,0,0,0,74.0,1,0,74.6699981689453,53
386,0,0,0,47.0,0,0,58.3800010681152,53
387,2,1,1,36.0,0,0,55.75,51
388,4,0,1,25.0,0,0,63.9199981689453,51
389,0,1,1,36.0,0,0,84.2300033569336,51
390,1,0,0,41.0,1,0,57.8199996948242,51
391,2,0,1,24.0,0,0,49.3300018310547,51
392,0,1,1,52.0,1,0,75.4700012207031,51
393,1,1,0,71.0,0,0,83.0,54
394,2,0,1,63.0,0,0,73.0199966430664,54
395,0,1,1,49.0,1,0,71.1500015258789,54
396,3,0,1,21.0,0,1,72.8300018310547,55
397,2,0,1,20.0,0,0,64.5800018310547,55
398,2,0,0,69.0,1,0,49.2799987792969,56
399,3,1,1,55.0,1,0,91.4300003051758,56
400,3,1,0,58.0,1,0,80.3000030517578,56
401,1,0,1,69.0,1,0,74.5299987792969,56
402,2,0,1,60.0,1,0,50.9700012207031,56
403,3,0,1,65.0,1,0,58.9799995422363,57
404,2,0,1,31.0,1,0,99.2300033569336,58
405,2,0,0,43.0,1,0,88.25,58
406,1,0,1,47.0,1,1,112.569999694824,58
407,0,0,1,75.0,1,0,144.919998168945,58
408,0,0,1,26.0,0,0,47.9199981689453,59
409,0,0,0,44.0,1,0,36.8800010681152,59
410,2,0,0,51.0,1,0,47.3499984741211,59
411,1,0,1,83.0,1,0,59.3199996948242,59
412,3,1,0,43.0,1,1,68.870002746582,59
413,3,0,1,47.0,1,0,51.3300018310547,59
414,0,0,0,81.0,1,0,70.1800003051758,60
415,4,0,1,76.0,1,0,57.3300018310547,60
416,1,1,1,26.0,1,0,106.370002746582,60
417,0,1,0,73.0,1,0,69.5299987792969,61
418,3,1,0,59.0,1,0,67.3499984741211,59
419,0,1,1,62.0,0,0,53.3300018310547,62
420,0,0,1,56.0,0,0,73.9000015258789,54
421,0,1,1,41.0,0,0,55.9000015258789,54
422,1,0,1,68.0,0,0,82.2300033569336,63
423,2,0,1,22.0,0,0,63.1199989318848,63
424,2,0,0,23.0,0,0,57.0499992370605,62
425,2,0,1,40.0,0,0,61.5499992370605,50
426,1,0,1,63.0,1,0,78.3000030517578,64
427,4,0,1,61.0,0,0,66.870002746582,65
428,0,0,0,41.0,0,0,62.5499992370605,1
429,1,1,0,34.0,1,0,50.2999992370605,66
430,1,1,0,34.0,1,0,57.2700004577637,66
431,2,1,1,40.0,1,1,52.4700012207031,61
432,3,1,1,30.0,1,0,70.0299987792969,61
433,1,1,1,68.0,1,0,67.9800033569336,61
434,1,0,0,32.0,0,0,93.5699996948242,39
435,2,1,0,39.0,0,0,58.3800010681152,39
436,2,0,1,51.0,1,0,85.0800018310547,39
437,2,1,1,34.0,1,0,54.0800018310547,39
438,0,0,0,45.0,1,0,67.5299987792969,39
439,1,0,0,64.0,1,0,73.6999969482422,55
440,0,0,1,75.0,1,0,105.349998474121,55
441,2,0,0,76.0,1,0,87.6699981689453,55
442,0,0,0,39.0,1,0,60.8499984741211,44
443,0,1,1,32.0,1,0,62.9500007629395,44
444,2,0,1,28.0,0,0,68.879997253418,55
445,1,0,1,62.0,1,0,102.629997253418,67
446,1,1,0,24.0,0,1,117.099998474121,67
447,1,0,1,68.0,0,0,75.4700012207031,45
448,0,0,0,63.0,1,0,57.7299995422363,68
449,4,0,0,40.0,1,0,56.7999992370605,68
450,2,0,0,45.0,0,0,62.9300003051758,44
451,4,0,1,59.0,1,0,63.0999984741211,44
452,0,1,1,40.0,1,0,74.620002746582,69
453,1,1,0,52.0,1,1,82.75,69
454,0,0,0,72.0,1,0,87.0999984741211,69
455,3,1,1,59.0,1,0,99.5199966430664,69
456,3,1,0,32.0,0,0,37.7999992370605,70
457,0,1,1,57.0,1,0,89.1500015258789,71
458,2,0,0,32.0,1,0,66.2699966430664,44
459,1,0,1,23.0,0,0,60.4799995422363,72
460,3,0,1,63.0,1,0,93.7200012207031,72
461,3,1,1,32.0,1,0,73.1800003051758,72
462,0,0,1,68.0,1,0,72.5,67
463,0,0,0,65.0,1,1,81.8000030517578,67
464,2,0,1,78.0,1,0,67.5699996948242,67
465,0,0,0,52.0,1,0,62.3499984741211,51
466,1,0,1,57.0,1,1,52.3499984741211,51
467,0,0,1,72.0,1,0,106.370002746582,55
468,3,1,0,23.0,0,0,73.5699996948242,55
469,0,0,1,34.0,0,0,38.2299995422363,73
470,0,0,1,23.0,0,0,40.0200004577637,73
471,1,1,0,42.0,1,1,44.9199981689453,73
472,0,1,1,46.0,1,0,67.6999969482422,73
473,4,0,0,23.0,0,0,76.5699996948242,74
474,3,1,0,35.0,0,0,56.9300003051758,74
475,2,0,1,77.0,1,0,72.2799987792969,61
476,0,0,1,36.0,0,0,66.879997253418,61
477,0,1,1,58.0,1,0,76.0,61
478,0,0,1,69.0,1,0,94.5299987792969,71
479,0,1,1,47.0,1,1,60.8199996948242,46
480,0,0,0,51.0,1,0,76.120002746582,46
481,0,1,1,43.0,1,0,50.75,46
482,0,0,1,21.0,0,0,84.7699966430664,75
483,0,0,1,43.0,1,0,206.669998168945,75
484,0,0,1,26.0,0,0,56.6699981689453,75
485,2,0,0,27.0,0,1,67.9300003051758,67
486,2,0,1,35.0,0,0,87.4000015258789,48
487,1,1,0,52.0,0,1,81.1500015258789,48
488,2,1,1,42.0,0,0,69.5800018310547,48
489,1,1,1,26.0,1,1,59.3699989318848,63
490,2,0,0,30.0,1,0,88.5999984741211,63
491,0,0,1,41.0,0,1,51.4700012207031,29
492,1,1,1,36.0,1,0,52.5499992370605,40
493,3,1,1,70.0,1,0,73.0800018310547,76
494,1,0,0,31.0,0,0,83.4199981689453,39
495,1,0,1,65.0,1,0,83.4700012207031,1
496,1,0,0,40.0,1,0,70.0199966430664,77
497,2,0,1,50.0,1,1,60.3800010681152,47
498,4,0,1,23.0,1,0,54.4700012207031,78
499,4,0,0,43.0,0,0,58.25,47
500,3,1,1,56.0,1,0,56.2700004577637,79
501,0,0,0,58.0,1,0,55.3199996948242,79
502,0,0,1,46.0,1,0,56.2999992370605,79
503,0,0,0,41.0,0,0,143.5,67
504,2,1,0,89.0,1,0,79.5299987792969,48
505,0,0,0,32.0,0,0,66.5699996948242,48
506,2,1,1,63.0,0,0,79.2799987792969,48
507,2,0,1,25.0,0,0,58.0299987792969,72
508,0,1,1,65.0,0,0,100.470001220703,67
509,0,1,1,42.0,0,0,41.9700012207031,40
510,0,0,0,27.0,0,0,61.1500015258789,40
511,4,0,1,44.0,0,0,90.0,40
512,0,1,0,40.0,1,1,55.5800018310547,80
513,1,0,1,75.0,1,0,68.5500030517578,80
514,2,1,0,39.0,1,1,60.5699996948242,41
515,0,0,0,67.0,1,0,53.5499992370605,41
516,1,1,1,34.0,0,0,56.0800018310547,54
517,0,1,0,85.0,0,0,55.7799987792969,54
518,0,0,1,58.0,0,0,62.7200012207031,52
519,0,1,0,33.0,0,1,50.9300003051758,52
520,3,1,0,39.0,1,0,137.270004272461,52
521,1,0,0,63.0,1,0,66.5199966430664,56
522,0,1,0,25.0,0,0,55.6699981689453,54
523,0,1,1,56.0,1,0,71.25,54
524,0,1,1,32.0,0,0,72.25,54
525,4,0,0,67.0,0,0,72.75,54
526,0,1,0,40.0,1,0,70.0699996948242,1
527,2,0,1,33.0,1,0,42.0299987792969,76
528,1,0,0,40.0,0,0,111.949996948242,76
529,1,1,0,73.0,1,0,158.979995727539,76
530,0,0,1,35.0,0,1,82.3199996948242,76
531,1,1,0,73.0,1,0,106.330001831055,76
532,1,0,1,61.0,1,0,65.7699966430664,76
533,2,0,0,28.0,0,0,55.5200004577637,76
534,0,0,1,50.0,1,0,165.830001831055,76
535,3,1,1,42.0,0,0,142.679992675781,76
536,3,1,0,43.0,1,0,68.6800003051758,80
537,3,1,0,55.0,1,0,91.7699966430664,67
538,1,1,1,36.0,1,1,77.3300018310547,81
539,1,1,1,30.0,1,0,55.2299995422363,81
540,4,0,1,75.0,1,0,100.849998474121,43
541,0,0,0,71.0,1,0,90.1500015258789,81
542,3,1,1,38.0,1,0,68.4300003051758,81
543,1,1,1,44.0,1,0,100.050003051758,81
544,3,1,1,54.0,1,0,167.020004272461,57
545,2,0,1,89.0,1,0,98.620002746582,57
546,2,0,1,82.0,1,0,22.0300006866455,57
547,2,0,1,24.0,0,0,113.199996948242,43
548,0,0,1,19.0,1,0,86.6699981689453,43
549,3,1,0,49.0,1,0,73.379997253418,43
550,0,0,1,50.0,1,0,62.7200012207031,60
551,1,1,1,48.0,1,0,89.8300018310547,60
552,2,0,0,29.0,0,0,56.0,60
553,1,1,1,51.0,0,0,88.2799987792969,60
554,1,1,0,37.0,0,0,108.029998779297,82
555,1,0,1,21.0,0,0,67.1800003051758,82
556,3,1,0,56.0,1,0,124.370002746582,82
557,0,0,1,53.0,1,0,92.1699981689453,82
558,1,1,0,50.0,1,1,72.5500030517578,83
559,2,0,1,39.0,1,0,77.5699996948242,1
560,4,0,0,41.0,0,0,75.1500015258789,83
561,1,0,1,21.0,1,0,48.5299987792969,83
562,2,0,1,21.0,0,0,52.6300010681152,33
563,0,0,1,20.0,0,0,63.6500015258789,60
564,0,0,0,36.0,0,0,44.4500007629395,60
565,1,0,1,54.0,1,0,124.370002746582,60
566,3,1,1,57.0,1,0,112.75,60
567,4,0,1,46.0,0,0,67.0,1
568,3,1,1,46.0,1,0,58.5,84
569,3,1,0,28.0,0,0,70.1699981689453,53
570,1,0,0,36.0,1,0,74.0699996948242,85
571,1,0,1,40.0,1,0,59.8499984741211,85
572,3,0,0,53.0,1,0,57.25,53
573,4,0,0,19.0,1,0,46.3499984741211,86
574,2,0,1,18.0,0,0,46.0299987792969,86
575,4,0,0,38.0,1,0,45.0800018310547,86
576,4,0,1,20.0,0,0,58.7000007629395,86
577,3,0,1,31.0,1,0,49.4799995422363,65
578,3,1,0,81.0,1,0,62.7700004577637,65
579,3,1,0,30.0,0,1,92.0999984741211,65
580,0,1,1,80.0,1,0,91.0299987792969,21
581,0,1,1,52.0,1,0,58.5499992370605,61
582,0,0,0,41.0,0,0,50.5499992370605,61
583,3,1,0,49.0,1,0,81.6500015258789,61
584,0,0,1,49.0,1,0,68.8199996948242,47
585,2,0,1,21.0,0,0,59.7299995422363,72
586,0,0,1,57.0,1,0,82.4700012207031,43
587,2,0,1,39.0,0,0,103.980003356934,43
588,4,0,1,36.0,0,0,66.2200012207031,43
589,3,0,1,44.0,1,0,59.4199981689453,43
590,2,0,1,26.0,0,0,93.7300033569336,43
591,0,0,0,22.0,0,0,44.0299987792969,7
592,0,0,1,79.0,1,0,51.2799987792969,7
593,0,0,0,66.0,1,0,89.379997253418,84
594,3,0,0,88.0,0,0,100.300003051758,84
595,2,0,1,38.0,1,0,62.0299987792969,84
596,1,0,1,25.0,1,0,47.0699996948242,7
597,0,0,1,82.0,1,0,58.3800010681152,7
598,5,0,1,65.0,0,0,58.0499992370605,7
599,0,0,0,27.0,0,0,39.5299987792969,7
600,2,0,1,33.0,0,0,50.1699981689453,68
601,1,0,1,60.0,0,0,92.3499984741211,68
602,3,1,0,52.0,0,0,60.9700012207031,68
603,0,1,0,24.0,1,1,56.4500007629395,53
604,1,0,0,76.0,1,0,129.080001831055,53
605,3,1,0,65.0,1,0,110.099998474121,53
606,0,1,0,46.0,1,1,42.9700012207031,34
607,4,0,0,73.0,1,0,71.2799987792969,53
608,4,0,0,40.0,1,0,75.4700012207031,60
609,2,0,1,56.0,1,0,49.3699989318848,7
610,2,1,1,31.0,1,1,44.9500007629395,7
611,1,1,0,43.0,1,1,57.6500015258789,52
612,0,0,0,77.0,1,0,92.2300033569336,52
613,3,1,0,66.0,1,0,129.179992675781,52
614,0,0,1,51.0,0,0,74.5299987792969,21
615,3,1,1,35.0,1,0,92.4499969482422,20
616,2,0,0,70.0,1,0,74.5999984741211,20
617,0,0,1,28.0,0,0,62.0699996948242,20
618,0,0,1,33.0,1,0,53.6300010681152,20
619,1,0,1,52.0,0,0,61.2999992370605,25
620,1,1,0,47.0,0,1,69.2799987792969,24
621,3,1,0,67.0,1,0,57.9000015258789,24
622,1,0,1,24.0,0,0,89.870002746582,24
623,0,1,1,32.0,1,0,58.6500015258789,2
624,1,0,1,46.0,1,0,42.1699981689453,2
625,2,1,1,34.0,1,0,36.7299995422363,32
626,2,1,1,56.0,1,0,41.2700004577637,32
627,1,1,1,47.0,1,1,54.4799995422363,21
628,3,1,0,53.0,1,0,68.0,21
629,0,1,1,59.0,1,0,67.129997253418,34
630,3,1,1,48.0,1,1,77.1699981689453,6
631,3,1,1,43.0,1,0,52.9799995422363,6
632,0,1,1,29.0,1,0,80.4700012207031,6
633,3,1,0,56.0,1,0,65.8000030517578,34
634,1,0,0,67.0,0,0,51.0299987792969,25
635,0,0,1,70.0,0,0,57.1199989318848,25
636,1,1,0,46.0,0,0,44.7200012207031,25
637,0,1,0,65.0,1,0,130.179992675781,21
638,1,0,1,62.0,1,0,54.5299987792969,25
639,3,0,1,35.0,0,0,65.9800033569336,25
640,1,1,1,56.0,1,1,57.9500007629395,25
641,3,0,0,45.0,1,0,70.6500015258789,2
642,3,1,0,50.0,1,0,56.0999984741211,6
643,4,0,1,53.0,1,0,55.6199989318848,87
644,3,1,1,53.0,1,0,111.199996948242,87
645,0,0,0,43.0,0,0,77.2300033569336,3
646,2,0,1,56.0,1,0,71.5299987792969,3
647,0,0,0,26.0,0,0,93.0,3
648,2,0,1,33.0,1,0,59.5,3
649,1,0,1,32.0,1,0,68.7799987792969,3
650,3,0,0,54.0,1,0,82.0299987792969,3
651,3,0,1,67.0,1,0,69.7200012207031,7
652,3,0,0,49.0,1,0,85.5199966430664,27
653,3,1,0,55.0,1,0,57.0800018310547,27
654,3,1,0,25.0,0,1,54.8499984741211,27
655,4,0,1,42.0,0,1,63.9000015258789,87
656,1,1,1,23.0,1,0,53.8800010681152,87
657,1,0,1,59.0,1,0,84.5199966430664,87
658,0,0,1,75.0,1,0,90.370002746582,87
659,1,0,1,79.0,1,0,139.550003051758,3
660,3,0,0,36.0,0,0,88.7799987792969,87
661,0,0,1,55.0,1,0,46.7000007629395,87
662,4,1,0,23.0,1,0,41.3300018310547,87
663,4,1,1,25.0,1,0,47.6500015258789,87
664,0,0,1,43.0,1,0,64.3000030517578,87
665,2,0,1,44.0,1,1,73.2300033569336,87
666,2,0,1,84.0,0,0,60.5499992370605,38
667,1,1,0,38.0,1,0,74.1500015258789,5
668,4,0,1,71.0,1,0,91.5999984741211,28
669,1,0,0,82.0,1,0,84.5999984741211,7
670,0,1,0,37.0,1,1,99.75,4
671,3,1,0,83.0,1,0,96.4800033569336,6
672,3,1,1,57.0,1,0,34.3800010681152,28
673,2,0,1,40.0,0,0,51.8499984741211,28
674,3,1,1,54.0,1,0,72.6999969482422,28
675,3,0,0,69.0,1,0,75.5699996948242,38
676,1,0,1,56.0,1,0,63.7999992370605,21
677,0,0,0,41.0,1,0,56.3699989318848,9
678,1,0,1,21.0,1,0,49.0200004577637,9
679,0,1,1,37.0,1,0,86.5800018310547,9
680,3,0,0,30.0,0,0,58.5800018310547,63
681,2,0,1,19.0,0,0,43.0,5
682,4,0,1,53.0,0,0,53.8699989318848,88
683,3,1,0,36.0,1,1,59.9000015258789,88
684,0,0,1,34.0,0,0,66.25,88
685,4,0,1,37.0,0,0,53.4799995422363,88
686,1,1,0,56.0,1,1,58.0800018310547,88
687,0,0,1,48.0,1,0,74.8199996948242,51
688,2,0,1,60.0,1,1,64.25,51
689,1,1,1,35.0,1,0,59.4799995422363,53
690,0,0,1,57.0,1,0,127.019996643066,67
691,3,1,0,25.0,1,0,57.8699989318848,7
692,0,0,0,41.0,0,0,62.2799987792969,7
693,2,0,1,62.0,0,0,138.380004882812,14
694,1,1,0,38.0,1,0,66.9800033569336,14
695,0,0,0,27.0,1,0,154.369995117188,14
696,0,0,1,36.0,1,0,65.8199996948242,55
697,1,1,0,64.0,1,0,47.3699989318848,45
698,0,1,1,56.0,1,0,70.0199966430664,45
699,0,1,1,41.0,1,0,54.4199981689453,45
700,3,1,0,35.0,1,0,58.9500007629395,32
701,0,1,1,42.0,1,1,56.5299987792969,32
702,0,0,1,48.0,1,0,45.1500015258789,32
703,2,0,1,44.0,1,0,46.5299987792969,32
704,3,0,0,38.0,1,1,198.25,89
705,1,0,1,59.0,1,0,98.5,89
706,0,0,1,80.0,1,0,124.269996643066,89
707,1,1,1,50.0,0,0,88.2300033569336,89
708,1,0,0,63.0,1,0,118.220001220703,89
709,0,0,1,47.0,1,1,62.2799987792969,89
710,3,0,0,42.0,1,0,50.7999992370605,89
711,0,0,1,18.0,0,0,68.0,89
712,1,0,0,88.0,1,0,57.9000015258789,45
713,1,0,0,63.0,1,0,69.5299987792969,39
714,3,0,0,34.0,1,0,62.5,57
715,5,0,1,31.0,0,0,58.0499992370605,43
716,3,1,0,47.0,1,0,65.9499969482422,43
717,1,1,1,66.0,1,0,142.070007324219,90
718,3,1,0,42.0,1,1,60.1300010681152,90
719,2,0,1,27.0,0,0,42.0699996948242,90
720,3,0,1,34.0,0,0,47.1199989318848,91
721,2,0,0,37.0,0,0,39.4500007629395,91
722,3,1,1,43.0,0,0,55.75,91
723,3,1,0,69.0,0,1,65.379997253418,91
724,3,1,1,76.0,0,0,67.9700012207031,91
725,3,1,0,60.0,1,0,89.1999969482422,91
726,3,1,0,45.0,1,0,84.9499969482422,92
727,0,0,0,73.0,1,1,71.4000015258789,92
728,3,0,0,46.0,0,0,121.5,16
729,2,1,1,85.0,1,0,83.2200012207031,92
730,0,0,1,34.0,0,0,65.9499969482422,92
731,4,0,1,36.0,1,0,60.4700012207031,92
732,2,0,0,29.0,0,0,72.1999969482422,92
733,1,0,0,82.0,1,0,66.5999984741211,92
734,0,0,0,68.0,1,0,58.0499992370605,92
735,0,1,0,27.0,0,0,57.9500007629395,92
736,3,0,0,58.0,1,0,69.75,83
737,1,0,1,49.0,1,0,112.730003356934,83
738,3,1,0,33.0,1,0,47.2700004577637,83
739,0,0,1,71.0,0,0,100.580001831055,39
740,0,0,1,65.0,0,0,90.6800003051758,39
741,2,1,1,48.0,1,1,80.9300003051758,39
742,0,0,1,20.0,0,0,55.7200012207031,39
743,2,0,0,42.0,1,0,66.129997253418,93
744,3,0,0,31.0,0,0,65.0,93
745,1,0,1,65.0,1,0,62.5,80
746,0,1,0,38.0,1,0,51.2000007629395,80
747,1,1,0,72.0,1,0,95.5699996948242,80
748,0,0,1,31.0,1,0,41.3499984741211,38
749,1,0,0,49.0,1,0,85.370002746582,7
750,1,1,0,83.0,1,0,73.7699966430664,83
751,0,1,1,55.0,1,1,87.5500030517578,41
752,0,0,1,67.0,1,0,69.0199966430664,41
753,2,1,1,23.0,1,0,57.2299995422363,41
754,2,0,1,31.0,1,0,51.6199989318848,48
755,0,0,0,49.0,1,0,104.919998168945,48
756,2,0,0,20.0,0,1,45.1300010681152,48
757,0,0,0,79.0,1,0,68.7799987792969,48
758,0,1,0,49.0,1,0,152.369995117188,46
759,0,0,0,37.0,1,0,60.0499992370605,46
760,2,0,1,45.0,1,0,61.4300003051758,77
761,1,1,0,42.0,1,1,96.5699996948242,77
762,2,0,0,53.0,1,0,60.6800003051758,88
763,0,0,0,61.0,0,0,63.2999992370605,88
764,1,0,0,36.0,1,0,115.930000305176,88
765,0,0,1,28.0,1,0,51.2299995422363,53
766,1,0,0,28.0,0,0,55.4500007629395,63
767,3,1,0,26.0,0,0,56.8199996948242,63
768,0,0,1,77.0,0,0,103.400001525879,61
769,3,0,1,63.0,0,0,86.7699966430664,61
770,2,0,0,59.0,0,0,52.3199996948242,50
771,0,0,1,58.0,1,0,50.0499992370605,50
772,0,0,1,19.0,1,0,66.5199966430664,50
773,4,0,1,81.0,1,0,38.4199981689453,50
774,1,1,1,47.0,1,0,74.5,50
775,3,0,1,64.0,0,0,83.7200012207031,50
776,2,0,1,22.0,1,0,40.9700012207031,50
777,0,1,1,49.0,1,0,70.5299987792969,41
778,1,1,1,80.0,0,0,60.2200012207031,41
779,0,0,1,70.0,1,0,61.0699996948242,41
780,1,1,0,53.0,1,0,76.4000015258789,46
781,2,0,1,21.0,1,0,50.1800003051758,66
782,0,0,0,74.0,0,0,69.2799987792969,66
783,0,1,1,60.0,0,0,60.75,66
784,0,0,0,40.0,1,0,64.5699996948242,39
785,1,0,0,57.0,1,0,68.3199996948242,39
786,1,1,0,31.0,1,0,59.7000007629395,1
787,0,0,0,75.0,0,0,60.2999992370605,1
788,2,0,0,64.0,0,0,89.6699981689453,70
789,3,1,0,47.0,1,0,61.1300010681152,70
790,1,0,0,55.0,1,0,68.2200012207031,70
791,3,0,0,55.0,1,0,79.2699966430664,38
792,2,0,1,20.0,1,0,69.9499969482422,50
793,1,1,0,54.0,0,0,66.2799987792969,50
794,0,1,0,39.0,1,0,58.0499992370605,64
795,2,0,0,63.0,0,0,94.25,64
796,1,1,1,54.0,1,0,85.3000030517578,64
797,0,0,1,88.0,1,0,67.8499984741211,49
798,1,0,0,93.0,1,0,49.75,49
799,4,0,1,38.0,0,0,65.0,94
800,4,0,1,56.0,0,0,90.9300003051758,94
801,3,1,0,49.0,1,1,88.870002746582,94
802,1,1,1,23.0,1,0,73.9800033569336,94
803,2,0,1,19.0,0,0,63.9700012207031,95
804,2,0,1,33.0,0,1,62.0,95
805,2,0,0,18.0,0,0,34.9199981689453,95
806,0,0,0,64.0,0,0,59.7299995422363,95
807,0,1,1,39.0,1,0,99.9300003051758,52
808,1,0,0,27.0,0,0,79.1800003051758,1
809,0,0,1,68.0,1,0,51.0499992370605,1
810,2,0,1,58.0,1,0,62.0699996948242,1
811,0,0,1,43.0,1,0,44.2200012207031,96
812,0,0,0,44.0,1,0,49.5200004577637,96
813,0,0,1,40.0,1,0,52.0999984741211,96
814,0,0,1,52.0,1,0,53.4799995422363,96
815,0,0,1,39.0,1,0,75.5699996948242,45
816,0,1,1,56.0,1,0,23.3999996185303,45
817,4,0,0,29.0,0,0,64.3199996948242,45
818,2,0,1,45.0,1,0,99.3300018310547,45
819,0,0,1,40.0,0,0,61.5299987792969,86
820,0,1,1,26.0,0,1,54.6199989318848,86
821,4,0,0,21.0,0,0,77.4199981689453,86
822,0,1,0,75.0,1,0,65.8199996948242,86
823,0,1,1,34.0,0,0,59.2799987792969,97
824,0,0,1,44.0,1,0,75.5500030517578,88
825,4,0,1,19.0,0,0,67.5,88
826,2,0,1,75.0,1,0,92.7699966430664,64
827,3,1,0,39.0,1,0,51.4000015258789,98
828,1,1,0,79.0,1,0,64.2300033569336,98
829,0,0,1,63.0,1,0,73.5999984741211,98
830,0,1,1,40.0,1,0,59.7000007629395,98
831,0,0,0,52.0,0,0,63.6300010681152,75
832,4,0,1,38.0,1,0,64.1999969482422,75
833,1,0,0,76.0,1,0,71.8300018310547,70
834,0,0,1,76.0,1,0,85.0299987792969,70
835,0,0,1,66.0,1,0,125.379997253418,70
836,0,0,0,35.0,0,1,98.3199996948242,70
837,0,1,1,81.0,1,0,84.5699996948242,88
838,2,1,1,24.0,0,0,47.5800018310547,72
839,2,0,0,21.0,0,0,54.2700004577637,72
840,0,0,1,75.0,1,0,74.5299987792969,47
841,0,0,1,70.0,1,0,70.7699966430664,47
842,2,0,1,57.0,1,0,83.2300033569336,47
843,1,0,1,74.0,1,0,80.8300018310547,68
844,4,0,1,78.0,1,0,41.5800018310547,68
845,0,1,1,47.0,1,0,70.870002746582,68
846,2,0,1,45.0,0,0,59.0699996948242,41
847,0,0,1,61.0,1,0,54.7999992370605,41
848,0,0,1,47.0,0,0,66.4199981689453,41
849,4,0,0,32.0,0,0,57.9799995422363,41
850,4,0,1,31.0,0,0,57.6300010681152,94
851,2,0,0,62.0,1,0,71.8499984741211,53
852,1,0,1,34.0,1,0,55.6699981689453,53
853,0,0,1,83.0,1,0,58.9300003051758,53
854,0,1,0,28.0,0,0,52.3800010681152,54
855,3,1,0,45.0,1,0,56.8499984741211,45
856,0,1,1,47.0,1,0,65.5800018310547,45
857,2,0,0,40.0,1,0,79.8300018310547,45
858,4,0,1,29.0,0,0,71.9300003051758,94
859,2,0,1,58.0,1,0,91.9000015258789,58
860,3,1,1,37.0,1,0,78.2799987792969,58
861,0,0,0,33.0,1,0,82.870002746582,58
862,4,0,0,20.0,1,0,55.0299987792969,58
863,0,1,1,40.0,1,0,114.330001831055,58
864,1,1,0,38.0,1,0,60.7000007629395,96
865,1,0,0,50.0,1,0,37.7200012207031,96
866,0,1,1,37.0,0,1,65.2300033569336,53
867,2,0,1,55.0,0,0,65.6800003051758,53
868,0,0,0,58.0,1,1,65.8300018310547,53
869,0,0,1,85.0,1,0,75.4499969482422,1
870,1,0,1,76.0,0,0,74.7200012207031,1
871,3,1,1,36.0,1,0,59.9199981689453,1
872,1,1,1,69.0,1,0,57.9799995422363,1
873,1,0,0,45.0,1,0,76.0999984741211,53
874,2,0,0,77.0,1,0,105.930000305176,53
875,1,1,0,48.0,1,0,53.4300003051758,66
876,0,0,1,20.0,1,1,51.8300018310547,66
877,1,1,0,39.0,1,0,56.8499984741211,66
878,0,0,1,49.0,0,0,56.1800003051758,66
879,2,0,1,55.0,0,0,59.7000007629395,66
880,1,0,1,50.0,1,0,62.2799987792969,66
881,0,0,1,79.0,1,0,64.9000015258789,68
882,2,0,0,21.0,0,0,54.2200012207031,94
883,4,0,1,46.0,0,0,63.8300018310547,70
884,0,0,1,63.0,1,0,161.669998168945,70
885,1,0,0,59.0,1,0,57.3300018310547,68
886,2,0,0,33.0,1,0,50.4199981689453,73
887,1,1,1,48.0,1,1,64.5,73
888,1,1,1,40.0,1,0,52.0499992370605,73
889,1,1,1,57.0,1,0,79.2200012207031,89
890,0,0,1,50.0,1,0,117.0,89
891,0,1,1,29.0,0,1,83.0699996948242,53
892,0,1,1,52.0,1,0,85.4700012207031,43
893,1,1,1,44.0,1,0,87.8000030517578,43
894,1,0,1,79.0,1,0,166.800003051758,43
895,1,1,1,41.0,0,0,202.419998168945,82
896,0,1,1,36.0,0,1,96.6500015258789,82
897,4,1,1,31.0,1,0,93.6699981689453,98
898,2,0,1,20.0,0,0,75.120002746582,98
899,1,0,1,80.0,1,0,96.0,99
900,1,0,1,36.0,0,0,66.129997253418,48
901,0,0,0,36.0,1,0,62.5800018310547,48
902,0,1,0,81.0,0,0,72.2699966430664,48
903,0,0,0,38.0,1,1,67.370002746582,48
904,1,0,0,74.0,1,0,74.4700012207031,48
905,3,1,0,57.0,1,0,91.629997253418,48
906,2,0,1,20.0,1,1,85.5500030517578,50
907,3,1,1,44.0,1,0,63.8699989318848,61
908,0,0,1,72.0,1,0,56.6800003051758,61
909,3,1,0,48.0,1,0,77.5,44
910,1,1,1,41.0,1,0,54.0299987792969,44
911,1,1,0,41.0,0,0,64.379997253418,72
912,0,0,1,31.0,1,0,60.9700012207031,55
913,0,1,0,49.0,1,0,88.0699996948242,55
914,3,1,0,29.0,0,0,73.1999969482422,55
915,1,0,0,35.0,1,0,77.379997253418,53
916,0,0,1,21.0,1,1,60.1199989318848,53
917,0,0,0,74.0,1,1,74.5699996948242,53
918,1,1,1,44.0,1,1,92.0500030517578,89
919,1,0,0,50.0,1,1,89.1699981689453,89
920,0,0,0,89.0,0,0,67.1699981689453,66
921,0,0,0,46.0,1,0,65.5299987792969,66
922,1,1,1,24.0,0,0,46.7299995422363,66
923,2,0,0,85.0,1,0,63.3300018310547,1
924,0,0,0,77.0,1,0,84.9499969482422,1
925,2,0,1,25.0,0,0,53.8199996948242,86
926,0,0,0,41.0,1,0,48.9799995422363,86
927,0,0,1,25.0,0,0,41.6699981689453,86
928,0,0,1,71.0,0,0,83.8300018310547,47
929,0,0,1,29.0,0,0,60.4799995422363,47
930,4,0,0,54.0,1,0,74.7300033569336,47
931,0,0,1,53.0,1,1,59.0999984741211,50
932,3,0,1,54.0,1,0,82.0800018310547,50
933,3,1,0,65.0,1,0,61.75,50
934,1,1,1,39.0,1,0,58.0,45
935,2,0,1,39.0,1,0,50.5999984741211,46
936,4,0,0,21.0,0,0,58.5499992370605,46
937,4,0,1,47.0,0,0,55.8800010681152,46
938,0,0,0,35.0,1,0,44.5200004577637,5
939,0,0,1,33.0,0,0,73.120002746582,6
940,0,1,1,34.0,1,1,83.8000030517578,6
941,0,0,0,36.0,1,0,117.330001831055,46
942,2,0,1,37.0,1,0,58.0200004577637,46
943,2,0,1,49.0,1,0,97.1500015258789,68
944,1,0,1,39.0,1,0,92.0699996948242,56
945,0,0,1,40.0,1,0,52.6800003051758,56
946,2,0,0,28.0,0,0,58.9700012207031,98
947,3,1,0,76.0,1,0,82.5999984741211,98
948,2,1,1,36.0,1,0,75.629997253418,100
949,1,0,0,50.0,0,0,57.8499984741211,100
950,0,0,1,65.0,1,0,60.6199989318848,100
951,1,0,1,54.0,1,0,72.8300018310547,100
952,1,0,1,47.0,1,0,69.0199966430664,98
953,2,0,1,42.0,1,0,43.9199981689453,11
954,0,0,1,44.0,1,0,84.1500015258789,75
955,3,1,0,30.0,0,0,63.1500015258789,48
956,0,0,1,74.0,1,0,67.0999984741211,48
957,2,0,1,48.0,1,0,82.5299987792969,60
958,1,0,1,30.0,0,0,65.120002746582,6
959,0,0,1,47.0,1,0,69.8000030517578,6
960,3,1,0,43.0,1,0,155.779998779297,6
961,0,1,0,38.0,1,1,96.3199996948242,101
962,1,1,1,52.0,1,0,123.930000305176,101
963,0,0,0,65.0,0,0,82.9800033569336,101
964,1,0,1,81.0,1,0,132.470001220703,101
965,1,0,1,68.0,1,0,94.9000015258789,44
966,0,0,1,69.0,1,0,45.9300003051758,44
967,3,0,0,51.0,1,1,98.0699996948242,90
968,2,0,0,21.0,1,0,58.6199989318848,90
969,4,0,0,36.0,1,0,54.7000007629395,43
970,0,1,1,37.0,0,0,63.7200012207031,43
971,3,1,1,74.0,1,0,101.069999694824,74
972,2,0,1,69.0,1,0,80.0500030517578,39
973,0,0,0,38.0,0,0,66.5199966430664,39
974,1,0,1,66.0,1,0,51.1300010681152,26
975,0,1,1,30.0,1,0,53.9199981689453,26
976,1,1,1,62.0,1,0,75.3000030517578,26
977,3,1,1,41.0,1,0,71.5299987792969,6
978,2,1,1,44.0,1,1,65.25,18
979,3,1,0,46.0,1,0,43.7700004577637,18
980,0,1,1,47.0,0,0,81.7799987792969,18
981,0,0,0,67.0,1,0,67.5999984741211,12
982,0,0,1,24.0,0,0,50.1300010681152,12
983,3,1,1,46.0,1,0,82.5199966430664,17
984,1,1,1,60.0,1,0,60.5999984741211,17
985,4,1,1,42.0,1,0,42.0800018310547,17
986,1,0,1,54.0,1,0,70.2200012207031,17
987,1,1,1,42.0,1,1,58.0499992370605,18
988,3,1,0,66.0,1,0,66.879997253418,18
989,1,1,0,49.0,1,1,60.5499992370605,12
990,4,0,1,55.0,0,0,48.2299995422363,17
991,2,0,0,22.0,0,0,56.8199996948242,17
992,3,0,1,51.0,1,0,57.9300003051758,17
993,1,1,0,37.0,1,0,67.0699996948242,77
994,0,1,0,42.0,1,0,54.2200012207031,3
995,0,0,1,38.0,1,0,78.9199981689453,3
996,1,0,1,38.0,0,0,76.3199996948242,3
997,2,0,0,36.0,0,0,72.3000030517578,87
998,3,1,1,44.0,1,0,110.430000305176,53
999,3,0,1,56.0,1,1,30.2700004577637,53
1000,2,0,1,80.0,1,0,125.120002746582,70
1001,0,1,1,30.0,1,0,68.4199981689453,70
1002,3,1,1,44.0,1,1,71.620002746582,72
1003,2,0,1,19.0,0,0,45.6300010681152,72
1004,1,1,1,54.0,0,0,71.8199996948242,72
1005,2,0,1,19.0,1,0,49.4500007629395,72
1006,3,1,0,60.0,1,0,69.379997253418,72
1007,1,1,1,38.0,1,0,53.8199996948242,72
1008,1,0,0,63.0,1,0,88.0299987792969,68
1009,1,1,1,35.0,0,1,58.25,53
1010,2,0,0,50.0,0,0,94.8499984741211,48
1011,0,1,1,30.0,1,0,58.0699996948242,48
1012,0,0,1,87.0,1,0,92.4499969482422,61
1013,0,0,0,62.0,1,0,75.8300018310547,61
1014,0,1,0,65.0,1,0,128.899993896484,67
1015,1,1,1,69.0,1,0,121.599998474121,67
1016,0,0,1,61.0,0,0,100.150001525879,39
1017,1,0,0,57.0,0,0,79.5699996948242,39
1018,4,1,1,56.0,1,0,55.7299995422363,46
1019,0,1,0,42.0,1,0,76.5299987792969,46
1020,0,1,0,41.0,1,1,72.4300003051758,46
1021,0,1,1,37.0,1,0,58.3800010681152,52
1022,2,1,1,30.0,1,1,48.8300018310547,52
1023,2,1,0,31.0,0,0,59.75,52
1024,3,1,1,54.0,1,1,78.1500015258789,45
1025,1,0,1,51.0,1,0,70.0500030517578,45
1026,1,1,1,59.0,1,0,79.9000015258789,45
1027,1,1,0,34.0,1,0,57.1800003051758,66
1028,0,0,0,39.0,1,0,53.7299995422363,66
1029,0,0,1,57.0,1,0,70.9800033569336,66
1030,1,1,0,26.0,0,0,48.8199996948242,66
1031,0,0,1,32.0,0,0,62.1500015258789,66
1032,1,1,1,51.0,1,0,101.879997253418,89
1033,1,0,0,74.0,1,0,116.050003051758,102
1034,3,0,0,69.0,1,0,114.680000305176,89
1035,0,0,0,48.0,0,1,107.419998168945,46
1036,1,1,1,59.0,1,0,110.669998168945,46
1037,3,1,0,24.0,1,0,80.9199981689453,89
1038,0,1,1,34.0,0,0,134.300003051758,89
1039,0,1,0,41.0,1,0,91.6699981689453,89
1040,1,0,0,42.0,1,0,75.4800033569336,89
1041,2,0,1,60.0,0,0,71.7799987792969,76
1042,1,0,0,32.0,1,0,81.75,76
1043,3,1,0,33.0,1,0,91.9300003051758,76
1044,1,1,0,36.0,1,0,50.7999992370605,62
1045,0,0,1,39.0,1,1,69.4199981689453,62
1046,0,0,0,42.0,1,0,47.7799987792969,62
1047,3,1,0,75.0,1,0,66.0800018310547,62
1048,3,1,0,50.0,1,0,57.3800010681152,51
1049,1,1,0,40.0,1,0,115.449996948242,51
1050,0,1,1,34.0,0,0,75.6999969482422,80
1051,0,1,0,26.0,0,0,56.1699981689453,80
1052,3,0,1,56.0,1,0,88.879997253418,80
1053,0,1,1,25.0,1,1,52.0299987792969,52
1054,1,1,0,38.0,0,1,87.3499984741211,52
1055,0,1,0,62.0,1,0,74.4199981689453,46
1056,1,1,0,47.0,1,0,69.6800003051758,46
1057,0,0,0,33.0,0,1,40.5299987792969,50
1058,1,1,0,59.0,1,0,87.9499969482422,50
1059,1,0,1,46.0,1,0,47.5,50
1060,1,0,0,26.0,0,0,52.1500015258789,50
1061,2,0,0,39.0,0,0,51.2299995422363,50
1062,2,0,1,21.0,0,1,50.4300003051758,72
1063,4,1,1,34.0,0,1,59.4300003051758,72
1064,1,0,0,37.0,0,0,65.379997253418,72
1065,0,0,0,68.0,1,0,67.8300018310547,47
1066,2,0,1,32.0,0,0,69.4700012207031,47
1067,3,1,0,44.0,1,0,60.5999984741211,47
1068,2,0,1,19.0,1,0,54.2799987792969,47
1069,0,0,0,72.0,1,0,55.75,73
1070,1,1,1,45.0,1,0,60.5,73
1071,3,1,0,47.0,1,0,77.379997253418,73
1072,4,0,1,21.0,0,0,55.2000007629395,72
1073,2,1,0,73.0,1,0,66.25,59
1074,1,0,1,67.0,0,0,92.0699996948242,59
1075,3,1,1,61.0,1,0,82.0999984741211,47
1076,1,1,1,61.0,1,1,120.580001831055,69
1077,3,1,1,48.0,1,0,108.75,69
1078,1,0,1,78.0,1,0,76.879997253418,1
1079,2,0,0,37.0,1,0,77.9300003051758,1
1080,2,0,1,29.0,0,1,116.849998474121,77
1081,2,0,1,82.0,1,0,81.6800003051758,77
1082,3,1,1,77.0,1,0,84.5999984741211,78
1083,3,0,0,79.0,1,0,111.069999694824,78
1084,2,0,0,44.0,1,1,109.230003356934,58
1085,3,1,1,37.0,1,0,135.630004882812,58
1086,2,0,0,51.0,1,0,69.1800003051758,58
1087,4,0,1,53.0,1,0,116.819999694824,58
1088,0,0,1,64.0,1,0,74.8300018310547,66
1089,0,0,1,28.0,0,0,92.120002746582,67
1090,3,1,0,23.0,0,1,125.180000305176,71
1091,3,1,1,31.0,0,0,104.599998474121,71
1092,2,1,1,31.0,0,0,58.4300003051758,71
1093,1,1,0,66.0,1,0,56.0299987792969,96
1094,3,1,0,59.0,1,0,74.0699996948242,96
1095,0,0,0,46.0,0,0,64.7300033569336,94
1096,3,1,0,37.0,1,1,70.2699966430664,78
1097,0,1,1,24.0,0,0,67.870002746582,78
1098,3,0,0,44.0,1,0,61.5299987792969,78
1099,1,1,0,57.0,1,0,87.0999984741211,78
1100,0,0,0,82.0,1,0,99.870002746582,78
1101,0,0,1,58.0,1,0,52.3499984741211,78
1102,0,1,1,54.0,1,1,63.8199996948242,78
1103,2,1,0,57.0,0,0,99.4300003051758,78
1104,1,1,1,51.0,1,1,51.8199996948242,62
1105,3,0,1,45.0,1,0,51.8800010681152,38
1106,3,1,0,30.0,1,0,41.0800018310547,38
1107,2,0,1,28.0,1,1,60.0800018310547,38
1108,2,0,1,24.0,0,0,69.3499984741211,60
1109,2,0,1,61.0,1,0,51.8499984741211,60
1110,1,1,0,51.0,1,0,63.9000015258789,60
1111,0,1,0,70.0,1,0,85.870002746582,71
1112,0,0,1,77.0,1,0,109.819999694824,99
1113,3,0,0,42.0,0,0,78.6500015258789,75
1114,4,0,1,20.0,1,0,43.5999984741211,45
1115,4,0,1,26.0,0,0,60.1800003051758,43
1116,0,0,0,43.0,0,0,85.5199966430664,77
1117,0,1,1,26.0,1,0,65.9000015258789,77
1118,4,0,0,25.0,0,0,62.0499992370605,43
1119,3,0,0,22.0,0,0,65.0699996948242,43
1120,1,1,0,63.0,1,0,49.5800018310547,50
1121,0,0,1,47.0,1,0,54.2299995422363,76
1122,0,0,1,46.0,1,0,81.9499969482422,76
1123,3,1,0,38.0,1,0,140.369995117188,89
1124,1,0,1,37.0,1,0,91.25,89
1125,1,0,0,34.0,1,1,48.8199996948242,89
1126,4,0,1,23.0,0,0,42.3199996948242,5
1127,2,0,0,43.0,0,0,118.449996948242,14
1128,0,0,0,52.0,1,0,128.720001220703,14
1129,2,0,1,57.0,1,0,40.4799995422363,29
1130,0,0,0,44.0,1,0,52.0,29
1131,0,0,0,37.0,0,0,51.3499984741211,29
1132,3,0,0,45.0,1,0,58.0499992370605,59
1133,0,0,1,49.0,0,0,58.0999984741211,59
1134,0,0,0,26.0,1,1,44.3199996948242,52
1135,0,1,1,32.0,0,0,50.6199989318848,59
1136,0,0,0,36.0,0,0,54.7999992370605,59
1137,1,1,1,52.0,1,0,99.5299987792969,46
1138,1,0,1,26.0,0,0,48.6500015258789,88
1139,3,1,1,59.0,1,0,65.620002746582,88
1140,1,1,1,60.0,1,0,63.0800018310547,88
1141,3,1,0,57.0,1,1,97.9199981689453,52
1142,0,0,1,69.0,1,0,57.0699996948242,52
1143,2,0,0,20.0,0,0,37.0800018310547,52
1144,1,1,0,23.0,0,1,76.5199966430664,52
1145,1,0,1,54.0,0,1,55.0,52
1146,1,0,0,35.0,1,0,49.2700004577637,33
1147,1,1,0,35.0,1,1,50.5299987792969,33
1148,0,1,1,25.0,0,1,89.3499984741211,14
1149,2,0,1,40.0,1,0,47.0800018310547,33
1150,0,1,1,72.0,1,0,58.9799995422363,33
1151,3,1,0,53.0,1,0,61.2799987792969,33
1152,0,0,0,68.0,1,0,57.6699981689453,16
1153,1,0,1,26.0,0,0,49.4700012207031,38
1154,0,0,0,73.0,1,0,70.2200012207031,17
1155,1,0,1,46.0,1,0,45.0200004577637,17
1156,3,0,1,51.0,1,0,100.120002746582,17
1157,1,0,0,43.0,0,0,83.1699981689453,17
1158,2,0,1,41.0,0,0,62.1800003051758,11
1159,0,1,0,24.0,0,0,41.8499984741211,11
1160,1,0,0,54.0,1,1,47.3499984741211,11
1161,1,1,1,41.0,1,1,60.1699981689453,11
1162,0,0,1,22.0,0,0,39.5699996948242,38
1163,0,0,0,49.0,0,0,78.9199981689453,92
1164,1,1,0,33.0,1,0,34.1199989318848,45
1165,1,1,0,41.0,1,0,66.5800018310547,45
1166,1,1,1,38.0,1,0,63.0999984741211,45
1167,1,0,1,37.0,1,0,57.8499984741211,45
1168,3,1,1,44.0,1,0,67.7200012207031,45
1169,0,1,0,42.0,1,0,62.4300003051758,69
1170,3,1,1,36.0,1,1,57.5999984741211,47
1171,2,0,0,31.0,0,0,53.2000007629395,47
1172,3,0,0,50.0,1,0,56.7700004577637,47
1173,4,0,1,54.0,0,0,54.75,47
1174,4,0,0,24.0,1,0,40.5299987792969,5
1175,4,0,0,19.0,0,0,41.4700012207031,5
1176,3,1,0,38.0,1,0,64.629997253418,5
1177,0,0,0,82.0,1,0,73.9000015258789,54
1178,0,0,0,48.0,1,0,62.4700012207031,54
1179,0,1,1,25.0,1,0,104.080001831055,14
1180,0,0,1,24.0,1,0,41.2200012207031,103
1181,1,0,1,43.0,1,0,22.1200008392334,103
1182,1,1,1,54.0,1,0,53.5800018310547,24
1183,3,1,0,26.0,1,0,63.9000015258789,24
1184,3,1,0,52.0,1,0,83.0500030517578,24
1185,3,1,0,84.0,0,0,81.629997253418,92
1186,0,0,1,64.0,0,0,83.75,92
1187,1,1,0,31.0,0,0,58.7200012207031,92
1188,1,0,1,57.0,1,0,57.7200012207031,25
1189,2,1,0,35.0,0,0,81.4700012207031,24
1190,0,0,1,42.0,1,0,56.0499992370605,25
1191,2,0,1,39.0,0,0,55.3699989318848,24
1192,0,1,1,41.0,1,1,59.5299987792969,24
1193,1,1,1,47.0,0,1,65.8000030517578,25
1194,2,1,0,27.0,1,1,40.0,32
1195,4,1,1,43.0,1,0,36.5299987792969,32
1196,0,1,0,29.0,0,0,39.6800003051758,32
1197,2,1,1,58.0,1,1,45.75,32
1198,0,1,1,49.0,0,1,61.4500007629395,32
1199,4,0,0,32.0,0,0,41.6800003051758,32
1200,4,0,0,39.0,0,0,41.0499992370605,32
1201,0,0,0,58.0,0,0,58.3499984741211,32
1202,2,0,1,33.0,0,0,49.8199996948242,75
1203,3,1,0,27.0,0,0,87.8000030517578,75
1204,3,1,0,27.0,0,0,54.0800018310547,11
1205,1,1,0,48.0,1,0,50.0999984741211,11
1206,2,0,1,26.0,0,0,46.9500007629395,11
1207,3,1,0,58.0,1,0,61.1199989318848,11
1208,1,1,0,37.0,1,0,75.9000015258789,53
1209,0,0,1,53.0,1,0,65.5699996948242,53
1210,0,0,1,42.0,1,0,85.1699981689453,48
1211,0,0,0,28.0,0,0,77.7200012207031,48
1212,2,0,0,35.0,0,0,64.379997253418,14
1213,1,1,0,47.0,1,0,85.0,14
1214,0,1,1,37.0,0,0,181.729995727539,14
1215,2,0,1,60.0,1,0,196.330001831055,9
1216,0,0,1,51.0,1,0,45.5699996948242,9
1217,0,0,1,42.0,0,0,50.3800010681152,53
1218,2,0,1,58.0,1,0,49.1699981689453,12
1219,2,0,1,74.0,1,0,59.3300018310547,12
1220,1,1,1,40.0,1,1,77.129997253418,12
1221,0,0,0,30.0,1,0,63.3499984741211,66
1222,2,0,1,18.0,1,0,42.1699981689453,66
1223,3,1,1,40.0,0,0,66.9199981689453,85
1224,0,0,1,96.0,1,0,103.169998168945,85
1225,3,0,0,79.0,0,0,59.0999984741211,103
1226,1,1,1,50.0,1,1,98.4300003051758,77
1227,0,1,0,39.0,0,0,55.1699981689453,77
1228,2,1,1,48.0,1,0,56.7000007629395,1
1229,2,0,1,36.0,0,0,45.1500015258789,23
1230,2,1,1,36.0,1,0,48.1800003051758,23
1231,2,0,0,19.0,1,0,35.4799995422363,23
1232,1,1,0,52.0,1,0,56.4199981689453,23
1233,0,0,0,73.0,1,0,42.6500015258789,83
1234,1,1,1,43.0,1,1,66.9199981689453,83
1235,3,1,1,48.0,1,1,55.9300003051758,83
1236,3,1,1,78.0,1,0,92.370002746582,83
1237,0,0,0,36.0,1,0,66.1800003051758,83
1238,0,0,1,73.0,1,0,60.4799995422363,104
1239,3,0,1,37.0,0,1,50.0299987792969,104
1240,2,0,1,50.0,0,0,56.2000007629395,104
1241,0,0,1,36.0,1,1,52.6500015258789,104
1242,3,1,1,44.0,1,1,62.6699981689453,104
1243,5,1,1,35.0,1,0,58.7799987792969,104
1244,0,1,0,29.0,0,0,77.7799987792969,74
1245,3,1,0,56.0,1,0,82.9800033569336,74
1246,1,1,1,42.0,0,0,65.879997253418,53
1247,1,0,0,80.0,0,0,64.9000015258789,100
1248,1,0,1,40.0,0,0,111.069999694824,100
1249,1,0,1,48.0,1,0,103.430000305176,58
1250,1,1,1,53.0,1,0,89.7200012207031,58
1251,2,0,0,25.0,1,0,61.7999992370605,58
1252,4,0,0,35.0,0,0,50.1199989318848,78
1253,0,0,0,74.0,1,0,68.0,1
1254,1,1,0,30.0,0,0,74.0999984741211,83
1255,0,0,1,34.0,0,0,57.3699989318848,45
1256,2,0,1,33.0,1,0,64.5,45
1257,0,0,1,48.0,1,0,85.25,45
1258,2,0,1,25.0,0,0,45.6500015258789,52
1259,1,1,0,30.0,0,0,46.3300018310547,52
1260,3,1,0,27.0,1,1,72.6500015258789,6
1261,1,1,0,27.0,0,1,64.0800018310547,52
1262,4,0,0,23.0,0,0,37.7999992370605,52
1263,0,0,0,46.0,1,0,72.629997253418,66
1264,1,1,1,42.0,1,0,62.6500015258789,77
1265,2,1,0,39.0,1,0,54.9300003051758,68
1266,4,0,1,64.0,0,0,45.0999984741211,68
1267,1,0,0,34.0,0,0,61.8300018310547,68
1268,0,0,1,70.0,1,0,68.2300033569336,65
1269,1,0,1,76.0,1,0,63.7799987792969,65
1270,2,0,0,50.0,1,0,36.0699996948242,29
1271,2,0,1,41.0,1,0,64.5299987792969,18
1272,4,1,1,25.0,0,0,54.5499992370605,18
1273,1,0,1,29.0,1,0,56.0200004577637,30
1274,0,0,1,72.0,1,0,63.3499984741211,30
1275,4,0,1,62.0,0,0,71.1999969482422,30
1276,2,0,0,30.0,0,0,49.4199981689453,18
1277,2,0,1,19.0,0,0,58.5699996948242,18
1278,3,1,0,45.0,1,1,71.9000015258789,18
1279,0,0,0,38.0,1,0,52.8800010681152,25
1280,1,1,0,22.0,0,0,50.6699981689453,21
1281,1,1,0,27.0,1,0,58.9000015258789,21
1282,0,0,1,58.0,1,0,50.25,21
1283,1,1,0,31.0,1,0,50.5,21
1284,1,0,0,37.0,1,1,156.029998779297,82
1285,0,1,1,35.0,1,0,71.2699966430664,22
1286,0,0,0,37.0,1,0,56.7299995422363,79
1287,3,0,0,57.0,1,0,73.629997253418,38
1288,0,1,1,31.0,0,0,33.8199996948242,38
1289,1,0,1,47.0,1,1,66.129997253418,7
1290,1,1,0,33.0,1,0,55.0,7
1291,0,1,1,42.0,1,0,59.5999984741211,7
1292,3,1,0,64.0,0,0,69.1800003051758,7
1293,3,1,1,50.0,1,1,76.1800003051758,7
1294,0,0,0,52.0,0,0,68.0,7
1295,3,1,1,31.0,0,1,61.0200004577637,27
1296,3,1,0,47.0,0,0,66.1500015258789,27
1297,4,0,1,95.0,0,0,89.9800033569336,77
1298,0,0,0,35.0,1,0,77.2300033569336,77
1299,1,1,0,51.0,0,0,78.5800018310547,64
1300,4,0,0,36.0,0,0,57.8199996948242,64
1301,3,1,0,57.0,1,0,89.8300018310547,64
1302,0,1,0,27.0,0,0,67.1999969482422,64
1303,2,0,0,45.0,0,0,49.7700004577637,64
1304,1,0,1,43.0,1,0,88.3300018310547,48
1305,0,1,1,50.0,1,0,48.9199981689453,64
1306,2,0,1,18.0,1,0,46.0800018310547,57
1307,3,0,0,44.0,1,0,78.8199996948242,57
1308,0,0,0,52.0,1,0,90.6999969482422,57
1309,3,1,0,53.0,1,0,89.6999969482422,57
1310,2,0,1,40.0,0,0,48.4500007629395,64
1311,3,1,1,53.0,1,1,92.7200012207031,64
1312,0,0,0,38.0,0,0,82.5699996948242,64
1313,1,1,1,71.0,1,0,197.649993896484,64
1314,3,1,1,61.0,1,0,71.6699981689453,24
1315,3,1,1,30.0,0,0,73.5800018310547,24
1316,1,1,0,48.0,1,1,68.1800003051758,24
1317,1,1,0,40.0,1,0,76.3000030517578,1
1318,1,0,0,73.0,1,0,49.6199989318848,1
1319,1,1,1,86.0,1,0,106.650001525879,1
1320,1,0,0,34.0,1,1,49.4000015258789,66
1321,0,0,0,41.0,1,0,50.6500015258789,68
1322,1,0,1,69.0,0,0,89.3300018310547,68
1323,3,1,1,46.0,1,0,80.25,26
1324,3,1,0,33.0,0,1,110.599998474121,14
1325,4,0,0,92.0,1,0,74.9700012207031,10
1326,3,1,0,42.0,1,0,58.5200004577637,15
1327,1,0,1,57.0,1,1,67.4300003051758,15
1328,4,0,1,81.0,1,0,54.4000015258789,10
1329,1,0,1,24.0,0,0,58.4500007629395,10
1330,4,0,0,51.0,1,0,48.7799987792969,10
1331,2,0,1,18.0,1,0,49.7200012207031,10
1332,2,0,1,59.0,0,0,58.4300003051758,10
1333,2,0,1,44.0,0,0,66.7300033569336,15
1334,1,1,0,43.0,1,0,47.8300018310547,30
1335,1,1,1,53.0,1,1,48.5299987792969,30
1336,2,0,1,22.0,0,0,41.9500007629395,30
1337,2,1,0,38.0,1,0,42.6800003051758,30
1338,1,1,0,76.0,1,0,51.9199981689453,8
1339,1,1,0,55.0,1,0,74.5800018310547,8
1340,1,1,1,49.0,1,0,91.4199981689453,8
1341,0,0,1,25.0,0,0,57.6199989318848,8
1342,0,0,0,37.0,1,0,47.9199981689453,8
1343,1,1,1,42.0,1,1,49.8800010681152,8
1344,2,0,1,97.0,1,0,45.5,8
1345,1,0,0,58.0,1,0,74.5999984741211,8
1346,1,0,0,66.0,1,0,77.0,8
1347,0,0,0,56.0,1,0,104.519996643066,58
1348,0,0,1,19.0,1,0,47.9500007629395,33
1349,1,0,0,56.0,1,0,76.620002746582,33
1350,0,1,1,48.0,1,1,58.1300010681152,33
1351,4,0,1,39.0,1,0,51.4199981689453,33
1352,0,0,0,28.0,1,0,65.8199996948242,33
1353,1,1,1,46.0,1,0,56.2999992370605,33
1354,1,0,0,33.0,1,1,76.620002746582,33
1355,1,1,0,50.0,0,0,58.2700004577637,33
1356,1,1,1,44.0,1,0,59.8199996948242,39
1357,1,1,0,40.0,0,0,63.8699989318848,39
1358,1,1,0,28.0,1,0,58.9700012207031,39
1359,1,0,0,21.0,1,0,69.8499984741211,89
1360,3,1,0,45.0,1,0,64.8000030517578,5
1361,2,0,1,25.0,0,1,44.4000015258789,5
1362,0,1,0,22.0,0,0,52.9000015258789,73
1363,0,0,0,22.0,0,0,40.1500015258789,73
1364,4,0,1,81.0,1,0,63.6199989318848,5
1365,1,0,1,18.0,1,0,49.5999984741211,63
1366,1,0,1,53.0,1,0,66.25,21
1367,2,0,0,45.0,0,0,63.6500015258789,21
1368,1,0,0,56.0,1,0,77.4199981689453,21
1369,2,0,1,39.0,0,1,46.5,21
1370,0,0,1,22.0,1,0,48.2299995422363,87
1371,0,1,0,56.0,1,0,57.7200012207031,87
1372,0,0,1,69.0,1,0,56.0499992370605,87
1373,0,0,0,20.0,1,0,42.8699989318848,87
1374,2,0,1,21.0,1,0,45.1800003051758,87
1375,3,0,0,63.0,1,0,51.9500007629395,27
1376,0,1,1,37.0,0,0,66.870002746582,87
1377,4,0,0,35.0,0,0,49.1699981689453,87
1378,0,1,1,39.0,1,0,51.8699989318848,105
1379,1,0,0,41.0,1,0,48.2000007629395,105
1380,1,1,0,73.0,1,0,89.5,105
1381,1,1,1,82.0,1,0,75.7200012207031,105
1382,3,1,0,47.0,1,0,42.5800018310547,105
1383,3,1,0,44.0,1,0,50.2000007629395,105
1384,3,0,1,58.0,1,0,82.5699996948242,105
1385,0,1,1,27.0,1,0,40.8699989318848,105
1386,1,0,1,66.0,1,0,52.5999984741211,105
1387,0,0,1,21.0,0,0,70.6800003051758,105
1388,2,0,1,39.0,0,0,72.1800003051758,97
1389,2,0,1,87.0,1,0,41.5299987792969,31
1390,0,0,1,57.0,1,0,62.1699981689453,43
1391,4,0,1,33.0,0,0,53.7799987792969,43
1392,3,1,0,30.0,0,0,65.8199996948242,43
1393,1,1,0,65.0,0,0,61.2999992370605,106
1394,4,0,0,26.0,0,0,38.4500007629395,68
1395,2,0,1,28.0,1,0,71.6999969482422,76
1396,3,0,0,66.0,1,0,53.7299995422363,31
1397,3,1,1,58.0,1,0,72.1999969482422,31
1398,2,0,0,26.0,0,0,52.8800010681152,30
1399,1,0,1,38.0,0,0,88.9300003051758,31
1400,2,1,0,37.0,0,0,58.3800010681152,30
1401,3,1,1,35.0,1,0,59.3699989318848,44
1402,1,0,1,50.0,1,0,56.4799995422363,23
1403,0,0,1,35.0,0,0,39.8199996948242,86
1404,0,0,1,39.0,1,0,117.699996948242,86
1405,0,0,0,55.0,1,0,61.6300010681152,86
1406,0,0,1,63.0,1,0,47.9799995422363,86
1407,2,0,0,73.0,1,0,72.1999969482422,86
1408,0,0,1,73.0,1,0,70.3300018310547,86
1409,0,0,1,91.0,1,0,90.6500015258789,86
1410,1,0,1,52.0,1,0,83.6699981689453,26
1411,0,0,0,46.0,1,0,45.5499992370605,26
1412,0,0,1,28.0,0,0,60.7700004577637,26
1413,0,0,1,54.0,0,1,56.5499992370605,26
1414,3,0,0,33.0,1,0,59.7000007629395,26
1415,1,0,0,58.0,1,0,46.3300018310547,26
1416,1,1,0,32.0,1,0,51.1800003051758,26
1417,0,1,1,40.0,1,0,56.9199981689453,26
1418,3,1,0,38.0,0,0,65.75,26
1419,1,1,1,41.0,0,1,49.3199996948242,26
1420,1,1,1,32.0,0,0,66.0699996948242,26
1421,3,0,1,43.0,1,0,73.8000030517578,26
1422,0,0,0,41.0,1,0,52.4000015258789,26
1423,1,1,1,32.0,1,1,58.9000015258789,26
1424,0,0,0,58.0,1,0,58.0499992370605,26
1425,2,0,1,61.0,0,0,96.7699966430664,82
1426,3,1,0,52.0,1,0,52.4199981689453,82
1427,3,0,0,69.0,0,0,211.149993896484,82
1428,2,0,0,44.0,0,0,88.5800018310547,46
1429,4,1,0,52.0,1,0,50.6500015258789,46
1430,2,0,0,70.0,1,1,83.9800033569336,70
1431,2,0,1,38.0,0,0,42.0200004577637,88
1432,4,0,1,25.0,0,0,56.1199989318848,88
1433,0,0,1,35.0,1,0,35.4300003051758,29
1434,3,1,0,33.0,1,0,49.0999984741211,29
1435,1,1,0,51.0,1,0,48.6800003051758,29
1436,3,1,0,32.0,1,0,62.5999984741211,29
1437,0,1,1,23.0,1,0,53.9799995422363,29
1438,0,1,1,38.0,0,1,55.4300003051758,29
1439,1,1,1,27.0,1,1,48.2000007629395,29
1440,2,0,0,38.0,0,1,39.2299995422363,29
1441,1,0,0,46.0,1,0,65.0,14
1442,0,1,0,24.0,0,0,71.8300018310547,14
1443,2,0,1,27.0,0,1,103.599998474121,107
1444,0,0,0,48.0,1,0,50.6199989318848,44
1445,1,1,1,26.0,0,1,57.75,44
1446,0,1,1,30.0,1,0,48.5800018310547,44
1447,0,1,0,40.0,0,0,81.0500030517578,9
1448,2,1,1,42.0,1,0,152.080001831055,9
1449,2,0,1,38.0,0,1,44.1500015258789,12
1450,1,1,1,41.0,1,0,56.3499984741211,12
1451,0,0,0,57.0,1,0,52.4500007629395,12
1452,1,1,1,50.0,1,1,60.6199989318848,12
1453,0,0,0,20.0,0,0,58.75,74
1454,1,1,0,73.0,1,0,97.870002746582,74
1455,3,1,0,41.0,1,0,92.620002746582,74
1456,3,1,0,54.0,1,0,80.2200012207031,74
1457,1,0,1,44.0,1,1,121.849998474121,85
1458,1,1,1,39.0,1,0,79.9300003051758,3
1459,0,0,1,46.0,0,0,79.5500030517578,3
1460,1,0,0,52.0,0,0,127.629997253418,3
1461,0,0,1,83.0,1,0,63.2299995422363,3
1462,1,0,1,37.0,0,0,91.3300018310547,3
1463,1,0,0,28.0,0,0,88.1800003051758,24
1464,1,1,0,37.0,1,0,89.5500030517578,24
1465,0,0,1,72.0,0,0,57.0699996948242,24
1466,0,0,0,42.0,1,0,58.1199989318848,24
1467,0,0,1,59.0,1,0,107.879997253418,24
1468,1,1,0,40.0,0,0,55.6699981689453,24
1469,3,1,1,54.0,1,0,71.4300003051758,24
1470,2,0,1,48.0,1,0,100.819999694824,82
1471,3,1,0,39.0,1,0,74.5800018310547,82
1472,0,0,0,37.0,1,0,136.929992675781,82
1473,3,0,0,31.0,1,0,45.7999992370605,108
1474,3,1,0,37.0,1,0,41.3499984741211,108
1475,2,0,1,18.0,1,0,59.8199996948242,108
1476,3,1,0,63.0,1,0,68.25,108
1477,3,1,0,78.0,1,0,82.3300018310547,108
1478,1,1,0,24.0,1,0,48.5299987792969,108
1479,2,0,0,33.0,0,0,55.7700004577637,108
1480,0,0,1,21.0,0,0,51.3499984741211,108
1481,2,0,1,22.0,0,0,39.8800010681152,108
1482,1,0,1,35.0,1,1,56.25,108
1483,2,1,1,30.0,0,1,41.5999984741211,108
1484,0,0,1,34.0,1,0,76.3199996948242,84
1485,3,1,1,61.0,0,1,57.4000015258789,84
1486,3,0,0,23.0,0,0,63.7000007629395,71
1487,3,1,1,48.0,1,1,65.6699981689453,96
1488,0,0,1,80.0,1,0,75.4199981689453,62
1489,0,1,1,57.0,0,1,83.379997253418,54
1490,0,0,1,37.0,1,0,60.2299995422363,96
1491,3,1,0,32.0,1,1,74.0999984741211,75
1492,1,0,0,80.0,1,0,74.2799987792969,75
1493,4,1,0,20.0,0,0,65.7699966430664,63
1494,0,1,0,25.0,0,1,49.4300003051758,95
1495,0,0,0,21.0,0,0,45.4500007629395,95
1496,1,1,0,36.0,0,0,60.7000007629395,95
1497,1,1,1,72.0,1,0,137.029998779297,6
1498,1,1,0,45.0,1,0,81.6699981689453,16
1499,3,1,0,58.0,1,0,67.0,81
1500,3,1,1,50.0,1,0,102.230003356934,81
1501,1,1,1,45.0,1,0,61.1699981689453,81
1502,0,0,1,65.0,1,0,51.7799987792969,81
1503,3,1,0,50.0,1,1,68.8499984741211,81
1504,3,1,0,37.0,0,0,57.6199989318848,28
1505,4,0,1,50.0,1,0,35.3300018310547,28
1506,2,0,1,57.0,1,0,74.5299987792969,48
1507,0,0,0,49.0,1,0,41.4700012207031,28
1508,3,1,1,41.0,1,0,79.75,80
1509,2,1,1,44.0,1,0,53.8800010681152,80
1510,1,1,1,42.0,1,0,58.0699996948242,80
1511,1,1,0,32.0,1,0,52.7799987792969,80
1512,0,1,1,31.0,1,1,61.6800003051758,80
1513,0,0,1,73.0,1,0,74.7799987792969,92
1514,0,0,1,44.0,0,0,88.4700012207031,4
1515,1,1,1,37.0,1,0,50.9300003051758,4
1516,0,1,1,46.0,1,0,60.2299995422363,4
1517,1,0,0,30.0,0,0,62.3300018310547,4
1518,1,0,0,56.0,1,0,71.1699981689453,4
1519,3,0,0,35.0,0,0,63.9300003051758,4
1520,0,1,1,34.0,0,0,56.1699981689453,4
1521,2,0,1,75.0,1,0,54.5999984741211,4
1522,1,1,1,75.0,0,0,79.8499984741211,4
1523,0,1,0,48.0,1,0,65.5199966430664,4
1524,3,1,0,62.0,1,0,73.0,18
1525,2,1,0,46.0,1,1,116.099998474121,29
1526,2,1,1,44.0,0,0,63.7700004577637,53
1527,1,1,0,33.0,1,0,47.9500007629395,53
1528,3,1,0,34.0,0,0,63.2700004577637,53
1529,1,0,0,61.0,0,0,50.9500007629395,53
1530,4,0,1,89.0,1,0,75.5800018310547,53
1531,2,1,1,28.0,1,0,67.4000015258789,53
1532,5,0,0,47.0,0,0,58.0499992370605,53
1533,0,0,0,63.0,1,0,40.5200004577637,32
1534,0,0,0,27.0,0,0,32.8699989318848,32
1535,2,1,1,34.0,1,0,41.2200012207031,32
1536,2,0,1,41.0,0,0,43.5499992370605,28
1537,3,0,0,50.0,1,0,41.4799995422363,28
1538,3,1,1,48.0,1,1,34.0999984741211,28
1539,0,0,1,27.0,0,0,62.0299987792969,40
1540,0,0,1,36.0,0,0,66.0800018310547,40
1541,0,1,0,64.0,1,0,73.2300033569336,40
1542,1,0,1,64.0,1,0,60.1199989318848,40
1543,3,1,0,51.0,1,0,88.4300003051758,40
1544,0,0,0,68.0,1,0,52.6500015258789,40
1545,0,1,1,35.0,0,1,55.7799987792969,40
1546,0,0,0,60.0,0,0,70.5199966430664,40
1547,4,0,1,28.0,0,0,47.5200004577637,40
1548,4,1,0,26.0,0,0,67.0800018310547,40
1549,2,0,0,50.0,0,0,43.9799995422363,90
1550,3,1,1,44.0,1,0,41.2799987792969,91
1551,0,0,1,42.0,0,0,67.620002746582,84
1552,3,1,1,56.0,0,0,69.5199966430664,84
1553,0,0,1,52.0,0,0,35.0499992370605,91
1554,3,0,0,71.0,1,0,79.1500015258789,84
1555,3,0,1,40.0,0,0,56.7799987792969,91
1556,4,0,1,26.0,1,0,56.4799995422363,71
1557,3,1,0,37.0,0,1,64.8199996948242,22
1558,3,1,0,55.0,1,0,95.0199966430664,22
1559,3,0,1,73.0,1,0,51.3800010681152,22
1560,2,0,1,39.0,0,0,47.1699981689453,22
1561,3,1,0,43.0,1,0,50.7999992370605,22
1562,0,0,0,21.0,0,0,50.5499992370605,22
1563,0,0,0,32.0,1,0,46.4300003051758,82
1564,0,1,1,53.0,1,0,69.1500015258789,82
1565,3,1,0,39.0,0,1,44.0200004577637,72
1566,3,1,1,60.0,1,0,104.269996643066,100
1567,3,1,0,50.0,1,0,68.9000015258789,100
1568,0,0,0,45.0,1,0,133.429992675781,100
1569,1,0,1,37.0,1,0,49.1199989318848,70
1570,3,0,1,51.0,1,1,59.0,92
1571,3,1,1,48.0,1,1,43.7299995422363,92
1572,0,0,1,79.0,0,0,41.2299995422363,92
1573,0,0,1,44.0,0,0,53.4300003051758,70
1574,2,0,0,30.0,0,1,63.9700012207031,70
1575,2,0,0,24.0,1,0,64.0500030517578,6
1576,1,1,0,49.0,1,0,78.4800033569336,6
1577,2,0,1,80.0,1,0,49.0499992370605,6
1578,2,0,1,19.0,0,0,47.4500007629395,6
1579,3,0,0,40.0,1,0,90.4300003051758,6
1580,2,0,1,71.0,1,0,53.5200004577637,6
1581,3,1,1,36.0,1,0,76.9700012207031,6
1582,0,0,1,22.0,0,0,70.3199996948242,42
1583,1,1,0,43.0,1,0,59.7200012207031,42
1584,3,1,1,28.0,0,0,61.2299995422363,17
1585,2,0,0,50.0,1,0,55.7999992370605,21
1586,1,0,0,38.0,1,0,82.629997253418,17
1587,4,0,1,20.0,1,0,41.4300003051758,21
1588,0,0,0,53.0,1,0,69.9300003051758,21
1589,1,1,1,78.0,1,0,82.9199981689453,42
1590,1,0,0,85.0,0,0,75.7200012207031,42
1591,2,0,0,22.0,0,0,58.6500015258789,75
1592,2,0,1,68.0,1,0,64.4300003051758,75
1593,2,1,1,51.0,0,0,108.849998474121,75
1594,1,0,1,23.0,1,0,52.4700012207031,42
1595,0,1,1,35.0,1,0,100.25,14
1596,1,1,1,51.0,1,0,44.2999992370605,63
1597,1,0,1,46.0,0,0,50.9000015258789,59
1598,1,0,0,37.0,0,0,82.370002746582,59
1599,0,0,0,54.0,1,0,53.4000015258789,8
1600,1,1,0,56.0,1,0,38.9799995422363,8
1601,1,1,0,39.0,1,0,72.8499984741211,16
1602,0,0,1,57.0,1,0,107.870002746582,16
1603,0,1,1,35.0,0,0,52.4000015258789,64
1604,2,0,1,65.0,1,0,45.0999984741211,6
1605,3,1,0,55.0,1,0,80.129997253418,6
1606,3,0,0,23.0,0,0,59.75,6
1607,2,1,1,24.0,0,1,46.3699989318848,6
1608,0,1,0,30.0,0,0,53.0,16
1609,4,0,1,34.0,1,0,47.2799987792969,16
1610,3,1,1,57.0,0,0,55.8699989318848,38
1611,0,1,1,27.0,1,0,145.869995117188,10
1612,2,0,0,37.0,1,0,55.7799987792969,10
1613,1,1,0,42.0,0,0,58.4000015258789,10
1614,1,1,1,46.0,1,0,52.1500015258789,98
1615,1,0,1,55.0,1,0,68.629997253418,67
1616,2,1,1,54.0,1,0,50.9000015258789,94
1617,1,1,0,63.0,1,0,63.8199996948242,94
1618,3,1,1,69.0,1,0,100.449996948242,94
1619,0,1,1,63.0,1,0,78.0299987792969,94
1620,3,0,0,47.0,1,0,92.870002746582,94
1621,1,1,1,29.0,0,0,44.1800003051758,72
1622,2,1,1,25.0,0,0,49.2799987792969,78
1623,1,1,0,54.0,1,0,52.3499984741211,78
1624,3,1,1,27.0,0,0,25.5799999237061,91
1625,2,0,0,54.0,0,0,65.8300018310547,22
1626,0,0,0,43.0,0,0,34.6500015258789,22
1627,4,0,1,20.0,1,0,41.5999984741211,22
1628,0,0,0,48.0,1,0,43.5499992370605,22
1629,0,1,1,63.0,1,0,50.6800003051758,22
1630,3,1,0,40.0,0,0,57.5999984741211,22
1631,0,1,1,22.0,1,0,53.1699981689453,92
1632,1,1,1,40.0,0,0,41.7000007629395,22
1633,1,1,0,62.0,1,0,90.5299987792969,82
1634,1,0,1,20.0,1,0,103.830001831055,85
1635,1,0,0,48.0,0,0,101.779998779297,48
1636,1,1,0,34.0,1,0,76.5800018310547,98
1637,1,0,0,55.0,0,0,98.9300003051758,76
1638,1,1,0,48.0,1,0,47.3699989318848,89
1639,0,0,0,58.0,1,0,45.6500015258789,95
1640,0,0,0,20.0,0,0,49.0699996948242,95
1641,0,0,0,50.0,1,0,58.9799995422363,21
1642,0,0,0,36.0,1,0,66.0,21
1643,2,0,1,93.0,1,0,59.6800003051758,21
1644,3,0,0,49.0,1,0,46.8499984741211,21
1645,3,0,1,56.0,1,0,80.5,89
1646,2,0,1,61.0,1,0,87.6999969482422,89
1647,1,0,1,64.0,1,0,92.6999969482422,89
1648,4,0,0,59.0,1,0,95.6699981689453,43
1649,1,1,1,90.0,1,0,131.380004882812,43
1650,2,0,1,32.0,1,1,63.6500015258789,43
1651,1,0,1,49.0,1,0,69.0199966430664,43
1652,3,1,1,53.0,1,0,98.9199981689453,43
1653,4,0,1,65.0,0,0,53.25,51
1654,4,0,1,40.0,0,0,55.0,51
1655,0,0,1,35.0,0,0,46.1199989318848,51
1656,2,0,1,73.0,1,0,84.8000030517578,51
1657,1,0,0,60.0,1,0,78.5800018310547,25
1658,0,0,0,84.0,1,0,67.3199996948242,5
1659,0,0,1,37.0,1,0,42.0,5
1660,2,1,1,27.0,1,0,49.6800003051758,5
1661,0,0,0,39.0,0,0,41.7799987792969,109
1662,3,1,0,42.0,1,0,94.2300033569336,6
1663,3,1,0,37.0,0,0,76.6800003051758,6
1664,2,0,1,60.0,0,0,66.870002746582,61
1665,2,0,0,71.0,1,0,42.3300018310547,109
1666,0,1,0,38.0,0,0,48.3199996948242,109
1667,0,1,1,42.0,1,0,39.0800018310547,109
1668,0,1,1,33.0,1,0,39.5200004577637,109
1669,2,0,0,28.0,1,0,45.9000015258789,109
1670,2,0,1,29.0,0,0,39.0,109
1671,2,0,1,67.0,1,0,50.5,109
1672,2,0,0,32.0,1,0,40.4199981689453,109
1673,0,1,1,47.0,0,1,56.5200004577637,109
1674,0,1,1,33.0,1,0,46.4799995422363,109
1675,4,0,0,83.0,0,0,36.4300003051758,109
1676,0,0,1,36.0,0,0,45.4300003051758,109
1677,0,1,1,40.0,1,0,41.0499992370605,109
1678,2,1,1,38.0,0,0,54.4300003051758,109
1679,0,0,1,41.0,1,1,43.8199996948242,109
1680,1,0,1,45.0,1,0,40.3499984741211,109
1681,0,0,1,63.0,1,0,49.0999984741211,109
1682,2,0,0,50.0,1,0,42.6300010681152,109
1683,0,0,1,88.0,0,0,70.2699966430664,109
1684,3,0,1,79.0,1,0,65.0800018310547,92
1685,4,0,1,29.0,0,0,36.3800010681152,92
1686,3,1,0,57.0,1,0,76.8199996948242,6
1687,2,0,0,69.0,0,0,65.0299987792969,110
1688,0,0,0,39.0,0,1,47.8300018310547,109
1689,0,0,0,27.0,1,1,50.8300018310547,109
1690,2,0,1,60.0,0,0,54.9300003051758,110
1691,2,1,1,31.0,1,0,68.75,4
1692,0,0,0,65.0,1,0,68.8199996948242,88
1693,2,0,0,38.0,0,0,72.0299987792969,70
1694,1,1,0,55.0,1,0,64.6500015258789,9
1695,1,1,0,53.0,1,1,46.4199981689453,44
1696,0,0,1,43.0,1,0,44.9700012207031,78
1697,0,0,1,73.0,1,0,84.8199996948242,78
1698,0,0,1,53.0,1,0,78.8499984741211,61
1699,3,0,0,61.0,1,0,53.75,25
1700,2,0,1,59.0,1,0,57.2799987792969,18
1701,0,0,0,57.0,1,0,41.8699989318848,34
1702,2,0,1,56.0,1,0,38.0,34
1703,1,1,0,28.0,0,1,76.379997253418,34
1704,0,1,1,53.0,1,0,52.0999984741211,34
1705,0,0,0,29.0,1,0,55.3300018310547,34
1706,2,0,0,45.0,1,0,53.3300018310547,34
1707,2,0,0,38.0,1,0,63.5,34
1708,5,1,0,42.0,0,0,58.0499992370605,17
1709,1,1,0,37.0,1,0,56.8499984741211,21
1710,1,1,1,48.0,0,0,47.2299995422363,22
1711,1,1,0,47.0,1,0,58.6500015258789,7
1712,1,1,0,35.0,0,0,77.75,7
1713,1,1,1,42.0,1,1,48.5699996948242,7
1714,3,0,0,44.0,0,0,72.3199996948242,17
1715,2,0,1,58.0,1,0,61.8499984741211,17
1716,5,0,0,53.0,0,0,58.0499992370605,17
1717,1,0,1,49.0,1,0,57.3199996948242,111
1718,0,1,0,32.0,1,0,72.8000030517578,67
1719,3,0,0,68.0,1,0,92.9300003051758,67
1720,2,0,1,39.0,1,0,58.5800018310547,67
1721,0,0,1,41.0,0,0,76.0500030517578,67
1722,0,0,0,40.0,0,0,61.2200012207031,67
1723,2,0,1,22.0,0,0,103.900001525879,67
1724,1,1,1,76.0,0,0,79.2200012207031,67
1725,0,1,1,44.0,0,1,56.4000015258789,84
1726,3,1,0,49.0,1,0,57.0800018310547,111
1727,3,0,0,68.0,1,0,115.25,111
1728,1,0,1,31.0,0,1,59.0499992370605,111
1729,3,0,0,68.0,1,1,70.879997253418,111
1730,3,1,0,60.0,1,0,84.0500030517578,111
1731,3,1,0,32.0,0,0,59.2000007629395,111
1732,0,1,1,32.0,1,1,55.1199989318848,111
1733,1,0,0,23.0,0,0,63.9500007629395,111
1734,1,0,0,32.0,0,1,56.2200012207031,111
1735,4,0,0,45.0,0,0,39.2299995422363,111
1736,5,0,0,37.0,0,0,58.0499992370605,104
1737,2,0,0,66.0,1,0,19.0,110
1738,1,1,1,25.0,0,0,61.0200004577637,111
1739,1,0,1,75.0,1,0,98.3000030517578,14
1740,1,1,1,37.0,1,0,55.3699989318848,110
1741,1,1,1,44.0,0,0,39.9300003051758,110
1742,1,1,1,30.0,1,0,63.4199981689453,110
1743,1,1,1,49.0,1,1,56.5999984741211,110
1744,2,0,0,50.0,1,0,65.0,110
1745,1,1,0,29.0,1,0,73.7200012207031,56
1746,0,1,1,27.0,1,0,49.0299987792969,56
1747,0,0,1,55.0,1,0,116.550003051758,56
1748,3,0,0,45.0,1,0,65.0699996948242,56
1749,1,1,0,78.0,1,0,94.3199996948242,92
1750,2,0,1,55.0,0,0,44.4000015258789,92
1751,3,0,1,42.0,1,0,28.8799991607666,91
1752,3,1,1,42.0,0,0,37.5800018310547,91
1753,1,0,1,47.0,0,0,37.5999984741211,91
1754,1,0,0,45.0,0,0,39.3499984741211,91
1755,3,0,0,28.0,1,0,63.7999992370605,49
1756,2,0,0,42.0,1,0,42.7299995422363,49
1757,3,0,0,39.0,1,0,87.8000030517578,49
1758,3,1,0,39.0,1,0,55.4300003051758,49
1759,1,0,1,33.0,1,0,75.0,49
1760,3,0,1,20.0,0,0,62.1800003051758,49
1761,3,1,1,72.0,1,0,94.0699996948242,49
1762,3,0,0,22.0,1,0,63.7000007629395,49
1763,3,0,0,34.0,1,0,70.5500030517578,49
1764,3,0,0,34.0,1,0,69.129997253418,49
1765,3,0,0,32.0,1,0,98.8000030517578,49
1766,3,0,0,42.0,1,0,78.1800003051758,49
1767,2,0,1,40.0,0,0,74.3499984741211,89
1768,4,1,0,39.0,1,0,44.5200004577637,4
1769,0,0,1,74.0,1,0,65.2799987792969,112
1770,3,1,0,36.0,0,0,53.9300003051758,4
1771,2,0,1,73.0,1,0,53.5499992370605,4
1772,0,1,0,36.0,1,0,74.120002746582,4
1773,2,0,1,39.0,1,0,51.7700004577637,4
1774,2,0,0,42.0,0,0,54.0499992370605,4
1775,0,1,1,56.0,1,0,71.3199996948242,4
1776,3,1,1,28.0,0,0,60.3199996948242,4
1777,2,1,1,41.0,1,0,53.1300010681152,4
1778,1,0,0,38.0,0,0,59.4500007629395,4
1779,2,1,0,33.0,0,1,77.9700012207031,4
1780,0,0,1,78.0,0,0,87.75,4
1781,0,1,0,57.0,1,0,56.2700004577637,4
1782,2,0,0,58.0,0,0,94.629997253418,46
1783,0,0,0,56.0,1,0,79.4300003051758,46
1784,0,1,0,44.0,1,0,106.550003051758,89
1785,0,0,1,88.0,0,0,50.9799995422363,38
1786,2,0,1,28.0,0,0,61.1199989318848,38
1787,1,1,1,28.0,0,0,47.9700012207031,113
1788,0,1,0,23.0,0,0,67.5299987792969,113
1789,1,1,1,36.0,0,0,50.1800003051758,114
1790,1,1,1,70.0,1,0,103.680000305176,114
1791,3,0,0,45.0,0,0,78.1500015258789,114
1792,0,1,1,47.0,1,0,57.0999984741211,114
1793,0,0,0,46.0,0,0,53.5,114
1794,1,1,1,37.0,1,0,50.4799995422363,115
1795,0,0,0,84.0,1,0,66.75,115
1796,4,0,1,38.0,0,0,57.6500015258789,115
1797,2,0,1,20.0,0,0,45.3699989318848,115
1798,0,1,0,36.0,0,0,61.6500015258789,60
1799,1,1,0,48.0,1,0,67.2200012207031,60
1800,3,0,1,51.0,1,0,44.0200004577637,104
1801,0,0,1,52.0,0,1,44.6699981689453,104
1802,2,0,0,31.0,1,0,127.230003356934,14
1803,0,0,1,58.0,1,0,98.5,14
1804,0,0,0,23.0,0,0,81.25,14
1805,3,1,1,36.0,1,0,59.5200004577637,104
1806,1,0,1,73.0,1,0,91.8000030517578,104
1807,0,0,1,62.0,1,0,55.5200004577637,61
