,Sentences,Vocabulary,Sent.Completion,First.Letters,4.Letter.Words,Suffixes,Letter.Series,Pedigrees,Letter.Group
Sentences,1.0,0.828,0.776,0.439,0.432,0.447,0.447,0.541,0.38
Vocabulary,0.828,1.0,0.779,0.493,0.464,0.489,0.432,0.537,0.358
Sent.Completion,0.776,0.779,1.0,0.46,0.425,0.443,0.401,0.534,0.359
First.Letters,0.439,0.493,0.46,1.0,0.674,0.59,0.381,0.35,0.424
4.Letter.Words,0.432,0.464,0.425,0.674,1.0,0.541,0.402,0.367,0.446
Suffixes,0.447,0.489,0.443,0.59,0.541,1.0,0.288,0.32,0.325
Letter.Series,0.447,0.432,0.401,0.381,0.402,0.288,1.0,0.555,0.598
Pedigrees,0.541,0.537,0.534,0.35,0.367,0.32,0.555,1.0,0.452
Letter.Group,0.38,0.358,0.359,0.424,0.446,0.325,0.598,0.452,1.0
