,size,time,tree,treat
1,6.16,469,1,1
2,6.18,496,1,1
3,6.48,528,1,1
4,6.65,556,1,1
5,6.87,579,1,1
6,6.95,613,1,1
7,6.99,639,1,1
8,7.04,674,1,1
9,5.2,469,2,1
10,5.22,496,2,1
11,5.39,528,2,1
12,5.65,556,2,1
13,5.71,579,2,1
14,5.78,613,2,1
15,5.82,639,2,1
16,5.85,674,2,1
17,5.87,469,3,1
18,5.88,496,3,1
19,6.04,528,3,1
20,6.34,556,3,1
21,6.49,579,3,1
22,6.58,613,3,1
23,6.65,639,3,1
24,6.61,674,3,1
25,5.53,469,4,1
26,5.56,496,4,1
27,5.68,528,4,1
28,5.93,556,4,1
29,6.21,579,4,1
30,6.26,613,4,1
31,6.2,639,4,1
32,6.19,674,4,1
33,6.5,469,5,1
34,6.5,496,5,1
35,6.79,528,5,1
36,6.83,556,5,1
37,7.1,579,5,1
38,7.17,613,5,1
39,7.21,639,5,1
40,7.16,674,5,1
41,6.33,469,6,1
42,6.34,496,6,1
43,6.39,528,6,1
44,6.78,556,6,1
45,6.91,579,6,1
46,6.99,613,6,1
47,7.01,639,6,1
48,7.05,674,6,1
49,6.13,469,7,1
50,6.14,496,7,1
51,6.36,528,7,1
52,6.57,556,7,1
53,6.78,579,7,1
54,6.82,613,7,1
55,6.81,639,7,1
56,6.86,674,7,1
57,5.61,469,8,1
58,5.63,496,8,1
59,5.82,528,8,1
60,6.18,556,8,1
61,6.42,579,8,1
62,6.48,613,8,1
63,6.47,639,8,1
64,6.46,674,8,1
65,6.48,469,9,1
66,6.5,496,9,1
67,6.77,528,9,1
68,7.14,556,9,1
69,7.26,579,9,1
70,7.3,613,9,1
71,6.91,639,9,1
72,7.28,674,9,1
73,4.94,469,10,1
74,4.94,496,10,1
75,5.05,528,10,1
76,5.33,556,10,1
77,5.53,579,10,1
78,5.56,613,10,1
79,5.57,639,10,1
80,5.6,674,10,1
81,5.26,469,11,1
82,5.26,496,11,1
83,5.38,528,11,1
84,5.66,556,11,1
85,5.81,579,11,1
86,5.84,613,11,1
87,5.93,639,11,1
88,5.89,674,11,1
89,5.76,469,12,1
90,5.77,496,12,1
91,5.98,528,12,1
92,6.18,556,12,1
93,6.39,579,12,1
94,6.43,613,12,1
95,6.44,639,12,1
96,6.41,674,12,1
97,5.99,469,13,1
98,6.01,496,13,1
99,6.08,528,13,1
100,6.39,556,13,1
101,6.45,579,13,1
102,6.57,613,13,1
103,6.57,639,13,1
104,6.58,674,13,1
105,5.47,469,14,1
106,5.49,496,14,1
107,5.7,528,14,1
108,5.93,556,14,1
109,6.06,579,14,1
110,6.15,613,14,1
111,6.12,639,14,1
112,6.12,674,14,1
113,4.65,469,15,1
114,4.69,496,15,1
115,5.01,528,15,1
116,5.21,556,15,1
117,5.38,579,15,1
118,5.58,613,15,1
119,5.46,639,15,1
120,5.5,674,15,1
121,5.24,469,16,1
122,5.25,496,16,1
123,5.25,528,16,1
124,5.45,556,16,1
125,5.65,579,16,1
126,5.65,613,16,1
127,5.76,639,16,1
128,5.83,674,16,1
129,6.44,469,17,1
130,6.44,496,17,1
131,6.61,528,17,1
132,6.74,556,17,1
133,7.06,579,17,1
134,7.11,613,17,1
135,7.04,639,17,1
136,7.11,674,17,1
137,4.15,469,18,1
138,4.15,496,18,1
139,4.41,528,18,1
140,4.72,556,18,1
141,4.76,579,18,1
142,4.93,613,18,1
143,4.98,639,18,1
144,5.07,674,18,1
145,4.63,469,19,1
146,4.64,496,19,1
147,4.77,528,19,1
148,5.08,556,19,1
149,5.27,579,19,1
150,5.3,613,19,1
151,5.43,639,19,1
152,5.2,674,19,1
153,5.44,469,20,1
154,5.44,496,20,1
155,5.49,528,20,1
156,5.73,556,20,1
157,5.77,579,20,1
158,6.01,613,20,1
159,5.96,639,20,1
160,5.96,674,20,1
161,5.25,469,21,1
162,5.27,496,21,1
163,5.5,528,21,1
164,5.65,556,21,1
165,5.69,579,21,1
166,5.97,613,21,1
167,5.97,639,21,1
168,5.89,674,21,1
169,5.64,469,22,1
170,5.64,496,22,1
171,5.53,528,22,1
172,5.74,556,22,1
173,5.78,579,22,1
174,5.94,613,22,1
175,6.18,639,22,1
176,5.99,674,22,1
177,5.76,469,23,1
178,5.8,496,23,1
179,6.11,528,23,1
180,6.37,556,23,1
181,6.35,579,23,1
182,6.58,613,23,1
183,6.55,639,23,1
184,6.55,674,23,1
185,3.61,469,24,1
186,3.65,496,24,1
187,3.93,528,24,1
188,4.18,556,24,1
189,4.13,579,24,1
190,4.36,613,24,1
191,4.43,639,24,1
192,4.39,674,24,1
193,5.46,469,25,1
194,5.49,496,25,1
195,5.77,528,25,1
196,6.03,556,25,1
197,6.07,579,25,1
198,6.2,613,25,1
199,6.26,639,25,1
200,6.28,674,25,1
201,4.93,469,26,1
202,4.96,496,26,1
203,5.15,528,26,1
204,5.48,556,26,1
205,5.49,579,26,1
206,5.7,613,26,1
207,5.74,639,26,1
208,5.74,674,26,1
209,5.65,469,27,1
210,5.67,496,27,1
211,5.63,528,27,1
212,6.04,556,27,1
213,6.02,579,27,1
214,6.05,613,27,1
215,6.03,639,27,1
216,5.91,674,27,1
217,5.73,469,28,1
218,5.73,496,28,1
219,5.8,528,28,1
220,5.97,556,28,1
221,6.1,579,28,1
222,6.16,613,28,1
223,6.22,639,28,1
224,6.13,674,28,1
225,6.32,469,29,1
226,6.33,496,29,1
227,6.37,528,29,1
228,6.68,556,29,1
229,6.83,579,29,1
230,6.94,613,29,1
231,6.93,639,29,1
232,6.95,674,29,1
233,6.09,469,30,1
234,6.09,496,30,1
235,6.14,528,30,1
236,6.51,556,30,1
237,6.61,579,30,1
238,6.68,613,30,1
239,6.64,639,30,1
240,6.74,674,30,1
241,5.06,469,31,1
242,5.06,496,31,1
243,5.13,528,31,1
244,5.32,556,31,1
245,5.46,579,31,1
246,5.46,613,31,1
247,5.42,639,31,1
248,5.49,674,31,1
249,5.68,469,32,1
250,5.72,496,32,1
251,5.95,528,32,1
252,6.13,556,32,1
253,6.32,579,32,1
254,6.33,613,32,1
255,6.33,639,32,1
256,6.3,674,32,1
257,5.54,469,33,1
258,5.54,496,33,1
259,5.54,528,33,1
260,5.6,556,33,1
261,5.57,579,33,1
262,5.55,613,33,1
263,5.55,639,33,1
264,5.55,674,33,1
265,5.48,469,34,1
266,5.51,496,34,1
267,5.58,528,34,1
268,5.93,556,34,1
269,6.36,579,34,1
270,6.17,613,34,1
271,6.07,639,34,1
272,6.13,674,34,1
273,6.37,469,35,1
274,6.38,496,35,1
275,6.41,528,35,1
276,6.64,556,35,1
277,6.82,579,35,1
278,6.89,613,35,1
279,7.11,639,35,1
280,7.14,674,35,1
281,4.74,469,36,1
282,4.76,496,36,1
283,4.94,528,36,1
284,5.1,556,36,1
285,5.21,579,36,1
286,5.23,613,36,1
287,5.22,639,36,1
288,5.23,674,36,1
289,6.72,469,37,1
290,6.72,496,37,1
291,6.74,528,37,1
292,6.87,556,37,1
293,6.87,579,37,1
294,6.87,613,37,1
295,6.83,639,37,1
296,6.97,674,37,1
297,6.06,469,38,1
298,6.06,496,38,1
299,6.21,528,38,1
300,6.44,556,38,1
301,6.66,579,38,1
302,6.71,613,38,1
303,6.65,639,38,1
304,6.64,674,38,1
305,6.22,469,39,1
306,6.24,496,39,1
307,6.41,528,39,1
308,6.58,556,39,1
309,6.78,579,39,1
310,6.83,613,39,1
311,6.82,639,39,1
312,6.8,674,39,1
313,5.8,469,40,1
314,5.8,496,40,1
315,5.87,528,40,1
316,6.2,556,40,1
317,6.44,579,40,1
318,6.44,613,40,1
319,6.4,639,40,1
320,6.44,674,40,1
321,6.61,469,41,1
322,6.61,496,41,1
323,6.66,528,41,1
324,6.73,556,41,1
325,6.83,579,41,1
326,6.9,613,41,1
327,6.83,639,41,1
328,6.63,674,41,1
329,5.48,469,42,1
330,5.48,496,42,1
331,5.47,528,42,1
332,5.84,556,42,1
333,5.97,579,42,1
334,5.93,613,42,1
335,5.95,639,42,1
336,6.01,674,42,1
337,5.79,469,43,1
338,5.8,496,43,1
339,6.07,528,43,1
340,6.14,556,43,1
341,6.3,579,43,1
342,6.32,613,43,1
343,6.34,639,43,1
344,6.42,674,43,1
345,5.41,469,44,1
346,5.44,496,44,1
347,5.48,528,44,1
348,5.93,556,44,1
349,5.97,579,44,1
350,6.08,613,44,1
351,6.29,639,44,1
352,6.24,674,44,1
353,4.3,469,45,1
354,4.3,496,45,1
355,4.45,528,45,1
356,4.59,556,45,1
357,4.74,579,45,1
358,4.84,613,45,1
359,4.64,639,45,1
360,4.64,674,45,1
361,5.85,469,46,1
362,5.88,496,46,1
363,6.01,528,46,1
364,6.22,556,46,1
365,6.45,579,46,1
366,6.55,613,46,1
367,6.55,639,46,1
368,6.55,674,46,1
369,5.69,469,47,1
370,5.69,496,47,1
371,5.9,528,47,1
372,5.89,556,47,1
373,5.98,579,47,1
374,6.05,613,47,1
375,6.25,639,47,1
376,6.25,674,47,1
377,5.01,469,48,1
378,5.02,496,48,1
379,5.27,528,48,1
380,5.45,556,48,1
381,5.59,579,48,1
382,5.67,613,48,1
383,5.83,639,48,1
384,5.86,674,48,1
385,4.72,469,49,1
386,4.74,496,49,1
387,4.93,528,49,1
388,5.07,556,49,1
389,5.26,579,49,1
390,5.26,613,49,1
391,5.35,639,49,1
392,5.35,674,49,1
393,4.47,469,50,1
394,4.47,496,50,1
395,4.66,528,50,1
396,4.8,556,50,1
397,5.1,579,50,1
398,5.08,613,50,1
399,5.12,639,50,1
400,5.12,674,50,1
401,5.08,469,51,1
402,5.09,496,51,1
403,5.34,528,51,1
404,5.63,556,51,1
405,5.81,579,51,1
406,5.93,613,51,1
407,5.94,639,51,1
408,5.94,674,51,1
409,5.5,469,52,1
410,5.5,496,52,1
411,5.77,528,52,1
412,5.98,556,52,1
413,6.05,579,52,1
414,6.19,613,52,1
415,6.14,639,52,1
416,6.14,674,52,1
417,4.49,469,53,1
418,4.52,496,53,1
419,4.82,528,53,1
420,5.18,556,53,1
421,5.26,579,53,1
422,5.32,613,53,1
423,5.28,639,53,1
424,5.28,674,53,1
425,5.16,469,54,1
426,5.16,496,54,1
427,5.28,528,54,1
428,5.52,556,54,1
429,5.7,579,54,1
430,5.7,613,54,1
431,5.67,639,54,1
432,5.67,674,54,1
433,5.71,469,55,0
434,5.71,496,55,0
435,5.96,528,55,0
436,6.17,556,55,0
437,6.34,579,55,0
438,6.44,613,55,0
439,6.46,639,55,0
440,6.43,674,55,0
441,6.61,469,56,0
442,6.61,496,56,0
443,6.79,528,56,0
444,7.13,556,56,0
445,7.24,579,56,0
446,7.32,613,56,0
447,7.29,639,56,0
448,7.35,674,56,0
449,5.57,469,57,0
450,5.59,496,57,0
451,5.82,528,57,0
452,6.03,556,57,0
453,6.17,579,57,0
454,6.32,613,57,0
455,6.25,639,57,0
456,6.29,674,57,0
457,6.14,469,58,0
458,6.17,496,58,0
459,6.43,528,58,0
460,6.56,556,58,0
461,6.69,579,58,0
462,6.81,613,58,0
463,6.82,639,58,0
464,6.76,674,58,0
465,6.02,469,59,0
466,6.04,496,59,0
467,6.11,528,59,0
468,6.47,556,59,0
469,6.61,579,59,0
470,6.66,613,59,0
471,6.7,639,59,0
472,6.65,674,59,0
473,6.26,469,60,0
474,6.26,496,60,0
475,6.36,528,60,0
476,6.49,556,60,0
477,6.63,579,60,0
478,6.92,613,60,0
479,6.92,639,60,0
480,6.92,674,60,0
481,6.82,469,61,0
482,6.82,496,61,0
483,6.95,528,61,0
484,7.11,556,61,0
485,7.44,579,61,0
486,7.53,613,61,0
487,7.46,639,61,0
488,7.56,674,61,0
489,5.68,469,62,0
490,5.68,496,62,0
491,5.85,528,62,0
492,5.99,556,62,0
493,6.08,579,62,0
494,6.25,613,62,0
495,6.15,639,62,0
496,6.18,674,62,0
497,5.28,469,63,0
498,5.28,496,63,0
499,5.45,528,63,0
500,5.74,556,63,0
501,5.95,579,63,0
502,6.05,613,63,0
503,6.07,639,63,0
504,6.02,674,63,0
505,3.89,469,64,0
506,3.93,496,64,0
507,4.22,528,64,0
508,4.51,556,64,0
509,4.65,579,64,0
510,4.7,613,64,0
511,4.73,639,64,0
512,4.68,674,64,0
513,5.7,469,65,0
514,5.7,496,65,0
515,5.89,528,65,0
516,6.09,556,65,0
517,6.39,579,65,0
518,6.57,613,65,0
519,6.36,639,65,0
520,6.44,674,65,0
521,5.34,469,66,0
522,5.35,496,66,0
523,5.61,528,66,0
524,5.83,556,66,0
525,6.03,579,66,0
526,6.09,613,66,0
527,5.98,639,66,0
528,5.95,674,66,0
529,6.37,469,67,0
530,6.37,496,67,0
531,6.52,528,67,0
532,6.65,556,67,0
533,6.86,579,67,0
534,6.87,613,67,0
535,6.88,639,67,0
536,6.84,674,67,0
537,5.96,469,68,0
538,5.96,496,68,0
539,6.17,528,68,0
540,6.37,556,68,0
541,6.53,579,68,0
542,6.6,613,68,0
543,6.52,639,68,0
544,6.59,674,68,0
545,6.11,469,69,0
546,6.12,496,69,0
547,6.24,528,69,0
548,6.44,556,69,0
549,6.54,579,69,0
550,6.65,613,69,0
551,6.63,639,69,0
552,6.64,674,69,0
553,6.16,469,70,0
554,6.17,496,70,0
555,6.13,528,70,0
556,6.44,556,70,0
557,6.72,579,70,0
558,6.81,613,70,0
559,6.87,639,70,0
560,6.8,674,70,0
561,6.39,469,71,0
562,6.39,496,71,0
563,6.52,528,71,0
564,6.86,556,71,0
565,7.05,579,71,0
566,7.09,613,71,0
567,6.9,639,71,0
568,6.88,674,71,0
569,6.21,469,72,0
570,6.21,496,72,0
571,6.46,528,72,0
572,6.45,556,72,0
573,6.59,579,72,0
574,6.7,613,72,0
575,6.63,639,72,0
576,6.66,674,72,0
577,6.73,469,73,0
578,6.73,496,73,0
579,6.77,528,73,0
580,6.68,556,73,0
581,6.75,579,73,0
582,6.75,613,73,0
583,6.62,639,73,0
584,6.6,674,73,0
585,6.0,469,74,0
586,6.02,496,74,0
587,6.14,528,74,0
588,6.28,556,74,0
589,6.55,579,74,0
590,6.66,613,74,0
591,6.63,639,74,0
592,6.63,674,74,0
593,5.79,469,75,0
594,5.82,496,75,0
595,6.05,528,75,0
596,6.29,556,75,0
597,6.22,579,75,0
598,6.39,613,75,0
599,6.47,639,75,0
600,6.42,674,75,0
601,5.4,469,76,0
602,5.4,496,76,0
603,5.73,528,76,0
604,5.85,556,76,0
605,5.75,579,76,0
606,5.99,613,76,0
607,6.1,639,76,0
608,6.15,674,76,0
609,4.52,469,77,0
610,4.57,496,77,0
611,5.01,528,77,0
612,5.13,556,77,0
613,5.11,579,77,0
614,5.3,613,77,0
615,5.46,639,77,0
616,5.35,674,77,0
617,6.33,469,78,0
618,6.34,496,78,0
619,6.56,528,78,0
620,6.63,556,78,0
621,6.75,579,78,0
622,6.89,613,78,0
623,6.96,639,78,0
624,6.94,674,78,0
625,5.23,469,79,0
626,5.25,496,79,0
627,5.56,528,79,0
628,5.95,556,79,0
629,5.98,579,79,0
630,6.21,613,79,0
631,6.28,639,79,0
632,6.34,674,79,0
