,y,year,corp
1,0,75,0
2,2,76,0
3,2,77,0
4,1,78,0
5,0,79,0
6,0,80,0
7,1,81,0
8,1,82,0
9,0,83,0
10,3,84,0
11,0,85,0
12,2,86,0
13,1,87,0
14,0,88,0
15,0,89,0
16,1,90,0
17,0,91,0
18,1,92,0
19,0,93,0
20,1,94,0
21,0,75,1
22,0,76,1
23,0,77,1
24,2,78,1
25,0,79,1
26,3,80,1
27,0,81,1
28,2,82,1
29,0,83,1
30,0,84,1
31,0,85,1
32,1,86,1
33,1,87,1
34,1,88,1
35,0,89,1
36,2,90,1
37,0,91,1
38,3,92,1
39,1,93,1
40,0,94,1
41,0,75,2
42,0,76,2
43,0,77,2
44,2,78,2
45,0,79,2
46,2,80,2
47,0,81,2
48,0,82,2
49,1,83,2
50,1,84,2
51,0,85,2
52,0,86,2
53,2,87,2
54,1,88,2
55,1,89,2
56,0,90,2
57,0,91,2
58,2,92,2
59,0,93,2
60,0,94,2
61,0,75,3
62,0,76,3
63,0,77,3
64,1,78,3
65,1,79,3
66,1,80,3
67,2,81,3
68,0,82,3
69,2,83,3
70,0,84,3
71,0,85,3
72,0,86,3
73,1,87,3
74,0,88,3
75,1,89,3
76,2,90,3
77,1,91,3
78,0,92,3
79,0,93,3
80,0,94,3
81,0,75,4
82,1,76,4
83,0,77,4
84,1,78,4
85,1,79,4
86,1,80,4
87,1,81,4
88,0,82,4
89,0,83,4
90,0,84,4
91,0,85,4
92,1,86,4
93,0,87,4
94,0,88,4
95,0,89,4
96,0,90,4
97,1,91,4
98,1,92,4
99,0,93,4
100,0,94,4
101,0,75,6
102,0,76,6
103,0,77,6
104,0,78,6
105,2,79,6
106,1,80,6
107,0,81,6
108,0,82,6
109,1,83,6
110,0,84,6
111,0,85,6
112,1,86,6
113,0,87,6
114,1,88,6
115,1,89,6
116,1,90,6
117,1,91,6
118,1,92,6
119,1,93,6
120,0,94,6
121,0,75,7
122,0,76,7
123,1,77,7
124,0,78,7
125,2,79,7
126,0,80,7
127,0,81,7
128,1,82,7
129,2,83,7
130,0,84,7
131,1,85,7
132,1,86,7
133,3,87,7
134,1,88,7
135,1,89,7
136,1,90,7
137,0,91,7
138,3,92,7
139,0,93,7
140,0,94,7
141,1,75,8
142,0,76,8
143,1,77,8
144,0,78,8
145,0,79,8
146,0,80,8
147,1,81,8
148,0,82,8
149,1,83,8
150,1,84,8
151,0,85,8
152,0,86,8
153,2,87,8
154,0,88,8
155,0,89,8
156,2,90,8
157,1,91,8
158,0,92,8
159,2,93,8
160,0,94,8
161,1,75,9
162,0,76,9
163,0,77,9
164,0,78,9
165,1,79,9
166,0,80,9
167,0,81,9
168,1,82,9
169,0,83,9
170,0,84,9
171,0,85,9
172,0,86,9
173,1,87,9
174,0,88,9
175,0,89,9
176,0,90,9
177,1,91,9
178,1,92,9
179,0,93,9
180,1,94,9
181,0,75,5
182,0,76,5
183,0,77,5
184,0,78,5
185,0,79,5
186,2,80,5
187,1,81,5
188,1,82,5
189,1,83,5
190,0,84,5
191,2,85,5
192,1,86,5
193,1,87,5
194,0,88,5
195,1,89,5
196,2,90,5
197,0,91,5
198,1,92,5
199,0,93,5
200,0,94,5
201,0,75,10
202,0,76,10
203,1,77,10
204,1,78,10
205,0,79,10
206,1,80,10
207,0,81,10
208,2,82,10
209,0,83,10
210,2,84,10
211,0,85,10
212,0,86,10
213,0,87,10
214,0,88,10
215,2,89,10
216,1,90,10
217,3,91,10
218,0,92,10
219,1,93,10
220,1,94,10
221,0,75,11
222,0,76,11
223,0,77,11
224,0,78,11
225,2,79,11
226,4,80,11
227,0,81,11
228,1,82,11
229,3,83,11
230,0,84,11
231,1,85,11
232,1,86,11
233,1,87,11
234,1,88,11
235,2,89,11
236,1,90,11
237,3,91,11
238,1,92,11
239,3,93,11
240,1,94,11
241,1,75,12
242,1,76,12
243,2,77,12
244,1,78,12
245,1,79,12
246,3,80,12
247,0,81,12
248,4,82,12
249,0,83,12
250,1,84,12
251,0,85,12
252,3,86,12
253,2,87,12
254,1,88,12
255,0,89,12
256,2,90,12
257,1,91,12
258,1,92,12
259,0,93,12
260,0,94,12
261,0,75,13
262,1,76,13
263,0,77,13
264,0,78,13
265,0,79,13
266,0,80,13
267,0,81,13
268,1,82,13
269,0,83,13
270,1,84,13
271,1,85,13
272,0,86,13
273,0,87,13
274,0,88,13
275,2,89,13
276,2,90,13
277,0,91,13
278,0,92,13
279,0,93,13
280,0,94,13
