,resp,id,age,smoke
1,0,0,-2,0
2,0,0,-1,0
3,0,0,0,0
4,0,0,1,0
5,0,1,-2,0
6,0,1,-1,0
7,0,1,0,0
8,0,1,1,0
9,0,2,-2,0
10,0,2,-1,0
11,0,2,0,0
12,0,2,1,0
13,0,3,-2,0
14,0,3,-1,0
15,0,3,0,0
16,0,3,1,0
17,0,4,-2,0
18,0,4,-1,0
19,0,4,0,0
20,0,4,1,0
21,0,5,-2,0
22,0,5,-1,0
23,0,5,0,0
24,0,5,1,0
25,0,6,-2,0
26,0,6,-1,0
27,0,6,0,0
28,0,6,1,0
29,0,7,-2,0
30,0,7,-1,0
31,0,7,0,0
32,0,7,1,0
33,0,8,-2,0
34,0,8,-1,0
35,0,8,0,0
36,0,8,1,0
37,0,9,-2,0
38,0,9,-1,0
39,0,9,0,0
40,0,9,1,0
41,0,10,-2,0
42,0,10,-1,0
43,0,10,0,0
44,0,10,1,0
45,0,11,-2,0
46,0,11,-1,0
47,0,11,0,0
48,0,11,1,0
49,0,12,-2,0
50,0,12,-1,0
51,0,12,0,0
52,0,12,1,0
53,0,13,-2,0
54,0,13,-1,0
55,0,13,0,0
56,0,13,1,0
57,0,14,-2,0
58,0,14,-1,0
59,0,14,0,0
60,0,14,1,0
61,0,15,-2,0
62,0,15,-1,0
63,0,15,0,0
64,0,15,1,0
65,0,16,-2,0
66,0,16,-1,0
67,0,16,0,0
68,0,16,1,0
69,0,17,-2,0
70,0,17,-1,0
71,0,17,0,0
72,0,17,1,0
73,0,18,-2,0
74,0,18,-1,0
75,0,18,0,0
76,0,18,1,0
77,0,19,-2,0
78,0,19,-1,0
79,0,19,0,0
80,0,19,1,0
81,0,20,-2,0
82,0,20,-1,0
83,0,20,0,0
84,0,20,1,0
85,0,21,-2,0
86,0,21,-1,0
87,0,21,0,0
88,0,21,1,0
89,0,22,-2,0
90,0,22,-1,0
91,0,22,0,0
92,0,22,1,0
93,0,23,-2,0
94,0,23,-1,0
95,0,23,0,0
96,0,23,1,0
97,0,24,-2,0
98,0,24,-1,0
99,0,24,0,0
100,0,24,1,0
101,0,25,-2,0
102,0,25,-1,0
103,0,25,0,0
104,0,25,1,0
105,0,26,-2,0
106,0,26,-1,0
107,0,26,0,0
108,0,26,1,0
109,0,27,-2,0
110,0,27,-1,0
111,0,27,0,0
112,0,27,1,0
113,0,28,-2,0
114,0,28,-1,0
115,0,28,0,0
116,0,28,1,0
117,0,29,-2,0
118,0,29,-1,0
119,0,29,0,0
120,0,29,1,0
121,0,30,-2,0
122,0,30,-1,0
123,0,30,0,0
124,0,30,1,0
125,0,31,-2,0
126,0,31,-1,0
127,0,31,0,0
128,0,31,1,0
129,0,32,-2,0
130,0,32,-1,0
131,0,32,0,0
132,0,32,1,0
133,0,33,-2,0
134,0,33,-1,0
135,0,33,0,0
136,0,33,1,0
137,0,34,-2,0
138,0,34,-1,0
139,0,34,0,0
140,0,34,1,0
141,0,35,-2,0
142,0,35,-1,0
143,0,35,0,0
144,0,35,1,0
145,0,36,-2,0
146,0,36,-1,0
147,0,36,0,0
148,0,36,1,0
149,0,37,-2,0
150,0,37,-1,0
151,0,37,0,0
152,0,37,1,0
153,0,38,-2,0
154,0,38,-1,0
155,0,38,0,0
156,0,38,1,0
157,0,39,-2,0
158,0,39,-1,0
159,0,39,0,0
160,0,39,1,0
161,0,40,-2,0
162,0,40,-1,0
163,0,40,0,0
164,0,40,1,0
165,0,41,-2,0
166,0,41,-1,0
167,0,41,0,0
168,0,41,1,0
169,0,42,-2,0
170,0,42,-1,0
171,0,42,0,0
172,0,42,1,0
173,0,43,-2,0
174,0,43,-1,0
175,0,43,0,0
176,0,43,1,0
177,0,44,-2,0
178,0,44,-1,0
179,0,44,0,0
180,0,44,1,0
181,0,45,-2,0
182,0,45,-1,0
183,0,45,0,0
184,0,45,1,0
185,0,46,-2,0
186,0,46,-1,0
187,0,46,0,0
188,0,46,1,0
189,0,47,-2,0
190,0,47,-1,0
191,0,47,0,0
192,0,47,1,0
193,0,48,-2,0
194,0,48,-1,0
195,0,48,0,0
196,0,48,1,0
197,0,49,-2,0
198,0,49,-1,0
199,0,49,0,0
200,0,49,1,0
201,0,50,-2,0
202,0,50,-1,0
203,0,50,0,0
204,0,50,1,0
205,0,51,-2,0
206,0,51,-1,0
207,0,51,0,0
208,0,51,1,0
209,0,52,-2,0
210,0,52,-1,0
211,0,52,0,0
212,0,52,1,0
213,0,53,-2,0
214,0,53,-1,0
215,0,53,0,0
216,0,53,1,0
217,0,54,-2,0
218,0,54,-1,0
219,0,54,0,0
220,0,54,1,0
221,0,55,-2,0
222,0,55,-1,0
223,0,55,0,0
224,0,55,1,0
225,0,56,-2,0
226,0,56,-1,0
227,0,56,0,0
228,0,56,1,0
229,0,57,-2,0
230,0,57,-1,0
231,0,57,0,0
232,0,57,1,0
233,0,58,-2,0
234,0,58,-1,0
235,0,58,0,0
236,0,58,1,0
237,0,59,-2,0
238,0,59,-1,0
239,0,59,0,0
240,0,59,1,0
241,0,60,-2,0
242,0,60,-1,0
243,0,60,0,0
244,0,60,1,0
245,0,61,-2,0
246,0,61,-1,0
247,0,61,0,0
248,0,61,1,0
249,0,62,-2,0
250,0,62,-1,0
251,0,62,0,0
252,0,62,1,0
253,0,63,-2,0
254,0,63,-1,0
255,0,63,0,0
256,0,63,1,0
257,0,64,-2,0
258,0,64,-1,0
259,0,64,0,0
260,0,64,1,0
261,0,65,-2,0
262,0,65,-1,0
263,0,65,0,0
264,0,65,1,0
265,0,66,-2,0
266,0,66,-1,0
267,0,66,0,0
268,0,66,1,0
269,0,67,-2,0
270,0,67,-1,0
271,0,67,0,0
272,0,67,1,0
273,0,68,-2,0
274,0,68,-1,0
275,0,68,0,0
276,0,68,1,0
277,0,69,-2,0
278,0,69,-1,0
279,0,69,0,0
280,0,69,1,0
281,0,70,-2,0
282,0,70,-1,0
283,0,70,0,0
284,0,70,1,0
285,0,71,-2,0
286,0,71,-1,0
287,0,71,0,0
288,0,71,1,0
289,0,72,-2,0
290,0,72,-1,0
291,0,72,0,0
292,0,72,1,0
293,0,73,-2,0
294,0,73,-1,0
295,0,73,0,0
296,0,73,1,0
297,0,74,-2,0
298,0,74,-1,0
299,0,74,0,0
300,0,74,1,0
301,0,75,-2,0
302,0,75,-1,0
303,0,75,0,0
304,0,75,1,0
305,0,76,-2,0
306,0,76,-1,0
307,0,76,0,0
308,0,76,1,0
309,0,77,-2,0
310,0,77,-1,0
311,0,77,0,0
312,0,77,1,0
313,0,78,-2,0
314,0,78,-1,0
315,0,78,0,0
316,0,78,1,0
317,0,79,-2,0
318,0,79,-1,0
319,0,79,0,0
320,0,79,1,0
321,0,80,-2,0
322,0,80,-1,0
323,0,80,0,0
324,0,80,1,0
325,0,81,-2,0
326,0,81,-1,0
327,0,81,0,0
328,0,81,1,0
329,0,82,-2,0
330,0,82,-1,0
331,0,82,0,0
332,0,82,1,0
333,0,83,-2,0
334,0,83,-1,0
335,0,83,0,0
336,0,83,1,0
337,0,84,-2,0
338,0,84,-1,0
339,0,84,0,0
340,0,84,1,0
341,0,85,-2,0
342,0,85,-1,0
343,0,85,0,0
344,0,85,1,0
345,0,86,-2,0
346,0,86,-1,0
347,0,86,0,0
348,0,86,1,0
349,0,87,-2,0
350,0,87,-1,0
351,0,87,0,0
352,0,87,1,0
353,0,88,-2,0
354,0,88,-1,0
355,0,88,0,0
356,0,88,1,0
357,0,89,-2,0
358,0,89,-1,0
359,0,89,0,0
360,0,89,1,0
361,0,90,-2,0
362,0,90,-1,0
363,0,90,0,0
364,0,90,1,0
365,0,91,-2,0
366,0,91,-1,0
367,0,91,0,0
368,0,91,1,0
369,0,92,-2,0
370,0,92,-1,0
371,0,92,0,0
372,0,92,1,0
373,0,93,-2,0
374,0,93,-1,0
375,0,93,0,0
376,0,93,1,0
377,0,94,-2,0
378,0,94,-1,0
379,0,94,0,0
380,0,94,1,0
381,0,95,-2,0
382,0,95,-1,0
383,0,95,0,0
384,0,95,1,0
385,0,96,-2,0
386,0,96,-1,0
387,0,96,0,0
388,0,96,1,0
389,0,97,-2,0
390,0,97,-1,0
391,0,97,0,0
392,0,97,1,0
393,0,98,-2,0
394,0,98,-1,0
395,0,98,0,0
396,0,98,1,0
397,0,99,-2,0
398,0,99,-1,0
399,0,99,0,0
400,0,99,1,0
401,0,100,-2,0
402,0,100,-1,0
403,0,100,0,0
404,0,100,1,0
405,0,101,-2,0
406,0,101,-1,0
407,0,101,0,0
408,0,101,1,0
409,0,102,-2,0
410,0,102,-1,0
411,0,102,0,0
412,0,102,1,0
413,0,103,-2,0
414,0,103,-1,0
415,0,103,0,0
416,0,103,1,0
417,0,104,-2,0
418,0,104,-1,0
419,0,104,0,0
420,0,104,1,0
421,0,105,-2,0
422,0,105,-1,0
423,0,105,0,0
424,0,105,1,0
425,0,106,-2,0
426,0,106,-1,0
427,0,106,0,0
428,0,106,1,0
429,0,107,-2,0
430,0,107,-1,0
431,0,107,0,0
432,0,107,1,0
433,0,108,-2,0
434,0,108,-1,0
435,0,108,0,0
436,0,108,1,0
437,0,109,-2,0
438,0,109,-1,0
439,0,109,0,0
440,0,109,1,0
441,0,110,-2,0
442,0,110,-1,0
443,0,110,0,0
444,0,110,1,0
445,0,111,-2,0
446,0,111,-1,0
447,0,111,0,0
448,0,111,1,0
449,0,112,-2,0
450,0,112,-1,0
451,0,112,0,0
452,0,112,1,0
453,0,113,-2,0
454,0,113,-1,0
455,0,113,0,0
456,0,113,1,0
457,0,114,-2,0
458,0,114,-1,0
459,0,114,0,0
460,0,114,1,0
461,0,115,-2,0
462,0,115,-1,0
463,0,115,0,0
464,0,115,1,0
465,0,116,-2,0
466,0,116,-1,0
467,0,116,0,0
468,0,116,1,0
469,0,117,-2,0
470,0,117,-1,0
471,0,117,0,0
472,0,117,1,0
473,0,118,-2,0
474,0,118,-1,0
475,0,118,0,0
476,0,118,1,0
477,0,119,-2,0
478,0,119,-1,0
479,0,119,0,0
480,0,119,1,0
481,0,120,-2,0
482,0,120,-1,0
483,0,120,0,0
484,0,120,1,0
485,0,121,-2,0
486,0,121,-1,0
487,0,121,0,0
488,0,121,1,0
489,0,122,-2,0
490,0,122,-1,0
491,0,122,0,0
492,0,122,1,0
493,0,123,-2,0
494,0,123,-1,0
495,0,123,0,0
496,0,123,1,0
497,0,124,-2,0
498,0,124,-1,0
499,0,124,0,0
500,0,124,1,0
501,0,125,-2,0
502,0,125,-1,0
503,0,125,0,0
504,0,125,1,0
505,0,126,-2,0
506,0,126,-1,0
507,0,126,0,0
508,0,126,1,0
509,0,127,-2,0
510,0,127,-1,0
511,0,127,0,0
512,0,127,1,0
513,0,128,-2,0
514,0,128,-1,0
515,0,128,0,0
516,0,128,1,0
517,0,129,-2,0
518,0,129,-1,0
519,0,129,0,0
520,0,129,1,0
521,0,130,-2,0
522,0,130,-1,0
523,0,130,0,0
524,0,130,1,0
525,0,131,-2,0
526,0,131,-1,0
527,0,131,0,0
528,0,131,1,0
529,0,132,-2,0
530,0,132,-1,0
531,0,132,0,0
532,0,132,1,0
533,0,133,-2,0
534,0,133,-1,0
535,0,133,0,0
536,0,133,1,0
537,0,134,-2,0
538,0,134,-1,0
539,0,134,0,0
540,0,134,1,0
541,0,135,-2,0
542,0,135,-1,0
543,0,135,0,0
544,0,135,1,0
545,0,136,-2,0
546,0,136,-1,0
547,0,136,0,0
548,0,136,1,0
549,0,137,-2,0
550,0,137,-1,0
551,0,137,0,0
552,0,137,1,0
553,0,138,-2,0
554,0,138,-1,0
555,0,138,0,0
556,0,138,1,0
557,0,139,-2,0
558,0,139,-1,0
559,0,139,0,0
560,0,139,1,0
561,0,140,-2,0
562,0,140,-1,0
563,0,140,0,0
564,0,140,1,0
565,0,141,-2,0
566,0,141,-1,0
567,0,141,0,0
568,0,141,1,0
569,0,142,-2,0
570,0,142,-1,0
571,0,142,0,0
572,0,142,1,0
573,0,143,-2,0
574,0,143,-1,0
575,0,143,0,0
576,0,143,1,0
577,0,144,-2,0
578,0,144,-1,0
579,0,144,0,0
580,0,144,1,0
581,0,145,-2,0
582,0,145,-1,0
583,0,145,0,0
584,0,145,1,0
585,0,146,-2,0
586,0,146,-1,0
587,0,146,0,0
588,0,146,1,0
589,0,147,-2,0
590,0,147,-1,0
591,0,147,0,0
592,0,147,1,0
593,0,148,-2,0
594,0,148,-1,0
595,0,148,0,0
596,0,148,1,0
597,0,149,-2,0
598,0,149,-1,0
599,0,149,0,0
600,0,149,1,0
601,0,150,-2,0
602,0,150,-1,0
603,0,150,0,0
604,0,150,1,0
605,0,151,-2,0
606,0,151,-1,0
607,0,151,0,0
608,0,151,1,0
609,0,152,-2,0
610,0,152,-1,0
611,0,152,0,0
612,0,152,1,0
613,0,153,-2,0
614,0,153,-1,0
615,0,153,0,0
616,0,153,1,0
617,0,154,-2,0
618,0,154,-1,0
619,0,154,0,0
620,0,154,1,0
621,0,155,-2,0
622,0,155,-1,0
623,0,155,0,0
624,0,155,1,0
625,0,156,-2,0
626,0,156,-1,0
627,0,156,0,0
628,0,156,1,0
629,0,157,-2,0
630,0,157,-1,0
631,0,157,0,0
632,0,157,1,0
633,0,158,-2,0
634,0,158,-1,0
635,0,158,0,0
636,0,158,1,0
637,0,159,-2,0
638,0,159,-1,0
639,0,159,0,0
640,0,159,1,0
641,0,160,-2,0
642,0,160,-1,0
643,0,160,0,0
644,0,160,1,0
645,0,161,-2,0
646,0,161,-1,0
647,0,161,0,0
648,0,161,1,0
649,0,162,-2,0
650,0,162,-1,0
651,0,162,0,0
652,0,162,1,0
653,0,163,-2,0
654,0,163,-1,0
655,0,163,0,0
656,0,163,1,0
657,0,164,-2,0
658,0,164,-1,0
659,0,164,0,0
660,0,164,1,0
661,0,165,-2,0
662,0,165,-1,0
663,0,165,0,0
664,0,165,1,0
665,0,166,-2,0
666,0,166,-1,0
667,0,166,0,0
668,0,166,1,0
669,0,167,-2,0
670,0,167,-1,0
671,0,167,0,0
672,0,167,1,0
673,0,168,-2,0
674,0,168,-1,0
675,0,168,0,0
676,0,168,1,0
677,0,169,-2,0
678,0,169,-1,0
679,0,169,0,0
680,0,169,1,0
681,0,170,-2,0
682,0,170,-1,0
683,0,170,0,0
684,0,170,1,0
685,0,171,-2,0
686,0,171,-1,0
687,0,171,0,0
688,0,171,1,0
689,0,172,-2,0
690,0,172,-1,0
691,0,172,0,0
692,0,172,1,0
693,0,173,-2,0
694,0,173,-1,0
695,0,173,0,0
696,0,173,1,0
697,0,174,-2,0
698,0,174,-1,0
699,0,174,0,0
700,0,174,1,0
701,0,175,-2,0
702,0,175,-1,0
703,0,175,0,0
704,0,175,1,0
705,0,176,-2,0
706,0,176,-1,0
707,0,176,0,0
708,0,176,1,0
709,0,177,-2,0
710,0,177,-1,0
711,0,177,0,0
712,0,177,1,0
713,0,178,-2,0
714,0,178,-1,0
715,0,178,0,0
716,0,178,1,0
717,0,179,-2,0
718,0,179,-1,0
719,0,179,0,0
720,0,179,1,0
721,0,180,-2,0
722,0,180,-1,0
723,0,180,0,0
724,0,180,1,0
725,0,181,-2,0
726,0,181,-1,0
727,0,181,0,0
728,0,181,1,0
729,0,182,-2,0
730,0,182,-1,0
731,0,182,0,0
732,0,182,1,0
733,0,183,-2,0
734,0,183,-1,0
735,0,183,0,0
736,0,183,1,0
737,0,184,-2,0
738,0,184,-1,0
739,0,184,0,0
740,0,184,1,0
741,0,185,-2,0
742,0,185,-1,0
743,0,185,0,0
744,0,185,1,0
745,0,186,-2,0
746,0,186,-1,0
747,0,186,0,0
748,0,186,1,0
749,0,187,-2,0
750,0,187,-1,0
751,0,187,0,0
752,0,187,1,0
753,0,188,-2,0
754,0,188,-1,0
755,0,188,0,0
756,0,188,1,0
757,0,189,-2,0
758,0,189,-1,0
759,0,189,0,0
760,0,189,1,0
761,0,190,-2,0
762,0,190,-1,0
763,0,190,0,0
764,0,190,1,0
765,0,191,-2,0
766,0,191,-1,0
767,0,191,0,0
768,0,191,1,0
769,0,192,-2,0
770,0,192,-1,0
771,0,192,0,0
772,0,192,1,0
773,0,193,-2,0
774,0,193,-1,0
775,0,193,0,0
776,0,193,1,0
777,0,194,-2,0
778,0,194,-1,0
779,0,194,0,0
780,0,194,1,0
781,0,195,-2,0
782,0,195,-1,0
783,0,195,0,0
784,0,195,1,0
785,0,196,-2,0
786,0,196,-1,0
787,0,196,0,0
788,0,196,1,0
789,0,197,-2,0
790,0,197,-1,0
791,0,197,0,0
792,0,197,1,0
793,0,198,-2,0
794,0,198,-1,0
795,0,198,0,0
796,0,198,1,0
797,0,199,-2,0
798,0,199,-1,0
799,0,199,0,0
800,0,199,1,0
801,0,200,-2,0
802,0,200,-1,0
803,0,200,0,0
804,0,200,1,0
805,0,201,-2,0
806,0,201,-1,0
807,0,201,0,0
808,0,201,1,0
809,0,202,-2,0
810,0,202,-1,0
811,0,202,0,0
812,0,202,1,0
813,0,203,-2,0
814,0,203,-1,0
815,0,203,0,0
816,0,203,1,0
817,0,204,-2,0
818,0,204,-1,0
819,0,204,0,0
820,0,204,1,0
821,0,205,-2,0
822,0,205,-1,0
823,0,205,0,0
824,0,205,1,0
825,0,206,-2,0
826,0,206,-1,0
827,0,206,0,0
828,0,206,1,0
829,0,207,-2,0
830,0,207,-1,0
831,0,207,0,0
832,0,207,1,0
833,0,208,-2,0
834,0,208,-1,0
835,0,208,0,0
836,0,208,1,0
837,0,209,-2,0
838,0,209,-1,0
839,0,209,0,0
840,0,209,1,0
841,0,210,-2,0
842,0,210,-1,0
843,0,210,0,0
844,0,210,1,0
845,0,211,-2,0
846,0,211,-1,0
847,0,211,0,0
848,0,211,1,0
849,0,212,-2,0
850,0,212,-1,0
851,0,212,0,0
852,0,212,1,0
853,0,213,-2,0
854,0,213,-1,0
855,0,213,0,0
856,0,213,1,0
857,0,214,-2,0
858,0,214,-1,0
859,0,214,0,0
860,0,214,1,0
861,0,215,-2,0
862,0,215,-1,0
863,0,215,0,0
864,0,215,1,0
865,0,216,-2,0
866,0,216,-1,0
867,0,216,0,0
868,0,216,1,0
869,0,217,-2,0
870,0,217,-1,0
871,0,217,0,0
872,0,217,1,0
873,0,218,-2,0
874,0,218,-1,0
875,0,218,0,0
876,0,218,1,0
877,0,219,-2,0
878,0,219,-1,0
879,0,219,0,0
880,0,219,1,0
881,0,220,-2,0
882,0,220,-1,0
883,0,220,0,0
884,0,220,1,0
885,0,221,-2,0
886,0,221,-1,0
887,0,221,0,0
888,0,221,1,0
889,0,222,-2,0
890,0,222,-1,0
891,0,222,0,0
892,0,222,1,0
893,0,223,-2,0
894,0,223,-1,0
895,0,223,0,0
896,0,223,1,0
897,0,224,-2,0
898,0,224,-1,0
899,0,224,0,0
900,0,224,1,0
901,0,225,-2,0
902,0,225,-1,0
903,0,225,0,0
904,0,225,1,0
905,0,226,-2,0
906,0,226,-1,0
907,0,226,0,0
908,0,226,1,0
909,0,227,-2,0
910,0,227,-1,0
911,0,227,0,0
912,0,227,1,0
913,0,228,-2,0
914,0,228,-1,0
915,0,228,0,0
916,0,228,1,0
917,0,229,-2,0
918,0,229,-1,0
919,0,229,0,0
920,0,229,1,0
921,0,230,-2,0
922,0,230,-1,0
923,0,230,0,0
924,0,230,1,0
925,0,231,-2,0
926,0,231,-1,0
927,0,231,0,0
928,0,231,1,0
929,0,232,-2,0
930,0,232,-1,0
931,0,232,0,0
932,0,232,1,0
933,0,233,-2,0
934,0,233,-1,0
935,0,233,0,0
936,0,233,1,0
937,0,234,-2,0
938,0,234,-1,0
939,0,234,0,0
940,0,234,1,0
941,0,235,-2,0
942,0,235,-1,0
943,0,235,0,0
944,0,235,1,0
945,0,236,-2,0
946,0,236,-1,0
947,0,236,0,0
948,0,236,1,0
949,0,237,-2,0
950,0,237,-1,0
951,0,237,0,0
952,1,237,1,0
953,0,238,-2,0
954,0,238,-1,0
955,0,238,0,0
956,1,238,1,0
957,0,239,-2,0
958,0,239,-1,0
959,0,239,0,0
960,1,239,1,0
961,0,240,-2,0
962,0,240,-1,0
963,0,240,0,0
964,1,240,1,0
965,0,241,-2,0
966,0,241,-1,0
967,0,241,0,0
968,1,241,1,0
969,0,242,-2,0
970,0,242,-1,0
971,0,242,0,0
972,1,242,1,0
973,0,243,-2,0
974,0,243,-1,0
975,0,243,0,0
976,1,243,1,0
977,0,244,-2,0
978,0,244,-1,0
979,0,244,0,0
980,1,244,1,0
981,0,245,-2,0
982,0,245,-1,0
983,0,245,0,0
984,1,245,1,0
985,0,246,-2,0
986,0,246,-1,0
987,0,246,0,0
988,1,246,1,0
989,0,247,-2,0
990,0,247,-1,0
991,1,247,0,0
992,0,247,1,0
993,0,248,-2,0
994,0,248,-1,0
995,1,248,0,0
996,0,248,1,0
997,0,249,-2,0
998,0,249,-1,0
999,1,249,0,0
1000,0,249,1,0
1001,0,250,-2,0
1002,0,250,-1,0
1003,1,250,0,0
1004,0,250,1,0
1005,0,251,-2,0
1006,0,251,-1,0
1007,1,251,0,0
1008,0,251,1,0
1009,0,252,-2,0
1010,0,252,-1,0
1011,1,252,0,0
1012,0,252,1,0
1013,0,253,-2,0
1014,0,253,-1,0
1015,1,253,0,0
1016,0,253,1,0
1017,0,254,-2,0
1018,0,254,-1,0
1019,1,254,0,0
1020,0,254,1,0
1021,0,255,-2,0
1022,0,255,-1,0
1023,1,255,0,0
1024,0,255,1,0
1025,0,256,-2,0
1026,0,256,-1,0
1027,1,256,0,0
1028,0,256,1,0
1029,0,257,-2,0
1030,0,257,-1,0
1031,1,257,0,0
1032,0,257,1,0
1033,0,258,-2,0
1034,0,258,-1,0
1035,1,258,0,0
1036,0,258,1,0
1037,0,259,-2,0
1038,0,259,-1,0
1039,1,259,0,0
1040,0,259,1,0
1041,0,260,-2,0
1042,0,260,-1,0
1043,1,260,0,0
1044,0,260,1,0
1045,0,261,-2,0
1046,0,261,-1,0
1047,1,261,0,0
1048,0,261,1,0
1049,0,262,-2,0
1050,0,262,-1,0
1051,1,262,0,0
1052,1,262,1,0
1053,0,263,-2,0
1054,0,263,-1,0
1055,1,263,0,0
1056,1,263,1,0
1057,0,264,-2,0
1058,0,264,-1,0
1059,1,264,0,0
1060,1,264,1,0
1061,0,265,-2,0
1062,0,265,-1,0
1063,1,265,0,0
1064,1,265,1,0
1065,0,266,-2,0
1066,1,266,-1,0
1067,0,266,0,0
1068,0,266,1,0
1069,0,267,-2,0
1070,1,267,-1,0
1071,0,267,0,0
1072,0,267,1,0
1073,0,268,-2,0
1074,1,268,-1,0
1075,0,268,0,0
1076,0,268,1,0
1077,0,269,-2,0
1078,1,269,-1,0
1079,0,269,0,0
1080,0,269,1,0
1081,0,270,-2,0
1082,1,270,-1,0
1083,0,270,0,0
1084,0,270,1,0
1085,0,271,-2,0
1086,1,271,-1,0
1087,0,271,0,0
1088,0,271,1,0
1089,0,272,-2,0
1090,1,272,-1,0
1091,0,272,0,0
1092,0,272,1,0
1093,0,273,-2,0
1094,1,273,-1,0
1095,0,273,0,0
1096,0,273,1,0
1097,0,274,-2,0
1098,1,274,-1,0
1099,0,274,0,0
1100,0,274,1,0
1101,0,275,-2,0
1102,1,275,-1,0
1103,0,275,0,0
1104,0,275,1,0
1105,0,276,-2,0
1106,1,276,-1,0
1107,0,276,0,0
1108,0,276,1,0
1109,0,277,-2,0
1110,1,277,-1,0
1111,0,277,0,0
1112,0,277,1,0
1113,0,278,-2,0
1114,1,278,-1,0
1115,0,278,0,0
1116,0,278,1,0
1117,0,279,-2,0
1118,1,279,-1,0
1119,0,279,0,0
1120,0,279,1,0
1121,0,280,-2,0
1122,1,280,-1,0
1123,0,280,0,0
1124,0,280,1,0
1125,0,281,-2,0
1126,1,281,-1,0
1127,0,281,0,0
1128,0,281,1,0
1129,0,282,-2,0
1130,1,282,-1,0
1131,0,282,0,0
1132,1,282,1,0
1133,0,283,-2,0
1134,1,283,-1,0
1135,0,283,0,0
1136,1,283,1,0
1137,0,284,-2,0
1138,1,284,-1,0
1139,1,284,0,0
1140,0,284,1,0
1141,0,285,-2,0
1142,1,285,-1,0
1143,1,285,0,0
1144,0,285,1,0
1145,0,286,-2,0
1146,1,286,-1,0
1147,1,286,0,0
1148,0,286,1,0
1149,0,287,-2,0
1150,1,287,-1,0
1151,1,287,0,0
1152,0,287,1,0
1153,0,288,-2,0
1154,1,288,-1,0
1155,1,288,0,0
1156,0,288,1,0
1157,0,289,-2,0
1158,1,289,-1,0
1159,1,289,0,0
1160,0,289,1,0
1161,0,290,-2,0
1162,1,290,-1,0
1163,1,290,0,0
1164,0,290,1,0
1165,0,291,-2,0
1166,1,291,-1,0
1167,1,291,0,0
1168,1,291,1,0
1169,0,292,-2,0
1170,1,292,-1,0
1171,1,292,0,0
1172,1,292,1,0
1173,0,293,-2,0
1174,1,293,-1,0
1175,1,293,0,0
1176,1,293,1,0
1177,1,294,-2,0
1178,0,294,-1,0
1179,0,294,0,0
1180,0,294,1,0
1181,1,295,-2,0
1182,0,295,-1,0
1183,0,295,0,0
1184,0,295,1,0
1185,1,296,-2,0
1186,0,296,-1,0
1187,0,296,0,0
1188,0,296,1,0
1189,1,297,-2,0
1190,0,297,-1,0
1191,0,297,0,0
1192,0,297,1,0
1193,1,298,-2,0
1194,0,298,-1,0
1195,0,298,0,0
1196,0,298,1,0
1197,1,299,-2,0
1198,0,299,-1,0
1199,0,299,0,0
1200,0,299,1,0
1201,1,300,-2,0
1202,0,300,-1,0
1203,0,300,0,0
1204,0,300,1,0
1205,1,301,-2,0
1206,0,301,-1,0
1207,0,301,0,0
1208,0,301,1,0
1209,1,302,-2,0
1210,0,302,-1,0
1211,0,302,0,0
1212,0,302,1,0
1213,1,303,-2,0
1214,0,303,-1,0
1215,0,303,0,0
1216,0,303,1,0
1217,1,304,-2,0
1218,0,304,-1,0
1219,0,304,0,0
1220,0,304,1,0
1221,1,305,-2,0
1222,0,305,-1,0
1223,0,305,0,0
1224,0,305,1,0
1225,1,306,-2,0
1226,0,306,-1,0
1227,0,306,0,0
1228,0,306,1,0
1229,1,307,-2,0
1230,0,307,-1,0
1231,0,307,0,0
1232,0,307,1,0
1233,1,308,-2,0
1234,0,308,-1,0
1235,0,308,0,0
1236,0,308,1,0
1237,1,309,-2,0
1238,0,309,-1,0
1239,0,309,0,0
1240,0,309,1,0
1241,1,310,-2,0
1242,0,310,-1,0
1243,0,310,0,0
1244,0,310,1,0
1245,1,311,-2,0
1246,0,311,-1,0
1247,0,311,0,0
1248,0,311,1,0
1249,1,312,-2,0
1250,0,312,-1,0
1251,0,312,0,0
1252,0,312,1,0
1253,1,313,-2,0
1254,0,313,-1,0
1255,0,313,0,0
1256,0,313,1,0
1257,1,314,-2,0
1258,0,314,-1,0
1259,0,314,0,0
1260,0,314,1,0
1261,1,315,-2,0
1262,0,315,-1,0
1263,0,315,0,0
1264,0,315,1,0
1265,1,316,-2,0
1266,0,316,-1,0
1267,0,316,0,0
1268,0,316,1,0
1269,1,317,-2,0
1270,0,317,-1,0
1271,0,317,0,0
1272,0,317,1,0
1273,1,318,-2,0
1274,0,318,-1,0
1275,0,318,0,0
1276,1,318,1,0
1277,1,319,-2,0
1278,0,319,-1,0
1279,0,319,0,0
1280,1,319,1,0
1281,1,320,-2,0
1282,0,320,-1,0
1283,0,320,0,0
1284,1,320,1,0
1285,1,321,-2,0
1286,0,321,-1,0
1287,1,321,0,0
1288,0,321,1,0
1289,1,322,-2,0
1290,0,322,-1,0
1291,1,322,0,0
1292,0,322,1,0
1293,1,323,-2,0
1294,0,323,-1,0
1295,1,323,0,0
1296,0,323,1,0
1297,1,324,-2,0
1298,0,324,-1,0
1299,1,324,0,0
1300,1,324,1,0
1301,1,325,-2,0
1302,0,325,-1,0
1303,1,325,0,0
1304,1,325,1,0
1305,1,326,-2,0
1306,1,326,-1,0
1307,0,326,0,0
1308,0,326,1,0
1309,1,327,-2,0
1310,1,327,-1,0
1311,0,327,0,0
1312,0,327,1,0
1313,1,328,-2,0
1314,1,328,-1,0
1315,0,328,0,0
1316,0,328,1,0
1317,1,329,-2,0
1318,1,329,-1,0
1319,0,329,0,0
1320,0,329,1,0
1321,1,330,-2,0
1322,1,330,-1,0
1323,0,330,0,0
1324,0,330,1,0
1325,1,331,-2,0
1326,1,331,-1,0
1327,0,331,0,0
1328,0,331,1,0
1329,1,332,-2,0
1330,1,332,-1,0
1331,0,332,0,0
1332,1,332,1,0
1333,1,333,-2,0
1334,1,333,-1,0
1335,0,333,0,0
1336,1,333,1,0
1337,1,334,-2,0
1338,1,334,-1,0
1339,1,334,0,0
1340,0,334,1,0
1341,1,335,-2,0
1342,1,335,-1,0
1343,1,335,0,0
1344,0,335,1,0
1345,1,336,-2,0
1346,1,336,-1,0
1347,1,336,0,0
1348,0,336,1,0
1349,1,337,-2,0
1350,1,337,-1,0
1351,1,337,0,0
1352,0,337,1,0
1353,1,338,-2,0
1354,1,338,-1,0
1355,1,338,0,0
1356,0,338,1,0
1357,1,339,-2,0
1358,1,339,-1,0
1359,1,339,0,0
1360,1,339,1,0
1361,1,340,-2,0
1362,1,340,-1,0
1363,1,340,0,0
1364,1,340,1,0
1365,1,341,-2,0
1366,1,341,-1,0
1367,1,341,0,0
1368,1,341,1,0
1369,1,342,-2,0
1370,1,342,-1,0
1371,1,342,0,0
1372,1,342,1,0
1373,1,343,-2,0
1374,1,343,-1,0
1375,1,343,0,0
1376,1,343,1,0
1377,1,344,-2,0
1378,1,344,-1,0
1379,1,344,0,0
1380,1,344,1,0
1381,1,345,-2,0
1382,1,345,-1,0
1383,1,345,0,0
1384,1,345,1,0
1385,1,346,-2,0
1386,1,346,-1,0
1387,1,346,0,0
1388,1,346,1,0
1389,1,347,-2,0
1390,1,347,-1,0
1391,1,347,0,0
1392,1,347,1,0
1393,1,348,-2,0
1394,1,348,-1,0
1395,1,348,0,0
1396,1,348,1,0
1397,1,349,-2,0
1398,1,349,-1,0
1399,1,349,0,0
1400,1,349,1,0
1401,0,350,-2,1
1402,0,350,-1,1
1403,0,350,0,1
1404,0,350,1,1
1405,0,351,-2,1
1406,0,351,-1,1
1407,0,351,0,1
1408,0,351,1,1
1409,0,352,-2,1
1410,0,352,-1,1
1411,0,352,0,1
1412,0,352,1,1
1413,0,353,-2,1
1414,0,353,-1,1
1415,0,353,0,1
1416,0,353,1,1
1417,0,354,-2,1
1418,0,354,-1,1
1419,0,354,0,1
1420,0,354,1,1
1421,0,355,-2,1
1422,0,355,-1,1
1423,0,355,0,1
1424,0,355,1,1
1425,0,356,-2,1
1426,0,356,-1,1
1427,0,356,0,1
1428,0,356,1,1
1429,0,357,-2,1
1430,0,357,-1,1
1431,0,357,0,1
1432,0,357,1,1
1433,0,358,-2,1
1434,0,358,-1,1
1435,0,358,0,1
1436,0,358,1,1
1437,0,359,-2,1
1438,0,359,-1,1
1439,0,359,0,1
1440,0,359,1,1
1441,0,360,-2,1
1442,0,360,-1,1
1443,0,360,0,1
1444,0,360,1,1
1445,0,361,-2,1
1446,0,361,-1,1
1447,0,361,0,1
1448,0,361,1,1
1449,0,362,-2,1
1450,0,362,-1,1
1451,0,362,0,1
1452,0,362,1,1
1453,0,363,-2,1
1454,0,363,-1,1
1455,0,363,0,1
1456,0,363,1,1
1457,0,364,-2,1
1458,0,364,-1,1
1459,0,364,0,1
1460,0,364,1,1
1461,0,365,-2,1
1462,0,365,-1,1
1463,0,365,0,1
1464,0,365,1,1
1465,0,366,-2,1
1466,0,366,-1,1
1467,0,366,0,1
1468,0,366,1,1
1469,0,367,-2,1
1470,0,367,-1,1
1471,0,367,0,1
1472,0,367,1,1
1473,0,368,-2,1
1474,0,368,-1,1
1475,0,368,0,1
1476,0,368,1,1
1477,0,369,-2,1
1478,0,369,-1,1
1479,0,369,0,1
1480,0,369,1,1
1481,0,370,-2,1
1482,0,370,-1,1
1483,0,370,0,1
1484,0,370,1,1
1485,0,371,-2,1
1486,0,371,-1,1
1487,0,371,0,1
1488,0,371,1,1
1489,0,372,-2,1
1490,0,372,-1,1
1491,0,372,0,1
1492,0,372,1,1
1493,0,373,-2,1
1494,0,373,-1,1
1495,0,373,0,1
1496,0,373,1,1
1497,0,374,-2,1
1498,0,374,-1,1
1499,0,374,0,1
1500,0,374,1,1
1501,0,375,-2,1
1502,0,375,-1,1
1503,0,375,0,1
1504,0,375,1,1
1505,0,376,-2,1
1506,0,376,-1,1
1507,0,376,0,1
1508,0,376,1,1
1509,0,377,-2,1
1510,0,377,-1,1
1511,0,377,0,1
1512,0,377,1,1
1513,0,378,-2,1
1514,0,378,-1,1
1515,0,378,0,1
1516,0,378,1,1
1517,0,379,-2,1
1518,0,379,-1,1
1519,0,379,0,1
1520,0,379,1,1
1521,0,380,-2,1
1522,0,380,-1,1
1523,0,380,0,1
1524,0,380,1,1
1525,0,381,-2,1
1526,0,381,-1,1
1527,0,381,0,1
1528,0,381,1,1
1529,0,382,-2,1
1530,0,382,-1,1
1531,0,382,0,1
1532,0,382,1,1
1533,0,383,-2,1
1534,0,383,-1,1
1535,0,383,0,1
1536,0,383,1,1
1537,0,384,-2,1
1538,0,384,-1,1
1539,0,384,0,1
1540,0,384,1,1
1541,0,385,-2,1
1542,0,385,-1,1
1543,0,385,0,1
1544,0,385,1,1
1545,0,386,-2,1
1546,0,386,-1,1
1547,0,386,0,1
1548,0,386,1,1
1549,0,387,-2,1
1550,0,387,-1,1
1551,0,387,0,1
1552,0,387,1,1
1553,0,388,-2,1
1554,0,388,-1,1
1555,0,388,0,1
1556,0,388,1,1
1557,0,389,-2,1
1558,0,389,-1,1
1559,0,389,0,1
1560,0,389,1,1
1561,0,390,-2,1
1562,0,390,-1,1
1563,0,390,0,1
1564,0,390,1,1
1565,0,391,-2,1
1566,0,391,-1,1
1567,0,391,0,1
1568,0,391,1,1
1569,0,392,-2,1
1570,0,392,-1,1
1571,0,392,0,1
1572,0,392,1,1
1573,0,393,-2,1
1574,0,393,-1,1
1575,0,393,0,1
1576,0,393,1,1
1577,0,394,-2,1
1578,0,394,-1,1
1579,0,394,0,1
1580,0,394,1,1
1581,0,395,-2,1
1582,0,395,-1,1
1583,0,395,0,1
1584,0,395,1,1
1585,0,396,-2,1
1586,0,396,-1,1
1587,0,396,0,1
1588,0,396,1,1
1589,0,397,-2,1
1590,0,397,-1,1
1591,0,397,0,1
1592,0,397,1,1
1593,0,398,-2,1
1594,0,398,-1,1
1595,0,398,0,1
1596,0,398,1,1
1597,0,399,-2,1
1598,0,399,-1,1
1599,0,399,0,1
1600,0,399,1,1
1601,0,400,-2,1
1602,0,400,-1,1
1603,0,400,0,1
1604,0,400,1,1
1605,0,401,-2,1
1606,0,401,-1,1
1607,0,401,0,1
1608,0,401,1,1
1609,0,402,-2,1
1610,0,402,-1,1
1611,0,402,0,1
1612,0,402,1,1
1613,0,403,-2,1
1614,0,403,-1,1
1615,0,403,0,1
1616,0,403,1,1
1617,0,404,-2,1
1618,0,404,-1,1
1619,0,404,0,1
1620,0,404,1,1
1621,0,405,-2,1
1622,0,405,-1,1
1623,0,405,0,1
1624,0,405,1,1
1625,0,406,-2,1
1626,0,406,-1,1
1627,0,406,0,1
1628,0,406,1,1
1629,0,407,-2,1
1630,0,407,-1,1
1631,0,407,0,1
1632,0,407,1,1
1633,0,408,-2,1
1634,0,408,-1,1
1635,0,408,0,1
1636,0,408,1,1
1637,0,409,-2,1
1638,0,409,-1,1
1639,0,409,0,1
1640,0,409,1,1
1641,0,410,-2,1
1642,0,410,-1,1
1643,0,410,0,1
1644,0,410,1,1
1645,0,411,-2,1
1646,0,411,-1,1
1647,0,411,0,1
1648,0,411,1,1
1649,0,412,-2,1
1650,0,412,-1,1
1651,0,412,0,1
1652,0,412,1,1
1653,0,413,-2,1
1654,0,413,-1,1
1655,0,413,0,1
1656,0,413,1,1
1657,0,414,-2,1
1658,0,414,-1,1
1659,0,414,0,1
1660,0,414,1,1
1661,0,415,-2,1
1662,0,415,-1,1
1663,0,415,0,1
1664,0,415,1,1
1665,0,416,-2,1
1666,0,416,-1,1
1667,0,416,0,1
1668,0,416,1,1
1669,0,417,-2,1
1670,0,417,-1,1
1671,0,417,0,1
1672,0,417,1,1
1673,0,418,-2,1
1674,0,418,-1,1
1675,0,418,0,1
1676,0,418,1,1
1677,0,419,-2,1
1678,0,419,-1,1
1679,0,419,0,1
1680,0,419,1,1
1681,0,420,-2,1
1682,0,420,-1,1
1683,0,420,0,1
1684,0,420,1,1
1685,0,421,-2,1
1686,0,421,-1,1
1687,0,421,0,1
1688,0,421,1,1
1689,0,422,-2,1
1690,0,422,-1,1
1691,0,422,0,1
1692,0,422,1,1
1693,0,423,-2,1
1694,0,423,-1,1
1695,0,423,0,1
1696,0,423,1,1
1697,0,424,-2,1
1698,0,424,-1,1
1699,0,424,0,1
1700,0,424,1,1
1701,0,425,-2,1
1702,0,425,-1,1
1703,0,425,0,1
1704,0,425,1,1
1705,0,426,-2,1
1706,0,426,-1,1
1707,0,426,0,1
1708,0,426,1,1
1709,0,427,-2,1
1710,0,427,-1,1
1711,0,427,0,1
1712,0,427,1,1
1713,0,428,-2,1
1714,0,428,-1,1
1715,0,428,0,1
1716,0,428,1,1
1717,0,429,-2,1
1718,0,429,-1,1
1719,0,429,0,1
1720,0,429,1,1
1721,0,430,-2,1
1722,0,430,-1,1
1723,0,430,0,1
1724,0,430,1,1
1725,0,431,-2,1
1726,0,431,-1,1
1727,0,431,0,1
1728,0,431,1,1
1729,0,432,-2,1
1730,0,432,-1,1
1731,0,432,0,1
1732,0,432,1,1
1733,0,433,-2,1
1734,0,433,-1,1
1735,0,433,0,1
1736,0,433,1,1
1737,0,434,-2,1
1738,0,434,-1,1
1739,0,434,0,1
1740,0,434,1,1
1741,0,435,-2,1
1742,0,435,-1,1
1743,0,435,0,1
1744,0,435,1,1
1745,0,436,-2,1
1746,0,436,-1,1
1747,0,436,0,1
1748,0,436,1,1
1749,0,437,-2,1
1750,0,437,-1,1
1751,0,437,0,1
1752,0,437,1,1
1753,0,438,-2,1
1754,0,438,-1,1
1755,0,438,0,1
1756,0,438,1,1
1757,0,439,-2,1
1758,0,439,-1,1
1759,0,439,0,1
1760,0,439,1,1
1761,0,440,-2,1
1762,0,440,-1,1
1763,0,440,0,1
1764,0,440,1,1
1765,0,441,-2,1
1766,0,441,-1,1
1767,0,441,0,1
1768,0,441,1,1
1769,0,442,-2,1
1770,0,442,-1,1
1771,0,442,0,1
1772,0,442,1,1
1773,0,443,-2,1
1774,0,443,-1,1
1775,0,443,0,1
1776,0,443,1,1
1777,0,444,-2,1
1778,0,444,-1,1
1779,0,444,0,1
1780,0,444,1,1
1781,0,445,-2,1
1782,0,445,-1,1
1783,0,445,0,1
1784,0,445,1,1
1785,0,446,-2,1
1786,0,446,-1,1
1787,0,446,0,1
1788,0,446,1,1
1789,0,447,-2,1
1790,0,447,-1,1
1791,0,447,0,1
1792,0,447,1,1
1793,0,448,-2,1
1794,0,448,-1,1
1795,0,448,0,1
1796,0,448,1,1
1797,0,449,-2,1
1798,0,449,-1,1
1799,0,449,0,1
1800,0,449,1,1
1801,0,450,-2,1
1802,0,450,-1,1
1803,0,450,0,1
1804,0,450,1,1
1805,0,451,-2,1
1806,0,451,-1,1
1807,0,451,0,1
1808,0,451,1,1
1809,0,452,-2,1
1810,0,452,-1,1
1811,0,452,0,1
1812,0,452,1,1
1813,0,453,-2,1
1814,0,453,-1,1
1815,0,453,0,1
1816,0,453,1,1
1817,0,454,-2,1
1818,0,454,-1,1
1819,0,454,0,1
1820,0,454,1,1
1821,0,455,-2,1
1822,0,455,-1,1
1823,0,455,0,1
1824,0,455,1,1
1825,0,456,-2,1
1826,0,456,-1,1
1827,0,456,0,1
1828,0,456,1,1
1829,0,457,-2,1
1830,0,457,-1,1
1831,0,457,0,1
1832,0,457,1,1
1833,0,458,-2,1
1834,0,458,-1,1
1835,0,458,0,1
1836,0,458,1,1
1837,0,459,-2,1
1838,0,459,-1,1
1839,0,459,0,1
1840,0,459,1,1
1841,0,460,-2,1
1842,0,460,-1,1
1843,0,460,0,1
1844,0,460,1,1
1845,0,461,-2,1
1846,0,461,-1,1
1847,0,461,0,1
1848,0,461,1,1
1849,0,462,-2,1
1850,0,462,-1,1
1851,0,462,0,1
1852,0,462,1,1
1853,0,463,-2,1
1854,0,463,-1,1
1855,0,463,0,1
1856,0,463,1,1
1857,0,464,-2,1
1858,0,464,-1,1
1859,0,464,0,1
1860,0,464,1,1
1861,0,465,-2,1
1862,0,465,-1,1
1863,0,465,0,1
1864,0,465,1,1
1865,0,466,-2,1
1866,0,466,-1,1
1867,0,466,0,1
1868,0,466,1,1
1869,0,467,-2,1
1870,0,467,-1,1
1871,0,467,0,1
1872,0,467,1,1
1873,0,468,-2,1
1874,0,468,-1,1
1875,0,468,0,1
1876,1,468,1,1
1877,0,469,-2,1
1878,0,469,-1,1
1879,0,469,0,1
1880,1,469,1,1
1881,0,470,-2,1
1882,0,470,-1,1
1883,0,470,0,1
1884,1,470,1,1
1885,0,471,-2,1
1886,0,471,-1,1
1887,0,471,0,1
1888,1,471,1,1
1889,0,472,-2,1
1890,0,472,-1,1
1891,0,472,0,1
1892,1,472,1,1
1893,0,473,-2,1
1894,0,473,-1,1
1895,0,473,0,1
1896,1,473,1,1
1897,0,474,-2,1
1898,0,474,-1,1
1899,1,474,0,1
1900,0,474,1,1
1901,0,475,-2,1
1902,0,475,-1,1
1903,1,475,0,1
1904,0,475,1,1
1905,0,476,-2,1
1906,0,476,-1,1
1907,1,476,0,1
1908,0,476,1,1
1909,0,477,-2,1
1910,0,477,-1,1
1911,1,477,0,1
1912,0,477,1,1
1913,0,478,-2,1
1914,0,478,-1,1
1915,1,478,0,1
1916,0,478,1,1
1917,0,479,-2,1
1918,0,479,-1,1
1919,1,479,0,1
1920,0,479,1,1
1921,0,480,-2,1
1922,0,480,-1,1
1923,1,480,0,1
1924,0,480,1,1
1925,0,481,-2,1
1926,0,481,-1,1
1927,1,481,0,1
1928,0,481,1,1
1929,0,482,-2,1
1930,0,482,-1,1
1931,1,482,0,1
1932,1,482,1,1
1933,0,483,-2,1
1934,0,483,-1,1
1935,1,483,0,1
1936,1,483,1,1
1937,0,484,-2,1
1938,1,484,-1,1
1939,0,484,0,1
1940,0,484,1,1
1941,0,485,-2,1
1942,1,485,-1,1
1943,0,485,0,1
1944,0,485,1,1
1945,0,486,-2,1
1946,1,486,-1,1
1947,0,486,0,1
1948,0,486,1,1
1949,0,487,-2,1
1950,1,487,-1,1
1951,0,487,0,1
1952,0,487,1,1
1953,0,488,-2,1
1954,1,488,-1,1
1955,0,488,0,1
1956,0,488,1,1
1957,0,489,-2,1
1958,1,489,-1,1
1959,0,489,0,1
1960,0,489,1,1
1961,0,490,-2,1
1962,1,490,-1,1
1963,0,490,0,1
1964,0,490,1,1
1965,0,491,-2,1
1966,1,491,-1,1
1967,0,491,0,1
1968,0,491,1,1
1969,0,492,-2,1
1970,1,492,-1,1
1971,0,492,0,1
1972,0,492,1,1
1973,0,493,-2,1
1974,1,493,-1,1
1975,0,493,0,1
1976,0,493,1,1
1977,0,494,-2,1
1978,1,494,-1,1
1979,0,494,0,1
1980,0,494,1,1
1981,0,495,-2,1
1982,1,495,-1,1
1983,0,495,0,1
1984,1,495,1,1
1985,0,496,-2,1
1986,1,496,-1,1
1987,1,496,0,1
1988,0,496,1,1
1989,0,497,-2,1
1990,1,497,-1,1
1991,1,497,0,1
1992,0,497,1,1
1993,0,498,-2,1
1994,1,498,-1,1
1995,1,498,0,1
1996,0,498,1,1
1997,0,499,-2,1
1998,1,499,-1,1
1999,1,499,0,1
2000,0,499,1,1
2001,0,500,-2,1
2002,1,500,-1,1
2003,1,500,0,1
2004,0,500,1,1
2005,0,501,-2,1
2006,1,501,-1,1
2007,1,501,0,1
2008,0,501,1,1
2009,0,502,-2,1
2010,1,502,-1,1
2011,1,502,0,1
2012,1,502,1,1
2013,0,503,-2,1
2014,1,503,-1,1
2015,1,503,0,1
2016,1,503,1,1
2017,0,504,-2,1
2018,1,504,-1,1
2019,1,504,0,1
2020,1,504,1,1
2021,0,505,-2,1
2022,1,505,-1,1
2023,1,505,0,1
2024,1,505,1,1
2025,1,506,-2,1
2026,0,506,-1,1
2027,0,506,0,1
2028,0,506,1,1
2029,1,507,-2,1
2030,0,507,-1,1
2031,0,507,0,1
2032,0,507,1,1
2033,1,508,-2,1
2034,0,508,-1,1
2035,0,508,0,1
2036,0,508,1,1
2037,1,509,-2,1
2038,0,509,-1,1
2039,0,509,0,1
2040,0,509,1,1
2041,1,510,-2,1
2042,0,510,-1,1
2043,0,510,0,1
2044,0,510,1,1
2045,1,511,-2,1
2046,0,511,-1,1
2047,0,511,0,1
2048,0,511,1,1
2049,1,512,-2,1
2050,0,512,-1,1
2051,0,512,0,1
2052,0,512,1,1
2053,1,513,-2,1
2054,0,513,-1,1
2055,0,513,0,1
2056,1,513,1,1
2057,1,514,-2,1
2058,0,514,-1,1
2059,0,514,0,1
2060,1,514,1,1
2061,1,515,-2,1
2062,0,515,-1,1
2063,0,515,0,1
2064,1,515,1,1
2065,1,516,-2,1
2066,0,516,-1,1
2067,1,516,0,1
2068,0,516,1,1
2069,1,517,-2,1
2070,0,517,-1,1
2071,1,517,0,1
2072,0,517,1,1
2073,1,518,-2,1
2074,0,518,-1,1
2075,1,518,0,1
2076,0,518,1,1
2077,1,519,-2,1
2078,0,519,-1,1
2079,1,519,0,1
2080,1,519,1,1
2081,1,520,-2,1
2082,1,520,-1,1
2083,0,520,0,1
2084,0,520,1,1
2085,1,521,-2,1
2086,1,521,-1,1
2087,0,521,0,1
2088,0,521,1,1
2089,1,522,-2,1
2090,1,522,-1,1
2091,0,522,0,1
2092,0,522,1,1
2093,1,523,-2,1
2094,1,523,-1,1
2095,0,523,0,1
2096,0,523,1,1
2097,1,524,-2,1
2098,1,524,-1,1
2099,0,524,0,1
2100,1,524,1,1
2101,1,525,-2,1
2102,1,525,-1,1
2103,0,525,0,1
2104,1,525,1,1
2105,1,526,-2,1
2106,1,526,-1,1
2107,1,526,0,1
2108,0,526,1,1
2109,1,527,-2,1
2110,1,527,-1,1
2111,1,527,0,1
2112,0,527,1,1
2113,1,528,-2,1
2114,1,528,-1,1
2115,1,528,0,1
2116,0,528,1,1
2117,1,529,-2,1
2118,1,529,-1,1
2119,1,529,0,1
2120,0,529,1,1
2121,1,530,-2,1
2122,1,530,-1,1
2123,1,530,0,1
2124,1,530,1,1
2125,1,531,-2,1
2126,1,531,-1,1
2127,1,531,0,1
2128,1,531,1,1
2129,1,532,-2,1
2130,1,532,-1,1
2131,1,532,0,1
2132,1,532,1,1
2133,1,533,-2,1
2134,1,533,-1,1
2135,1,533,0,1
2136,1,533,1,1
2137,1,534,-2,1
2138,1,534,-1,1
2139,1,534,0,1
2140,1,534,1,1
2141,1,535,-2,1
2142,1,535,-1,1
2143,1,535,0,1
2144,1,535,1,1
2145,1,536,-2,1
2146,1,536,-1,1
2147,1,536,0,1
2148,1,536,1,1
