,year,L2SocSec,Just503D,Just503R,RGovDumy
1,1948,1.83,0.0,2.44,0
2,1949,3.44,0.0,2.44,0
3,1950,3.05,0.0,2.44,0
4,1951,3.57,0.0,2.44,0
5,1952,4.73,5.41,3.5,1
6,1953,6.47,5.41,3.5,1
7,1954,7.75,5.41,3.5,1
8,1955,8.7,5.41,3.5,1
9,1956,9.97,3.04,1.03,1
10,1957,10.57,3.04,1.03,1
11,1958,12.58,3.04,1.03,1
12,1959,12.76,3.04,1.03,1
13,1960,13.45,2.01,0.84,0
14,1961,14.18,2.01,0.84,0
15,1962,14.02,2.01,0.84,0
16,1963,14.77,2.01,0.84,0
17,1964,15.38,0.82,0.28,0
18,1965,13.92,0.82,0.28,0
19,1966,13.29,0.82,0.28,0
20,1967,14.86,0.82,0.28,0
21,1968,15.47,0.62,0.2,1
22,1969,17.07,0.62,0.2,1
23,1970,17.41,0.62,0.2,1
24,1971,19.98,0.62,0.2,1
25,1972,20.74,1.8,0.18,1
26,1973,19.46,1.8,0.18,1
27,1974,19.88,1.8,0.18,1
28,1975,20.79,1.8,0.18,1
29,1976,20.46,0.67,0.62,0
30,1977,20.67,0.67,0.62,0
31,1978,20.06,0.67,0.62,0
32,1979,20.58,0.67,0.62,0
33,1980,20.91,3.14,2.28,1
34,1981,21.12,3.14,2.28,1
35,1982,20.92,3.14,2.28,1
36,1983,19.93,3.14,2.28,1
