,ID,nrAdvE,BMI,height,country,sex,age,weight,treat
1,19908,4,25.22,163,0,0,47,67,2
2,19909,4,23.8,164,0,0,53,64,0
3,19910,1,23.05,164,0,0,68,62,2
4,20908,1,25.71,165,0,0,48,70,1
5,20909,2,25.95,170,0,0,67,75,2
6,20910,2,28.7,168,0,0,54,81,0
7,21908,3,26.62,161,0,0,53,69,0
8,21909,0,26.22,168,0,0,53,74,2
9,21910,1,32.05,154,0,0,47,76,1
10,21911,0,33.27,157,0,0,58,82,2
11,21912,5,32.46,152,0,0,63,75,1
12,21913,2,37.58,159,0,0,54,95,1
13,21914,6,28.37,170,0,1,58,82,2
14,21915,0,23.05,160,0,0,54,59,1
15,21916,0,23.94,177,0,1,56,75,0
16,21917,0,36.44,164,0,0,51,98,1
17,21918,0,31.1,172,0,0,59,92,1
18,22908,5,18.2,159,0,0,66,46,1
19,22909,8,30.82,156,0,1,71,75,2
20,22910,0,24.76,182,0,1,51,82,2
21,22911,3,24.76,182,0,1,68,82,1
22,22912,2,20.96,162,0,0,36,55,2
23,22913,9,23.83,156,0,0,47,58,1
24,22914,3,25.15,157,0,0,75,62,1
25,22915,3,25.28,164,0,0,29,68,1
26,22916,2,30.86,163,0,0,53,82,0
27,22917,2,25.2,153,0,0,57,59,1
28,22918,2,24.52,159,0,0,65,62,2
29,23908,0,30.44,158,0,0,55,76,0
30,23909,0,23.42,156,0,0,44,57,0
31,23910,0,26.71,156,0,0,59,65,0
32,23911,0,31.79,180,0,1,53,103,2
33,23912,0,16.0,150,0,0,28,36,0
34,23913,0,19.47,165,0,0,60,53,2
35,23914,0,34.48,172,0,0,53,102,1
36,23915,0,28.84,158,0,0,58,72,2
37,24908,1,27.06,173,0,0,39,81,2
38,24909,0,22.48,155,0,0,52,54,0
39,24910,0,20.96,156,0,0,51,51,0
40,24911,1,24.15,182,0,1,63,80,2
41,24912,0,25.15,162,0,0,69,66,2
42,24913,0,24.76,182,0,1,56,82,0
43,24914,0,22.77,165,0,0,51,62,1
44,24915,0,22.43,158,0,0,58,56,2
45,24916,0,21.56,164,0,0,59,58,0
46,24917,3,17.42,166,0,0,46,48,0
47,24918,0,25.04,166,0,0,44,69,1
48,25908,2,27.12,176,0,1,50,84,1
49,25909,12,23.61,154,0,0,62,56,2
50,25910,4,30.63,149,0,0,46,68,2
51,25911,8,21.08,154,0,0,39,50,1
52,25912,0,29.3,160,0,0,45,75,2
53,25913,1,25.71,165,0,0,56,70,1
54,25914,0,29.39,166,0,0,53,81,1
55,25915,2,24.03,158,0,0,41,60,2
56,25916,1,25.25,178,0,1,58,80,0
57,25917,0,26.95,160,0,0,42,69,1
58,25918,5,23.34,163,0,0,52,62,2
59,25919,2,22.27,160,0,0,45,57,0
60,25920,1,27.89,164,0,0,69,75,0
61,25921,2,27.14,164,0,0,54,73,0
62,26908,0,25.78,150,0,0,73,58,0
63,26909,2,26.45,165,0,0,57,72,0
64,26910,0,19.1,165,0,0,66,52,0
65,26911,1,26.35,163,0,0,59,70,2
66,26912,0,31.96,176,0,0,46,99,1
67,26913,0,23.04,178,0,1,44,73,1
68,26914,1,25.53,162,0,0,66,67,2
69,27908,0,21.63,158,0,0,58,54,2
70,28908,7,29.34,162,0,0,57,77,1
71,28909,0,24.34,172,0,0,33,72,0
72,28910,0,26.57,182,0,1,56,88,0
73,28911,9,42.27,124,0,1,40,65,0
74,28912,0,23.95,166,0,0,19,66,0
75,28913,0,21.37,156,0,0,56,52,1
76,28914,0,23.42,164,0,0,53,63,2
77,28915,0,24.03,158,0,0,40,60,0
78,28916,0,23.24,162,0,0,55,61,1
79,50908,1,22.03,158,1,0,67,55,2
80,50909,4,19.37,176,1,0,66,60,0
81,50910,0,16.41,160,1,0,61,42,0
82,50911,4,24.24,156,1,0,63,59,1
83,50912,0,32.45,172,1,0,62,96,1
84,50913,6,24.96,171,1,1,66,73,1
85,50914,0,26.57,168,1,0,62,75,0
86,50915,7,28.4,173,1,1,60,85,2
87,51908,0,23.66,172,1,1,38,70,1
88,51909,0,29.9,153,1,0,57,70,0
89,51910,0,22.59,167,1,0,62,63,0
90,51911,4,22.72,157,1,0,55,56,2
91,51912,6,26.31,151,1,0,59,60,0
92,51913,2,23.23,166,1,0,54,64,2
93,51914,2,20.96,159,1,0,54,53,2
94,51915,5,27.92,165,1,0,60,76,0
95,51916,7,38.29,149,1,0,50,85,0
96,51917,12,29.3,160,1,0,66,75,2
97,51918,3,22.76,169,1,0,43,65,1
98,51919,7,30.12,168,1,0,46,85,2
99,53908,1,31.16,152,1,0,69,72,2
100,53909,3,23.66,172,1,1,35,70,2
101,53910,6,24.77,162,1,0,70,65,0
102,53911,8,27.34,160,1,0,62,70,1
103,54923,5,42.98,165,1,0,57,117,1
104,54924,0,22.76,161,1,0,30,59,1
105,54925,2,33.2,160,1,0,56,85,1
106,54926,0,20.5,153,1,0,74,48,2
107,54927,0,21.33,150,1,0,65,48,0
108,54928,1,23.88,165,1,0,61,65,2
109,54929,1,25.54,152,1,0,70,59,1
110,54930,1,28.48,159,1,0,65,72,0
111,54931,0,22.04,165,1,0,54,60,2
112,54932,0,25.15,157,1,0,39,62,1
113,54933,2,26.45,165,1,0,73,72,2
114,54934,1,19.11,150,1,0,49,43,1
115,54935,1,44.06,158,1,0,47,110,0
116,54936,0,25.81,155,1,0,66,62,0
117,54937,1,24.01,162,1,0,53,63,1
