,Days,Weight
1,0,184.35
2,4,182.51
3,7,180.45
4,7,179.91
5,11,177.91
6,18,175.81
7,24,173.11
8,30,170.06
9,32,169.31
10,43,165.1
11,46,163.11
12,60,158.3
13,64,155.8
14,70,154.31
15,71,153.86
16,71,154.2
17,73,152.2
18,74,152.8
19,84,150.3
20,88,147.8
21,95,146.1
22,102,145.6
23,106,142.5
24,109,142.3
25,115,139.4
26,122,137.9
27,133,133.7
28,137,133.7
29,140,133.3
30,143,131.2
31,147,133.0
32,148,132.2
33,149,130.8
34,150,131.3
35,153,129.0
36,156,127.9
37,161,126.9
38,164,127.7
39,165,129.5
40,165,128.4
41,170,125.4
42,176,124.9
43,179,124.9
44,198,118.2
45,214,118.2
46,218,115.3
47,221,115.7
48,225,116.0
49,233,115.5
50,238,112.6
51,241,114.0
52,246,112.6
