,treatment,gender,pre.1,pre.2,pre.3,pre.4,pre.5,post.1,post.2,post.3,post.4,post.5,fup.1,fup.2,fup.3,fup.4,fup.5
1,2,1,1,2,4,2,1,3,2,5,3,2,2,3,2,4,4
2,2,1,4,4,5,3,4,2,2,3,5,3,4,5,6,4,1
3,2,1,5,6,5,7,7,4,5,7,5,4,7,6,9,7,6
4,2,0,5,4,7,5,4,2,2,3,5,3,4,4,5,3,4
5,2,0,3,4,6,4,3,6,7,8,6,3,4,3,6,4,3
6,0,1,7,8,7,9,9,9,9,10,8,9,9,10,11,9,6
7,0,1,5,5,6,4,5,7,7,8,10,8,8,9,11,9,8
8,0,0,2,3,5,3,2,2,4,8,6,5,6,6,7,5,6
9,0,0,3,3,4,6,4,4,5,6,4,1,5,4,7,5,4
10,1,1,4,4,5,3,4,6,7,6,8,8,8,8,9,7,8
11,1,1,3,3,4,2,3,5,4,7,5,4,5,6,8,6,5
12,1,1,6,7,8,6,3,9,10,11,9,6,8,7,10,8,7
13,1,0,5,5,6,8,6,4,6,6,8,6,7,7,8,10,8
14,1,0,2,2,3,1,2,5,6,7,5,2,6,7,8,6,3
15,1,0,2,2,3,4,4,6,6,7,9,7,7,7,8,6,7
16,1,0,4,5,7,5,4,7,7,8,6,7,7,8,10,8,7
