,decrease,rowpos,colpos,treatment
1,57,1,1,3
2,95,2,1,4
3,8,3,1,1
4,69,4,1,7
5,92,5,1,6
6,90,6,1,5
7,15,7,1,2
8,2,8,1,0
9,84,1,2,2
10,6,2,2,1
11,127,3,2,7
12,36,4,2,3
13,51,5,2,4
14,2,6,2,0
15,69,7,2,5
16,71,8,2,6
17,87,1,3,5
18,72,2,3,7
19,5,3,3,0
20,39,4,3,4
21,22,5,3,3
22,16,6,3,2
23,72,7,3,6
24,4,8,3,1
25,130,1,4,7
26,4,2,4,0
27,114,3,4,4
28,9,4,4,2
29,20,5,4,5
30,24,6,4,6
31,10,7,4,1
32,51,8,4,3
33,43,1,5,4
34,28,2,5,3
35,60,3,5,6
36,5,4,5,0
37,17,5,5,2
38,7,6,5,1
39,81,7,5,7
40,71,8,5,5
41,12,1,6,0
42,29,2,6,2
43,44,3,6,5
44,77,4,6,6
45,4,5,6,1
46,27,6,6,3
47,47,7,6,4
48,76,8,6,7
49,8,1,7,1
50,72,2,7,6
51,13,3,7,2
52,57,4,7,5
53,4,5,7,0
54,81,6,7,7
55,20,7,7,3
56,61,8,7,4
57,80,1,8,6
58,114,2,8,5
59,39,3,8,3
60,14,4,8,1
61,86,5,8,7
62,55,6,8,4
63,3,7,8,0
64,19,8,8,2
