,stime,status,treat,age,Karn,diag.time,cell,prior
1,72,1,1,69,60,7,1,0
2,411,1,1,64,70,5,1,10
3,228,1,1,38,60,3,1,0
4,126,1,1,63,60,9,1,10
5,118,1,1,65,70,11,1,10
6,10,1,1,49,20,5,1,0
7,82,1,1,69,40,10,1,10
8,110,1,1,68,80,29,1,0
9,314,1,1,43,50,18,1,0
10,100,0,1,70,70,6,1,0
11,42,1,1,81,60,4,1,0
12,8,1,1,63,40,58,1,10
13,144,1,1,63,30,4,1,0
14,25,0,1,52,80,9,1,10
15,11,1,1,48,70,11,1,10
16,30,1,1,61,60,3,2,0
17,384,1,1,42,60,9,2,0
18,4,1,1,35,40,2,2,0
19,54,1,1,63,80,4,2,10
20,13,1,1,56,60,4,2,0
21,123,0,1,55,40,3,2,0
22,97,0,1,67,60,5,2,0
23,153,1,1,63,60,14,2,10
24,59,1,1,65,30,2,2,0
25,117,1,1,46,80,3,2,0
26,16,1,1,53,30,4,2,10
27,151,1,1,69,50,12,2,0
28,22,1,1,68,60,4,2,0
29,56,1,1,43,80,12,2,10
30,21,1,1,55,40,2,2,10
31,18,1,1,42,20,15,2,0
32,139,1,1,64,80,2,2,0
33,20,1,1,65,30,5,2,0
34,31,1,1,65,75,3,2,0
35,52,1,1,55,70,2,2,0
36,287,1,1,66,60,25,2,10
37,18,1,1,60,30,4,2,0
38,51,1,1,67,60,1,2,0
39,122,1,1,53,80,28,2,0
40,27,1,1,62,60,8,2,0
41,54,1,1,67,70,1,2,0
42,7,1,1,72,50,7,2,0
43,63,1,1,48,50,11,2,0
44,392,1,1,68,40,4,2,0
45,10,1,1,67,40,23,2,10
46,8,1,1,61,20,19,3,10
47,92,1,1,60,70,10,3,0
48,35,1,1,62,40,6,3,0
49,117,1,1,38,80,2,3,0
50,132,1,1,50,80,5,3,0
51,12,1,1,63,50,4,3,10
52,162,1,1,64,80,5,3,0
53,3,1,1,43,30,3,3,0
54,95,1,1,34,80,4,3,0
55,177,1,1,66,50,16,4,10
56,162,1,1,62,80,5,4,0
57,216,1,1,52,50,15,4,0
58,553,1,1,47,70,2,4,0
59,278,1,1,63,60,12,4,0
60,12,1,1,68,40,12,4,10
61,260,1,1,45,80,5,4,0
62,200,1,1,41,80,12,4,10
63,156,1,1,66,70,2,4,0
64,182,0,1,62,90,2,4,0
65,143,1,1,60,90,8,4,0
66,105,1,1,66,80,11,4,0
67,103,1,1,38,80,5,4,0
68,250,1,1,53,70,8,4,10
69,100,1,1,37,60,13,4,10
70,999,1,2,54,90,12,1,10
71,112,1,2,60,80,6,1,0
72,87,0,2,48,80,3,1,0
73,231,0,2,52,50,8,1,10
74,242,1,2,70,50,1,1,0
75,991,1,2,50,70,7,1,10
76,111,1,2,62,70,3,1,0
77,1,1,2,65,20,21,1,10
78,587,1,2,58,60,3,1,0
79,389,1,2,62,90,2,1,0
80,33,1,2,64,30,6,1,0
81,25,1,2,63,20,36,1,0
82,357,1,2,58,70,13,1,0
83,467,1,2,64,90,2,1,0
84,201,1,2,52,80,28,1,10
85,1,1,2,35,50,7,1,0
86,30,1,2,63,70,11,1,0
87,44,1,2,70,60,13,1,10
88,283,1,2,51,90,2,1,0
89,15,1,2,40,50,13,1,10
90,25,1,2,69,30,2,2,0
91,103,0,2,36,70,22,2,10
92,21,1,2,71,20,4,2,0
93,13,1,2,62,30,2,2,0
94,87,1,2,60,60,2,2,0
95,2,1,2,44,40,36,2,10
96,20,1,2,54,30,9,2,10
97,7,1,2,66,20,11,2,0
98,24,1,2,49,60,8,2,0
99,99,1,2,72,70,3,2,0
100,8,1,2,68,80,2,2,0
101,99,1,2,62,85,4,2,0
102,61,1,2,71,70,2,2,0
103,25,1,2,70,70,2,2,0
104,95,1,2,61,70,1,2,0
105,80,1,2,71,50,17,2,0
106,51,1,2,59,30,87,2,10
107,29,1,2,67,40,8,2,0
108,24,1,2,60,40,2,3,0
109,18,1,2,69,40,5,3,10
110,83,0,2,57,99,3,3,0
111,31,1,2,39,80,3,3,0
112,51,1,2,62,60,5,3,0
113,90,1,2,50,60,22,3,10
114,52,1,2,43,60,3,3,0
115,73,1,2,70,60,3,3,0
116,8,1,2,66,50,5,3,0
117,36,1,2,61,70,8,3,0
118,48,1,2,81,10,4,3,0
119,7,1,2,58,40,4,3,0
120,140,1,2,63,70,3,3,0
121,186,1,2,60,90,3,3,0
122,84,1,2,62,80,4,3,10
123,19,1,2,42,50,10,3,0
124,45,1,2,69,40,3,3,0
125,80,1,2,63,40,4,3,0
126,52,1,2,45,60,4,4,0
127,164,1,2,68,70,15,4,10
128,19,1,2,39,30,4,4,10
129,53,1,2,66,60,12,4,0
130,15,1,2,63,30,5,4,0
131,43,1,2,49,60,11,4,10
132,340,1,2,64,80,10,4,10
133,133,1,2,65,75,1,4,0
134,111,1,2,64,60,5,4,0
135,231,1,2,67,70,18,4,10
136,378,1,2,65,80,4,4,0
137,49,1,2,37,30,3,4,0
