,country,courts,barb2,prsexp2,prscorr2,gdpw2
Argentina,0,0,-0.7207754,1,3,9.69017
Australia,1,1,-6.907755,5,4,10.30484
Austria,2,1,-4.910337,5,4,10.10094
Bangladesh,3,0,0.7759748,1,0,8.379768
Belgium,4,1,-4.617344,5,4,10.25012
Bolivia,5,0,-2.46144,0,0,8.583543
Botswana,6,1,-1.244868,4,3,8.77771
Brazil,7,1,-0.4570337,4,3,9.375601
Burma,8,0,1.604343,3,1,7.096721
Cameroon,9,0,-4.229065,3,1,8.120886
Canada,10,1,-6.907755,5,5,10.41018
Chile,11,1,-1.542761,3,2,9.261224
Colombia,12,0,-2.057821,3,2,9.191973
Congo-Kinshasa,13,0,-2.323288,1,0,7.095064
Costa Rica,14,1,-5.090003,3,4,9.167329
Cote d'Ivoire,15,1,-4.229065,4,2,8.228711
Denmark,16,1,-6.907755,5,5,10.10651
Dominican Republic,17,0,-2.378862,2,2,8.899731
Ecuador,18,1,-1.845337,3,2,9.117786
Finland,19,1,-6.907755,5,5,10.12367
"Gambia, The",20,0,-1.543332,4,2,7.501082
Ghana,21,0,-1.011517,2,1,7.597396
Greece,22,0,-2.073237,3,3,9.701494
Hungary,23,1,-0.9041942,4,3,9.35184
India,24,0,-2.105104,4,2,7.970049
Indonesia,25,0,-2.100232,3,0,8.39231
Iran,26,0,2.337425,0,2,9.368114
Ireland,27,1,-6.907755,5,4,9.891465
Israel,28,0,-2.319996,4,4,10.06777
Italy,29,1,-6.907755,4,3,10.26078
Japan,30,1,-6.907755,5,4,9.892022
Kenya,31,0,-2.327605,2,2,7.619724
"Korea, South",32,0,-2.655795,4,1,9.422787
Malawi,33,0,-1.469424,3,3,7.029973
Malaysia,34,1,-3.927949,4,3,9.178953
Mexico,35,0,-1.657935,2,2,9.661735
Morocco,36,0,-3.156958,3,1,8.78048
New Zealand,37,1,-6.907755,5,5,10.17626
Nigeria,38,0,0.3001068,1,1,7.68708
Norway,39,1,-6.907755,5,5,10.29833
Papua New Guinea,40,1,-2.636158,4,2,8.126518
Paraguay,41,0,-0.9707628,3,0,8.727616
Philippines,42,0,-2.964776,1,1,8.384804
Poland,43,1,1.317021,3,3,9.0524
Portugal,44,1,-2.459625,4,3,9.444543
Sierra Leone,45,0,1.406406,3,1,7.759614
Singapore,46,1,-4.848516,5,5,9.882724
South Africa,47,0,-2.17582,3,4,9.191871
Spain,48,1,-6.907755,5,3,10.04733
Sri Lanka,49,0,-1.864343,2,2,8.627661
Sweden,50,1,-6.907755,4,5,10.22434
Switzerland,51,1,-6.907755,5,5,10.3411
Syria,52,0,1.725166,1,1,9.664151
Thailand,53,0,-6.907755,3,2,8.548692
Togo,54,0,-4.229065,4,1,7.331715
Tunisia,55,0,-2.585399,2,2,9.047586
Turkey,56,0,-2.673243,3,2,8.978912
United Kingdom,57,1,-6.907755,5,5,10.12727
Uruguay,58,0,-2.127775,2,2,9.414342
Venezuela,59,1,0.428845,3,2,9.84882
Zambia,60,0,0.9658105,3,1,7.726213
Zimbabwe,61,0,-0.6403214,3,2,7.965893
