,breaks,wool,tension
1,26,0,1
2,30,0,1
3,54,0,1
4,25,0,1
5,70,0,1
6,52,0,1
7,51,0,1
8,26,0,1
9,67,0,1
10,18,0,2
11,21,0,2
12,29,0,2
13,17,0,2
14,12,0,2
15,18,0,2
16,35,0,2
17,30,0,2
18,36,0,2
19,36,0,0
20,21,0,0
21,24,0,0
22,18,0,0
23,10,0,0
24,43,0,0
25,28,0,0
26,15,0,0
27,26,0,0
28,27,1,1
29,14,1,1
30,29,1,1
31,19,1,1
32,29,1,1
33,31,1,1
34,41,1,1
35,20,1,1
36,44,1,1
37,42,1,2
38,26,1,2
39,19,1,2
40,16,1,2
41,39,1,2
42,28,1,2
43,21,1,2
44,39,1,2
45,29,1,2
46,20,1,0
47,21,1,0
48,24,1,0
49,17,1,0
50,13,1,0
51,15,1,0
52,15,1,0
53,16,1,0
54,28,1,0
