,airq,vala,rain,coas,dens,medi
1,104,2734.4,12.63,1,1815.86,4397
2,85,2479.2,47.14,1,804.86,5667
3,127,4845.0,42.77,1,1907.86,15817
4,145,19733.8,33.18,0,1876.08,32698
5,84,4093.6,34.55,1,340.93,6250
6,135,1849.8,14.81,0,335.52,4705
7,88,4179.4,45.94,1,315.78,7165
8,118,2525.3,39.25,0,360.39,4472
9,74,1899.2,42.36,1,12957.5,2658
10,104,15257.1,12.63,1,1728.19,33885
11,64,1219.0,59.76,1,620.96,5160
12,75,992.9,53.9,1,529.62,3738
13,131,15120.8,42.37,1,5397.47,59460
14,129,9189.9,42.48,1,1356.04,19224
15,84,1596.9,37.18,1,276.44,3944
16,165,4157.3,36.14,1,787.47,9281
17,80,1185.2,12.63,1,318.63,5012
18,59,3817.7,18.69,1,1255.04,15710
19,110,1686.2,35.35,0,750.28,2509
20,120,1322.0,35.08,1,325.36,2627
21,118,3476.2,43.05,1,916.78,8019
22,120,1123.8,68.13,1,271.59,2425
23,120,1151.6,35.35,0,645.83,1364
24,59,2896.3,18.69,1,819.23,4155
25,74,5608.6,42.36,1,2649.07,8947
26,124,3700.0,29.51,0,9642.86,5952
27,69,1395.5,42.92,1,1105.55,4146
28,118,3022.8,41.32,0,910.79,3207
29,129,1515.4,31.22,0,379.58,853
30,129,1878.9,30.95,0,455.92,853
