,point,col,name,year,lat,long
1,1,1,0,1755.0,41.68,82.85
2,1,2,4,1688.0,41.62,87.67
3,1,3,6,1703.0,-41.12,-83.03
4,1,4,10,1733.0,-41.03,-85.1
5,1,5,2,1744.0,41.28,82.42
6,1,6,2,1755.0,43.13,82.25
7,1,7,9,1755.0,42.05,82.88
8,1,8,5,1755.0,42.15,81.63
9,1,9,7,1784.0,42.03,83.53
10,1,10,1,1802.0,42.02,82.9
11,1,11,3,1805.0,42.0,82.9
12,1,12,8,1818.0,-41.12,-82.12
13,2,1,0,1755.0,41.9,82.52
14,2,2,4,1688.0,42.12,87.0
15,2,3,6,1703.0,41.88,82.0
16,2,4,10,1733.0,41.87,85.37
17,2,5,2,1744.0,42.08,81.17
18,2,6,2,1755.0,42.35,81.77
19,2,7,9,1755.0,42.23,82.35
20,2,8,5,1755.0,42.38,80.78
21,2,9,7,1784.0,42.25,82.45
22,2,10,1,1802.0,42.12,82.42
23,2,11,3,1805.0,42.08,82.37
24,2,12,8,1818.0,42.0,82.08
25,3,1,0,1755.0,42.25,81.92
26,3,2,4,1688.0,42.07,85.97
27,3,3,6,1703.0,42.13,80.78
28,3,4,10,1733.0,41.98,83.78
29,3,5,2,1744.0,42.22,80.2
30,3,6,2,1755.0,42.62,81.37
31,3,7,9,1755.0,42.37,81.3
32,3,8,5,1755.0,42.53,80.35
33,3,9,7,1784.0,42.33,81.98
34,3,10,1,1802.0,42.5,81.87
35,3,11,3,1805.0,42.48,81.87
36,3,12,8,1818.0,42.32,81.75
37,4,1,0,1755.0,42.55,80.03
38,4,2,4,1688.0,42.47,84.17
39,4,3,6,1703.0,42.13,79.55
40,4,4,10,1733.0,42.0,83.18
41,4,5,2,1744.0,42.07,80.27
42,4,6,2,1755.0,42.83,79.92
43,4,7,9,1755.0,42.37,80.03
44,4,8,5,1755.0,42.87,78.73
45,4,9,7,1784.0,42.33,80.65
46,4,10,1,1802.0,42.68,80.15
47,4,11,3,1805.0,42.67,80.18
48,4,12,8,1818.0,42.55,80.08
49,5,1,0,1755.0,44.05,83.03
50,5,2,4,1688.0,43.42,87.25
51,5,3,6,1703.0,44.23,83.6
52,5,4,10,1733.0,44.13,86.85
53,5,5,2,1744.0,44.6,83.5
54,5,6,2,1755.0,44.62,85.5
55,5,7,9,1755.0,44.75,83.57
56,5,8,5,1755.0,44.47,81.75
57,5,9,7,1784.0,44.75,84.33
58,5,10,1,1802.0,44.35,82.9
59,5,11,3,1805.0,44.32,82.9
60,5,12,8,1818.0,44.27,83.0
61,6,1,0,1755.0,43.65,83.95
62,6,2,4,1688.0,43.12,87.92
63,6,3,6,1703.0,43.25,84.48
64,6,4,10,1733.0,43.8,87.1
65,6,5,2,1744.0,43.72,83.23
66,6,6,2,1755.0,43.62,85.25
67,6,7,9,1755.0,44.03,83.47
68,6,8,5,1755.0,44.03,81.72
69,6,9,7,1784.0,44.03,84.22
70,6,10,1,1802.0,44.07,83.6
71,6,11,3,1805.0,44.03,83.57
72,6,12,8,1818.0,-44.07,-83.12
73,7,1,0,1755.0,44.25,83.45
74,7,2,4,1688.0,43.63,87.62
75,7,3,6,1703.0,44.43,83.83
76,7,4,10,1733.0,44.2,87.0
77,7,5,2,1744.0,44.78,83.83
78,7,6,2,1755.0,44.82,85.75
79,7,7,9,1755.0,44.95,83.72
80,7,8,5,1755.0,44.62,81.97
81,7,9,7,1784.0,44.92,84.47
82,7,10,1,1802.0,44.5,83.15
83,7,11,3,1805.0,44.47,83.13
84,7,12,8,1818.0,44.63,83.13
85,8,1,0,1755.0,45.87,84.87
86,8,2,4,1688.0,45.05,89.62
87,8,3,6,1703.0,-45.12,-85.08
88,8,4,10,1733.0,-45.13,-87.15
89,8,5,2,1744.0,45.67,85.62
90,8,6,2,1755.0,45.67,87.67
91,8,7,9,1755.0,45.55,85.1
92,8,8,5,1755.0,45.18,84.08
93,8,9,7,1784.0,-45.1,-85.03
94,8,10,1,1802.0,-46.0,-84.07
95,8,11,3,1805.0,-46.0,-84.08
96,8,12,8,1818.0,-46.13,-84.1
97,9,1,0,1755.0,45.93,80.9
98,9,2,4,1688.0,45.38,85.58
99,9,3,6,1703.0,45.57,85.37
100,9,4,10,1733.0,45.15,83.9
101,9,5,2,1744.0,45.75,78.73
102,9,6,2,1755.0,45.9,80.78
103,9,7,9,1755.0,45.88,80.03
104,9,8,5,1755.0,46.0,79.93
105,9,9,7,1784.0,45.63,80.68
106,9,10,1,1802.0,45.83,81.05
107,9,11,3,1805.0,45.8,81.05
108,9,12,8,1818.0,45.72,81.38
109,10,1,0,1755.0,46.23,83.57
110,10,2,4,1688.0,45.6,87.75
111,10,3,6,1703.0,45.73,84.42
112,10,4,10,1733.0,45.1,87.22
113,10,5,2,1744.0,46.0,84.3
114,10,6,2,1755.0,45.95,86.25
115,10,7,9,1755.0,45.8,84.03
116,10,8,5,1755.0,45.48,81.83
117,10,9,7,1784.0,45.72,84.68
118,10,10,1,1802.0,46.08,82.73
119,10,11,3,1805.0,46.05,82.72
120,10,12,8,1818.0,45.92,83.82
121,11,1,0,1755.0,45.8,81.58
122,11,2,4,1688.0,45.38,86.57
123,11,3,6,1703.0,45.17,82.55
124,11,4,10,1733.0,44.9,85.08
125,11,5,2,1744.0,45.82,81.33
126,11,6,2,1755.0,45.78,83.33
127,11,7,9,1755.0,45.7,81.97
128,11,8,5,1755.0,45.57,79.52
129,11,9,7,1784.0,45.67,82.6
130,11,10,1,1802.0,-45.15,-81.05
131,11,11,3,1805.0,-45.15,-81.05
132,11,12,8,1818.0,-46.15,-81.08
133,12,1,0,1755.0,45.9,83.22
134,12,2,4,1688.0,45.22,87.67
135,12,3,6,1703.0,45.33,84.18
136,12,4,10,1733.0,44.85,86.95
137,12,5,2,1744.0,45.85,83.8
138,12,6,2,1755.0,45.7,86.28
139,12,7,9,1755.0,45.67,83.68
140,12,8,5,1755.0,45.33,81.35
141,12,9,7,1784.0,45.55,84.25
142,12,10,1,1802.0,-46.0,-82.13
143,12,11,3,1805.0,-46.0,-82.13
144,12,12,8,1818.0,-46.13,-83.0
145,13,1,0,1755.0,44.25,86.33
146,13,2,4,1688.0,43.53,89.87
147,13,3,6,1703.0,-44.0,-87.03
148,13,4,10,1733.0,-43.15,-89.1
149,13,5,2,1744.0,44.25,85.92
150,13,6,2,1755.0,44.2,88.17
151,13,7,9,1755.0,44.45,85.38
152,13,8,5,1755.0,44.15,83.55
153,13,9,7,1784.0,44.45,86.0
154,13,10,1,1802.0,44.22,84.87
155,13,11,3,1805.0,44.2,84.92
156,13,12,8,1818.0,44.08,85.25
157,14,1,0,1755.0,43.95,86.45
158,14,2,4,1688.0,43.17,89.83
159,14,3,6,1703.0,43.93,86.0
160,14,4,10,1733.0,43.57,88.77
161,14,5,2,1744.0,44.08,85.77
162,14,6,2,1755.0,43.75,87.8
163,14,7,9,1755.0,44.33,85.28
164,14,8,5,1755.0,43.93,83.52
165,14,9,7,1784.0,44.37,85.88
166,14,10,1,1802.0,44.02,84.88
167,14,11,3,1805.0,44.0,84.9
168,14,12,8,1818.0,43.82,85.25
169,15,1,0,1755.0,43.07,86.25
170,15,2,4,1688.0,42.2,90.13
171,15,3,6,1703.0,43.12,86.18
172,15,4,10,1733.0,42.97,89.1
173,15,5,2,1744.0,42.87,85.13
174,15,6,2,1755.0,42.8,87.17
175,15,7,9,1755.0,43.42,84.85
176,15,8,5,1755.0,43.47,83.97
177,15,9,7,1784.0,43.43,85.55
178,15,10,1,1802.0,43.33,84.9
179,15,11,3,1805.0,43.3,84.93
180,15,12,8,1818.0,42.92,85.12
181,16,1,0,1755.0,42.4,86.28
182,16,2,4,1688.0,41.87,90.33
183,16,3,6,1703.0,42.47,86.2
184,16,4,10,1733.0,42.2,89.22
185,16,5,2,1744.0,41.85,84.92
186,16,6,2,1755.0,41.72,87.05
187,16,7,9,1755.0,42.58,84.75
188,16,8,5,1755.0,42.77,84.52
189,16,9,7,1784.0,42.55,85.63
190,16,10,1,1802.0,42.72,85.08
191,16,11,3,1805.0,42.7,85.08
192,16,12,8,1818.0,42.18,85.12
193,17,1,0,1755.0,42.12,86.48
194,17,2,4,1688.0,41.75,90.65
195,17,3,6,1703.0,41.88,86.22
196,17,4,10,1733.0,41.87,89.58
197,17,5,2,1744.0,41.63,85.25
198,17,6,2,1755.0,41.55,87.38
199,17,7,9,1755.0,42.43,85.12
200,17,8,5,1755.0,42.53,84.82
201,17,9,7,1784.0,42.25,85.77
202,17,10,1,1802.0,42.5,85.22
203,17,11,3,1805.0,42.5,85.18
204,17,12,8,1818.0,42.0,85.18
205,18,1,0,1755.0,41.88,87.62
206,18,2,4,1688.0,41.88,93.63
207,18,3,6,1703.0,42.17,88.12
208,18,4,10,1733.0,41.67,90.65
209,18,5,2,1744.0,41.75,86.5
210,18,6,2,1755.0,41.75,88.67
211,18,7,9,1755.0,42.63,86.08
212,18,8,5,1755.0,42.62,85.63
213,18,9,7,1784.0,42.63,86.8
214,18,10,1,1802.0,42.52,86.03
215,18,11,3,1805.0,42.52,86.03
216,18,12,8,1818.0,42.08,86.15
217,19,1,0,1755.0,44.53,88.0
218,19,2,4,1688.0,43.58,93.92
219,19,3,6,1703.0,43.82,89.15
220,19,4,10,1733.0,43.22,91.53
221,19,5,2,1744.0,43.42,88.33
222,19,6,2,1755.0,43.33,90.33
223,19,7,9,1755.0,43.83,87.15
224,19,8,5,1755.0,44.0,85.67
225,19,9,7,1784.0,43.82,87.85
226,19,10,1,1802.0,44.28,86.35
227,19,11,3,1805.0,44.3,86.33
228,19,12,8,1818.0,44.18,86.88
229,20,1,0,1755.0,45.95,86.25
230,20,2,4,1688.0,45.47,90.7
231,20,3,6,1703.0,-45.12,-87.03
232,20,4,10,1733.0,-45.13,-89.1
233,20,5,2,1744.0,45.58,87.67
234,20,6,2,1755.0,45.62,89.58
235,20,7,9,1755.0,45.5,86.67
236,20,8,5,1755.0,45.3,84.0
237,20,9,7,1784.0,45.52,87.18
238,20,10,1,1802.0,45.6,85.25
239,20,11,3,1805.0,45.55,85.22
240,20,12,8,1818.0,45.63,85.45
241,21,1,0,1755.0,47.93,84.85
242,21,2,4,1688.0,48.75,88.0
243,21,3,6,1703.0,48.08,85.28
244,21,4,10,1733.0,47.9,88.13
245,21,5,2,1744.0,49.25,85.75
246,21,6,2,1755.0,49.25,87.7
247,21,7,9,1755.0,48.33,84.92
248,21,8,5,1755.0,47.7,83.47
249,21,9,7,1784.0,48.22,85.63
250,21,10,1,1802.0,47.95,84.97
251,21,11,3,1805.0,47.92,84.93
252,21,12,8,1818.0,47.92,85.0
253,22,1,0,1755.0,46.93,84.53
254,22,2,4,1688.0,47.67,88.7
255,22,3,6,1703.0,47.28,85.55
256,22,4,10,1733.0,47.2,88.53
257,22,5,2,1744.0,46.88,85.08
258,22,6,2,1755.0,46.72,87.17
259,22,7,9,1755.0,46.42,84.6
260,22,8,5,1755.0,46.3,82.58
261,22,9,7,1784.0,46.4,85.27
262,22,10,1,1802.0,47.3,84.37
263,22,11,3,1805.0,-46.15,-84.02
264,22,12,8,1818.0,-47.13,-84.03
265,23,1,0,1755.0,48.18,88.42
266,23,2,4,1688.0,47.92,94.28
267,23,3,6,1703.0,47.75,89.62
268,23,4,10,1733.0,48.63,91.47
269,23,5,2,1744.0,48.12,90.63
270,23,6,2,1755.0,48.08,92.55
271,23,7,9,1755.0,47.37,88.57
272,23,8,5,1755.0,46.68,86.35
273,23,9,7,1784.0,47.42,89.17
274,23,10,1,1802.0,48.28,88.63
275,23,11,3,1805.0,48.27,88.68
276,23,12,8,1818.0,48.27,88.73
277,24,1,0,1755.0,47.85,89.23
278,24,2,4,1688.0,47.53,95.75
279,24,3,6,1703.0,47.67,90.78
280,24,4,10,1733.0,48.6,92.45
281,24,5,2,1744.0,47.8,92.33
282,24,6,2,1755.0,47.8,94.33
283,24,7,9,1755.0,47.22,89.78
284,24,8,5,1755.0,46.38,87.05
285,24,9,7,1784.0,47.12,90.5
286,24,10,1,1802.0,48.05,89.42
287,24,11,3,1805.0,48.07,89.37
288,24,12,8,1818.0,48.13,89.4
289,25,1,0,1755.0,46.75,92.1
290,25,2,4,1688.0,46.2,99.22
291,25,3,6,1703.0,-46.08,-93.15
292,25,4,10,1733.0,47.92,94.57
293,25,5,2,1744.0,46.42,94.22
294,25,6,2,1755.0,46.53,96.5
295,25,7,9,1755.0,46.1,91.53
296,25,8,5,1755.0,45.65,89.47
297,25,9,7,1784.0,45.97,92.23
298,25,10,1,1802.0,46.8,92.17
299,25,11,3,1805.0,46.78,92.18
300,25,12,8,1818.0,46.73,92.17
301,26,1,0,1755.0,46.87,89.33
302,26,2,4,1688.0,45.85,95.95
303,26,3,6,1703.0,46.13,91.12
304,26,4,10,1733.0,-46.15,-93.0
305,26,5,2,1744.0,46.58,90.78
306,26,6,2,1755.0,46.48,92.78
307,26,7,9,1755.0,46.22,88.78
308,26,8,5,1755.0,45.77,87.13
309,26,9,7,1784.0,46.15,89.42
310,26,10,1,1802.0,46.88,89.42
311,26,11,3,1805.0,46.92,89.4
312,26,12,8,1818.0,46.92,89.32
313,27,1,0,1755.0,46.75,88.45
314,27,2,4,1688.0,45.6,94.42
315,27,3,6,1703.0,45.97,89.57
316,27,4,10,1733.0,46.15,91.77
317,27,5,2,1744.0,46.0,89.17
318,27,6,2,1755.0,45.83,91.08
319,27,7,9,1755.0,45.72,87.62
320,27,8,5,1755.0,45.45,86.05
321,27,9,7,1784.0,45.72,88.38
322,27,10,1,1802.0,46.83,88.63
323,27,11,3,1805.0,46.83,88.67
324,27,12,8,1818.0,46.82,88.73
325,28,1,0,1755.0,47.4,87.7
326,28,2,4,1688.0,46.88,93.55
327,28,3,6,1703.0,46.82,89.05
328,28,4,10,1733.0,47.92,91.53
329,28,5,2,1744.0,47.08,89.25
330,28,6,2,1755.0,46.98,91.17
331,28,7,9,1755.0,46.62,87.6
332,28,8,5,1755.0,46.23,85.75
333,28,9,7,1784.0,46.57,88.22
334,28,10,1,1802.0,45.58,88.05
335,28,11,3,1805.0,47.58,88.05
336,28,12,8,1818.0,47.73,88.13
337,29,1,0,1755.0,43.27,79.03
338,29,2,4,1688.0,43.0,83.42
339,29,3,6,1703.0,43.2,78.58
340,29,4,10,1733.0,42.8,80.5
341,29,5,2,1744.0,42.93,76.43
342,29,6,2,1755.0,43.5,78.75
343,29,7,9,1755.0,43.42,78.25
344,29,8,5,1755.0,43.52,77.48
345,29,9,7,1784.0,43.35,79.0
346,29,10,1,1802.0,43.27,79.07
347,29,11,3,1805.0,43.23,79.07
348,29,12,8,1818.0,43.27,79.0
349,30,1,0,1755.0,44.22,76.48
350,30,2,4,1688.0,44.12,80.5
351,30,3,6,1703.0,44.23,79.1
352,30,4,10,1733.0,45.0,77.95
353,30,5,2,1744.0,44.13,72.83
354,30,6,2,1755.0,44.5,77.0
355,30,7,9,1755.0,44.45,75.87
356,30,8,5,1755.0,44.78,74.9
357,30,9,7,1784.0,44.4,76.5
358,30,10,1,1802.0,44.17,76.72
359,30,11,3,1805.0,44.15,76.72
360,30,12,8,1818.0,44.27,76.5
361,31,1,0,1755.0,43.63,79.47
362,31,2,4,1688.0,43.55,83.92
363,31,3,6,1703.0,43.85,79.15
364,31,4,10,1733.0,43.72,81.05
365,31,5,2,1744.0,44.08,76.72
366,31,6,2,1755.0,-43.08,-79.0
367,31,7,9,1755.0,43.8,78.7
368,31,8,5,1755.0,43.8,77.52
369,31,9,7,1784.0,43.85,79.55
370,31,10,1,1802.0,43.67,79.52
371,31,11,3,1805.0,43.63,79.53
372,31,12,8,1818.0,-44.07,-79.08
373,32,1,0,1755.0,44.2,76.97
374,32,2,4,1688.0,-43.13,-80.03
375,32,3,6,1703.0,-44.0,-76.07
376,32,4,10,1733.0,-43.15,-78.13
377,32,5,2,1744.0,44.42,74.0
378,32,6,2,1755.0,-44.03,-75.08
379,32,7,9,1755.0,44.57,76.27
380,32,8,5,1755.0,44.8,75.35
381,32,9,7,1784.0,44.58,77.0
382,32,10,1,1802.0,44.12,77.25
383,32,11,3,1805.0,44.13,77.23
384,32,12,8,1818.0,-45.02,-77.02
385,33,1,0,1755.0,44.1,77.58
386,33,2,4,1688.0,-43.12,-81.0
387,33,3,6,1703.0,-44.0,-77.02
388,33,4,10,1733.0,-43.13,-79.08
389,33,5,2,1744.0,44.53,75.08
390,33,6,2,1755.0,44.38,77.85
391,33,7,9,1755.0,44.65,76.72
392,33,8,5,1755.0,44.7,75.63
393,33,9,7,1784.0,44.78,77.48
394,33,10,1,1802.0,44.05,77.77
395,33,11,3,1805.0,44.05,77.78
396,33,12,8,1818.0,44.08,77.57
397,34,1,0,1755.0,42.9,78.92
398,34,2,4,1688.0,42.87,83.57
399,34,3,6,1703.0,42.68,78.78
400,34,4,10,1733.0,42.15,80.47
401,34,5,2,1744.0,42.98,76.75
402,34,6,2,1755.0,43.33,78.83
403,34,7,9,1755.0,42.97,78.37
404,34,8,5,1755.0,43.13,77.52
405,34,9,7,1784.0,42.97,79.08
406,34,10,1,1802.0,42.88,78.98
407,34,11,3,1805.0,42.88,78.98
408,34,12,8,1818.0,42.73,80.65
409,35,1,0,1755.0,42.37,82.92
410,35,2,4,1688.0,42.53,87.33
411,35,3,6,1703.0,42.48,82.05
412,35,4,10,1733.0,42.28,85.28
413,35,5,2,1744.0,42.55,82.0
414,35,6,2,1755.0,42.88,82.83
415,35,7,9,1755.0,42.88,82.62
416,35,8,5,1755.0,42.77,81.27
417,35,9,7,1784.0,42.8,83.25
418,35,10,1,1802.0,42.62,82.77
419,35,11,3,1805.0,42.63,82.7
420,35,12,8,1818.0,42.68,82.63
421,36,1,0,1755.0,42.62,82.53
422,36,2,4,1688.0,42.8,86.92
423,36,3,6,1703.0,42.97,81.88
424,36,4,10,1733.0,42.6,85.1
425,36,5,2,1744.0,42.82,81.75
426,36,6,2,1755.0,43.25,82.75
427,36,7,9,1755.0,43.08,82.38
428,36,8,5,1755.0,42.87,80.88
429,36,9,7,1784.0,43.02,83.07
430,36,10,1,1802.0,42.82,82.28
431,36,11,3,1805.0,42.82,82.22
432,36,12,8,1818.0,43.0,82.13
433,37,1,0,1755.0,45.27,81.65
434,37,2,4,1688.0,44.3,84.92
435,37,3,6,1703.0,44.52,81.57
436,37,4,10,1733.0,44.32,84.42
437,37,5,2,1744.0,44.8,80.37
438,37,6,2,1755.0,44.83,81.5
439,37,7,9,1755.0,44.97,81.25
440,37,8,5,1755.0,45.08,79.55
441,37,9,7,1784.0,44.92,82.02
442,37,10,1,1802.0,45.4,80.83
443,37,11,3,1805.0,45.42,80.83
444,37,12,8,1818.0,45.08,81.65
445,38,1,0,1755.0,45.3,86.98
446,38,2,4,1688.0,44.37,91.92
447,38,3,6,1703.0,45.17,86.15
448,38,4,10,1733.0,44.48,90.45
449,38,5,2,1744.0,44.58,87.67
450,38,6,2,1755.0,44.57,89.57
451,38,7,9,1755.0,44.73,86.58
452,38,8,5,1755.0,44.7,84.63
453,38,9,7,1784.0,44.75,87.25
454,38,10,1,1802.0,45.08,85.52
455,38,11,3,1805.0,45.07,85.52
456,38,12,8,1818.0,45.08,86.07
457,39,1,0,1755.0,46.48,84.63
458,39,2,4,1688.0,46.1,89.45
459,39,3,6,1703.0,46.13,88.02
460,39,4,10,1733.0,46.07,88.63
461,39,5,2,1744.0,46.2,85.7
462,39,6,2,1755.0,46.1,87.57
463,39,7,9,1755.0,45.9,85.03
464,39,8,5,1755.0,45.77,82.93
465,39,9,7,1784.0,45.88,85.72
466,39,10,1,1802.0,46.42,84.33
467,39,11,3,1805.0,46.4,84.32
468,39,12,8,1818.0,46.45,84.88
