,len,supp,dose
1,4.2,1,0.5
2,11.5,1,0.5
3,7.3,1,0.5
4,5.8,1,0.5
5,6.4,1,0.5
6,10.0,1,0.5
7,11.2,1,0.5
8,11.2,1,0.5
9,5.2,1,0.5
10,7.0,1,0.5
11,16.5,1,1.0
12,16.5,1,1.0
13,15.2,1,1.0
14,17.3,1,1.0
15,22.5,1,1.0
16,17.3,1,1.0
17,13.6,1,1.0
18,14.5,1,1.0
19,18.8,1,1.0
20,15.5,1,1.0
21,23.6,1,2.0
22,18.5,1,2.0
23,33.9,1,2.0
24,25.5,1,2.0
25,26.4,1,2.0
26,32.5,1,2.0
27,26.7,1,2.0
28,21.5,1,2.0
29,23.3,1,2.0
30,29.5,1,2.0
31,15.2,0,0.5
32,21.5,0,0.5
33,17.6,0,0.5
34,9.7,0,0.5
35,14.5,0,0.5
36,10.0,0,0.5
37,8.2,0,0.5
38,9.4,0,0.5
39,16.5,0,0.5
40,9.7,0,0.5
41,19.7,0,1.0
42,23.3,0,1.0
43,23.6,0,1.0
44,26.4,0,1.0
45,20.0,0,1.0
46,25.2,0,1.0
47,25.8,0,1.0
48,21.2,0,1.0
49,14.5,0,1.0
50,27.3,0,1.0
51,25.5,0,2.0
52,26.4,0,2.0
53,22.4,0,2.0
54,24.5,0,2.0
55,24.8,0,2.0
56,30.9,0,2.0
57,26.4,0,2.0
58,27.3,0,2.0
59,29.4,0,2.0
60,23.0,0,2.0
