,mfr,calories,protein,fat,sodium,fibre,carbo,sugars,shelf,potassium,vitamins
100% Bran,2,212.12121,12.1212121,3.030303,393.93939,30.30303,15.15152,18.181818,3,848.48485,1
All-Bran,1,212.12121,12.1212121,3.030303,787.87879,27.272727,21.21212,15.151515,3,969.69697,1
All-Bran with Extra Fiber,1,100.0,8.0,0.0,280.0,28.0,16.0,0.0,3,660.0,1
Apple Cinnamon Cheerios,0,146.66667,2.6666667,2.6666667,240.0,2.0,14.0,13.333333,1,93.33333,1
Apple Jacks,1,110.0,2.0,0.0,125.0,1.0,11.0,14.0,2,30.0,1
Basic 4,0,173.33333,4.0,2.6666667,280.0,2.666667,24.0,10.666667,3,133.33333,1
Bran Chex,5,134.32836,2.9850746,1.4925373,298.50746,5.970149,22.38806,8.955224,1,186.56716,1
Bran Flakes,3,134.32836,4.4776119,0.0,313.43284,7.462687,19.40299,7.462687,3,283.58209,1
Cap'n'Crunch,4,160.0,1.3333333,2.6666667,293.33333,0.0,16.0,16.0,2,46.66667,1
Cheerios,0,88.0,4.8,1.6,232.0,1.6,13.6,0.8,1,84.0,1
Cinnamon Toast Crunch,0,160.0,1.3333333,4.0,280.0,0.0,17.33333,12.0,2,60.0,1
Clusters,0,220.0,6.0,4.0,280.0,4.0,26.0,14.0,3,210.0,1
Cocoa Puffs,0,110.0,1.0,1.0,180.0,0.0,12.0,13.0,2,55.0,1
Corn Chex,5,110.0,2.0,0.0,280.0,0.0,22.0,3.0,1,25.0,1
Corn Flakes,1,100.0,2.0,0.0,290.0,1.0,21.0,2.0,1,35.0,1
Corn Pops,1,110.0,1.0,0.0,90.0,1.0,13.0,12.0,2,20.0,1
Count Chocula,0,110.0,1.0,1.0,180.0,0.0,12.0,13.0,2,65.0,1
Cracklin' Oat Bran,1,220.0,6.0,6.0,280.0,8.0,20.0,14.0,3,320.0,1
Crispix,1,110.0,2.0,0.0,220.0,1.0,21.0,3.0,3,30.0,1
Crispy Wheat & Raisins,0,133.33333,2.6666667,1.3333333,186.66667,2.666667,14.66667,13.333333,3,160.0,1
Double Chex,5,133.33333,2.6666667,0.0,253.33333,1.333333,24.0,6.666667,3,106.66667,1
Froot Loops,1,110.0,2.0,1.0,125.0,1.0,11.0,13.0,2,30.0,1
Frosted Flakes,1,146.66667,1.3333333,0.0,266.66667,1.333333,18.66667,14.666667,1,33.33333,1
Frosted Mini-Wheats,1,125.0,3.75,0.0,0.0,3.75,17.5,8.75,2,125.0,1
Fruit & Fibre: Dates Walnuts and Oats,3,179.10448,4.4776119,2.9850746,238.80597,7.462687,17.91045,14.925373,3,298.50746,1
Fruitful Bran,1,179.10448,4.4776119,0.0,358.20896,7.462687,20.89552,17.910448,3,283.58209,1
Fruity Pebbles,3,146.66667,1.3333333,1.3333333,180.0,0.0,17.33333,16.0,2,33.33333,1
Golden Crisp,3,113.63636,2.2727273,0.0,51.13636,0.0,12.5,17.045455,1,45.45455,1
Golden Grahams,0,146.66667,1.3333333,1.3333333,373.33333,0.0,20.0,12.0,2,60.0,1
Grape Nuts Flakes,3,113.63636,3.4090909,1.1363636,159.09091,3.409091,17.04545,5.681818,3,96.59091,1
Grape-Nuts,3,440.0,12.0,0.0,680.0,12.0,68.0,12.0,3,360.0,1
Great Grains Pecan,3,363.63636,9.0909091,9.0909091,227.27273,9.090909,39.39394,12.121212,3,303.0303,1
Honey Graham Ohs,4,120.0,1.0,2.0,220.0,1.0,12.0,11.0,2,45.0,1
Honey Nut Cheerios,0,146.66667,4.0,1.3333333,333.33333,2.0,15.33333,13.333333,1,120.0,1
Honey-comb,3,82.70677,0.7518797,0.0,135.33835,0.0,10.52632,8.270677,1,26.31579,1
Just Right Fruit & Nut,1,186.66667,4.0,1.3333333,226.66667,2.666667,26.66667,12.0,3,126.66667,0
Kix,0,73.33333,1.3333333,0.6666667,173.33333,0.0,14.0,2.0,2,26.66667,1
Life,4,149.25373,5.9701493,2.9850746,223.8806,2.985075,17.91045,8.955224,2,141.79104,1
Lucky Charms,0,110.0,2.0,1.0,180.0,0.0,12.0,12.0,2,55.0,1
Mueslix Crispy Blend,1,238.80597,4.4776119,2.9850746,223.8806,4.477612,25.37313,19.402985,3,238.80597,1
Multi-Grain Cheerios,0,100.0,2.0,1.0,220.0,2.0,15.0,6.0,1,90.0,1
Nut&Honey Crunch,1,179.10448,2.9850746,1.4925373,283.58209,0.0,22.38806,13.432836,2,59.70149,1
Nutri-Grain Almond-Raisin,1,208.95522,4.4776119,2.9850746,328.35821,4.477612,31.34328,10.447761,3,194.02985,1
Oatmeal Raisin Crisp,0,260.0,6.0,4.0,340.0,3.0,27.0,20.0,3,240.0,1
Post Nat. Raisin Bran,3,179.10448,4.4776119,1.4925373,298.50746,8.955224,16.41791,20.895522,3,388.0597,1
Product 19,1,100.0,3.0,0.0,320.0,1.0,20.0,3.0,3,45.0,0
Puffed Rice,4,50.0,1.0,0.0,0.0,0.0,13.0,0.0,3,15.0,2
Quaker Oat Squares,4,200.0,8.0,2.0,270.0,4.0,28.0,12.0,3,220.0,1
Raisin Bran,1,160.0,4.0,1.3333333,280.0,6.666667,18.66667,16.0,2,320.0,1
Raisin Nut Bran,0,200.0,6.0,4.0,280.0,5.0,21.0,16.0,3,280.0,1
Raisin Squares,1,180.0,4.0,0.0,0.0,4.0,30.0,12.0,3,220.0,1
Rice Chex,5,97.34513,0.8849558,0.0,212.38938,0.0,20.35398,1.769912,1,26.54867,1
Rice Krispies,1,110.0,2.0,0.0,290.0,0.0,22.0,3.0,1,35.0,1
Shredded Wheat 'n'Bran,2,134.32836,4.4776119,0.0,0.0,5.970149,28.35821,0.0,1,208.95522,2
Shredded Wheat spoon size,2,134.32836,4.4776119,0.0,0.0,4.477612,29.85075,0.0,1,179.10448,2
Smacks,1,146.66667,2.6666667,1.3333333,93.33333,1.333333,12.0,20.0,2,53.33333,1
Special K,1,110.0,6.0,0.0,230.0,1.0,16.0,3.0,1,55.0,1
Total Corn Flakes,0,110.0,2.0,1.0,200.0,0.0,21.0,3.0,3,35.0,0
Total Raisin Bran,0,140.0,3.0,1.0,190.0,4.0,15.0,14.0,3,230.0,0
Total Whole Grain,0,100.0,3.0,1.0,200.0,3.0,16.0,3.0,3,110.0,0
Triples,0,146.66667,2.6666667,1.3333333,333.33333,0.0,28.0,4.0,3,80.0,1
Trix,0,110.0,1.0,1.0,140.0,0.0,13.0,12.0,2,25.0,1
Wheat Chex,5,149.25373,4.4776119,1.4925373,343.28358,4.477612,25.37313,4.477612,1,171.64179,1
Wheaties,0,100.0,3.0,1.0,200.0,3.0,17.0,3.0,1,110.0,1
Wheaties Honey Gold,0,146.66667,2.6666667,1.3333333,266.66667,1.333333,21.33333,10.666667,1,80.0,1
