,B,V,N,Y
1,0,2,0,111
2,0,2,1,130
3,0,2,2,157
4,0,2,3,174
5,0,0,0,117
6,0,0,1,114
7,0,0,2,161
8,0,0,3,141
9,0,1,0,105
10,0,1,1,140
11,0,1,2,118
12,0,1,3,156
13,1,2,0,61
14,1,2,1,91
15,1,2,2,97
16,1,2,3,100
17,1,0,0,70
18,1,0,1,108
19,1,0,2,126
20,1,0,3,149
21,1,1,0,96
22,1,1,1,124
23,1,1,2,121
24,1,1,3,144
25,2,2,0,68
26,2,2,1,64
27,2,2,2,112
28,2,2,3,86
29,2,0,0,60
30,2,0,1,102
31,2,0,2,89
32,2,0,3,96
33,2,1,0,89
34,2,1,1,129
35,2,1,2,132
36,2,1,3,124
37,3,2,0,74
38,3,2,1,89
39,3,2,2,81
40,3,2,3,122
41,3,0,0,64
42,3,0,1,103
43,3,0,2,132
44,3,0,3,133
45,3,1,0,70
46,3,1,1,89
47,3,1,2,104
48,3,1,3,117
49,4,2,0,62
50,4,2,1,90
51,4,2,2,100
52,4,2,3,116
53,4,0,0,80
54,4,0,1,82
55,4,0,2,94
56,4,0,3,126
57,4,1,0,63
58,4,1,1,70
59,4,1,2,109
60,4,1,3,99
61,5,2,0,53
62,5,2,1,74
63,5,2,2,118
64,5,2,3,113
65,5,0,0,89
66,5,0,1,82
67,5,0,2,86
68,5,0,3,104
69,5,1,0,97
70,5,1,1,99
71,5,1,2,119
72,5,1,3,121
