,FlightNumber,Temperature,Pressure,Fail,nFailures,Damage
1,0,66,50,1,0.0,0.0
2,1,70,50,2,1.0,4.0
3,2,69,50,1,0.0,0.0
4,3,80,50,0,0.0,0.0
5,8,68,50,1,0.0,0.0
6,17,67,50,1,0.0,0.0
7,21,72,50,1,0.0,0.0
8,22,73,50,1,0.0,0.0
9,23,70,100,1,0.0,0.0
10,4,57,100,2,1.0,4.0
11,5,63,200,2,1.0,2.0
12,6,70,200,2,1.0,4.0
13,7,78,200,1,0.0,0.0
14,9,67,200,1,0.0,0.0
15,11,53,200,2,2.0,11.0
16,12,67,200,1,0.0,0.0
17,10,75,200,1,0.0,0.0
18,14,70,200,1,0.0,0.0
19,13,81,200,1,0.0,0.0
20,15,76,200,1,0.0,0.0
21,16,79,200,1,0.0,0.0
22,18,75,200,2,2.0,4.0
23,19,58,200,2,1.0,4.0
24,20,76,200,1,0.0,4.0
