,Opening,Solder,Mask,PadType,Panel,skips
1,0,0,0,8,1,0
2,0,0,0,8,2,0
3,0,0,0,8,3,0
4,0,0,0,0,1,0
5,0,0,0,0,2,0
6,0,0,0,0,3,0
7,0,0,0,3,1,0
8,0,0,0,3,2,0
9,0,0,0,3,3,0
10,0,0,0,1,1,0
11,0,0,0,1,2,0
12,0,0,0,1,3,0
13,0,0,0,4,1,0
14,0,0,0,4,2,0
15,0,0,0,4,3,0
16,0,0,0,2,1,0
17,0,0,0,2,2,0
18,0,0,0,2,3,0
19,0,0,0,5,1,0
20,0,0,0,5,2,0
21,0,0,0,5,3,0
22,0,0,0,6,1,0
23,0,0,0,6,2,0
24,0,0,0,6,3,0
25,0,0,0,9,1,0
26,0,0,0,9,2,0
27,0,0,0,9,3,0
28,0,0,0,7,1,0
29,0,0,0,7,2,0
30,0,0,0,7,3,0
31,1,0,0,8,1,0
32,1,0,0,8,2,0
33,1,0,0,8,3,0
34,1,0,0,0,1,0
35,1,0,0,0,2,1
36,1,0,0,0,3,0
37,1,0,0,3,1,0
38,1,0,0,3,2,2
39,1,0,0,3,3,1
40,1,0,0,1,1,0
41,1,0,0,1,2,0
42,1,0,0,1,3,0
43,1,0,0,4,1,0
44,1,0,0,4,2,0
45,1,0,0,4,3,0
46,1,0,0,2,1,1
47,1,0,0,2,2,0
48,1,0,0,2,3,1
49,1,0,0,5,1,1
50,1,0,0,5,2,0
51,1,0,0,5,3,0
52,1,0,0,6,1,0
53,1,0,0,6,2,0
54,1,0,0,6,3,1
55,1,0,0,9,1,0
56,1,0,0,9,2,0
57,1,0,0,9,3,0
58,1,0,0,7,1,0
59,1,0,0,7,2,0
60,1,0,0,7,3,1
61,2,0,0,8,1,1
62,2,0,0,8,2,0
63,2,0,0,8,3,1
64,2,0,0,0,1,1
65,2,0,0,0,2,0
66,2,0,0,0,3,1
67,2,0,0,3,1,4
68,2,0,0,3,2,3
69,2,0,0,3,3,3
70,2,0,0,1,1,0
71,2,0,0,1,2,1
72,2,0,0,1,3,0
73,2,0,0,4,1,0
74,2,0,0,4,2,1
75,2,0,0,4,3,1
76,2,0,0,2,1,2
77,2,0,0,2,2,2
78,2,0,0,2,3,2
79,2,0,0,5,1,1
80,2,0,0,5,2,0
81,2,0,0,5,3,0
82,2,0,0,6,1,1
83,2,0,0,6,2,1
84,2,0,0,6,3,4
85,2,0,0,9,1,0
86,2,0,0,9,2,0
87,2,0,0,9,3,0
88,2,0,0,7,1,1
89,2,0,0,7,2,1
90,2,0,0,7,3,1
91,0,1,0,8,1,1
92,0,1,0,8,2,1
93,0,1,0,8,3,2
94,0,1,0,0,1,1
95,0,1,0,0,2,1
96,0,1,0,0,3,0
97,0,1,0,3,1,1
98,0,1,0,3,2,1
99,0,1,0,3,3,1
100,0,1,0,1,1,1
101,0,1,0,1,2,1
102,0,1,0,1,3,1
103,0,1,0,4,1,1
104,0,1,0,4,2,0
105,0,1,0,4,3,1
106,0,1,0,2,1,1
107,0,1,0,2,2,0
108,0,1,0,2,3,2
109,0,1,0,5,1,0
110,0,1,0,5,2,1
111,0,1,0,5,3,1
112,0,1,0,6,1,1
113,0,1,0,6,2,0
114,0,1,0,6,3,0
115,0,1,0,9,1,1
116,0,1,0,9,2,2
117,0,1,0,9,3,0
118,0,1,0,7,1,0
119,0,1,0,7,2,0
120,0,1,0,7,3,2
121,1,1,0,8,1,0
122,1,1,0,8,2,2
123,1,1,0,8,3,0
124,1,1,0,0,1,0
125,1,1,0,0,2,0
126,1,1,0,0,3,0
127,1,1,0,3,1,0
128,1,1,0,3,2,2
129,1,1,0,3,3,1
130,1,1,0,1,1,0
131,1,1,0,1,2,0
132,1,1,0,1,3,2
133,1,1,0,4,1,1
134,1,1,0,4,2,0
135,1,1,0,4,3,1
136,1,1,0,2,1,0
137,1,1,0,2,2,2
138,1,1,0,2,3,1
139,1,1,0,5,1,1
140,1,1,0,5,2,0
141,1,1,0,5,3,2
142,1,1,0,6,1,1
143,1,1,0,6,2,0
144,1,1,0,6,3,2
145,1,1,0,9,1,0
146,1,1,0,9,2,0
147,1,1,0,9,3,0
148,1,1,0,7,1,0
149,1,1,0,7,2,2
150,1,1,0,7,3,1
151,2,1,0,8,1,4
152,2,1,0,8,2,7
153,2,1,0,8,3,7
154,2,1,0,0,1,6
155,2,1,0,0,2,9
156,2,1,0,0,3,19
157,2,1,0,3,1,9
158,2,1,0,3,2,9
159,2,1,0,3,3,16
160,2,1,0,1,1,7
161,2,1,0,1,2,3
162,2,1,0,1,3,6
163,2,1,0,4,1,5
164,2,1,0,4,2,3
165,2,1,0,4,3,5
166,2,1,0,2,1,5
167,2,1,0,2,2,11
168,2,1,0,2,3,12
169,2,1,0,5,1,4
170,2,1,0,5,2,6
171,2,1,0,5,3,8
172,2,1,0,6,1,4
173,2,1,0,6,2,4
174,2,1,0,6,3,12
175,2,1,0,9,1,4
176,2,1,0,9,2,0
177,2,1,0,9,3,3
178,2,1,0,7,1,6
179,2,1,0,7,2,4
180,2,1,0,7,3,4
181,0,0,1,8,1,2
182,0,0,1,8,2,0
183,0,0,1,8,3,1
184,0,0,1,0,1,0
185,0,0,1,0,2,0
186,0,0,1,0,3,0
187,0,0,1,3,1,0
188,0,0,1,3,2,1
189,0,0,1,3,3,0
190,0,0,1,1,1,0
191,0,0,1,1,2,0
192,0,0,1,1,3,0
193,0,0,1,4,1,0
194,0,0,1,4,2,0
195,0,0,1,4,3,0
196,0,0,1,2,1,0
197,0,0,1,2,2,0
198,0,0,1,2,3,0
199,0,0,1,5,1,0
200,0,0,1,5,2,0
201,0,0,1,5,3,1
202,0,0,1,6,1,0
203,0,0,1,6,2,0
204,0,0,1,6,3,0
205,0,0,1,9,1,0
206,0,0,1,9,2,0
207,0,0,1,9,3,0
208,0,0,1,7,1,0
209,0,0,1,7,2,0
210,0,0,1,7,3,0
211,1,0,1,8,1,1
212,1,0,1,8,2,3
213,1,0,1,8,3,0
214,1,0,1,0,1,0
215,1,0,1,0,2,0
216,1,0,1,0,3,0
217,1,0,1,3,1,3
218,1,0,1,3,2,5
219,1,0,1,3,3,2
220,1,0,1,1,1,0
221,1,0,1,1,2,0
222,1,0,1,1,3,0
223,1,0,1,4,1,0
224,1,0,1,4,2,1
225,1,0,1,4,3,0
226,1,0,1,2,1,0
227,1,0,1,2,2,1
228,1,0,1,2,3,0
229,1,0,1,5,1,0
230,1,0,1,5,2,1
231,1,0,1,5,3,2
232,1,0,1,6,1,1
233,1,0,1,6,2,0
234,1,0,1,6,3,1
235,1,0,1,9,1,2
236,1,0,1,9,2,1
237,1,0,1,9,3,0
238,1,0,1,7,1,0
239,1,0,1,7,2,0
240,1,0,1,7,3,2
241,2,0,1,8,1,2
242,2,0,1,8,2,2
243,2,0,1,8,3,1
244,2,0,1,0,1,2
245,2,0,1,0,2,1
246,2,0,1,0,3,0
247,2,0,1,3,1,0
248,2,0,1,3,2,3
249,2,0,1,3,3,1
250,2,0,1,1,1,0
251,2,0,1,1,2,0
252,2,0,1,1,3,2
253,2,0,1,4,1,1
254,2,0,1,4,2,1
255,2,0,1,4,3,2
256,2,0,1,2,1,0
257,2,0,1,2,2,3
258,2,0,1,2,3,2
259,2,0,1,5,1,2
260,2,0,1,5,2,1
261,2,0,1,5,3,1
262,2,0,1,6,1,1
263,2,0,1,6,2,3
264,2,0,1,6,3,4
265,2,0,1,9,1,1
266,2,0,1,9,2,0
267,2,0,1,9,3,0
268,2,0,1,7,1,0
269,2,0,1,7,2,0
270,2,0,1,7,3,0
271,0,1,1,8,1,2
272,0,1,1,8,2,0
273,0,1,1,8,3,2
274,0,1,1,0,1,1
275,0,1,1,0,2,2
276,0,1,1,0,3,1
277,0,1,1,3,1,3
278,0,1,1,3,2,6
279,0,1,1,3,3,2
280,0,1,1,1,1,0
281,0,1,1,1,2,0
282,0,1,1,1,3,2
283,0,1,1,4,1,1
284,0,1,1,4,2,1
285,0,1,1,4,3,1
286,0,1,1,2,1,0
287,0,1,1,2,2,0
288,0,1,1,2,3,2
289,0,1,1,5,1,0
290,0,1,1,5,2,2
291,0,1,1,5,3,0
292,0,1,1,6,1,0
293,0,1,1,6,2,0
294,0,1,1,6,3,0
295,0,1,1,9,1,0
296,0,1,1,9,2,0
297,0,1,1,9,3,0
298,0,1,1,7,1,1
299,0,1,1,7,2,2
300,0,1,1,7,3,0
301,1,1,1,8,1,0
302,1,1,1,8,2,1
303,1,1,1,8,3,2
304,1,1,1,0,1,1
305,1,1,1,0,2,5
306,1,1,1,0,3,7
307,1,1,1,3,1,2
308,1,1,1,3,2,2
309,1,1,1,3,3,12
310,1,1,1,1,1,2
311,1,1,1,1,2,0
312,1,1,1,1,3,4
313,1,1,1,4,1,1
314,1,1,1,4,2,3
315,1,1,1,4,3,1
316,1,1,1,2,1,3
317,1,1,1,2,2,4
318,1,1,1,2,3,6
319,1,1,1,5,1,0
320,1,1,1,5,2,0
321,1,1,1,5,3,0
322,1,1,1,6,1,2
323,1,1,1,6,2,0
324,1,1,1,6,3,5
325,1,1,1,9,1,1
326,1,1,1,9,2,0
327,1,1,1,9,3,0
328,1,1,1,7,1,0
329,1,1,1,7,2,3
330,1,1,1,7,3,5
331,2,1,1,8,1,6
332,2,1,1,8,2,16
333,2,1,1,8,3,4
334,2,1,1,0,1,6
335,2,1,1,0,2,16
336,2,1,1,0,3,15
337,2,1,1,3,1,16
338,2,1,1,3,2,23
339,2,1,1,3,3,16
340,2,1,1,1,1,6
341,2,1,1,1,2,11
342,2,1,1,1,3,8
343,2,1,1,4,1,6
344,2,1,1,4,2,10
345,2,1,1,4,3,9
346,2,1,1,2,1,8
347,2,1,1,2,2,12
348,2,1,1,2,3,11
349,2,1,1,5,1,8
350,2,1,1,5,2,4
351,2,1,1,5,3,6
352,2,1,1,6,1,5
353,2,1,1,6,2,12
354,2,1,1,6,3,8
355,2,1,1,9,1,0
356,2,1,1,9,2,2
357,2,1,1,9,3,0
358,2,1,1,7,1,7
359,2,1,1,7,2,13
360,2,1,1,7,3,11
361,0,0,2,8,1,0
362,0,0,2,8,2,0
363,0,0,2,8,3,1
364,0,0,2,0,1,0
365,0,0,2,0,2,0
366,0,0,2,0,3,0
367,0,0,2,3,1,1
368,0,0,2,3,2,5
369,0,0,2,3,3,2
370,0,0,2,1,1,0
371,0,0,2,1,2,1
372,0,0,2,1,3,3
373,0,0,2,4,1,3
374,0,0,2,4,2,3
375,0,0,2,4,3,1
376,0,0,2,2,1,0
377,0,0,2,2,2,0
378,0,0,2,2,3,2
379,0,0,2,5,1,0
380,0,0,2,5,2,2
381,0,0,2,5,3,0
382,0,0,2,6,1,3
383,0,0,2,6,2,2
384,0,0,2,6,3,2
385,0,0,2,9,1,0
386,0,0,2,9,2,0
387,0,0,2,9,3,0
388,0,0,2,7,1,0
389,0,0,2,7,2,0
390,0,0,2,7,3,0
391,1,0,2,8,1,0
392,1,0,2,8,2,1
393,1,0,2,8,3,0
394,1,0,2,0,1,2
395,1,0,2,0,2,0
396,1,0,2,0,3,0
397,1,0,2,3,1,0
398,1,0,2,3,2,3
399,1,0,2,3,3,1
400,1,0,2,1,1,0
401,1,0,2,1,2,0
402,1,0,2,1,3,0
403,1,0,2,4,1,2
404,1,0,2,4,2,2
405,1,0,2,4,3,1
406,1,0,2,2,1,2
407,1,0,2,2,2,2
408,1,0,2,2,3,1
409,1,0,2,5,1,2
410,1,0,2,5,2,1
411,1,0,2,5,3,0
412,1,0,2,6,1,1
413,1,0,2,6,2,1
414,1,0,2,6,3,0
415,1,0,2,9,1,0
416,1,0,2,9,2,0
417,1,0,2,9,3,1
418,1,0,2,7,1,1
419,1,0,2,7,2,2
420,1,0,2,7,3,1
421,2,0,2,8,1,2
422,2,0,2,8,2,6
423,2,0,2,8,3,5
424,2,0,2,0,1,9
425,2,0,2,0,2,9
426,2,0,2,0,3,10
427,2,0,2,3,1,10
428,2,0,2,3,2,14
429,2,0,2,3,3,19
430,2,0,2,1,1,2
431,2,0,2,1,2,6
432,2,0,2,1,3,6
433,2,0,2,4,1,2
434,2,0,2,4,2,2
435,2,0,2,4,3,7
436,2,0,2,2,1,7
437,2,0,2,2,2,7
438,2,0,2,2,3,10
439,2,0,2,5,1,14
440,2,0,2,5,2,8
441,2,0,2,5,3,6
442,2,0,2,6,1,9
443,2,0,2,6,2,8
444,2,0,2,6,3,8
445,2,0,2,9,1,2
446,2,0,2,9,2,1
447,2,0,2,9,3,1
448,2,0,2,7,1,3
449,2,0,2,7,2,5
450,2,0,2,7,3,6
451,0,1,2,8,1,0
452,0,1,2,8,2,1
453,0,1,2,8,3,2
454,0,1,2,0,1,0
455,0,1,2,0,2,5
456,0,1,2,0,3,5
457,0,1,2,3,1,3
458,0,1,2,3,2,9
459,0,1,2,3,3,6
460,0,1,2,1,1,3
461,0,1,2,1,2,1
462,0,1,2,1,3,1
463,0,1,2,4,1,0
464,0,1,2,4,2,4
465,0,1,2,4,3,3
466,0,1,2,2,1,0
467,0,1,2,2,2,2
468,0,1,2,2,3,5
469,0,1,2,5,1,2
470,0,1,2,5,2,2
471,0,1,2,5,3,5
472,0,1,2,6,1,1
473,0,1,2,6,2,4
474,0,1,2,6,3,3
475,0,1,2,9,1,0
476,0,1,2,9,2,1
477,0,1,2,9,3,1
478,0,1,2,7,1,0
479,0,1,2,7,2,0
480,0,1,2,7,3,0
481,1,1,2,8,1,0
482,1,1,2,8,2,1
483,1,1,2,8,3,8
484,1,1,2,0,1,0
485,1,1,2,0,2,3
486,1,1,2,0,3,7
487,1,1,2,3,1,0
488,1,1,2,3,2,3
489,1,1,2,3,3,4
490,1,1,2,1,1,1
491,1,1,2,1,2,1
492,1,1,2,1,3,2
493,1,1,2,4,1,0
494,1,1,2,4,2,2
495,1,1,2,4,3,1
496,1,1,2,2,1,1
497,1,1,2,2,2,2
498,1,1,2,2,3,3
499,1,1,2,5,1,2
500,1,1,2,5,2,2
501,1,1,2,5,3,2
502,1,1,2,6,1,1
503,1,1,2,6,2,5
504,1,1,2,6,3,2
505,1,1,2,9,1,0
506,1,1,2,9,2,0
507,1,1,2,9,3,0
508,1,1,2,7,1,0
509,1,1,2,7,2,0
510,1,1,2,7,3,4
511,2,1,2,8,1,16
512,2,1,2,8,2,27
513,2,1,2,8,3,28
514,2,1,2,0,1,24
515,2,1,2,0,2,29
516,2,1,2,0,3,25
517,2,1,2,3,1,24
518,2,1,2,3,2,34
519,2,1,2,3,3,32
520,2,1,2,1,1,17
521,2,1,2,1,2,27
522,2,1,2,1,3,22
523,2,1,2,4,1,15
524,2,1,2,4,2,11
525,2,1,2,4,3,13
526,2,1,2,2,1,19
527,2,1,2,2,2,24
528,2,1,2,2,3,23
529,2,1,2,5,1,20
530,2,1,2,5,2,18
531,2,1,2,5,3,11
532,2,1,2,6,1,20
533,2,1,2,6,2,28
534,2,1,2,6,3,16
535,2,1,2,9,1,5
536,2,1,2,9,2,3
537,2,1,2,9,3,4
538,2,1,2,7,1,12
539,2,1,2,7,2,14
540,2,1,2,7,3,16
541,0,0,3,8,1,6
542,0,0,3,8,2,8
543,0,0,3,8,3,3
544,0,0,3,0,1,1
545,0,0,3,0,2,0
546,0,0,3,0,3,1
547,0,0,3,3,1,0
548,0,0,3,3,2,0
549,0,0,3,3,3,0
550,0,0,3,1,1,0
551,0,0,3,1,2,0
552,0,0,3,1,3,0
553,0,0,3,4,1,0
554,0,0,3,4,2,0
555,0,0,3,4,3,0
556,0,0,3,2,1,0
557,0,0,3,2,2,0
558,0,0,3,2,3,0
559,0,0,3,5,1,0
560,0,0,3,5,2,0
561,0,0,3,5,3,0
562,0,0,3,6,1,1
563,0,0,3,6,2,0
564,0,0,3,6,3,0
565,0,0,3,9,1,1
566,0,0,3,9,2,1
567,0,0,3,9,3,0
568,0,0,3,7,1,0
569,0,0,3,7,2,1
570,0,0,3,7,3,0
571,1,0,3,8,1,0
572,1,0,3,8,2,2
573,1,0,3,8,3,2
574,1,0,3,0,1,2
575,1,0,3,0,2,5
576,1,0,3,0,3,0
577,1,0,3,3,1,5
578,1,0,3,3,2,9
579,1,0,3,3,3,6
580,1,0,3,1,1,0
581,1,0,3,1,2,2
582,1,0,3,1,3,0
583,1,0,3,4,1,4
584,1,0,3,4,2,1
585,1,0,3,4,3,1
586,1,0,3,2,1,5
587,1,0,3,2,2,4
588,1,0,3,2,3,1
589,1,0,3,5,1,4
590,1,0,3,5,2,3
591,1,0,3,5,3,1
592,1,0,3,6,1,5
593,1,0,3,6,2,10
594,1,0,3,6,3,2
595,1,0,3,9,1,0
596,1,0,3,9,2,2
597,1,0,3,9,3,0
598,1,0,3,7,1,0
599,1,0,3,7,2,2
600,1,0,3,7,3,0
601,2,0,3,8,1,17
602,2,0,3,8,2,10
603,2,0,3,8,3,12
604,2,0,3,0,1,9
605,2,0,3,0,2,22
606,2,0,3,0,3,18
607,2,0,3,3,1,29
608,2,0,3,3,2,30
609,2,0,3,3,3,27
610,2,0,3,1,1,13
611,2,0,3,1,2,13
612,2,0,3,1,3,19
613,2,0,3,4,1,7
614,2,0,3,4,2,14
615,2,0,3,4,3,6
616,2,0,3,2,1,13
617,2,0,3,2,2,19
618,2,0,3,2,3,19
619,2,0,3,5,1,13
620,2,0,3,5,2,21
621,2,0,3,5,3,13
622,2,0,3,6,1,14
623,2,0,3,6,2,15
624,2,0,3,6,3,11
625,2,0,3,9,1,2
626,2,0,3,9,2,5
627,2,0,3,9,3,5
628,2,0,3,7,1,10
629,2,0,3,7,2,7
630,2,0,3,7,3,8
631,0,1,3,8,1,13
632,0,1,3,8,2,11
633,0,1,3,8,3,17
634,0,1,3,0,1,4
635,0,1,3,0,2,11
636,0,1,3,0,3,15
637,0,1,3,3,1,6
638,0,1,3,3,2,17
639,0,1,3,3,3,12
640,0,1,3,1,1,3
641,0,1,3,1,2,3
642,0,1,3,1,3,7
643,0,1,3,4,1,4
644,0,1,3,4,2,6
645,0,1,3,4,3,3
646,0,1,3,2,1,7
647,0,1,3,2,2,11
648,0,1,3,2,3,10
649,0,1,3,5,1,3
650,0,1,3,5,2,3
651,0,1,3,5,3,5
652,0,1,3,6,1,5
653,0,1,3,6,2,11
654,0,1,3,6,3,9
655,0,1,3,9,1,1
656,0,1,3,9,2,0
657,0,1,3,9,3,0
658,0,1,3,7,1,7
659,0,1,3,7,2,8
660,0,1,3,7,3,4
661,1,1,3,8,1,5
662,1,1,3,8,2,7
663,1,1,3,8,3,9
664,1,1,3,0,1,5
665,1,1,3,0,2,21
666,1,1,3,0,3,14
667,1,1,3,3,1,9
668,1,1,3,3,2,17
669,1,1,3,3,3,15
670,1,1,3,1,1,3
671,1,1,3,1,2,7
672,1,1,3,1,3,4
673,1,1,3,4,1,5
674,1,1,3,4,2,4
675,1,1,3,4,3,4
676,1,1,3,2,1,7
677,1,1,3,2,2,14
678,1,1,3,2,3,7
679,1,1,3,5,1,7
680,1,1,3,5,2,7
681,1,1,3,5,3,4
682,1,1,3,6,1,8
683,1,1,3,6,2,5
684,1,1,3,6,3,11
685,1,1,3,9,1,3
686,1,1,3,9,2,4
687,1,1,3,9,3,5
688,1,1,3,7,1,0
689,1,1,3,7,2,8
690,1,1,3,7,3,9
691,2,1,3,8,1,46
692,2,1,3,8,2,48
693,2,1,3,8,3,45
694,2,1,3,0,1,39
695,2,1,3,0,2,44
696,2,1,3,0,3,45
697,2,1,3,3,1,39
698,2,1,3,3,2,41
699,2,1,3,3,3,42
700,2,1,3,1,1,34
701,2,1,3,1,2,44
702,2,1,3,1,3,30
703,2,1,3,4,1,13
704,2,1,3,4,2,25
705,2,1,3,4,3,20
706,2,1,3,2,1,36
707,2,1,3,2,2,43
708,2,1,3,2,3,35
709,2,1,3,5,1,11
710,2,1,3,5,2,29
711,2,1,3,5,3,20
712,2,1,3,6,1,15
713,2,1,3,6,2,31
714,2,1,3,6,3,26
715,2,1,3,9,1,13
716,2,1,3,9,2,21
717,2,1,3,9,3,15
718,2,1,3,7,1,11
719,2,1,3,7,2,33
720,2,1,3,7,3,15
