,time,UKDriverDeaths
1,1969.0,1687
2,1969.08333333333,1508
3,1969.16666666667,1507
4,1969.25,1385
5,1969.33333333333,1632
6,1969.41666666667,1511
7,1969.5,1559
8,1969.58333333333,1630
9,1969.66666666667,1579
10,1969.75,1653
11,1969.83333333333,2152
12,1969.91666666667,2148
13,1970.0,1752
14,1970.08333333333,1765
15,1970.16666666667,1717
16,1970.25,1558
17,1970.33333333333,1575
18,1970.41666666667,1520
19,1970.5,1805
20,1970.58333333333,1800
21,1970.66666666667,1719
22,1970.75,2008
23,1970.83333333333,2242
24,1970.91666666667,2478
25,1971.0,2030
26,1971.08333333333,1655
27,1971.16666666667,1693
28,1971.25,1623
29,1971.33333333333,1805
30,1971.41666666667,1746
31,1971.5,1795
32,1971.58333333333,1926
33,1971.66666666667,1619
34,1971.75,1992
35,1971.83333333333,2233
36,1971.91666666667,2192
37,1972.0,2080
38,1972.08333333333,1768
39,1972.16666666667,1835
40,1972.25,1569
41,1972.33333333333,1976
42,1972.41666666667,1853
43,1972.5,1965
44,1972.58333333333,1689
45,1972.66666666667,1778
46,1972.75,1976
47,1972.83333333333,2397
48,1972.91666666667,2654
49,1973.0,2097
50,1973.08333333333,1963
51,1973.16666666667,1677
52,1973.25,1941
53,1973.33333333333,2003
54,1973.41666666667,1813
55,1973.5,2012
56,1973.58333333333,1912
57,1973.66666666667,2084
58,1973.75,2080
59,1973.83333333333,2118
60,1973.91666666667,2150
61,1974.0,1608
62,1974.08333333333,1503
63,1974.16666666667,1548
64,1974.25,1382
65,1974.33333333333,1731
66,1974.41666666667,1798
67,1974.5,1779
68,1974.58333333333,1887
69,1974.66666666667,2004
70,1974.75,2077
71,1974.83333333333,2092
72,1974.91666666667,2051
73,1975.0,1577
74,1975.08333333333,1356
75,1975.16666666667,1652
76,1975.25,1382
77,1975.33333333333,1519
78,1975.41666666667,1421
79,1975.5,1442
80,1975.58333333333,1543
81,1975.66666666667,1656
82,1975.75,1561
83,1975.83333333333,1905
84,1975.91666666667,2199
85,1976.0,1473
86,1976.08333333333,1655
87,1976.16666666667,1407
88,1976.25,1395
89,1976.33333333333,1530
90,1976.41666666667,1309
91,1976.5,1526
92,1976.58333333333,1327
93,1976.66666666667,1627
94,1976.75,1748
95,1976.83333333333,1958
96,1976.91666666667,2274
97,1977.0,1648
98,1977.08333333334,1401
99,1977.16666666667,1411
100,1977.25,1403
101,1977.33333333334,1394
102,1977.41666666667,1520
103,1977.5,1528
104,1977.58333333334,1643
105,1977.66666666667,1515
106,1977.75,1685
107,1977.83333333334,2000
108,1977.91666666667,2215
109,1978.0,1956
110,1978.08333333334,1462
111,1978.16666666667,1563
112,1978.25,1459
113,1978.33333333334,1446
114,1978.41666666667,1622
115,1978.5,1657
116,1978.58333333334,1638
117,1978.66666666667,1643
118,1978.75,1683
119,1978.83333333334,2050
120,1978.91666666667,2262
121,1979.0,1813
122,1979.08333333334,1445
123,1979.16666666667,1762
124,1979.25,1461
125,1979.33333333334,1556
126,1979.41666666667,1431
127,1979.5,1427
128,1979.58333333334,1554
129,1979.66666666667,1645
130,1979.75,1653
131,1979.83333333334,2016
132,1979.91666666667,2207
133,1980.0,1665
134,1980.08333333334,1361
135,1980.16666666667,1506
136,1980.25,1360
137,1980.33333333334,1453
138,1980.41666666667,1522
139,1980.5,1460
140,1980.58333333334,1552
141,1980.66666666667,1548
142,1980.75,1827
143,1980.83333333334,1737
144,1980.91666666667,1941
145,1981.0,1474
146,1981.08333333334,1458
147,1981.16666666667,1542
148,1981.25,1404
149,1981.33333333334,1522
150,1981.41666666667,1385
151,1981.5,1641
152,1981.58333333334,1510
153,1981.66666666667,1681
154,1981.75,1938
155,1981.83333333334,1868
156,1981.91666666667,1726
157,1982.0,1456
158,1982.08333333334,1445
159,1982.16666666667,1456
160,1982.25,1365
161,1982.33333333334,1487
162,1982.41666666667,1558
163,1982.5,1488
164,1982.58333333334,1684
165,1982.66666666667,1594
166,1982.75,1850
167,1982.83333333334,1998
168,1982.91666666667,2079
169,1983.0,1494
170,1983.08333333334,1057
171,1983.16666666667,1218
172,1983.25,1168
173,1983.33333333334,1236
174,1983.41666666667,1076
175,1983.5,1174
176,1983.58333333334,1139
177,1983.66666666667,1427
178,1983.75,1487
179,1983.83333333334,1483
180,1983.91666666667,1513
181,1984.0,1357
182,1984.08333333334,1165
183,1984.16666666667,1282
184,1984.25,1110
185,1984.33333333334,1297
186,1984.41666666667,1185
187,1984.5,1222
188,1984.58333333334,1284
189,1984.66666666667,1444
190,1984.75,1575
191,1984.83333333334,1737
192,1984.91666666667,1763
