,obs,race,marital,age,yschool,iinfct,npartner,os12m,os30d,rs12m,rs30d,abdpain,discharge,dysuria,condom,itch,lesion,rash,lymph,vagina,dchexam,abnode,rinfct,time
1,1,0,2,19,14,3,1,0,0,0,0,0,0,0,3,0,0,0,0,0,1,0,0,984
2,2,0,2,23,16,2,2,1,0,0,0,0,0,0,2,0,0,0,0,0,1,0,0,984
3,3,1,0,33,12,2,3,1,1,1,0,0,0,0,1,0,0,0,0,0,0,0,0,42
4,4,0,2,43,12,3,1,0,0,0,0,0,0,0,1,0,0,0,0,0,1,0,1,54
5,5,0,2,30,14,2,2,1,1,1,1,1,1,0,2,0,0,0,0,0,1,0,1,77
6,6,0,2,24,11,3,1,0,0,0,0,0,0,0,3,0,0,0,0,0,1,0,0,70
7,7,1,2,33,14,3,1,0,0,0,0,0,1,0,3,1,0,0,0,0,1,0,0,714
8,8,0,2,36,10,3,2,0,0,0,0,1,1,0,3,0,0,0,0,0,1,0,0,488
9,9,0,0,30,11,3,1,1,1,0,0,0,0,0,2,0,0,0,0,0,1,0,0,215
10,10,0,1,34,12,2,1,1,1,1,0,0,0,0,3,0,0,0,0,0,1,0,1,824
11,11,0,0,32,12,3,6,1,1,0,0,1,1,0,2,0,0,0,0,1,1,0,0,1468
12,12,1,2,21,15,2,1,0,0,0,0,0,0,0,2,0,0,0,0,0,1,0,0,346
13,13,0,2,20,14,1,1,0,0,0,0,0,0,0,2,0,0,0,0,0,1,0,0,120
14,14,0,2,19,12,3,1,0,0,0,0,0,1,0,3,0,0,0,0,1,1,0,1,683
15,15,0,0,29,10,3,1,0,0,0,0,0,0,0,3,0,0,0,0,0,1,0,0,672
16,16,0,2,34,12,3,1,0,0,0,0,1,1,1,3,0,0,0,0,0,1,0,0,1338
17,17,0,2,32,12,3,2,1,0,0,0,0,0,0,3,0,0,0,0,0,1,0,0,730
18,18,1,2,17,10,2,2,0,0,0,0,0,1,1,2,1,1,0,0,0,0,0,1,390
19,19,1,2,19,12,2,1,1,1,0,0,0,0,0,2,0,0,0,0,0,1,0,0,369
20,20,0,2,22,12,1,2,0,0,0,0,0,0,0,2,0,0,0,0,0,1,0,1,4
21,21,0,2,23,12,2,1,1,0,0,0,0,1,0,3,0,0,0,0,0,1,0,0,1437
22,22,0,2,17,10,3,1,0,0,0,0,0,1,0,2,1,0,0,0,0,1,0,0,1075
23,23,0,2,20,14,2,0,0,0,0,0,0,1,0,3,0,0,0,0,0,1,0,0,4
24,24,0,2,16,10,1,1,0,0,0,0,0,0,0,3,0,0,0,0,0,1,0,0,4
25,25,1,2,19,12,1,2,0,0,0,0,0,1,1,2,1,0,0,0,0,1,0,0,285
26,26,1,2,20,14,2,2,0,0,0,0,0,0,0,3,1,0,0,0,0,1,0,0,413
27,27,1,2,19,12,2,1,1,1,0,0,1,0,1,2,0,0,0,0,0,1,0,0,5
28,28,1,2,20,14,2,2,1,1,0,0,0,1,0,2,1,0,0,1,0,1,0,0,27
29,29,0,2,28,12,3,4,0,0,0,0,0,1,0,2,1,0,0,0,0,1,0,0,6
30,30,0,0,33,12,2,1,1,0,0,0,1,1,0,2,1,0,0,0,0,1,0,0,307
31,31,1,2,17,12,2,1,1,0,0,0,0,1,1,2,0,0,0,0,0,1,0,1,628
32,32,0,2,32,9,2,1,0,0,0,0,1,0,0,2,0,0,0,0,0,1,0,0,645
33,33,0,2,22,13,3,0,0,0,0,0,0,1,0,2,0,0,0,0,0,1,0,0,841
34,34,0,2,21,12,3,1,0,0,0,0,0,0,0,1,0,0,0,0,0,1,1,1,956
35,35,1,2,20,12,2,1,1,0,0,0,0,1,1,2,0,0,0,0,1,1,0,1,42
36,36,0,1,26,12,1,5,1,1,0,0,0,1,0,2,1,0,0,0,1,1,0,0,304
37,37,0,2,17,11,3,1,0,0,0,0,0,1,1,3,0,0,0,0,0,1,0,1,467
38,38,0,2,23,12,3,1,0,0,0,0,1,1,0,3,0,0,0,0,0,1,0,1,367
39,39,1,0,21,9,3,3,1,1,0,0,0,0,0,2,1,1,0,0,0,1,0,0,951
40,40,0,2,16,11,2,2,0,0,0,0,0,0,0,3,0,0,0,0,0,1,0,0,860
41,41,0,2,17,11,2,1,0,0,0,0,0,0,0,1,0,0,0,0,1,1,0,1,4
42,42,1,2,19,12,1,2,0,0,0,0,0,0,0,2,1,0,0,0,0,1,0,1,116
43,43,1,2,19,12,2,2,0,0,0,0,0,1,0,2,1,0,0,0,0,1,0,0,418
44,44,0,0,24,15,2,1,0,0,0,0,0,0,0,2,0,0,0,0,0,1,0,0,49
45,45,1,2,19,12,2,1,0,0,0,0,0,0,0,3,0,0,0,0,0,1,0,1,489
46,46,0,2,17,11,3,1,0,0,0,0,1,1,1,1,0,1,0,0,1,1,0,1,5
47,47,0,2,14,9,2,1,0,0,0,0,0,0,1,2,0,0,0,0,0,1,0,0,1082
48,48,0,2,17,11,2,1,0,0,0,0,0,0,0,2,1,0,0,0,0,1,0,0,1
49,49,0,2,18,12,2,2,0,0,0,0,0,1,0,3,0,0,0,0,0,1,0,1,890
50,50,0,2,18,10,3,2,0,0,0,0,0,0,0,2,0,0,0,0,0,1,0,1,123
51,51,0,2,17,10,2,0,0,0,0,0,0,0,0,3,0,0,1,0,0,1,0,1,803
52,52,0,2,18,12,2,1,0,0,0,0,0,1,0,3,0,0,0,0,1,1,0,0,533
53,53,1,0,27,14,3,2,1,1,0,0,0,1,0,2,0,0,0,0,0,1,0,1,544
54,54,1,2,30,14,3,1,1,1,0,0,0,1,0,2,0,0,0,0,0,1,0,0,381
55,55,0,2,25,9,3,4,1,1,0,0,1,1,0,2,0,0,0,0,0,1,0,1,106
56,56,0,2,17,9,3,1,0,0,0,0,0,0,0,2,0,0,0,0,0,1,0,0,223
57,57,1,2,18,12,3,2,1,1,0,0,1,1,0,1,0,0,0,0,0,0,0,0,147
58,58,0,2,17,11,3,1,0,0,0,0,0,1,1,2,0,0,0,0,1,1,0,1,462
59,59,0,2,19,13,3,1,0,0,0,0,1,0,0,1,0,0,0,0,1,1,0,0,191
60,60,0,2,16,10,3,1,0,0,0,0,1,1,0,2,0,0,0,0,0,1,0,0,434
61,61,0,0,38,10,3,1,0,0,1,0,1,1,0,3,0,0,0,0,0,1,0,0,1222
62,62,0,2,16,9,2,1,0,0,0,0,0,1,0,2,0,0,0,0,0,1,0,1,353
63,63,0,2,18,12,3,1,0,0,0,0,0,0,1,2,0,0,0,0,0,1,0,1,373
64,64,0,2,27,11,1,1,0,0,0,0,0,0,0,3,0,0,0,0,0,1,0,1,153
65,65,0,2,20,13,2,1,0,0,0,0,0,0,0,2,1,1,0,0,0,1,0,0,1191
66,66,0,1,27,12,1,1,0,0,0,0,1,0,1,2,0,0,0,0,0,1,0,0,1004
67,67,1,1,16,8,2,1,1,0,0,0,0,0,0,3,0,0,0,0,0,1,0,0,12
68,68,1,2,16,10,2,0,0,0,0,0,0,0,0,2,0,0,0,0,0,1,0,0,356
69,69,0,2,29,12,1,2,1,1,0,0,0,0,1,3,0,0,0,0,0,1,0,1,186
70,70,1,2,23,14,3,1,1,1,0,0,0,1,0,2,1,0,0,0,0,1,0,0,145
71,71,0,2,24,12,3,2,1,1,0,0,0,1,0,2,0,0,0,0,0,1,0,0,646
72,72,1,2,26,12,3,2,0,0,0,0,0,0,0,2,0,0,0,0,0,1,0,0,1233
73,73,1,2,25,16,2,2,1,0,0,0,0,1,0,3,0,0,0,0,0,1,0,1,842
74,74,1,2,19,12,2,1,0,0,0,0,0,0,0,1,0,0,0,0,0,1,0,0,7
75,75,1,2,16,9,2,3,0,0,0,0,0,0,0,2,0,0,0,0,0,1,0,0,628
76,76,1,2,18,12,2,1,0,0,0,0,0,1,1,2,0,0,0,0,0,1,0,1,252
77,77,1,2,19,12,2,1,0,0,0,0,1,0,1,2,0,0,0,0,0,1,0,1,58
78,78,0,2,19,11,2,1,0,0,0,0,0,1,0,3,0,0,0,0,0,1,0,1,101
79,79,0,2,26,12,2,1,1,1,0,0,0,0,0,3,0,0,0,0,0,1,0,1,107
80,80,0,2,19,11,3,2,0,0,0,0,0,1,1,2,1,1,0,0,0,1,0,0,50
81,81,1,2,20,14,2,1,1,1,0,0,0,0,0,2,0,0,0,0,0,1,0,1,222
82,82,1,2,21,13,2,1,1,1,0,0,0,0,0,3,0,0,0,0,0,1,0,0,55
83,83,0,2,18,12,1,1,0,0,0,0,0,1,0,2,0,0,0,0,0,1,0,0,115
84,84,1,0,25,13,2,1,1,1,0,0,0,1,0,3,0,0,0,0,0,1,0,0,838
85,85,0,2,19,12,1,1,1,0,0,0,0,1,0,2,0,0,0,0,0,1,0,1,323
86,86,0,1,18,12,3,1,0,0,0,0,0,1,0,3,1,0,0,0,0,1,0,1,1162
87,87,0,2,16,10,2,0,0,0,0,0,0,0,0,2,1,0,0,0,0,1,0,0,926
88,88,0,2,19,12,2,1,0,0,0,0,0,0,0,2,0,0,0,1,0,0,0,1,10
89,89,1,2,18,12,3,1,0,0,0,0,0,1,0,2,0,0,0,0,0,1,0,0,1067
90,90,1,1,18,11,2,1,1,0,0,0,0,1,1,3,1,1,0,0,1,1,0,0,972
91,91,0,2,19,12,3,2,0,0,0,0,1,0,1,2,0,0,0,0,0,1,0,1,484
92,92,1,2,20,12,2,1,0,0,0,0,0,1,0,2,0,0,0,0,0,1,0,0,1014
93,93,0,2,22,12,3,1,0,0,0,0,1,1,0,1,0,0,0,0,0,1,0,0,821
94,94,0,2,17,10,3,2,0,0,0,0,0,1,0,2,1,0,0,0,1,1,0,0,355
95,95,1,2,21,12,2,1,1,1,0,0,0,0,0,3,1,0,0,0,0,1,0,0,15
96,96,1,2,18,12,2,1,0,0,0,0,0,0,1,3,0,0,0,0,0,1,0,0,1083
97,97,0,2,14,6,1,1,0,0,0,0,0,0,0,3,0,0,0,0,1,1,0,0,12
98,98,0,2,18,12,3,5,0,0,0,0,0,0,0,2,0,0,0,0,0,1,0,1,83
99,99,0,2,19,12,3,2,0,0,0,0,0,0,0,2,0,0,0,0,0,1,0,0,719
100,100,0,2,15,8,2,0,0,0,0,0,0,1,0,2,0,0,0,0,0,1,0,1,383
101,101,0,2,16,9,2,1,0,0,0,0,0,1,0,2,1,0,0,0,0,1,0,1,144
102,102,0,2,17,11,3,1,0,0,0,0,0,0,1,2,1,0,0,0,0,1,0,0,1
103,103,0,2,32,12,1,1,0,0,0,0,0,1,0,2,0,0,0,0,0,1,0,1,336
104,104,0,2,19,12,1,2,0,0,0,0,0,1,1,3,1,0,1,0,1,1,0,0,18
105,105,0,2,19,12,2,0,0,0,0,0,0,0,0,3,0,0,0,0,0,1,0,1,5
106,106,1,2,20,12,2,1,1,0,0,0,0,0,0,2,0,0,0,0,0,1,0,0,11
107,107,1,2,21,8,1,3,1,1,0,0,0,1,0,2,0,0,0,0,0,1,0,0,495
108,108,0,2,17,11,3,1,0,0,0,0,0,1,0,3,0,0,0,0,0,1,0,0,1292
109,109,1,2,19,13,1,1,1,1,0,0,0,1,1,2,1,0,0,0,0,1,0,1,1207
110,110,0,2,16,10,2,2,0,0,0,0,0,1,0,2,1,0,0,0,0,1,0,1,339
111,111,0,2,19,10,2,1,0,0,0,0,0,0,0,3,0,0,0,0,0,1,0,1,705
112,112,0,2,25,12,3,1,0,0,0,0,1,0,0,3,0,0,0,0,0,1,0,0,93
113,113,0,0,41,12,3,1,1,1,1,1,0,0,0,3,0,0,0,0,0,0,0,0,653
114,114,1,2,19,12,2,1,0,0,0,0,0,0,1,3,0,0,0,0,0,1,0,0,57
115,115,1,2,17,11,2,1,0,0,0,0,1,1,0,2,0,0,0,0,0,0,0,1,82
116,116,0,2,22,16,2,1,1,0,0,0,0,0,0,1,0,0,0,0,1,1,0,0,50
117,117,1,2,20,14,2,1,0,0,0,0,0,1,0,2,0,0,0,0,0,1,0,0,1018
118,118,1,2,26,14,3,1,1,1,1,0,0,0,0,3,0,0,0,0,0,1,0,0,8
119,119,0,2,18,11,3,1,0,0,0,0,0,1,0,2,1,0,0,0,0,1,0,0,1107
120,120,1,2,18,12,1,1,0,0,0,0,0,0,0,2,0,0,0,0,0,1,0,1,75
121,121,0,2,32,10,2,1,0,0,0,0,0,1,0,2,1,0,1,0,1,1,0,0,532
122,122,0,2,30,12,2,1,1,1,0,0,0,1,0,3,0,0,0,0,0,1,0,0,362
123,123,1,2,19,14,2,1,0,0,0,0,0,1,0,2,0,0,0,0,0,1,0,0,573
124,124,0,2,31,12,3,1,0,0,0,0,0,0,0,3,0,0,0,0,0,1,0,0,846
125,125,0,2,23,12,3,1,0,0,0,0,0,0,0,2,0,0,0,0,0,1,0,0,18
126,126,1,2,16,10,2,1,0,0,0,0,0,1,0,2,0,0,0,0,0,1,0,0,1118
127,127,1,0,29,12,2,1,1,1,1,0,0,0,0,3,0,0,0,0,0,1,0,1,180
128,128,1,2,21,12,3,1,1,1,0,0,0,1,0,3,0,0,0,0,0,1,0,0,717
129,129,1,2,24,15,3,1,1,1,0,0,1,0,1,3,0,0,0,0,0,1,0,0,1180
130,130,0,2,15,9,1,1,0,0,0,0,0,0,1,2,1,0,0,0,0,1,0,1,19
131,131,1,2,17,11,1,1,0,0,0,0,0,0,0,2,0,0,0,0,0,1,0,1,194
132,132,0,2,16,10,3,1,0,0,0,0,0,0,1,2,0,0,0,0,0,1,0,0,1355
133,133,0,2,19,11,1,3,1,0,1,1,0,1,0,2,1,0,0,0,0,1,0,1,509
134,134,1,2,31,12,3,2,1,1,1,0,0,0,0,3,0,0,0,0,0,1,0,1,574
135,135,0,2,26,11,3,2,1,0,0,0,0,1,0,2,0,0,0,0,1,1,0,1,62
136,136,0,2,22,12,2,1,0,0,0,0,0,1,1,3,1,0,0,0,0,1,0,1,84
137,137,0,2,19,12,2,1,1,1,0,0,0,1,0,3,0,0,0,0,0,1,0,1,90
138,138,1,2,16,10,2,0,1,1,0,0,0,1,0,2,0,0,0,0,0,1,0,1,18
139,139,0,2,19,12,2,1,0,0,0,0,0,0,0,3,0,0,0,0,0,1,0,0,420
140,140,0,2,22,12,1,2,1,1,0,0,0,0,0,2,0,0,0,0,0,1,0,0,264
141,141,0,2,17,11,1,1,0,0,0,0,0,1,0,3,0,0,0,0,0,1,0,0,304
142,142,0,2,15,9,2,0,0,0,0,0,0,0,0,2,1,0,1,0,0,1,1,1,250
143,143,0,2,29,13,3,0,0,0,0,0,0,1,0,2,0,0,0,0,0,1,0,1,1
144,144,0,2,20,12,3,1,0,0,0,0,1,1,0,3,0,0,0,0,0,1,0,0,837
145,145,0,2,17,10,1,1,0,0,0,0,0,0,1,2,0,0,0,0,0,1,0,1,152
146,146,1,2,17,9,1,1,0,0,0,0,0,1,0,2,1,1,1,0,0,0,0,1,297
147,147,1,2,20,12,3,1,0,0,0,0,0,0,0,3,0,0,0,0,0,1,0,0,762
148,148,0,2,17,10,2,1,0,0,0,0,0,0,0,2,0,0,1,0,0,1,0,1,693
149,149,1,2,22,12,1,1,0,0,0,0,0,0,0,3,0,0,0,0,0,1,0,0,444
150,150,0,2,22,12,2,1,0,0,0,0,0,0,0,2,0,0,0,0,0,1,0,0,706
151,151,0,2,20,13,2,0,0,0,0,0,0,0,0,3,0,0,0,0,0,1,0,0,1425
152,152,0,2,19,12,2,1,0,0,0,0,0,0,1,2,0,0,0,0,1,1,0,0,3
153,153,0,2,21,12,3,1,0,0,0,0,0,1,0,3,0,0,0,0,0,1,0,1,5
154,154,0,0,28,11,2,1,1,1,0,0,0,0,0,2,0,0,0,0,0,0,0,0,880
155,155,0,2,20,14,3,1,0,0,0,0,1,1,0,1,0,0,0,0,0,1,0,0,561
156,156,1,2,18,11,2,0,0,0,0,0,0,1,0,3,1,0,0,0,0,1,0,0,312
157,157,0,2,18,12,2,1,0,0,0,0,0,1,0,2,0,0,0,0,0,1,0,1,78
158,158,0,2,20,12,3,3,0,0,0,0,1,1,1,2,0,0,0,0,0,1,0,1,196
159,159,0,2,15,9,1,3,0,0,0,0,0,1,0,2,0,0,0,0,0,1,0,1,400
160,160,0,2,16,11,3,0,0,0,0,0,0,0,0,2,0,0,0,0,0,1,0,0,5
161,161,0,2,25,9,1,2,0,0,0,0,0,1,0,2,0,0,0,0,0,1,0,1,567
162,162,1,2,18,11,2,0,1,0,0,0,0,1,0,3,1,0,0,0,0,1,0,0,980
163,163,0,2,15,9,2,1,1,1,0,0,1,1,0,3,1,1,0,1,0,0,0,1,742
164,164,0,2,20,10,2,1,0,0,0,0,0,0,0,3,0,0,0,0,0,1,0,0,679
165,165,1,2,19,12,3,2,1,0,0,0,0,1,1,2,0,0,0,0,0,1,0,0,226
166,166,1,2,17,9,2,1,0,0,1,0,0,1,0,2,0,1,0,1,0,0,0,1,3
167,167,1,2,22,9,3,1,0,0,0,0,0,0,0,3,0,0,0,0,0,1,0,0,116
168,168,1,2,19,12,2,1,1,1,0,0,0,0,1,3,1,0,0,0,1,1,0,0,90
169,169,0,2,14,7,3,2,0,0,0,0,0,1,0,2,0,0,0,0,0,1,0,0,319
170,170,1,2,18,12,1,3,1,1,0,0,0,1,0,2,0,0,0,0,0,1,0,0,12
171,171,0,2,18,10,3,1,0,0,0,0,0,1,0,2,0,0,0,0,0,1,0,1,709
172,172,1,2,16,10,3,2,0,0,0,0,0,0,1,2,0,0,0,0,0,1,0,0,49
173,173,1,2,17,11,3,1,0,0,0,0,0,0,0,3,0,0,0,0,0,1,0,1,69
174,174,0,2,19,12,3,1,0,0,0,0,0,1,0,3,0,0,0,0,0,1,0,0,566
175,175,1,2,20,11,3,1,1,1,0,0,0,0,1,2,0,0,0,0,0,1,0,0,163
176,176,0,2,21,12,2,1,1,1,0,0,1,1,0,3,0,0,0,0,0,1,0,0,201
177,177,1,2,22,12,2,0,0,0,0,0,0,0,0,3,0,0,0,0,0,1,0,0,789
178,178,0,2,17,11,1,1,0,0,0,0,1,0,0,2,0,0,0,0,0,1,0,1,17
179,179,1,2,18,12,2,0,0,0,0,0,1,1,0,1,0,0,0,0,0,1,0,0,319
180,180,1,2,19,12,3,1,1,1,0,0,0,0,0,3,0,0,0,0,0,1,0,0,746
181,181,0,2,20,14,3,1,1,1,0,0,0,0,0,1,0,0,0,0,0,1,0,0,733
182,182,1,2,16,10,2,2,0,0,0,0,0,1,0,2,1,1,0,0,1,1,0,1,244
183,183,1,2,19,12,2,1,1,1,0,0,0,1,0,1,0,0,0,0,0,1,0,0,62
184,184,1,2,17,10,2,1,0,0,0,0,0,0,0,1,1,0,0,0,0,1,1,1,105
185,185,0,2,15,9,3,1,0,0,0,0,0,0,0,2,0,0,0,0,0,1,0,1,527
186,186,1,2,17,10,2,1,0,0,0,0,0,0,0,2,0,0,0,0,0,1,0,0,28
187,187,0,2,19,13,1,2,0,0,0,0,0,0,0,2,0,0,0,0,0,1,0,0,73
188,188,0,2,17,11,2,1,0,0,0,0,1,0,0,2,0,0,0,0,0,1,0,1,170
189,189,0,2,18,11,3,1,0,0,0,0,0,1,0,3,0,0,0,0,0,1,0,1,1096
190,190,0,2,17,11,3,1,0,0,0,0,0,0,0,2,0,0,0,0,0,1,0,0,893
191,191,0,2,16,10,2,1,0,0,0,0,0,1,0,2,1,0,0,0,0,1,0,0,11
192,192,1,2,16,10,2,1,1,1,0,0,0,0,0,2,0,0,0,0,0,1,0,0,731
193,193,0,2,18,12,2,1,0,0,0,0,1,0,0,2,0,0,0,0,0,1,0,0,190
194,194,1,1,20,12,2,1,1,0,1,0,0,0,0,2,0,0,0,0,0,1,0,0,499
195,195,0,2,22,12,3,1,0,0,0,0,0,1,0,3,0,0,0,0,0,1,0,1,165
196,196,0,2,20,11,2,1,0,0,0,0,0,1,0,2,0,0,0,0,0,1,0,1,110
197,197,0,2,22,15,2,1,0,0,0,0,0,1,0,2,0,0,0,0,0,1,0,0,677
198,198,0,2,17,11,2,1,0,0,0,0,0,0,0,2,0,0,0,0,0,1,0,0,1355
199,199,0,2,17,12,2,1,0,0,0,0,0,0,0,3,0,0,0,0,0,1,0,0,116
200,200,0,2,16,13,3,1,0,0,0,0,0,0,0,2,0,0,0,0,0,1,0,1,424
201,201,1,2,21,12,2,1,0,0,0,0,0,1,0,2,1,0,0,0,0,1,0,0,408
202,202,0,2,21,14,3,1,1,1,0,0,0,0,0,3,1,0,0,0,0,1,0,0,223
203,203,0,2,32,14,3,1,0,0,0,0,1,0,0,2,0,0,0,0,0,1,1,0,286
204,204,1,2,16,10,3,1,1,1,0,0,0,0,0,3,0,0,0,0,0,1,0,1,653
205,205,1,2,21,15,2,1,0,0,0,0,0,0,0,3,0,0,0,0,1,1,0,0,446
206,206,1,2,19,13,2,0,1,0,0,0,0,0,0,3,0,1,0,0,0,0,0,0,1
207,207,0,0,29,10,3,1,0,0,0,0,0,0,0,3,0,0,0,0,0,1,0,1,378
208,208,1,2,18,10,2,1,0,0,0,0,0,0,0,3,0,0,0,0,0,1,0,0,248
209,209,0,2,27,12,3,1,0,0,0,0,0,1,1,2,0,0,0,0,0,1,0,1,227
210,210,0,2,20,12,3,1,0,0,0,0,0,0,0,3,0,0,0,0,0,1,0,0,608
211,211,0,2,24,12,3,1,1,1,0,0,0,0,0,2,0,0,0,0,1,1,0,0,1064
212,212,1,2,21,12,1,1,0,0,0,0,0,0,0,2,0,0,0,0,0,1,0,1,477
213,213,0,2,29,12,3,1,0,0,1,1,0,1,0,3,0,0,0,0,1,1,0,0,5
214,214,0,2,18,10,2,1,0,0,0,0,0,0,0,2,0,0,0,0,0,1,0,1,538
215,215,0,2,19,13,3,1,1,0,0,0,1,1,0,2,1,0,0,0,0,1,0,0,587
216,216,0,2,28,11,3,1,0,0,0,0,0,0,0,3,0,0,0,0,0,1,0,0,127
217,217,0,2,15,9,1,0,0,0,0,0,0,1,1,2,0,0,0,0,0,1,0,1,289
218,218,0,2,19,11,3,1,1,1,0,0,0,1,0,3,0,0,0,0,0,1,0,0,669
219,219,0,1,29,12,3,2,0,0,0,0,1,1,1,2,1,0,0,0,0,1,0,0,314
220,220,0,0,29,11,2,2,0,0,0,0,0,0,0,3,0,0,1,0,0,1,0,0,5
221,221,0,2,18,11,1,1,1,1,1,1,0,0,0,1,0,0,0,0,0,1,0,0,1481
222,222,0,2,17,10,1,1,0,0,0,0,1,1,0,2,0,0,0,0,0,1,0,0,990
223,223,1,2,20,10,2,1,1,1,0,0,0,0,0,3,1,0,0,0,0,1,0,0,855
224,224,0,2,20,14,2,1,0,0,0,0,0,0,0,3,0,0,0,0,0,1,0,0,306
225,225,0,2,20,12,1,1,0,0,0,0,0,0,0,2,0,0,0,0,0,1,0,0,384
226,226,0,2,16,10,1,3,0,0,0,0,0,1,0,2,0,0,0,0,0,1,1,0,3
227,227,0,2,19,12,2,4,0,0,1,1,0,1,0,2,1,0,0,0,0,1,0,1,38
228,228,0,2,17,10,1,1,1,1,0,0,0,1,0,2,0,0,0,0,0,1,0,0,375
229,229,0,2,19,14,3,0,0,0,0,0,0,1,0,3,0,0,0,0,0,1,0,1,142
230,230,0,2,17,11,2,1,0,0,0,0,0,1,0,2,0,0,0,0,0,1,0,1,7
231,231,1,2,23,14,2,1,0,0,0,0,0,1,0,3,0,0,0,0,0,1,0,0,22
232,232,0,2,17,11,2,1,0,0,0,0,0,1,0,2,0,0,0,0,0,1,0,0,85
233,233,1,2,21,12,3,3,1,1,0,0,0,0,0,3,1,0,0,0,0,1,0,1,218
234,234,1,2,22,12,3,0,0,0,0,0,0,1,0,2,1,0,0,0,0,1,0,0,1
235,235,0,2,21,13,2,1,1,0,0,0,0,1,0,2,0,0,0,0,0,1,0,1,57
236,236,0,2,25,16,2,1,0,0,0,0,0,1,0,3,1,0,0,0,0,1,0,0,691
237,237,0,2,20,12,3,0,0,0,0,0,0,0,0,2,1,0,0,0,1,1,0,1,47
238,238,0,2,17,11,2,1,0,0,0,0,0,1,0,3,0,0,0,0,0,1,0,1,472
239,239,1,2,19,13,1,2,0,0,0,0,0,1,1,3,0,0,0,0,0,1,0,0,19
240,240,0,2,15,8,2,1,0,0,0,0,0,0,0,3,0,0,0,0,0,1,0,0,28
241,241,1,2,15,8,2,1,1,0,0,0,1,1,0,3,0,0,0,0,1,1,0,0,16
242,242,1,2,20,14,1,1,0,0,0,0,1,0,0,2,0,0,0,0,0,1,0,1,55
243,243,0,2,27,14,2,1,1,1,0,0,0,0,0,2,0,0,0,0,0,1,0,0,447
244,244,1,2,19,13,2,1,0,0,0,0,0,0,0,2,0,0,0,0,0,1,0,0,43
245,245,1,2,21,12,2,1,0,0,1,0,0,0,0,3,0,0,0,0,0,1,0,1,468
246,246,0,2,16,9,1,1,0,0,0,0,0,1,0,2,0,0,0,0,1,1,0,0,363
247,247,0,2,19,13,2,3,0,0,0,0,0,1,0,2,0,0,0,0,0,1,0,0,790
248,248,0,2,21,12,2,1,0,0,0,0,0,0,0,2,0,0,0,0,0,1,0,1,372
249,249,1,2,19,12,2,1,0,0,0,0,0,0,0,2,0,0,0,0,0,0,0,0,168
250,250,1,2,19,12,2,2,1,1,0,0,0,1,0,3,0,0,0,0,0,1,0,0,882
251,251,1,2,22,12,3,1,1,0,0,0,0,0,0,2,0,0,0,0,0,0,0,0,18
252,252,1,2,20,12,2,2,0,0,0,0,0,0,0,3,0,0,0,0,0,1,0,0,105
253,253,0,2,19,12,1,1,0,0,0,0,0,0,0,2,0,0,0,0,0,1,0,0,97
254,254,0,2,20,16,2,1,1,1,0,0,0,0,0,2,0,0,0,0,0,1,0,0,793
255,255,1,2,21,12,2,1,0,0,0,0,0,0,0,2,1,0,0,0,0,1,0,0,930
256,256,1,2,18,10,2,1,1,0,0,0,0,0,0,2,0,0,0,0,0,1,0,1,131
257,257,0,2,17,10,2,3,1,1,0,0,0,0,0,2,0,1,0,0,0,0,0,0,63
258,258,1,2,19,13,2,1,1,1,0,0,0,1,1,2,1,1,0,0,0,1,0,0,82
259,259,1,2,17,10,2,1,1,0,0,0,0,1,0,2,0,0,0,0,0,1,0,1,194
260,260,0,2,17,11,1,1,0,0,0,0,0,1,0,3,1,0,0,0,0,1,0,0,1217
261,261,0,2,14,7,1,1,0,0,0,0,0,1,0,2,0,0,0,0,0,1,0,1,60
262,262,0,2,20,14,3,1,0,0,0,0,0,0,0,2,0,1,1,0,0,1,0,0,203
263,263,0,2,20,12,3,1,0,0,0,0,0,0,0,3,0,0,0,0,1,1,0,0,183
264,264,0,2,21,12,2,2,0,0,0,0,0,1,0,3,0,0,0,0,0,1,0,0,5
265,265,0,2,22,12,2,1,0,0,0,0,0,1,0,3,0,0,0,0,0,1,0,0,71
266,266,0,2,30,13,3,1,0,0,0,0,0,1,0,1,0,0,0,0,0,1,0,1,96
267,267,1,0,23,11,3,1,1,1,0,0,0,1,1,2,1,0,0,0,0,1,0,0,177
268,268,0,2,21,12,3,3,0,0,0,0,0,1,1,2,0,0,0,0,0,1,0,1,74
269,269,1,2,20,12,3,1,0,0,0,0,0,0,0,2,0,0,0,0,1,1,0,1,755
270,270,1,2,20,14,2,1,0,0,0,0,0,0,0,2,0,0,0,0,0,1,0,0,277
271,271,0,2,19,11,3,2,0,0,0,0,1,1,0,2,0,0,0,0,1,1,0,0,53
272,272,0,2,24,12,1,2,1,0,0,0,1,1,0,2,0,0,0,0,1,1,0,1,193
273,273,0,2,22,15,2,1,0,0,0,0,0,0,1,2,1,0,1,0,0,1,1,0,49
274,274,1,2,19,12,2,1,1,1,0,0,0,1,0,3,0,0,0,0,0,1,0,0,1482
275,275,1,2,22,15,2,0,1,1,0,0,1,0,0,2,1,0,0,0,0,1,0,0,6
276,276,0,2,36,9,3,2,1,1,0,0,0,0,0,2,1,0,0,0,0,1,0,0,356
277,277,0,2,36,12,3,1,0,0,0,0,0,0,0,2,0,0,0,0,0,1,0,1,273
278,278,1,2,20,12,3,1,1,1,1,1,0,0,1,2,0,0,0,0,0,1,0,1,869
279,279,0,0,40,14,3,2,0,0,0,0,0,1,0,2,0,0,0,0,0,1,0,0,64
280,280,0,2,19,13,3,1,0,0,0,0,0,1,0,1,0,0,0,0,0,1,0,0,204
281,281,1,2,20,13,2,5,1,1,0,0,0,1,0,2,1,0,0,0,0,1,0,0,141
282,282,0,0,37,12,3,2,1,0,0,0,0,1,0,3,0,0,0,0,0,1,0,1,858
283,283,0,2,21,11,3,1,1,1,0,0,1,0,0,3,0,0,0,0,0,1,0,1,3
284,284,1,2,17,10,3,1,0,0,0,0,0,1,0,2,1,0,0,0,0,1,0,1,89
285,285,0,2,15,9,2,1,0,0,0,0,0,0,0,2,0,0,0,0,0,1,0,1,790
286,286,0,2,16,9,3,1,0,0,0,0,0,0,0,2,1,0,0,0,0,1,0,0,563
287,287,0,2,18,11,2,0,0,0,0,0,0,0,0,2,0,0,0,0,0,1,0,0,203
288,288,0,2,32,13,2,1,0,0,0,0,0,1,0,2,0,0,0,0,0,1,0,1,367
289,289,0,2,19,12,2,1,0,0,0,0,0,1,0,3,1,0,0,0,0,1,0,1,1284
290,290,1,2,21,16,2,2,1,0,0,0,0,1,0,3,1,0,0,0,1,1,0,0,13
291,291,0,2,22,12,1,1,0,0,0,0,1,1,1,2,1,0,0,0,0,1,0,0,282
292,292,0,2,18,11,2,0,0,0,0,0,0,0,0,2,0,0,0,0,1,1,0,0,89
293,293,0,2,19,13,2,1,0,0,0,0,0,1,0,2,0,0,0,0,0,1,0,0,61
294,294,0,2,31,17,3,5,0,0,0,0,0,0,0,2,0,0,0,0,0,1,0,1,11
295,295,1,2,21,14,2,1,1,1,0,0,0,1,0,3,0,0,0,0,0,1,0,0,1174
296,296,0,2,21,12,2,1,0,0,0,0,1,1,0,3,0,0,0,0,0,1,0,0,256
297,297,0,2,18,11,3,2,0,0,0,0,1,1,1,2,1,0,0,0,0,1,0,1,193
298,298,0,2,19,12,3,1,0,0,0,0,0,0,0,2,0,0,0,0,0,1,0,0,30
299,299,0,2,15,8,2,1,0,0,0,0,0,1,0,3,1,0,0,0,0,1,0,1,377
300,300,0,2,21,12,1,1,0,0,0,0,1,1,0,3,0,0,0,0,1,1,0,1,633
301,301,0,2,28,12,3,1,0,0,1,1,1,1,1,3,1,0,1,0,1,1,0,0,71
302,302,1,2,19,12,2,3,1,0,0,0,0,0,0,2,0,0,0,0,0,1,0,0,1129
303,303,0,2,18,11,2,1,0,0,0,0,0,0,0,2,0,0,0,0,0,1,0,0,225
304,304,1,2,17,8,2,1,1,0,0,0,0,1,0,2,1,0,0,0,0,1,0,0,194
305,305,0,2,15,8,3,2,0,0,0,0,0,0,0,3,0,0,0,0,0,1,0,0,124
306,306,0,2,17,11,2,1,0,0,0,0,0,0,0,2,0,0,0,0,0,0,0,1,23
307,307,0,2,16,10,3,1,0,0,0,0,0,1,0,3,0,0,0,0,0,1,0,1,128
308,308,0,2,18,11,2,1,0,0,0,0,1,1,0,2,1,0,0,0,1,1,0,1,218
309,309,0,2,27,11,3,1,0,0,0,0,0,0,0,2,0,0,0,0,0,1,0,1,769
310,310,0,2,20,11,3,1,0,0,0,0,0,1,0,3,0,0,0,0,0,1,0,0,233
311,311,1,2,18,11,2,1,0,0,0,0,0,1,0,3,0,0,0,0,0,1,0,0,203
312,312,0,2,17,11,3,0,0,0,0,0,0,1,0,2,0,0,0,0,0,1,0,0,312
313,313,1,2,20,10,2,1,1,1,1,1,0,0,0,3,0,0,0,0,0,1,0,0,47
314,314,1,1,24,11,2,1,0,0,0,0,0,1,0,3,1,0,0,0,0,1,0,1,216
315,315,0,2,19,12,2,1,0,0,0,0,0,0,0,2,0,0,0,0,0,1,0,0,647
316,316,0,2,19,11,3,1,0,0,0,0,0,1,0,3,0,0,0,0,1,1,0,1,604
317,317,0,2,16,11,3,1,0,0,0,0,0,0,0,2,0,0,0,0,1,1,0,1,1172
318,318,0,2,19,12,1,1,0,0,0,0,0,0,0,3,0,0,0,0,0,1,0,1,309
319,319,0,2,22,11,2,1,0,0,0,0,0,1,0,3,0,0,0,0,1,1,0,1,7
320,320,1,0,26,12,3,1,1,0,0,0,1,1,1,2,0,0,0,0,0,1,0,1,5
321,321,0,0,27,12,1,1,1,0,0,0,0,1,0,3,0,0,0,0,0,1,0,0,697
322,322,1,2,18,12,1,1,0,0,0,0,0,1,0,2,1,0,0,0,1,1,0,0,1
323,323,0,2,20,12,2,0,0,0,0,0,0,1,0,3,0,0,0,0,0,1,0,0,505
324,324,0,2,16,11,2,1,0,0,0,0,0,0,0,2,0,0,0,0,0,1,0,1,641
325,325,1,2,17,10,2,1,1,1,0,0,0,0,0,3,0,0,0,0,0,1,0,0,452
326,326,1,2,16,10,1,2,0,0,0,0,1,1,0,2,0,0,0,0,0,1,0,1,211
327,327,0,2,17,12,1,1,0,0,0,0,0,0,0,2,1,0,0,0,0,1,0,0,579
328,328,0,2,21,12,2,1,1,1,0,0,0,0,0,2,0,0,0,0,0,1,0,0,488
329,329,0,2,17,10,3,1,0,0,0,0,0,1,1,2,1,0,0,1,0,1,0,0,124
330,330,0,2,26,12,2,2,1,1,0,0,0,0,0,3,0,0,0,0,0,1,0,0,676
331,331,0,2,22,12,3,1,0,0,0,0,0,0,0,2,0,0,0,0,0,0,0,0,376
332,332,0,2,20,12,3,1,0,0,0,0,0,1,0,2,0,0,0,0,0,1,0,0,180
333,333,1,2,24,10,2,1,0,0,0,0,0,1,0,2,0,1,0,0,0,1,0,0,1286
334,334,1,2,18,12,1,1,1,0,0,0,0,0,0,3,0,0,0,0,0,1,0,0,385
335,335,1,2,18,12,2,1,1,1,0,0,0,0,0,2,0,0,0,0,0,1,0,0,136
336,336,0,2,19,13,3,1,0,0,0,0,0,1,0,3,1,0,0,0,0,1,0,0,534
337,337,1,2,19,13,2,2,1,1,0,0,0,0,0,2,0,0,0,0,0,1,0,1,77
338,338,1,2,20,13,2,1,1,0,0,0,0,0,0,1,0,0,0,0,0,1,0,0,187
339,339,0,2,18,12,3,1,0,0,1,1,0,1,0,2,1,0,0,0,0,1,0,0,483
340,340,1,2,20,14,1,1,1,1,0,0,0,0,0,3,0,0,0,0,0,1,0,1,66
341,341,0,2,22,12,3,2,1,1,0,0,0,0,0,2,0,0,0,0,0,1,0,1,40
342,342,1,2,16,9,2,1,1,1,0,0,0,1,0,2,0,0,0,0,0,1,0,0,421
343,343,0,2,18,11,3,1,0,0,0,0,0,1,0,2,0,0,0,0,0,1,0,0,45
344,344,0,2,17,11,3,3,0,0,0,0,0,1,0,2,1,0,0,0,0,1,0,1,161
345,345,0,2,17,11,2,0,0,0,0,0,0,0,0,2,0,0,0,0,0,1,0,1,480
346,346,1,2,16,10,2,2,1,0,0,0,0,1,0,2,0,0,0,0,0,1,0,0,721
347,347,0,2,19,12,1,1,0,0,0,0,1,1,0,3,1,0,0,0,0,1,0,1,146
348,348,0,2,23,12,3,1,0,0,0,0,0,1,0,2,0,0,0,0,0,1,0,1,54
349,349,0,2,21,14,2,2,1,1,0,0,0,0,0,3,0,0,0,0,0,1,0,1,160
350,350,0,2,25,11,3,1,1,0,0,0,0,0,0,3,0,0,0,0,0,1,0,1,337
351,351,0,2,18,12,3,1,0,0,0,0,1,1,0,3,0,0,0,0,1,1,0,1,650
352,352,1,2,19,13,2,0,1,0,0,0,0,0,0,2,0,0,0,0,0,1,0,0,160
353,353,0,2,17,11,2,1,0,0,0,0,0,1,0,3,0,0,0,0,0,1,0,0,74
354,354,0,0,39,12,3,0,1,0,0,0,0,1,0,3,0,0,0,0,0,1,0,1,7
355,355,1,2,24,16,3,2,1,1,1,1,0,1,1,2,1,1,1,0,0,1,0,0,76
356,356,0,2,22,11,3,1,1,1,0,0,0,1,0,3,1,0,0,0,0,1,0,0,151
357,357,0,2,16,10,2,1,0,0,0,0,0,0,0,2,0,0,0,0,0,1,0,0,16
358,358,1,2,18,12,2,2,1,1,0,0,0,0,0,2,0,0,0,0,0,1,0,0,281
359,359,0,2,30,11,3,3,0,0,0,0,0,0,0,3,1,0,0,0,0,1,0,0,408
360,360,0,2,27,12,3,2,0,0,0,0,0,0,0,2,0,0,0,0,0,1,0,0,1201
361,361,1,2,20,13,1,2,1,1,1,0,0,0,0,2,0,0,0,0,0,1,0,0,53
362,362,1,2,20,12,1,1,1,0,0,0,0,0,0,1,0,0,0,0,0,1,0,0,2
363,363,0,2,33,16,2,1,0,0,0,0,0,0,0,2,0,0,0,0,0,1,0,1,131
364,364,0,2,21,14,2,1,1,0,0,0,1,1,0,2,0,0,0,0,0,1,0,0,29
365,365,1,2,19,11,3,1,0,0,0,0,1,0,0,2,0,0,0,0,0,0,0,0,58
366,366,1,2,14,9,1,1,0,0,0,0,0,0,1,2,0,0,0,0,0,1,0,0,1439
367,367,1,2,15,9,2,3,0,0,1,0,0,1,0,3,1,0,1,0,0,1,0,0,40
368,368,1,2,18,12,2,1,1,1,0,0,0,0,0,3,0,0,0,0,0,1,0,1,32
369,369,0,1,19,12,1,1,0,0,0,0,0,0,0,3,0,0,0,0,0,1,0,0,982
370,370,0,2,29,12,1,2,1,1,0,0,1,1,0,2,0,0,0,0,1,1,0,1,89
371,371,0,2,17,12,1,1,1,1,0,0,1,0,0,3,0,0,0,0,0,1,0,1,827
372,372,0,2,17,10,3,3,0,0,0,0,0,1,0,2,0,0,0,0,0,1,0,1,248
373,373,0,2,19,12,3,1,1,1,0,0,0,1,0,2,0,0,0,0,0,1,0,1,496
374,374,0,2,19,12,2,1,0,0,0,0,1,0,0,3,0,0,0,0,0,1,0,0,938
375,375,0,0,26,14,3,2,0,0,0,0,0,0,0,3,0,0,0,0,0,1,0,1,257
376,376,0,2,21,10,3,1,0,0,0,0,0,0,0,3,0,0,0,0,0,1,0,0,5
377,377,0,2,13,7,2,0,0,0,0,0,0,0,0,3,0,0,0,0,0,1,0,0,367
378,378,0,2,22,12,1,1,0,0,0,0,0,0,0,3,0,0,0,0,0,1,0,0,411
379,379,0,2,18,12,2,2,1,0,0,0,0,1,0,2,0,0,0,0,0,1,0,0,39
380,380,1,2,19,12,3,2,1,0,0,0,0,0,0,2,0,0,0,0,0,1,0,1,1168
381,381,0,2,18,12,1,2,1,1,0,0,0,1,0,2,0,0,0,0,0,1,0,1,779
382,382,0,2,15,9,2,0,0,0,0,0,0,1,0,2,0,0,0,0,1,1,0,0,157
383,383,0,2,18,11,3,1,0,0,0,0,0,1,1,1,0,0,0,0,0,1,0,1,788
384,384,1,2,18,11,2,2,0,0,0,0,1,1,0,3,0,0,0,0,0,1,0,0,162
385,385,0,2,16,10,2,0,0,0,0,0,0,0,0,2,0,0,0,0,1,1,0,0,239
386,386,0,2,20,13,2,1,1,1,0,0,0,0,0,2,1,0,0,0,0,1,0,0,241
387,387,1,2,19,12,1,2,0,0,0,0,0,0,0,2,0,0,0,0,0,1,0,1,805
388,388,1,0,21,12,3,1,0,0,0,0,1,1,0,3,1,0,0,0,0,1,0,0,14
389,389,0,2,20,12,3,1,1,1,0,0,0,1,0,2,0,0,0,0,0,1,0,0,693
390,390,0,2,20,12,2,1,1,1,0,0,0,0,0,3,0,0,0,0,0,1,0,1,5
391,391,1,2,16,11,1,1,1,1,0,0,1,1,1,2,0,1,0,0,0,0,0,1,225
392,392,1,2,19,9,2,1,0,0,0,0,0,1,0,2,0,0,0,0,0,1,0,0,88
393,393,0,2,19,12,3,3,1,1,0,0,0,0,0,3,0,0,0,0,0,1,0,1,1327
394,394,1,2,18,12,3,1,1,0,0,0,0,1,1,2,0,0,0,0,0,1,0,1,220
395,395,0,2,23,12,2,1,0,0,0,0,0,1,0,3,0,0,0,0,0,1,0,0,604
396,396,1,0,27,12,3,2,1,1,1,0,0,1,0,3,0,0,0,0,1,1,0,0,79
397,397,0,2,28,14,3,10,1,1,0,0,0,1,0,2,0,0,0,0,0,1,0,0,219
398,398,0,2,24,8,3,1,1,1,0,0,0,1,0,3,0,0,0,0,0,1,0,0,59
399,399,1,0,25,12,3,1,1,1,0,0,0,1,0,3,1,0,0,0,0,0,0,0,248
400,400,1,2,17,10,1,0,0,0,0,0,0,0,0,2,0,0,0,0,0,1,0,0,307
401,401,0,2,22,11,1,2,0,0,0,0,0,0,0,2,0,0,0,0,0,1,0,1,426
402,402,0,2,18,12,1,2,0,0,0,0,0,0,0,2,1,0,0,0,0,1,0,1,20
403,403,0,2,24,12,3,1,1,1,0,0,0,1,0,3,0,0,0,0,0,1,0,1,71
404,404,0,2,19,12,3,1,0,0,0,0,0,1,0,2,1,0,0,0,0,1,0,0,774
405,405,0,2,17,11,1,1,0,0,0,0,0,1,0,2,0,1,0,0,0,0,0,1,5
406,406,1,2,21,12,2,1,0,0,0,0,0,1,0,2,1,0,0,0,0,1,0,0,459
407,407,1,1,24,10,3,2,1,1,1,1,1,1,0,3,0,0,0,0,0,0,0,0,480
408,408,1,2,22,12,2,1,0,0,0,0,0,0,0,2,0,0,0,0,0,1,0,1,413
409,409,0,2,16,10,1,1,0,0,0,0,0,0,0,2,1,0,0,0,0,1,0,1,522
410,410,0,2,21,13,3,1,1,1,0,0,0,1,0,3,0,0,0,0,0,1,0,1,285
411,411,0,2,17,11,3,0,0,0,0,0,0,1,0,3,0,0,0,0,0,1,0,1,363
412,412,0,2,19,12,3,1,0,0,0,0,0,1,0,3,0,0,0,0,0,1,0,0,518
413,413,0,2,22,15,2,1,1,1,0,0,0,0,0,2,0,0,0,0,1,1,1,0,119
414,414,1,2,23,12,2,1,1,1,0,0,0,0,0,3,0,0,0,0,0,1,0,0,671
415,415,1,2,20,12,2,1,0,0,0,0,0,1,0,2,0,0,0,0,0,1,0,0,786
416,416,1,2,16,10,2,1,1,1,0,0,0,1,0,2,0,0,0,0,0,1,0,0,354
417,417,0,2,18,12,1,1,0,0,0,0,0,1,0,2,0,0,0,0,0,1,0,1,136
418,418,0,2,17,11,1,2,0,0,0,0,0,0,0,3,0,0,0,0,0,1,0,1,324
419,419,1,2,19,12,2,1,0,0,0,0,0,0,0,3,0,0,0,0,0,1,0,0,150
420,420,0,2,17,10,3,1,0,0,0,0,0,1,0,2,0,0,0,0,0,1,0,1,1517
421,421,1,2,17,11,3,1,0,0,0,0,0,1,1,2,0,0,0,0,0,1,0,0,366
422,422,0,0,27,12,3,2,1,0,0,0,0,0,0,2,1,0,0,0,0,1,0,0,634
423,423,1,2,20,13,2,1,1,1,0,0,0,0,0,3,0,0,0,0,1,1,0,1,264
424,424,0,2,16,10,2,1,1,1,0,0,1,1,0,2,1,0,0,0,0,1,0,0,247
425,425,0,2,17,11,2,1,0,0,0,0,0,0,0,2,0,0,0,0,0,1,0,0,83
426,426,1,1,48,12,3,1,1,1,1,0,0,0,0,3,0,0,0,0,0,1,0,0,22
427,427,1,2,30,14,1,1,1,0,0,0,0,0,0,2,0,0,0,0,0,1,0,0,18
428,428,0,2,16,9,2,3,0,0,0,0,1,0,0,2,0,0,0,0,1,1,0,0,130
429,429,0,2,18,11,3,2,0,0,0,0,0,1,0,2,0,0,0,0,0,1,0,1,333
430,430,1,2,19,12,2,1,1,1,0,0,1,1,0,2,0,0,0,0,0,0,0,0,136
431,431,0,2,19,10,3,1,0,0,0,0,0,0,0,3,0,0,0,0,0,1,0,0,328
432,432,1,0,37,18,3,1,1,1,0,0,0,1,0,2,0,0,0,0,0,1,0,0,1256
433,433,0,0,36,12,1,1,0,0,0,0,0,0,0,3,0,0,0,0,0,1,0,0,1203
434,434,1,2,19,13,2,1,1,1,0,0,0,0,0,1,0,0,0,0,0,1,0,0,288
435,435,1,2,19,13,1,1,1,1,0,0,0,0,0,2,0,0,0,0,0,1,0,0,39
436,436,0,2,19,12,3,1,0,0,0,0,0,0,0,3,0,0,0,0,0,1,0,0,51
437,437,0,2,32,11,3,3,1,1,0,0,0,1,0,2,1,0,0,0,0,1,0,1,120
438,438,1,2,19,12,1,1,0,0,0,0,0,1,0,3,0,0,0,0,0,1,0,1,43
439,439,1,2,19,13,3,1,1,0,0,0,0,1,1,2,0,0,0,0,1,1,0,0,16
440,440,0,2,17,11,3,1,0,0,0,0,0,0,0,2,0,0,0,0,0,1,0,0,1518
441,441,1,2,18,12,2,1,1,1,0,0,1,1,0,2,0,0,0,0,0,1,0,0,345
442,442,0,2,16,10,3,2,0,0,0,0,0,1,0,3,0,0,1,0,0,1,0,0,829
443,443,0,2,15,9,2,0,0,0,0,0,1,0,0,2,1,0,0,0,0,1,0,0,661
444,444,1,2,15,9,2,1,0,0,0,0,0,0,0,2,0,0,0,0,1,1,0,0,5
445,445,0,2,17,11,2,1,0,0,0,0,0,0,0,3,0,0,0,0,1,1,0,1,92
446,446,0,2,16,9,3,1,1,1,0,0,1,0,0,3,0,0,0,0,0,1,0,0,75
447,447,0,2,17,10,2,1,0,0,0,0,0,1,0,3,0,0,0,0,0,1,0,1,221
448,448,0,2,16,8,3,1,0,0,0,0,0,1,0,2,1,0,0,0,0,1,0,1,458
449,449,1,2,15,8,2,1,0,0,0,0,0,1,0,2,0,0,0,0,0,1,0,0,713
450,450,0,2,30,16,3,2,0,0,0,0,0,0,0,2,0,0,0,0,0,1,0,0,292
451,451,0,2,19,12,1,1,0,0,0,0,0,1,0,3,0,0,0,0,0,1,0,0,1446
452,452,1,2,18,11,2,1,1,1,0,0,0,1,1,1,1,0,0,1,1,1,0,0,105
453,453,0,2,19,13,2,0,0,0,0,0,0,0,0,2,0,0,0,0,0,1,0,0,746
454,454,0,2,24,12,3,1,0,0,0,0,0,1,0,3,0,0,0,0,0,1,0,1,33
455,455,0,2,21,12,2,1,0,0,0,0,0,1,0,2,0,0,0,0,0,1,0,0,603
456,456,0,2,18,12,2,2,0,0,0,0,0,0,0,1,0,0,0,0,0,1,0,1,761
457,457,0,2,17,11,3,1,0,0,0,0,0,1,1,2,0,0,0,0,0,1,0,1,109
458,458,0,1,28,16,2,1,0,0,0,0,1,0,0,2,0,0,0,0,0,1,0,0,25
459,459,1,2,18,12,2,1,0,0,0,0,0,0,0,3,0,0,0,0,0,1,0,1,501
460,460,0,2,13,7,2,0,0,0,0,0,0,1,0,1,0,0,0,0,0,0,0,1,307
461,461,1,2,24,14,3,1,1,0,0,0,0,0,0,2,0,0,0,0,0,1,0,0,758
462,462,0,2,16,9,3,1,0,0,0,0,0,0,0,2,0,0,0,0,0,1,0,1,55
463,463,1,1,29,9,3,2,1,1,0,0,0,0,0,2,0,0,0,0,0,1,0,0,817
464,464,0,0,25,12,2,1,0,0,0,0,0,1,0,2,0,0,0,0,0,1,0,1,41
465,465,0,2,19,14,3,1,0,0,0,0,1,0,0,1,0,0,0,0,0,1,0,1,718
466,466,0,2,22,12,1,2,0,0,0,0,1,1,0,3,0,0,0,0,0,1,0,1,144
467,467,1,2,20,13,2,2,1,1,0,0,0,0,0,2,0,0,0,0,0,1,0,0,27
468,468,1,2,21,12,2,1,1,1,0,0,0,1,0,3,1,0,0,0,0,1,0,1,155
469,469,0,2,21,12,1,0,0,0,0,0,0,0,0,3,0,0,0,0,0,1,0,1,316
470,470,0,2,22,12,2,0,0,0,0,0,0,0,0,3,0,0,0,0,0,1,0,0,410
471,471,1,2,18,11,1,1,0,0,0,0,0,0,0,3,0,0,0,0,0,1,0,0,815
472,472,1,0,38,12,3,3,1,1,0,0,0,0,0,2,0,0,0,0,0,1,0,0,557
473,473,1,2,18,12,2,1,1,0,0,0,0,1,0,2,0,0,0,0,1,1,0,1,3
474,474,1,0,22,12,2,2,0,0,0,0,0,1,1,2,0,0,0,0,0,1,0,1,363
475,475,1,2,20,13,2,1,1,0,0,0,1,1,0,3,1,0,0,0,0,1,0,0,582
476,476,1,2,19,12,2,2,1,0,1,0,0,0,0,2,0,0,0,0,0,1,0,0,475
477,477,0,2,15,10,1,2,0,0,0,0,0,1,0,2,0,0,0,0,0,1,0,1,569
478,478,1,2,21,12,2,1,1,1,0,0,0,1,1,3,0,0,0,0,0,1,0,0,1189
479,479,1,2,16,10,2,2,0,0,0,0,0,1,0,2,0,0,0,0,0,1,0,1,147
480,480,1,2,19,12,1,1,1,1,0,0,0,0,0,3,0,0,0,0,0,1,0,1,307
481,481,0,2,16,10,2,1,0,0,0,0,0,1,0,2,0,0,0,0,0,1,0,0,125
482,482,0,2,18,10,2,2,1,1,0,0,0,1,0,2,1,0,0,0,0,1,0,0,75
483,483,0,2,15,10,2,1,0,0,0,0,1,0,0,3,0,0,0,0,0,1,0,0,415
484,484,0,2,18,12,1,0,0,0,0,0,1,1,1,2,1,0,0,0,0,0,0,1,420
485,485,0,2,18,12,2,1,0,0,0,0,0,0,0,2,1,0,0,0,0,0,0,1,9
486,486,0,2,19,13,2,1,0,0,0,0,0,0,0,2,0,0,0,0,0,1,0,0,364
487,487,0,2,18,12,1,1,0,0,0,0,0,0,0,2,0,0,0,0,0,1,0,1,44
488,488,1,2,20,11,2,0,0,0,0,0,0,0,0,3,0,0,0,0,0,1,0,0,24
489,489,0,2,16,10,2,1,0,0,0,0,0,0,0,2,0,0,0,0,0,1,0,1,20
490,490,0,2,26,12,3,1,0,0,0,0,0,1,1,3,0,0,0,0,0,1,0,0,383
491,491,0,2,18,13,2,1,0,0,0,0,0,0,0,3,1,0,0,0,0,0,0,0,3
492,492,0,1,28,13,3,3,1,1,0,0,1,0,0,3,0,0,0,0,0,1,0,1,127
493,493,0,2,18,12,3,2,0,0,0,0,0,0,0,2,0,0,0,0,0,1,0,0,66
494,494,0,2,30,12,3,1,0,0,0,0,0,0,0,3,0,0,0,0,0,1,0,1,336
495,495,0,2,22,12,3,1,0,0,0,0,0,1,1,2,0,0,0,0,0,1,0,0,441
496,496,0,2,19,12,1,1,0,0,0,0,0,1,0,2,0,0,0,0,0,1,0,1,464
497,497,0,2,39,15,3,2,1,1,0,0,0,0,0,2,0,0,0,0,0,1,0,0,1350
498,498,0,1,44,11,3,1,0,0,0,0,0,0,0,3,0,0,0,0,0,1,0,1,42
499,499,0,2,39,12,3,1,1,0,0,0,0,0,0,3,0,0,0,0,0,1,0,0,181
500,500,0,2,31,12,3,2,0,0,0,0,0,1,0,3,0,0,0,0,0,1,0,0,20
501,501,1,0,28,16,2,1,1,1,0,0,0,1,0,2,0,0,0,0,0,1,0,0,111
502,502,1,2,18,12,2,1,1,0,0,0,0,1,0,2,0,0,0,0,0,1,0,0,583
503,503,1,0,27,13,2,1,1,1,0,0,0,0,0,2,0,0,0,0,0,1,0,0,145
504,504,0,0,35,11,3,2,1,0,1,1,1,1,0,3,1,0,0,0,0,0,0,0,5
505,505,1,2,29,12,3,1,1,1,0,0,0,0,0,1,0,0,0,0,0,1,0,0,1466
506,506,1,2,28,16,2,1,1,1,0,0,0,0,0,2,0,0,0,1,0,1,0,0,965
507,507,0,2,28,13,3,1,0,0,0,0,0,0,0,2,0,0,0,0,1,1,0,1,470
508,508,1,0,22,13,2,1,1,1,0,0,0,0,0,2,0,0,0,0,0,1,0,0,95
509,509,0,2,14,8,2,1,0,0,0,0,0,0,0,2,0,0,0,0,0,1,0,0,744
510,510,0,2,21,14,2,1,0,0,0,0,0,0,0,3,0,0,0,0,0,1,0,0,194
511,511,1,0,36,10,2,1,1,1,0,0,0,1,0,3,0,0,0,0,0,1,0,0,454
512,512,1,2,22,15,2,0,0,0,0,0,0,0,0,3,0,0,0,0,0,1,0,1,591
513,513,1,0,22,9,2,1,1,1,1,0,0,0,0,1,0,0,0,0,0,1,0,0,570
514,514,1,2,31,13,2,2,1,1,1,0,0,0,0,3,0,0,0,0,0,1,0,0,146
515,515,0,0,30,12,3,2,1,1,0,0,0,0,0,3,0,0,0,0,0,1,0,0,171
516,516,1,2,17,9,1,1,0,0,0,0,1,1,0,2,0,0,0,0,0,1,0,0,18
517,517,1,2,22,12,3,2,0,0,0,0,0,1,0,2,1,0,0,0,0,0,0,1,49
518,518,0,0,28,11,3,3,1,0,1,0,1,1,0,2,0,0,0,0,1,1,0,0,217
519,519,1,2,18,12,2,1,1,1,0,0,0,1,0,2,0,0,0,0,0,1,0,0,146
520,520,1,2,24,16,2,1,1,1,0,0,0,0,0,2,1,0,0,0,0,1,0,0,42
521,521,0,2,31,12,1,2,1,0,1,1,0,0,0,2,0,0,0,0,0,1,0,1,789
522,522,0,2,21,12,3,2,1,1,1,1,0,0,0,2,0,0,0,0,0,1,0,0,1168
523,523,0,2,19,12,3,1,0,0,0,0,0,1,0,1,1,0,0,0,0,1,0,0,35
524,524,1,2,19,13,1,1,0,0,0,0,0,1,0,2,0,0,0,0,0,1,0,1,326
525,525,0,2,15,8,3,1,1,1,0,0,0,1,0,3,0,0,0,0,1,1,0,0,1005
526,526,0,2,17,10,3,2,0,0,0,0,0,0,0,1,0,0,0,0,0,1,0,0,431
527,527,0,2,20,12,2,1,0,0,0,0,0,1,0,2,0,0,0,0,0,1,0,1,306
528,528,0,2,19,12,2,0,0,0,0,0,0,0,0,2,0,0,0,0,0,1,0,1,34
529,529,0,2,19,13,2,1,0,0,0,0,0,0,0,2,0,0,0,0,0,1,0,0,12
530,530,0,2,17,10,2,0,0,0,0,0,0,1,0,2,0,0,0,0,0,1,0,1,101
531,531,0,2,28,12,2,1,0,0,0,0,1,1,0,2,0,0,0,0,0,1,0,1,698
532,532,0,1,23,15,3,1,0,0,0,0,1,1,1,3,0,0,0,0,1,1,0,0,33
533,533,0,2,17,10,3,1,0,0,0,0,0,1,0,2,0,0,0,0,0,1,0,0,446
534,534,0,2,21,12,3,1,1,1,1,1,1,1,0,2,1,0,0,0,1,1,0,1,22
535,535,0,2,17,10,3,3,0,0,0,0,1,0,1,2,0,0,0,0,0,1,0,1,17
536,536,0,2,29,12,2,1,0,0,0,0,0,0,0,2,0,0,0,0,0,1,0,1,278
537,537,1,2,27,16,2,1,1,1,0,0,0,0,0,2,0,0,0,0,0,1,0,0,1062
538,538,0,2,17,10,1,1,0,0,0,0,0,0,0,2,0,0,0,0,0,1,0,0,4
539,539,0,2,18,12,2,1,0,0,0,0,0,1,0,2,0,0,0,0,0,1,0,1,1
540,540,1,2,22,12,2,1,0,0,0,0,0,1,0,2,0,0,0,0,1,1,0,0,2
541,541,1,2,21,14,2,1,0,0,0,0,0,0,0,1,0,0,0,0,0,1,0,0,30
542,542,0,0,25,14,3,1,0,0,0,0,0,1,0,3,1,0,0,0,0,1,0,0,195
543,543,1,1,18,12,2,1,1,1,0,0,0,0,0,3,0,0,0,0,0,1,0,1,594
544,544,0,2,18,12,2,1,0,0,0,0,0,0,0,1,1,0,0,0,0,1,0,1,1090
545,545,0,0,24,12,3,2,1,0,0,0,0,0,0,3,0,0,0,0,0,1,0,1,663
546,546,0,2,16,10,2,1,0,0,0,0,0,0,0,2,0,0,0,0,0,0,0,1,480
547,547,0,0,24,12,3,1,0,0,0,0,0,0,0,1,0,0,0,0,0,1,0,1,46
548,548,0,2,21,13,3,0,0,0,0,0,0,0,0,2,0,0,0,1,0,1,0,0,508
549,549,0,2,22,14,2,1,0,0,0,0,0,1,0,2,0,0,0,0,0,1,0,1,204
550,550,0,2,21,12,3,1,0,0,0,0,0,0,0,2,0,0,0,0,0,0,0,0,684
551,551,0,2,19,12,2,2,1,1,0,0,1,0,1,2,0,0,1,0,0,1,0,0,259
552,552,1,2,19,12,2,1,1,0,0,0,0,1,0,1,0,0,0,0,0,0,0,0,23
553,553,1,2,16,9,2,1,1,1,0,0,1,1,0,2,1,0,0,0,0,1,0,1,3
554,554,0,2,17,11,2,1,0,0,0,0,0,0,0,2,0,0,0,0,0,1,0,1,58
555,555,1,2,20,13,2,1,1,0,0,0,1,0,0,1,0,0,0,0,0,0,0,1,77
556,556,0,2,17,11,2,1,0,0,0,0,0,0,1,2,0,0,0,0,0,1,0,0,387
557,557,0,2,17,11,2,1,0,0,0,0,0,1,0,2,1,0,0,0,0,1,1,0,690
558,558,0,2,22,14,3,1,0,0,0,0,0,1,0,2,0,1,0,1,0,1,0,0,154
559,559,0,2,15,9,2,1,0,0,0,0,1,1,0,2,0,0,0,0,0,1,0,1,12
560,560,0,1,22,14,2,1,0,0,1,0,0,1,0,3,0,0,0,0,0,1,0,0,155
561,561,0,2,21,14,3,1,0,0,0,0,1,1,0,2,0,0,0,0,0,1,0,0,301
562,562,1,0,24,13,2,1,1,1,1,1,0,0,0,2,0,0,0,0,0,1,0,0,245
563,563,1,1,34,12,3,1,0,0,0,0,0,1,0,3,0,0,0,0,0,1,0,1,360
564,564,1,1,35,12,3,2,1,1,0,0,0,1,0,3,1,0,0,0,0,1,0,0,342
565,565,1,2,18,11,3,1,0,0,0,0,0,1,1,2,0,0,0,0,0,1,0,1,19
566,566,0,2,17,10,3,1,0,0,0,0,0,0,0,2,1,0,0,0,0,1,0,0,202
567,567,1,2,22,16,3,1,1,1,0,0,0,0,0,2,0,0,0,0,0,1,0,0,479
568,568,0,1,38,12,2,1,0,0,0,0,0,0,0,3,0,0,1,0,0,1,0,1,26
569,569,0,0,34,12,3,1,0,0,0,0,1,1,0,2,0,0,0,0,0,1,0,0,196
570,570,0,0,36,10,2,1,1,0,0,0,1,0,0,3,0,0,0,0,0,1,0,0,446
571,571,0,2,46,12,2,1,0,0,0,0,1,1,1,3,0,0,0,0,0,1,0,0,40
572,572,0,2,19,12,3,1,0,0,0,0,0,1,0,3,0,0,0,0,0,1,0,0,19
573,573,0,2,30,11,3,3,1,1,0,0,0,1,0,2,0,0,0,0,0,1,0,0,321
574,574,0,0,36,12,3,19,1,1,0,0,1,1,0,1,1,0,0,0,0,1,0,1,43
575,575,0,0,30,10,3,1,1,1,1,1,0,1,1,3,1,0,0,0,0,1,0,1,115
576,576,1,1,30,10,3,2,1,0,0,0,0,1,0,3,1,0,0,0,0,1,0,0,553
577,577,1,2,19,12,3,1,1,0,0,0,0,0,0,3,0,0,0,0,0,1,0,0,150
578,578,1,2,27,9,3,1,1,1,0,0,1,0,0,2,0,0,0,0,0,1,0,1,5
579,579,0,2,17,11,1,1,0,0,0,0,0,0,1,2,0,0,0,0,0,1,0,1,315
580,580,0,1,32,12,3,1,0,0,0,0,0,0,0,3,0,0,0,0,0,1,0,0,335
581,581,0,2,19,12,3,0,0,0,0,0,0,1,0,3,1,0,0,0,1,1,0,1,250
582,582,0,2,27,12,3,1,0,0,0,0,0,0,0,3,0,0,0,0,0,1,0,1,1138
583,583,1,2,20,13,2,1,1,1,0,0,0,0,0,3,0,0,0,0,0,1,0,1,45
584,584,0,2,18,12,2,1,0,0,0,0,1,0,0,2,0,1,0,0,0,1,0,1,766
585,585,0,2,29,11,3,1,0,0,0,0,0,0,0,3,0,0,0,0,0,1,0,1,241
586,586,0,2,19,12,3,1,0,0,0,0,0,0,0,3,0,0,0,0,0,1,0,0,306
587,587,1,2,19,12,2,3,1,0,0,0,0,0,0,2,1,0,0,0,0,1,0,0,250
588,588,0,2,27,12,3,1,0,0,0,0,0,0,0,2,0,0,0,0,0,1,0,0,438
589,589,0,2,19,12,3,1,0,0,0,0,0,0,0,2,0,0,0,0,0,1,0,1,18
590,590,0,0,25,12,2,1,0,0,0,0,0,0,0,2,0,0,0,0,0,1,0,0,657
591,591,1,2,21,12,2,1,1,0,0,0,0,1,0,3,0,0,0,0,0,1,0,1,122
592,592,0,2,18,12,2,1,0,0,0,0,0,0,0,2,0,0,0,0,0,1,0,0,122
593,593,0,2,17,11,2,2,1,1,0,0,1,1,0,3,0,0,0,0,0,1,0,1,334
594,594,0,2,20,12,3,1,1,1,0,0,0,1,0,2,1,0,0,0,0,1,0,0,1040
595,595,0,2,20,11,3,1,0,0,0,0,0,0,0,3,0,0,0,0,0,1,0,1,810
596,596,0,2,23,12,1,1,1,1,0,0,0,0,0,2,0,0,0,0,0,1,0,0,532
597,597,0,2,15,9,3,1,0,0,0,0,0,0,1,2,0,0,0,0,0,1,0,1,167
598,598,0,2,17,10,2,3,0,0,0,0,0,1,1,3,0,0,0,0,1,1,0,1,82
599,599,0,2,19,12,2,2,0,0,0,0,0,1,1,2,1,0,0,0,0,0,0,0,5
600,600,0,2,18,10,3,3,1,0,0,0,0,0,1,1,0,0,0,0,0,1,1,1,273
601,601,0,1,18,12,1,2,0,0,0,0,0,1,0,3,0,0,0,0,0,1,0,0,131
602,602,1,2,18,12,2,2,0,0,0,0,1,0,1,1,0,0,0,0,0,1,0,0,106
603,603,1,2,20,11,2,1,0,0,0,0,0,0,0,3,0,0,0,0,0,1,0,1,2
604,604,0,2,15,9,3,2,0,0,0,0,0,0,1,2,0,0,0,0,0,1,0,1,360
605,605,1,2,18,13,2,1,0,0,1,1,0,0,0,2,0,0,0,0,0,1,0,0,186
606,606,0,2,17,11,3,2,0,0,0,0,0,0,0,2,0,0,0,0,0,1,0,1,144
607,607,0,2,25,12,3,1,0,0,0,0,0,0,0,2,0,0,0,0,0,1,0,1,177
608,608,0,2,18,12,3,3,1,1,0,0,0,1,0,2,0,0,0,0,0,1,0,0,215
609,609,0,2,17,11,2,0,0,0,0,0,0,1,0,2,0,0,0,0,0,1,0,1,571
610,610,0,2,27,12,3,1,0,0,0,0,0,0,0,2,1,0,1,0,1,1,0,0,75
611,611,0,2,16,11,2,1,1,0,0,0,0,0,0,2,0,0,0,0,1,1,0,0,47
612,612,1,2,27,11,3,2,1,1,0,0,1,1,0,3,0,1,0,0,1,1,0,1,40
613,613,0,2,22,12,3,1,0,0,0,0,0,1,0,2,1,0,0,0,0,1,0,0,259
614,614,0,2,22,12,3,1,0,0,0,0,0,0,0,3,0,0,0,0,0,1,0,1,668
615,615,0,2,16,10,3,1,0,0,0,0,0,1,0,2,1,0,1,0,0,1,1,0,93
616,616,1,2,18,12,1,1,1,1,0,0,0,1,1,3,0,0,0,0,0,1,0,1,100
617,617,0,2,21,15,3,1,0,0,0,0,0,0,0,2,0,0,0,0,0,1,0,0,79
618,618,0,2,20,10,1,2,1,0,0,0,0,0,0,3,0,0,0,0,0,1,0,0,562
619,619,0,2,22,12,3,1,0,0,0,0,0,1,1,2,1,0,0,0,0,1,0,1,89
620,620,0,2,20,12,3,1,1,0,0,0,0,1,0,3,0,0,0,0,0,1,0,1,599
621,621,1,2,16,10,2,1,0,0,0,0,0,0,0,2,0,0,0,0,0,1,0,0,313
622,622,1,2,22,14,2,1,1,0,1,0,0,1,0,2,0,0,0,0,0,1,0,0,50
623,623,1,2,18,12,2,2,0,0,0,0,1,1,1,2,0,0,0,0,0,1,0,0,1
624,624,1,2,17,12,1,2,0,0,0,0,0,0,0,2,0,0,0,0,0,1,0,1,9
625,625,0,2,18,11,2,1,0,0,0,0,0,0,0,2,0,0,0,0,0,1,0,1,70
626,626,1,2,21,15,2,1,1,1,0,0,0,1,1,2,0,0,0,0,0,1,0,0,458
627,627,1,2,18,10,3,1,1,1,0,0,0,1,0,3,0,0,0,0,0,1,0,0,627
628,628,0,2,24,14,3,1,1,0,0,0,0,0,0,2,1,0,0,0,0,1,0,0,9
629,629,0,2,20,12,1,1,1,1,0,0,1,1,0,3,0,0,0,0,0,1,0,0,762
630,630,1,2,18,12,3,2,0,0,0,0,0,1,0,2,0,0,0,0,0,1,0,0,163
631,631,0,2,18,12,1,1,0,0,0,0,0,1,0,3,0,0,0,0,1,1,0,0,562
632,632,0,2,15,9,3,1,0,0,0,0,0,1,0,3,0,0,0,0,0,1,0,0,252
633,633,0,2,18,12,3,1,0,0,0,0,0,1,0,3,0,0,0,0,1,1,0,0,42
634,634,0,2,16,9,2,1,0,0,0,0,0,0,0,1,0,0,0,0,1,1,0,0,62
635,635,0,2,13,6,2,0,0,0,0,0,0,0,0,3,0,0,1,0,0,1,0,1,68
636,636,0,2,15,9,1,1,0,0,0,0,0,0,0,3,0,0,0,0,0,1,0,0,41
637,637,0,2,15,8,1,1,0,0,0,0,0,1,0,2,0,0,0,0,0,1,0,1,33
638,638,1,2,16,9,2,1,1,1,0,0,0,0,0,3,0,1,0,0,0,1,0,0,4
639,639,0,2,15,9,2,2,0,0,0,0,0,0,0,3,1,0,0,0,0,1,0,0,1126
640,640,0,2,17,11,3,0,0,0,0,0,0,1,0,2,0,0,0,0,0,1,0,0,309
641,641,0,2,15,9,2,1,0,0,0,0,0,0,0,2,0,0,0,0,0,1,0,1,103
642,642,0,2,14,8,3,1,0,0,0,0,0,0,0,3,0,0,0,0,0,1,0,1,251
643,643,0,2,16,9,1,0,0,0,0,0,0,1,0,2,0,0,0,0,1,1,0,1,17
644,644,0,2,19,11,3,1,0,0,0,0,0,0,0,3,0,0,0,0,0,1,0,0,55
645,645,0,2,20,10,3,1,0,0,0,0,0,0,0,2,0,0,0,0,0,1,0,0,523
646,646,0,2,14,7,2,1,1,1,0,0,0,0,0,2,1,0,0,0,0,1,0,0,340
647,647,1,2,15,8,1,1,0,0,0,0,0,0,0,2,1,0,0,0,0,1,0,1,143
648,648,0,2,14,8,3,1,0,0,0,0,0,1,0,3,0,0,0,0,0,1,0,1,465
649,649,0,2,19,11,1,5,0,0,0,0,0,0,0,2,0,0,0,0,0,1,0,0,100
650,650,0,2,13,7,3,0,0,0,0,0,0,0,0,2,0,0,0,0,0,1,0,1,164
651,651,0,2,14,7,3,1,0,0,0,0,0,1,0,2,0,0,0,0,0,1,0,1,193
652,652,1,2,16,10,2,1,0,0,0,0,0,0,0,2,0,0,0,0,0,1,0,1,31
653,653,1,2,15,8,3,3,1,0,0,0,0,0,0,2,0,0,0,0,0,1,0,0,37
654,654,1,0,25,11,3,3,1,1,0,0,0,1,0,2,0,0,0,0,1,1,0,0,367
655,655,0,2,13,8,2,1,0,0,0,0,0,1,1,2,1,0,0,0,0,1,0,1,592
656,656,0,2,15,10,2,1,1,1,0,0,0,1,1,2,1,0,0,0,1,1,0,1,10
657,657,0,2,15,8,3,2,0,0,0,0,0,1,0,2,0,0,0,0,0,1,0,1,37
658,658,0,2,14,8,2,1,0,0,0,0,0,1,0,2,1,0,0,0,0,1,0,0,638
659,659,0,2,14,9,3,1,1,1,0,0,0,0,0,2,0,0,0,0,0,1,0,0,131
660,660,1,2,16,7,2,1,0,0,0,0,0,0,1,2,0,0,0,0,0,1,0,0,306
661,661,0,2,16,9,3,1,0,0,0,0,0,0,0,2,0,0,0,0,0,1,0,1,13
662,662,0,2,13,7,1,1,0,0,0,0,0,0,0,2,0,0,0,0,1,1,0,1,272
663,663,0,2,14,8,2,3,0,0,0,0,0,0,0,2,0,0,0,0,0,1,0,1,109
664,664,0,2,15,9,2,1,0,0,0,0,0,0,1,1,0,0,0,0,0,1,0,0,50
665,665,1,2,13,6,1,1,0,0,0,0,0,0,0,2,0,0,0,0,0,1,0,1,121
666,666,1,2,15,9,1,1,0,0,0,0,1,0,0,3,0,0,0,0,0,1,0,1,94
667,667,1,2,15,10,1,4,0,0,0,0,0,0,1,2,0,0,0,0,0,1,0,1,126
668,668,0,2,16,8,2,1,0,0,0,0,0,0,0,2,0,0,0,0,0,1,0,1,223
669,669,0,2,16,9,3,1,0,0,0,0,0,1,0,2,0,0,0,0,1,1,0,1,51
670,670,0,2,19,12,2,1,0,0,0,0,0,0,0,3,0,0,0,0,0,1,0,0,321
671,671,0,2,19,12,2,0,0,0,0,0,0,0,0,2,0,0,0,0,0,1,0,1,8
672,672,1,2,22,15,2,1,1,1,0,0,0,0,0,3,0,0,0,0,0,1,0,0,123
673,673,0,2,34,12,2,1,1,1,1,1,0,1,1,2,0,1,0,0,1,1,0,0,72
674,674,0,2,23,11,3,1,0,0,0,0,0,0,0,3,0,0,1,0,0,1,1,0,2
675,675,0,2,27,12,3,2,1,0,0,0,1,0,0,2,0,0,0,0,0,1,0,0,342
676,676,0,2,30,10,1,1,0,0,0,0,1,1,0,3,0,1,0,0,1,1,0,0,145
677,677,0,1,27,15,1,1,1,0,1,0,0,1,0,3,0,0,0,0,0,1,0,1,1519
678,678,0,2,25,11,3,3,1,0,0,0,0,1,1,2,1,1,0,0,0,0,0,1,248
679,679,0,2,19,12,3,1,0,0,0,0,0,0,0,2,0,0,0,0,0,1,0,0,587
680,680,0,2,38,13,3,0,0,0,0,0,0,0,0,2,0,0,0,0,0,1,0,0,642
681,681,0,2,35,12,3,1,0,0,0,0,0,1,0,3,1,0,0,0,1,1,0,1,50
682,682,0,2,21,12,2,2,0,0,1,1,0,0,0,2,0,0,0,0,0,1,0,0,73
683,683,1,0,43,17,2,0,0,0,0,0,0,0,0,2,0,0,0,0,0,1,0,0,275
684,684,1,2,18,12,1,2,1,0,0,0,0,1,1,2,1,0,0,0,0,1,0,0,245
685,685,0,0,35,12,3,1,0,0,0,0,1,0,0,2,0,0,0,0,0,1,0,0,54
686,686,0,2,23,12,3,1,1,1,0,0,0,0,0,3,0,0,0,0,0,1,0,0,1086
687,687,0,2,32,12,3,1,0,0,0,0,1,0,0,3,0,0,0,0,0,1,0,1,201
688,688,1,1,33,12,2,1,0,0,0,0,0,0,0,3,1,0,0,0,0,1,0,0,1227
689,689,0,2,35,11,2,1,0,0,0,0,0,0,0,3,1,0,0,0,0,1,0,0,843
690,690,0,2,19,11,2,1,0,0,0,0,0,0,0,3,0,0,0,0,0,1,0,0,1529
691,691,0,2,27,12,3,1,0,0,0,0,0,0,0,2,0,0,0,0,0,1,0,0,129
692,692,0,2,17,11,2,1,0,0,0,0,0,1,0,2,0,0,0,0,0,1,0,1,1230
693,693,0,2,20,12,2,1,0,0,0,0,0,1,0,3,0,0,0,0,0,1,0,0,1050
694,694,0,2,17,9,1,1,0,0,0,0,0,0,0,2,0,0,0,0,0,0,0,1,91
695,695,0,2,15,9,1,1,0,0,0,0,0,0,0,2,0,0,0,0,0,1,0,0,138
696,696,0,2,16,9,2,2,0,0,0,0,0,0,0,2,0,0,0,0,0,1,0,1,41
697,697,0,2,17,10,2,2,1,1,1,1,0,1,0,2,0,0,0,0,0,1,0,1,539
698,698,0,2,17,10,2,2,0,0,0,0,0,1,0,2,1,0,0,0,0,1,0,0,452
699,699,0,2,19,12,3,1,0,0,0,0,0,0,0,1,0,0,0,0,0,1,0,0,1342
700,700,0,2,27,12,2,1,0,0,0,0,0,1,0,2,0,0,0,0,0,1,0,0,113
701,701,0,0,31,11,3,1,0,0,0,0,0,1,0,2,0,0,0,0,0,1,0,0,30
702,702,1,2,17,10,1,1,1,1,0,0,0,0,0,3,0,0,0,0,0,1,0,0,1238
703,703,0,1,25,13,2,1,1,1,0,0,0,0,0,2,0,0,0,0,0,1,0,0,304
704,704,1,2,18,12,3,1,0,0,0,0,1,1,0,1,0,0,0,0,0,1,0,1,13
705,705,0,2,18,12,1,1,1,1,1,0,0,1,0,3,1,0,0,0,0,1,0,0,426
706,706,1,2,26,14,2,1,1,1,0,0,0,1,0,2,1,0,0,0,0,1,0,1,176
707,707,0,2,15,9,3,1,0,0,0,0,0,1,1,2,0,0,0,0,0,1,0,1,160
708,708,0,2,21,12,2,1,0,0,0,0,0,0,0,3,0,0,0,0,0,1,0,0,895
709,709,1,2,19,13,2,1,1,0,0,0,0,0,0,1,0,0,0,0,0,1,0,0,194
710,710,0,0,34,11,3,2,1,1,1,1,0,0,1,2,0,0,0,0,0,1,0,0,17
711,711,1,2,36,11,3,1,1,1,0,0,0,1,0,1,0,0,0,0,0,1,0,0,9
712,712,1,0,27,12,3,2,1,1,0,0,0,1,0,3,1,0,0,0,0,1,0,0,1084
713,713,1,2,16,9,3,1,0,0,0,0,0,0,0,2,0,0,0,0,0,1,0,1,248
714,714,0,0,26,12,3,1,0,0,0,0,0,0,0,2,0,0,0,0,0,1,0,1,464
715,715,0,2,24,11,3,1,0,0,0,0,0,0,0,3,0,0,0,0,0,1,0,1,5
716,716,0,2,20,14,3,1,0,0,0,0,0,0,0,2,0,0,0,0,0,1,0,1,33
717,717,0,2,28,10,3,1,0,0,0,0,0,0,0,3,0,0,0,0,0,1,0,1,99
718,718,0,2,17,10,3,1,0,0,0,0,1,1,0,3,0,0,0,0,0,1,0,0,416
719,719,1,2,18,11,2,1,1,1,0,0,0,0,0,3,0,0,0,0,0,1,0,0,91
720,720,1,2,23,11,3,1,1,0,1,1,0,1,0,3,0,0,0,0,0,1,0,0,811
721,721,0,2,23,12,3,1,0,0,0,0,0,1,0,3,1,0,0,0,1,1,0,1,141
722,722,0,2,23,13,2,2,0,0,0,0,0,0,0,3,0,0,0,0,0,1,0,0,726
723,723,1,2,25,12,2,2,0,0,0,0,0,1,0,2,1,0,0,0,0,1,0,0,418
724,724,0,2,29,14,3,1,1,1,1,1,1,0,1,3,0,0,0,0,0,1,0,0,700
725,725,0,2,16,10,2,1,0,0,0,0,0,1,0,2,0,0,0,0,0,1,0,1,190
726,726,0,2,17,11,1,1,0,0,0,0,0,1,0,3,1,0,0,0,0,1,0,1,338
727,727,0,2,19,11,3,1,0,0,0,0,0,0,0,2,0,0,0,0,0,1,0,1,277
728,728,0,2,28,9,3,2,0,0,0,0,0,1,0,2,0,0,0,0,1,1,0,1,8
729,729,0,2,17,11,2,5,1,0,0,0,0,0,1,2,0,0,0,0,0,1,0,0,1141
730,730,0,2,17,10,1,2,0,0,0,0,0,1,0,2,0,0,0,0,0,1,0,0,49
731,731,0,2,16,11,2,0,0,0,0,0,0,1,0,2,0,0,0,0,0,1,0,0,1060
732,732,0,2,17,10,1,1,0,0,0,0,0,1,0,2,0,0,0,0,0,1,0,1,1238
733,733,1,2,20,15,3,2,0,0,0,0,0,0,1,3,0,0,0,0,0,1,0,1,846
734,734,0,2,15,10,1,0,0,0,0,0,0,0,0,2,0,0,0,0,1,1,0,1,367
735,735,0,2,17,10,3,2,0,0,0,0,0,1,0,2,0,0,0,0,0,1,0,1,242
736,736,0,2,21,12,3,1,0,0,0,0,0,0,0,3,0,0,0,0,0,1,0,0,4
737,737,0,2,16,10,3,2,0,0,0,0,0,1,0,2,1,0,0,0,0,1,0,0,242
738,738,0,2,23,13,3,1,0,0,0,0,0,0,0,3,0,0,0,0,0,1,0,1,111
739,739,0,2,20,12,3,1,0,0,0,0,0,0,0,2,0,0,0,0,0,1,0,1,154
740,740,0,2,27,12,3,2,1,1,0,0,1,0,1,2,0,0,0,0,0,1,0,1,136
741,741,0,2,23,14,2,1,1,0,0,0,0,1,0,2,0,0,0,1,0,1,0,0,27
742,742,0,2,23,11,3,2,1,1,0,0,1,1,0,3,0,0,0,0,0,1,0,0,490
743,743,0,2,15,6,2,1,0,0,0,0,0,0,0,2,0,0,0,0,0,1,0,1,4
744,744,0,2,22,12,2,1,0,0,0,0,0,0,0,3,0,0,0,0,0,1,0,0,5
745,745,0,2,21,14,2,1,1,1,0,0,0,0,0,3,0,0,0,0,0,1,0,0,725
746,746,0,0,27,12,2,0,0,0,0,0,0,0,0,2,0,0,0,0,0,1,0,1,247
747,747,0,2,16,9,3,1,0,0,0,0,0,1,0,3,1,0,0,0,0,1,0,1,175
748,748,1,2,19,11,2,2,1,1,0,0,1,1,1,3,1,0,0,0,0,1,0,0,907
749,749,1,2,20,12,1,1,0,0,0,0,1,0,0,2,0,0,0,0,0,1,0,0,8
750,750,0,2,19,12,3,1,0,0,0,0,0,1,0,2,0,0,0,0,0,1,0,0,65
751,751,0,2,17,10,1,1,0,0,0,0,0,1,0,3,0,0,0,0,0,1,0,0,1412
752,752,0,2,18,12,2,1,0,0,0,0,0,0,0,3,0,0,0,0,0,1,0,0,1386
753,753,0,2,18,12,1,1,1,0,0,0,0,0,0,3,0,0,0,0,0,1,0,0,149
754,754,0,2,15,9,1,1,0,0,0,0,0,1,0,2,0,0,0,0,0,1,0,1,80
755,755,0,2,17,10,2,1,0,0,0,0,0,1,0,1,0,0,0,0,0,1,0,1,55
756,756,0,2,30,12,2,2,0,0,0,0,1,0,0,1,0,0,0,0,0,1,1,1,191
757,757,0,2,16,10,3,1,0,0,0,0,1,1,1,2,0,0,0,0,0,1,0,1,248
758,758,0,2,15,9,2,0,0,0,0,0,1,0,0,3,0,0,0,0,0,1,0,1,682
759,759,0,2,19,11,3,3,0,0,0,0,1,1,0,2,1,0,0,0,0,1,0,0,347
760,760,0,2,17,10,1,2,0,0,0,0,0,0,0,2,0,0,0,0,0,1,0,1,274
761,761,0,2,17,11,3,1,1,1,0,0,0,1,0,2,0,0,0,0,0,1,0,0,264
762,762,0,2,20,12,3,1,0,0,0,0,0,1,1,3,0,0,0,0,0,0,0,0,380
763,763,0,2,16,11,3,1,0,0,0,0,0,1,1,2,0,0,0,0,1,1,0,1,467
764,764,0,2,17,10,2,2,0,0,0,0,0,1,0,2,0,0,0,0,0,1,0,1,3
765,765,0,2,17,11,2,1,0,0,0,0,1,0,1,3,0,0,0,0,0,0,0,1,21
766,766,0,2,18,12,1,1,0,0,0,0,0,0,0,2,1,0,0,0,0,1,0,1,41
767,767,0,2,21,12,3,2,0,0,0,0,0,1,0,2,0,0,0,0,0,1,0,1,702
768,768,0,0,30,12,3,1,0,0,0,0,0,1,0,2,0,0,0,0,0,1,0,0,118
769,769,0,2,15,9,3,3,0,0,0,0,0,1,1,2,1,0,0,0,0,1,0,1,337
770,770,0,2,24,12,3,1,1,1,1,1,0,1,0,3,0,0,0,0,0,1,0,0,276
771,771,0,2,21,12,2,1,1,0,0,0,0,0,1,2,0,0,0,0,0,1,0,0,218
772,772,0,2,17,11,2,1,0,0,0,0,0,0,0,2,0,0,0,0,0,1,0,0,1083
773,773,1,2,19,12,3,1,1,1,0,0,0,0,0,3,0,0,0,0,0,1,0,0,781
774,774,1,2,16,10,2,3,0,0,0,0,0,0,0,2,0,0,0,0,0,1,0,0,74
775,775,1,2,17,10,2,1,0,0,0,0,0,0,0,2,0,0,0,0,0,1,0,0,244
776,776,1,2,16,9,2,1,1,0,0,0,1,1,0,3,0,0,0,0,0,1,0,1,200
777,777,0,2,23,12,3,1,0,0,0,0,0,0,0,3,0,0,0,0,0,1,0,0,1192
778,778,0,2,16,10,2,2,0,0,0,0,1,0,0,1,1,0,0,0,0,1,0,1,2
779,779,0,2,19,12,2,1,0,0,0,0,0,1,0,1,0,0,0,0,0,1,0,1,13
780,780,0,2,18,11,2,1,0,0,0,0,0,1,0,2,1,0,0,0,0,1,0,1,199
781,781,0,2,19,12,3,1,0,0,0,0,0,0,0,2,0,0,0,0,0,1,0,0,477
782,782,0,2,17,10,2,1,0,0,0,0,0,0,0,2,1,0,0,0,1,1,0,1,3
783,783,0,2,16,11,3,2,0,0,0,0,1,1,0,2,1,0,0,0,1,1,0,1,62
784,784,0,2,18,11,1,1,0,0,0,0,0,0,0,3,0,0,0,0,0,1,0,1,474
785,785,0,2,17,10,1,1,0,0,0,0,0,0,0,3,0,0,0,0,0,0,0,1,389
786,786,0,2,18,12,2,0,0,0,0,0,0,0,0,2,0,0,0,0,0,1,0,0,769
787,787,0,2,15,9,3,1,0,0,0,0,0,1,1,3,0,0,0,0,0,1,0,1,793
788,788,0,2,17,11,3,1,0,0,0,0,0,0,0,3,0,0,1,0,0,1,0,0,417
789,789,1,2,17,12,1,2,0,0,0,0,1,1,0,2,0,0,0,0,0,1,0,0,54
790,790,0,2,18,11,3,1,0,0,0,0,0,0,0,2,0,0,0,0,0,1,0,1,320
791,791,0,0,19,10,1,1,0,0,0,0,0,1,0,2,0,0,0,0,0,1,0,0,611
792,792,0,2,17,11,3,0,1,0,0,0,0,0,0,2,0,0,0,0,0,1,0,0,61
793,793,0,2,16,9,3,2,0,0,0,0,0,0,0,2,1,0,0,0,1,1,0,0,88
794,794,0,2,16,10,1,4,0,0,0,0,0,0,0,2,0,0,0,0,0,1,0,1,95
795,795,0,0,23,12,3,1,0,0,0,0,0,0,0,3,0,0,0,0,0,1,0,0,1145
796,796,0,2,21,14,3,1,0,0,0,0,0,1,1,3,0,0,0,0,1,1,0,0,1397
797,797,0,2,24,12,1,1,1,0,0,0,0,0,0,3,0,0,0,0,1,1,0,0,465
798,798,0,2,18,10,3,1,0,0,0,0,1,1,0,2,0,0,0,0,1,1,0,1,194
799,799,0,2,24,13,2,1,0,0,0,0,0,1,0,2,0,0,0,0,0,1,0,0,292
800,800,1,2,17,11,2,1,1,1,0,0,0,0,0,2,0,0,0,0,0,1,0,0,1290
801,801,1,2,17,10,2,1,1,1,0,0,0,0,1,2,0,0,0,0,0,1,0,0,630
802,802,1,2,28,15,3,1,1,0,0,0,0,0,0,2,0,0,0,0,0,0,0,0,190
803,803,1,2,20,14,2,1,1,1,0,0,0,0,0,1,0,0,0,0,0,1,0,0,7
804,804,1,2,16,8,1,0,0,0,0,0,0,1,0,3,0,0,0,0,1,1,0,0,5
805,805,0,2,16,10,2,1,0,0,0,0,0,1,0,2,1,0,0,0,0,1,0,0,896
806,806,0,2,23,10,2,1,0,0,0,0,0,1,1,3,0,1,0,0,0,1,1,0,938
807,807,0,2,24,12,3,1,0,0,0,0,0,1,0,2,0,0,0,0,0,1,0,1,764
808,808,1,2,13,7,3,2,0,0,0,0,0,1,1,2,1,1,0,0,1,1,0,1,21
809,809,1,2,33,12,2,1,1,0,0,0,0,0,0,2,1,0,0,0,1,1,0,0,17
810,810,0,2,20,12,3,1,0,0,0,0,0,0,0,1,0,0,0,0,0,1,0,1,3
811,811,0,2,16,10,2,2,0,0,0,0,1,1,0,2,0,0,0,0,1,1,0,0,314
812,812,0,2,15,9,2,1,0,0,0,0,0,0,0,1,0,0,0,0,0,1,0,0,892
813,813,1,2,18,12,2,1,0,0,0,0,0,0,0,2,0,0,0,0,0,1,0,0,184
814,814,1,2,19,11,2,0,0,0,0,0,0,1,0,2,1,0,0,0,1,1,0,0,27
815,815,0,2,17,11,1,2,0,0,0,0,0,1,1,2,0,0,0,0,0,1,0,1,331
816,816,1,2,18,10,2,1,0,0,0,0,0,0,1,2,1,0,0,0,0,0,0,0,40
817,817,1,2,15,9,2,1,1,1,0,0,0,0,0,2,0,0,0,0,0,1,0,0,173
818,818,1,2,17,9,2,1,0,0,0,0,0,0,0,3,0,0,0,0,0,1,0,0,40
819,819,1,2,21,12,2,1,1,0,0,0,0,0,0,3,0,0,0,0,1,1,0,1,4
820,820,1,2,21,12,2,1,1,1,1,1,0,1,0,3,0,0,0,0,0,1,0,1,22
821,821,1,2,18,12,1,2,1,1,0,0,0,0,1,2,0,0,0,0,0,1,0,0,179
822,822,0,2,16,10,2,1,0,0,0,0,0,1,0,3,0,0,0,0,0,1,0,1,1087
823,823,0,2,26,14,2,1,0,0,0,0,0,0,0,3,0,0,0,0,0,1,0,1,429
824,824,1,2,25,12,2,3,1,1,0,0,0,0,0,3,0,0,0,0,0,1,0,0,62
825,825,0,2,17,11,2,1,0,0,0,0,1,0,1,1,0,0,0,0,0,1,0,0,375
826,826,0,2,25,12,1,1,0,0,0,0,0,0,0,3,0,0,0,0,0,0,0,1,761
827,827,0,2,19,12,3,0,0,0,0,0,0,0,0,2,1,0,0,0,0,1,0,0,186
828,828,0,2,17,12,2,1,0,0,0,0,0,1,1,2,0,0,0,1,0,0,0,1,68
829,829,0,2,19,12,2,0,0,0,0,0,1,1,0,3,0,0,0,0,0,1,0,1,215
830,830,1,2,20,12,2,1,1,1,0,0,0,1,0,1,0,0,0,0,0,1,0,0,1031
831,831,1,2,20,12,2,10,1,1,1,1,0,1,0,2,1,0,0,0,1,0,0,0,1027
832,832,0,2,17,10,2,1,0,0,0,0,0,0,0,3,0,0,0,0,0,1,0,0,117
833,833,0,2,23,12,3,1,0,0,0,0,1,1,0,2,0,0,0,0,1,1,0,1,45
834,834,0,2,15,9,1,2,0,0,0,0,1,1,0,2,0,1,0,1,1,1,0,0,472
835,835,1,0,23,11,2,2,0,0,0,0,1,1,0,2,0,0,0,0,0,1,0,1,268
836,836,1,2,20,14,2,1,1,1,1,1,0,0,0,2,0,0,0,0,0,1,0,0,271
837,837,1,2,20,14,2,0,1,1,1,0,0,0,0,2,0,0,0,0,0,1,0,0,1034
838,838,0,2,18,12,3,1,0,0,0,0,0,0,0,3,0,0,0,0,0,0,0,0,1081
839,839,1,2,20,13,2,1,1,1,0,0,1,0,1,2,0,1,0,0,1,1,0,0,414
840,840,0,2,19,13,2,0,0,0,0,0,0,0,0,2,0,0,0,0,0,1,0,1,416
841,841,0,2,15,7,3,1,0,0,0,0,0,0,0,3,0,0,0,0,0,1,0,1,65
842,842,1,2,15,9,2,1,0,0,0,0,0,1,0,2,0,0,0,0,0,0,0,1,1
843,843,1,2,17,11,2,1,0,0,0,0,0,1,0,3,0,0,0,0,0,1,0,0,1004
844,844,0,2,20,12,2,1,0,0,0,0,0,0,0,2,0,0,0,0,0,1,0,0,235
845,845,0,2,18,12,3,1,0,0,0,0,0,0,0,2,0,0,0,0,0,1,0,0,6
846,846,1,2,19,11,2,0,1,0,0,0,0,0,1,3,0,0,0,0,0,0,0,0,1035
847,847,0,2,18,12,3,0,0,0,0,0,0,0,0,2,0,0,0,0,0,1,0,0,587
848,848,0,2,16,9,2,1,0,0,0,0,0,1,0,2,1,0,0,0,0,0,0,0,283
849,849,0,2,22,12,2,1,0,0,0,0,0,1,0,2,0,0,0,0,1,1,0,0,1237
850,850,0,2,17,11,2,3,0,0,0,0,0,0,0,2,0,0,0,0,0,1,0,0,857
851,851,1,2,19,12,1,1,1,1,0,0,0,0,0,3,0,0,0,0,0,1,0,0,542
852,852,0,2,19,12,1,2,0,0,0,0,0,0,0,2,0,0,0,0,0,1,0,1,333
853,853,1,2,17,11,2,1,0,0,0,0,1,1,0,2,0,0,0,0,0,1,0,1,180
854,854,1,2,21,12,2,1,0,0,0,0,0,0,0,2,1,0,0,0,0,1,0,1,131
855,855,1,2,19,12,3,1,1,1,0,0,0,0,0,2,0,0,0,0,0,1,0,0,89
856,856,1,2,19,13,2,1,1,0,0,0,0,0,0,2,0,0,1,0,0,1,0,0,1
857,857,0,2,18,11,3,1,0,0,0,0,0,1,0,3,0,0,0,0,0,1,0,0,879
858,858,0,2,17,11,2,1,0,0,0,0,0,0,0,2,1,0,1,0,1,1,0,0,1
859,859,1,2,16,9,3,1,0,0,0,0,0,0,0,2,0,0,0,0,0,0,0,0,639
860,860,0,2,17,11,1,1,1,0,0,0,0,0,0,3,0,0,0,0,0,1,0,1,312
861,861,0,2,16,11,2,1,0,0,0,0,0,1,0,2,0,0,1,0,0,1,1,1,153
862,862,0,2,18,12,1,0,0,0,0,0,0,0,0,3,0,0,0,0,0,1,0,0,1341
863,863,1,2,20,12,2,1,1,0,0,0,0,0,0,3,0,0,0,0,0,1,0,0,394
864,864,0,2,19,12,1,0,0,0,0,0,0,1,0,2,1,0,0,0,0,1,0,0,174
865,865,0,2,16,10,3,1,1,1,0,0,1,0,0,2,0,0,0,0,0,1,0,1,831
866,866,1,2,18,12,2,2,1,1,0,0,0,0,0,3,0,0,0,0,0,1,0,0,528
867,867,0,2,15,10,1,1,0,0,0,0,0,1,0,2,0,0,0,0,0,1,0,1,9
868,868,0,2,15,10,3,1,0,0,0,0,0,1,0,2,0,0,0,0,0,1,0,0,208
869,869,0,2,20,11,2,1,1,1,0,0,0,0,0,2,0,0,0,0,0,1,0,0,659
870,870,1,2,18,11,2,1,1,1,0,0,0,1,0,1,0,0,0,0,0,1,0,0,1113
871,871,1,2,16,10,2,1,0,0,0,0,0,0,0,2,0,0,0,0,0,1,0,0,16
872,872,1,2,18,11,2,2,1,1,0,0,0,0,0,2,0,0,0,0,0,1,0,0,336
873,873,1,2,16,10,1,1,1,1,0,0,0,0,0,3,0,0,0,0,0,1,0,0,71
874,874,1,2,16,9,2,1,0,0,0,0,0,1,1,2,1,0,0,0,0,1,0,0,267
875,875,0,2,14,8,3,1,0,0,0,0,0,0,0,2,0,0,0,0,0,1,0,0,3
876,876,0,2,18,11,3,1,0,0,0,0,0,0,0,2,0,0,0,0,0,1,0,0,5
877,877,0,2,16,10,3,1,0,0,0,0,0,0,0,3,0,0,0,0,1,1,0,1,116
