,neuroticism,extraversion,sex,volunteer
1,16,13,0,0
2,8,14,1,0
3,5,16,1,0
4,8,20,0,0
5,9,19,1,0
6,6,15,1,0
7,8,10,0,0
8,12,11,1,0
9,15,16,1,0
10,18,7,1,0
11,12,16,0,0
12,9,15,1,0
13,13,11,1,0
14,9,13,1,0
15,12,16,0,0
16,11,12,1,0
17,5,5,1,0
18,12,8,1,0
19,9,7,1,0
20,4,11,0,0
21,17,8,1,0
22,13,12,0,0
23,10,13,1,0
24,10,12,0,0
25,22,6,0,0
26,15,15,0,0
27,13,13,1,0
28,4,7,0,0
29,9,9,0,0
30,18,16,1,0
31,10,16,1,0
32,20,15,0,0
33,15,6,0,0
34,19,15,1,0
35,11,14,0,0
36,4,11,1,0
37,17,14,0,0
38,14,15,0,0
39,15,8,0,0
40,5,20,0,0
41,8,10,1,0
42,16,12,0,0
43,14,8,0,0
44,5,12,1,0
45,15,19,0,0
46,8,9,1,0
47,8,15,1,0
48,2,17,0,0
49,9,18,1,0
50,18,18,0,0
51,17,14,1,0
52,14,15,0,0
53,13,16,0,0
54,6,16,0,0
55,7,11,0,0
56,13,8,0,0
57,12,12,0,0
58,16,7,0,0
59,11,16,0,0
60,10,11,0,0
61,7,16,1,0
62,14,5,0,0
63,19,12,1,0
64,7,8,0,0
65,10,11,0,0
66,13,6,0,0
67,15,21,0,0
68,6,10,1,0
69,15,12,1,0
70,10,7,1,0
71,20,13,1,0
72,16,15,0,0
73,19,8,0,0
74,21,16,0,0
75,17,18,0,0
76,7,12,0,0
77,9,13,1,0
78,7,11,0,0
79,12,13,0,0
80,12,14,1,0
81,3,20,1,0
82,16,13,1,0
83,3,13,1,0
84,10,16,0,0
85,5,15,0,0
86,13,12,0,0
87,15,14,0,0
88,21,10,0,0
89,16,14,0,0
90,14,13,0,0
91,11,9,0,0
92,18,10,0,0
93,14,13,1,0
94,7,15,0,0
95,21,8,0,0
96,15,11,0,0
97,12,12,1,0
98,11,17,0,0
99,7,12,0,0
100,3,9,1,0
101,2,10,0,0
102,10,8,1,0
103,15,14,1,0
104,16,13,1,0
105,10,18,1,0
106,8,9,1,0
107,7,10,1,0
108,14,8,0,0
109,9,10,0,0
110,8,12,1,0
111,11,11,0,0
112,10,10,0,0
113,4,11,0,0
114,17,5,0,0
115,7,12,1,0
116,8,16,1,0
117,3,13,1,0
118,5,8,1,0
119,12,17,1,0
120,12,9,1,0
121,6,9,1,0
122,1,10,0,0
123,5,14,1,0
124,14,16,0,0
125,3,14,0,0
126,10,15,0,0
127,12,14,0,0
128,14,5,1,0
129,10,11,1,0
130,10,15,0,0
131,10,17,0,0
132,19,13,1,0
133,9,9,1,0
134,18,16,0,0
135,12,17,0,0
136,7,18,1,0
137,15,10,1,0
138,13,7,1,0
139,8,15,0,0
140,17,9,0,0
141,10,13,1,0
142,16,8,0,0
143,7,17,0,0
144,12,11,1,0
145,9,10,1,0
146,7,16,1,0
147,6,17,1,0
148,1,13,0,0
149,18,10,0,0
150,8,9,0,0
151,15,12,0,0
152,19,11,1,0
153,12,15,1,0
154,14,12,1,0
155,13,12,0,0
156,8,14,1,0
157,8,12,0,0
158,18,6,0,0
159,10,12,0,0
160,9,8,0,0
161,7,7,1,0
162,3,11,1,0
163,6,12,1,0
164,16,16,0,0
165,18,8,1,0
166,10,14,1,0
167,9,15,0,0
168,17,15,1,0
169,9,14,1,0
170,12,12,0,0
171,6,10,1,0
172,8,9,0,0
173,5,16,1,0
174,13,20,0,0
175,14,13,0,0
176,8,19,1,0
177,15,10,0,0
178,7,5,1,0
179,4,11,0,0
180,16,7,1,0
181,15,5,1,0
182,2,7,1,0
183,20,10,0,0
184,12,10,1,0
185,17,8,0,0
186,6,12,0,0
187,10,7,1,0
188,17,14,0,0
189,4,16,1,0
190,12,15,1,0
191,12,14,1,0
192,20,13,1,0
193,5,9,1,0
194,13,9,1,0
195,21,17,1,0
196,18,14,0,0
197,12,11,0,0
198,12,15,1,0
199,18,6,1,0
200,2,17,0,0
201,14,11,1,0
202,5,7,0,0
203,9,13,0,0
204,10,10,0,0
205,12,7,1,0
206,17,10,0,0
207,18,5,0,0
208,11,7,1,0
209,6,11,1,0
210,11,16,0,0
211,11,10,1,0
212,6,11,0,0
213,18,11,1,0
214,10,8,1,0
215,13,14,0,0
216,20,10,0,0
217,16,6,1,0
218,14,11,0,0
219,17,18,0,1
220,17,19,1,1
221,17,22,0,1
222,17,17,0,1
223,16,19,0,1
224,16,17,0,1
225,16,11,1,0
226,5,14,0,0
227,6,16,1,0
228,15,8,1,0
229,16,4,1,0
230,15,9,0,0
231,6,15,1,0
232,10,13,1,0
233,1,8,0,0
234,9,12,1,0
235,13,11,1,0
236,11,13,1,0
237,17,3,1,0
238,1,14,1,0
239,11,7,1,0
240,19,9,1,0
241,4,7,1,0
242,5,8,1,0
243,14,8,0,0
244,4,10,1,0
245,16,9,1,0
246,8,8,1,0
247,16,10,1,0
248,2,17,1,0
249,9,12,1,0
250,5,11,0,0
251,4,17,1,0
252,9,11,0,0
253,13,6,1,0
254,6,15,1,0
255,11,10,1,0
256,10,14,1,0
257,12,15,1,0
258,19,11,0,0
259,18,9,0,0
260,3,13,0,0
261,5,8,1,0
262,12,17,1,0
263,19,3,1,0
264,16,14,1,0
265,19,13,1,0
266,9,19,1,0
267,6,15,1,0
268,10,13,0,0
269,11,9,0,0
270,13,11,0,0
271,4,14,1,0
272,13,10,1,0
273,12,12,1,0
274,4,13,1,0
275,10,16,1,0
276,10,8,1,0
277,9,21,0,0
278,17,9,1,0
279,4,8,0,0
280,10,7,1,0
281,14,12,0,0
282,16,12,0,0
283,10,12,0,0
284,11,15,0,0
285,7,10,0,0
286,5,10,1,0
287,11,13,0,0
288,14,13,1,0
289,5,9,1,0
290,11,17,0,0
291,2,12,0,0
292,13,8,0,0
293,3,16,1,0
294,9,3,1,0
295,6,13,1,0
296,11,16,1,0
297,9,10,1,0
298,5,7,1,0
299,10,14,1,0
300,8,12,1,0
301,18,9,0,0
302,15,11,0,0
303,18,20,1,0
304,9,17,0,0
305,12,14,0,0
306,10,18,1,0
307,12,4,0,0
308,14,8,1,0
309,6,14,1,0
310,8,13,0,0
311,5,16,1,0
312,10,9,1,0
313,11,16,1,0
314,5,15,1,0
315,10,12,1,0
316,13,8,0,0
317,16,13,0,0
318,11,12,0,0
319,12,16,1,0
320,12,13,1,0
321,3,3,1,0
322,14,9,0,0
323,5,11,0,0
324,11,11,1,0
325,7,4,1,0
326,9,15,0,0
327,11,9,0,0
328,8,12,1,0
329,18,14,0,0
330,8,12,1,0
331,9,10,1,0
332,6,6,0,0
333,11,14,1,0
334,20,14,0,0
335,16,6,1,0
336,9,13,0,0
337,18,4,1,0
338,12,9,0,0
339,9,11,1,0
340,3,5,0,0
341,20,2,0,0
342,17,12,0,0
343,18,5,0,0
344,9,14,1,0
345,7,10,0,0
346,10,15,0,0
347,14,14,0,0
348,11,12,0,0
349,4,9,1,0
350,11,10,1,0
351,15,11,1,0
352,14,13,1,0
353,5,13,0,0
354,15,13,0,0
355,22,13,1,0
356,6,14,0,0
357,5,6,1,0
358,2,20,1,0
359,7,10,1,0
360,15,8,1,0
361,14,6,1,0
362,13,9,1,0
363,13,9,1,0
364,6,14,0,0
365,16,8,0,0
366,6,6,0,0
367,20,10,1,0
368,7,11,1,0
369,4,12,1,0
370,8,20,1,0
371,7,15,0,0
372,12,10,1,0
373,3,9,1,0
374,9,17,1,0
375,12,15,1,0
376,7,8,0,0
377,18,10,0,0
378,11,13,0,0
379,17,10,0,0
380,20,10,0,0
381,16,13,1,0
382,16,19,0,0
383,15,9,1,0
384,10,15,1,0
385,10,19,1,0
386,9,15,0,0
387,9,13,1,0
388,10,3,0,0
389,3,8,1,0
390,15,18,0,0
391,7,8,1,0
392,13,17,0,0
393,14,9,0,0
394,10,10,1,0
395,9,14,0,0
396,13,16,0,0
397,3,11,1,0
398,7,13,1,0
399,14,14,0,0
400,15,19,1,0
401,18,13,0,0
402,2,16,1,0
403,6,5,1,0
404,11,11,1,0
405,3,15,1,0
406,10,15,1,0
407,11,9,1,0
408,13,11,1,0
409,13,10,0,0
410,6,11,0,0
411,8,11,1,0
412,20,20,1,0
413,20,16,0,0
414,10,13,0,0
415,12,12,1,0
416,12,17,0,0
417,11,16,0,0
418,9,15,0,0
419,7,15,0,0
420,7,16,1,0
421,7,13,0,0
422,6,14,1,0
423,10,12,0,0
424,13,13,1,0
425,13,12,0,0
426,16,13,0,0
427,12,5,0,0
428,19,9,0,0
429,13,17,0,0
430,12,13,0,0
431,10,18,1,0
432,10,14,1,0
433,5,14,1,0
434,8,14,1,0
435,15,16,0,1
436,12,13,0,1
437,9,10,0,1
438,7,13,0,1
439,7,15,1,1
440,17,12,1,1
441,16,13,0,1
442,6,13,1,1
443,14,10,0,1
444,9,14,0,1
445,8,9,1,1
446,5,16,1,1
447,7,12,0,1
448,6,14,0,1
449,9,15,1,1
450,6,9,1,1
451,8,16,1,1
452,14,14,1,1
453,6,21,1,1
454,7,16,0,1
455,16,8,0,1
456,19,10,0,1
457,13,7,0,1
458,13,13,0,1
459,15,12,1,1
460,17,11,1,1
461,9,18,0,1
462,20,13,1,1
463,7,14,0,1
464,19,14,0,1
465,6,15,1,1
466,4,12,0,1
467,14,11,1,1
468,9,15,0,1
469,4,13,0,1
470,2,15,1,1
471,21,13,1,1
472,11,9,1,1
473,11,13,1,1
474,9,12,1,1
475,7,11,1,1
476,11,9,1,1
477,14,14,1,1
478,10,16,0,1
479,4,14,1,1
480,8,18,0,1
481,14,18,1,1
482,9,18,1,1
483,11,11,1,1
484,10,21,1,1
485,14,9,0,1
486,21,10,1,1
487,16,12,0,1
488,12,13,0,1
489,11,12,1,1
490,1,12,1,1
491,14,12,0,1
492,10,12,1,1
493,16,15,0,1
494,8,19,1,1
495,12,8,0,1
496,7,11,1,1
497,8,17,1,1
498,13,14,0,1
499,15,14,0,1
500,10,10,0,1
501,10,15,0,1
502,19,13,0,1
503,8,5,0,1
504,9,14,1,1
505,3,13,1,1
506,18,15,1,1
507,13,14,0,1
508,13,13,0,1
509,15,16,1,1
510,5,15,0,1
511,12,14,1,1
512,13,22,0,1
513,10,4,0,1
514,10,17,1,1
515,8,14,0,1
516,17,15,1,1
517,7,18,1,1
518,10,18,1,1
519,15,13,0,1
520,6,8,1,1
521,13,12,0,1
522,14,14,0,1
523,12,11,0,1
524,20,16,0,1
525,12,9,1,1
526,17,14,0,1
527,10,12,1,1
528,14,14,0,1
529,11,13,1,1
530,8,14,1,1
531,7,17,0,1
532,10,8,0,1
533,16,16,0,1
534,11,19,0,1
535,21,13,0,1
536,7,16,0,1
537,13,7,1,1
538,17,16,0,1
539,6,15,0,1
540,16,9,1,1
541,13,18,0,1
542,18,6,0,1
543,16,13,0,1
544,9,20,0,1
545,14,13,0,1
546,14,11,0,1
547,10,12,1,1
548,15,14,0,1
549,17,15,0,1
550,9,11,0,1
551,9,8,1,1
552,12,17,0,1
553,17,15,0,1
554,13,6,1,1
555,11,11,1,1
556,11,16,0,1
557,13,15,0,1
558,2,11,0,1
559,13,10,0,1
560,11,15,0,1
561,8,14,0,1
562,11,15,0,1
563,18,12,0,1
564,17,11,0,1
565,8,13,1,1
566,12,17,0,1
567,14,12,0,1
568,15,13,1,1
569,15,11,0,1
570,7,13,0,1
571,11,14,0,1
572,13,18,1,1
573,10,19,1,1
574,10,14,0,1
575,19,14,1,1
576,13,16,0,1
577,9,13,0,1
578,15,13,0,1
579,7,3,0,1
580,14,12,1,1
581,20,12,1,1
582,12,12,0,1
583,13,17,1,1
584,14,17,0,1
585,13,14,0,1
586,19,10,0,1
587,11,16,0,1
588,11,12,0,1
589,11,9,1,1
590,13,14,0,1
591,14,14,0,1
592,9,15,1,1
593,10,19,0,1
594,10,5,1,1
595,8,15,0,1
596,13,13,1,1
597,9,9,0,1
598,9,8,1,1
599,12,12,0,1
600,3,13,1,1
601,10,15,0,1
602,16,8,0,1
603,17,6,0,1
604,13,15,0,1
605,11,9,1,1
606,18,15,0,1
607,7,15,1,1
608,9,14,0,1
609,16,11,1,1
610,13,13,0,1
611,10,18,1,1
612,15,17,0,1
613,10,12,1,1
614,7,11,1,1
615,10,11,1,1
616,4,21,1,1
617,17,11,1,1
618,15,17,1,1
619,15,8,0,1
620,6,18,1,1
621,19,13,0,1
622,12,12,1,1
623,15,11,1,1
624,18,15,0,1
625,17,16,1,1
626,7,21,0,1
627,13,8,0,1
628,21,9,1,1
629,12,18,0,1
630,10,16,0,1
631,8,14,1,1
632,12,10,1,1
633,13,15,0,1
634,15,13,0,1
635,13,16,1,1
636,6,18,0,1
637,7,16,1,1
638,17,14,1,1
639,16,16,1,1
640,5,13,1,1
641,17,9,0,1
642,10,13,0,1
643,22,10,0,1
644,16,9,0,1
645,7,15,0,1
646,13,19,0,1
647,9,14,0,1
648,7,14,0,1
649,7,18,0,1
650,14,17,0,1
651,13,17,0,1
652,11,14,0,1
653,9,15,0,1
654,24,7,0,1
655,18,10,1,1
656,11,19,0,1
657,14,14,0,1
658,12,20,0,1
659,20,11,0,1
660,15,9,1,1
661,15,15,1,1
662,20,11,1,1
663,15,15,1,1
664,14,12,1,1
665,17,10,0,1
666,5,18,1,1
667,7,15,0,1
668,8,10,0,1
669,8,10,0,1
670,8,12,0,1
671,18,11,0,1
672,16,8,0,1
673,11,21,0,1
674,15,13,0,1
675,15,15,1,1
676,10,15,0,1
677,13,15,0,1
678,6,12,0,1
679,23,4,0,1
680,20,10,0,1
681,5,13,0,1
682,14,13,0,1
683,19,12,0,1
684,4,15,0,1
685,5,17,1,1
686,7,18,0,1
687,13,17,0,1
688,15,12,0,1
689,17,11,0,1
690,15,15,0,1
691,17,8,0,1
692,8,21,0,1
693,8,14,1,1
694,8,12,0,1
695,15,17,0,1
696,9,16,1,1
697,20,11,1,1
698,13,18,1,1
699,6,12,0,1
700,7,14,1,1
701,12,14,0,1
702,14,7,1,1
703,8,13,0,1
704,13,12,0,1
705,19,12,1,1
706,19,16,1,1
707,14,18,1,1
708,7,16,1,1
709,9,18,0,1
710,23,8,1,1
711,8,15,0,1
712,7,15,1,1
713,11,12,0,1
714,19,9,0,1
715,6,16,0,1
716,1,13,1,1
717,10,15,1,1
718,12,16,0,1
719,13,13,0,1
720,13,17,0,1
721,7,16,1,1
722,5,12,0,1
723,12,6,0,1
724,12,15,1,1
725,10,15,1,1
726,17,7,0,1
727,7,14,0,1
728,14,12,0,1
729,7,13,0,1
730,17,12,0,1
731,2,14,0,1
732,20,10,0,1
733,16,12,0,1
734,9,15,0,1
735,17,16,0,1
736,13,17,0,1
737,17,8,1,1
738,12,8,0,1
739,10,13,0,1
740,5,15,0,1
741,9,19,0,1
742,12,11,0,1
743,9,13,0,1
744,13,11,0,1
745,7,14,0,1
746,19,13,0,1
747,14,14,0,1
748,7,17,0,1
749,16,13,0,1
750,7,15,0,1
751,11,13,0,1
752,10,18,0,1
753,11,12,0,1
754,20,12,1,1
755,15,10,0,1
756,7,14,1,1
757,19,12,0,1
758,18,8,0,1
759,10,14,0,1
760,8,11,1,1
761,18,7,0,1
762,14,12,0,1
763,14,12,0,1
764,7,13,0,1
765,14,17,0,1
766,18,14,0,1
767,20,10,0,1
768,13,9,1,1
769,13,17,0,1
770,8,9,0,1
771,8,8,0,1
772,19,8,0,1
773,5,16,0,1
774,4,16,0,1
775,6,16,1,1
776,4,16,1,1
777,5,16,1,1
778,21,9,1,1
779,17,5,0,1
780,15,5,1,1
781,18,8,0,1
782,2,16,1,1
783,6,18,1,1
784,15,19,1,1
785,4,17,1,1
786,21,16,0,0
787,21,14,0,0
788,10,16,1,0
789,9,20,1,0
790,7,16,1,0
791,16,9,1,0
792,15,16,1,0
793,21,10,0,0
794,22,16,0,0
795,19,14,0,0
796,16,17,0,0
797,12,17,0,0
798,13,12,1,0
799,17,7,0,0
800,12,12,0,0
801,23,15,0,0
802,13,8,0,0
803,11,18,1,0
804,12,15,1,0
805,10,18,0,0
806,11,11,1,0
807,13,15,0,0
808,9,13,0,0
809,18,12,0,0
810,17,17,0,0
811,14,12,0,0
812,12,14,0,0
813,11,14,0,0
814,13,8,0,0
815,14,8,0,0
816,9,16,0,0
817,18,12,0,0
818,9,14,0,0
819,17,9,0,0
820,10,14,1,0
821,7,11,0,0
822,19,9,0,0
823,10,16,0,0
824,8,10,1,0
825,13,17,0,0
826,14,10,1,0
827,13,6,0,0
828,4,16,1,0
829,14,16,0,0
830,6,14,0,0
831,10,13,0,0
832,16,15,1,0
833,17,13,1,0
834,15,15,1,0
835,10,13,1,0
836,9,8,0,0
837,18,9,0,0
838,14,10,0,0
839,16,6,0,0
840,16,9,1,0
841,10,18,0,0
842,19,5,0,0
843,17,17,0,0
844,14,14,1,0
845,8,16,0,0
846,12,10,1,0
847,15,16,1,0
848,5,12,1,0
849,14,16,1,0
850,17,18,1,0
851,13,13,1,0
852,15,9,0,0
853,11,8,0,0
854,17,19,1,0
855,9,11,1,0
856,12,16,0,0
857,7,12,1,0
858,9,16,0,0
859,13,12,0,0
860,21,9,0,0
861,13,15,0,0
862,14,8,0,0
863,16,13,1,0
864,17,16,0,0
865,18,8,0,0
866,5,12,1,0
867,14,17,1,0
868,7,11,0,0
869,9,14,1,0
870,16,10,0,0
871,21,10,0,0
872,10,9,0,0
873,12,14,0,0
874,10,13,0,0
875,10,21,0,0
876,17,15,0,0
877,16,11,0,0
878,8,12,1,0
879,13,21,1,0
880,12,20,1,0
881,13,8,1,0
882,17,12,0,0
883,17,20,1,0
884,15,21,1,0
885,13,14,0,0
886,19,12,0,0
887,14,15,0,0
888,21,2,0,0
889,16,12,1,0
890,14,16,1,0
891,12,19,1,0
892,10,7,1,0
893,10,9,0,0
894,11,15,0,0
895,3,11,0,0
896,12,20,0,0
897,17,7,0,0
898,17,20,0,0
899,17,13,0,0
900,12,10,0,0
901,16,12,0,0
902,7,15,0,0
903,20,14,1,0
904,18,16,0,0
905,4,16,0,0
906,7,14,0,0
907,10,9,1,0
908,17,14,0,0
909,10,12,0,0
910,10,13,0,0
911,6,18,0,0
912,12,18,1,0
913,7,11,0,0
914,15,6,0,0
915,15,9,1,0
916,8,10,1,0
917,21,11,1,0
918,13,15,0,0
919,17,7,0,0
920,17,10,0,0
921,14,6,0,0
922,19,9,1,0
923,3,10,1,0
924,5,12,1,0
925,11,14,1,0
926,11,8,0,0
927,13,9,1,0
928,13,7,0,0
929,9,10,1,0
930,5,14,0,0
931,17,9,0,0
932,11,13,1,0
933,11,10,1,0
934,7,15,1,0
935,6,17,1,0
936,11,16,1,0
937,14,10,0,0
938,15,18,1,0
939,10,7,1,0
940,14,15,0,0
941,14,9,0,0
942,5,7,1,0
943,10,12,0,0
944,7,9,0,0
945,17,13,1,0
946,6,14,0,0
947,8,6,0,0
948,21,10,0,0
949,13,19,1,0
950,9,18,1,0
951,19,10,1,0
952,10,19,0,0
953,9,19,0,0
954,5,9,0,0
955,22,13,0,0
956,16,15,0,0
957,21,14,0,0
958,4,15,0,0
959,8,13,0,0
960,12,11,0,0
961,11,7,1,0
962,14,13,1,0
963,9,15,0,0
964,11,6,0,0
965,12,12,0,0
966,20,16,0,0
967,12,13,1,0
968,12,12,0,0
969,10,11,1,0
970,8,18,0,0
971,14,16,1,0
972,14,7,0,0
973,7,10,0,0
974,11,5,1,0
975,18,17,0,0
976,20,9,1,0
977,15,20,0,0
978,15,15,1,0
979,11,11,0,0
980,1,20,1,0
981,5,15,1,0
982,2,15,1,0
983,3,13,1,0
984,18,14,0,0
985,17,9,1,0
986,14,16,0,0
987,8,11,1,0
988,18,14,1,0
989,15,9,0,0
990,13,9,0,0
991,14,14,0,0
992,1,14,1,0
993,20,7,0,0
994,6,6,0,0
995,6,12,1,0
996,15,6,1,0
997,10,8,1,0
998,12,6,1,0
999,16,10,0,0
1000,17,9,1,0
1001,18,11,0,0
1002,7,9,0,0
1003,14,14,0,0
1004,14,8,0,0
1005,5,16,1,0
1006,11,8,0,0
1007,10,11,0,0
1008,18,17,0,0
1009,10,11,1,0
1010,22,12,1,0
1011,13,4,1,0
1012,13,9,0,0
1013,11,4,0,0
1014,20,11,0,0
1015,9,14,1,0
1016,11,7,0,0
1017,16,14,0,0
1018,10,9,0,0
1019,13,16,1,0
1020,14,12,1,0
1021,6,7,1,0
1022,9,15,1,0
1023,10,15,0,0
1024,11,8,1,0
1025,3,9,1,0
1026,13,11,0,0
1027,16,14,1,0
1028,8,8,0,0
1029,16,15,0,0
1030,7,11,0,0
1031,10,7,0,0
1032,4,5,1,0
1033,12,12,1,0
1034,19,13,0,0
1035,6,10,0,0
1036,18,13,0,0
1037,3,5,1,0
1038,19,9,1,0
1039,13,10,0,0
1040,9,14,1,0
1041,12,8,1,0
1042,2,9,1,0
1043,17,11,0,0
1044,17,14,0,0
1045,14,18,1,0
1046,4,13,0,0
1047,9,15,1,0
1048,13,8,0,0
1049,15,11,0,0
1050,4,9,1,0
1051,13,14,1,0
1052,10,12,0,0
1053,13,14,1,0
1054,8,10,1,0
1055,10,10,1,0
1056,9,16,0,0
1057,18,2,1,0
1058,20,7,0,0
1059,7,6,1,0
1060,17,8,0,0
1061,10,16,0,0
1062,8,15,0,0
1063,10,3,0,0
1064,5,13,1,0
1065,10,17,1,0
1066,13,13,0,0
1067,9,14,0,0
1068,7,15,1,0
1069,13,14,0,0
1070,14,12,0,0
1071,4,8,0,0
1072,9,20,0,0
1073,7,9,1,0
1074,2,11,1,0
1075,15,13,0,0
1076,6,13,1,0
1077,11,14,1,0
1078,8,17,0,0
1079,13,12,0,0
1080,7,13,0,0
1081,2,7,1,0
1082,5,6,1,0
1083,10,13,1,0
1084,8,11,1,0
1085,9,11,0,0
1086,17,13,1,0
1087,9,9,0,0
1088,20,11,0,0
1089,10,10,1,0
1090,18,12,1,0
1091,19,13,0,0
1092,8,8,1,0
1093,7,18,1,0
1094,19,16,0,0
1095,11,14,0,0
1096,9,5,1,0
1097,0,10,1,0
1098,17,10,0,0
1099,10,10,1,0
1100,8,7,1,0
1101,6,9,0,0
1102,8,17,0,0
1103,21,11,1,0
1104,5,13,1,0
1105,13,12,0,0
1106,17,10,0,0
1107,10,10,0,0
1108,18,8,1,0
1109,15,23,0,0
1110,7,4,1,0
1111,2,13,0,0
1112,8,9,0,0
1113,9,16,0,0
1114,12,8,1,0
1115,7,15,0,0
1116,15,15,0,0
1117,11,4,1,0
1118,10,10,1,0
1119,12,14,1,0
1120,15,7,0,0
1121,9,6,0,0
1122,19,5,0,0
1123,21,16,1,0
1124,16,15,0,0
1125,16,10,1,0
1126,8,6,1,0
1127,1,9,0,0
1128,7,14,0,0
1129,3,16,1,0
1130,13,5,0,0
1131,14,9,1,0
1132,11,9,0,0
1133,7,11,0,0
1134,16,7,1,0
1135,8,15,0,0
1136,16,20,0,0
1137,13,10,0,0
1138,18,13,0,0
1139,9,10,0,0
1140,6,13,0,0
1141,13,18,0,0
1142,15,12,0,0
1143,16,5,1,0
1144,11,18,0,0
1145,11,5,1,0
1146,15,13,1,0
1147,13,12,0,0
1148,7,16,1,0
1149,12,11,1,0
1150,5,13,1,0
1151,13,14,1,0
1152,17,7,0,0
1153,17,16,0,0
1154,18,13,1,0
1155,11,10,0,0
1156,18,13,0,0
1157,3,14,0,0
1158,12,6,0,0
1159,14,12,1,0
1160,7,7,0,0
1161,11,7,0,0
1162,5,13,1,0
1163,6,16,0,0
1164,3,14,1,0
1165,6,8,1,0
1166,15,9,0,0
1167,5,13,0,0
1168,0,6,0,0
1169,12,4,0,0
1170,14,17,0,0
1171,18,10,0,0
1172,11,18,1,0
1173,10,19,0,0
1174,5,16,0,0
1175,4,11,1,0
1176,6,8,0,0
1177,15,12,1,0
1178,12,19,1,0
1179,15,4,0,0
1180,14,9,0,0
1181,16,11,0,0
1182,6,14,1,1
1183,8,9,0,1
1184,15,14,0,1
1185,14,15,0,1
1186,11,14,0,1
1187,6,14,0,1
1188,14,13,1,1
1189,15,12,1,1
1190,6,15,1,1
1191,9,7,0,1
1192,8,16,1,1
1193,4,13,1,1
1194,9,10,0,1
1195,13,16,0,1
1196,19,12,0,1
1197,6,13,0,1
1198,20,15,0,1
1199,19,14,0,1
1200,9,5,0,1
1201,14,19,0,1
1202,0,15,0,1
1203,13,15,0,1
1204,19,11,0,1
1205,15,13,1,1
1206,13,13,0,1
1207,22,11,0,1
1208,9,11,0,1
1209,11,10,1,1
1210,15,10,0,1
1211,11,16,0,1
1212,8,11,1,1
1213,13,9,0,1
1214,9,15,1,1
1215,16,10,0,1
1216,13,13,0,1
1217,18,16,0,1
1218,23,15,0,1
1219,12,9,0,1
1220,10,13,1,1
1221,6,15,1,1
1222,12,2,1,1
1223,8,10,0,1
1224,12,9,0,1
1225,13,15,0,1
1226,11,7,0,1
1227,15,12,0,1
1228,4,16,0,1
1229,6,13,0,1
1230,9,13,0,1
1231,11,17,0,1
1232,4,9,0,1
1233,12,12,1,1
1234,7,13,1,1
1235,9,15,0,1
1236,8,16,0,1
1237,10,10,1,1
1238,8,16,1,1
1239,16,16,1,1
1240,16,13,1,1
1241,8,15,1,1
1242,9,15,1,1
1243,8,15,1,1
1244,18,16,1,1
1245,12,4,1,1
1246,8,22,1,1
1247,11,12,0,1
1248,23,13,0,1
1249,7,12,1,1
1250,19,11,0,1
1251,5,10,0,1
1252,11,14,0,1
1253,1,15,0,1
1254,14,18,1,1
1255,10,5,1,1
1256,14,15,1,1
1257,4,15,0,1
1258,16,11,0,1
1259,3,13,1,1
1260,14,11,1,1
1261,14,5,0,1
1262,8,15,1,1
1263,10,12,1,1
1264,11,13,0,1
1265,8,22,0,1
1266,8,12,0,1
1267,10,16,0,1
1268,12,7,0,1
1269,3,15,1,1
1270,20,14,0,1
1271,14,16,1,1
1272,5,10,1,1
1273,19,4,0,1
1274,17,11,1,1
1275,7,13,1,1
1276,7,13,1,1
1277,11,12,1,1
1278,5,11,1,1
1279,15,13,0,1
1280,9,18,1,1
1281,11,18,0,1
1282,0,10,1,1
1283,1,13,1,1
1284,7,14,1,1
1285,9,15,1,1
1286,14,15,1,1
1287,18,11,0,1
1288,17,14,0,1
1289,22,13,1,1
1290,11,13,0,1
1291,4,18,1,1
1292,7,6,1,1
1293,4,15,1,1
1294,10,13,0,1
1295,9,15,1,1
1296,21,12,0,1
1297,3,13,0,1
1298,10,15,1,1
1299,11,13,1,1
1300,17,14,0,1
1301,1,15,1,1
1302,15,15,1,1
1303,8,12,1,1
1304,10,9,0,1
1305,9,15,0,1
1306,11,11,0,1
1307,12,12,1,1
1308,10,15,1,1
1309,21,11,0,1
1310,1,11,1,1
1311,6,15,0,1
1312,4,12,1,1
1313,8,13,1,1
1314,6,16,1,1
1315,12,9,1,1
1316,16,11,0,1
1317,8,18,0,1
1318,8,12,1,1
1319,7,7,1,1
1320,12,12,1,1
1321,12,14,0,1
1322,12,15,0,1
1323,12,9,1,1
1324,8,12,0,1
1325,13,14,1,1
1326,17,8,1,1
1327,6,13,1,1
1328,13,12,1,1
1329,2,14,1,1
1330,11,16,0,1
1331,5,14,0,1
1332,7,14,0,1
1333,3,10,1,1
1334,9,11,0,1
1335,13,14,0,1
1336,12,11,0,1
1337,8,7,0,1
1338,12,18,0,1
1339,11,3,0,1
1340,9,14,1,1
1341,9,10,0,1
1342,11,14,1,1
1343,11,8,1,1
1344,7,16,0,1
1345,11,9,1,1
1346,13,12,1,1
1347,21,12,0,1
1348,20,3,0,1
1349,20,4,1,1
1350,16,4,1,1
1351,5,4,0,1
1352,16,8,0,1
1353,4,9,1,1
1354,17,7,1,1
1355,3,10,0,1
1356,17,17,0,1
1357,16,18,0,1
1358,15,6,0,1
1359,5,17,1,1
1360,21,3,1,1
1361,17,5,0,1
1362,5,17,1,1
1363,15,8,1,1
1364,3,3,1,1
1365,18,17,0,1
1366,15,19,0,1
1367,5,7,1,1
1368,15,4,1,1
1369,17,8,0,1
1370,17,4,1,1
1371,3,3,1,1
1372,17,18,0,1
1373,5,7,0,1
1374,5,18,1,1
1375,7,2,0,1
1376,15,18,1,1
1377,15,7,1,1
1378,20,7,0,1
1379,16,19,1,1
1380,4,17,1,1
1381,4,17,1,1
1382,16,18,1,1
1383,17,6,0,1
1384,18,17,0,1
1385,17,19,0,1
1386,6,19,1,1
1387,3,20,1,1
1388,4,22,0,1
1389,5,18,1,1
1390,18,6,1,1
1391,19,5,1,1
1392,18,9,0,1
1393,18,8,0,1
1394,19,8,1,1
1395,19,6,0,1
1396,16,6,0,1
1397,6,9,0,1
1398,3,10,0,1
1399,7,19,1,1
1400,7,20,1,1
1401,7,18,0,1
1402,3,17,1,1
1403,17,17,0,1
1404,17,4,1,1
1405,3,8,1,1
1406,19,9,0,1
1407,2,6,0,1
1408,20,16,0,1
1409,2,19,1,1
1410,4,9,0,1
1411,7,19,0,1
1412,17,18,0,1
1413,19,17,0,1
1414,4,20,1,1
1415,7,7,1,1
1416,4,10,0,1
1417,5,10,1,1
1418,8,4,0,1
1419,8,8,1,1
1420,19,20,0,1
1421,15,20,1,1
