,race,sex,school,learner,absent
1,0,1,0,1,2
2,0,1,0,1,11
3,0,1,0,1,14
4,0,1,0,0,5
5,0,1,0,0,5
6,0,1,0,0,13
7,0,1,0,0,20
8,0,1,0,0,22
9,0,1,1,1,6
10,0,1,1,1,6
11,0,1,1,1,15
12,0,1,1,0,7
13,0,1,1,0,14
14,0,1,2,1,6
15,0,1,2,1,32
16,0,1,2,1,53
17,0,1,2,1,57
18,0,1,2,0,14
19,0,1,2,0,16
20,0,1,2,0,16
21,0,1,2,0,17
22,0,1,2,0,40
23,0,1,2,0,43
24,0,1,2,0,46
25,0,1,3,1,12
26,0,1,3,1,15
27,0,1,3,0,8
28,0,1,3,0,23
29,0,1,3,0,23
30,0,1,3,0,28
31,0,1,3,0,34
32,0,1,3,0,36
33,0,1,3,0,38
34,0,0,0,1,3
35,0,0,0,0,5
36,0,0,0,0,11
37,0,0,0,0,24
38,0,0,0,0,45
39,0,0,1,1,5
40,0,0,1,1,6
41,0,0,1,1,6
42,0,0,1,1,9
43,0,0,1,1,13
44,0,0,1,1,23
45,0,0,1,1,25
46,0,0,1,1,32
47,0,0,1,1,53
48,0,0,1,1,54
49,0,0,1,0,5
50,0,0,1,0,5
51,0,0,1,0,11
52,0,0,1,0,17
53,0,0,1,0,19
54,0,0,2,1,8
55,0,0,2,1,13
56,0,0,2,1,14
57,0,0,2,1,20
58,0,0,2,1,47
59,0,0,2,1,48
60,0,0,2,1,60
61,0,0,2,1,81
62,0,0,2,0,2
63,0,0,3,1,5
64,0,0,3,1,9
65,0,0,3,1,7
66,0,0,3,0,0
67,0,0,3,0,2
68,0,0,3,0,3
69,0,0,3,0,5
70,0,0,3,0,10
71,0,0,3,0,14
72,0,0,3,0,21
73,0,0,3,0,36
74,0,0,3,0,40
75,1,1,0,1,6
76,1,1,0,1,17
77,1,1,0,1,67
78,1,1,0,0,0
79,1,1,0,0,0
80,1,1,0,0,2
81,1,1,0,0,7
82,1,1,0,0,11
83,1,1,0,0,12
84,1,1,1,1,0
85,1,1,1,1,0
86,1,1,1,1,5
87,1,1,1,1,5
88,1,1,1,1,5
89,1,1,1,1,11
90,1,1,1,1,17
91,1,1,1,0,3
92,1,1,1,0,3
93,1,1,2,1,22
94,1,1,1,0,30
95,1,1,1,0,36
96,1,1,2,0,8
97,1,1,2,0,0
98,1,1,2,0,1
99,1,1,2,0,5
100,1,1,2,0,7
101,1,1,2,0,16
102,1,1,2,0,27
103,1,1,3,1,12
104,1,1,3,1,15
105,1,1,3,0,0
106,1,1,3,0,30
107,1,1,3,0,10
108,1,1,3,0,14
109,1,1,3,0,27
110,1,1,3,0,41
111,1,1,3,0,69
112,1,0,0,1,25
113,1,0,0,0,10
114,1,0,0,0,11
115,1,0,0,0,20
116,1,0,0,0,33
117,1,0,1,1,5
118,1,0,1,1,7
119,1,0,1,1,0
120,1,0,1,1,1
121,1,0,1,1,5
122,1,0,1,1,5
123,1,0,1,1,5
124,1,0,1,1,5
125,1,0,1,1,7
126,1,0,1,1,11
127,1,0,1,1,15
128,1,0,1,0,5
129,1,0,1,0,14
130,1,0,1,0,6
131,1,0,1,0,6
132,1,0,1,0,7
133,1,0,1,0,28
134,1,0,2,1,0
135,1,0,2,1,5
136,1,0,2,1,14
137,1,0,2,1,2
138,1,0,2,1,2
139,1,0,2,1,3
140,1,0,2,1,8
141,1,0,2,1,10
142,1,0,2,1,12
143,1,0,2,0,1
144,1,0,3,1,8
145,1,0,3,0,1
146,1,0,3,0,9
147,1,0,3,0,22
148,1,0,3,0,3
149,1,0,3,0,3
150,1,0,3,0,5
151,1,0,3,0,15
152,1,0,3,0,18
153,1,0,3,0,22
154,1,0,3,0,37
