,ALP,Lib,Nat,Green,FamilyFirst,Dems,OneNation,DK,sampleSize,org,startDate,endDate,source,remark
1,39.5,44.5,0.0,8.5,2.0,2.0,1.0,0,1450.54285714286,1,0,0,133,12
2,39.0,44.0,0.0,8.5,1.5,2.0,1.0,0,2090.0,1,1,1,21,10
3,38.0,46.0,0.0,6.0,0.0,0.0,0.0,0,1150.0,3,2,1,133,12
4,36.0,46.5,0.0,9.0,2.5,1.5,1.0,0,1450.54285714286,1,3,2,22,10
5,33.0,47.0,0.0,8.0,0.0,0.0,0.0,0,1130.0,3,4,2,133,12
6,36.5,45.5,0.0,9.5,2.0,1.5,1.5,0,2136.0,1,5,3,23,10
7,39.0,46.0,0.0,6.0,0.0,0.0,0.0,0,1132.0,3,6,3,133,12
8,37.0,47.0,0.0,7.5,2.0,1.5,1.0,0,2010.0,1,7,4,24,10
9,34.0,52.0,0.0,8.0,0.0,2.0,1.0,0,1413.0,4,8,5,133,12
10,37.0,46.0,0.0,7.0,0.0,0.0,0.0,0,1141.0,3,8,6,133,12
11,38.0,45.0,0.0,8.0,2.0,2.0,1.5,0,2152.0,1,9,7,25,10
12,37.0,48.0,0.0,6.0,0.0,0.0,0.0,0,1141.0,3,10,8,133,12
13,37.5,45.0,0.0,9.0,2.0,2.0,1.0,0,2102.0,1,11,9,26,10
14,36.0,47.0,0.0,9.0,0.0,1.0,1.0,0,1407.0,4,12,9,133,12
15,38.0,47.0,0.0,6.0,0.0,0.0,0.0,0,1148.0,3,13,10,133,12
16,38.5,46.0,0.0,7.5,1.0,2.0,0.5,0,2005.0,1,14,11,27,10
17,43.0,42.0,0.0,7.0,2.5,1.5,1.0,0,1015.0,1,16,12,28,10
18,37.0,45.0,0.0,5.0,0.0,0.0,0.0,0,1129.0,3,15,12,133,12
19,37.0,44.5,0.0,10.0,2.5,1.0,1.0,0,989.0,1,18,13,29,10
20,39.0,41.0,0.0,11.0,0.0,1.0,2.0,0,1415.0,4,17,13,133,12
21,36.0,47.0,0.0,6.0,0.0,0.0,0.0,0,1156.0,3,19,14,20,12
22,39.0,44.0,0.0,8.0,2.0,1.5,1.0,0,1891.0,1,20,15,30,10
23,41.0,43.0,0.0,5.0,0.0,0.0,0.0,0,1145.0,3,21,16,133,12
24,43.0,40.5,0.0,8.0,2.0,1.5,1.5,0,2006.0,1,22,17,31,12
25,39.0,43.0,0.0,10.0,0.0,2.0,2.0,0,1384.0,4,23,17,133,12
26,39.0,45.0,0.0,5.0,0.0,0.0,0.0,0,1155.0,3,24,18,133,12
27,40.0,42.0,0.0,8.5,1.5,2.0,1.0,0,1984.0,1,25,19,32,10
28,38.0,46.0,0.0,6.0,0.0,0.0,0.0,0,1154.0,3,26,20,133,12
29,42.5,42.0,0.0,8.0,1.5,1.5,1.0,0,1795.0,1,27,21,33,10
30,39.0,43.0,0.0,10.0,0.0,2.0,1.0,0,1409.0,4,28,21,133,12
31,41.0,43.0,0.0,8.0,2.0,1.5,0.5,0,1007.0,1,30,22,34,10
32,40.0,45.0,0.0,6.0,0.0,0.0,0.0,0,1130.0,3,29,22,133,12
33,39.0,45.0,0.0,7.5,1.5,1.5,0.5,0,1887.0,1,31,23,35,10
34,37.0,47.0,0.0,5.0,0.0,0.0,0.0,0,1122.0,3,32,23,133,12
35,38.0,44.0,0.0,9.0,0.0,2.0,2.0,0,1401.0,4,33,24,133,12
36,39.5,43.5,0.0,7.5,2.0,1.5,1.5,0,1883.0,1,34,25,36,10
37,37.0,44.0,0.0,7.0,0.0,0.0,0.0,0,1156.0,3,35,26,133,12
38,39.5,42.0,0.0,9.0,2.5,2.0,1.0,0,1789.0,1,36,27,37,10
39,39.0,44.0,0.0,6.0,0.0,0.0,0.0,0,1147.0,3,37,28,133,12
40,41.0,40.0,0.0,10.0,0.0,2.0,1.0,0,1416.0,4,37,28,133,12
41,40.5,42.5,0.0,7.5,2.5,1.5,1.0,0,2049.0,1,38,29,38,10
42,39.0,45.0,0.0,5.0,0.0,0.0,0.0,0,1140.0,3,39,30,133,12
43,38.5,41.5,0.0,8.0,1.5,2.5,2.0,0,1847.0,1,40,31,39,10
44,41.0,42.0,0.0,7.0,0.0,0.0,0.0,0,1149.0,3,41,32,133,12
45,38.0,43.0,0.0,11.0,0.0,3.0,1.0,0,1428.0,4,41,32,133,12
46,42.0,41.5,0.0,7.5,2.0,2.0,1.0,0,1814.0,1,42,33,40,10
47,37.0,45.0,0.0,7.0,0.0,0.0,0.0,0,1147.0,3,43,34,133,12
48,41.5,39.0,0.0,8.0,3.0,2.0,1.5,0,1880.0,1,44,35,41,10
49,40.0,42.0,0.0,6.0,0.0,0.0,0.0,0,1147.0,3,45,36,133,12
50,36.0,44.0,0.0,10.0,0.0,3.0,1.0,0,1360.0,4,45,36,133,12
51,37.0,44.0,0.0,8.5,3.0,1.5,1.0,0,1905.0,1,46,37,42,10
52,41.5,39.5,0.0,7.0,3.0,1.5,0.5,0,1450.54285714286,1,48,38,43,10
53,39.0,41.0,0.0,7.0,0.0,0.0,0.0,0,1148.0,3,47,38,133,12
54,34.5,44.0,0.0,10.0,2.0,2.5,1.5,0,1018.0,1,49,39,43,10
55,35.0,43.0,0.0,10.0,0.0,3.0,1.0,0,1418.0,4,50,40,133,12
56,34.0,44.0,0.0,8.0,0.0,0.0,0.0,0,1155.0,3,51,40,133,12
57,38.5,42.0,0.0,9.0,2.0,2.5,1.5,0,1586.0,1,52,41,44,10
58,37.0,43.0,0.0,7.0,0.0,0.0,0.0,0,1152.0,3,53,42,133,12
59,41.5,39.5,0.0,9.0,2.0,2.0,1.5,0,1772.0,1,54,43,45,10
60,36.0,43.0,0.0,10.0,0.0,3.0,1.0,0,1409.0,4,55,44,133,12
61,40.0,37.0,0.0,9.0,0.0,0.0,0.0,0,1143.0,3,56,44,133,12
62,41.0,39.0,0.0,9.5,2.0,2.5,1.0,0,1917.0,1,57,45,46,10
63,43.0,38.5,0.0,9.5,2.0,1.5,1.0,0,866.0,1,59,46,47,10
64,39.0,41.0,0.0,8.0,0.0,0.0,0.0,0,1159.0,3,58,46,133,12
65,38.0,43.5,0.0,9.0,2.0,1.5,0.0,0,966.0,1,60,47,47,10
66,43.0,37.0,0.0,10.0,0.0,2.0,1.0,0,1413.0,4,61,48,133,12
67,42.0,39.0,0.0,7.0,0.0,0.0,0.0,0,1164.0,3,62,48,133,12
68,45.5,35.5,0.0,9.0,2.0,2.0,1.5,0,1990.0,1,63,49,48,12
69,42.0,38.0,0.0,6.0,0.0,0.0,0.0,0,1149.0,3,64,50,133,12
70,42.0,38.5,0.0,10.0,2.5,2.0,1.0,0,1984.0,1,65,51,49,10
71,39.5,39.5,0.0,10.5,3.0,1.5,1.5,0,887.0,1,67,52,50,10
72,39.0,41.0,0.0,7.0,0.0,0.0,0.0,0,1155.0,3,66,52,133,12
73,39.0,39.0,0.0,10.0,0.0,3.0,2.0,0,1423.0,4,66,52,133,12
74,43.0,39.0,0.0,8.0,3.0,2.0,1.0,0,1904.0,1,68,53,51,10
75,37.0,45.0,0.0,7.0,0.0,0.0,0.0,0,1150.0,3,69,53,133,12
76,38.0,42.0,0.0,8.5,2.5,2.0,1.0,0,1943.0,1,70,54,52,10
77,36.0,43.0,0.0,11.0,0.0,2.0,1.0,0,1325.0,4,71,54,0,12
78,36.0,44.0,0.0,7.0,0.0,0.0,0.0,0,1148.0,3,72,54,133,12
79,42.0,40.5,0.0,8.0,2.0,1.5,1.0,0,1033.0,1,73,55,53,10
80,39.0,41.0,0.0,5.0,0.0,0.0,0.0,0,1139.0,3,74,56,133,12
81,40.5,40.0,0.0,8.0,2.0,2.5,1.0,0,2056.0,1,75,57,54,10
82,40.0,42.0,0.0,10.0,0.0,2.0,1.0,0,1399.0,4,76,58,123,12
83,39.0,41.0,0.0,7.0,0.0,0.0,0.0,0,1164.0,3,77,58,133,12
84,39.5,43.0,0.0,8.0,2.0,1.5,1.0,0,1988.0,1,78,59,55,10
85,35.0,45.0,0.0,6.0,0.0,0.0,0.0,0,1143.0,3,79,60,133,12
86,38.5,44.0,0.0,8.5,2.5,1.5,1.0,0,2044.0,1,80,61,56,10
87,37.0,43.0,0.0,8.0,0.0,2.0,1.0,0,1442.0,4,81,62,133,12
88,42.0,41.0,0.0,4.0,0.0,0.0,0.0,0,1140.0,3,82,62,133,12
89,43.5,39.0,0.0,8.0,2.0,1.5,1.0,0,2083.0,1,83,63,57,10
90,39.0,41.0,0.0,7.0,0.0,0.0,0.0,0,1144.0,3,84,64,133,12
91,42.0,38.5,0.0,9.5,2.5,1.5,0.5,0,1830.0,1,85,65,58,10
92,38.0,43.0,0.0,10.0,0.0,2.0,1.0,0,1189.0,4,86,66,133,12
93,39.0,40.0,0.0,8.5,2.5,2.5,1.0,0,1985.0,1,87,67,59,10
94,37.0,42.0,0.0,7.0,0.0,0.0,0.0,0,1149.0,3,88,67,133,12
95,42.0,39.0,0.0,9.5,1.5,2.5,1.0,0,1024.0,1,89,68,60,10
96,40.5,42.0,0.0,7.0,1.5,2.5,0.5,0,818.0,1,91,69,60,10
97,39.0,43.0,0.0,6.0,0.0,0.0,0.0,0,1147.0,3,90,69,133,12
98,40.0,41.0,0.0,11.0,0.0,2.0,1.0,0,1427.0,4,92,70,0,12
99,41.0,42.0,0.0,7.5,3.0,1.5,1.0,0,2113.0,1,93,71,61,10
100,39.0,40.0,0.0,7.0,0.0,0.0,0.0,0,1147.0,3,94,71,133,12
101,42.0,39.5,0.0,8.0,2.5,2.0,1.5,0,1996.0,1,95,72,62,10
102,36.0,41.0,0.0,11.0,0.0,2.0,1.0,0,1425.0,4,96,73,0,12
103,38.0,44.0,0.0,7.0,0.0,0.0,0.0,0,1140.0,3,97,74,133,12
104,40.5,42.0,0.0,8.5,1.5,1.5,0.5,0,1450.54285714286,1,98,75,63,10
105,41.0,40.0,0.0,5.0,0.0,0.0,0.0,0,1152.0,3,99,76,133,12
106,42.5,39.0,0.0,8.5,2.5,2.5,1.0,0,1991.0,1,100,77,64,10
107,41.0,43.0,0.0,10.0,0.0,2.0,1.0,0,1416.0,4,101,78,0,12
108,36.5,45.0,0.0,7.5,2.5,1.5,1.5,0,969.0,1,103,79,65,10
109,42.0,42.0,0.0,5.0,0.0,0.0,0.0,0,1154.0,3,102,79,133,12
110,42.0,40.0,0.0,8.0,2.5,2.0,1.0,0,1843.0,1,104,80,66,10
111,40.0,43.0,0.0,5.0,0.0,0.0,0.0,0,1154.0,3,105,80,133,12
112,41.0,42.0,0.0,7.0,0.0,0.0,0.0,0,1151.0,3,106,81,20,12
113,41.5,40.5,0.0,8.5,3.0,2.0,1.0,0,1882.0,1,107,83,67,10
114,41.0,42.0,0.0,9.0,0.0,2.0,1.0,0,1411.0,4,108,82,133,12
115,37.0,44.0,0.0,7.0,0.0,0.0,0.0,0,1154.0,3,109,83,133,12
116,42.5,39.0,0.0,8.0,2.5,2.5,0.5,0,2021.0,1,110,84,68,10
117,42.0,44.0,0.0,5.0,0.0,0.0,0.0,0,1142.0,3,111,84,133,12
118,43.0,38.0,0.0,9.0,2.0,2.5,0.5,0,1930.0,1,112,86,69,10
119,39.0,42.0,0.0,10.0,0.0,2.0,0.0,0,1415.0,4,113,85,133,12
120,41.0,39.0,0.0,6.0,0.0,0.0,0.0,0,1141.0,3,114,86,133,12
121,41.5,41.5,0.0,8.0,1.0,2.5,1.0,0,1199.0,1,115,87,70,10
122,42.0,41.0,0.0,6.0,0.0,0.0,0.0,0,1143.0,3,116,87,133,12
123,42.0,39.0,0.0,9.5,2.0,2.0,1.0,0,2035.0,1,117,89,71,10
124,42.0,39.0,0.0,9.0,2.0,2.0,0.0,0,1408.0,4,118,88,133,12
125,41.0,41.0,0.0,6.0,0.0,0.0,0.0,0,1140.0,3,119,90,133,12
126,41.5,40.5,0.0,8.5,2.0,2.0,0.5,0,2055.0,1,120,91,72,10
127,41.0,42.0,0.0,7.0,0.0,0.0,0.0,0,1144.0,3,121,92,133,12
128,40.5,41.5,0.0,9.0,2.0,1.5,1.0,0,2039.0,1,122,94,73,10
129,40.0,40.0,0.0,11.0,2.0,2.0,0.0,0,1408.0,4,123,93,133,12
130,37.0,41.0,0.0,9.0,0.0,0.0,0.0,0,1152.0,3,124,95,133,12
131,40.5,40.5,0.0,10.0,2.0,2.5,1.0,0,2186.0,1,125,96,74,10
132,39.0,41.0,0.0,7.0,0.0,0.0,0.0,0,1156.0,3,126,97,133,12
133,41.0,41.5,0.0,9.0,2.5,1.5,1.0,0,2096.0,1,127,99,75,10
134,41.0,39.0,0.0,12.0,2.0,1.0,0.0,0,1414.0,4,128,98,120,12
135,50.0,34.5,0.0,7.0,2.5,1.5,1.0,0,1065.0,1,130,100,76,10
136,46.0,34.0,5.0,5.0,0.0,0.0,0.0,0,1155.0,3,129,100,16,12
137,49.0,35.5,0.0,7.0,2.0,2.5,1.0,0,924.0,1,131,101,77,10
138,47.0,36.5,0.0,8.0,2.0,1.5,1.5,0,1997.0,1,132,102,78,10
139,44.0,39.0,0.0,7.0,0.0,0.0,0.0,0,1152.0,3,133,103,20,12
140,43.5,39.0,0.0,7.5,2.5,1.5,1.5,0,2145.0,1,134,104,79,10
141,47.0,37.0,0.0,8.0,1.5,2.0,0.5,0,1126.0,1,136,105,80,10
142,47.0,38.0,0.0,5.0,0.0,0.0,0.0,0,1168.0,3,135,105,133,12
143,46.0,36.0,0.0,11.0,1.0,2.0,0.0,0,1412.0,4,137,106,1,12
144,48.0,38.0,0.0,7.0,1.5,1.5,0.5,0,2100.0,1,138,107,81,10
145,46.0,41.0,0.0,5.0,0.0,0.0,0.0,0,1152.0,3,139,107,133,12
146,52.5,34.0,0.0,7.5,1.5,0.5,1.0,0,1021.0,1,140,108,82,10
147,51.5,33.0,0.0,7.0,1.5,2.0,1.0,0,998.0,1,142,109,82,10
148,47.0,37.0,0.0,5.0,0.0,0.0,0.0,0,1156.0,3,141,109,133,12
149,50.0,35.0,0.0,9.0,1.0,1.0,0.0,0,1404.0,4,143,110,1,12
150,51.5,34.0,0.0,7.5,2.0,1.5,1.0,0,1055.0,1,144,111,83,10
151,48.5,36.0,0.0,8.0,2.5,1.0,1.0,0,1045.0,1,146,112,84,10
152,52.0,34.0,0.0,5.0,0.0,0.0,0.0,0,1158.0,3,145,112,133,12
153,49.5,34.5,0.0,9.0,1.5,1.5,0.5,0,2055.0,1,147,113,85,10
154,49.0,38.0,0.0,4.0,0.0,0.0,0.0,0,1154.0,3,148,113,133,12
155,50.0,35.5,0.0,7.5,1.5,1.0,0.5,0,1802.0,1,149,114,86,10
156,50.0,35.0,0.0,6.0,0.0,0.0,0.0,0,1164.0,3,150,114,133,12
157,50.0,37.0,0.0,7.0,1.0,1.0,0.0,0,1107.0,4,151,115,1,12
158,49.0,37.0,0.0,9.0,0.0,0.0,0.0,0,1004.0,0,152,116,133,1
159,52.5,34.5,0.0,6.5,1.5,1.5,0.5,0,1371.0,1,153,117,87,10
160,48.0,37.0,0.0,5.0,0.0,0.0,0.0,0,1150.0,3,154,117,3,12
161,51.5,35.5,0.0,7.0,1.5,1.0,0.5,0,1024.0,1,155,118,88,10
162,51.0,36.0,0.0,8.0,1.5,1.0,0.5,0,821.0,1,157,119,89,10
163,50.0,36.0,0.0,4.0,0.0,0.0,0.0,0,1152.0,3,156,119,4,12
164,49.0,39.0,0.0,9.0,0.0,0.0,0.0,0,1004.0,0,156,119,18,4
165,49.0,39.0,0.0,6.0,0.0,0.0,0.0,0,582.0,2,158,120,96,15
166,48.0,39.0,0.0,7.0,1.0,1.0,0.0,0,1403.0,4,159,121,1,12
167,51.0,35.5,0.0,8.0,1.5,1.0,1.0,0,899.0,1,161,122,90,10
168,49.0,39.0,0.0,3.0,0.0,0.0,0.0,0,1151.0,3,160,122,5,12
169,47.0,39.0,0.0,5.0,0.0,0.0,0.0,0,1145.0,3,162,123,6,12
170,49.0,37.5,0.0,6.0,2.0,1.0,1.5,0,818.0,1,164,124,91,10
171,52.0,32.0,3.0,3.0,0.0,0.0,0.0,0,1159.0,3,163,124,7,12
172,51.0,38.0,0.0,5.5,1.5,0.5,1.0,0,909.0,1,166,125,92,10
173,44.0,42.0,0.0,10.0,0.0,0.0,0.0,0,1021.0,0,165,125,19,1
174,46.0,40.0,0.0,7.5,0.0,0.0,0.0,0,556.0,2,167,126,96,15
175,43.5,40.0,0.0,9.5,0.0,0.0,0.0,0,614.0,2,169,127,93,15
176,47.0,37.0,0.0,6.5,2.0,1.5,1.0,0,1723.0,1,168,129,94,11
177,48.0,39.0,0.0,8.0,1.0,1.0,0.0,0,1403.0,4,170,128,1,1
178,46.0,35.0,4.0,5.0,0.0,0.0,0.0,0,1164.0,3,171,129,8,12
179,50.5,36.0,0.0,7.0,1.5,0.5,1.0,0,1690.0,1,172,130,95,11
180,46.0,37.0,4.0,9.0,0.0,0.0,0.0,0,1004.0,0,173,130,2,1
181,49.0,35.0,0.0,7.0,0.0,0.0,0.0,0,611.0,2,174,131,96,15
182,48.0,35.0,4.0,4.0,0.0,0.0,0.0,0,1168.0,3,175,132,9,12
183,47.5,37.5,0.0,9.0,0.0,0.0,0.0,0,600.0,2,177,133,96,15
184,47.5,40.5,0.0,5.5,2.0,1.5,0.0,0,1780.0,1,176,135,97,2
185,49.0,39.0,0.0,7.0,1.0,1.0,0.0,0,1412.0,4,178,134,1,1
186,47.0,35.0,5.0,4.0,0.0,0.0,0.0,0,1152.0,3,179,136,10,12
187,48.0,35.0,0.0,9.5,0.0,0.0,0.0,0,572.0,2,181,137,97,15
188,47.0,40.5,0.0,6.5,1.5,1.0,0.5,0,1772.0,1,180,138,98,3
189,44.0,37.0,4.0,10.0,0.0,0.0,0.0,0,1004.0,0,182,138,2,12
190,48.0,34.0,5.0,4.0,0.0,0.0,0.0,0,1157.0,3,183,139,11,12
191,49.5,36.5,0.0,7.0,0.0,0.0,0.0,0,589.0,2,185,140,99,15
192,49.5,36.5,0.0,7.0,2.0,1.5,1.0,0,1667.0,1,184,142,100,3
193,46.0,41.0,0.0,7.0,2.0,0.5,2.0,0,1410.0,4,186,141,122,1
194,46.0,35.0,4.0,5.0,0.0,0.0,0.0,0,1152.0,3,187,143,12,12
195,51.0,36.0,0.0,7.5,0.0,0.0,0.0,0,633.0,2,189,144,101,15
196,46.0,41.0,0.0,6.5,1.5,1.0,1.0,0,1271.0,1,188,145,102,3
197,47.0,34.0,5.0,9.0,0.0,0.0,0.0,0,1004.0,0,190,145,2,12
198,49.0,34.5,0.0,9.0,2.0,2.0,0.5,0,915.0,1,192,146,103,3
199,51.0,33.0,4.0,3.0,0.0,0.0,0.0,0,1147.0,3,191,146,13,12
200,49.0,39.0,0.0,7.0,2.0,1.0,1.0,0,1380.0,4,193,147,1,1
201,51.0,36.0,0.0,6.0,2.0,1.0,0.5,0,955.0,1,194,148,104,5
202,49.5,39.5,0.0,6.0,1.5,0.5,1.0,0,844.0,1,196,149,105,3
203,47.0,37.0,4.0,4.0,0.0,0.0,0.0,0,1124.0,3,195,149,14,12
204,50.0,37.0,0.0,6.0,3.0,1.0,2.0,0,1425.0,4,197,150,133,1
205,54.0,36.0,0.0,5.5,1.0,0.5,0.5,0,972.0,1,199,151,106,3
206,46.0,36.0,4.0,9.0,0.0,0.0,0.0,0,1004.0,0,198,151,2,12
207,53.3,33.5,2.0,5.5,1.5,1.5,0.5,0,894.0,1,201,152,107,7
208,48.0,36.0,3.0,5.0,0.0,0.0,0.0,0,1132.0,3,200,152,15,12
209,50.0,36.0,0.0,6.0,0.0,0.0,0.0,0,611.0,2,202,153,108,9
210,47.0,40.0,0.0,8.0,2.0,1.0,0.0,0,1405.0,4,202,153,1,0
211,49.5,36.5,2.0,6.0,2.0,1.0,0.5,0,1081.0,1,203,154,109,7
212,49.5,36.5,3.0,7.0,0.5,1.0,0.5,0,850.0,1,205,155,110,7
213,48.0,36.0,3.0,4.0,0.0,0.0,0.0,0,1234.0,3,204,155,127,9
214,45.0,43.2,0.0,7.7,0.0,0.0,0.0,0,800.0,0,207,156,2,12
215,47.8,41.8,0.0,6.0,0.8,1.2,0.0,0,1126.0,4,206,156,1,6
216,45.0,37.0,2.5,9.0,1.5,0.5,1.0,0,598.0,2,208,157,110,9
217,47.0,37.0,2.5,8.0,2.0,1.0,1.0,0,996.0,1,210,158,111,7
218,51.0,34.0,4.0,5.0,0.0,0.0,0.0,0,1706.0,3,209,158,129,9
219,44.0,38.0,3.0,10.5,1.0,1.5,0.5,0,520.0,2,212,159,111,9
220,47.5,40.5,0.0,7.4,1.3,1.1,0.0,0,1415.0,4,211,159,125,8
221,49.0,39.0,0.0,7.5,1.0,1.0,0.5,0,1086.0,1,214,160,112,11
222,48.0,38.0,4.0,4.0,0.0,0.0,0.0,0,1707.0,3,213,160,130,9
223,48.4,41.3,0.0,5.9,0.6,0.8,0.0,0,1476.0,4,215,161,1,0
224,54.5,34.0,0.0,6.0,2.0,0.5,0.5,0,990.0,1,217,162,113,11
225,44.8,41.7,0.0,9.3,0.0,0.0,0.0,0,1010.0,0,216,162,2,12
226,47.0,37.0,5.0,5.0,0.0,0.0,0.0,0,1708.0,3,216,162,131,12
227,44.5,39.0,0.0,10.5,1.5,2.0,1.0,0,552.0,2,219,163,113,14
228,45.5,40.1,0.0,8.2,1.2,1.5,0.0,0,1428.0,4,218,163,124,13
229,48.0,39.0,0.0,7.0,1.0,1.5,0.0,0,890.0,1,221,164,114,11
230,48.0,36.0,4.0,6.0,0.0,0.0,0.0,0,1694.0,3,220,164,126,12
231,46.8,42.9,0.0,6.7,0.7,0.8,0.0,0,1465.0,4,222,165,121,12
232,46.5,40.0,0.0,8.0,0.5,2.0,0.0,0,1670.0,2,223,166,115,14
233,46.0,38.0,3.0,7.0,0.0,0.0,0.0,0,1696.0,3,224,167,128,12
234,42.5,42.5,0.0,0.0,0.0,0.0,0.0,0,1200.0,0,226,168,17,14
235,48.0,40.0,0.0,0.0,0.0,0.0,0.0,0,2071.0,4,225,168,118,14
236,46.0,38.0,0.0,0.0,0.0,0.0,0.0,0,1421.0,4,225,168,119,13
237,44.5,40.5,0.0,9.0,2.5,1.0,0.0,0,1648.0,2,227,169,116,14
238,44.0,39.0,4.0,7.0,0.0,0.0,0.0,0,2615.0,3,226,169,132,12
239,43.5,41.5,0.0,8.5,2.5,0.0,0.0,0,2115.0,2,228,170,117,14
