,class,trade,sober,drinks,wage,n
1,0,37,1,1,24.0,2
2,0,9,1,10,18.416666667,11
3,0,24,2,1,21.5,3
4,0,54,1,5,21.166666667,6
5,0,35,2,0,19.0,2
6,0,43,9,8,20.5,17
7,0,67,8,2,24.333333333,10
8,0,33,3,5,23.0,8
9,0,13,0,7,17.333333333,7
10,0,10,12,23,22.166666667,35
11,0,1,1,0,23.666666667,1
12,0,6,2,4,21.5,6
13,0,51,11,9,22.833333333,20
14,0,50,2,2,22.833333333,4
15,0,56,1,1,23.0,2
16,0,11,1,2,24.166666667,3
17,0,19,1,0,13.5,1
18,0,66,1,0,20.0,1
19,0,58,4,0,18.5,4
20,0,20,2,0,20.5,2
21,0,41,0,2,18.0,2
22,0,25,2,1,20.0,3
23,0,18,1,3,12.0,4
24,0,2,1,0,18.0,1
25,0,22,71,85,18.5,156
26,1,48,0,3,25.0,3
27,1,63,1,0,25.0,1
28,1,52,4,3,25.0,7
29,1,64,4,5,26.0,9
30,1,14,2,1,27.0,3
31,1,27,3,5,28.416666667,8
32,1,15,3,1,28.0,4
33,1,68,1,0,30.0,1
34,1,59,4,15,27.0,19
35,1,16,8,4,28.5,12
36,1,31,0,2,26.0,2
37,1,60,1,0,30.0,1
38,1,28,2,0,28.0,2
39,1,7,2,1,30.0,3
40,1,36,14,23,25.5,37
41,1,39,0,1,27.666666667,1
42,1,49,3,1,30.0,4
43,1,0,11,10,26.166666667,21
44,1,5,1,0,27.25,1
45,1,46,7,2,28.0,9
46,1,21,5,0,27.0,5
47,1,62,0,1,27.0,1
48,2,30,1,0,34.0,1
49,2,32,2,2,36.5,4
50,2,4,3,6,30.25,9
51,2,65,1,2,36.0,3
52,2,26,5,4,32.583333333,9
53,2,69,0,1,32.5,1
54,2,40,1,0,37.0,1
55,2,8,2,1,33.5,3
56,2,29,3,9,30.833333333,12
57,2,57,1,1,30.833333333,2
58,2,34,5,17,34.083333333,22
59,2,3,1,5,38.833333333,6
60,2,17,6,2,30.166666667,8
61,2,45,13,16,31.083333333,29
62,2,55,2,1,31.583333333,3
63,2,42,3,5,34.5,8
64,2,47,1,0,40.0,1
65,2,61,2,4,31.583333333,6
66,2,53,3,2,36.083333333,5
67,2,12,1,0,36.5,1
68,2,38,0,2,31.083333333,2
69,2,44,0,2,32.0,2
70,2,23,1,0,40.0,1
