,y,state.abb,name,rep,state.name,gorevote
1,1,1,84,True,0,41.59
2,1,1,85,True,0,41.59
3,1,0,72,True,1,27.67
4,1,0,91,True,1,27.67
5,1,3,60,True,2,44.67
6,1,3,68,True,2,44.67
7,1,2,51,True,3,45.86
8,1,2,65,False,3,45.86
9,0,4,9,False,4,53.45
10,1,4,39,False,4,53.45
11,1,5,1,True,5,42.39
12,1,5,15,True,5,42.39
13,1,6,31,False,6,55.91
14,1,6,64,False,6,55.91
15,1,7,6,False,7,54.96
16,1,7,18,False,7,54.96
17,0,8,42,False,8,48.84
18,1,8,74,False,8,48.84
19,1,9,20,False,9,42.98
20,1,9,71,False,9,42.98
21,0,10,0,False,10,55.79
22,0,10,54,False,10,55.79
23,1,12,26,True,11,27.64
24,1,12,27,True,11,27.64
25,0,13,34,False,12,54.6
26,1,13,40,True,12,54.6
27,1,14,4,False,13,41.01
28,1,14,67,True,13,41.01
29,1,11,44,True,14,48.54
30,1,11,47,False,14,48.54
31,1,15,11,True,15,37.24
32,1,15,79,True,15,37.24
33,1,16,12,True,16,41.37
34,1,16,69,True,16,41.37
35,1,17,10,False,17,44.88
36,1,17,61,False,17,44.88
37,1,20,23,True,18,49.09
38,1,20,88,True,18,49.09
39,0,19,70,False,19,56.57
40,0,19,82,False,19,56.57
41,0,18,57,False,20,59.8
42,1,18,58,False,20,59.8
43,0,21,90,False,21,51.28
44,0,21,63,False,21,51.28
45,0,22,29,False,22,47.91
46,0,22,98,False,22,47.91
48,1,24,22,True,23,40.7
49,1,24,66,True,23,40.7
50,1,23,17,False,24,47.08
51,1,23,8,True,24,47.08
52,1,25,3,False,25,33.36
53,1,25,13,True,25,33.36
54,1,28,46,True,26,33.25
55,1,28,75,False,26,33.25
56,1,32,36,True,27,45.98
57,1,32,78,False,27,45.98
58,1,29,45,True,28,46.8
59,1,29,86,True,28,46.8
60,0,30,25,False,29,56.13
61,1,30,95,False,29,56.13
62,0,31,7,False,30,47.91
63,1,31,32,True,30,47.91
64,1,33,21,False,31,60.21
65,1,33,83,False,31,60.21
66,1,26,35,False,32,43.2
67,1,26,49,True,32,43.2
68,0,27,24,False,33,33.05
69,1,27,33,False,33,33.05
70,1,34,30,True,34,46.46
71,1,34,96,True,34,46.46
72,1,35,53,True,35,38.43
73,1,35,76,True,35,38.43
74,1,36,87,True,36,46.96
75,0,36,99,False,36,46.96
76,1,37,81,True,37,50.6
77,1,37,89,True,37,50.6
78,0,38,19,True,38,60.99
79,0,38,77,False,38,60.99
80,1,39,50,False,39,40.91
81,1,39,94,True,39,40.91
82,1,40,28,False,40,37.56
83,1,40,56,False,40,37.56
84,1,41,41,True,41,47.28
85,1,41,93,True,41,47.28
86,1,42,43,True,42,37.98
87,1,42,52,True,42,37.98
88,1,43,5,True,43,26.34
89,1,43,48,True,43,26.34
91,0,45,55,False,44,50.63
92,0,45,62,False,44,50.63
93,1,44,2,True,45,44.44
94,1,44,97,True,45,44.44
95,1,46,16,False,46,50.13
96,0,46,73,False,46,50.13
97,0,48,14,False,47,45.59
98,1,48,80,False,47,45.59
99,0,47,38,False,48,47.83
100,1,47,59,False,48,47.83
101,1,49,37,True,49,27.7
102,1,49,92,True,49,27.7
