,x
1,9172
2,9350
3,9483
4,9558
5,9775
6,10227
7,10406
8,16084
9,16170
10,18419
11,18552
12,18600
13,18927
14,19052
15,19070
16,19330
17,19343
18,19349
19,19440
20,19473
21,19529
22,19541
23,19547
24,19663
25,19846
26,19856
27,19863
28,19914
29,19918
30,19973
31,19989
32,20166
33,20175
34,20179
35,20196
36,20215
37,20221
38,20415
39,20629
40,20795
41,20821
42,20846
43,20875
44,20986
45,21137
46,21492
47,21701
48,21814
49,21921
50,21960
51,22185
52,22209
53,22242
54,22249
55,22314
56,22374
57,22495
58,22746
59,22747
60,22888
61,22914
62,23206
63,23241
64,23263
65,23484
66,23538
67,23542
68,23666
69,23706
70,23711
71,24129
72,24285
73,24289
74,24366
75,24717
76,24990
77,25633
78,26690
79,26995
80,32065
81,32789
82,34279
