,sex,weight,height,repwt,repht
1,1,77,182,77.0,180.0
2,0,58,161,51.0,159.0
3,0,53,161,54.0,158.0
4,1,68,177,70.0,175.0
5,0,59,157,59.0,155.0
6,1,76,170,76.0,165.0
7,1,76,167,77.0,165.0
8,1,69,186,73.0,180.0
9,1,71,178,71.0,175.0
10,1,65,171,64.0,170.0
11,1,70,175,75.0,174.0
12,0,166,57,56.0,163.0
13,0,51,161,52.0,158.0
14,0,64,168,64.0,165.0
15,0,52,163,57.0,160.0
16,0,65,166,66.0,165.0
17,1,92,187,101.0,185.0
18,0,62,168,62.0,165.0
19,1,76,197,75.0,200.0
20,0,61,175,61.0,171.0
21,1,119,180,124.0,178.0
22,0,61,170,61.0,170.0
23,1,65,175,66.0,173.0
24,1,66,173,70.0,170.0
25,0,54,171,59.0,168.0
26,0,50,166,50.0,165.0
27,0,63,169,61.0,168.0
28,0,58,166,60.0,160.0
29,0,39,157,41.0,153.0
30,1,101,183,100.0,180.0
31,0,71,166,71.0,165.0
32,1,75,178,73.0,175.0
33,1,79,173,76.0,173.0
34,0,52,164,52.0,161.0
35,0,68,169,63.0,170.0
36,1,64,176,65.0,175.0
37,0,56,166,54.0,165.0
38,1,69,174,69.0,171.0
39,1,88,178,86.0,175.0
40,1,65,187,67.0,188.0
41,0,54,164,53.0,160.0
42,1,80,178,80.0,178.0
43,0,63,163,59.0,159.0
44,1,78,183,80.0,180.0
45,1,85,179,82.0,175.0
46,0,54,160,55.0,158.0
47,1,73,180,55.0,165.0
48,0,49,161,55.0,165.0
49,0,54,174,56.0,173.0
50,0,75,162,75.0,158.0
51,1,82,182,85.0,183.0
52,0,56,165,57.0,163.0
53,1,74,169,73.0,170.0
54,1,102,185,107.0,185.0
55,1,64,177,55.0,165.0
56,1,65,176,64.0,172.0
57,0,66,170,65.0,165.0
58,1,73,183,74.0,180.0
59,1,75,172,70.0,169.0
60,1,57,173,58.0,170.0
61,1,68,165,69.0,165.0
62,1,71,177,71.0,170.0
63,1,71,180,76.0,175.0
64,0,78,173,75.0,169.0
65,1,97,189,98.0,185.0
66,0,60,162,59.0,160.0
67,0,64,165,63.0,163.0
68,0,64,164,62.0,161.0
69,0,52,158,51.0,155.0
70,1,80,178,76.0,175.0
71,0,62,175,61.0,171.0
72,1,66,173,66.0,175.0
73,0,55,165,54.0,163.0
74,0,56,163,57.0,159.0
75,0,50,166,50.0,161.0
76,0,50,171,55.0,165.0
77,0,50,160,55.0,150.0
78,0,63,160,64.0,158.0
79,1,69,182,70.0,180.0
80,1,69,183,70.0,183.0
81,0,61,165,60.0,163.0
82,1,55,168,56.0,170.0
83,0,53,169,52.0,175.0
84,0,60,167,55.0,163.0
85,0,56,170,56.0,170.0
86,1,59,182,61.0,183.0
87,1,62,178,66.0,175.0
88,0,53,165,53.0,165.0
89,0,57,163,59.0,160.0
90,0,57,162,56.0,160.0
91,1,70,173,68.0,170.0
92,0,56,161,56.0,161.0
93,1,84,184,86.0,183.0
94,1,69,180,71.0,180.0
95,1,88,189,87.0,185.0
96,0,56,165,57.0,160.0
97,1,103,185,101.0,182.0
98,0,50,169,50.0,165.0
99,0,52,159,52.0,153.0
100,0,55,155,55.0,154.0
101,0,55,164,55.0,163.0
102,1,63,178,63.0,175.0
103,0,47,163,47.0,160.0
104,0,45,163,45.0,160.0
105,0,62,175,63.0,173.0
106,0,53,164,51.0,160.0
107,0,52,152,51.0,150.0
108,0,57,167,55.0,164.0
109,0,64,166,64.0,165.0
110,0,59,166,55.0,163.0
111,1,84,183,90.0,183.0
112,1,79,179,79.0,171.0
113,0,55,174,57.0,171.0
114,1,67,179,67.0,179.0
115,0,76,167,77.0,165.0
116,0,62,168,62.0,163.0
117,1,83,184,83.0,181.0
118,1,96,184,94.0,183.0
119,1,75,169,76.0,165.0
120,1,65,178,66.0,178.0
121,1,78,178,77.0,175.0
122,1,69,167,73.0,165.0
123,0,68,178,68.0,175.0
124,0,55,165,55.0,163.0
125,1,67,179,55.0,165.0
126,0,52,169,56.0,165.0
127,0,47,153,55.0,154.0
128,0,45,157,45.0,153.0
129,0,68,171,68.0,169.0
130,0,44,157,44.0,155.0
131,0,62,166,61.0,163.0
132,1,87,185,89.0,185.0
133,0,56,160,53.0,158.0
134,0,50,148,47.0,148.0
135,1,83,177,84.0,175.0
136,0,53,162,53.0,160.0
137,0,64,172,62.0,168.0
138,0,62,167,55.0,165.0
139,1,90,188,91.0,185.0
140,1,85,191,83.0,188.0
141,1,66,175,68.0,175.0
142,0,52,163,53.0,160.0
143,0,53,165,55.0,163.0
144,0,54,176,55.0,176.0
145,0,64,171,66.0,171.0
146,0,55,160,55.0,155.0
147,0,55,165,55.0,165.0
148,0,59,157,55.0,158.0
149,0,70,173,67.0,170.0
150,1,88,184,86.0,183.0
151,0,57,168,58.0,165.0
152,0,47,162,47.0,160.0
153,0,47,150,45.0,152.0
154,0,55,162,55.0,165.0
155,0,48,163,44.0,160.0
156,1,54,169,58.0,165.0
157,1,69,172,68.0,174.0
158,0,59,170,55.0,165.0
159,0,58,169,55.0,165.0
160,0,57,167,56.0,165.0
161,0,51,163,50.0,160.0
162,0,54,161,54.0,160.0
163,0,53,162,52.0,158.0
164,0,59,172,58.0,171.0
165,1,56,163,58.0,161.0
166,0,59,159,59.0,155.0
167,0,63,170,62.0,168.0
168,0,66,166,66.0,165.0
169,1,96,191,95.0,188.0
170,0,53,158,50.0,155.0
171,1,76,169,75.0,165.0
172,0,54,163,55.0,165.0
173,1,61,170,61.0,170.0
174,1,82,176,55.0,165.0
175,1,62,168,64.0,168.0
176,1,71,178,68.0,178.0
177,0,60,174,55.0,165.0
178,1,66,170,67.0,165.0
179,1,81,178,82.0,175.0
180,1,68,174,68.0,173.0
181,1,80,176,78.0,175.0
182,0,43,154,55.0,165.0
183,1,82,181,55.0,165.0
184,0,63,165,59.0,160.0
185,1,70,173,70.0,173.0
186,0,56,162,56.0,160.0
187,0,60,172,55.0,168.0
188,0,58,169,54.0,166.0
189,1,76,183,75.0,180.0
190,0,50,158,49.0,155.0
191,1,88,185,93.0,188.0
192,1,89,173,86.0,173.0
193,0,59,164,59.0,165.0
194,0,51,156,51.0,158.0
195,0,62,164,61.0,161.0
196,1,74,175,71.0,175.0
197,1,83,180,80.0,180.0
198,1,81,175,55.0,165.0
199,1,90,181,91.0,178.0
200,1,79,177,81.0,178.0
