,family,father,mother,midparentHeight,children,childNum,gender,childHeight
1,0,78.5,67.0,75.43,4,1,1,73.2
2,0,78.5,67.0,75.43,4,2,0,69.2
3,0,78.5,67.0,75.43,4,3,0,69.0
4,0,78.5,67.0,75.43,4,4,0,69.0
5,1,75.5,66.5,73.66,4,1,1,73.5
6,1,75.5,66.5,73.66,4,2,1,72.5
7,1,75.5,66.5,73.66,4,3,0,65.5
8,1,75.5,66.5,73.66,4,4,0,65.5
9,2,75.0,64.0,72.06,2,1,1,71.0
10,2,75.0,64.0,72.06,2,2,0,68.0
11,3,75.0,64.0,72.06,5,1,1,70.5
12,3,75.0,64.0,72.06,5,2,1,68.5
13,3,75.0,64.0,72.06,5,3,0,67.0
14,3,75.0,64.0,72.06,5,4,0,64.5
15,3,75.0,64.0,72.06,5,5,0,63.0
16,4,75.0,58.5,69.09,6,1,1,72.0
17,4,75.0,58.5,69.09,6,2,1,69.0
18,4,75.0,58.5,69.09,6,3,1,68.0
19,4,75.0,58.5,69.09,6,4,0,66.5
20,4,75.0,58.5,69.09,6,5,0,62.5
21,4,75.0,58.5,69.09,6,6,0,62.5
22,5,74.0,68.0,73.72,1,1,0,69.5
23,6,74.0,68.0,73.72,6,1,1,76.5
24,6,74.0,68.0,73.72,6,2,1,74.0
25,6,74.0,68.0,73.72,6,3,1,73.0
26,6,74.0,68.0,73.72,6,4,1,73.0
27,6,74.0,68.0,73.72,6,5,0,70.5
28,6,74.0,68.0,73.72,6,6,0,64.0
29,7,74.0,66.5,72.91,3,1,0,70.5
30,7,74.0,66.5,72.91,3,2,0,68.0
31,7,74.0,66.5,72.91,3,3,0,66.0
32,8,74.5,66.0,72.89,1,1,0,66.0
33,9,74.0,65.5,72.37,1,1,0,65.5
34,10,74.0,62.0,70.48,8,1,1,74.0
35,10,74.0,62.0,70.48,8,2,1,70.0
36,10,74.0,62.0,70.48,8,3,0,68.0
37,10,74.0,62.0,70.48,8,4,0,67.0
38,10,74.0,62.0,70.48,8,5,0,67.0
39,10,74.0,62.0,70.48,8,6,0,66.0
40,10,74.0,62.0,70.48,8,7,0,63.5
41,10,74.0,62.0,70.48,8,8,0,63.0
42,11,74.0,61.0,69.94,1,1,0,65.0
43,12,73.0,67.0,72.68,2,1,1,71.0
44,12,73.0,67.0,72.68,2,2,0,62.0
45,13,73.0,67.0,72.68,2,1,1,68.0
46,13,73.0,67.0,72.68,2,2,1,67.0
47,14,73.0,66.5,72.41,3,1,1,71.0
48,14,73.0,66.5,72.41,3,2,1,70.5
49,14,73.0,66.5,72.41,3,3,0,66.7
50,15,73.0,65.0,71.6,9,1,1,72.0
51,15,73.0,65.0,71.6,9,2,1,70.5
52,15,73.0,65.0,71.6,9,3,1,70.2
53,15,73.0,65.0,71.6,9,4,1,70.2
54,15,73.0,65.0,71.6,9,5,1,69.2
55,15,73.0,65.0,71.6,9,6,0,68.7
56,15,73.0,65.0,71.6,9,7,0,66.5
57,15,73.0,65.0,71.6,9,8,0,64.5
58,15,73.0,65.0,71.6,9,9,0,63.5
59,16,73.0,64.5,71.33,6,1,1,74.0
60,16,73.0,64.5,71.33,6,2,1,73.0
61,16,73.0,64.5,71.33,6,3,1,71.5
62,16,73.0,64.5,71.33,6,4,1,62.5
63,16,73.0,64.5,71.33,6,5,0,66.5
64,16,73.0,64.5,71.33,6,6,0,62.3
65,17,73.0,64.0,71.06,3,1,0,66.0
66,17,73.0,64.0,71.06,3,2,0,64.5
67,17,73.0,64.0,71.06,3,3,0,64.0
68,18,73.2,63.0,70.62,1,1,0,62.7
69,19,72.7,69.0,73.61,8,1,1,73.2
70,19,72.7,69.0,73.61,8,2,1,73.0
71,19,72.7,69.0,73.61,8,3,1,72.7
72,19,72.7,69.0,73.61,8,4,0,70.0
73,19,72.7,69.0,73.61,8,5,0,69.0
74,19,72.7,69.0,73.61,8,6,0,68.5
75,19,72.7,69.0,73.61,8,7,0,68.0
76,19,72.7,69.0,73.61,8,8,0,66.0
77,20,72.0,68.0,72.72,3,1,1,73.0
78,20,72.0,68.0,72.72,3,2,0,68.5
79,20,72.0,68.0,72.72,3,3,0,68.0
80,21,72.0,67.0,72.18,3,1,1,73.0
81,21,72.0,67.0,72.18,3,2,1,71.0
82,21,72.0,67.0,72.18,3,3,0,67.0
83,22,72.0,65.0,71.1,7,1,1,74.2
84,22,72.0,65.0,71.1,7,2,1,70.5
85,22,72.0,65.0,71.1,7,3,1,69.5
86,22,72.0,65.0,71.1,7,4,0,66.0
87,22,72.0,65.0,71.1,7,5,0,65.5
88,22,72.0,65.0,71.1,7,6,0,65.0
89,22,72.0,65.0,71.1,7,7,0,65.0
90,23,72.0,65.5,71.37,1,1,0,65.5
91,24,72.0,64.0,70.56,2,1,0,66.0
92,24,72.0,64.0,70.56,2,2,0,63.0
93,25,72.0,63.0,70.02,5,1,1,70.5
94,25,72.0,63.0,70.02,5,2,1,70.5
95,25,72.0,63.0,70.02,5,3,1,69.0
96,25,72.0,63.0,70.02,5,4,0,65.0
97,25,72.0,63.0,70.02,5,5,0,63.0
98,26,72.0,63.0,70.02,3,1,1,69.0
99,26,72.0,63.0,70.02,3,2,1,67.0
100,26,72.0,63.0,70.02,3,3,0,63.0
101,27,72.0,63.0,70.02,6,1,1,73.0
102,27,72.0,63.0,70.02,6,2,1,67.0
103,27,72.0,63.0,70.02,6,3,0,70.5
104,27,72.0,63.0,70.02,6,4,0,70.0
105,27,72.0,63.0,70.02,6,5,0,66.5
106,27,72.0,63.0,70.02,6,6,0,63.0
107,28,72.5,63.5,70.54,3,1,0,67.5
108,28,72.5,63.5,70.54,3,2,0,67.2
109,28,72.5,63.5,70.54,3,3,0,66.7
110,29,72.0,62.0,69.48,1,1,0,64.0
111,30,72.5,62.0,69.73,6,1,1,71.0
112,30,72.5,62.0,69.73,6,2,1,70.0
113,30,72.5,62.0,69.73,6,3,1,70.0
114,30,72.5,62.0,69.73,6,4,0,66.0
115,30,72.5,62.0,69.73,6,5,0,65.0
116,30,72.5,62.0,69.73,6,6,0,65.0
117,31,72.0,62.0,69.48,5,1,1,74.0
118,31,72.0,62.0,69.48,5,2,1,72.0
119,31,72.0,62.0,69.48,5,3,1,69.0
120,31,72.0,62.0,69.48,5,4,0,67.5
121,31,72.0,62.0,69.48,5,5,0,63.5
122,32,72.0,62.0,69.48,5,1,1,72.0
123,32,72.0,62.0,69.48,5,2,1,71.5
124,32,72.0,62.0,69.48,5,3,1,71.5
125,32,72.0,62.0,69.48,5,4,1,70.0
126,32,72.0,62.0,69.48,5,5,0,68.0
127,33,72.0,61.0,68.94,1,1,0,65.7
128,34,71.0,69.0,72.76,5,1,1,78.0
129,34,71.0,69.0,72.76,5,2,1,74.0
130,34,71.0,69.0,72.76,5,3,1,73.0
131,34,71.0,69.0,72.76,5,4,1,72.0
132,34,71.0,69.0,72.76,5,5,0,67.0
133,35,71.0,67.0,71.68,4,1,1,73.2
134,35,71.0,67.0,71.68,4,2,1,73.0
135,35,71.0,67.0,71.68,4,3,1,69.0
136,35,71.0,67.0,71.68,4,4,0,67.0
137,36,71.0,66.0,71.14,4,1,1,70.0
138,36,71.0,66.0,71.14,4,2,0,67.0
139,36,71.0,66.0,71.14,4,3,0,67.0
140,36,71.0,66.0,71.14,4,4,0,66.5
141,37,71.0,66.0,71.14,6,1,1,70.0
142,37,71.0,66.0,71.14,6,2,1,69.0
143,37,71.0,66.0,71.14,6,3,1,68.5
144,37,71.0,66.0,71.14,6,4,0,66.0
145,37,71.0,66.0,71.14,6,5,0,64.5
146,37,71.0,66.0,71.14,6,6,0,63.0
147,38,71.0,66.0,71.14,2,1,1,71.0
148,38,71.0,66.0,71.14,2,2,0,67.0
149,39,71.0,66.0,71.14,5,1,1,76.0
150,39,71.0,66.0,71.14,5,2,1,72.0
151,39,71.0,66.0,71.14,5,3,1,71.0
152,39,71.0,66.0,71.14,5,4,1,66.0
153,39,71.0,66.0,71.14,5,5,0,66.0
154,40,71.7,65.5,71.22,1,1,1,70.5
155,41,71.0,65.5,70.87,6,1,1,72.0
156,41,71.0,65.5,70.87,6,2,1,72.0
157,41,71.0,65.5,70.87,6,3,1,71.0
158,41,71.0,65.5,70.87,6,4,1,69.0
159,41,71.0,65.5,70.87,6,5,0,66.0
160,41,71.0,65.5,70.87,6,6,0,65.0
161,42,71.5,65.5,71.12,2,1,1,73.0
162,42,71.5,65.5,71.12,2,2,0,65.2
163,43,71.5,65.0,70.85,2,1,1,68.5
164,43,71.5,65.0,70.85,2,2,1,67.7
165,44,71.0,65.0,70.6,3,1,1,68.0
166,44,71.0,65.0,70.6,3,2,1,68.0
167,44,71.0,65.0,70.6,3,3,0,62.0
168,45,71.0,64.0,70.06,8,1,0,68.0
169,45,71.0,64.0,70.06,8,2,0,68.0
170,45,71.0,64.0,70.06,8,3,0,67.5
171,45,71.0,64.0,70.06,8,4,0,66.5
172,45,71.0,64.0,70.06,8,5,0,66.5
173,45,71.0,64.0,70.06,8,6,0,66.0
174,45,71.0,64.0,70.06,8,7,0,65.5
175,45,71.0,64.0,70.06,8,8,0,65.0
176,46,71.7,64.5,70.68,4,1,1,72.0
177,46,71.7,64.5,70.68,4,2,1,71.0
178,46,71.7,64.5,70.68,4,3,1,70.5
179,46,71.7,64.5,70.68,4,4,0,67.0
180,47,71.0,64.0,70.06,3,1,1,68.0
181,47,71.0,64.0,70.06,3,2,1,68.0
182,47,71.0,64.0,70.06,3,3,1,68.0
183,48,71.5,64.5,70.58,7,1,1,72.0
184,48,71.5,64.5,70.58,7,2,1,71.0
185,48,71.5,64.5,70.58,7,3,1,70.0
186,48,71.5,64.5,70.58,7,4,0,66.0
187,48,71.5,64.5,70.58,7,5,0,64.5
188,48,71.5,64.5,70.58,7,6,0,64.5
189,48,71.5,64.5,70.58,7,7,0,62.0
190,49,71.0,64.5,70.33,2,1,1,73.0
191,49,71.0,64.5,70.33,2,2,0,62.0
192,50,71.2,63.0,69.62,2,1,0,67.5
193,50,71.2,63.0,69.62,2,2,0,64.5
194,51,71.0,63.5,69.79,5,1,1,71.0
195,51,71.0,63.5,69.79,5,2,1,67.0
196,51,71.0,63.5,69.79,5,3,0,66.0
197,51,71.0,63.5,69.79,5,4,0,65.0
198,51,71.0,63.5,69.79,5,5,0,63.5
199,52,71.0,63.0,69.52,9,1,1,71.0
200,52,71.0,63.0,69.52,9,2,1,70.0
201,52,71.0,63.0,69.52,9,3,1,70.0
202,52,71.0,63.0,69.52,9,4,1,64.0
203,52,71.0,63.0,69.52,9,5,0,65.0
204,52,71.0,63.0,69.52,9,6,0,65.0
205,52,71.0,63.0,69.52,9,7,0,64.0
206,52,71.0,63.0,69.52,9,8,0,63.0
207,52,71.0,63.0,69.52,9,9,0,63.0
208,53,71.0,63.0,69.52,4,1,1,71.0
209,53,71.0,63.0,69.52,4,2,1,71.0
210,53,71.0,63.0,69.52,4,3,1,70.0
211,53,71.0,63.0,69.52,4,4,0,63.5
212,54,71.0,62.0,68.98,5,1,1,71.0
213,54,71.0,62.0,68.98,5,2,1,70.0
214,54,71.0,62.0,68.98,5,3,0,64.5
215,54,71.0,62.0,68.98,5,4,0,62.5
216,54,71.0,62.0,68.98,5,5,0,61.5
217,55,71.0,62.0,68.98,5,1,1,72.0
218,55,71.0,62.0,68.98,5,2,1,70.5
219,55,71.0,62.0,68.98,5,3,1,70.5
220,55,71.0,62.0,68.98,5,4,0,64.5
221,55,71.0,62.0,68.98,5,5,0,60.0
222,56,71.0,62.5,69.25,5,1,1,70.0
223,56,71.0,62.5,69.25,5,2,0,64.0
224,56,71.0,62.5,69.25,5,3,0,64.0
225,56,71.0,62.5,69.25,5,4,0,64.0
226,56,71.0,62.5,69.25,5,5,0,62.5
227,57,71.0,62.0,68.98,7,1,1,70.5
228,57,71.0,62.0,68.98,7,2,1,70.0
229,57,71.0,62.0,68.98,7,3,1,69.0
230,57,71.0,62.0,68.98,7,4,1,69.0
231,57,71.0,62.0,68.98,7,5,1,66.0
232,57,71.0,62.0,68.98,7,6,0,64.5
233,57,71.0,62.0,68.98,7,7,0,64.0
234,58,71.0,61.0,68.44,1,1,0,62.0
235,59,71.0,58.0,66.82,2,1,1,71.5
236,59,71.0,58.0,66.82,2,2,1,69.0
237,60,70.0,69.0,72.26,4,1,1,71.0
238,60,70.0,69.0,72.26,4,2,1,70.0
239,60,70.0,69.0,72.26,4,3,1,69.0
240,60,70.0,69.0,72.26,4,4,0,69.0
241,61,70.0,69.0,72.26,6,1,1,70.0
242,61,70.0,69.0,72.26,6,2,1,68.7
243,61,70.0,69.0,72.26,6,3,0,68.0
244,61,70.0,69.0,72.26,6,4,0,66.0
245,61,70.0,69.0,72.26,6,5,0,64.0
246,61,70.0,69.0,72.26,6,6,0,62.0
247,62,70.0,68.0,71.72,1,1,1,75.0
248,63,70.0,67.0,71.18,5,1,1,70.0
249,63,70.0,67.0,71.18,5,2,1,69.0
250,63,70.0,67.0,71.18,5,3,0,66.0
251,63,70.0,67.0,71.18,5,4,0,64.0
252,63,70.0,67.0,71.18,5,5,0,60.0
253,64,70.0,67.0,71.18,1,1,0,67.5
254,65,70.0,66.5,70.91,11,1,1,73.0
255,65,70.0,66.5,70.91,11,2,1,72.0
256,65,70.0,66.5,70.91,11,3,1,72.0
257,65,70.0,66.5,70.91,11,4,1,66.5
258,65,70.0,66.5,70.91,11,5,0,69.2
259,65,70.0,66.5,70.91,11,6,0,67.2
260,65,70.0,66.5,70.91,11,7,0,66.5
261,65,70.0,66.5,70.91,11,8,0,66.0
262,65,70.0,66.5,70.91,11,9,0,66.0
263,65,70.0,66.5,70.91,11,10,0,64.2
264,65,70.0,66.5,70.91,11,11,0,63.7
265,66,70.5,65.0,70.35,4,1,1,72.0
266,66,70.5,65.0,70.35,4,2,1,70.2
267,66,70.5,65.0,70.35,4,3,1,69.0
268,66,70.5,65.0,70.35,4,4,1,68.5
269,67,70.5,65.0,70.35,5,1,0,68.0
270,67,70.5,65.0,70.35,5,2,0,65.0
271,67,70.5,65.0,70.35,5,3,0,61.5
272,67,70.5,65.0,70.35,5,4,0,61.0
273,67,70.5,65.0,70.35,5,5,0,61.0
274,68,70.0,65.0,70.1,8,1,1,73.0
275,68,70.0,65.0,70.1,8,2,1,72.0
276,68,70.0,65.0,70.1,8,3,1,70.5
277,68,70.0,65.0,70.1,8,4,1,65.0
278,68,70.0,65.0,70.1,8,5,1,65.0
279,68,70.0,65.0,70.1,8,6,0,64.5
280,68,70.0,65.0,70.1,8,7,0,63.0
281,68,70.0,65.0,70.1,8,8,0,62.0
282,69,70.0,65.0,70.1,5,1,1,67.0
283,69,70.0,65.0,70.1,5,2,1,65.0
284,69,70.0,65.0,70.1,5,3,0,64.5
285,69,70.0,65.0,70.1,5,4,0,62.5
286,69,70.0,65.0,70.1,5,5,0,62.5
287,70,70.0,65.0,70.1,6,1,1,70.0
288,70,70.0,65.0,70.1,6,2,1,70.0
289,70,70.0,65.0,70.1,6,3,0,67.0
290,70,70.0,65.0,70.1,6,4,0,65.0
291,70,70.0,65.0,70.1,6,5,0,65.0
292,70,70.0,65.0,70.1,6,6,0,63.0
293,71,70.0,65.0,70.1,7,1,1,79.0
294,71,70.0,65.0,70.1,7,2,1,75.0
295,71,70.0,65.0,70.1,7,3,1,71.0
296,71,70.0,65.0,70.1,7,4,0,69.0
297,71,70.0,65.0,70.1,7,5,0,67.0
298,71,70.0,65.0,70.1,7,6,0,65.7
299,71,70.0,65.0,70.1,7,7,0,62.0
300,72,70.0,65.0,70.1,3,1,1,73.0
301,72,70.0,65.0,70.1,3,2,1,72.5
302,72,70.0,65.0,70.1,3,3,0,65.0
303,73,70.0,65.0,70.1,2,1,1,69.0
304,73,70.0,65.0,70.1,2,2,1,69.0
305,74,70.0,64.7,69.938,7,1,1,72.0
306,74,70.0,64.7,69.938,7,2,1,70.0
307,74,70.0,64.7,69.938,7,3,1,68.7
308,74,70.0,64.7,69.938,7,4,0,66.5
309,74,70.0,64.7,69.938,7,5,0,65.5
310,74,70.0,64.7,69.938,7,6,0,64.7
311,74,70.0,64.7,69.938,7,7,0,64.5
312,75,70.0,64.0,69.56,7,1,1,70.7
313,75,70.0,64.0,69.56,7,2,1,70.0
314,75,70.0,64.0,69.56,7,3,1,68.0
315,75,70.0,64.0,69.56,7,4,1,67.0
316,75,70.0,64.0,69.56,7,5,1,66.0
317,75,70.0,64.0,69.56,7,6,1,65.0
318,75,70.0,64.0,69.56,7,7,0,67.0
319,76,70.0,64.0,69.56,4,1,1,70.0
320,76,70.0,64.0,69.56,4,2,1,68.0
321,76,70.0,64.0,69.56,4,3,1,66.7
322,76,70.0,64.0,69.56,4,4,0,65.5
323,77,70.0,64.2,69.668,5,1,1,72.0
324,77,70.0,64.2,69.668,5,2,1,70.0
325,77,70.0,64.2,69.668,5,3,0,62.5
326,77,70.0,64.2,69.668,5,4,0,61.2
327,77,70.0,64.2,69.668,5,5,0,60.1
328,78,70.5,64.0,69.81,8,1,1,74.0
329,78,70.5,64.0,69.81,8,2,1,69.5
330,78,70.5,64.0,69.81,8,3,1,69.0
331,78,70.5,64.0,69.81,8,4,1,68.0
332,78,70.5,64.0,69.81,8,5,1,68.0
333,78,70.5,64.0,69.81,8,6,1,68.0
334,78,70.5,64.0,69.81,8,7,0,65.5
335,78,70.5,64.0,69.81,8,8,0,65.0
336,79,70.5,64.5,70.08,1,1,0,60.0
337,80,70.0,64.0,69.56,4,1,1,68.0
338,80,70.0,64.0,69.56,4,2,0,65.0
339,80,70.0,64.0,69.56,4,3,0,64.0
340,80,70.0,64.0,69.56,4,4,0,62.0
341,81,70.0,64.0,69.56,9,1,1,71.0
342,81,70.0,64.0,69.56,9,2,1,70.0
343,81,70.0,64.0,69.56,9,3,1,70.0
344,81,70.0,64.0,69.56,9,4,1,70.0
345,81,70.0,64.0,69.56,9,5,1,69.5
346,81,70.0,64.0,69.56,9,6,1,68.5
347,81,70.0,64.0,69.56,9,7,0,69.0
348,81,70.0,64.0,69.56,9,8,0,65.0
349,81,70.0,64.0,69.56,9,9,0,64.0
350,82,70.0,63.7,69.398,8,1,1,70.0
351,82,70.0,63.7,69.398,8,2,1,67.0
352,82,70.0,63.7,69.398,8,3,1,65.5
353,82,70.0,63.7,69.398,8,4,0,63.7
354,82,70.0,63.7,69.398,8,5,0,63.2
355,82,70.0,63.7,69.398,8,6,0,62.5
356,82,70.0,63.7,69.398,8,7,0,62.2
357,82,70.0,63.7,69.398,8,8,0,61.0
358,83,70.5,63.0,69.27,4,1,1,70.0
359,83,70.5,63.0,69.27,4,2,1,68.5
360,83,70.5,63.0,69.27,4,3,0,65.5
361,83,70.5,63.0,69.27,4,4,0,63.5
362,84,70.5,63.0,69.27,5,1,1,72.5
363,84,70.5,63.0,69.27,5,2,1,69.0
364,84,70.5,63.0,69.27,5,3,1,67.0
365,84,70.5,63.0,69.27,5,4,0,64.5
366,84,70.5,63.0,69.27,5,5,0,64.0
367,85,70.0,63.5,69.29,4,1,1,71.0
368,85,70.0,63.5,69.29,4,2,1,67.5
369,85,70.0,63.5,69.29,4,3,0,67.5
370,85,70.0,63.5,69.29,4,4,0,63.5
371,86,70.0,63.0,69.02,4,1,1,68.0
372,86,70.0,63.0,69.02,4,2,1,67.0
373,86,70.0,63.0,69.02,4,3,0,63.7
374,86,70.0,63.0,69.02,4,4,0,62.0
375,87,70.0,63.0,69.02,4,1,1,70.0
376,87,70.0,63.0,69.02,4,2,1,66.5
377,87,70.0,63.0,69.02,4,3,0,62.0
378,87,70.0,63.0,69.02,4,4,0,61.0
379,88,70.5,62.0,68.73,8,1,1,72.0
380,88,70.5,62.0,68.73,8,2,1,70.0
381,88,70.5,62.0,68.73,8,3,1,69.5
382,88,70.5,62.0,68.73,8,4,1,69.5
383,88,70.5,62.0,68.73,8,5,1,68.0
384,88,70.5,62.0,68.73,8,6,0,65.0
385,88,70.5,62.0,68.73,8,7,0,64.0
386,88,70.5,62.0,68.73,8,8,0,63.0
387,89,70.3,62.7,69.008,7,1,1,70.7
388,89,70.3,62.7,69.008,7,2,1,69.7
389,89,70.3,62.7,69.008,7,3,1,69.2
390,89,70.3,62.7,69.008,7,4,1,65.2
391,89,70.3,62.7,69.008,7,5,0,64.0
392,89,70.3,62.7,69.008,7,6,0,63.5
393,89,70.3,62.7,69.008,7,7,0,63.2
394,90,70.5,62.0,68.73,3,1,1,72.0
395,90,70.5,62.0,68.73,3,2,1,72.0
396,90,70.5,62.0,68.73,3,3,0,60.0
397,91,70.0,61.0,67.94,2,1,1,71.2
398,91,70.0,61.0,67.94,2,2,1,67.0
399,92,70.0,60.0,67.4,4,1,1,67.0
400,92,70.0,60.0,67.4,4,2,1,64.5
401,92,70.0,60.0,67.4,4,3,0,65.0
402,92,70.0,60.0,67.4,4,4,0,63.0
403,93,70.0,60.0,67.4,2,1,0,65.0
404,93,70.0,60.0,67.4,2,2,0,65.0
405,94,70.0,58.5,66.59,3,1,1,71.5
406,94,70.0,58.5,66.59,3,2,1,64.5
407,94,70.0,58.5,66.59,3,3,0,63.0
408,95,70.0,58.0,66.32,5,1,1,72.0
409,95,70.0,58.0,66.32,5,2,1,66.0
410,95,70.0,58.0,66.32,5,3,0,66.0
411,95,70.0,58.0,66.32,5,4,0,65.0
412,95,70.0,58.0,66.32,5,5,0,63.0
413,96,69.0,68.5,71.49,10,1,1,75.0
414,96,69.0,68.5,71.49,10,2,1,71.0
415,96,69.0,68.5,71.49,10,3,1,70.0
416,96,69.0,68.5,71.49,10,4,0,66.0
417,96,69.0,68.5,71.49,10,5,0,66.0
418,96,69.0,68.5,71.49,10,6,0,65.5
419,96,69.0,68.5,71.49,10,7,0,65.0
420,96,69.0,68.5,71.49,10,8,0,65.0
421,96,69.0,68.5,71.49,10,9,0,64.0
422,96,69.0,68.5,71.49,10,10,0,64.0
423,97,69.0,67.0,70.68,1,1,0,64.0
424,98,69.0,66.0,70.14,8,1,1,73.0
425,98,69.0,66.0,70.14,8,2,1,72.0
426,98,69.0,66.0,70.14,8,3,1,71.7
427,98,69.0,66.0,70.14,8,4,1,71.5
428,98,69.0,66.0,70.14,8,5,0,65.5
429,98,69.0,66.0,70.14,8,6,0,65.0
430,98,69.0,66.0,70.14,8,7,0,62.7
431,98,69.0,66.0,70.14,8,8,0,62.5
432,99,69.0,66.0,70.14,3,1,1,71.2
433,99,69.0,66.0,70.14,3,2,1,71.0
434,99,69.0,66.0,70.14,3,3,1,70.0
435,100,69.0,66.7,70.518,4,1,1,75.0
436,100,69.0,66.7,70.518,4,2,1,74.0
437,100,69.0,66.7,70.518,4,3,1,72.0
438,100,69.0,66.7,70.518,4,4,1,68.5
439,101,69.0,66.0,70.14,6,1,1,70.0
440,101,69.0,66.0,70.14,6,2,1,68.5
441,101,69.0,66.0,70.14,6,3,1,68.0
442,101,69.0,66.0,70.14,6,4,0,65.0
443,101,69.0,66.0,70.14,6,5,0,63.0
444,101,69.0,66.0,70.14,6,6,0,62.5
445,102,69.0,66.5,70.41,7,1,1,73.0
446,102,69.0,66.5,70.41,7,2,1,71.0
447,102,69.0,66.5,70.41,7,3,1,70.5
448,102,69.0,66.5,70.41,7,4,1,70.5
449,102,69.0,66.5,70.41,7,5,1,67.0
450,102,69.0,66.5,70.41,7,6,1,66.0
451,102,69.0,66.5,70.41,7,7,0,61.0
452,103,69.5,66.5,70.66,4,1,1,70.5
453,103,69.5,66.5,70.66,4,2,1,67.5
454,103,69.5,66.5,70.66,4,3,0,64.5
455,103,69.5,66.5,70.66,4,4,0,64.0
456,104,69.0,66.5,70.41,6,1,1,71.0
457,104,69.0,66.5,70.41,6,2,0,68.5
458,104,69.0,66.5,70.41,6,3,0,67.5
459,104,69.0,66.5,70.41,6,4,0,66.0
460,104,69.0,66.5,70.41,6,5,0,63.0
461,104,69.0,66.5,70.41,6,6,0,63.0
462,105,69.5,66.0,70.39,7,1,1,71.0
463,105,69.5,66.0,70.39,7,2,1,71.0
464,105,69.5,66.0,70.39,7,3,1,70.5
465,105,69.5,66.0,70.39,7,4,1,70.5
466,105,69.5,66.0,70.39,7,5,0,66.5
467,105,69.5,66.0,70.39,7,6,0,65.5
468,105,69.5,66.0,70.39,7,7,0,64.5
469,106,69.0,66.0,70.14,9,1,1,73.0
470,106,69.0,66.0,70.14,9,2,1,72.0
471,106,69.0,66.0,70.14,9,3,1,69.0
472,106,69.0,66.0,70.14,9,4,1,69.0
473,106,69.0,66.0,70.14,9,5,0,66.5
474,106,69.0,66.0,70.14,9,6,0,65.5
475,106,69.0,66.0,70.14,9,7,0,65.5
476,106,69.0,66.0,70.14,9,8,0,65.0
477,106,69.0,66.0,70.14,9,9,0,64.0
478,107,69.0,65.0,69.6,7,1,1,70.0
479,107,69.0,65.0,69.6,7,2,1,68.5
480,107,69.0,65.0,69.6,7,3,1,67.0
481,107,69.0,65.0,69.6,7,4,0,65.0
482,107,69.0,65.0,69.6,7,5,0,64.0
483,107,69.0,65.0,69.6,7,6,0,63.5
484,107,69.0,65.0,69.6,7,7,0,61.0
485,108,69.5,64.5,69.58,7,1,1,69.7
486,108,69.5,64.5,69.58,7,2,1,68.0
487,108,69.5,64.5,69.58,7,3,1,60.0
488,108,69.5,64.5,69.58,7,4,0,65.2
489,108,69.5,64.5,69.58,7,5,0,64.5
490,108,69.5,64.5,69.58,7,6,0,63.7
491,108,69.5,64.5,69.58,7,7,0,60.0
492,109,69.2,64.0,69.16,4,1,1,71.7
493,109,69.2,64.0,69.16,4,2,1,66.5
494,109,69.2,64.0,69.16,4,3,0,65.0
495,109,69.2,64.0,69.16,4,4,0,63.5
496,110,69.0,63.5,68.79,1,1,0,65.5
497,111,69.0,63.0,68.52,3,1,1,69.0
498,111,69.0,63.0,68.52,3,2,0,67.5
499,111,69.0,63.0,68.52,3,3,0,63.5
500,112,69.0,63.0,68.52,1,1,1,72.0
501,113,69.0,63.0,68.52,6,1,1,73.0
502,113,69.0,63.0,68.52,6,2,1,70.0
503,113,69.0,63.0,68.52,6,3,1,70.0
504,113,69.0,63.0,68.52,6,4,1,64.0
505,113,69.0,63.0,68.52,6,5,0,66.0
506,113,69.0,63.0,68.52,6,6,0,62.0
507,114,69.0,63.5,68.79,7,1,1,70.5
508,114,69.0,63.5,68.79,7,2,1,67.0
509,114,69.0,63.5,68.79,7,3,1,66.0
510,114,69.0,63.5,68.79,7,4,0,65.0
511,114,69.0,63.5,68.79,7,5,0,63.0
512,114,69.0,63.5,68.79,7,6,0,62.0
513,114,69.0,63.5,68.79,7,7,0,61.0
514,115,69.0,63.5,68.79,3,1,1,70.5
515,115,69.0,63.5,68.79,3,2,0,63.7
516,115,69.0,63.5,68.79,3,3,0,63.0
517,116,69.7,62.0,68.33,1,1,0,62.5
518,117,69.5,62.0,68.23,3,1,1,73.0
519,117,69.5,62.0,68.23,3,2,1,72.0
520,117,69.5,62.0,68.23,3,3,1,69.0
521,118,69.0,62.0,67.98,5,1,1,73.0
522,118,69.0,62.0,67.98,5,2,1,71.0
523,118,69.0,62.0,67.98,5,3,1,71.0
524,118,69.0,62.0,67.98,5,4,1,69.0
525,118,69.0,62.0,67.98,5,5,0,63.0
526,119,69.5,62.0,68.23,11,1,1,72.0
527,119,69.5,62.0,68.23,11,2,1,70.0
528,119,69.5,62.0,68.23,11,3,1,67.8
529,119,69.5,62.0,68.23,11,4,0,65.2
530,119,69.5,62.0,68.23,11,5,0,64.7
531,119,69.5,62.0,68.23,11,6,0,64.5
532,119,69.5,62.0,68.23,11,7,0,63.5
533,119,69.5,62.0,68.23,11,8,0,63.5
534,119,69.5,62.0,68.23,11,9,0,62.5
535,119,69.5,62.0,68.23,11,10,0,62.0
536,119,69.5,62.0,68.23,11,11,0,61.5
537,120,69.0,62.5,68.25,8,1,1,71.0
538,120,69.0,62.5,68.25,8,2,1,70.0
539,120,69.0,62.5,68.25,8,3,1,70.0
540,120,69.0,62.5,68.25,8,4,1,69.0
541,120,69.0,62.5,68.25,8,5,0,63.5
542,120,69.0,62.5,68.25,8,6,0,62.5
543,120,69.0,62.5,68.25,8,7,0,62.5
544,120,69.0,62.5,68.25,8,8,0,62.0
545,121,69.0,62.0,67.98,4,1,1,72.0
546,121,69.0,62.0,67.98,4,2,1,68.0
547,121,69.0,62.0,67.98,4,3,0,66.0
548,121,69.0,62.0,67.98,4,4,0,66.0
549,122,69.5,61.0,67.69,5,1,1,70.0
550,122,69.5,61.0,67.69,5,2,1,69.5
551,122,69.5,61.0,67.69,5,3,1,69.0
552,122,69.5,61.0,67.69,5,4,0,63.0
553,122,69.5,61.0,67.69,5,5,0,62.0
554,123,69.0,61.0,67.44,9,1,1,68.0
555,123,69.0,61.0,67.44,9,2,1,68.0
556,123,69.0,61.0,67.44,9,3,1,67.5
557,123,69.0,61.0,67.44,9,4,1,64.0
558,123,69.0,61.0,67.44,9,5,1,63.0
559,123,69.0,61.0,67.44,9,6,1,63.0
560,123,69.0,61.0,67.44,9,7,0,63.5
561,123,69.0,61.0,67.44,9,8,0,62.0
562,123,69.0,61.0,67.44,9,9,0,62.0
563,124,69.0,60.0,66.9,3,1,1,70.5
564,124,69.0,60.0,66.9,3,2,0,68.0
565,124,69.0,60.0,66.9,3,3,0,62.5
566,125,69.0,60.0,66.9,4,1,1,69.0
567,125,69.0,60.0,66.9,4,2,1,66.0
568,125,69.0,60.0,66.9,4,3,0,61.7
569,125,69.0,60.0,66.9,4,4,0,60.5
570,126,69.0,60.5,67.17,1,1,1,69.5
571,127,68.7,70.5,72.42,2,1,1,71.0
572,127,68.7,70.5,72.42,2,2,0,61.7
573,128,68.5,67.0,70.43,3,1,1,73.0
574,128,68.5,67.0,70.43,3,2,1,71.0
575,128,68.5,67.0,70.43,3,3,0,67.0
576,129,68.5,66.5,70.16,11,1,1,70.0
577,129,68.5,66.5,70.16,11,2,1,69.0
578,129,68.5,66.5,70.16,11,3,1,69.0
579,129,68.5,66.5,70.16,11,4,1,68.7
580,129,68.5,66.5,70.16,11,5,1,68.5
581,129,68.5,66.5,70.16,11,6,1,68.5
582,129,68.5,66.5,70.16,11,7,1,68.0
583,129,68.5,66.5,70.16,11,8,1,68.0
584,129,68.5,66.5,70.16,11,9,1,68.0
585,129,68.5,66.5,70.16,11,10,1,66.2
586,129,68.5,66.5,70.16,11,11,0,63.2
587,130,68.0,65.0,69.1,2,1,1,67.5
588,130,68.0,65.0,69.1,2,2,1,66.0
589,131,68.0,65.5,69.37,2,1,1,66.0
590,131,68.0,65.5,69.37,2,2,0,64.0
591,132,68.0,65.5,69.37,7,1,1,71.7
592,132,68.0,65.5,69.37,7,2,1,71.5
593,132,68.0,65.5,69.37,7,3,1,70.7
594,132,68.0,65.5,69.37,7,4,1,65.5
595,132,68.0,65.5,69.37,7,5,0,66.5
596,132,68.0,65.5,69.37,7,6,0,65.2
597,132,68.0,65.5,69.37,7,7,0,61.5
598,133,68.0,65.0,69.1,4,1,1,72.0
599,133,68.0,65.0,69.1,4,2,1,72.0
600,133,68.0,65.0,69.1,4,3,0,68.0
601,133,68.0,65.0,69.1,4,4,0,66.0
602,134,68.5,65.0,69.35,8,1,1,69.2
603,134,68.5,65.0,69.35,8,2,1,68.0
604,134,68.5,65.0,69.35,8,3,1,66.0
605,134,68.5,65.0,69.35,8,4,1,66.0
606,134,68.5,65.0,69.35,8,5,0,62.0
607,134,68.5,65.0,69.35,8,6,0,61.5
608,134,68.5,65.0,69.35,8,7,0,61.0
609,134,68.5,65.0,69.35,8,8,0,60.0
610,136,68.5,65.0,69.35,8,1,1,72.0
611,136,68.5,65.0,69.35,8,2,1,70.5
612,136,68.5,65.0,69.35,8,3,1,68.7
613,136,68.5,65.0,69.35,8,4,1,68.5
614,136,68.5,65.0,69.35,8,5,1,67.7
615,136,68.5,65.0,69.35,8,6,0,64.0
616,136,68.5,65.0,69.35,8,7,0,63.5
617,136,68.5,65.0,69.35,8,8,0,63.0
618,135,68.0,64.0,68.56,10,1,1,71.0
619,135,68.0,64.0,68.56,10,2,1,68.0
620,135,68.0,64.0,68.56,10,3,1,68.0
621,135,68.0,64.0,68.56,10,4,1,67.0
622,135,68.0,64.0,68.56,10,5,0,65.0
623,135,68.0,64.0,68.56,10,6,0,64.0
624,135,68.0,64.0,68.56,10,7,0,63.0
625,135,68.0,64.0,68.56,10,8,0,63.0
626,135,68.0,64.0,68.56,10,9,0,62.0
627,135,68.0,64.0,68.56,10,10,0,61.0
628,137,68.0,64.0,68.56,4,1,1,66.0
629,137,68.0,64.0,68.56,4,2,1,63.0
630,137,68.0,64.0,68.56,4,3,0,65.5
631,137,68.0,64.0,68.56,4,4,0,62.0
632,138,68.0,64.0,68.56,5,1,1,71.2
633,138,68.0,64.0,68.56,5,2,1,71.2
634,138,68.0,64.0,68.56,5,3,1,69.0
635,138,68.0,64.0,68.56,5,4,1,68.5
636,138,68.0,64.0,68.56,5,5,0,62.5
637,139,68.0,64.5,68.83,1,1,0,62.0
638,140,68.0,64.0,68.56,10,1,1,69.0
639,140,68.0,64.0,68.56,10,2,1,67.0
640,140,68.0,64.0,68.56,10,3,1,66.0
641,140,68.0,64.0,68.56,10,4,0,66.0
642,140,68.0,64.0,68.56,10,5,0,66.0
643,140,68.0,64.0,68.56,10,6,0,65.0
644,140,68.0,64.0,68.56,10,7,0,65.0
645,140,68.0,64.0,68.56,10,8,0,65.0
646,140,68.0,64.0,68.56,10,9,0,64.0
647,140,68.0,64.0,68.56,10,10,0,63.0
648,141,68.0,63.0,68.02,8,1,1,70.5
649,141,68.0,63.0,68.02,8,2,1,70.0
650,141,68.0,63.0,68.02,8,3,1,68.0
651,141,68.0,63.0,68.02,8,4,1,66.0
652,141,68.0,63.0,68.02,8,5,1,66.0
653,141,68.0,63.0,68.02,8,6,0,66.0
654,141,68.0,63.0,68.02,8,7,0,62.0
655,141,68.0,63.0,68.02,8,8,0,61.5
656,142,68.5,63.5,68.54,4,1,1,73.5
657,142,68.5,63.5,68.54,4,2,1,70.0
658,142,68.5,63.5,68.54,4,3,1,69.5
659,142,68.5,63.5,68.54,4,4,0,65.5
660,143,68.0,63.0,68.02,1,1,1,67.0
661,144,68.0,63.0,68.02,4,1,1,70.0
662,144,68.0,63.0,68.02,4,2,1,68.0
663,144,68.0,63.0,68.02,4,3,0,64.5
664,144,68.0,63.0,68.02,4,4,0,64.0
665,145,68.0,63.0,68.02,8,1,1,71.0
666,145,68.0,63.0,68.02,8,2,1,68.0
667,145,68.0,63.0,68.02,8,3,1,66.0
668,145,68.0,63.0,68.02,8,4,1,65.5
669,145,68.0,63.0,68.02,8,5,1,65.0
670,145,68.0,63.0,68.02,8,6,0,63.0
671,145,68.0,63.0,68.02,8,7,0,62.0
672,145,68.0,63.0,68.02,8,8,0,62.0
673,146,68.0,63.0,68.02,6,1,1,67.0
674,146,68.0,63.0,68.02,6,2,1,67.0
675,146,68.0,63.0,68.02,6,3,1,66.0
676,146,68.0,63.0,68.02,6,4,0,64.0
677,146,68.0,63.0,68.02,6,5,0,63.5
678,146,68.0,63.0,68.02,6,6,0,61.0
679,147,68.5,63.5,68.54,1,1,1,68.2
680,148,68.0,63.0,68.02,1,1,1,70.0
681,149,68.2,63.5,68.39,5,1,1,70.0
682,149,68.2,63.5,68.39,5,2,1,69.0
683,149,68.2,63.5,68.39,5,3,1,67.0
684,149,68.2,63.5,68.39,5,4,1,65.5
685,149,68.2,63.5,68.39,5,5,0,64.5
686,150,68.0,62.5,67.75,1,1,1,68.5
687,151,68.7,62.0,67.83,2,1,1,67.7
688,151,68.7,62.0,67.83,2,2,0,61.7
689,152,68.0,62.5,67.75,1,1,1,66.5
690,153,68.0,61.0,66.94,5,1,1,68.5
691,153,68.0,61.0,66.94,5,2,1,68.0
692,153,68.0,61.0,66.94,5,3,1,64.0
693,153,68.0,61.0,66.94,5,4,0,63.5
694,153,68.0,61.0,66.94,5,5,0,63.0
695,154,68.0,60.2,66.508,1,1,1,66.7
696,155,68.0,60.0,66.4,7,1,1,64.0
697,155,68.0,60.0,66.4,7,2,0,61.0
698,155,68.0,60.0,66.4,7,3,0,61.0
699,155,68.0,60.0,66.4,7,4,0,60.0
700,155,68.0,60.0,66.4,7,5,0,60.0
701,155,68.0,60.0,66.4,7,6,0,60.0
702,155,68.0,60.0,66.4,7,7,0,56.0
703,156,68.0,60.0,66.4,4,1,1,67.5
704,156,68.0,60.0,66.4,4,2,1,67.0
705,156,68.0,60.0,66.4,4,3,1,66.5
706,156,68.0,60.0,66.4,4,4,0,60.0
707,157,68.5,59.0,66.11,1,1,1,69.0
708,158,68.0,59.0,65.86,10,1,1,68.0
709,158,68.0,59.0,65.86,10,2,1,65.0
710,158,68.0,59.0,65.86,10,3,1,64.7
711,158,68.0,59.0,65.86,10,4,1,64.0
712,158,68.0,59.0,65.86,10,5,1,64.0
713,158,68.0,59.0,65.86,10,6,1,63.0
714,158,68.0,59.0,65.86,10,7,0,65.0
715,158,68.0,59.0,65.86,10,8,0,65.0
716,158,68.0,59.0,65.86,10,9,0,62.0
717,158,68.0,59.0,65.86,10,10,0,61.0
718,159,67.0,66.2,69.248,5,1,1,72.7
719,159,67.0,66.2,69.248,5,2,1,72.7
720,159,67.0,66.2,69.248,5,3,1,71.5
721,159,67.0,66.2,69.248,5,4,0,65.5
722,159,67.0,66.2,69.248,5,5,0,63.5
723,160,67.0,66.5,69.41,1,1,1,71.0
724,161,67.0,66.0,69.14,8,1,1,73.0
725,161,67.0,66.0,69.14,8,2,1,71.0
726,161,67.0,66.0,69.14,8,3,1,70.7
727,161,67.0,66.0,69.14,8,4,1,70.0
728,161,67.0,66.0,69.14,8,5,1,69.0
729,161,67.0,66.0,69.14,8,6,0,68.0
730,161,67.0,66.0,69.14,8,7,0,65.5
731,161,67.0,66.0,69.14,8,8,0,62.0
732,162,67.0,65.0,68.6,6,1,1,69.7
733,162,67.0,65.0,68.6,6,2,1,67.5
734,162,67.0,65.0,68.6,6,3,0,65.5
735,162,67.0,65.0,68.6,6,4,0,65.0
736,162,67.0,65.0,68.6,6,5,0,64.5
737,162,67.0,65.0,68.6,6,6,0,63.5
738,163,67.0,65.5,68.87,5,1,1,70.0
739,163,67.0,65.5,68.87,5,2,1,69.0
740,163,67.0,65.5,68.87,5,3,0,65.5
741,163,67.0,65.5,68.87,5,4,0,65.5
742,163,67.0,65.5,68.87,5,5,0,63.0
743,164,67.0,65.5,68.87,4,1,1,70.0
744,164,67.0,65.5,68.87,4,2,1,67.7
745,164,67.0,65.5,68.87,4,3,0,63.0
746,164,67.0,65.5,68.87,4,4,0,60.0
747,165,67.0,65.0,68.6,3,1,1,65.0
748,165,67.0,65.0,68.6,3,2,0,62.0
749,165,67.0,65.0,68.6,3,3,0,62.0
750,166,67.5,65.0,68.85,11,1,1,71.0
751,166,67.5,65.0,68.85,11,2,1,69.0
752,166,67.5,65.0,68.85,11,3,0,64.0
753,166,67.5,65.0,68.85,11,4,0,64.0
754,166,67.5,65.0,68.85,11,5,0,63.0
755,166,67.5,65.0,68.85,11,6,0,63.0
756,166,67.5,65.0,68.85,11,7,0,63.0
757,166,67.5,65.0,68.85,11,8,0,63.0
758,166,67.5,65.0,68.85,11,9,0,63.0
759,166,67.5,65.0,68.85,11,10,0,62.5
760,166,67.5,65.0,68.85,11,11,0,62.0
761,167,67.0,64.0,68.06,4,1,1,71.5
762,167,67.0,64.0,68.06,4,2,1,70.0
763,167,67.0,64.0,68.06,4,3,1,67.0
764,167,67.0,64.0,68.06,4,4,1,67.0
765,168,67.0,63.5,67.79,8,1,1,71.0
766,168,67.0,63.5,67.79,8,2,1,70.2
767,168,67.0,63.5,67.79,8,3,1,69.2
768,168,67.0,63.5,67.79,8,4,1,68.5
769,168,67.0,63.5,67.79,8,5,1,68.0
770,168,67.0,63.5,67.79,8,6,1,67.0
771,168,67.0,63.5,67.79,8,7,1,65.5
772,168,67.0,63.5,67.79,8,8,0,63.5
773,169,67.0,63.0,67.52,3,1,1,69.0
774,169,67.0,63.0,67.52,3,2,1,68.0
775,169,67.0,63.0,67.52,3,3,0,63.0
776,170,67.5,62.0,67.23,5,1,1,70.0
777,170,67.5,62.0,67.23,5,2,1,69.5
778,170,67.5,62.0,67.23,5,3,1,69.0
779,170,67.5,62.0,67.23,5,4,1,68.5
780,170,67.5,62.0,67.23,5,5,0,66.0
781,171,67.0,61.0,66.44,1,1,1,67.0
782,172,66.0,67.0,69.18,8,1,1,70.5
783,172,66.0,67.0,69.18,8,2,1,70.5
784,172,66.0,67.0,69.18,8,3,1,67.0
785,172,66.0,67.0,69.18,8,4,1,66.0
786,172,66.0,67.0,69.18,8,5,1,66.0
787,172,66.0,67.0,69.18,8,6,0,62.0
788,172,66.0,67.0,69.18,8,7,0,62.0
789,172,66.0,67.0,69.18,8,8,0,61.5
790,173,66.0,67.0,69.18,9,1,1,72.0
791,173,66.0,67.0,69.18,9,2,1,65.0
792,173,66.0,67.0,69.18,9,3,1,65.0
793,173,66.0,67.0,69.18,9,4,0,67.0
794,173,66.0,67.0,69.18,9,5,0,64.0
795,173,66.0,67.0,69.18,9,6,0,64.0
796,173,66.0,67.0,69.18,9,7,0,62.0
797,173,66.0,67.0,69.18,9,8,0,60.0
798,173,66.0,67.0,69.18,9,9,0,60.0
799,174,66.0,66.0,68.64,5,1,1,66.0
800,174,66.0,66.0,68.64,5,2,1,65.0
801,174,66.0,66.0,68.64,5,3,0,67.0
802,174,66.0,66.0,68.64,5,4,0,66.5
803,174,66.0,66.0,68.64,5,5,0,65.5
804,175,66.0,66.0,68.64,6,1,1,72.0
805,175,66.0,66.0,68.64,6,2,1,68.0
806,175,66.0,66.0,68.64,6,3,0,66.0
807,175,66.0,66.0,68.64,6,4,0,65.0
808,175,66.0,66.0,68.64,6,5,0,62.0
809,175,66.0,66.0,68.64,6,6,0,61.0
810,176,66.5,65.0,68.35,8,1,1,68.7
811,176,66.5,65.0,68.35,8,2,1,68.5
812,176,66.5,65.0,68.35,8,3,1,66.5
813,176,66.5,65.0,68.35,8,4,1,64.5
814,176,66.5,65.0,68.35,8,5,0,62.5
815,176,66.5,65.0,68.35,8,6,0,60.5
816,176,66.5,65.0,68.35,8,7,0,60.5
817,176,66.5,65.0,68.35,8,8,0,57.5
818,177,66.0,65.5,68.37,5,1,1,72.0
819,177,66.0,65.5,68.37,5,2,1,71.0
820,177,66.0,65.5,68.37,5,3,1,67.0
821,177,66.0,65.5,68.37,5,4,0,66.0
822,177,66.0,65.5,68.37,5,5,0,65.0
823,178,66.0,63.0,67.02,1,1,1,70.0
824,179,66.0,63.5,67.29,2,1,0,64.5
825,179,66.0,63.5,67.29,2,2,0,62.0
826,180,66.5,63.0,67.27,6,1,1,67.2
827,180,66.5,63.0,67.27,6,2,1,67.0
828,180,66.5,63.0,67.27,6,3,1,65.0
829,180,66.5,63.0,67.27,6,4,0,65.0
830,180,66.5,63.0,67.27,6,5,0,65.0
831,180,66.5,63.0,67.27,6,6,0,63.0
832,181,66.5,62.5,67.0,7,1,1,70.0
833,181,66.5,62.5,67.0,7,2,1,68.0
834,181,66.5,62.5,67.0,7,3,0,63.5
835,181,66.5,62.5,67.0,7,4,0,62.5
836,181,66.5,62.5,67.0,7,5,0,62.5
837,181,66.5,62.5,67.0,7,6,0,62.5
838,181,66.5,62.5,67.0,7,7,0,62.5
839,182,66.0,61.5,66.21,1,1,1,70.0
840,183,66.0,60.0,65.4,4,1,1,68.0
841,183,66.0,60.0,65.4,4,2,1,67.0
842,183,66.0,60.0,65.4,4,3,1,65.0
843,183,66.0,60.0,65.4,4,4,0,60.0
844,184,66.0,60.0,65.4,1,1,1,65.0
845,185,66.0,59.0,64.86,15,1,1,68.0
846,185,66.0,59.0,64.86,15,2,1,67.0
847,185,66.0,59.0,64.86,15,3,1,66.5
848,185,66.0,59.0,64.86,15,4,1,66.0
849,185,66.0,59.0,64.86,15,5,1,65.7
850,185,66.0,59.0,64.86,15,6,1,65.5
851,185,66.0,59.0,64.86,15,7,1,65.0
852,185,66.0,59.0,64.86,15,8,0,65.0
853,185,66.0,59.0,64.86,15,9,0,64.0
854,185,66.0,59.0,64.86,15,10,0,63.0
855,185,66.0,59.0,64.86,15,11,0,62.0
856,185,66.0,59.0,64.86,15,12,0,61.0
857,185,66.0,59.0,64.86,15,13,0,60.0
858,185,66.0,59.0,64.86,15,14,0,58.0
859,185,66.0,59.0,64.86,15,15,0,57.0
860,186,65.0,67.0,68.68,4,1,1,66.5
861,186,65.0,67.0,68.68,4,2,1,66.0
862,186,65.0,67.0,68.68,4,3,1,66.0
863,186,65.0,67.0,68.68,4,4,0,65.0
864,187,65.0,67.0,68.68,1,1,0,63.0
865,188,65.0,66.0,68.14,4,1,1,63.0
866,188,65.0,66.0,68.14,4,2,0,63.0
867,188,65.0,66.0,68.14,4,3,0,63.0
868,188,65.0,66.0,68.14,4,4,0,60.0
869,189,65.0,66.0,68.14,5,1,1,67.0
870,189,65.0,66.0,68.14,5,2,1,66.0
871,189,65.0,66.0,68.14,5,3,1,65.0
872,189,65.0,66.0,68.14,5,4,0,65.0
873,189,65.0,66.0,68.14,5,5,0,61.0
874,190,65.0,65.0,67.6,9,1,1,69.0
875,190,65.0,65.0,67.6,9,2,1,68.0
876,190,65.0,65.0,67.6,9,3,1,68.0
877,190,65.0,65.0,67.6,9,4,0,65.0
878,190,65.0,65.0,67.6,9,5,0,65.0
879,190,65.0,65.0,67.6,9,6,0,62.0
880,190,65.0,65.0,67.6,9,7,0,62.0
881,190,65.0,65.0,67.6,9,8,0,61.0
882,190,65.0,65.0,67.6,9,9,0,59.0
883,191,65.0,65.5,67.87,2,1,1,70.7
884,191,65.0,65.5,67.87,2,2,0,65.5
885,192,65.0,65.0,67.6,6,1,1,69.2
886,192,65.0,65.0,67.6,6,2,1,69.0
887,192,65.0,65.0,67.6,6,3,1,68.0
888,192,65.0,65.0,67.6,6,4,1,67.7
889,192,65.0,65.0,67.6,6,5,0,64.5
890,192,65.0,65.0,67.6,6,6,0,60.5
891,193,65.0,64.0,67.06,6,1,1,67.0
892,193,65.0,64.0,67.06,6,2,1,67.0
893,193,65.0,64.0,67.06,6,3,0,64.0
894,193,65.0,64.0,67.06,6,4,0,64.0
895,193,65.0,64.0,67.06,6,5,0,62.5
896,193,65.0,64.0,67.06,6,6,0,60.5
897,194,65.0,63.0,66.52,2,1,1,70.0
898,194,65.0,63.0,66.52,2,2,0,63.0
899,195,65.0,63.0,66.52,3,1,1,66.0
900,195,65.0,63.0,66.52,3,2,1,66.0
901,195,65.0,63.0,66.52,3,3,0,63.0
902,196,65.5,63.0,66.77,4,1,1,71.0
903,196,65.5,63.0,66.77,4,2,1,71.0
904,196,65.5,63.0,66.77,4,3,1,69.0
905,196,65.5,63.0,66.77,4,4,0,63.5
906,197,65.5,60.0,65.15,5,1,1,68.0
907,197,65.5,60.0,65.15,5,2,1,68.0
908,197,65.5,60.0,65.15,5,3,1,67.0
909,197,65.5,60.0,65.15,5,4,1,67.0
910,197,65.5,60.0,65.15,5,5,0,62.0
911,198,64.0,64.0,66.56,7,1,1,71.5
912,198,64.0,64.0,66.56,7,2,1,68.0
913,198,64.0,64.0,66.56,7,3,0,65.5
914,198,64.0,64.0,66.56,7,4,0,64.0
915,198,64.0,64.0,66.56,7,5,0,62.0
916,198,64.0,64.0,66.56,7,6,0,62.0
917,198,64.0,64.0,66.56,7,7,0,61.0
918,199,64.0,64.0,66.56,7,1,1,70.5
919,199,64.0,64.0,66.56,7,2,1,68.0
920,199,64.0,64.0,66.56,7,3,0,67.0
921,199,64.0,64.0,66.56,7,4,0,65.0
922,199,64.0,64.0,66.56,7,5,0,64.0
923,199,64.0,64.0,66.56,7,6,0,64.0
924,199,64.0,64.0,66.56,7,7,0,60.0
925,200,64.0,63.0,66.02,1,1,1,64.5
926,201,64.0,60.0,64.4,2,1,1,66.0
927,201,64.0,60.0,64.4,2,2,0,60.0
928,202,63.0,63.5,65.79,2,1,0,68.5
929,202,63.0,63.5,65.79,2,2,0,63.5
930,203,62.0,66.0,66.64,3,1,1,64.0
931,203,62.0,66.0,66.64,3,2,0,62.0
932,203,62.0,66.0,66.64,3,3,0,61.0
933,204,62.5,63.0,65.27,2,1,1,66.5
934,204,62.5,63.0,65.27,2,2,0,57.0
