,date,time,observed
1,82,656,1
2,108,659,1
3,126,720,1
4,18,721,1
5,111,743,1
6,29,747,1
7,45,750,1
8,2,751,1
9,143,754,1
10,93,758,1
11,50,805,1
12,141,808,1
13,67,810,1
14,79,811,1
15,59,815,1
16,24,815,1
17,15,820,1
18,61,820,1
19,25,825,1
20,22,827,1
21,118,828,1
22,128,831,1
23,20,832,1
24,85,832,1
25,91,833,1
26,46,836,1
27,33,840,1
28,133,842,1
29,14,844,1
30,129,844,1
31,42,845,1
32,21,846,1
33,103,848,1
34,30,850,1
35,142,855,1
36,136,858,1
37,55,858,1
38,41,859,1
39,8,859,1
40,12,900,1
41,75,904,1
42,96,905,1
43,120,905,1
44,6,907,1
45,66,908,1
46,139,910,1
47,110,910,1
48,26,915,1
49,58,920,1
50,97,930,1
51,105,930,1
52,72,932,1
53,122,935,1
54,134,935,1
55,94,945,1
56,84,948,1
57,147,952,1
58,60,1027,1
59,0,705,0
60,132,710,0
61,76,715,0
62,89,720,0
63,43,720,0
64,140,730,0
65,138,740,0
66,70,750,0
67,102,750,0
68,95,753,0
69,106,755,0
70,130,757,0
71,104,800,0
72,71,805,0
73,88,805,0
74,16,805,0
75,100,807,0
76,151,810,0
77,80,812,0
78,36,812,0
79,83,813,0
80,135,814,0
81,63,815,0
82,4,815,0
83,52,815,0
84,74,817,0
85,78,823,0
86,116,830,0
87,112,831,0
88,125,838,0
89,137,840,0
90,23,840,0
91,124,845,0
92,115,850,0
93,86,851,0
94,77,853,0
95,35,855,0
96,37,856,0
97,5,857,0
98,107,858,0
99,47,858,0
100,57,858,0
101,56,859,0
102,98,900,0
103,101,905,0
104,34,907,0
105,7,908,0
106,99,915,0
107,10,915,0
108,40,920,0
109,62,920,0
110,9,925,0
111,31,926,0
112,13,931,0
113,73,933,0
114,119,943,0
115,48,945,0
116,114,946,0
117,38,950,0
118,68,955,0
119,32,955,0
120,49,1005,0
121,54,1012,0
122,1,1018,0
123,39,1020,0
124,69,1020,0
125,87,1020,0
126,27,1031,0
127,146,1050,0
128,149,1050,0
129,92,1100,0
130,28,1205,0
131,44,1245,0
132,53,1250,0
133,145,1405,0
134,3,1407,0
135,17,1500,0
136,121,1531,0
137,131,1535,0
138,51,1556,0
139,113,1603,0
140,150,1605,0
141,148,1625,0
142,144,1625,0
143,11,1653,0
144,117,1705,0
145,127,1708,0
146,90,1722,0
147,123,1728,0
148,19,1730,0
149,81,1730,0
150,109,1750,0
151,64,1801,0
152,65,1829,0
