,month,year,approve,disapprove,unsure,sept.oct.2001,iraq.war,avg.price
1,2,2001,58.67,23.67,17.67,0,0,144.975
2,3,2001,58.0,26.67,15.33,0,0,140.925
3,4,2001,60.5,29.5,10.0,0,0,155.16
4,5,2001,55.0,33.33,11.67,0,0,170.175
5,6,2001,54.0,34.0,12.0,0,0,161.625
6,7,2001,56.5,34.0,9.5,0,0,142.06
7,8,2001,56.0,35.0,9.0,0,0,142.075
8,9,2001,75.67,18.33,6.0,1,0,152.15
9,10,2001,88.0,9.0,3.0,1,0,131.54
10,11,2001,87.0,8.67,4.33,0,0,117.05
11,12,2001,86.0,10.5,3.5,0,0,108.6
12,1,2002,83.67,12.67,3.67,0,0,110.725
13,2,2002,82.0,14.0,4.0,0,0,111.375
14,3,2002,79.25,15.75,5.0,0,0,124.925
15,4,2002,76.25,19.0,4.75,0,0,139.7
16,5,2002,76.33,17.67,6.0,0,0,139.175
17,6,2002,73.4,20.2,6.4,0,0,138.225
18,7,2002,70.5,23.5,6.0,0,0,139.7
19,8,2002,66.5,27.0,6.5,0,0,139.575
20,9,2002,67.2,28.2,4.6,0,0,139.96
21,10,2002,64.75,29.0,6.25,0,0,144.525
22,11,2002,66.33,27.0,6.67,0,0,141.9
23,12,2002,62.75,31.5,5.75,0,0,138.58
24,1,2003,60.17,35.0,4.83,0,0,145.75
25,2,2003,58.75,35.75,5.5,0,0,161.3
26,3,2003,65.2,30.6,4.2,0,1,169.3
27,4,2003,70.0,25.75,4.25,0,1,158.9
28,5,2003,66.33,30.0,3.67,0,1,149.725
29,6,2003,62.0,34.33,3.67,0,0,149.28
30,7,2003,59.67,36.67,3.67,0,0,151.25
31,8,2003,59.5,36.5,4.0,0,0,162.025
32,9,2003,51.0,45.0,4.0,0,0,167.88
33,10,2003,54.67,41.33,4.0,0,0,156.35
34,11,2003,51.67,45.0,3.33,0,0,151.2
35,12,2003,58.5,38.25,3.25,0,0,147.88
36,1,2004,55.25,41.25,3.5,0,0,157.175
37,2,2004,51.33,45.33,3.33,0,0,164.75
38,3,2004,50.67,46.33,3.0,0,0,173.6
39,4,2004,52.0,45.0,3.0,0,0,179.775
40,5,2004,47.33,49.33,3.33,0,0,198.34
41,6,2004,48.5,49.0,2.5,0,0,196.925
42,7,2004,47.75,48.5,3.75,0,0,191.125
43,8,2004,50.0,46.5,3.5,0,0,187.8
44,9,2004,52.67,45.0,2.33,0,0,186.975
45,10,2004,49.17,47.67,3.17,0,0,199.95
46,11,2004,54.0,43.0,3.0,0,0,197.94
47,12,2004,51.0,45.0,4.0,0,0,184.1
48,1,2005,51.67,44.67,3.67,0,0,183.08
49,2,2005,52.25,44.5,3.25,0,0,191.0
50,3,2005,49.67,45.67,4.67,0,0,207.925
51,4,2005,48.5,47.75,3.75,0,0,224.25
52,5,2005,48.0,47.33,4.67,0,0,216.12
53,6,2005,46.25,51.0,2.75,0,0,215.55
54,7,2005,47.33,49.0,3.67,0,0,229.0
55,8,2005,43.75,52.5,3.75,0,0,248.62
56,9,2005,44.0,52.75,3.25,0,0,290.325
57,10,2005,40.75,56.25,3.0,0,0,271.68
58,11,2005,38.33,57.33,4.33,0,0,225.675
59,12,2005,42.25,54.0,3.75,0,0,218.5
60,1,2006,43.0,53.67,3.67,0,0,231.56
61,2,2006,39.67,57.0,3.33,0,0,228.0
62,3,2006,36.5,59.5,4.5,0,0,242.475
63,4,2006,35.67,60.67,3.67,0,0,274.2
64,5,2006,37.0,57.67,5.0,0,0,290.68
65,6,2006,40.0,55.0,5.0,0,0,288.45
