,sex,age,ym,child,religious,education,occupation,rate,nbaffairs
1,1,37.0,10.0,0,3,18,7,4,0
2,0,27.0,4.0,0,4,14,6,4,0
3,0,32.0,15.0,1,1,12,1,4,0
4,1,57.0,15.0,1,5,18,6,5,0
5,1,22.0,0.75,0,2,17,6,3,0
6,0,32.0,1.5,0,2,17,5,5,0
7,0,22.0,0.75,0,2,12,1,3,0
8,1,57.0,15.0,1,2,14,4,4,0
9,0,32.0,15.0,1,4,16,1,2,0
10,1,22.0,1.5,0,4,14,4,5,0
11,1,37.0,15.0,1,2,20,7,2,0
12,1,27.0,4.0,1,4,18,6,4,0
13,1,47.0,15.0,1,5,17,6,4,0
14,0,22.0,1.5,0,2,17,5,4,0
15,0,27.0,4.0,0,4,14,5,4,0
16,0,37.0,15.0,1,1,17,5,5,0
17,0,37.0,15.0,1,2,18,4,3,0
18,0,22.0,0.75,0,3,16,5,4,0
19,0,22.0,1.5,0,2,16,5,5,0
20,0,27.0,10.0,1,2,14,1,5,0
21,0,22.0,1.5,0,2,16,5,5,0
22,0,22.0,1.5,0,2,16,5,5,0
23,0,27.0,10.0,1,4,16,5,4,0
24,0,32.0,10.0,1,3,14,1,5,0
25,1,37.0,4.0,1,2,20,6,4,0
26,0,22.0,1.5,0,2,18,5,5,0
27,0,27.0,7.0,0,4,16,1,5,0
28,1,42.0,15.0,1,5,20,6,4,0
29,1,27.0,4.0,1,3,16,5,5,0
30,0,27.0,4.0,1,3,17,5,4,0
31,1,42.0,15.0,1,4,20,6,3,0
32,0,22.0,1.5,0,3,16,5,5,0
33,1,27.0,0.417,0,4,17,6,4,0
34,0,42.0,15.0,1,5,14,5,4,0
35,1,32.0,4.0,1,1,18,6,4,0
36,0,22.0,1.5,0,4,16,5,3,0
37,0,42.0,15.0,1,3,12,1,4,0
38,0,22.0,4.0,0,4,17,5,5,0
39,1,22.0,1.5,1,1,14,3,5,0
40,0,22.0,0.75,0,3,16,1,5,0
41,1,32.0,10.0,1,5,20,6,5,0
42,1,52.0,15.0,1,5,18,6,3,0
43,0,22.0,0.417,0,5,14,1,4,0
44,0,27.0,4.0,1,2,18,6,1,0
45,0,32.0,7.0,1,5,17,5,3,0
46,1,22.0,4.0,0,3,16,5,5,0
47,0,27.0,7.0,1,4,18,6,5,0
48,0,42.0,15.0,1,2,18,5,4,0
49,1,27.0,1.5,1,4,16,3,5,0
50,1,42.0,15.0,1,2,20,6,4,0
51,0,22.0,0.75,0,5,14,3,5,0
52,1,32.0,7.0,1,2,20,6,4,0
53,1,27.0,4.0,1,5,20,6,5,0
54,1,27.0,10.0,1,4,20,6,4,0
55,1,22.0,4.0,0,1,18,5,5,0
56,0,37.0,15.0,1,4,14,3,1,0
57,1,22.0,1.5,1,5,16,4,4,0
58,0,37.0,15.0,1,4,17,1,5,0
59,0,27.0,0.75,0,4,17,5,4,0
60,1,32.0,10.0,1,4,20,6,4,0
61,0,47.0,15.0,1,5,14,7,2,0
62,1,37.0,10.0,1,3,20,6,4,0
63,0,22.0,0.75,0,2,16,5,5,0
64,1,27.0,4.0,0,2,18,4,5,0
65,1,32.0,7.0,0,4,20,6,4,0
66,1,42.0,15.0,1,2,17,3,5,0
67,1,37.0,10.0,1,4,20,6,4,0
68,0,47.0,15.0,1,3,17,6,5,0
69,0,22.0,1.5,0,5,16,5,5,0
70,0,27.0,1.5,0,2,16,6,4,0
71,0,27.0,4.0,0,3,17,5,5,0
72,0,32.0,10.0,1,5,14,4,5,0
73,0,22.0,0.125,0,2,12,5,5,0
74,1,47.0,15.0,1,4,14,4,3,0
75,1,32.0,15.0,1,1,14,5,5,0
76,1,27.0,7.0,1,4,16,5,5,0
77,0,22.0,1.5,1,3,16,5,5,0
78,1,27.0,4.0,1,3,17,6,5,0
79,0,22.0,1.5,0,3,16,5,5,0
80,1,57.0,15.0,1,2,14,7,2,0
81,1,17.5,1.5,1,3,18,6,5,0
82,1,57.0,15.0,1,4,20,6,5,0
83,0,22.0,0.75,0,2,16,3,4,0
84,1,42.0,4.0,0,4,17,3,3,0
85,0,22.0,1.5,1,4,12,1,5,0
86,0,22.0,0.417,0,1,17,6,4,0
87,0,32.0,15.0,1,4,17,5,5,0
88,0,27.0,1.5,0,3,18,5,2,0
89,0,22.0,1.5,1,3,14,1,5,0
90,0,37.0,15.0,1,3,14,1,4,0
91,0,32.0,15.0,1,4,14,3,4,0
92,1,37.0,10.0,1,2,14,5,3,0
93,1,37.0,10.0,1,4,16,5,4,0
94,1,57.0,15.0,1,5,20,5,3,0
95,1,27.0,0.417,0,1,16,3,4,0
96,0,42.0,15.0,1,5,14,1,5,0
97,1,57.0,15.0,1,3,16,6,1,0
98,1,37.0,10.0,1,1,16,6,4,0
99,1,37.0,15.0,1,3,17,5,5,0
100,1,37.0,15.0,1,4,20,6,5,0
101,0,27.0,10.0,1,5,14,1,5,0
102,1,37.0,10.0,1,2,18,6,4,0
103,0,22.0,0.125,0,4,12,4,5,0
104,1,57.0,15.0,1,5,20,6,5,0
105,0,37.0,15.0,1,4,18,6,4,0
106,1,22.0,4.0,1,4,14,6,4,0
107,1,27.0,7.0,1,4,18,5,4,0
108,1,57.0,15.0,1,4,20,5,4,0
109,1,32.0,15.0,1,3,14,6,3,0
110,0,22.0,1.5,0,2,14,5,4,0
111,0,32.0,7.0,1,4,17,1,5,0
112,0,37.0,15.0,1,4,17,6,5,0
113,0,32.0,1.5,0,5,18,5,5,0
114,1,42.0,10.0,1,5,20,7,4,0
115,0,27.0,7.0,0,3,16,5,4,0
116,1,37.0,15.0,0,4,20,6,5,0
117,1,37.0,15.0,1,4,14,3,2,0
118,1,32.0,10.0,0,5,18,6,4,0
119,0,22.0,0.75,0,4,16,1,5,0
120,0,27.0,7.0,1,4,12,2,4,0
121,0,27.0,7.0,1,2,16,2,5,0
122,0,42.0,15.0,1,5,18,5,4,0
123,1,42.0,15.0,1,4,17,5,3,0
124,0,27.0,7.0,1,2,16,1,2,0
125,0,22.0,1.5,0,3,16,5,5,0
126,1,37.0,15.0,1,5,20,6,5,0
127,0,22.0,0.125,0,2,14,4,5,0
128,1,27.0,1.5,0,4,16,5,5,0
129,1,32.0,1.5,0,2,18,6,5,0
130,1,27.0,1.5,0,2,17,6,5,0
131,0,27.0,10.0,1,4,16,1,3,0
132,1,42.0,15.0,1,4,18,6,5,0
133,0,27.0,1.5,0,2,16,6,5,0
134,1,27.0,4.0,0,2,18,6,3,0
135,0,32.0,10.0,1,3,14,5,3,0
136,0,32.0,15.0,1,3,18,5,4,0
137,0,22.0,0.75,0,2,18,6,5,0
138,0,37.0,15.0,1,2,16,1,4,0
139,1,27.0,4.0,1,4,20,5,5,0
140,1,27.0,4.0,0,1,20,5,4,0
141,0,27.0,10.0,1,2,12,1,4,0
142,0,32.0,15.0,1,5,18,6,4,0
143,1,27.0,7.0,1,5,12,5,3,0
144,1,52.0,15.0,1,2,18,5,4,0
145,1,27.0,4.0,0,3,20,6,3,0
146,1,37.0,4.0,1,1,18,5,4,0
147,1,27.0,4.0,1,4,14,5,4,0
148,0,52.0,15.0,1,5,12,1,3,0
149,0,57.0,15.0,1,4,16,6,4,0
150,1,27.0,7.0,1,1,16,5,4,0
151,1,37.0,7.0,1,4,20,6,3,0
152,1,22.0,0.75,0,2,14,4,3,0
153,1,32.0,4.0,1,2,18,5,3,0
154,1,37.0,15.0,1,4,20,6,3,0
155,1,22.0,0.75,1,2,14,4,3,0
156,1,42.0,15.0,1,4,20,6,3,0
157,0,52.0,15.0,1,5,17,1,1,0
158,0,37.0,15.0,1,4,14,1,2,0
159,1,27.0,7.0,1,4,14,5,3,0
160,1,32.0,4.0,1,2,16,5,5,0
161,0,27.0,4.0,1,2,18,6,5,0
162,0,27.0,4.0,1,2,18,5,5,0
163,1,37.0,15.0,1,5,18,6,5,0
164,0,47.0,15.0,1,5,12,5,4,0
165,0,32.0,10.0,1,3,17,1,4,0
166,0,27.0,1.5,1,4,17,1,2,0
167,0,57.0,15.0,1,2,18,5,2,0
168,0,22.0,1.5,0,4,14,5,4,0
169,1,42.0,15.0,1,3,14,3,4,0
170,1,57.0,15.0,1,4,9,2,2,0
171,1,57.0,15.0,1,4,20,6,5,0
172,0,22.0,0.125,0,4,14,4,5,0
173,0,32.0,10.0,1,4,14,1,5,0
174,0,42.0,15.0,1,3,18,5,4,0
175,0,27.0,1.5,0,2,18,6,5,0
176,1,32.0,0.125,1,2,18,5,2,0
177,0,27.0,4.0,0,3,16,5,4,0
178,0,27.0,10.0,1,2,16,1,4,0
179,0,32.0,7.0,1,4,16,1,3,0
180,0,37.0,15.0,1,4,14,5,4,0
181,0,42.0,15.0,1,5,17,6,2,0
182,1,32.0,1.5,1,4,14,6,5,0
183,0,32.0,4.0,1,3,17,5,3,0
184,0,37.0,7.0,0,4,18,5,5,0
185,0,22.0,0.417,1,3,14,3,5,0
186,0,27.0,7.0,1,4,14,1,5,0
187,1,27.0,0.75,0,3,16,5,5,0
188,1,27.0,4.0,1,2,20,5,5,0
189,1,32.0,10.0,1,4,16,4,5,0
190,1,32.0,15.0,1,1,14,5,5,0
191,1,22.0,0.75,0,3,17,4,5,0
192,0,27.0,7.0,1,4,17,1,4,0
193,1,27.0,0.417,1,4,20,5,4,0
194,1,37.0,15.0,1,4,20,5,4,0
195,0,37.0,15.0,1,2,14,1,3,0
196,1,22.0,4.0,1,1,18,5,4,0
197,1,37.0,15.0,1,4,17,5,3,0
198,0,22.0,1.5,0,2,14,4,5,0
199,1,52.0,15.0,1,4,14,6,2,0
200,0,22.0,1.5,0,4,17,5,5,0
201,1,32.0,4.0,1,5,14,3,5,0
202,1,32.0,4.0,1,2,14,3,5,0
203,0,22.0,1.5,0,3,16,6,5,0
204,1,27.0,0.75,0,2,18,3,3,0
205,0,22.0,7.0,1,2,14,5,2,0
206,0,27.0,0.75,0,2,17,5,3,0
207,0,37.0,15.0,1,4,12,1,2,0
208,0,22.0,1.5,0,1,14,1,5,0
209,0,37.0,10.0,0,2,12,4,4,0
210,0,37.0,15.0,1,4,18,5,3,0
211,0,42.0,15.0,1,3,12,3,3,0
212,1,22.0,4.0,0,2,18,5,5,0
213,1,52.0,7.0,1,2,20,6,2,0
214,1,27.0,0.75,0,2,17,5,5,0
215,0,27.0,4.0,0,2,17,4,5,0
216,1,42.0,1.5,0,5,20,6,5,0
217,1,22.0,1.5,0,4,17,6,5,0
218,1,22.0,4.0,0,4,17,5,3,0
219,0,22.0,4.0,1,1,14,5,4,0
220,1,37.0,15.0,1,5,20,4,5,0
221,0,37.0,10.0,1,3,16,6,3,0
222,1,42.0,15.0,1,4,17,6,5,0
223,0,47.0,15.0,1,4,17,5,5,0
224,1,22.0,1.5,0,4,16,5,4,0
225,0,32.0,10.0,1,3,12,1,4,0
226,0,22.0,7.0,1,1,14,3,5,0
227,0,32.0,10.0,1,4,17,5,4,0
228,1,27.0,1.5,1,2,16,2,4,0
229,1,37.0,15.0,1,4,14,5,5,0
230,1,42.0,4.0,1,3,14,4,5,0
231,0,37.0,15.0,1,5,14,5,4,0
232,0,32.0,7.0,1,4,17,5,5,0
233,0,42.0,15.0,1,4,18,6,5,0
234,1,27.0,4.0,0,4,18,6,4,0
235,1,22.0,0.75,0,4,18,6,5,0
236,1,27.0,4.0,1,4,14,5,3,0
237,0,22.0,0.75,0,5,18,1,5,0
238,0,52.0,15.0,1,5,9,5,5,0
239,1,32.0,10.0,1,3,14,5,5,0
240,0,37.0,15.0,1,4,16,4,4,0
241,1,32.0,7.0,1,2,20,5,4,0
242,0,42.0,15.0,1,3,18,1,4,0
243,1,32.0,15.0,1,1,16,5,5,0
244,1,27.0,4.0,1,3,18,5,5,0
245,0,32.0,15.0,1,4,12,3,4,0
246,1,22.0,0.75,1,3,14,2,4,0
247,0,22.0,1.5,0,3,16,5,3,0
248,0,42.0,15.0,1,4,14,3,5,0
249,0,52.0,15.0,1,3,16,5,4,0
250,1,37.0,15.0,1,5,20,6,4,0
251,0,47.0,15.0,1,4,12,2,3,0
252,1,57.0,15.0,1,2,20,6,4,0
253,1,32.0,7.0,1,4,17,5,5,0
254,0,27.0,7.0,1,4,17,1,4,0
255,1,22.0,1.5,0,1,18,6,5,0
256,0,22.0,4.0,1,3,9,1,4,0
257,0,22.0,1.5,0,2,14,1,5,0
258,1,42.0,15.0,1,2,20,6,4,0
259,1,57.0,15.0,1,4,9,2,4,0
260,0,27.0,7.0,1,2,18,1,5,0
261,0,22.0,4.0,1,3,14,1,5,0
262,1,37.0,15.0,1,4,14,5,3,0
263,1,32.0,7.0,1,1,18,6,4,0
264,0,22.0,1.5,0,2,14,5,5,0
265,0,22.0,1.5,1,3,12,1,3,0
266,1,52.0,15.0,1,2,14,5,5,0
267,0,37.0,15.0,1,2,14,1,1,0
268,0,32.0,10.0,1,2,14,5,5,0
269,1,42.0,15.0,1,4,20,4,5,0
270,0,27.0,4.0,1,3,18,4,5,0
271,1,37.0,15.0,1,4,20,6,5,0
272,1,27.0,1.5,0,3,18,5,5,0
273,0,22.0,0.125,0,2,16,6,3,0
274,1,32.0,10.0,1,2,20,6,3,0
275,0,27.0,4.0,0,4,18,5,4,0
276,0,27.0,7.0,1,2,12,5,1,0
277,1,32.0,4.0,1,5,18,6,3,0
278,0,37.0,15.0,1,2,17,5,5,0
279,1,47.0,15.0,0,4,20,6,4,0
280,1,27.0,1.5,0,1,18,5,5,0
281,1,37.0,15.0,1,4,20,6,4,0
282,0,32.0,15.0,1,4,18,1,4,0
283,0,32.0,7.0,1,4,17,5,4,0
284,0,42.0,15.0,1,3,14,1,3,0
285,0,27.0,7.0,1,3,16,1,4,0
286,1,27.0,1.5,0,3,16,4,2,0
287,1,22.0,1.5,0,3,16,3,5,0
288,1,27.0,4.0,1,3,16,4,2,0
289,0,27.0,7.0,1,3,12,1,2,0
290,0,37.0,15.0,1,2,18,5,4,0
291,0,37.0,7.0,1,3,14,4,4,0
292,1,22.0,1.5,0,2,16,5,5,0
293,1,37.0,15.0,1,5,20,5,4,0
294,0,22.0,1.5,0,4,16,5,3,0
295,0,32.0,10.0,1,4,16,1,5,0
296,1,27.0,4.0,0,2,17,5,3,0
297,0,22.0,0.417,0,4,14,5,5,0
298,0,27.0,4.0,0,2,18,5,5,0
299,1,37.0,15.0,1,4,18,5,3,0
300,1,37.0,10.0,1,5,20,7,4,0
301,0,27.0,7.0,1,2,14,4,2,0
302,1,32.0,4.0,1,2,16,5,5,0
303,1,32.0,4.0,1,2,16,6,4,0
304,1,22.0,1.5,0,3,18,4,5,0
305,0,22.0,4.0,1,4,14,3,4,0
306,0,17.5,0.75,0,2,18,5,4,0
307,1,32.0,10.0,1,4,20,4,5,0
308,0,32.0,0.75,0,5,14,3,3,0
309,1,37.0,15.0,1,4,17,5,3,0
310,1,32.0,4.0,0,3,14,4,5,0
311,0,27.0,1.5,0,2,17,3,2,0
312,0,22.0,7.0,1,4,14,1,5,0
313,1,47.0,15.0,1,5,14,6,5,0
314,1,27.0,4.0,1,1,16,4,4,0
315,0,37.0,15.0,1,5,14,1,3,0
316,1,42.0,4.0,1,4,18,5,5,0
317,0,32.0,4.0,1,2,14,1,5,0
318,1,52.0,15.0,1,2,14,7,4,0
319,0,22.0,1.5,0,2,16,1,4,0
320,1,52.0,15.0,1,4,12,2,4,0
321,0,22.0,0.417,0,3,17,1,5,0
322,0,22.0,1.5,0,2,16,5,5,0
323,1,27.0,4.0,1,4,20,6,4,0
324,0,32.0,15.0,1,4,14,1,5,0
325,0,27.0,1.5,0,2,16,3,5,0
326,1,32.0,4.0,0,1,20,6,5,0
327,1,37.0,15.0,1,3,20,6,4,0
328,0,32.0,10.0,0,2,16,6,5,0
329,0,32.0,10.0,1,5,14,5,5,0
330,1,37.0,1.5,1,4,18,5,3,0
331,1,32.0,1.5,0,2,18,4,4,0
332,0,32.0,10.0,1,4,14,1,4,0
333,0,47.0,15.0,1,4,18,5,4,0
334,0,27.0,10.0,1,5,12,1,5,0
335,1,27.0,4.0,1,3,16,4,5,0
336,0,37.0,15.0,1,4,12,4,2,0
337,0,27.0,0.75,0,4,16,5,5,0
338,0,37.0,15.0,1,4,16,1,5,0
339,0,32.0,15.0,1,3,16,1,5,0
340,0,27.0,10.0,1,2,16,1,5,0
341,1,27.0,7.0,0,2,20,6,5,0
342,0,37.0,15.0,1,2,14,1,3,0
343,1,27.0,1.5,1,2,17,4,4,0
344,0,22.0,0.75,1,2,14,1,5,0
345,1,22.0,4.0,1,4,14,2,4,0
346,1,42.0,0.125,0,4,17,6,4,0
347,1,27.0,1.5,1,4,18,6,5,0
348,1,27.0,7.0,1,3,16,6,3,0
349,0,52.0,15.0,1,4,14,1,3,0
350,1,27.0,1.5,0,5,20,5,2,0
351,0,27.0,1.5,0,2,16,5,5,0
352,0,27.0,1.5,0,3,17,5,5,0
353,1,22.0,0.125,0,5,16,4,4,0
354,0,27.0,4.0,1,4,16,1,5,0
355,0,27.0,4.0,1,4,12,1,5,0
356,0,47.0,15.0,1,2,14,5,5,0
357,0,32.0,15.0,1,3,14,5,3,0
358,1,42.0,7.0,1,2,16,5,5,0
359,1,22.0,0.75,0,4,16,6,4,0
360,1,27.0,0.125,0,3,20,6,5,0
361,1,32.0,10.0,1,3,20,6,5,0
362,0,22.0,0.417,0,5,14,4,5,0
363,0,47.0,15.0,1,5,14,1,4,0
364,0,32.0,10.0,1,3,14,1,5,0
365,1,57.0,15.0,1,4,17,5,5,0
366,1,27.0,4.0,1,3,20,6,5,0
367,0,32.0,7.0,1,4,17,1,5,0
368,0,37.0,10.0,1,4,16,1,5,0
369,0,32.0,10.0,1,1,18,1,4,0
370,0,22.0,4.0,0,3,14,1,4,0
371,0,27.0,7.0,1,4,14,3,2,0
372,1,57.0,15.0,1,5,18,5,2,0
373,1,32.0,7.0,1,2,18,5,5,0
374,0,27.0,1.5,0,4,17,1,3,0
375,1,22.0,1.5,0,4,14,5,5,0
376,0,22.0,1.5,1,4,14,5,4,0
377,0,32.0,7.0,1,3,16,1,5,0
378,0,47.0,15.0,1,3,16,5,4,0
379,0,22.0,0.75,0,3,16,1,5,0
380,0,22.0,1.5,1,2,14,5,5,0
381,0,27.0,4.0,1,1,16,5,5,0
382,1,52.0,15.0,1,4,16,5,5,0
383,1,32.0,10.0,1,4,20,6,5,0
384,1,47.0,15.0,1,4,16,6,4,0
385,0,27.0,7.0,1,2,14,1,2,0
386,0,22.0,1.5,0,4,14,4,5,0
387,0,32.0,10.0,1,2,16,5,4,0
388,0,22.0,0.75,0,2,16,5,4,0
389,0,22.0,1.5,0,2,16,5,5,0
390,0,42.0,15.0,1,3,18,6,4,0
391,0,27.0,7.0,1,5,14,4,5,0
392,1,42.0,15.0,1,4,16,4,4,0
393,0,57.0,15.0,1,3,18,5,2,0
394,1,42.0,15.0,1,3,18,6,2,0
395,0,32.0,7.0,1,2,14,1,2,0
396,1,22.0,4.0,0,5,12,4,5,0
397,0,22.0,1.5,0,1,16,6,5,0
398,0,22.0,0.75,0,1,14,4,5,0
399,0,32.0,15.0,1,4,12,1,5,0
400,1,22.0,1.5,0,2,18,5,3,0
401,1,27.0,4.0,1,5,17,2,5,0
402,0,27.0,4.0,1,4,12,1,5,0
403,1,42.0,15.0,1,5,18,5,4,0
404,1,32.0,1.5,0,2,20,7,3,0
405,1,57.0,15.0,0,4,9,3,1,0
406,1,37.0,7.0,0,4,18,5,5,0
407,1,52.0,15.0,1,2,17,5,4,0
408,1,47.0,15.0,1,4,17,6,5,0
409,0,27.0,7.0,0,2,17,5,4,0
410,0,27.0,7.0,1,4,14,5,5,0
411,0,22.0,4.0,0,2,14,3,3,0
412,1,37.0,7.0,1,2,20,6,5,0
413,1,27.0,7.0,0,4,12,4,3,0
414,1,42.0,10.0,1,4,18,6,4,0
415,0,22.0,1.5,0,3,14,1,5,0
416,0,22.0,4.0,1,2,14,1,3,0
417,0,57.0,15.0,0,4,20,6,5,0
418,1,37.0,15.0,1,4,14,4,3,0
419,0,27.0,7.0,1,3,18,5,5,0
420,0,17.5,10.0,0,4,14,4,5,0
421,1,22.0,4.0,1,4,16,5,5,0
422,0,27.0,4.0,1,2,16,1,4,0
423,0,37.0,15.0,1,2,14,5,1,0
424,0,22.0,1.5,0,5,14,1,4,0
425,1,27.0,7.0,1,2,20,5,4,0
426,1,27.0,4.0,1,4,14,5,5,0
427,1,22.0,0.125,0,1,16,3,5,0
428,0,27.0,7.0,1,4,14,1,4,0
429,0,32.0,15.0,1,5,16,5,3,0
430,1,32.0,10.0,1,4,18,5,4,0
431,0,32.0,15.0,1,2,14,3,4,0
432,0,22.0,1.5,0,3,17,5,5,0
433,1,27.0,4.0,1,4,17,4,4,0
434,0,52.0,15.0,1,5,14,1,5,0
435,0,27.0,7.0,1,2,12,1,2,0
436,0,27.0,7.0,1,3,12,1,4,0
437,0,42.0,15.0,1,2,14,1,4,0
438,0,42.0,15.0,1,4,14,5,4,0
439,1,27.0,7.0,1,4,14,3,3,0
440,1,27.0,7.0,1,2,20,6,2,0
441,0,42.0,15.0,1,3,12,3,3,0
442,1,27.0,4.0,1,3,16,3,5,0
443,0,27.0,7.0,1,3,14,1,4,0
444,0,22.0,1.5,0,2,14,4,5,0
445,0,27.0,4.0,1,4,14,1,4,0
446,0,22.0,4.0,0,4,14,5,5,0
447,0,22.0,1.5,0,2,16,4,5,0
448,1,47.0,15.0,0,4,14,5,4,0
449,1,37.0,10.0,1,2,18,6,2,0
450,1,37.0,15.0,1,3,17,5,4,0
451,0,27.0,4.0,1,2,16,1,4,0
452,1,27.0,1.5,0,3,18,4,4,3
453,0,27.0,4.0,1,3,17,1,5,3
454,1,37.0,15.0,1,5,18,6,2,7
455,0,32.0,10.0,1,3,17,5,2,12
456,1,22.0,0.125,0,4,16,5,5,1
457,0,22.0,1.5,1,2,14,1,5,1
458,1,37.0,15.0,1,4,14,5,2,12
459,0,22.0,1.5,0,2,14,3,4,7
460,1,37.0,15.0,1,2,18,6,4,2
461,0,32.0,15.0,1,4,12,3,2,3
462,0,37.0,15.0,1,4,14,4,2,1
463,0,42.0,15.0,1,3,17,1,4,7
464,0,42.0,15.0,1,5,9,4,1,12
465,1,37.0,10.0,1,2,20,6,2,12
466,0,32.0,15.0,1,3,14,1,2,12
467,1,27.0,4.0,0,1,18,6,5,3
468,1,37.0,10.0,1,2,18,7,3,7
469,0,27.0,4.0,0,3,17,5,5,7
470,1,42.0,15.0,1,4,16,5,5,1
471,0,47.0,15.0,1,5,14,4,5,1
472,0,27.0,4.0,1,3,18,5,4,7
473,0,27.0,7.0,1,5,14,1,4,1
474,1,27.0,1.5,1,3,17,5,4,12
475,0,27.0,7.0,1,4,14,6,2,12
476,0,42.0,15.0,1,4,16,5,4,3
477,0,27.0,10.0,1,4,12,7,3,7
478,1,27.0,1.5,0,2,18,5,2,1
479,1,32.0,4.0,0,4,20,6,4,1
480,0,27.0,7.0,1,3,14,1,3,1
481,0,32.0,10.0,1,4,14,1,4,3
482,1,27.0,4.0,1,2,18,7,2,3
483,0,17.5,0.75,0,5,14,4,5,1
484,0,32.0,10.0,1,4,18,1,5,1
485,0,32.0,7.0,1,2,17,6,4,7
486,1,37.0,15.0,1,2,20,6,4,7
487,0,37.0,10.0,0,1,20,5,3,7
488,0,32.0,10.0,1,2,16,5,5,12
489,1,52.0,15.0,1,2,20,6,4,7
490,0,42.0,15.0,1,1,12,1,3,7
491,1,52.0,15.0,1,2,20,6,3,1
492,1,37.0,15.0,1,3,18,6,5,2
493,0,22.0,4.0,0,3,12,3,4,12
494,1,27.0,7.0,1,1,18,6,2,12
495,1,27.0,4.0,1,3,18,5,5,1
496,1,47.0,15.0,1,4,17,6,5,12
497,0,42.0,15.0,1,4,12,1,1,12
498,1,27.0,4.0,0,3,14,3,4,7
499,0,32.0,7.0,1,4,18,4,5,7
500,1,32.0,0.417,1,3,12,3,4,1
501,1,47.0,15.0,1,5,16,5,4,3
502,1,37.0,15.0,1,2,20,5,4,12
503,1,22.0,4.0,1,2,17,6,4,7
504,1,27.0,4.0,0,2,14,4,5,1
505,0,52.0,15.0,1,5,16,1,3,7
506,1,27.0,4.0,0,3,14,3,3,1
507,0,27.0,10.0,1,4,16,1,4,1
508,1,32.0,7.0,1,3,14,7,4,1
509,1,32.0,7.0,1,2,18,4,1,7
510,1,22.0,1.5,0,1,14,3,2,3
511,1,22.0,4.0,1,3,18,6,4,7
512,1,42.0,15.0,1,4,20,6,4,7
513,0,57.0,15.0,1,1,18,5,4,2
514,0,32.0,4.0,1,3,18,5,2,7
515,1,27.0,4.0,1,1,16,4,4,1
516,1,32.0,7.0,1,4,16,1,4,7
517,1,57.0,15.0,1,1,17,4,4,2
518,0,42.0,15.0,1,4,14,5,2,7
519,1,37.0,10.0,1,1,18,5,3,7
520,1,42.0,15.0,1,3,17,6,1,3
521,0,52.0,15.0,1,3,14,4,4,1
522,0,27.0,7.0,1,3,17,5,3,2
523,1,32.0,7.0,1,2,12,4,2,12
524,1,22.0,4.0,0,4,14,2,5,1
525,1,27.0,7.0,1,3,18,6,4,3
526,0,37.0,15.0,1,1,18,5,5,12
527,0,32.0,15.0,1,3,17,1,3,7
528,0,27.0,7.0,0,2,17,5,5,7
529,0,32.0,7.0,1,3,17,5,3,1
530,1,32.0,1.5,1,2,14,2,4,1
531,0,42.0,15.0,1,4,14,1,2,12
532,1,32.0,10.0,1,3,14,5,4,7
533,1,37.0,4.0,1,1,20,6,3,7
534,0,27.0,4.0,1,2,16,5,3,1
535,0,42.0,15.0,1,3,14,4,3,12
536,1,27.0,10.0,1,5,20,6,5,1
537,1,37.0,10.0,1,2,20,6,2,12
538,0,27.0,7.0,1,1,14,3,3,12
539,0,27.0,7.0,1,4,12,1,2,3
540,1,32.0,10.0,1,2,14,4,4,3
541,0,17.5,0.75,1,2,12,1,3,12
542,0,32.0,15.0,1,3,18,5,4,12
543,0,22.0,7.0,0,4,14,4,3,2
544,1,32.0,7.0,1,4,20,6,5,1
545,1,27.0,4.0,1,2,18,6,2,7
546,0,22.0,1.5,1,5,14,5,3,1
547,0,32.0,15.0,0,3,17,5,1,12
548,0,42.0,15.0,1,2,12,1,2,12
549,1,42.0,15.0,1,3,20,5,4,7
550,1,32.0,10.0,0,2,18,4,2,12
551,0,32.0,15.0,1,3,9,1,1,12
552,1,57.0,15.0,1,5,20,4,5,7
553,1,47.0,15.0,1,4,20,6,4,12
554,0,42.0,15.0,1,2,17,6,3,2
555,1,37.0,15.0,1,3,17,6,3,12
556,1,37.0,15.0,1,5,17,5,2,12
557,1,27.0,10.0,1,2,20,6,4,7
558,1,37.0,15.0,1,2,16,5,4,2
559,0,32.0,15.0,1,1,14,5,2,12
560,1,32.0,10.0,1,3,17,6,3,7
561,1,37.0,15.0,1,4,18,5,1,2
562,0,27.0,1.5,0,2,17,5,5,7
563,0,47.0,15.0,1,2,17,5,2,3
564,1,37.0,15.0,1,2,17,5,4,12
565,0,27.0,4.0,0,2,14,5,5,12
566,0,27.0,10.0,1,4,14,1,5,2
567,0,22.0,4.0,1,3,16,1,3,1
568,1,52.0,7.0,0,4,16,5,5,12
569,0,27.0,4.0,1,1,16,3,5,2
570,0,37.0,15.0,1,2,17,6,4,7
571,0,27.0,4.0,0,1,17,3,1,2
572,0,17.5,0.75,1,2,12,3,5,12
573,0,32.0,15.0,1,5,18,5,4,7
574,0,22.0,4.0,0,1,16,3,5,7
575,1,32.0,4.0,1,4,18,6,4,2
576,0,22.0,1.5,1,3,18,5,2,1
577,0,42.0,15.0,1,2,17,5,4,3
578,1,32.0,7.0,1,4,16,4,4,1
579,1,37.0,15.0,0,3,14,6,2,12
580,1,42.0,15.0,1,3,16,6,3,1
581,1,27.0,4.0,1,1,18,5,4,1
582,1,37.0,15.0,1,4,20,7,3,2
583,1,37.0,15.0,1,3,20,6,4,7
584,1,22.0,1.5,0,2,12,3,3,3
585,1,32.0,4.0,1,3,20,6,2,3
586,1,32.0,15.0,1,5,20,6,5,2
587,0,52.0,15.0,1,1,18,5,5,12
588,1,47.0,15.0,0,1,18,6,5,12
589,0,32.0,15.0,1,4,16,4,4,3
590,0,32.0,15.0,1,3,14,3,2,7
591,0,27.0,7.0,1,4,16,1,2,7
592,1,42.0,15.0,1,3,18,6,2,12
593,0,42.0,15.0,1,2,14,3,2,7
594,1,27.0,7.0,1,2,17,5,4,12
595,1,32.0,10.0,1,4,14,4,3,3
596,1,47.0,15.0,1,3,16,4,2,7
597,1,22.0,1.5,1,1,12,2,5,1
598,0,32.0,10.0,1,2,18,5,4,7
599,1,32.0,10.0,1,2,17,6,5,2
600,1,22.0,7.0,1,3,18,6,2,2
601,0,32.0,15.0,1,3,14,1,5,1
