,Cult,Date,HeadWt,VitC
1,0,0,2.5,51
2,0,0,2.2,55
3,0,0,3.1,45
4,0,0,4.3,42
5,0,0,2.5,53
6,0,0,4.3,50
7,0,0,3.8,50
8,0,0,4.3,52
9,0,0,1.7,56
10,0,0,3.1,49
11,0,1,3.0,65
12,0,1,2.8,52
13,0,1,2.8,41
14,0,1,2.7,51
15,0,1,2.6,41
16,0,1,2.8,45
17,0,1,2.6,51
18,0,1,2.6,45
19,0,1,2.6,61
20,0,1,3.5,42
21,0,2,2.2,54
22,0,2,1.8,59
23,0,2,1.6,66
24,0,2,2.1,54
25,0,2,3.3,45
26,0,2,3.8,49
27,0,2,3.2,49
28,0,2,3.6,55
29,0,2,4.2,49
30,0,2,1.6,68
31,1,0,2.0,58
32,1,0,2.4,55
33,1,0,1.9,67
34,1,0,2.8,61
35,1,0,1.7,67
36,1,0,3.2,68
37,1,0,2.0,58
38,1,0,2.2,63
39,1,0,2.2,56
40,1,0,2.2,72
41,1,1,4.0,52
42,1,1,2.8,70
43,1,1,3.1,57
44,1,1,4.2,58
45,1,1,3.7,47
46,1,1,3.0,56
47,1,1,2.2,72
48,1,1,2.3,63
49,1,1,3.8,54
50,1,1,2.0,60
51,1,2,1.5,78
52,1,2,1.4,75
53,1,2,1.7,70
54,1,2,1.3,84
55,1,2,1.7,71
56,1,2,1.6,72
57,1,2,1.4,62
58,1,2,1.0,68
59,1,2,1.5,66
60,1,2,1.6,72
