,title,pub,society,libprice,pages,charpp,citestot,date1,oclc,field
1,7,10,0,123,440,3822,21,1986,14,9
2,173,44,0,20,309,1782,22,1986,59,6
3,17,27,0,443,567,2924,22,1987,17,21
4,138,27,0,276,520,3234,22,1991,2,1
5,129,17,0,295,791,3024,24,1972,96,13
6,136,17,0,344,609,2967,24,1994,15,15
7,46,12,0,90,602,3185,24,1995,14,5
8,168,17,0,242,665,2688,27,1968,202,21
9,42,27,0,226,243,3010,28,1987,46,1
10,143,10,0,262,386,2501,30,1949,46,9
11,76,27,0,279,578,2200,32,1978,57,3
12,157,31,0,165,749,2496,35,1973,125,21
13,23,10,0,242,427,2731,36,1982,30,5
14,140,51,0,905,292,4472,37,1980,62,18
15,93,17,0,355,607,3053,37,1994,16,8
16,59,46,0,375,351,4025,40,1996,17,8
17,92,32,0,135,602,2394,42,1992,37,18
18,8,26,0,171,447,3139,44,1972,148,9
19,30,43,0,284,385,3318,47,1987,110,5
20,16,17,0,242,167,3619,47,1989,16,1
21,56,17,0,371,442,2924,50,1984,30,21
22,9,10,0,115,495,3792,51,1961,61,9
23,65,17,0,355,577,3443,56,1988,27,1
24,89,10,0,355,674,2835,61,1987,45,9
25,57,17,0,835,745,4263,61,1982,15,12
26,19,27,0,223,579,2594,62,1852,25,9
27,167,42,0,172,578,2720,66,1943,203,9
28,11,11,0,62,394,2368,67,1970,646,20
29,150,46,0,191,442,2925,68,1922,59,23
30,120,46,0,411,640,3264,69,1987,27,4
31,51,46,0,274,492,3060,69,1996,31,8
32,63,31,0,130,814,3024,69,1947,532,11
33,15,50,0,100,714,2248,75,1975,52,20
34,22,24,0,80,539,3345,76,1963,87,5
35,103,1,0,235,330,2623,78,1982,27,21
36,91,17,0,392,563,3456,80,1948,291,2
37,95,46,0,410,526,2989,81,1991,9,21
38,44,46,0,464,719,3366,82,1976,24,9
39,26,14,0,650,448,2418,85,1981,49,7
40,0,17,0,558,610,4032,87,1986,24,0
41,155,17,0,317,931,3036,87,1961,323,8
42,6,42,0,495,774,5610,89,1994,69,9
43,34,17,0,535,632,2880,89,1983,21,9
44,53,10,0,123,302,2772,97,1969,212,5
45,47,27,0,717,1061,2924,97,1992,14,19
46,126,27,0,481,628,3666,98,1991,38,11
47,12,0,0,54,518,2858,98,1964,22,21
48,4,46,0,379,580,2914,100,1967,77,23
49,18,37,0,168,566,4104,109,1982,290,20
50,83,22,0,82,426,2990,112,1970,386,21
51,133,1,0,355,451,2541,119,1986,50,1
52,40,12,0,95,373,2574,121,1984,144,13
53,98,1,0,240,420,2773,121,1991,48,8
54,161,17,0,448,416,3010,122,1978,33,19
55,149,37,0,255,600,4284,124,1985,29,20
56,166,27,0,448,792,1820,126,1990,58,11
57,64,17,0,392,585,3479,126,1980,71,16
58,132,27,0,475,1138,3088,134,1967,135,14
59,113,29,0,85,856,2562,137,1979,183,17
60,3,10,0,108,578,2331,138,1941,573,13
61,153,43,0,394,636,2204,138,1973,268,20
62,141,10,0,336,618,2772,140,1930,57,9
63,45,17,0,565,495,3038,143,1978,52,19
64,49,37,0,255,573,3228,144,1974,21,0
65,135,13,0,165,515,3430,147,1960,479,15
66,177,34,0,99,758,2499,150,1865,77,9
67,171,10,0,203,596,3036,151,1953,89,9
68,24,10,0,318,888,2623,154,1970,83,5
69,124,27,0,476,630,3432,162,1990,59,2
70,118,17,0,473,907,2160,164,1979,67,21
71,121,30,0,186,550,2360,170,1978,225,9
72,35,10,0,170,440,2856,179,1985,56,20
73,142,17,0,824,697,3420,180,1981,36,13
74,145,17,0,805,780,4028,183,1973,101,2
75,55,15,0,132,767,2280,183,1969,288,6
76,36,16,1,50,421,4320,188,1925,183,9
77,122,27,0,424,567,3432,188,1992,25,9
78,165,25,1,130,585,3312,189,1945,120,20
79,127,7,1,90,720,2924,193,1964,263,12
80,178,10,0,805,1270,2842,214,1977,101,5
81,67,2,1,96,277,4218,220,1948,43,0
82,41,17,0,448,471,5040,224,1982,73,21
83,110,19,0,130,725,3010,227,1980,221,15
84,175,27,0,595,607,2072,237,1970,83,22
85,172,46,0,474,674,2990,239,1984,37,20
86,75,1,0,410,803,2442,245,1977,185,1
87,88,17,0,395,802,2535,245,1981,61,13
88,60,17,0,437,464,4324,249,1985,57,21
89,134,21,0,270,618,2760,254,1948,186,9
90,50,1,0,265,447,2904,261,1963,199,6
91,37,46,0,899,1493,2806,264,1992,165,22
92,130,28,0,133,406,3182,292,1967,95,21
93,10,10,0,262,663,3450,294,1963,82,21
94,74,10,0,506,710,2747,299,1962,214,1
95,101,51,0,1140,990,2460,302,1981,152,8
96,106,34,0,211,792,3402,313,1844,33,9
97,62,17,0,799,1230,3124,313,1983,81,11
98,100,51,0,760,516,4032,317,1982,137,21
99,146,17,0,442,460,4056,338,1982,59,18
100,170,10,0,296,688,2666,339,1898,98,9
101,13,37,0,272,814,3545,351,1976,163,9
102,85,9,1,45,1003,2870,355,1967,462,20
103,158,17,0,614,802,2967,370,1971,99,23
104,61,46,0,436,582,3366,382,1971,52,22
105,128,27,0,481,595,3476,383,1990,47,12
106,99,47,0,95,500,3314,388,1966,394,8
107,79,18,0,357,500,2604,388,1964,227,5
108,27,12,0,280,899,2948,390,1985,65,7
109,125,10,0,142,764,2992,397,1961,242,23
110,66,17,0,710,1112,2945,406,1979,154,13
111,52,1,0,490,1197,2460,412,1988,45,22
112,69,51,0,870,689,3680,412,1986,81,7
113,115,17,0,1147,1340,2940,418,1974,79,22
114,108,17,0,743,940,2660,427,1981,120,14
115,159,13,0,759,911,4988,440,1967,91,23
116,151,40,0,36,910,2904,445,1975,218,4
117,43,42,0,224,640,2970,488,1971,97,9
118,20,20,0,82,1067,3124,495,1970,322,18
119,105,10,0,160,476,2684,497,1953,283,11
120,25,17,0,1170,1990,4128,499,1989,40,19
121,144,35,0,90,785,2940,502,1948,552,20
122,176,13,0,742,1711,3747,508,1964,222,23
123,54,51,0,575,736,4264,544,1992,29,10
124,31,10,0,163,846,3570,545,1947,390,6
125,164,38,0,175,1235,2604,547,1988,95,8
126,14,10,1,120,1247,2992,556,1967,305,9
127,169,27,0,590,1260,4628,574,1981,98,12
128,5,42,0,2120,1683,5445,578,1958,146,9
129,148,38,0,205,767,2924,582,1949,271,9
130,29,48,0,128,889,2700,597,1952,515,5
131,70,17,0,1539,1911,2516,602,1977,172,8
132,147,10,0,346,545,2655,617,1939,127,9
133,82,17,1,1046,1636,2945,636,1979,58,22
134,174,45,1,97,1032,3680,646,1932,524,9
135,114,10,0,686,850,3456,654,1964,222,18
136,73,27,0,914,1270,3650,662,1981,385,2
137,21,39,0,85,568,6859,670,1964,413,4
138,32,37,0,206,684,4134,684,1962,366,9
139,81,17,0,1154,1380,3330,698,1980,75,22
140,112,48,0,45,530,2625,700,1972,238,16
141,78,17,0,1146,1110,2816,707,1974,142,5
142,137,49,0,95,580,3672,730,1925,437,23
143,109,48,0,138,600,2728,733,1983,269,15
144,84,12,0,115,1200,4029,737,1941,643,6
145,131,1,0,640,1058,2666,787,1974,230,23
146,38,10,0,122,565,3120,825,1933,313,9
147,117,36,0,110,860,3168,834,1969,512,17
148,107,17,0,923,1299,2898,838,1971,211,14
149,152,27,0,1000,1600,2583,871,1966,171,20
150,160,17,0,1234,781,4320,922,1972,34,2
151,39,17,0,1492,1540,3315,930,1978,81,9
152,102,17,0,810,828,2924,957,1982,144,10
153,72,4,1,90,510,6360,988,1983,190,2
154,156,41,0,177,757,3450,1039,1970,339,11
155,71,48,0,74,583,2655,1083,1928,771,2
156,104,49,0,113,837,3312,1113,1966,522,15
157,58,10,0,145,969,3082,1113,1960,284,9
158,94,1,0,590,636,3096,1152,1974,202,19
159,48,17,1,1154,1823,2178,1243,1969,118,9
160,178,17,0,1450,1145,5480,1408,1973,160,5
161,123,17,0,1431,1880,2924,1437,1972,141,20
162,86,3,1,47,2632,3848,1530,1963,972,9
163,111,48,0,45,850,2604,1580,1968,542,16
164,87,3,1,47,940,3036,1583,1987,866,9
165,2,5,0,81,1253,4368,1812,1918,267,0
166,116,17,0,1010,1346,3174,1860,1975,186,17
167,139,23,0,334,1175,4232,2022,1954,558,18
168,163,33,0,190,733,5600,2331,1919,523,9
169,162,10,0,180,761,3626,2411,1933,325,9
170,80,17,0,1893,1527,2178,2479,1973,129,7
171,90,1,0,1400,2000,2684,2514,1969,165,22
172,33,10,0,301,1983,3036,2540,1890,531,9
173,97,17,0,1339,1947,2838,2676,1974,231,8
174,77,48,0,90,439,5336,2762,1974,536,3
175,68,8,1,310,1260,5664,2800,1971,487,7
176,96,6,1,226,2272,3036,3791,1945,799,8
177,154,33,0,148,1467,2184,4138,1886,660,9
178,119,48,0,159,1669,2640,6697,1892,737,9
179,28,10,1,178,1482,2992,7943,1932,346,9
180,1,3,1,47,1867,3900,8999,1911,1098,9
