,patient,ageentry,age,death
1,1,241,464,0
2,2,421,668,0
3,3,375,727,0
4,4,289,515,1
5,5,510,871,1
6,6,486,677,1
7,7,326,593,1
8,8,293,977,0
9,9,296,298,1
10,10,259,844,0
11,11,465,973,0
12,12,349,762,1
13,13,255,730,0
14,14,433,451,1
15,15,482,543,1
16,16,518,1125,0
17,17,333,468,1
18,18,463,494,1
19,19,337,404,1
20,20,224,873,0
21,21,288,968,0
22,22,390,948,0
23,23,256,391,1
24,24,298,1090,0
25,25,279,925,0
26,26,356,549,1
27,27,334,689,0
28,28,394,645,0
29,29,409,513,1
30,30,333,683,0
31,31,316,346,1
32,32,309,563,0
33,33,277,1177,0
34,34,496,851,1
35,35,482,754,1
36,36,312,807,0
37,37,426,1412,0
38,38,470,966,0
39,39,248,293,1
40,40,469,676,1
41,41,444,772,0
42,42,267,918,0
43,43,422,773,1
44,44,308,973,0
45,45,396,816,0
