,time,manaus
1,1903.0,-1.12422
2,1903.08333333333,-1.16433
3,1903.16666666667,-1.34911
4,1903.25,-0.94544
5,1903.33333333333,-0.65367
6,1903.41666666667,-0.17833
7,1903.5,-0.11711
8,1903.58333333333,-0.28167
9,1903.66666666667,-1.19522
10,1903.75,-1.43289
11,1903.83333333333,-2.00689
12,1903.91666666667,-0.77333
13,1904.0,0.18578
14,1904.08333333333,1.50567
15,1904.16666666667,1.59089
16,1904.25,1.18456
17,1904.33333333333,1.15633
18,1904.41666666667,1.15167
19,1904.5,1.23289
20,1904.58333333333,1.65833
21,1904.66666666667,2.13478
22,1904.75,1.34711
23,1904.83333333333,-0.44689
24,1904.91666666667,-1.96333
25,1905.0,-1.66422
26,1905.08333333333,-0.56433
27,1905.16666666667,-0.66911
28,1905.25,-0.99544
29,1905.33333333333,-1.28367
30,1905.41666666667,-1.49833
31,1905.5,-1.60711
32,1905.58333333333,-2.11167
33,1905.66666666667,-2.85522
34,1905.75,-1.25289
35,1905.83333333333,0.78311
36,1905.91666666667,1.01667
37,1906.0,1.20578
38,1906.08333333333,0.11567
39,1906.16666666667,-2.08911
40,1906.25,-2.00544
41,1906.33333333333,-1.36367
42,1906.41666666667,-1.67833
43,1906.5,-2.50711
44,1906.58333333333,-3.58167
45,1906.66666666667,-4.35522
46,1906.75,-3.62289
47,1906.83333333333,-3.78689
48,1906.91666666667,-3.82333
49,1907.0,-3.55422
50,1907.08333333333,-2.04433
51,1907.16666666667,-2.53911
52,1907.25,-0.61544
53,1907.33333333333,-0.31367
54,1907.41666666667,-0.37833
55,1907.5,-0.50711
56,1907.58333333333,-1.10167
57,1907.66666666667,-1.59522
58,1907.75,-1.25289
59,1907.83333333333,-1.78689
60,1907.91666666667,-0.26333
61,1908.0,0.54578
62,1908.08333333333,1.01567
63,1908.16666666667,1.28089
64,1908.25,1.63456
65,1908.33333333333,1.59633
66,1908.41666666667,1.34167
67,1908.5,1.16289
68,1908.58333333333,1.52833
69,1908.66666666667,2.51478
70,1908.75,0.94711
71,1908.83333333333,0.16311
72,1908.91666666667,0.77667
73,1909.0,0.75578
74,1909.08333333333,0.36567
75,1909.16666666667,1.05089
76,1909.25,1.47456
77,1909.33333333333,1.54633
78,1909.41666666667,1.56167
79,1909.5,1.24289
80,1909.58333333333,0.50833
81,1909.66666666667,-1.84522
82,1909.75,-3.21289
83,1909.83333333333,-1.86689
84,1909.91666666667,-3.37333
85,1910.0,-3.09422
86,1910.08333333333,-1.76433
87,1910.16666666667,-0.20911
88,1910.25,0.06456
89,1910.33333333333,-0.18367
90,1910.41666666667,0.11167
91,1910.5,0.48289
92,1910.58333333333,0.84833
93,1910.66666666667,0.99478
94,1910.75,0.30711
95,1910.83333333333,-0.11689
96,1910.91666666667,0.50667
97,1911.0,1.29578
98,1911.08333333333,-0.51433
99,1911.16666666667,-0.26911
100,1911.25,-0.13544
101,1911.33333333333,0.30633
102,1911.41666666667,-0.01833
103,1911.5,0.01289
104,1911.58333333333,0.22833
105,1911.66666666667,0.05478
106,1911.75,-2.08289
107,1911.83333333333,-1.12689
108,1911.91666666667,0.46667
109,1912.0,-0.17422
110,1912.08333333333,-2.17433
111,1912.16666666667,-3.99911
112,1912.25,-4.20544
113,1912.33333333333,-3.23367
114,1912.41666666667,-2.77833
115,1912.5,-2.70711
116,1912.58333333333,-2.48167
117,1912.66666666667,-1.52522
118,1912.75,0.77711
119,1912.83333333333,0.86311
120,1912.91666666667,0.60667
121,1913.0,1.60578
122,1913.08333333333,1.25567
123,1913.16666666667,0.69089
124,1913.25,0.52456
125,1913.33333333333,0.51633
126,1913.41666666667,0.71167
127,1913.5,1.08289
128,1913.58333333333,1.63833
129,1913.66666666667,3.07478
130,1913.75,3.89711
131,1913.83333333333,2.68311
132,1913.91666666667,2.51667
133,1914.0,1.13578
134,1914.08333333333,-0.13433
135,1914.16666666667,0.05089
136,1914.25,0.26456
137,1914.33333333333,0.63633
138,1914.41666666667,0.84167
139,1914.5,0.59289
140,1914.58333333333,0.33833
141,1914.66666666667,1.15478
142,1914.75,0.90711
143,1914.83333333333,-0.61689
144,1914.91666666667,-1.83333
145,1915.0,-0.13422
146,1915.08333333333,0.77567
147,1915.16666666667,1.24089
148,1915.25,0.95456
149,1915.33333333333,0.70633
150,1915.41666666667,0.09167
151,1915.5,-0.13711
152,1915.58333333333,-0.33167
153,1915.66666666667,-0.73522
154,1915.75,-1.13289
155,1915.83333333333,-1.54689
156,1915.91666666667,0.05667
157,1916.0,0.07578
158,1916.08333333333,0.49567
159,1916.16666666667,0.66089
160,1916.25,-0.09544
161,1916.33333333333,-0.66367
162,1916.41666666667,-0.92833
163,1916.5,-1.17711
164,1916.58333333333,-2.72167
165,1916.66666666667,-4.54522
166,1916.75,-4.16289
167,1916.83333333333,-2.36689
168,1916.91666666667,-2.51333
169,1917.0,-1.11422
170,1917.08333333333,-1.63433
171,1917.16666666667,-2.96911
172,1917.25,-2.25544
173,1917.33333333333,-1.40367
174,1917.41666666667,-0.85833
175,1917.5,-1.48711
176,1917.58333333333,-2.84167
177,1917.66666666667,-2.13522
178,1917.75,-1.07289
179,1917.83333333333,0.68311
180,1917.91666666667,1.01667
181,1918.0,0.29578
182,1918.08333333333,-0.40433
183,1918.16666666667,1.26089
184,1918.25,1.72456
185,1918.33333333333,1.19633
186,1918.41666666667,1.15167
187,1918.5,0.75289
188,1918.58333333333,0.22833
189,1918.66666666667,-0.35522
190,1918.75,-0.29289
191,1918.83333333333,-0.00689
192,1918.91666666667,0.08667
193,1919.0,0.79578
194,1919.08333333333,-0.18433
195,1919.16666666667,-1.02911
196,1919.25,-0.92544
197,1919.33333333333,-0.93367
198,1919.41666666667,-1.23833
199,1919.5,-1.58711
200,1919.58333333333,-1.47167
201,1919.66666666667,-1.56522
202,1919.75,-1.62289
203,1919.83333333333,-0.55689
204,1919.91666666667,-0.80333
205,1920.0,0.94578
206,1920.08333333333,1.31567
207,1920.16666666667,1.24089
208,1920.25,1.11456
209,1920.33333333333,0.67633
210,1920.41666666667,0.73167
211,1920.5,1.17289
212,1920.58333333333,1.82833
213,1920.66666666667,2.58478
214,1920.75,2.43711
215,1920.83333333333,1.94311
216,1920.91666666667,0.34667
217,1921.0,0.70578
218,1921.08333333333,0.46567
219,1921.16666666667,0.66089
220,1921.25,1.03456
221,1921.33333333333,1.54633
222,1921.41666666667,1.38167
223,1921.5,1.01289
224,1921.58333333333,0.88833
225,1921.66666666667,1.02478
226,1921.75,-0.25289
227,1921.83333333333,-0.97689
228,1921.91666666667,0.81667
229,1922.0,1.04578
230,1922.08333333333,1.17567
231,1922.16666666667,1.47089
232,1922.25,1.82456
233,1922.33333333333,1.69633
234,1922.41666666667,1.78167
235,1922.5,1.79289
236,1922.58333333333,2.28833
237,1922.66666666667,3.60478
238,1922.75,4.39711
239,1922.83333333333,2.65311
240,1922.91666666667,1.59667
241,1923.0,2.10578
242,1923.08333333333,2.88567
243,1923.16666666667,2.19089
244,1923.25,1.36456
245,1923.33333333333,0.75633
246,1923.41666666667,0.57167
247,1923.5,0.71289
248,1923.58333333333,0.93833
249,1923.66666666667,1.19478
250,1923.75,0.42711
251,1923.83333333333,-0.70689
252,1923.91666666667,-0.81333
253,1924.0,0.56578
254,1924.08333333333,0.20567
255,1924.16666666667,-1.47911
256,1924.25,-2.40544
257,1924.33333333333,-2.61367
258,1924.41666666667,-1.96833
259,1924.5,-1.31711
260,1924.58333333333,-1.40167
261,1924.66666666667,-2.93522
262,1924.75,-0.79289
263,1924.83333333333,0.52311
264,1924.91666666667,0.21667
265,1925.0,0.55578
266,1925.08333333333,-0.00433
267,1925.16666666667,0.54089
268,1925.25,1.00456
269,1925.33333333333,0.82633
270,1925.41666666667,0.68167
271,1925.5,0.93289
272,1925.58333333333,1.21833
273,1925.66666666667,1.95478
274,1925.75,1.21711
275,1925.83333333333,-0.62689
276,1925.91666666667,-0.50333
277,1926.0,-1.43422
278,1926.08333333333,-3.68433
279,1926.16666666667,-3.73911
280,1926.25,-5.83544
281,1926.33333333333,-6.99367
282,1926.41666666667,-6.08833
283,1926.5,-5.79711
284,1926.58333333333,-6.36167
285,1926.66666666667,-4.59522
286,1926.75,-3.93289
287,1926.83333333333,-1.73689
288,1926.91666666667,-0.20333
289,1927.0,0.10578
290,1927.08333333333,0.84567
291,1927.16666666667,0.89089
292,1927.25,0.28456
293,1927.33333333333,0.06633
294,1927.41666666667,-0.01833
295,1927.5,-0.27711
296,1927.58333333333,-0.18167
297,1927.66666666667,0.00478
298,1927.75,0.40711
299,1927.83333333333,1.11311
300,1927.91666666667,1.14667
301,1928.0,-1.00422
302,1928.08333333333,-0.36433
303,1928.16666666667,1.21089
304,1928.25,1.09456
305,1928.33333333333,0.96633
306,1928.41666666667,0.91167
307,1928.5,0.61289
308,1928.58333333333,0.23833
309,1928.66666666667,-1.38522
310,1928.75,-0.60289
311,1928.83333333333,-0.02689
312,1928.91666666667,-1.17333
313,1929.0,-1.53422
314,1929.08333333333,-2.09433
315,1929.16666666667,-2.38911
316,1929.25,-0.78544
317,1929.33333333333,0.01633
318,1929.41666666667,0.48167
319,1929.5,0.25289
320,1929.58333333333,0.40833
321,1929.66666666667,0.54478
322,1929.75,-0.85289
323,1929.83333333333,-1.30689
324,1929.91666666667,-0.72333
325,1930.0,-0.72422
326,1930.08333333333,0.02567
327,1930.16666666667,0.23089
328,1930.25,0.26456
329,1930.33333333333,0.15633
330,1930.41666666667,0.05167
331,1930.5,0.26289
332,1930.58333333333,0.47833
333,1930.66666666667,0.87478
334,1930.75,0.74711
335,1930.83333333333,0.02311
336,1930.91666666667,-0.83333
337,1931.0,-0.92422
338,1931.08333333333,-1.05433
339,1931.16666666667,-0.67911
340,1931.25,-0.54544
341,1931.33333333333,-0.61367
342,1931.41666666667,-0.96833
343,1931.5,-1.53711
344,1931.58333333333,-2.52167
345,1931.66666666667,-2.98522
346,1931.75,-1.34289
347,1931.83333333333,-0.27689
348,1931.91666666667,-0.60333
349,1932.0,0.58578
350,1932.08333333333,1.80567
351,1932.16666666667,1.60089
352,1932.25,1.09456
353,1932.33333333333,0.59633
354,1932.41666666667,0.19167
355,1932.5,0.12289
356,1932.58333333333,0.17833
357,1932.66666666667,0.23478
358,1932.75,-0.13289
359,1932.83333333333,-0.44689
360,1932.91666666667,-0.97333
361,1933.0,-0.32422
362,1933.08333333333,0.15567
363,1933.16666666667,0.31089
364,1933.25,0.32456
365,1933.33333333333,0.40633
366,1933.41666666667,0.48167
367,1933.5,0.57289
368,1933.58333333333,-0.26167
369,1933.66666666667,-2.75522
370,1933.75,-2.30289
371,1933.83333333333,-1.17689
372,1933.91666666667,-0.66333
373,1934.0,-0.70422
374,1934.08333333333,-0.00433
375,1934.16666666667,0.60089
376,1934.25,0.36456
377,1934.33333333333,0.29633
378,1934.41666666667,0.02167
379,1934.5,0.29289
380,1934.58333333333,0.99833
381,1934.66666666667,2.19478
382,1934.75,2.68711
383,1934.83333333333,3.02311
384,1934.91666666667,2.54667
385,1935.0,1.41578
386,1935.08333333333,0.84567
387,1935.16666666667,0.72089
388,1935.25,0.43456
389,1935.33333333333,0.00633
390,1935.41666666667,0.09167
391,1935.5,-0.09711
392,1935.58333333333,-0.24167
393,1935.66666666667,-0.18522
394,1935.75,-0.77289
395,1935.83333333333,-1.82689
396,1935.91666666667,-0.48333
397,1936.0,-0.54422
398,1936.08333333333,-0.06433
399,1936.16666666667,-0.25911
400,1936.25,-0.19544
401,1936.33333333333,-0.27367
402,1936.41666666667,-1.25833
403,1936.5,-2.01711
404,1936.58333333333,-3.15167
405,1936.66666666667,-5.56522
406,1936.75,-3.48289
407,1936.83333333333,-1.51689
408,1936.91666666667,-2.29333
409,1937.0,-2.48422
410,1937.08333333333,-0.02433
411,1937.16666666667,-0.27911
412,1937.25,-0.69544
413,1937.33333333333,-0.90367
414,1937.41666666667,-0.75833
415,1937.5,-0.71711
416,1937.58333333333,-0.89167
417,1937.66666666667,-2.05522
418,1937.75,-1.25289
419,1937.83333333333,-1.44689
420,1937.91666666667,-3.41333
421,1938.0,-3.62422
422,1938.08333333333,-1.96433
423,1938.16666666667,-0.40911
424,1938.25,-0.03544
425,1938.33333333333,0.38633
426,1938.41666666667,0.36167
427,1938.5,0.29289
428,1938.58333333333,0.79833
429,1938.66666666667,0.50478
430,1938.75,-0.71289
431,1938.83333333333,-0.38689
432,1938.91666666667,-0.13333
433,1939.0,0.27578
434,1939.08333333333,0.54567
435,1939.16666666667,-0.07911
436,1939.25,-0.08544
437,1939.33333333333,0.25633
438,1939.41666666667,0.43167
439,1939.5,0.71289
440,1939.58333333333,1.59833
441,1939.66666666667,3.11478
442,1939.75,4.18711
443,1939.83333333333,2.36311
444,1939.91666666667,0.94667
445,1940.0,0.93578
446,1940.08333333333,0.22567
447,1940.16666666667,-0.94911
448,1940.25,-1.50544
449,1940.33333333333,-1.35367
450,1940.41666666667,-1.05833
451,1940.5,-0.73711
452,1940.58333333333,-0.31167
453,1940.66666666667,0.56478
454,1940.75,1.71711
455,1940.83333333333,2.27311
456,1940.91666666667,0.25667
457,1941.0,0.94578
458,1941.08333333333,1.07567
459,1941.16666666667,0.88089
460,1941.25,0.38456
461,1941.33333333333,0.02633
462,1941.41666666667,-0.45833
463,1941.5,-0.25711
464,1941.58333333333,-0.53167
465,1941.66666666667,-1.21522
466,1941.75,-2.03289
467,1941.83333333333,-0.52689
468,1941.91666666667,-1.65333
469,1942.0,-0.16422
470,1942.08333333333,-0.39433
471,1942.16666666667,-0.30911
472,1942.25,-0.38544
473,1942.33333333333,-0.38367
474,1942.41666666667,-0.08833
475,1942.5,0.12289
476,1942.58333333333,-0.17167
477,1942.66666666667,-0.92522
478,1942.75,-1.00289
479,1942.83333333333,-0.11689
480,1942.91666666667,-0.94333
481,1943.0,-2.43422
482,1943.08333333333,-0.90433
483,1943.16666666667,0.16089
484,1943.25,0.48456
485,1943.33333333333,0.58633
486,1943.41666666667,0.49167
487,1943.5,0.79289
488,1943.58333333333,1.44833
489,1943.66666666667,1.40478
490,1943.75,-0.38289
491,1943.83333333333,-1.23689
492,1943.91666666667,-0.33333
493,1944.0,-0.16422
494,1944.08333333333,0.49567
495,1944.16666666667,0.94089
496,1944.25,1.20456
497,1944.33333333333,1.16633
498,1944.41666666667,1.15167
499,1944.5,1.26289
500,1944.58333333333,1.62833
501,1944.66666666667,1.55478
502,1944.75,0.87711
503,1944.83333333333,-0.38689
504,1944.91666666667,-1.01333
505,1945.0,-0.88422
506,1945.08333333333,-1.95433
507,1945.16666666667,-1.41911
508,1945.25,-0.97544
509,1945.33333333333,-0.69367
510,1945.41666666667,-0.60833
511,1945.5,-1.23711
512,1945.58333333333,-2.46167
513,1945.66666666667,-2.49522
514,1945.75,-1.79289
515,1945.83333333333,-1.33689
516,1945.91666666667,-0.55333
517,1946.0,0.76578
518,1946.08333333333,0.93567
519,1946.16666666667,0.86089
520,1946.25,0.36456
521,1946.33333333333,0.56633
522,1946.41666666667,0.38167
523,1946.5,0.14289
524,1946.58333333333,0.44833
525,1946.66666666667,1.02478
526,1946.75,0.28711
527,1946.83333333333,-0.56689
528,1946.91666666667,-1.07333
529,1947.0,-0.55422
530,1947.08333333333,-0.26433
531,1947.16666666667,-1.04911
532,1947.25,-2.20544
533,1947.33333333333,-1.93367
534,1947.41666666667,-1.20833
535,1947.5,-0.53711
536,1947.58333333333,0.04833
537,1947.66666666667,0.50478
538,1947.75,1.04711
539,1947.83333333333,1.72311
540,1947.91666666667,1.99667
541,1948.0,1.61578
542,1948.08333333333,1.29567
543,1948.16666666667,0.19089
544,1948.25,-0.00544
545,1948.33333333333,0.24633
546,1948.41666666667,-0.07833
547,1948.5,-0.24711
548,1948.58333333333,-0.75167
549,1948.66666666667,-3.28522
550,1948.75,-2.76289
551,1948.83333333333,-0.02689
552,1948.91666666667,0.82667
553,1949.0,-0.57422
554,1949.08333333333,-0.51433
555,1949.16666666667,-0.39911
556,1949.25,0.16456
557,1949.33333333333,0.78633
558,1949.41666666667,0.76167
559,1949.5,0.95289
560,1949.58333333333,1.83833
561,1949.66666666667,2.77478
562,1949.75,2.30711
563,1949.83333333333,1.76311
564,1949.91666666667,1.41667
565,1950.0,-1.30422
566,1950.08333333333,-0.50433
567,1950.16666666667,0.50089
568,1950.25,0.73456
569,1950.33333333333,0.47633
570,1950.41666666667,0.62167
571,1950.5,0.54289
572,1950.58333333333,0.97833
573,1950.66666666667,0.82478
574,1950.75,-1.67289
575,1950.83333333333,-2.61689
576,1950.91666666667,-2.84333
577,1951.0,-0.89422
578,1951.08333333333,-0.24433
579,1951.16666666667,-0.36911
580,1951.25,-0.00544
581,1951.33333333333,0.24633
582,1951.41666666667,0.71167
583,1951.5,1.10289
584,1951.58333333333,1.50833
585,1951.66666666667,1.14478
586,1951.75,0.57711
587,1951.83333333333,-0.19689
588,1951.91666666667,0.26667
589,1952.0,0.76578
590,1952.08333333333,1.09567
591,1952.16666666667,0.96089
592,1952.25,-0.15544
593,1952.33333333333,0.08633
594,1952.41666666667,-0.04833
595,1952.5,-0.61711
596,1952.58333333333,-1.30167
597,1952.66666666667,-1.05522
598,1952.75,-0.73289
599,1952.83333333333,-0.29689
600,1952.91666666667,0.24667
601,1953.0,0.76578
602,1953.08333333333,1.55567
603,1953.16666666667,2.94089
604,1953.25,2.70456
605,1953.33333333333,2.36633
606,1953.41666666667,2.09167
607,1953.5,1.94289
608,1953.58333333333,2.21833
609,1953.66666666667,2.23478
610,1953.75,-0.03289
611,1953.83333333333,-0.40689
612,1953.91666666667,1.25667
613,1954.0,1.64578
614,1954.08333333333,1.46567
615,1954.16666666667,1.22089
616,1954.25,1.41456
617,1954.33333333333,1.25633
618,1954.41666666667,0.91167
619,1954.5,0.91289
620,1954.58333333333,0.76833
621,1954.66666666667,0.37478
622,1954.75,-0.70289
623,1954.83333333333,0.78311
624,1954.91666666667,0.73667
625,1955.0,0.20578
626,1955.08333333333,-0.21433
627,1955.16666666667,0.17089
628,1955.25,0.83456
629,1955.33333333333,0.70633
630,1955.41666666667,0.88167
631,1955.5,0.94289
632,1955.58333333333,1.05833
633,1955.66666666667,-0.35522
634,1955.75,-1.09289
635,1955.83333333333,-2.20689
636,1955.91666666667,-1.80333
637,1956.0,-2.03422
638,1956.08333333333,-0.64433
639,1956.16666666667,0.97089
640,1956.25,0.47456
641,1956.33333333333,-0.01367
642,1956.41666666667,0.05167
643,1956.5,0.22289
644,1956.58333333333,0.76833
645,1956.66666666667,1.85478
646,1956.75,2.42711
647,1956.83333333333,2.71311
648,1956.91666666667,1.72667
649,1957.0,0.07578
650,1957.08333333333,-0.11433
651,1957.16666666667,-0.51911
652,1957.25,-0.86544
653,1957.33333333333,-0.77367
654,1957.41666666667,-0.43833
655,1957.5,0.00289
656,1957.58333333333,-0.05167
657,1957.66666666667,-1.88522
658,1957.75,-1.96289
659,1957.83333333333,-0.68689
660,1957.91666666667,0.49667
661,1958.0,-0.00422
662,1958.08333333333,-0.16433
663,1958.16666666667,-0.70911
664,1958.25,-0.07544
665,1958.33333333333,0.47633
666,1958.41666666667,-0.06833
667,1958.5,-0.41711
668,1958.58333333333,-0.82167
669,1958.66666666667,-1.86522
670,1958.75,-3.56289
671,1958.83333333333,-0.57689
672,1958.91666666667,0.34667
673,1959.0,-0.58422
674,1959.08333333333,-1.16433
675,1959.16666666667,-0.69911
676,1959.25,-0.26544
677,1959.33333333333,-0.15367
678,1959.41666666667,-0.06833
679,1959.5,0.32289
680,1959.58333333333,0.76833
681,1959.66666666667,0.92478
682,1959.75,0.52711
683,1959.83333333333,0.88311
684,1959.91666666667,1.07667
685,1960.0,1.24578
686,1960.08333333333,0.91567
687,1960.16666666667,0.61089
688,1960.25,-0.36544
689,1960.33333333333,-0.21367
690,1960.41666666667,-0.08833
691,1960.5,-0.13711
692,1960.58333333333,-0.63167
693,1960.66666666667,-0.81522
694,1960.75,0.08711
695,1960.83333333333,0.29311
696,1960.91666666667,0.74667
697,1961.0,0.12578
698,1961.08333333333,-0.03433
699,1961.16666666667,-0.83911
700,1961.25,-1.04544
701,1961.33333333333,-1.14367
702,1961.41666666667,-0.80833
703,1961.5,-0.10711
704,1961.58333333333,0.52833
705,1961.66666666667,-0.86522
706,1961.75,-2.54289
707,1961.83333333333,-0.64689
708,1961.91666666667,-0.12333
709,1962.0,0.48578
710,1962.08333333333,0.27567
711,1962.16666666667,0.39089
712,1962.25,0.52456
713,1962.33333333333,0.39633
714,1962.41666666667,0.58167
715,1962.5,1.01289
716,1962.58333333333,1.64833
717,1962.66666666667,1.64478
718,1962.75,-0.72289
719,1962.83333333333,-0.42689
720,1962.91666666667,-0.70333
721,1963.0,-3.22422
722,1963.08333333333,-2.86433
723,1963.16666666667,-1.25911
724,1963.25,-0.52544
725,1963.33333333333,-0.31367
726,1963.41666666667,-0.29833
727,1963.5,-0.58711
728,1963.58333333333,-1.74167
729,1963.66666666667,-3.36522
730,1963.75,-4.50289
731,1963.83333333333,-3.52689
732,1963.91666666667,-1.98333
733,1964.0,-1.31422
734,1964.08333333333,-3.90433
735,1964.16666666667,-4.24911
736,1964.25,-2.75544
737,1964.33333333333,-1.96367
738,1964.41666666667,-1.90833
739,1964.5,-1.42711
740,1964.58333333333,-0.93167
741,1964.66666666667,0.13478
742,1964.75,1.35711
743,1964.83333333333,0.39311
744,1964.91666666667,-0.53333
745,1965.0,-1.65422
746,1965.08333333333,-1.96433
747,1965.16666666667,-2.51911
748,1965.25,-1.23544
749,1965.33333333333,-0.99367
750,1965.41666666667,-1.00833
751,1965.5,-1.14711
752,1965.58333333333,-1.05167
753,1965.66666666667,-1.35522
754,1965.75,-1.19289
755,1965.83333333333,-1.81689
756,1965.91666666667,-0.09333
757,1966.0,-0.29422
758,1966.08333333333,-0.49433
759,1966.16666666667,-0.82911
760,1966.25,-1.22544
761,1966.33333333333,-1.56367
762,1966.41666666667,-1.25833
763,1966.5,-1.62711
764,1966.58333333333,-2.05167
765,1966.66666666667,-1.97522
766,1966.75,-1.23289
767,1966.83333333333,-1.64689
768,1966.91666666667,-1.24333
769,1967.0,-0.22422
770,1967.08333333333,1.33567
771,1967.16666666667,1.34089
772,1967.25,0.73456
773,1967.33333333333,0.32633
774,1967.41666666667,0.33167
775,1967.5,0.28289
776,1967.58333333333,0.66833
777,1967.66666666667,0.99478
778,1967.75,-1.35289
779,1967.83333333333,-0.90689
780,1967.91666666667,-1.19333
781,1968.0,-1.35422
782,1968.08333333333,-0.89433
783,1968.16666666667,-1.15911
784,1968.25,-1.06544
785,1968.33333333333,-0.18367
786,1968.41666666667,-0.66833
787,1968.5,-1.23711
788,1968.58333333333,-0.84167
789,1968.66666666667,0.76478
790,1968.75,3.36711
791,1968.83333333333,2.60311
792,1968.91666666667,2.01667
793,1969.0,0.22578
794,1969.08333333333,0.03567
795,1969.16666666667,-0.14911
796,1969.25,0.03456
797,1969.33333333333,0.36633
798,1969.41666666667,-0.37833
799,1969.5,-0.82711
800,1969.58333333333,-1.33167
801,1969.66666666667,-1.27522
802,1969.75,-0.70289
803,1969.83333333333,-1.01689
804,1969.91666666667,-1.95333
805,1970.0,-0.78422
806,1970.08333333333,0.01567
807,1970.16666666667,0.74089
808,1970.25,0.85456
809,1970.33333333333,0.90633
810,1970.41666666667,0.72167
811,1970.5,0.79289
812,1970.58333333333,1.04833
813,1970.66666666667,1.55478
814,1970.75,2.10711
815,1970.83333333333,-0.10689
816,1970.91666666667,-1.21333
817,1971.0,-0.80422
818,1971.08333333333,0.76567
819,1971.16666666667,1.47089
820,1971.25,1.83456
821,1971.33333333333,1.43633
822,1971.41666666667,1.43167
823,1971.5,1.71289
824,1971.58333333333,2.27833
825,1971.66666666667,3.37478
826,1971.75,3.31711
827,1971.83333333333,2.64311
828,1971.91666666667,2.31667
829,1972.0,0.79578
830,1972.08333333333,1.83567
831,1972.16666666667,2.09089
832,1972.25,1.33456
833,1972.33333333333,1.08633
834,1972.41666666667,1.12167
835,1972.5,1.13289
836,1972.58333333333,1.46833
837,1972.66666666667,2.62478
838,1972.75,3.05711
839,1972.83333333333,1.43311
840,1972.91666666667,1.23667
841,1973.0,1.23578
842,1973.08333333333,0.21567
843,1973.16666666667,0.11089
844,1973.25,0.00456
845,1973.33333333333,0.14633
846,1973.41666666667,0.67167
847,1973.5,1.23289
848,1973.58333333333,2.14833
849,1973.66666666667,3.81478
850,1973.75,5.02711
851,1973.83333333333,2.95311
852,1973.91666666667,2.59667
853,1974.0,2.22578
854,1974.08333333333,1.74567
855,1974.16666666667,1.58089
856,1974.25,1.24456
857,1974.33333333333,0.73633
858,1974.41666666667,0.63167
859,1974.5,1.09289
860,1974.58333333333,2.01833
861,1974.66666666667,3.38478
862,1974.75,4.39711
863,1974.83333333333,3.66311
864,1974.91666666667,2.24667
865,1975.0,1.80578
866,1975.08333333333,1.71567
867,1975.16666666667,1.72089
868,1975.25,1.51456
869,1975.33333333333,1.16633
870,1975.41666666667,1.44167
871,1975.5,1.76289
872,1975.58333333333,2.67833
873,1975.66666666667,4.29478
874,1975.75,4.24711
875,1975.83333333333,1.27311
876,1975.91666666667,0.27667
877,1976.0,1.00578
878,1976.08333333333,1.74567
879,1976.16666666667,1.53089
880,1976.25,2.18456
881,1976.33333333333,2.16633
882,1976.41666666667,2.02167
883,1976.5,1.97289
884,1976.58333333333,2.00833
885,1976.66666666667,1.91478
886,1976.75,0.92711
887,1976.83333333333,-0.29689
888,1976.91666666667,-0.23333
889,1977.0,0.16578
890,1977.08333333333,-1.15433
891,1977.16666666667,-0.73911
892,1977.25,0.20456
893,1977.33333333333,0.60633
894,1977.41666666667,0.82167
895,1977.5,1.05289
896,1977.58333333333,1.18833
897,1977.66666666667,1.13478
898,1977.75,1.84711
899,1977.83333333333,2.94311
900,1977.91666666667,2.58667
901,1978.0,2.30578
902,1978.08333333333,0.87567
903,1978.16666666667,0.54089
904,1978.25,0.30456
905,1978.33333333333,0.45633
906,1978.41666666667,0.50167
907,1978.5,0.63289
908,1978.58333333333,0.70833
909,1978.66666666667,0.85478
910,1978.75,1.55711
911,1978.83333333333,1.69311
912,1978.91666666667,1.00667
913,1979.0,1.75578
914,1979.08333333333,0.05567
915,1979.16666666667,-0.73911
916,1979.25,0.21456
917,1979.33333333333,0.60633
918,1979.41666666667,0.60167
919,1979.5,0.46289
920,1979.58333333333,-0.58167
921,1979.66666666667,-1.23522
922,1979.75,-0.98289
923,1979.83333333333,-0.54689
924,1979.91666666667,-0.68333
925,1980.0,-0.43422
926,1980.08333333333,-1.48433
927,1980.16666666667,-2.98911
928,1980.25,-2.36544
929,1980.33333333333,-1.99367
930,1980.41666666667,-1.66833
931,1980.5,-1.64711
932,1980.58333333333,-2.23167
933,1980.66666666667,-2.84522
934,1980.75,-1.11289
935,1980.83333333333,0.95311
936,1980.91666666667,0.73667
937,1981.0,-0.37422
938,1981.08333333333,-0.76433
939,1981.16666666667,0.02089
940,1981.25,-0.02544
941,1981.33333333333,-0.56367
942,1981.41666666667,-0.77833
943,1981.5,-0.59711
944,1981.58333333333,-0.40167
945,1981.66666666667,-0.91522
946,1981.75,-0.89289
947,1981.83333333333,-1.33689
948,1981.91666666667,-1.33333
949,1982.0,0.76578
950,1982.08333333333,1.08567
951,1982.16666666667,1.06089
952,1982.25,1.01456
953,1982.33333333333,1.25633
954,1982.41666666667,1.36167
955,1982.5,1.15289
956,1982.58333333333,0.93833
957,1982.66666666667,1.14478
958,1982.75,0.52711
959,1982.83333333333,-0.00689
960,1982.91666666667,0.92667
961,1983.0,1.34578
962,1983.08333333333,0.23567
963,1983.16666666667,-0.78911
964,1983.25,-0.99544
965,1983.33333333333,-0.81367
966,1983.41666666667,-1.16833
967,1983.5,-2.05711
968,1983.58333333333,-4.08167
969,1983.66666666667,-3.30522
970,1983.75,-1.38289
971,1983.83333333333,-0.51689
972,1983.91666666667,-0.08333
973,1984.0,0.91578
974,1984.08333333333,0.96567
975,1984.16666666667,1.41089
976,1984.25,0.75456
977,1984.33333333333,0.43633
978,1984.41666666667,0.41167
979,1984.5,0.49289
980,1984.58333333333,0.75833
981,1984.66666666667,1.28478
982,1984.75,1.49711
983,1984.83333333333,1.20311
984,1984.91666666667,0.69667
985,1985.0,1.87578
986,1985.08333333333,0.92567
987,1985.16666666667,-0.68911
988,1985.25,-1.89544
989,1985.33333333333,-2.41367
990,1985.41666666667,-1.71833
991,1985.5,-1.21711
992,1985.58333333333,-0.64167
993,1985.66666666667,0.99478
994,1985.75,1.83711
995,1985.83333333333,1.44311
996,1985.91666666667,1.46667
997,1986.0,0.67578
998,1986.08333333333,-0.08433
999,1986.16666666667,0.42089
1000,1986.25,0.37456
1001,1986.33333333333,0.04633
1002,1986.41666666667,0.10167
1003,1986.5,0.85289
1004,1986.58333333333,1.49833
1005,1986.66666666667,1.65478
1006,1986.75,2.65711
1007,1986.83333333333,3.75311
1008,1986.91666666667,3.47667
1009,1987.0,2.33578
1010,1987.08333333333,1.54567
1011,1987.16666666667,1.51089
1012,1987.25,0.94456
1013,1987.33333333333,0.76633
1014,1987.41666666667,0.29167
1015,1987.5,-0.29711
1016,1987.58333333333,-0.94167
1017,1987.66666666667,-0.89522
1018,1987.75,-0.41289
1019,1987.83333333333,-0.44689
1020,1987.91666666667,-0.07333
1021,1988.0,0.40578
1022,1988.08333333333,0.86567
1023,1988.16666666667,1.01089
1024,1988.25,-0.15544
1025,1988.33333333333,-0.22367
1026,1988.41666666667,0.04167
1027,1988.5,0.33289
1028,1988.58333333333,0.43833
1029,1988.66666666667,-0.85522
1030,1988.75,-0.90289
1031,1988.83333333333,0.08311
1032,1988.91666666667,1.58667
1033,1989.0,1.00578
1034,1989.08333333333,1.59567
1035,1989.16666666667,2.29089
1036,1989.25,2.07456
1037,1989.33333333333,1.48633
1038,1989.41666666667,1.66167
1039,1989.5,2.04289
1040,1989.58333333333,2.61833
1041,1989.66666666667,3.26478
1042,1989.75,2.55711
1043,1989.83333333333,3.06311
1044,1989.91666666667,1.08667
1045,1990.0,-2.21422
1046,1990.08333333333,-0.15433
1047,1990.16666666667,1.12089
1048,1990.25,0.97456
1049,1990.33333333333,0.77633
1050,1990.41666666667,0.64167
1051,1990.5,0.58289
1052,1990.58333333333,0.94833
1053,1990.66666666667,0.98478
1054,1990.75,-0.79289
1055,1990.83333333333,-1.32689
1056,1990.91666666667,0.67667
1057,1991.0,1.86578
1058,1991.08333333333,1.03567
1059,1991.16666666667,-0.00911
1060,1991.25,0.02456
1061,1991.33333333333,0.14633
1062,1991.41666666667,0.36167
1063,1991.5,0.77289
1064,1991.58333333333,1.36833
1065,1991.66666666667,1.12478
1066,1991.75,-0.58289
1067,1991.83333333333,-2.05689
1068,1991.91666666667,-1.49333
1069,1992.0,-2.06422
1070,1992.08333333333,-3.01433
1071,1992.16666666667,-2.45911
1072,1992.25,-1.08544
1073,1992.33333333333,-1.50367
1074,1992.41666666667,-2.45833
1075,1992.5,-3.39711
1076,1992.58333333333,-3.47167
1077,1992.66666666667,-1.94522
1078,1992.75,-0.20289
1079,1992.83333333333,-0.83689
1080,1992.91666666667,0.31667
