,start,stop,event,age,year,surgery,transplant,id
1,0.0,50.0,1,-17.1553730321697,0.123203285420945,0,0,1
2,0.0,6.0,1,3.83572895277207,0.254620123203285,0,0,2
3,0.0,1.0,0,6.29705681040383,0.265571526351814,0,0,3
4,1.0,16.0,1,6.29705681040383,0.265571526351814,0,1,3
5,0.0,36.0,0,-7.73716632443532,0.490075290896646,0,0,4
6,36.0,39.0,1,-7.73716632443532,0.490075290896646,0,1,4
7,0.0,18.0,1,-27.2142368240931,0.607802874743327,0,0,5
8,0.0,3.0,1,6.59548254620123,0.700889801505818,0,0,6
9,0.0,51.0,0,2.86926762491444,0.780287474332649,0,0,7
10,51.0,675.0,1,2.86926762491444,0.780287474332649,0,1,7
11,0.0,40.0,1,-2.65023956194388,0.835044490075291,0,0,8
12,0.0,85.0,1,-0.837782340862425,0.856947296372348,0,0,9
13,0.0,12.0,0,-5.49760438056126,0.862422997946612,0,0,10
14,12.0,58.0,1,-5.49760438056126,0.862422997946612,0,1,10
15,0.0,26.0,0,-0.0191649555099218,0.87337440109514,0,0,11
16,26.0,153.0,1,-0.0191649555099218,0.87337440109514,0,1,11
17,0.0,8.0,1,5.1937029431896,0.9637234770705,0,0,12
18,0.0,17.0,0,6.57357973990418,0.969199178644764,0,0,13
19,17.0,81.0,1,6.57357973990418,0.969199178644764,0,1,13
20,0.0,37.0,0,6.0123203285421,0.971937029431896,0,0,14
21,37.0,1387.0,1,6.0123203285421,0.971937029431896,0,1,14
22,0.0,1.0,1,5.81519507186858,0.991101984941821,1,0,15
23,0.0,28.0,0,1.44832306639288,1.07049965776865,0,0,16
24,28.0,308.0,1,1.44832306639288,1.07049965776865,0,1,16
25,0.0,36.0,1,-27.668720054757,1.07597535934292,0,0,17
26,0.0,20.0,0,8.84873374401095,1.08692676249144,0,0,18
27,20.0,43.0,1,8.84873374401095,1.08692676249144,0,1,18
28,0.0,37.0,1,11.1238877481177,1.13347022587269,0,0,19
29,0.0,18.0,0,7.27994524298425,1.3305954825462,0,0,20
30,18.0,28.0,1,7.27994524298425,1.3305954825462,0,1,20
31,0.0,8.0,0,-4.6570841889117,1.3388090349076,0,0,21
32,8.0,1032.0,1,-4.6570841889117,1.3388090349076,0,1,21
33,0.0,12.0,0,-5.21560574948666,1.46201232032854,0,0,22
34,12.0,51.0,1,-5.21560574948666,1.46201232032854,0,1,22
35,0.0,3.0,0,10.3572895277207,1.52772073921971,0,0,23
36,3.0,733.0,1,10.3572895277207,1.52772073921971,0,1,23
37,0.0,83.0,0,3.80013689253936,1.56605065023956,0,0,24
38,83.0,219.0,1,3.80013689253936,1.56605065023956,0,1,24
39,0.0,25.0,0,-14.776180698152,1.57426420260096,0,0,25
40,25.0,1800.0,0,-14.776180698152,1.57426420260096,0,1,25
41,0.0,1401.0,0,-17.4647501711157,1.58247775496235,0,0,26
42,0.0,263.0,1,-39.2142368240931,1.59069130732375,0,0,27
43,0.0,71.0,0,6.02327173169062,1.68377823408624,0,0,28
44,71.0,72.0,1,6.02327173169062,1.68377823408624,0,1,28
45,0.0,35.0,1,2.43394934976044,1.78507871321013,0,0,29
46,0.0,16.0,0,-3.08829568788501,1.88364134154689,0,0,30
47,16.0,852.0,1,-3.08829568788501,1.88364134154689,0,1,30
48,0.0,16.0,1,6.88569472963724,1.89459274469541,0,0,31
49,0.0,17.0,0,16.4079397672827,1.91101984941821,0,0,32
50,17.0,77.0,1,16.4079397672827,1.91101984941821,0,1,32
51,0.0,51.0,0,0.903490759753595,2.1574264202601,0,0,33
52,51.0,1587.0,0,0.903490759753595,2.1574264202601,0,1,33
53,0.0,23.0,0,-7.44695414099932,2.19849418206708,0,0,34
54,23.0,1572.0,0,-7.44695414099932,2.19849418206708,0,1,34
55,0.0,12.0,1,-4.53388090349076,2.30800821355236,0,0,35
56,0.0,46.0,0,0.925393566050651,2.507871321013,0,0,36
57,46.0,100.0,1,0.925393566050651,2.507871321013,0,1,36
58,0.0,19.0,0,13.5003422313484,2.56536618754278,0,0,37
59,19.0,66.0,1,13.5003422313484,2.56536618754278,0,1,37
60,0.0,4.5,0,-6.52977412731006,2.5927446954141,0,0,38
61,4.5,5.0,1,-6.52977412731006,2.5927446954141,0,1,38
62,0.0,2.0,0,2.51882272416153,2.63381245722108,0,0,39
63,2.0,53.0,1,2.51882272416153,2.63381245722108,0,1,39
64,0.0,41.0,0,0.481861738535251,2.64750171115674,1,0,40
65,41.0,1408.0,0,0.481861738535251,2.64750171115674,1,1,40
66,0.0,58.0,0,-2.69678302532512,2.8829568788501,1,0,41
67,58.0,1322.0,0,-2.69678302532512,2.8829568788501,1,1,41
68,0.0,3.0,1,-11.5592060232717,2.88843258042437,0,0,42
69,0.0,2.0,1,-4.60780287474333,3.05817932922656,1,0,43
70,0.0,40.0,1,-5.42094455852156,3.16495550992471,1,0,44
71,0.0,1.0,0,-11.8165639972622,3.26351813826146,0,0,45
72,1.0,45.0,1,-11.8165639972622,3.26351813826146,0,1,45
73,0.0,2.0,0,0.610540725530456,3.27720739219713,1,0,46
74,2.0,996.0,1,0.610540725530456,3.27720739219713,1,1,46
75,0.0,21.0,0,-0.90075290896646,3.34017796030116,0,0,47
76,21.0,72.0,1,-0.90075290896646,3.34017796030116,0,1,47
77,0.0,9.0,1,8.03559206023272,3.34839151266256,0,0,48
78,0.0,36.0,0,-11.3456536618754,3.37577002053388,1,0,49
79,36.0,1142.0,0,-11.3456536618754,3.37577002053388,1,1,49
80,0.0,83.0,0,-2.11362080766598,3.37577002053388,1,0,50
81,83.0,980.0,1,-2.11362080766598,3.37577002053388,1,1,50
82,0.0,32.0,0,0.733744010951405,3.47707049965777,0,0,51
83,32.0,285.0,1,0.733744010951405,3.47707049965777,0,1,51
84,0.0,102.0,1,-6.75154004106776,3.564681724846,0,0,52
85,0.0,41.0,0,-0.657084188911703,3.75085557837098,0,0,53
86,41.0,188.0,1,-0.657084188911703,3.75085557837098,0,1,53
87,0.0,3.0,1,-0.208076659822041,3.75085557837098,0,0,54
88,0.0,10.0,0,4.45448323066393,3.854893908282,0,0,55
89,10.0,61.0,1,4.45448323066393,3.854893908282,0,1,55
90,0.0,67.0,0,-9.25667351129363,3.9233401779603,0,0,56
91,67.0,942.0,0,-9.25667351129363,3.9233401779603,0,1,56
92,0.0,149.0,1,-6.73511293634497,3.95071868583162,0,0,57
93,0.0,21.0,0,0.0164271047227942,3.97809719370294,1,0,58
94,21.0,343.0,1,0.0164271047227942,3.97809719370294,1,1,58
95,0.0,78.0,0,-6.61738535249829,3.99452429842574,1,0,59
96,78.0,916.0,0,-6.61738535249829,3.99452429842574,1,1,59
97,0.0,3.0,0,1.05407255304586,4.13141683778234,0,0,60
98,3.0,68.0,1,1.05407255304586,4.13141683778234,0,1,60
99,0.0,2.0,1,4.56399726214921,4.17522245037645,0,0,61
100,0.0,69.0,1,-8.64613278576318,4.18891170431212,0,0,62
101,0.0,27.0,0,-15.3401779603012,4.19712525667351,0,0,63
102,27.0,842.0,0,-15.3401779603012,4.19712525667351,0,1,63
103,0.0,33.0,0,0.815879534565369,4.33675564681725,1,0,64
104,33.0,584.0,1,0.815879534565369,4.33675564681725,1,1,64
105,0.0,12.0,0,3.29363449691992,4.42984257357974,0,0,65
106,12.0,78.0,1,3.29363449691992,4.42984257357974,0,1,65
107,0.0,32.0,1,5.21286789869952,4.46817248459959,0,0,66
108,0.0,57.0,0,-28.4490075290897,4.47638603696099,0,0,67
109,57.0,285.0,1,-28.4490075290897,4.47638603696099,0,1,67
110,0.0,3.0,0,-2.75975359342916,4.51745379876797,0,0,68
111,3.0,68.0,1,-2.75975359342916,4.51745379876797,0,1,68
112,0.0,10.0,0,-0.0109514031485318,4.66803559206023,0,0,69
113,10.0,670.0,0,-0.0109514031485318,4.66803559206023,0,1,69
114,0.0,5.0,0,5.00205338809035,4.71184120465435,0,0,70
115,5.0,30.0,1,5.00205338809035,4.71184120465435,0,1,70
116,0.0,31.0,0,-0.591375770020534,4.80492813141684,0,0,71
117,31.0,620.0,0,-0.591375770020534,4.80492813141684,0,1,71
118,0.0,4.0,0,-21.2731006160164,4.87063655030801,0,0,72
119,4.0,596.0,0,-21.2731006160164,4.87063655030801,0,1,72
120,0.0,27.0,0,8.33127994524298,4.94729637234771,0,0,73
121,27.0,90.0,1,8.33127994524298,4.94729637234771,0,1,73
122,0.0,5.0,0,-18.8336755646817,4.96646132785763,0,0,74
123,5.0,17.0,1,-18.8336755646817,4.96646132785763,0,1,74
124,0.0,2.0,1,4.18069815195072,4.99657768651609,0,0,75
125,0.0,46.0,0,4.0848733744011,5.01026694045174,1,0,76
126,46.0,545.0,0,4.0848733744011,5.01026694045174,1,1,76
127,0.0,21.0,1,-6.88843258042436,5.01574264202601,0,0,77
128,0.0,210.0,0,0.703627652292951,5.09240246406571,0,0,78
129,210.0,515.0,0,0.703627652292951,5.09240246406571,0,1,78
130,0.0,67.0,0,5.782340862423,5.16632443531828,0,0,79
131,67.0,96.0,1,5.782340862423,5.16632443531828,0,1,79
132,0.0,26.0,0,-1.55509924709104,5.18275154004107,1,0,80
133,26.0,482.0,0,-1.55509924709104,5.18275154004107,1,1,80
134,0.0,6.0,0,4.89253935660506,5.28405201916496,0,0,81
135,6.0,445.0,0,4.89253935660506,5.28405201916496,0,1,81
136,0.0,428.0,0,-18.798083504449,4.08487337440109,0,0,82
137,0.0,32.0,0,5.30869267624914,5.31690622861054,0,0,83
138,32.0,80.0,1,5.30869267624914,5.31690622861054,0,1,83
139,0.0,37.0,0,-5.28131416837783,5.33333333333333,0,0,84
140,37.0,334.0,1,-5.28131416837783,5.33333333333333,0,1,84
141,0.0,5.0,1,-0.0191649555099218,5.35249828884326,0,0,85
142,0.0,8.0,0,0.919917864476389,5.4154688569473,0,0,86
143,8.0,397.0,0,0.919917864476389,5.4154688569473,0,1,86
144,0.0,60.0,0,-1.74674880219028,5.47022587268994,0,0,87
145,60.0,110.0,1,-1.74674880219028,5.47022587268994,0,1,87
146,0.0,31.0,0,6.362765229295,5.48939082819986,0,0,88
147,31.0,370.0,0,6.362765229295,5.48939082819986,0,1,88
148,0.0,139.0,0,3.04722792607803,5.51129363449692,0,0,89
149,139.0,207.0,1,3.04722792607803,5.51129363449692,0,1,89
150,0.0,160.0,0,4.03285420944559,5.51403148528405,1,0,90
151,160.0,186.0,1,4.03285420944559,5.51403148528405,1,1,90
152,0.0,340.0,1,-0.40520191649555,5.53319644079398,0,0,91
153,0.0,310.0,0,-3.01711156741958,5.57152635181383,0,0,92
154,310.0,340.0,0,-3.01711156741958,5.57152635181383,0,1,92
155,0.0,28.0,0,-0.249144421629019,5.77686516084873,0,0,93
156,28.0,265.0,0,-0.249144421629019,5.77686516084873,0,1,93
157,0.0,4.0,0,-4.15879534565367,5.95482546201232,1,0,94
158,4.0,165.0,1,-4.15879534565367,5.95482546201232,1,1,94
159,0.0,2.0,0,-7.71800136892539,5.97672826830938,0,0,95
160,2.0,16.0,1,-7.71800136892539,5.97672826830938,0,1,95
161,0.0,13.0,0,-21.3497604380561,6.00958247775496,0,0,96
162,13.0,180.0,0,-21.3497604380561,6.00958247775496,0,1,96
163,0.0,21.0,0,-24.3832991101985,6.14373716632443,0,0,97
164,21.0,131.0,0,-24.3832991101985,6.14373716632443,0,1,97
165,0.0,96.0,0,-19.3702943189596,6.20396988364134,0,0,98
166,96.0,109.0,0,-19.3702943189596,6.20396988364134,0,1,98
167,0.0,21.0,1,1.83436002737851,6.23408624229979,0,0,99
168,0.0,38.0,0,-12.9390828199863,6.39561943874059,1,0,100
169,38.0,39.0,0,-12.9390828199863,6.39561943874059,1,1,100
170,0.0,31.0,0,1.51676933607118,6.41752224503765,0,0,101
171,0.0,11.0,0,-7.60848733744011,6.47227926078029,0,0,102
172,0.0,6.0,1,-8.68446269678302,-0.0492813141683778,0,0,103
