,y1,y2,y3,y4,trt
1,1,1,1,1,1
2,1,1,1,1,0
3,1,1,1,1,0
4,1,1,1,1,0
5,1,1,1,1,0
6,1,1,1,1,0
7,1,1,1,1,0
8,1,1,2,1,1
9,1,1,2,2,0
10,1,1,2,2,0
11,1,2,1,1,1
12,1,2,2,2,0
13,1,2,2,2,0
14,1,2,3,3,1
15,2,1,1,1,0
16,2,1,1,1,0
17,2,1,1,1,0
18,2,1,1,1,0
19,2,1,1,2,0
20,2,1,2,2,1
21,2,1,2,2,0
22,2,1,2,2,0
23,2,2,1,1,1
24,2,2,1,1,0
25,2,2,1,1,0
26,2,2,1,2,1
27,2,2,1,2,1
28,2,2,1,2,0
29,2,2,1,2,0
30,2,2,2,1,1
31,2,2,2,1,1
32,2,2,2,1,1
33,2,2,2,1,1
34,2,2,2,1,0
35,2,2,2,2,1
36,2,2,2,2,1
37,2,2,2,2,1
38,2,2,2,2,1
39,2,2,2,2,1
40,2,2,2,2,1
41,2,2,2,2,1
42,2,2,2,2,1
43,2,2,2,2,0
44,2,2,2,2,0
45,2,2,2,2,0
46,2,2,2,2,0
47,2,2,2,2,0
48,2,2,2,2,0
49,2,2,2,2,0
50,2,2,2,2,0
51,2,2,2,2,0
52,2,2,2,2,0
53,2,2,2,2,0
54,2,2,2,2,0
55,2,2,2,3,1
56,2,2,2,3,1
57,2,2,2,3,0
58,2,2,2,3,0
59,2,2,3,2,1
60,2,2,3,3,1
61,2,2,3,3,0
62,2,2,3,3,0
63,2,3,2,2,0
64,2,3,2,3,1
65,2,3,2,3,1
66,2,3,2,3,0
67,2,3,3,2,1
68,2,3,3,2,1
69,2,3,3,2,1
70,2,3,3,3,1
71,2,3,3,3,1
72,2,3,3,3,1
73,2,3,3,3,1
74,2,3,3,3,1
75,2,3,3,3,1
76,2,3,3,3,1
77,2,3,3,3,0
78,3,1,1,1,0
79,3,1,3,2,1
80,3,2,1,2,0
81,3,2,2,1,1
82,3,2,2,1,0
83,3,2,2,3,1
84,3,2,2,3,0
85,3,2,3,2,0
86,3,2,3,2,0
87,3,2,3,3,0
88,3,2,3,3,0
89,3,3,2,2,1
90,3,3,2,2,1
91,3,3,2,3,1
92,3,3,2,3,1
93,3,3,3,2,1
94,3,3,3,2,1
95,3,3,3,2,1
96,3,3,3,2,0
97,3,3,3,3,1
98,3,3,3,3,1
99,3,3,3,3,1
100,3,3,3,3,1
101,3,3,3,3,1
102,3,3,3,3,1
103,3,3,3,3,1
104,3,3,3,3,1
105,3,3,3,3,0
106,3,3,3,3,0
107,3,3,3,3,0
108,3,3,3,3,0
109,3,3,3,3,0
110,3,3,3,3,0
111,3,3,3,3,0
