,capexp,gdp,sales,nbaf,netinc
Belgium,2.0,0.8524,2.12,4.82,15
Denmark,3.0,0.57,0.15,1.24,8
France,3.0,5.3726,2.7,9.08,11
Germany,24.0,6.6299,5.35,10.85,28
Greece,0.25,0.3395,0.02,0.79,8
Ireland,1.0,0.1718,0.29,2.15,25
Italy,1.0,3.4458,1.43,5.4,19
Netherlands,12.0,1.3652,3.72,6.74,17
U.K.,297.0,4.7322,42.88,19.44,24
Austria,0.0,0.6664,0.03,1.34,0
Norway,0.0,0.5608,0.0,1.19,4
Portugal,0.0,0.2129,0.0,0.74,6
Spain,1.0,1.8125,0.43,3.62,7
Sweden,3.0,0.9877,0.2,2.01,8
Switzerland,9.0,0.9673,2.08,5.24,20
Turkey,0.0,0.4998,0.0,0.277,6
Japan,4.0,10.6192,7.38,7.04,21
Australia,9.0,1.6421,8.35,7.52,18
N. Zealand,4.0,0.2382,0.6,1.17,1
S. Africa,1.0,0.7433,0.43,2.87,0
Argentina,1.0,0.6445,0.61,2.06,13
Brazil,4.0,2.4847,1.64,6.01,27
Chile,0.25,0.2414,0.0,0.91,29
Colombia,0.25,0.3497,0.0,1.79,29
Ecuador,0.25,0.1233,0.04,0.67,8
Peru,0.0,0.2162,0.0,0.77,7
Venezuela,0.25,0.6949,0.09,3.47,2
Mexico,2.0,1.7127,0.96,7.02,5
Panama,5.0,0.0419,0.59,1.93,23
Tr/Tob,0.25,0.0697,0.0,0.37,29
Egypt,0.25,0.264,0.02,0.7,9
Libya,0.0,0.2836,0.0,0.29,6
Liberia,0.0,0.0095,0.51,0.55,14
Nigeria,0.0,0.7172,0.0,0.89,6
Israel,1.0,0.2049,0.0,0.71,29
Hong-Kong,2.0,0.2444,0.0,3.21,29
India,0.0,1.5076,0.0,0.92,8
Indonesia,1.0,0.9016,0.0,1.43,29
Malaysia,0.25,0.2587,0.13,1.14,10
Philippines,3.0,0.3985,0.0,1.86,29
Singapore,1.0,0.1465,0.58,2.38,12
S.Korea,0.25,0.6842,0.1,0.93,0
Thailand,0.25,0.3679,0.02,0.87,7
Canada,140.0,2.8957,62.36,20.75,22
Finland,0.0,0.4893,0.0,0.51,6
S. Arabia,0.25,1.5359,0.07,1.6,3
Jamaica,0.25,0.0318,0.08,0.54,8
U. Arab Em.,0.0,0.2987,0.0,0.76,6
Luxembourg,0.0,0.0386,1.1,0.62,16
Bahamas,3.0,0.0145,0.9,1.78,26
