,Year,Number.thousands,quintile1,quintile2,median,quintile3,quintile4,p95,P90,P95,P99,P99.5,P99.9,P99.99,realGDP.M,GDP.Deflator,PopulationK,realGDPperCap,P95IRSvsCensus,personsPerFamily,realGDPperFamily,mean.median
35,1947,37237,14243,22984,26764.1428781121,31166,44223,72583,41477,54172,134415,203001,479022,1584506,2034673.76,12.9,144126,14117.323879,0.746345563010622,3.87050514273438,54641.1746753163,2.04158133978586
36,1948,38624,13779,22655,26177.6324368725,30248,42196,68714,43459,58911,136814,210991,504131,1687123,2119101.8,13.63,146631,14451.938244,0.857336205140146,3.79637013256007,54864.9067071242,2.09586970248097
37,1949,39303,13007,22221,25809.2796683673,29977,42361,67996,43923,58971,130037,197117,467824,1539131,2107550.7,13.62,149188,14126.806282,0.867271604212012,3.79584255654785,53623.1324733231,2.07766869755165
38,1950,39929,13829,23779,27432.353398861,31647,43986,71728,48465,61084,147986,230773,565506,1582089,2291213.19,13.75,151684,15105.173951,0.851606067365603,3.79884294622956,57382.1835153268,2.09177035163557
39,1951,40578,15070,24569,28258.0443236966,32501,44376,69547,48655,61967,148725,222276,530408,1780264,2475820.77,14.68,154287,16046.851126,0.891008957970869,3.80223273695106,61013.8626762571,2.1591679161283
40,1952,40832,15557,25165,29270.5925802673,34046,46049,71646,51928,65318,144459,218713,497284,1559300,2576630.37,15.0,156954,16416.465324,0.911676855651397,3.84389694357367,63103.2008832067,2.15585662333832
41,1953,41202,16100,27322,31649.7470132069,36663,49376,76788,53287,66868,142592,211860,465173,1400826,2697601.89,15.19,159565,16905.97994,0.870813147887691,3.87274889568468,65472.6151431023,2.06866156357527
42,1954,41951,15010,26402,30719.0540869995,35742,48969,77601,53441,68546,150457,222702,519497,1652847,2682375.44,15.35,162391,16518.009994,0.883313359363926,3.87096851088174,63940.6965492039,2.08146697382404
43,1955,42889,16643,28325,32842.7210352614,38081,51577,79467,58502,75494,162683,242823,572363,1892250,2873493.64,15.57,165275,17386.138165,0.950004404343942,3.85355219286997,66998.390851276,2.03997685756133
44,1956,43497,17989,30274,34868.8129135478,40161,54454,84396,60261,77500,163383,246756,585061,1826274,2934714.47,16.1,168221,17445.584326,0.918289966349116,3.86741614364209,67469.3344576418,1.93494784651609
45,1957,43696,17774,30248,34768.2480432938,39964,53616,82114,61025,78394,160721,237669,549328,1665049,2996460.35,16.66,171274,17495.128044,0.954697128382493,3.91967228121567,68575.1684503858,1.97235041480938
46,1958,44232,17590,29834,34445.1498182255,39769,54230,83431,60928,79375,158115,233363,537411,1675370,2974513.26,17.05,174141,17081.063113,0.951384976807182,3.93699131850244,67247.9971866733,1.95232122785227
47,1959,45111,18460,31479,36331.9268275163,41933,57786,88265,64107,87316,172888,271542,614121,1912328,3179807.81,17.28,177130,17951.827035,0.989248286410242,3.92653676486888,70488.5088494946,1.94012580681819
48,1960,45539,18889,32567,37499.0390010197,43178,59705,91838,65660,79364,169120,245965,563090,1891806,3261400.58,17.52,180760,18042.71319,0.864173871382216,3.96934495706976,71617.7526125826,1.90985567951848
49,1961,46418,18808,32377,37771.1547083221,44064,60689,98070,66926,87237,175510,256348,618948,2241772,3344673.51,17.71,183742,18203.094963,0.889538085041297,3.95842130208109,72055.5188653442,1.90768641895579
50,1962,47059,19953,33254,38780.7349595131,45226,63183,99098,70001,88701,176411,257882,589275,1920891,3549232.99,17.93,186590,19021.563905,0.895083654564169,3.96502263116513,75420.9313634788,1.94480407455449
51,1963,47540,20311,34114,39957.0934128097,46801,65400,99349,72571,92712,182765,264519,599739,1915864,3703807.71,18.13,189300,19565.809733,0.933195100101662,3.98190997055111,77909.2928577388,1.94982382859615
52,1964,47956,21035,35597,41568.1846728962,48541,66023,102183,76647,95646,206479,288826,618471,2253818,3917398.05,18.41,191927,20410.877708,0.936026540618302,4.00214780215197,81687.3493590649,1.96514112901177
53,1965,48509,22310,37372,43408.9116656937,50421,68842,106419,80846,100799,220766,307043,643220,2589695,4171942.29,18.74,194347,21466.45923,0.947189881506122,4.00641118143025,86003.4622847886,1.9812397727713
54,1966,49214,24391,39658,45879.9228857242,53078,72151,111574,81537,103868,211942,306952,669669,2460505,4447068.49,19.27,196599,22619.99408,0.930933730080485,3.99477790872516,90361.8526462779,1.9695293052551
55,1967,50111,24698,40542,46948.3430378538,54367,74533,119757,83850,108772,228042,327355,741280,2835653,4569195.12,19.83,198752,22989.429761,0.908272585318604,3.96623495839237,91181.4799915841,1.94216609344585
56,1968,50823,26282,42222,49318.1787376622,57607,77504,119090,87537,113601,240601,347067,822299,3247135,4793391.47,20.67,200745,23878.01388,0.953908808464187,3.94988489463432,94315.4063384806,1.91238623875735
57,1969,51586,27685,44296,51467.0428915437,59799,81675,125705,88831,113510,226805,325093,727964,3005144,4943765.79,21.69,202736,24385.243683,0.902987152460125,3.93005854301555,95835.4352598901,1.86207386077812
58,1970,52227,26913,43905,51164.7889177704,59625,81957,127967,88450,112141,214726,299235,625572,2113010,4954056.77,22.84,205089,24155.639318,0.876327490681191,3.92687690275145,94856.222109049,1.85393557005575
59,1971,53296,26344,43619,51066.6773346377,59786,81990,128030,89763,114953,222489,308895,656323,2322711,5117137.3,24.0,207692,24638.107763,0.897859876591424,3.8969528670069,96013.5446846479,1.88016040392594
60,1972,54373,27545,45647,53666.964810766,63096,87171,136627,94439,120830,235328,332098,713071,2546847,5385752.88,25.04,209924,25655.72817,0.884378636726269,3.86081327129274,99051.9758034149,1.84567873649423
61,1973,55053,28089,46349,54747.576494307,64668,88933,138645,95902,123518,240363,328392,685448,2278492,5689651.82,26.4,211939,26845.70149,0.890894009881352,3.84972662706846,103348.611848384,1.88772943874751
62,1974,55698,28164,46015,53976.7147944371,63316,87462,137374,92992,120569,226613,314586,681786,2131758,5660249.02,28.76,213898,26462.372986,0.877669719160831,3.84031742611943,101623.912114608,1.882736148386
63,1975,56245,27112,44643,52646.5635630665,62085,85961,134647,89924,114443,213587,293415,592124,1848829,5649012.95,31.44,215981,26155.134728,0.849948383551063,3.84000355587163,100435.810359822,1.90773724935546
64,1976,56710,27537,45861,54088.9154356047,63793,88105,138476,92568,117966,219046,298829,611948,1924541,5953331.93,33.16,218086,27298.095071,0.851887691729975,3.84563569035443,104978.528683726,1.94085105678829
65,1977,57215,27611,46238,54977.557439377,65369,90067,142715,93591,119687,222475,304187,630465,2056801,6227723.06,35.21,220289,28270.697691,0.838643450232982,3.85019662675872,108847.744886004,1.97985778116877
66,1978,57804,28449,47802,56560.1736737079,66923,93021,147477,95296,121481,225622,309660,645419,2018698,6574046.04,37.69,222629,29529.158533,0.823728445791547,3.85144626669435,113729.967390548,2.01077825620992
67,1979,59550,29066,47795,56888.0237396238,67711,93237,149576,95273,122252,231318,325904,729144,2906708,6782805.92,40.8,225106,30131.611404,0.817323634807723,3.78011754827876,113901.033026177,2.00219704497912
68,1980,60309,27592,46455,55285.6828211428,65795,92325,145917,94057,120204,227595,320083,731318,2774744,6766214.34,44.49,227726,29712.085953,0.823783383704435,3.77598700028188,112192.450309786,2.0293219615781
69,1981,61019,26683,45420,54259.367670477,64819,91567,145325,92777,118398,217833,305654,735352,2880738,6941791.06,48.66,230008,30180.651074,0.81471185274385,3.76944886019109,113764.420790714,2.09667796870796
70,1982,61393,26042,44599,53364.5945079694,63853,91615,149211,91836,116523,217546,307822,773150,3460786,6809163.43,51.63,232218,29322.288833,0.780927679594668,3.78248334500676,110911.0691483,2.0783643194691
71,1983,62015,25931,44414,53556.5171944554,64581,92345,151977,92419,118865,225854,324009,848233,3724338,7124613.47,53.66,234333,30403.797324,0.782124926798134,3.7786503265339,114885.318686203,2.14512303458928
72,1984,62706,26469,46042,55412.8777632059,66691,95904,157023,94849,123194,236533,336670,879457,4336427,7641787.72,55.57,236394,32326.48842,0.784560223661502,3.76987848052818,121866.933045601,2.19925291673844
73,1985,63558,27035,46573,56053.5536072424,67464,98146,160694,97106,127617,251585,358239,1010074,4634247,7965743.57,57.35,238506,33398.504007,0.794161574172029,3.75257245350703,125330.306125012,2.23590295457769
74,1986,64491,27983,48171,58150.7339420579,70198,101080,166701,101086,136431,286619,462468,1292177,6999670,8245490.21,58.51,240683,34258.714424,0.818417406014361,3.73204012963049,127854.897019919,2.1986807105017
75,1987,65204,28225,48689,58859.2992313024,71154,103113,168115,100982,130668,264424,383445,965452,3922394,8530907.39,59.94,242843,35129.31033,0.77725366564554,3.72435740138642,130834.106933136,2.22282814511587
76,1988,65837,28166,48831,59213.6903426902,71804,104267,171586,102248,134223,287756,439068,1250581,5794640,8889516.54,62.04,245061,36274.706905,0.782249134544776,3.72223825508453,135023.10173377,2.28026831214782
77,1989,66090,28612,50062,60430.726571836,72947,106470,176937,102854,135907,286946,434471,1155888,5000383,9216727.7,64.46,247387,37256.308882,0.768109553117776,3.74318353760024,139457.202078852,2.30772009522465
78,1990,66322,28689,49463,59508.852156633,71595,104719,174319,101217,133087,278970,423099,1126027,4746961,9393564.54,66.85,250181,37547.071071,0.763468124530315,3.77221736377069,141635.713452759,2.38007806099099
79,1991,67173,27949,47861,58168.1475981486,70695,103562,169050,101283,134359,270637,404542,1017937,4098306,9386738.89,69.06,253530,37024.173776,0.794788524105294,3.77428431066053,139739.758197926,2.40234155578256
80,1992,68216,26798,47580,57938.0408712618,70551,102699,169982,101106,133130,281705,427414,1118561,4931449,9720460.67,70.64,256922,37834.283922,0.783200574178442,3.76630116101794,142495.307461711,2.45944297250809
81,1993,68506,26554,46942,57511.1582216877,70460,104515,177100,101122,133354,282509,414915,1069678,4575756,9987291.08,72.32,260282,38371.042537,0.752987012987013,3.79940443172861,145787.109065125,2.53493606411404
82,1994,69313,27485,47953,58761.0054798248,72005,107239,183910,102630,136422,289648,423487,1091132,4686668,10390424.47,73.86,263455,39439.088746,0.74178674351585,3.80094643140536,149905.863626988,2.5511112752905
83,1995,69597,28529,49346,60134.6287258847,73282,108101,184990,105319,140713,303934,451369,1191111,5324879,10672901.37,75.4,266588,40035.188512,0.760651927131196,3.83045246203141,153352.886403682,2.5501593616337
84,1996,70241,28678,50004,61011.8658295253,74443,109752,186524,104423,142352,323492,488866,1335255,6438531,11078029.95,76.78,269714,41073.243865,0.763183290085994,3.83983713215928,157714.56693106,2.58498186847349
85,1997,70884,29364,51350,62666.9394497609,76478,114112,195530,108571,148693,348589,532013,1534707,7725466,11575147.29,78.1,272958,42406.335314,0.760461310284867,3.85077027255798,163297.055395277,2.60579273264477
86,1998,71551,30386,53024,64642.5739586536,78807,117736,204260,112632,155859,368725,576824,1717648,9080061,12090221.34,78.94,276154,43780.716695,0.763042201116224,3.85954074715937,168973.460024193,2.6139655288521
87,1999,73206,31413,54421,66669.5970814284,81675,121311,213620,116917,162182,395789,619103,1897323,10171760,12676177.14,80.07,279328,45380.974586,0.759207939331523,3.8156435264869,173157.621904737,2.59725016326779
88,2000,73778,32000,54453,66726.7446456067,81767,121832,213493,119963,170032,418237,643835,2063277,11668765,13194716.52,81.89,282398,46723.831965,0.796428922728146,3.82767220580661,178843.512961209,2.68023734577593
89,2001,74340,31126,53339,65753.7273620287,81058,122105,212830,116705,162631,376479,568240,1645796,8110433,13319888.44,83.77,285225,46699.585156,0.764135695155758,3.83676351896691,179175.264677429,2.72494460566351
90,2002,75616,30631,52890,65212.9299295776,80407,120571,209726,113370,156302,351724,528020,1445167,6781853,13556475.97,85.06,287955,47078.450735,0.745267634914126,3.80812261955142,179280.513137391,2.74915593166865
91,2003,76232,30108,52505,65273.8518857283,81148,122595,212335,112635,155449,351898,529876,1473864,7125299,13934827.0,86.75,290626,47947.629006,0.732093154684814,3.81238849826844,182794.989341717,2.8004320882078
92,2004,76866,30112,52756,64968.063631295,80007,121557,211072,114516,160076,382162,583407,1751929,9148783,14464077.4,89.13,293262,49321.348824,0.758395239539115,3.81523690578409,188172.630276376,2.89638662072934
93,2005,77418,30128,52951,65221.304686429,80335,121260,216998,116706,164797,412213,642055,2026280,11273452,14948803.56,91.99,295993,50503.908438,0.759440179172158,3.8233098245886,193092.089311128,2.9605677200031
94,2006,78454,30748,53524,65877.8148696509,81083,124301,217580,118845,168349,428594,674906,2174835,11936625,15347421.52,94.82,298818,51360.433004,0.773733799062414,3.8088306523568,195623.191543953,2.96948512835501
95,2007,77908,30856,54827,67480.3798003538,83054,124734,218395,121396,172037,441720,699934,2273381,12708323,15622127.68,97.34,301696,51781.019056,0.787733235650999,3.8724649586692,200520.181818542,2.97153309468318
96,2008,78874,29646,52601,64862.0118482305,79981,120723,213283,116301,162863,392680,595812,1807653,9747948,15576763.36,99.21,304543,51147.997774,0.763600474486949,3.86113294621802,197489.219338277,3.04475938551488
97,2009,78867,28832,51291,63456.3041549065,78507,120471,214095,113563,156709,352276,519944,1428056,6985550,15140236.79,100.0,307240,49278.210716,0.731960111165604,3.8956724612322,191971.768425119,3.0252592076035
98,2010,79559,27928,50548,62762.6886932037,77929,119463,210829,113571,158230,365026,545224,1560625,8271544,15519847.94,101.22,309776,50100.228996,0.750513449288286,3.89366382181777,195073.449106511,3.10811173275364
99,2011,80529,27787,49515,61572.8430803711,76567,118286,209487,112852,158268,368505,552862,1582160,8120723,15806525.24,103.2,312036,50656.099431,0.755502728092913,3.8748277018217,196283.657341473,3.18782839189778
100,2012,80944,27794,49788,61730.6564358423,76538,119001,210000,113820,161438,393941,611805,1906047,10256235,16245782.07,105.01,314278,51692.390616,0.768752380952381,3.88265961652501,200703.957526379,3.25128500350509
