,x,y,perm,por
86-1B,8.0,2.38,327,33
15-1G,13.13,2.5,3369,34
70-1G,13.88,3.13,4770,40
34-1G,13.38,2.63,938,35
38-1G,13.38,2.13,568,32
78-1G,13.88,2.13,667,34
25-2G,12.25,2.5,2561,32
77-2G,12.88,2.25,2538,34
21-3G,11.25,3.0,1078,36
38-3G,11.38,2.13,1078,34
87-3G,12.0,2.25,3116,36
22-4G,10.25,2.88,1619,34
26-4G,10.25,2.38,1447,34
53-4G,10.63,2.75,1668,34
67-4G,10.75,2.25,208,35
23-5G,9.25,2.75,2994,35
37-5G,9.38,2.25,2079,35
54-5G,9.63,2.63,762,33
61-5G,9.75,3.0,539,32
68-5G,9.75,2.13,610,35
26-6G,8.25,2.38,2211,32
68-6G,8.75,2.13,2617,32
73-6G,8.88,2.75,993,31
88-6G,9.0,2.13,1096,35
37-8G,9.38,1.25,538,33
46-8G,9.5,1.38,745,35
57-8G,9.63,1.25,592,34
64-8G,9.75,1.63,937,36
67-8G,9.75,1.25,1239,32
77-8G,9.88,1.25,1055,36
84-8G,10.0,1.63,185,27
88-8G,10.0,1.13,1172,35
15-9G,10.13,1.5,1863,35
17-9G,10.13,1.25,1141,33
28-9G,10.25,1.13,892,35
37-9G,10.38,1.25,2124,35
48-9G,10.5,1.13,1090,33
57-9G,10.63,1.25,785,32
61-9G,10.75,2.0,280,37
66-9G,10.75,1.38,270,32
68-9G,10.75,1.13,1752,32
77-9G,10.88,1.25,2477,32
83-9G,11.0,1.75,683,32
88-9G,11.0,1.13,1109,33
26-10G,11.25,1.38,1385,33
44-10G,11.5,1.63,1864,34
63-10G,11.75,1.75,765,34
75-10G,11.88,1.5,727,32
77-10G,11.88,1.25,1351,32
22-11G,12.25,1.88,963,33
26-11G,12.25,1.38,1309,30
51-11G,12.63,2.0,1883,35
64-11G,12.75,1.63,926,35
78-11G,12.88,1.13,2558,30
33-12G,13.38,1.75,1339,33
68-25R,7.75,4.13,1393,38
16-35R,6.13,3.38,162,34
86-35R,7.0,3.38,857,34
34-19S,8.38,5.63,2048,31
37-25S,13.38,4.25,2105,32
77-27S,11.88,4.25,1217,33
26-27S,11.25,4.38,767,34
17-28S,10.13,4.25,2655,35
77-28S,10.88,4.25,3790,35
36-29S,9.38,4.38,3457,37
44-29S,9.5,4.63,785,34
48-29S,9.5,4.13,3360,35
88-29S,10.0,4.13,1255,38
45-30S,8.5,4.5,213,33
61-30S,8.75,5.0,248,35
83-30S,9.0,4.75,3091,36
87-30S,9.0,4.25,459,34
68-31S,8.75,3.13,4022,31
81-31S,9.0,4.0,1169,34
84-31S,9.0,3.63,681,30
37-32S,9.38,3.25,1690,37
53-32S,9.63,3.75,2341,36
71-32S,9.88,4.0,2763,35
73-32S,9.88,3.75,758,35
18-33S,10.13,3.13,305,36
13-33S,10.13,3.75,2569,38
42-33S,10.5,3.88,906,30
46-33S,10.5,3.38,1301,34
68-33S,10.75,3.13,80,31
76-33S,10.88,3.38,897,38
82-33S,11.0,3.88,2169,33
35-34S,11.38,3.5,1128,28
42-34S,11.5,3.88,4244,34
17-34S,11.13,3.25,3347,36
51-34S,11.63,4.0,2166,36
33-35S,12.38,3.75,2887,36
86-35S,13.0,3.38,2383,35
24-35S,12.25,3.63,4,31
18-35S,12.13,3.13,1437,37
84-35S,13.0,3.63,1423,33
51-36S,13.63,4.0,2005,31
54-36S,13.63,3.63,1659,37
55-36S,13.63,3.5,2011,37
62-36S,13.75,3.88,529,32
71-36S,13.88,4.0,1484,33
74-36S,13.88,3.63,918,34
34-36S,13.38,3.63,2319,36
43-36S,13.5,3.75,1611,37
48-36S,13.5,3.13,1454,36
