,m,r,aged,stage,grade,xray,acid
1,1,1,0,1,1,1,1
2,1,1,0,1,1,1,1
3,1,1,0,1,1,1,1
4,1,1,0,1,1,1,1
5,1,1,0,1,1,1,1
6,1,0,0,1,1,1,1
7,1,1,0,0,0,0,1
8,1,0,0,0,0,0,1
9,1,0,0,0,0,0,1
10,1,0,0,0,0,0,1
11,1,0,0,0,0,0,1
12,1,0,0,0,0,0,1
13,1,0,1,1,1,0,0
14,1,0,1,1,1,0,0
15,1,0,1,1,1,0,0
16,1,0,1,1,1,0,0
17,1,1,1,1,0,0,1
18,1,1,1,1,0,0,1
19,1,0,1,1,0,0,1
20,1,0,1,1,0,0,1
21,1,0,0,0,0,0,0
22,1,0,0,0,0,0,0
23,1,0,0,0,0,0,0
24,1,0,0,0,0,0,0
25,1,1,0,1,1,0,1
26,1,1,0,1,1,0,1
27,1,0,0,1,1,0,1
28,1,1,1,1,0,0,0
29,1,0,1,1,0,0,0
30,1,0,1,1,0,0,0
31,1,0,1,0,0,0,1
32,1,0,1,0,0,0,1
33,1,0,1,0,0,0,1
34,1,0,1,0,0,0,0
35,1,0,1,0,0,0,0
36,1,0,1,0,0,0,0
37,1,0,1,0,0,1,0
38,1,0,1,0,0,1,0
39,1,1,0,1,0,0,1
40,1,0,0,1,0,0,1
41,1,1,0,0,1,0,0
42,1,0,0,0,1,0,0
43,1,1,1,1,1,1,1
44,1,1,1,1,0,1,1
45,1,1,1,0,1,1,1
46,1,1,1,0,0,1,1
47,1,0,1,0,1,0,0
48,1,1,0,1,1,1,0
49,1,0,0,1,1,0,0
50,1,1,0,1,0,1,0
51,1,1,0,0,1,0,1
52,1,0,0,0,0,1,1
53,1,0,0,0,0,1,0
