,id,y,DQR.a1,DQR.a2,DQA.a1,DQA.a2,DQB.a1,DQB.a2
1,0,0,4,9,4,8,1,1
2,0,0,4,7,5,8,1,3
3,0,0,22,21,1,2,12,9
4,0,0,6,6,5,5,2,3
5,0,0,9,21,1,4,1,9
6,0,0,22,17,2,3,12,13
7,0,0,6,9,4,5,1,2
8,0,0,6,14,5,8,2,3
9,0,0,8,8,5,5,2,3
10,0,0,1,18,1,2,7,14
11,0,0,4,17,8,8,1,2
12,0,0,22,8,2,5,12,3
13,0,0,6,21,1,5,9,2
14,0,0,4,9,4,8,1,1
15,0,0,1,6,1,5,7,3
16,0,0,3,4,1,8,7,1
17,0,0,6,6,5,5,3,3
18,0,0,6,17,5,8,2,3
19,0,0,1,6,1,5,7,3
20,0,0,22,10,2,7,12,6
21,0,0,17,18,2,2,14,14
22,0,0,22,1,1,2,7,12
23,0,0,3,22,2,8,12,2
24,0,0,4,20,8,8,1,2
25,0,0,1,9,4,1,1,7
26,0,0,14,6,5,8,2,3
27,0,0,22,8,2,5,3,12
28,0,0,3,22,1,2,7,12
29,0,0,23,9,4,2,1,12
30,0,0,22,1,1,2,7,12
31,0,0,8,10,5,7,6,2
32,0,0,4,18,8,2,14,1
33,0,0,6,22,2,5,3,12
34,0,0,9,9,4,4,1,1
35,0,0,8,12,5,5,3,4
36,0,0,4,6,5,8,1,2
37,0,0,22,8,2,5,12,3
38,0,0,1,14,1,8,7,2
39,0,0,4,4,8,8,1,1
40,0,0,22,9,4,2,1,12
41,0,0,4,24,8,2,8,1
42,0,0,14,12,5,8,2,4
43,0,0,1,10,1,7,6,7
44,0,0,22,9,2,4,12,1
45,0,0,17,14,8,3,2,13
46,0,0,22,22,2,2,12,12
47,0,0,8,18,2,5,14,3
48,0,0,1,6,1,5,7,3
49,0,0,1,8,1,5,7,3
50,0,0,4,22,2,8,1,12
51,0,0,6,14,5,8,2,3
52,0,0,4,2,1,8,1,7
53,0,0,9,17,4,3,1,13
54,0,0,1,9,1,4,1,7
55,0,0,6,21,1,5,2,9
56,0,0,4,4,8,8,1,1
57,0,0,22,9,2,4,12,4
58,0,0,4,8,8,5,1,3
59,0,0,9,17,3,4,13,1
60,0,0,6,9,4,5,1,3
61,0,0,22,8,2,5,12,3
62,0,0,1,9,1,4,7,1
63,0,0,4,8,8,5,1,3
64,0,0,1,15,1,8,7,2
65,0,0,9,21,1,4,1,9
66,0,0,9,10,4,7,1,6
67,0,0,22,3,1,2,7,12
68,0,0,4,14,8,8,1,2
69,0,0,9,22,2,4,12,1
70,0,0,22,20,2,8,12,2
71,0,0,1,22,1,3,7,11
72,0,0,2,3,1,1,7,7
73,0,0,8,8,5,5,3,3
74,0,0,9,18,2,4,1,14
75,0,0,22,6,5,2,3,12
76,0,0,1,22,1,2,7,12
77,0,0,1,22,1,2,7,12
78,0,0,1,1,1,1,7,7
79,0,0,16,21,1,8,2,9
80,0,0,9,8,4,5,1,2
81,0,0,3,8,1,5,7,3
82,0,0,4,9,4,8,1,4
83,0,0,14,8,5,8,2,3
84,0,0,3,9,1,4,7,1
85,0,0,9,22,2,4,12,4
86,0,0,6,8,5,5,2,3
87,0,0,1,6,1,5,2,7
88,0,0,24,1,1,2,7,8
89,0,0,1,6,1,5,7,2
90,0,0,9,1,1,4,7,4
91,0,0,14,16,8,8,2,2
92,0,0,3,4,1,8,7,1
93,0,0,22,1,1,2,7,12
94,0,0,22,6,5,2,12,3
95,0,0,9,11,4,10,1,2
96,0,0,9,21,1,4,10,4
97,0,0,4,6,5,8,1,5
98,0,0,14,21,1,8,9,2
99,0,0,6,17,3,5,13,2
100,0,0,4,6,5,8,1,3
101,0,0,12,6,5,5,3,4
102,0,0,8,14,5,8,2,3
103,0,0,4,12,8,5,4,1
104,0,0,1,16,1,8,7,2
105,0,0,4,1,1,8,1,7
106,0,0,9,8,4,5,3,3
107,0,0,4,22,8,2,1,12
108,0,0,22,1,1,2,7,12
109,0,0,6,22,5,2,2,12
110,0,0,9,1,1,4,7,1
111,0,0,1,14,1,8,7,2
112,0,0,23,8,5,3,3,11
113,0,0,22,8,5,2,2,12
114,0,0,15,18,8,2,14,2
115,0,0,24,17,2,3,8,13
116,0,0,22,6,2,5,12,3
117,0,0,4,22,8,2,1,12
118,0,0,6,8,5,5,3,3
119,0,0,18,19,8,2,2,14
120,0,0,4,21,1,8,9,1
121,0,0,4,14,8,8,1,2
122,0,0,9,9,4,4,1,1
123,0,0,6,18,5,2,14,2
124,0,0,7,8,5,5,2,3
125,0,0,14,13,8,1,7,2
126,0,0,16,15,8,8,2,2
127,0,0,9,22,2,4,12,1
128,0,0,4,6,8,5,1,3
129,0,0,4,12,5,8,4,1
130,0,0,9,18,2,4,4,14
131,0,0,22,8,5,2,12,2
132,0,0,22,6,5,2,12,3
133,0,0,1,9,1,4,7,4
134,0,0,4,9,4,8,1,1
135,0,0,4,6,5,8,1,3
136,0,0,6,6,5,5,2,2
137,0,0,6,9,4,5,3,1
138,0,0,1,8,1,5,7,3
139,0,0,22,8,2,5,12,2
140,0,0,9,6,4,5,1,3
141,0,0,4,6,5,8,1,3
142,0,0,22,14,2,8,12,2
143,0,0,1,22,1,2,7,12
144,0,0,4,7,5,8,1,2
145,0,0,22,9,4,2,12,3
146,0,0,4,10,8,7,1,6
147,0,0,17,19,3,8,13,2
148,0,0,9,8,4,5,1,3
149,0,0,4,6,8,5,1,3
150,0,0,17,6,5,2,3,14
151,0,0,4,21,8,1,1,9
152,0,0,8,14,5,3,3,13
153,0,0,6,6,5,5,2,3
154,0,0,9,17,3,4,13,1
155,0,0,22,10,2,10,12,2
156,0,0,4,8,8,5,3,1
157,0,0,22,9,4,2,1,12
158,0,0,4,8,5,8,1,3
159,0,0,9,17,4,8,1,2
160,0,0,1,4,1,8,7,1
161,0,0,1,22,1,3,7,11
162,0,0,4,4,8,8,1,1
163,0,0,1,15,1,8,7,2
164,0,0,22,4,2,8,12,1
165,0,0,22,9,2,4,12,1
166,0,0,9,10,4,7,1,6
167,0,0,1,22,1,2,7,12
168,0,0,16,20,8,8,2,2
169,0,0,22,17,2,3,13,12
170,0,0,9,6,4,5,1,3
171,0,0,1,22,1,2,7,12
172,0,0,6,9,4,5,1,3
173,0,0,3,23,1,3,7,11
174,0,0,17,8,3,5,13,3
175,0,0,4,22,2,8,1,12
176,0,0,4,9,4,8,4,1
177,0,0,22,22,2,2,12,12
178,1,1,4,17,8,2,1,14
179,1,1,13,13,1,7,7,7
180,1,1,1,9,1,4,7,1
181,1,1,4,22,8,2,1,12
182,1,1,22,22,2,6,12,4
183,1,1,1,10,1,7,7,6
184,1,1,1,6,1,6,7,3
185,1,1,9,22,2,2,4,12
186,1,1,6,9,6,4,2,1
187,1,1,4,4,8,8,1,1
188,1,1,10,14,7,7,6,2
189,1,1,10,22,7,2,6,12
190,1,1,4,9,8,4,1,1
191,1,1,9,14,4,8,1,2
192,1,1,4,21,8,1,1,9
193,1,1,1,22,1,2,7,12
194,1,1,9,14,4,8,1,2
195,1,1,4,6,6,6,1,2
196,1,1,4,14,8,8,1,2
197,1,1,17,17,2,1,14,14
198,1,1,6,9,6,4,2,1
199,1,1,8,14,5,3,3,3
200,1,1,3,3,8,6,2,4
201,1,1,6,6,5,5,3,2
202,1,1,22,22,2,6,12,4
203,1,1,4,22,8,2,1,12
204,1,1,8,14,6,6,3,4
205,1,1,4,10,8,7,1,6
206,1,1,14,22,3,2,13,12
207,1,1,7,9,6,6,3,4
208,1,1,7,17,2,4,13,15
209,1,1,9,17,4,3,1,13
210,1,1,17,17,3,3,13,1
211,1,1,9,14,4,4,1,2
212,1,1,4,16,8,8,1,2
213,1,1,14,1,8,8,2,7
214,1,1,8,22,6,2,3,12
215,1,1,1,9,1,1,7,1
216,1,1,10,25,7,2,6,8
217,1,1,10,14,7,8,6,2
218,1,1,7,7,6,6,3,2
219,1,1,22,9,2,6,12,3
220,1,1,17,17,3,2,13,14
221,1,1,22,23,2,6,12,11
222,1,1,6,9,6,4,5,1
223,1,1,4,6,8,5,1,3
224,1,1,12,14,5,8,4,2
225,1,1,0,0,2,6,12,4
226,1,1,21,22,1,2,9,12
227,1,1,1,3,1,8,7,2
228,1,1,10,17,7,3,6,13
229,1,1,6,22,6,2,2,12
230,1,1,22,17,2,2,12,14
231,1,1,8,22,6,2,3,12
232,1,1,19,22,8,2,2,12
233,1,1,6,6,5,5,5,5
234,1,1,13,22,1,2,7,12
235,1,1,9,22,2,4,12,12
236,1,1,9,22,4,2,1,12
237,1,1,9,13,4,1,1,7
238,1,1,4,22,8,2,1,12
239,1,1,23,6,3,7,11,3
240,1,1,1,15,1,8,7,2
241,1,1,9,22,4,2,1,12
242,1,1,8,9,6,4,2,1
243,1,1,17,24,3,2,13,8
244,1,1,1,22,1,1,7,12
245,1,1,22,22,2,2,12,12
246,1,1,17,22,3,2,13,12
247,1,1,7,3,6,6,2,2
248,1,1,6,9,6,6,3,4
249,1,1,4,6,8,5,1,3
250,1,1,4,10,8,7,1,6
251,1,1,1,8,1,5,7,2
252,1,1,6,6,6,6,2,2
253,1,1,12,17,5,2,4,14
254,1,1,2,14,1,8,7,2
255,1,1,4,9,4,4,1,1
256,1,1,1,21,1,1,7,9
257,1,1,3,4,8,8,2,1
258,1,1,9,22,4,3,1,12
259,1,1,9,13,4,1,1,7
260,1,1,14,14,3,3,13,9
261,1,1,10,16,7,8,6,2
262,1,1,13,17,1,2,7,14
263,1,1,1,4,1,1,7,1
264,1,1,1,21,1,1,7,9
265,1,1,1,21,1,1,7,9
266,1,1,22,14,2,8,12,2
267,1,1,8,23,5,3,3,11
268,1,1,4,6,8,8,1,3
269,1,1,1,1,1,1,7,7
270,1,1,13,17,1,3,7,13
271,1,1,14,14,3,3,13,13
