,education,sex,agree,disagree
1,0,1,4,2
2,1,1,2,0
3,2,1,4,0
4,3,1,6,3
5,4,1,5,5
6,5,1,13,7
7,6,1,25,9
8,7,1,27,15
9,8,1,75,49
10,9,1,29,29
11,10,1,32,45
12,11,1,36,59
13,12,1,115,245
14,13,1,31,70
15,14,1,28,79
16,15,1,9,23
17,16,1,15,110
18,17,1,3,29
19,18,1,1,28
20,19,1,2,13
21,20,1,3,20
22,0,0,4,2
23,1,0,1,0
24,2,0,0,0
25,3,0,6,1
26,4,0,10,0
27,5,0,14,7
28,6,0,17,5
29,7,0,26,16
30,8,0,91,36
31,9,0,30,35
32,10,0,55,67
33,11,0,50,62
34,12,0,190,403
35,13,0,17,92
36,14,0,18,81
37,15,0,7,34
38,16,0,13,115
39,17,0,3,28
40,18,0,0,21
41,19,0,1,2
42,20,0,2,4
