,cones,ntrees,dbh,height,cover,sntrees,sheight,scover
1,61,32,0.230000004172325,20.4200000762939,91.3000030517578,1.00400733947754,0.417349934577942,0.514496862888336
2,4,4,0.270000010728836,15.1999998092651,61.5,-1.015101313591,-0.864885866641998,-3.12099957466125
3,15,34,0.170000001788139,15.9700002670288,91.4000015258789,1.14822936058044,-0.675743699073792,0.52669632434845
4,9,22,0.230000004172325,22.4200000762939,92.0,0.282897084951401,0.908627986907959,0.599894046783447
5,42,22,0.180000007152557,19.4500007629395,93.1999969482422,0.282897084951401,0.179080247879028,0.746289491653442
6,4,21,0.230000004172325,23.0699996948242,93.5,0.210786044597626,1.0682932138443,0.782888829708099
7,12,19,0.219999998807907,21.0599994659424,88.5,0.0665640011429787,0.574558734893799,0.172906264662743
8,27,15,0.259999990463257,18.8199996948242,88.0,-0.221880093216896,0.0243273936212063,0.111908011138439
9,0,12,0.230000004172325,19.1599998474121,89.8000030517578,-0.438213169574738,0.107844695448875,0.331502109766006
10,4,9,0.119999997317791,6.38000011444092,73.3000030517578,-0.65454626083374,-3.03142189979553,-1.68144035339355
11,91,5,0.790000021457672,25.5,94.8000030517578,-0.942990362644196,1.66519618034363,0.941484689712524
12,20,12,0.200000002980232,12.0200004577637,94.1999969482422,-0.438213169574738,-1.6460177898407,0.86828601360321
13,5,15,0.189999997615814,9.0600004196167,76.8000030517578,-0.221880093216896,-2.37310934066772,-1.25445258617401
14,14,42,0.150000005960464,8.81999969482422,77.1999969482422,1.72511756420135,-2.43206286430359,-1.20565474033356
15,35,74,0.150000005960464,17.9099998474121,91.3000030517578,4.03267049789429,-0.199204072356224,0.514496862888336
16,11,23,0.150000005960464,15.9300003051758,92.1999969482422,0.355008095502853,-0.685569226741791,0.624292969703674
17,47,67,0.140000000596046,13.789999961853,91.8000030517578,3.52789306640625,-1.21123683452606,0.57549512386322
18,17,33,0.170000001788139,14.6000003814697,88.5999984741211,1.07611835002899,-1.01226913928986,0.185105726122856
19,16,12,0.340000003576279,13.9899997711182,92.4000015258789,-0.438213169574738,-1.16210901737213,0.648692846298218
20,0,7,0.400000005960464,16.1599998474121,85.1999969482422,-0.798768281936646,-0.629072368144989,-0.229682594537735
21,44,14,0.370000004768372,20.8799991607666,92.9000015258789,-0.29399111866951,0.530343651771545,0.709691107273102
22,18,23,0.230000004172325,15.539999961853,91.5,0.355008095502853,-0.781368553638458,0.538895785808563
23,9,13,0.270000010728836,16.9799995422363,90.6999969482422,-0.366102159023285,-0.427648454904556,0.441298216581345
24,16,7,0.319999992847443,19.2000007629395,89.0,-0.798768281936646,0.117670483887196,0.233904525637627
25,60,11,0.259999990463257,20.0300006866455,93.5,-0.51032418012619,0.321550846099854,0.782888829708099
26,3,7,0.28999999165535,15.8699998855591,91.9000015258789,-0.798768281936646,-0.700307667255402,0.587694585323334
27,5,10,0.349999994039536,20.8700008392334,90.6999969482422,-0.582435190677643,0.527887642383575,0.441298216581345
28,5,11,0.310000002384186,21.5499992370605,90.4000015258789,-0.51032418012619,0.694921791553497,0.404699832201004
29,2,3,0.419999986886978,20.3700008392334,69.9000015258789,-1.08721244335175,0.405068159103394,-2.09622859954834
30,32,11,0.330000013113022,18.2700004577637,92.5999984741211,-0.51032418012619,-0.110773883759975,0.673091769218445
31,55,15,0.319999992847443,24.5,91.4000015258789,-0.221880093216896,1.41955709457397,0.52669632434845
32,3,11,0.340000003576279,19.1200008392334,89.1999969482422,-0.51032418012619,0.0980193838477135,0.258303463459015
33,18,14,0.349999994039536,22.9799995422363,87.5999984741211,-0.29399111866951,1.04618573188782,0.0631092190742493
34,0,13,0.270000010728836,16.1100006103516,54.4000015258789,-0.366102159023285,-0.641354143619537,-3.98717451095581
35,11,7,0.349999994039536,22.2600002288818,93.0999984741211,-0.798768281936646,0.869325757026672,0.734090030193329
36,0,22,0.230000004172325,15.5500001907349,90.1999969482422,0.282897084951401,-0.77891206741333,0.380299955606461
37,6,18,0.330000013113022,20.9799995422363,93.5999984741211,-0.0055470229126513,0.554907619953156,0.795088291168213
38,4,18,0.270000010728836,19.2099990844727,93.0999984741211,-0.0055470229126513,0.120126463472843,0.734090030193329
39,0,9,0.349999994039536,24.1200008392334,84.4000015258789,-0.65454626083374,1.32621455192566,-0.32727923989296
40,48,11,0.370000004768372,22.6800003051758,86.5,-0.51032418012619,0.972494184970856,-0.0710867568850517
41,7,16,0.259999990463257,21.2700004577637,91.0999984741211,-0.149769067764282,0.626143157482147,0.490097016096115
42,2,11,0.349999994039536,21.7000007629395,80.6999969482422,-0.51032418012619,0.731768012046814,-0.778666913509369
43,3,12,0.349999994039536,21.4799995422363,83.3000030517578,-0.438213169574738,0.677727162837982,-0.461475223302841
44,2,8,0.349999994039536,21.8700008392334,77.3000030517578,-0.726657271385193,0.773526668548584,-1.19345426559448
45,21,9,0.330000013113022,21.6499996185303,80.0,-0.65454626083374,0.719485819339752,-0.86406409740448
46,22,9,0.319999992847443,23.3199996948242,88.0,-0.65454626083374,1.12970304489136,0.111908011138439
47,4,12,0.360000014305115,22.7700004577637,81.0999984741211,-0.438213169574738,0.994601726531982,-0.729868113994598
48,1,28,0.219999998807907,18.5300006866455,93.8000030517578,0.715563237667084,-0.0469076782464981,0.819488167762756
49,3,30,0.189999997615814,16.1900005340576,84.8000030517578,0.859785258769989,-0.621703028678894,-0.278480470180511
50,25,30,0.180000007152557,19.4699993133545,87.1999969482422,0.859785258769989,0.18399266898632,0.0143104279413819
51,57,36,0.170000001788139,17.0799999237061,89.5999984741211,1.29245138168335,-0.403084456920624,0.307102233171463
52,12,11,0.259999990463257,21.3600006103516,87.8000030517578,-0.51032418012619,0.648250758647919,0.0875090807676315
