,date,s,f,s30
1,19750103,300.6,301.3,297.3
2,19750110,300.6,300.6,295.45
3,19750117,300.7,300.45,293.2
4,19750124,296.5,295.75,285.65
5,19750131,297.8,297.55,286.6
6,19750207,296.12,295.94,286.45
7,19750214,293.05,292.7,287.85
8,19750221,290.65,292.4,288.33
9,19750228,286.3,285.65,291.4
10,19750307,285.5,285.35,291.5
11,19750314,288.45,288.0,291.45
12,19750321,288.03,288.56,292.95
13,19750328,292.7,293.05,294.6
14,19750404,292.5,293.6,291.2
15,19750411,291.5,292.45,291.5
16,19750418,291.6,291.1,292.25
17,19750425,293.05,293.75,291.4
18,19750502,291.9,291.4,291.4
19,19750509,291.45,290.8,292.0
20,19750516,291.3,290.95,294.0
21,19750523,291.2,291.1,295.9
22,19750530,291.3,291.55,295.9
23,19750606,291.7,292.2,295.75
24,19750613,292.6,293.15,295.85
25,19750620,293.9,294.1,296.35
26,19750627,296.2,296.25,297.35
27,19750704,295.4,295.4,298.0
28,19750711,296.0,295.7,298.0
29,19750718,296.2,295.9,298.0
30,19750725,296.7,296.45,298.0
31,19750801,297.85,297.65,297.87
32,19750808,297.7,297.85,298.0
33,19750815,297.9,298.05,298.0
34,19750822,297.8,298.05,303.0
35,19750829,297.95,298.9,302.7
36,19750905,297.9,298.65,303.0
37,19750912,297.95,298.6,302.6
38,19750919,300.95,301.95,301.15
39,19750926,301.9,303.5,301.7
40,19751003,302.95,304.5,301.95
41,19751010,302.8,303.55,302.2
42,19751017,302.85,303.4,303.0
43,19751024,301.65,301.8,303.0
44,19751031,301.8,302.0,305.0
45,19751107,301.85,301.9,306.3
46,19751114,302.5,302.35,305.6
47,19751121,302.95,302.95,305.9
48,19751128,302.95,303.7,305.05
49,19751205,306.1,306.9,305.7
50,19751212,305.9,306.8,305.45
51,19751219,305.95,306.7,304.1
52,19751226,305.8,306.45,303.6
53,19760102,305.1,305.6,301.4
54,19760109,305.95,306.25,300.9
55,19760116,305.15,305.3,301.8
56,19760123,304.05,304.05,302.2
57,19760130,303.75,303.75,301.6
58,19760206,301.45,301.15,301.2
59,19760213,301.0,300.9,300.7
60,19760220,302.15,302.2,299.9
61,19760227,302.2,302.25,299.75
62,19760305,301.6,301.6,298.85
63,19760312,301.1,301.25,298.15
64,19760319,299.75,300.0,299.55
65,19760326,299.6,300.15,299.3
66,19760402,299.4,299.7,298.6
67,19760409,298.0,297.9,298.4
68,19760416,299.2,298.95,299.3
69,19760423,299.8,299.45,299.6
70,19760430,299.25,299.15,300.05
71,19760507,298.65,298.7,300.05
72,19760514,298.6,298.8,299.9
73,19760521,299.3,299.45,298.85
74,19760528,299.7,300.0,298.4
75,19760604,300.3,300.5,296.05
76,19760611,299.95,300.2,295.2
77,19760618,299.1,299.18,293.35
78,19760625,297.0,297.0,294.15
79,19760702,297.1,297.2,292.9
80,19760709,296.62,296.8,292.75
81,19760716,294.55,294.7,288.05
82,19760723,293.95,294.0,288.6
83,19760730,293.45,293.6,289.0
84,19760806,292.95,292.95,287.85
85,19760813,292.3,292.35,286.0
86,19760820,289.6,289.4,287.7
87,19760827,288.5,288.35,287.75
88,19760903,288.45,288.7,287.8
89,19760910,286.75,286.85,289.0
90,19760917,286.8,286.75,292.25
91,19760924,288.0,287.95,293.75
92,19761001,287.2,287.4,295.3
93,19761008,288.35,288.5,294.35
94,19761015,292.8,293.15,295.3
95,19761022,293.2,293.3,295.25
96,19761029,294.2,294.2,296.8
97,19761105,295.0,294.9,296.75
98,19761112,294.6,294.55,295.05
99,19761119,295.35,295.4,294.1
100,19761126,295.45,295.5,293.2
101,19761203,297.5,297.75,292.15
102,19761210,295.0,295.8,292.55
103,19761217,294.7,295.25,289.45
104,19761224,293.4,294.05,288.4
105,19761231,292.95,293.4,288.3
106,19770107,292.45,292.8,285.7
107,19770114,292.1,292.25,284.0
108,19770121,290.2,290.28,283.7
109,19770128,289.35,289.48,281.8
110,19770204,288.1,288.23,281.8
111,19770211,284.9,285.1,282.2
112,19770218,283.2,283.4,278.8
113,19770225,281.5,281.57,276.95
114,19770304,281.6,281.8,273.1
115,19770311,282.0,282.5,271.7
116,19770318,280.65,281.05,277.5
117,19770325,278.65,279.05,277.95
118,19770401,276.15,276.34,278.0
119,19770408,272.95,273.25,277.3
120,19770415,274.2,274.4,277.6
121,19770422,277.38,277.48,277.9
122,19770429,277.25,277.2,277.35
123,19770506,276.4,276.3,274.8
124,19770513,277.35,277.2,273.3
125,19770520,277.3,277.31,273.0
126,19770527,277.1,277.2,268.3
127,19770603,276.2,276.1,264.65
128,19770610,273.65,273.78,263.95
129,19770617,272.5,272.5,263.8
130,19770624,271.1,271.1,264.45
131,19770701,267.05,266.95,265.5
132,19770708,264.7,264.57,266.2
133,19770715,265.55,265.4,266.3
134,19770722,264.4,264.3,266.6
135,19770729,266.2,266.07,267.4
136,19770805,265.7,265.55,267.2
137,19770812,266.2,266.05,267.35
138,19770819,266.8,266.65,266.9
139,19770826,267.1,266.95,266.8
140,19770902,267.85,267.85,261.0
141,19770909,266.6,266.2,257.4
142,19770916,266.9,266.6,252.4
143,19770923,266.85,266.45,252.0
144,19770930,263.0,262.25,247.7
145,19771007,258.0,257.05,246.65
146,19771014,252.9,251.8,245.25
147,19771021,254.5,253.7,240.7
148,19771028,250.2,249.4,242.4
149,19771104,248.75,247.75,241.85
150,19771111,247.1,246.35,236.8
151,19771118,244.3,242.6,240.3
152,19771125,239.6,238.3,241.5
153,19771202,241.95,241.0,236.65
154,19771209,242.65,242.1,240.5
155,19771216,240.85,240.0,242.5
156,19771223,241.2,240.05,240.7
157,19771230,239.6,238.25,241.6
158,19780106,240.8,239.8,241.25
159,19780113,242.1,240.85,240.5
160,19780120,241.95,240.9,239.2
161,19780127,241.2,240.3,237.8
162,19780203,241.65,240.9,236.2
163,19780210,241.5,240.75,235.9
164,19780217,239.8,238.85,230.65
165,19780224,237.6,236.55,222.0
166,19780303,237.4,236.4,220.2
167,19780310,235.55,234.35,218.8
168,19780317,229.7,228.1,221.5
169,19780324,228.2,226.45,225.2
170,19780331,222.9,221.6,225.55
171,19780407,219.2,218.05,225.65
172,19780414,219.8,218.6,226.75
173,19780421,225.75,224.55,228.8
174,19780428,223.9,222.75,222.45
175,19780505,224.3,222.95,221.05
176,19780512,225.4,224.25,216.65
177,19780519,227.5,226.6,212.05
178,19780526,226.75,225.82,204.65
179,19780602,221.25,220.29,202.8
180,19780609,221.25,220.3,202.4
181,19780616,216.0,215.13,203.2
182,19780623,208.0,207.17,196.3
183,19780630,204.45,203.42,188.9
184,19780707,203.0,202.0,186.85
185,19780714,202.15,201.1,184.45
186,19780721,200.85,199.75,192.1
187,19780728,191.65,190.35,189.4
188,19780804,188.3,187.0,190.4
189,19780811,186.1,184.8,191.6
190,19780818,186.05,184.8,188.6
191,19780825,192.5,191.27,188.25
192,19780901,191.9,190.8,186.45
193,19780908,191.2,190.03,188.55
194,19780915,189.75,188.58,182.2
195,19780922,188.8,187.63,183.0
196,19780929,188.9,187.72,180.05
197,19781006,188.25,188.26,187.35
198,19781013,186.0,184.93,189.85
199,19781020,182.25,181.22,194.5
200,19781027,179.05,177.68,196.55
201,19781103,187.8,186.2,197.4
202,19781110,188.25,186.55,196.7
203,19781117,194.7,193.0,192.7
204,19781124,194.15,192.4,194.3
205,19781201,202.5,200.67,196.2
206,19781208,198.25,196.37,197.05
207,19781215,196.05,194.37,196.6
208,19781222,194.0,191.95,200.0
209,19781229,194.4,192.35,202.75
210,19790105,196.6,194.6,196.8
211,19790112,197.7,195.95,200.85
212,19790119,197.85,196.15,201.55
213,19790126,199.05,197.45,202.0
214,19790202,202.3,200.75,205.35
215,19790209,198.25,197.0,205.3
216,19790216,200.45,199.35,207.75
217,19790223,201.25,200.1,205.55
218,19790302,205.15,203.85,214.35
219,19790309,204.5,203.25,213.35
220,19790316,207.9,206.9,216.65
221,19790323,205.4,204.4,218.4
222,19790330,209.6,208.7,223.9
223,19790406,215.0,213.97,214.8
224,19790413,215.5,214.35,213.5
225,19790420,217.7,216.7,218.75
226,19790427,219.45,218.2,221.3
227,19790504,220.3,218.95,220.2
228,19790511,213.8,212.65,220.4
229,19790518,219.3,218.05,218.7
230,19790525,219.3,218.3,215.95
231,19790601,220.9,219.87,218.1
232,19790608,219.9,218.93,217.8
233,19790615,219.5,218.45,216.53
234,19790622,217.55,216.43,214.3
235,19790629,217.4,216.25,216.35
236,19790706,217.0,215.8,216.7
237,19790713,217.75,216.47,216.75
238,19790720,215.85,214.55,219.2
239,19790727,214.9,213.73,220.7
240,19790803,216.75,215.63,221.4
241,19790810,215.8,214.7,222.25
242,19790817,217.0,215.9,223.6
243,19790824,219.2,218.14,222.88
244,19790831,220.7,219.8,224.75
245,19790907,221.0,219.98,226.4
246,19790914,223.9,222.83,232.3
247,19790921,222.4,221.42,235.0
248,19790928,223.5,222.33,238.4
249,19791005,224.55,223.08,241.25
250,19791012,227.42,225.47,246.1
251,19791019,230.9,229.5,245.8
252,19791026,234.26,232.41,249.5
253,19791102,235.5,234.27,247.55
254,19791109,242.48,240.88,236.1
255,19791116,247.0,245.55,240.0
256,19791123,249.25,247.85,238.8
257,19791130,249.4,248.3,238.05
258,19791207,239.2,238.0,235.05
259,19791214,241.5,239.9,239.05
260,19791221,238.0,236.68,238.75
261,19791228,239.0,237.65,239.5
262,19800104,237.1,235.4,239.85
263,19800111,235.68,234.23,241.7
264,19800118,239.4,237.7,246.1
265,19800125,239.2,237.7,248.4
266,19800201,240.25,239.02,248.45
267,19800208,241.3,240.0,246.85
268,19800215,243.6,242.5,249.25
269,19800222,246.65,245.15,248.85
270,19800229,250.15,248.6,257.3
271,19800307,248.2,247.1,260.0
272,19800314,249.3,248.1,252.3
273,19800321,248.85,247.9,247.4
274,19800328,249.7,248.95,239.2
275,19800404,258.1,256.7,233.8
276,19800411,251.0,249.8,227.1
277,19800418,248.3,247.2,225.95
278,19800425,244.1,242.95,219.5
279,19800502,239.9,239.35,222.7
280,19800509,231.7,231.65,217.2
281,19800516,229.5,229.7,215.7
282,19800523,221.6,222.25,217.4
283,19800530,224.4,224.8,219.65
284,19800606,219.6,220.0,219.0
285,19800613,215.3,216.1,219.17
286,19800620,216.8,217.5,220.35
287,19800627,217.5,218.0,226.4
288,19800704,218.65,219.3,225.7
289,19800711,217.7,218.35,223.85
290,19800718,219.05,219.65,224.2
291,19800725,224.65,225.45,220.2
292,19800801,227.4,227.8,217.3
293,19800808,226.5,226.85,216.35
294,19800815,225.05,225.35,211.5
295,19800822,224.2,224.55,216.0
296,19800829,218.95,219.0,207.9
297,19800905,218.0,218.1,209.45
298,19800912,213.2,213.55,206.45
299,19800919,211.7,211.95,208.25
300,19800926,212.3,212.35,211.0
301,19801003,207.6,206.95,212.2
302,19801010,208.2,207.65,211.55
303,19801017,208.25,207.45,213.05
304,19801024,212.35,211.5,213.4
305,19801031,211.65,210.7,210.75
306,19801107,213.4,211.95,209.85
307,19801114,212.9,211.8,209.6
308,19801121,213.35,211.85,207.7
309,19801128,216.55,214.8,203.4
310,19801205,212.2,210.35,200.35
311,19801212,210.5,207.85,203.25
312,19801219,208.75,206.35,198.95
313,19801226,207.0,204.8,203.3
314,19810102,202.75,200.3,203.5
315,19810109,201.95,199.7,203.8
316,19810116,202.6,200.2,205.7
317,19810123,201.65,199.35,207.4
318,19810130,205.7,204.0,209.55
319,19810206,203.1,201.5,209.1
320,19810213,205.5,203.95,207.0
321,19810220,205.15,203.75,209.05
322,19810227,209.35,207.8,211.6
323,19810306,208.95,207.35,213.05
324,19810313,207.7,206.2,216.2
325,19810320,208.85,207.6,217.6
326,19810327,211.85,210.5,213.25
327,19810403,213.3,211.9,217.9
328,19810410,214.15,212.55,218.7
329,19810417,216.75,214.8,220.05
330,19810424,215.4,213.67,224.05
331,19810501,216.0,213.85,223.7
332,19810508,217.25,214.6,226.95
333,19810515,222.6,219.95,220.55
334,19810522,222.45,219.8,224.9
335,19810529,223.85,221.8,225.9
336,19810605,228.1,225.7,229.0
337,19810612,224.7,222.58,230.8
338,19810619,223.6,221.45,234.9
339,19810626,225.2,222.7,237.1
340,19810703,227.8,225.22,241.3
341,19810710,228.8,226.15,231.0
342,19810717,231.6,229.0,232.0
343,19810724,234.7,231.98,230.6
344,19810731,239.25,236.5,229.8
345,19810807,237.0,234.33,232.55
346,19810814,231.8,229.16,226.95
347,19810821,228.15,225.72,226.85
348,19810828,230.55,228.38,230.7
349,19810904,230.0,227.92,228.55
350,19810911,231.65,229.63,228.45
351,19810918,226.85,225.05,232.55
352,19810925,228.9,227.16,235.4
353,19811002,230.7,228.75,227.65
354,19811009,226.9,225.2,227.0
355,19811016,231.0,229.2,223.15
356,19811023,233.25,231.35,217.3
357,19811030,233.4,231.73,216.15
358,19811106,228.8,227.22,217.7
359,19811113,227.15,225.9,219.65
360,19811120,218.8,217.73,219.55
361,19811127,216.15,215.18,219.8
362,19811204,215.95,214.8,219.35
363,19811211,218.5,217.15,223.3
364,19811218,219.35,218.08,225.25
365,19811225,220.75,219.35,227.95
366,19820101,219.3,217.85,233.35
367,19820108,221.65,220.1,236.05
368,19820115,223.25,221.77,239.3
369,19820122,226.35,224.8,234.0
370,19820129,228.4,226.93,237.2
371,19820205,232.75,231.02,233.9
372,19820212,235.65,233.8,239.2
373,19820219,232.4,230.66,243.7
374,19820226,237.0,235.25,247.1
375,19820305,234.7,232.9,245.75
376,19820312,239.75,238.03,246.8
377,19820319,243.55,241.75,242.95
378,19820326,247.4,245.65,236.85
379,19820402,246.35,244.57,236.0
380,19820409,247.9,246.07,233.35
381,19820416,248.02,246.11,237.8
382,19820423,242.85,241.1,239.95
383,19820430,235.55,233.8,245.9
384,19820507,232.2,230.55,248.9
385,19820514,236.4,234.68,252.55
386,19820521,238.5,236.8,256.6
387,19820528,243.2,241.58,255.2
388,19820604,243.4,241.85,257.3
389,19820611,246.6,245.06,254.8
390,19820618,255.2,253.35,254.45
391,19820625,257.3,255.55,251.7
392,19820702,255.5,253.6,258.5
393,19820709,255.8,254.04,263.5
394,19820716,256.0,254.4,259.75
395,19820723,249.35,248.2,251.0
396,19820730,255.95,254.67,259.5
397,19820806,260.8,259.68,259.35
398,19820813,261.5,260.5,261.82
399,19820820,255.55,254.9,263.05
400,19820827,254.9,254.22,269.9
401,19820903,255.7,254.78,274.15
402,19820910,262.0,261.06,263.5
403,19820917,263.4,262.4,268.95
404,19820924,266.4,265.41,275.7
405,19821001,268.35,267.35,276.4
406,19821008,267.6,266.63,267.4
407,19821015,269.1,268.27,265.0
408,19821022,271.95,271.17,257.65
409,19821029,278.1,277.35,247.85
410,19821105,276.15,275.45,242.25
411,19821112,267.5,266.79,244.5
412,19821119,258.9,258.27,242.85
413,19821126,252.6,252.05,232.6
414,19821203,247.1,246.62,228.85
415,19821210,243.9,243.47,229.8
416,19821217,243.1,242.56,235.45
417,19821224,239.1,238.62,237.3
418,19821231,234.4,233.75,241.2
419,19830107,230.35,229.77,236.7
420,19830114,230.5,229.95,234.95
421,19830121,235.2,234.65,236.1
422,19830128,236.85,236.31,236.0
423,19830204,240.0,239.47,236.55
424,19830211,234.75,234.33,237.45
425,19830218,234.2,233.71,240.2
426,19830225,235.0,234.5,239.55
427,19830304,236.4,235.95,237.2
428,19830311,237.3,236.8,237.8
429,19830318,239.75,239.25,237.7
430,19830325,236.7,236.18,237.05
431,19830401,239.5,238.85,237.35
432,19830408,238.95,238.27,233.0
433,19830415,237.55,236.93,234.05
434,19830422,236.2,235.58,235.75
435,19830429,237.35,236.72,239.85
436,19830506,235.35,234.77,241.2
437,19830513,232.85,232.27,243.53
438,19830520,233.75,233.16,237.9
439,19830527,237.7,237.1,239.0
440,19830603,238.6,238.02,240.8
441,19830610,242.2,241.55,241.3
442,19830617,238.65,238.04,240.75
443,19830624,237.8,237.11,240.35
444,19830701,238.75,238.09,243.2
445,19830708,240.35,239.61,245.55
446,19830715,241.05,240.33,243.6
447,19830722,240.05,239.33,243.5
448,19830729,241.5,240.75,246.8
449,19830805,244.55,243.78,246.2
450,19830812,246.9,246.13,244.45
451,19830819,243.3,242.49,242.43
452,19830826,244.25,243.55,236.25
453,19830902,246.75,246.06,232.45
454,19830909,244.5,243.88,232.15
455,19830916,243.55,242.91,232.0
456,19830923,240.85,240.3,232.4
457,19830930,236.15,235.57,234.55
458,19831007,231.35,230.71,236.0
459,19831014,233.6,232.97,234.55
460,19831021,231.85,231.22,234.93
461,19831028,232.55,231.88,234.85
462,19831104,235.45,234.76,234.1
463,19831111,234.8,234.12,235.45
464,19831118,235.75,235.07,235.35
465,19831125,235.12,234.51,233.9
466,19831202,232.72,232.08,233.95
467,19831209,235.85,235.2,233.85
468,19831216,235.3,234.57,234.1
469,19831223,233.75,233.04,234.2
470,19831230,231.5,230.74,233.65
471,19840106,232.82,232.11,233.9
472,19840113,234.5,233.77,233.65
473,19840120,233.5,232.78,233.3
474,19840127,234.1,233.4,233.5
475,19840203,233.1,232.47,224.4
476,19840210,234.3,233.62,223.4
477,19840217,233.3,232.63,225.73
478,19840224,232.93,232.33,224.7
479,19840302,233.03,232.37,225.25
480,19840309,224.1,223.48,224.15
481,19840316,225.05,224.3,224.95
482,19840323,226.3,225.47,225.4
483,19840330,224.2,223.39,227.25
484,19840406,225.53,224.65,229.0
485,19840413,224.3,223.46,231.0
486,19840420,224.6,223.7,233.13
487,19840427,226.05,225.15,231.42
488,19840504,226.38,225.36,230.9
489,19840511,230.18,229.12,232.3
490,19840518,233.15,232.16,233.25
491,19840525,231.05,230.12,237.13
492,19840601,230.5,229.58,238.7
493,19840608,231.65,230.7,241.3
494,19840615,232.7,231.72,242.0
495,19840622,235.4,234.23,246.7
496,19840629,237.0,235.81,246.0
497,19840706,240.95,239.73,243.45
498,19840713,242.15,241.02,242.0
499,19840720,244.3,243.15,241.98
500,19840727,244.2,243.1,241.15
501,19840803,243.3,242.17,244.35
502,19840810,241.2,240.08,245.2
503,19840817,240.5,239.36,245.78
504,19840824,240.75,239.65,246.0
505,19840831,241.65,240.56,245.6
506,19840907,244.8,243.66,247.45
507,19840914,245.55,244.5,249.1
508,19840921,247.55,246.6,245.8
509,19840928,245.2,244.17,245.7
510,19841005,246.65,245.58,240.8
511,19841012,247.5,246.5,241.35
512,19841019,247.8,246.89,243.8
513,19841026,245.3,244.53,245.73
514,19841102,242.1,241.38,246.6
515,19841109,241.7,240.99,247.25
516,19841116,242.45,241.81,247.2
517,19841123,244.3,243.78,248.1
518,19841130,246.95,246.42,251.85
519,19841207,246.9,246.34,255.02
520,19841214,247.8,247.26,254.8
521,19841221,247.9,247.42,254.05
522,19841228,250.1,249.57,255.0
523,19850104,252.45,251.93,259.65
524,19850111,253.7,253.22,262.8
525,19850118,254.2,253.76,261.55
526,19850125,253.65,253.23,261.65
527,19850201,256.2,255.67,261.15
528,19850208,260.6,260.08,259.85
529,19850215,256.9,256.42,260.48
530,19850222,262.5,262.0,255.05
531,19850301,261.0,260.4,253.05
532,19850308,261.6,261.03,254.75
533,19850315,260.95,260.36,249.0
534,19850322,254.9,254.4,251.1
535,19850329,251.0,250.45,251.55
536,19850405,254.2,253.64,253.4
537,19850412,251.25,250.7,250.3
538,19850419,247.4,246.93,250.2
539,19850426,252.7,252.18,251.88
540,19850503,253.25,252.72,249.33
541,19850510,252.25,251.81,249.7
542,19850517,250.8,250.38,246.7
543,19850524,250.8,250.45,248.95
544,19850531,251.92,251.6,248.48
545,19850607,248.65,248.36,245.85
546,19850614,249.1,248.77,237.8
547,19850621,248.55,248.26,238.2
548,19850628,249.22,248.87,236.4
549,19850705,247.75,247.39,238.95
550,19850712,241.7,241.34,238.05
551,19850719,237.85,237.48,237.5
552,19850726,239.35,238.99,237.0
553,19850802,237.5,237.14,239.6
554,19850809,238.17,237.81,242.75
555,19850816,237.1,236.73,242.13
556,19850823,236.35,235.99,229.8
557,19850830,236.9,236.59,213.0
558,19850906,242.25,241.9,215.9
559,19850913,242.2,241.81,215.8
560,19850920,242.1,241.75,215.85
561,19850927,218.5,218.22,211.25
562,19851004,212.4,212.09,205.75
563,19851011,215.4,215.07,203.45
564,19851018,215.25,214.94,203.28
565,19851025,214.85,214.76,201.68
566,19851101,209.65,209.56,204.77
567,19851108,205.6,205.55,203.65
568,19851115,203.65,203.58,201.95
569,19851122,201.65,201.62,202.8
570,19851129,202.0,201.95,200.7
571,19851206,203.33,203.33,201.65
572,19851213,202.2,202.23,202.65
573,19851220,202.72,202.64,202.28
574,19851227,202.3,202.13,193.7
575,19860103,202.35,202.14,192.05
576,19860110,202.3,202.08,186.1
577,19860117,202.4,202.17,178.9
578,19860124,197.75,197.52,181.73
579,19860131,192.95,192.66,179.9
580,19860207,190.6,190.28,179.6
581,19860214,182.4,182.1,175.6
582,19860221,182.85,182.61,176.2
583,19860228,179.7,179.43,179.47
584,19860307,179.5,179.21,180.2
585,19860314,176.4,176.15,176.6
586,19860321,176.1,175.89,167.4
587,19860328,179.4,179.11,167.9
588,19860404,179.7,179.37,167.85
589,19860411,178.2,177.9,161.9
590,19860418,175.0,174.69,167.1
591,19860425,169.85,169.53,170.1
592,19860502,169.45,169.07,170.95
593,19860509,161.9,161.55,165.85
594,19860516,165.13,164.79,166.9
595,19860523,169.6,169.27,166.2
596,19860530,173.4,173.03,163.0
597,19860606,168.3,167.93,160.1
598,19860613,166.25,165.89,159.65
599,19860620,167.5,167.16,155.2
600,19860627,165.7,165.33,156.25
601,19860704,161.65,161.29,154.65
602,19860711,160.85,160.52,154.2
603,19860718,157.1,156.82,153.1
604,19860725,157.93,157.66,155.15
605,19860801,153.35,153.11,155.3
606,19860808,153.9,153.66,154.7
607,19860815,154.1,153.87,155.6
608,19860822,153.0,152.84,154.35
609,19860829,155.78,155.64,154.43
610,19860905,155.0,154.86,154.5
611,19860912,155.5,155.31,154.18
612,19860919,152.5,152.37,155.1
613,19860926,154.1,153.92,160.1
614,19861003,154.25,154.07,164.2
615,19861010,155.15,154.97,160.8
616,19861017,154.15,153.95,163.08
617,19861024,160.9,160.72,164.5
618,19861031,163.8,163.55,162.25
619,19861107,163.2,162.95,162.9
620,19861114,161.45,161.2,163.93
621,19861121,163.55,163.31,162.55
622,19861128,162.15,161.9,160.3
623,19861205,162.6,162.32,158.25
624,19861212,163.1,162.82,154.2
625,19861219,163.05,162.66,154.0
626,19861226,161.9,161.44,150.55
627,19870102,158.2,157.9,152.7
628,19870109,158.12,157.84,153.5
629,19870116,153.95,153.65,154.67
630,19870123,152.75,152.47,153.7
631,19870130,152.73,152.5,153.3
632,19870206,154.35,154.1,153.55
633,19870213,153.85,153.58,151.83
634,19870220,153.8,153.53,151.6
635,19870227,153.2,152.92,146.85
636,19870306,153.45,153.21,146.9
637,19870313,153.3,153.02,142.1
638,19870320,151.5,151.22,142.35
639,19870327,148.0,147.75,139.55
640,19870403,146.0,145.66,138.3
641,19870410,142.0,141.66,139.65
642,19870417,142.85,142.5,140.15
643,19870424,139.7,139.35,143.2
644,19870501,140.2,139.78,142.85
645,19870508,139.4,139.0,142.0
646,19870515,139.4,139.0,144.95
647,19870522,140.35,139.94,146.05
648,19870529,143.9,143.48,147.1
649,19870605,143.3,142.88,149.35
650,19870612,143.15,142.74,150.9
651,19870619,144.55,144.14,152.45
652,19870626,146.05,145.63,150.4
653,19870703,148.55,148.12,150.8
654,19870710,150.8,150.37,151.45
655,19870717,151.95,151.56,145.95
656,19870724,150.05,149.63,142.95
657,19870731,149.3,149.6,141.25
658,19870807,151.0,150.57,141.08
659,19870814,152.15,151.73,143.9
660,19870821,143.35,142.95,144.55
661,19870828,142.83,142.44,146.1
662,19870904,141.6,141.21,145.65
663,19870911,142.65,142.23,144.2
664,19870918,142.75,142.32,142.7
665,19870925,143.78,143.39,142.25
666,19871002,146.3,145.84,137.2
667,19871009,143.83,143.34,135.5
668,19871016,141.88,141.37,136.0
669,19871023,143.83,143.45,135.45
670,19871030,138.95,138.58,133.42
671,19871106,135.23,134.9,132.73
672,19871113,135.77,135.43,127.35
673,19871120,135.05,134.7,126.6
674,19871127,133.8,133.36,123.65
675,19871204,132.0,131.59,129.0
676,19871211,128.33,127.85,125.82
677,19871218,126.35,125.94,127.63
678,19871225,126.0,125.57,127.85
679,19880101,121.35,121.02,128.35
680,19880108,129.4,129.04,128.9
681,19880115,126.3,125.93,130.13
682,19880122,127.4,127.07,128.9
683,19880129,127.77,127.48,128.4
684,19880205,128.68,128.36,128.53
685,19880212,129.75,129.46,127.1
686,19880219,130.1,129.79,127.35
687,19880226,128.35,128.06,125.3
688,19880304,128.9,128.63,125.1
689,19880311,127.3,127.03,126.85
690,19880318,128.38,128.12,123.93
691,19880325,125.77,125.52,125.3
692,19880401,124.18,124.55,124.8
693,19880408,125.45,125.1,124.51
694,19880415,123.95,123.61,124.85
695,19880422,124.6,124.25,124.2
696,19880429,124.6,124.22,125.18
697,19880506,124.65,124.27,125.23
698,19880513,124.55,124.17,126.38
699,19880520,124.9,124.55,128.7
700,19880527,124.7,124.35,132.9
701,19880603,125.6,125.21,134.53
702,19880610,124.9,124.55,133.85
703,19880617,125.8,125.44,134.38
704,19880624,129.45,129.08,132.4
705,19880701,134.33,133.9,133.08
706,19880708,132.4,131.98,134.7
707,19880715,133.85,133.42,133.6
708,19880722,130.8,130.39,134.18
709,19880729,132.95,132.51,136.6
710,19880805,133.22,132.79,133.7
711,19880812,133.15,132.67,133.47
712,19880819,133.45,132.99,134.23
713,19880826,133.8,133.35,134.3
714,19880902,136.88,136.48,133.78
715,19880909,133.15,132.79,131.08
716,19880916,134.1,133.72,127.2
717,19880923,134.47,134.12,127.15
718,19880930,134.57,134.13,124.78
719,19881007,133.5,133.03,124.5
720,19881014,127.6,127.17,123.28
721,19881021,126.65,126.2,121.6
722,19881028,126.05,125.61,121.9
723,19881104,124.35,123.91,121.55
724,19881111,123.9,123.42,123.18
725,19881118,122.95,122.47,125.2
726,19881125,121.08,120.63,124.9
727,19881202,121.55,121.02,124.75
728,19881209,122.3,121.76,126.25
729,19881216,124.3,123.73,127.88
730,19881223,124.6,124.06,128.2
731,19881230,125.1,124.57,129.35
732,19890106,126.0,125.45,129.5
733,19890113,126.65,126.04,126.25
734,19890120,128.45,127.85,126.7
735,19890127,128.5,127.99,126.65
736,19890203,129.25,128.75,128.1
737,19890210,127.3,126.78,129.02
738,19890217,125.75,125.21,131.9
739,19890224,126.55,125.97,133.05
740,19890303,128.0,127.4,131.85
741,19890310,128.92,128.33,132.92
742,19890317,131.0,130.36,132.05
743,19890324,130.7,130.11,132.25
744,19890331,132.35,131.63,134.13
745,19890407,131.95,131.32,134.92
746,19890414,132.5,131.87,136.9
747,19890421,131.4,130.79,141.7
748,19890428,132.75,132.13,143.7
749,19890505,133.83,133.2,142.42
750,19890512,135.95,135.32,148.63
751,19890519,138.72,138.13,145.0
752,19890526,140.08,139.52,142.7
753,19890602,141.9,141.33,142.6
754,19890609,144.8,144.3,139.6
755,19890616,146.4,145.88,142.7
756,19890623,139.7,139.18,142.3
757,19890630,143.8,143.25,136.65
758,19890707,139.5,139.0,139.18
759,19890714,139.65,139.18,142.25
760,19890721,141.5,141.02,142.73
761,19890728,139.3,138.85,143.4
762,19890804,137.75,137.32,146.6
763,19890811,141.25,140.77,146.9
764,19890818,143.07,142.61,145.9
765,19890825,143.65,143.19,140.55
766,19890901,145.15,144.73,141.0
767,19890908,146.45,146.05,143.45
768,19890915,146.95,146.55,142.5
769,19890922,145.25,144.83,142.1
770,19890929,139.33,138.85,143.25
771,19891006,143.4,142.96,143.0
772,19891013,144.0,143.68,143.55
773,19891020,142.05,141.73,144.1
774,19891027,142.45,142.16,143.9
775,19891103,143.3,143.0,143.8
776,19891110,142.7,142.42,144.3
777,19891117,144.15,143.87,143.95
778,19891124,143.6,143.37,143.15
