,x
1,735
2,320
3,325
4,392
5,524
6,450
7,1459
8,135
9,465
10,600
11,330
12,336
13,280
14,315
15,870
16,906
17,202
18,329
19,290
20,1000
21,600
22,505
23,1450
24,840
25,1243
26,890
27,350
28,407
29,286
30,280
31,525
32,720
33,390
34,250
35,327
36,230
37,265
38,850
39,210
40,630
41,260
42,230
43,360
44,730
45,600
46,306
47,390
48,420
49,291
50,710
51,340
52,217
53,281
54,352
55,259
56,250
57,470
58,680
59,570
60,350
61,300
62,560
63,900
64,625
65,332
66,2348
67,1171
68,3710
69,2315
70,2533
71,780
72,280
73,410
74,460
75,260
76,255
77,431
78,350
79,760
80,618
81,338
82,981
83,1306
84,500
85,696
86,605
87,250
88,411
89,1054
90,735
91,233
92,435
93,490
94,310
95,460
96,383
97,375
98,1270
99,545
100,445
101,1885
102,380
103,300
104,380
105,377
106,425
107,276
108,210
109,800
110,420
111,350
112,360
113,538
114,1100
115,1205
116,314
117,237
118,610
119,360
120,540
121,1038
122,424
123,310
124,300
125,444
126,301
127,268
128,620
129,215
130,652
131,900
132,525
133,246
134,360
135,529
136,500
137,720
138,270
139,430
140,671
141,1770
