,rate,decay
1,84.0,1
2,84.7,1
3,84.7,1
4,85.1,1
5,85.2,1
6,85.2,1
7,86.0,1
8,86.1,1
9,86.7,1
10,86.9,1
11,87.2,1
12,87.8,1
13,87.9,1
14,20.5,rho
15,22.1,rho
16,22.3,rho
17,22.3,rho
18,22.6,rho
19,24.0,rho
20,8.0,pi
21,9.0,pi
22,9.9,pi
23,10.0,pi
24,10.7,pi
25,11.7,pi
26,11.8,pi
27,13.0,e
28,16.0,e
29,17.0,e
30,17.4,e
31,17.6,e
32,18.2,e
33,18.2,e
34,18.3,e
35,18.4,e
36,18.9,e
37,19.0,e
38,19.1,e
39,20.4,e
40,22.4,e
41,12.9,mu
42,15.0,mu
43,17.1,mu
44,17.4,mu
45,17.5,mu
46,17.6,mu
47,17.7,mu
48,17.7,mu
49,17.8,mu
50,18.0,mu
51,18.2,mu
52,18.3,mu
53,18.3,mu
54,18.8,mu
55,19.4,mu
56,21.0,mu
57,22.0,mu
58,22.0,mu
59,22.4,mu
60,35.0,mu
