,inst,time,status,age,sex,ph.ecog,ph.karno,pat.karno,meal.cal,wt.loss
1,3.0,306,2,74,1,1.0,90.0,100.0,1175.0,0.0
2,3.0,455,2,68,1,0.0,90.0,90.0,1225.0,15.0
3,3.0,1010,1,56,1,0.0,90.0,90.0,1025.0,15.0
4,5.0,210,2,57,1,1.0,90.0,60.0,1150.0,11.0
5,1.0,883,2,60,1,0.0,100.0,90.0,1025.0,0.0
6,12.0,1022,1,74,1,1.0,50.0,80.0,513.0,0.0
7,7.0,310,2,68,2,2.0,70.0,60.0,384.0,10.0
8,11.0,361,2,71,2,2.0,60.0,80.0,538.0,1.0
9,1.0,218,2,53,1,1.0,70.0,80.0,825.0,16.0
10,7.0,166,2,61,1,2.0,70.0,70.0,271.0,34.0
11,6.0,170,2,57,1,1.0,80.0,80.0,1025.0,27.0
12,16.0,654,2,68,2,2.0,70.0,70.0,1025.0,23.0
13,11.0,728,2,68,2,1.0,90.0,90.0,1025.0,5.0
14,21.0,71,2,60,1,1.0,60.0,70.0,1225.0,32.0
15,12.0,567,2,57,1,1.0,80.0,70.0,2600.0,60.0
16,1.0,144,2,67,1,1.0,80.0,90.0,1025.0,15.0
17,22.0,613,2,70,1,1.0,90.0,100.0,1150.0,-5.0
18,16.0,707,2,63,1,2.0,50.0,70.0,1025.0,22.0
19,1.0,61,2,56,2,2.0,60.0,60.0,238.0,10.0
20,21.0,88,2,57,1,1.0,90.0,80.0,1175.0,0.0
21,11.0,301,2,67,1,1.0,80.0,80.0,1025.0,17.0
22,6.0,81,2,49,2,0.0,100.0,70.0,1175.0,-8.0
23,11.0,624,2,50,1,1.0,70.0,80.0,1025.0,16.0
24,15.0,371,2,58,1,0.0,90.0,100.0,975.0,13.0
25,12.0,394,2,72,1,0.0,90.0,80.0,1025.0,0.0
26,12.0,520,2,70,2,1.0,90.0,80.0,825.0,6.0
27,4.0,574,2,60,1,0.0,100.0,100.0,1025.0,-13.0
28,13.0,118,2,70,1,3.0,60.0,70.0,1075.0,20.0
29,13.0,390,2,53,1,1.0,80.0,70.0,875.0,-7.0
30,1.0,12,2,74,1,2.0,70.0,50.0,305.0,20.0
31,12.0,473,2,69,2,1.0,90.0,90.0,1025.0,-1.0
32,1.0,26,2,73,1,2.0,60.0,70.0,388.0,20.0
33,7.0,533,2,48,1,2.0,60.0,80.0,1025.0,-11.0
34,16.0,107,2,60,2,2.0,50.0,60.0,925.0,-15.0
35,12.0,53,2,61,1,2.0,70.0,100.0,1075.0,10.0
36,1.0,122,2,62,2,2.0,50.0,50.0,1025.0,0.0
37,22.0,814,2,65,1,2.0,70.0,60.0,513.0,28.0
38,15.0,965,1,66,2,1.0,70.0,90.0,875.0,4.0
39,1.0,93,2,74,1,2.0,50.0,40.0,1225.0,24.0
40,1.0,731,2,64,2,1.0,80.0,100.0,1175.0,15.0
41,5.0,460,2,70,1,1.0,80.0,60.0,975.0,10.0
42,11.0,153,2,73,2,2.0,60.0,70.0,1075.0,11.0
43,10.0,433,2,59,2,0.0,90.0,90.0,363.0,27.0
44,12.0,145,2,60,2,2.0,70.0,60.0,1025.0,0.0
45,7.0,583,2,68,1,1.0,60.0,70.0,1025.0,7.0
46,7.0,95,2,76,2,2.0,60.0,60.0,625.0,-24.0
47,1.0,303,2,74,1,0.0,90.0,70.0,463.0,30.0
48,3.0,519,2,63,1,1.0,80.0,70.0,1025.0,10.0
49,13.0,643,2,74,1,0.0,90.0,90.0,1425.0,2.0
50,22.0,765,2,50,2,1.0,90.0,100.0,1175.0,4.0
51,3.0,735,2,72,2,1.0,90.0,90.0,1025.0,9.0
52,12.0,189,2,63,1,0.0,80.0,70.0,1025.0,0.0
53,21.0,53,2,68,1,0.0,90.0,100.0,1025.0,0.0
54,1.0,246,2,58,1,0.0,100.0,90.0,1175.0,7.0
55,6.0,689,2,59,1,1.0,90.0,80.0,1300.0,15.0
56,1.0,65,2,62,1,0.0,90.0,80.0,725.0,0.0
57,5.0,5,2,65,2,0.0,100.0,80.0,338.0,5.0
58,22.0,132,2,57,1,2.0,70.0,60.0,1025.0,18.0
59,3.0,687,2,58,2,1.0,80.0,80.0,1225.0,10.0
60,1.0,345,2,64,2,1.0,90.0,80.0,1075.0,-3.0
61,22.0,444,2,75,2,2.0,70.0,70.0,438.0,8.0
62,12.0,223,2,48,1,1.0,90.0,80.0,1300.0,68.0
63,21.0,175,2,73,1,1.0,80.0,100.0,1025.0,0.0
64,11.0,60,2,65,2,1.0,90.0,80.0,1025.0,0.0
65,3.0,163,2,69,1,1.0,80.0,60.0,1125.0,0.0
66,3.0,65,2,68,1,2.0,70.0,50.0,825.0,8.0
67,16.0,208,2,67,2,2.0,70.0,90.0,538.0,2.0
68,5.0,821,1,64,2,0.0,90.0,70.0,1025.0,3.0
69,22.0,428,2,68,1,0.0,100.0,80.0,1039.0,0.0
70,6.0,230,2,67,1,1.0,80.0,100.0,488.0,23.0
71,13.0,840,1,63,1,0.0,90.0,90.0,1175.0,-1.0
72,3.0,305,2,48,2,1.0,80.0,90.0,538.0,29.0
73,5.0,11,2,74,1,2.0,70.0,100.0,1175.0,0.0
74,2.0,132,2,40,1,1.0,80.0,80.0,1025.0,3.0
75,21.0,226,2,53,2,1.0,90.0,80.0,825.0,3.0
76,12.0,426,2,71,2,1.0,90.0,90.0,1075.0,19.0
77,1.0,705,2,51,2,0.0,100.0,80.0,1300.0,0.0
78,6.0,363,2,56,2,1.0,80.0,70.0,1225.0,-2.0
79,3.0,11,2,81,1,0.0,90.0,90.0,731.0,15.0
80,1.0,176,2,73,1,0.0,90.0,70.0,169.0,30.0
81,4.0,791,2,59,1,0.0,100.0,80.0,768.0,5.0
82,13.0,95,2,55,1,1.0,70.0,90.0,1500.0,15.0
83,11.0,196,1,42,1,1.0,80.0,80.0,1425.0,8.0
84,21.0,167,2,44,2,1.0,80.0,90.0,588.0,-1.0
85,16.0,806,1,44,1,1.0,80.0,80.0,1025.0,1.0
86,6.0,284,2,71,1,1.0,80.0,90.0,1100.0,14.0
87,22.0,641,2,62,2,1.0,80.0,80.0,1150.0,1.0
88,21.0,147,2,61,1,0.0,100.0,90.0,1175.0,4.0
89,13.0,740,1,44,2,1.0,90.0,80.0,588.0,39.0
90,1.0,163,2,72,1,2.0,70.0,70.0,910.0,2.0
91,11.0,655,2,63,1,0.0,100.0,90.0,975.0,-1.0
92,22.0,239,2,70,1,1.0,80.0,100.0,1025.0,23.0
93,5.0,88,2,66,1,1.0,90.0,80.0,875.0,8.0
94,10.0,245,2,57,2,1.0,80.0,60.0,280.0,14.0
95,1.0,588,1,69,2,0.0,100.0,90.0,1025.0,13.0
96,12.0,30,2,72,1,2.0,80.0,60.0,288.0,7.0
97,3.0,179,2,69,1,1.0,80.0,80.0,1025.0,25.0
98,12.0,310,2,71,1,1.0,90.0,100.0,1025.0,0.0
99,11.0,477,2,64,1,1.0,90.0,100.0,910.0,0.0
100,3.0,166,2,70,2,0.0,90.0,70.0,1025.0,10.0
101,1.0,559,1,58,2,0.0,100.0,100.0,710.0,15.0
102,6.0,450,2,69,2,1.0,80.0,90.0,1175.0,3.0
103,13.0,364,2,56,1,1.0,70.0,80.0,1025.0,4.0
104,6.0,107,2,63,1,1.0,90.0,70.0,1025.0,0.0
105,13.0,177,2,59,1,2.0,50.0,90.0,1025.0,32.0
106,12.0,156,2,66,1,1.0,80.0,90.0,875.0,14.0
107,26.0,529,1,54,2,1.0,80.0,100.0,975.0,-3.0
108,1.0,11,2,67,1,1.0,90.0,90.0,925.0,0.0
109,21.0,429,2,55,1,1.0,100.0,80.0,975.0,5.0
110,3.0,351,2,75,2,2.0,60.0,50.0,925.0,11.0
111,13.0,15,2,69,1,0.0,90.0,70.0,575.0,10.0
112,1.0,181,2,44,1,1.0,80.0,90.0,1175.0,5.0
113,10.0,283,2,80,1,1.0,80.0,100.0,1030.0,6.0
114,3.0,201,2,75,2,0.0,90.0,100.0,1025.0,1.0
115,6.0,524,2,54,2,1.0,80.0,100.0,1025.0,15.0
116,1.0,13,2,76,1,2.0,70.0,70.0,413.0,20.0
117,3.0,212,2,49,1,2.0,70.0,60.0,675.0,20.0
118,1.0,524,2,68,1,2.0,60.0,70.0,1300.0,30.0
119,16.0,288,2,66,1,2.0,70.0,60.0,613.0,24.0
120,15.0,363,2,80,1,1.0,80.0,90.0,346.0,11.0
121,22.0,442,2,75,1,0.0,90.0,90.0,1025.0,0.0
122,26.0,199,2,60,2,2.0,70.0,80.0,675.0,10.0
123,3.0,550,2,69,2,1.0,70.0,80.0,910.0,0.0
124,11.0,54,2,72,1,2.0,60.0,60.0,768.0,-3.0
125,1.0,558,2,70,1,0.0,90.0,90.0,1025.0,17.0
126,22.0,207,2,66,1,1.0,80.0,80.0,925.0,20.0
127,7.0,92,2,50,1,1.0,80.0,60.0,1075.0,13.0
128,12.0,60,2,64,1,1.0,80.0,90.0,993.0,0.0
129,16.0,551,1,77,2,2.0,80.0,60.0,750.0,28.0
130,12.0,543,1,48,2,0.0,90.0,60.0,1025.0,4.0
131,4.0,293,2,59,2,1.0,80.0,80.0,925.0,52.0
132,16.0,202,2,53,1,1.0,80.0,80.0,1025.0,20.0
133,6.0,353,2,47,1,0.0,100.0,90.0,1225.0,5.0
134,13.0,511,1,55,2,1.0,80.0,70.0,1025.0,49.0
135,1.0,267,2,67,1,0.0,90.0,70.0,313.0,6.0
136,22.0,511,1,74,2,2.0,60.0,40.0,96.0,37.0
137,12.0,371,2,58,2,1.0,80.0,70.0,1025.0,0.0
138,13.0,387,2,56,1,2.0,80.0,60.0,1075.0,0.0
139,1.0,457,2,54,1,1.0,90.0,90.0,975.0,-5.0
140,5.0,337,2,56,1,0.0,100.0,100.0,1500.0,15.0
141,21.0,201,2,73,2,2.0,70.0,60.0,1225.0,-16.0
142,3.0,404,1,74,1,1.0,80.0,70.0,413.0,38.0
143,26.0,222,2,76,1,2.0,70.0,70.0,1500.0,8.0
144,1.0,62,2,65,2,1.0,80.0,90.0,1075.0,0.0
145,11.0,458,1,57,1,1.0,80.0,100.0,513.0,30.0
146,26.0,356,1,53,2,1.0,90.0,90.0,1025.0,2.0
147,16.0,353,2,71,1,0.0,100.0,80.0,775.0,2.0
148,16.0,163,2,54,1,1.0,90.0,80.0,1225.0,13.0
149,12.0,31,2,82,1,0.0,100.0,90.0,413.0,27.0
150,13.0,340,2,59,2,0.0,100.0,90.0,1025.0,0.0
151,13.0,229,2,70,1,1.0,70.0,60.0,1175.0,-2.0
152,22.0,444,1,60,1,0.0,90.0,100.0,1025.0,7.0
153,5.0,315,1,62,2,0.0,90.0,90.0,1025.0,0.0
154,16.0,182,2,53,2,1.0,80.0,60.0,1025.0,4.0
155,32.0,156,2,55,1,2.0,70.0,30.0,1025.0,10.0
156,1.0,329,2,69,1,2.0,70.0,80.0,713.0,20.0
157,26.0,364,1,68,2,1.0,90.0,90.0,1025.0,7.0
158,4.0,291,2,62,1,2.0,70.0,60.0,475.0,27.0
159,12.0,179,2,63,1,1.0,80.0,70.0,538.0,-2.0
160,1.0,376,1,56,2,1.0,80.0,90.0,825.0,17.0
161,32.0,384,1,62,2,0.0,90.0,90.0,588.0,8.0
162,10.0,268,2,44,2,1.0,90.0,100.0,2450.0,2.0
163,11.0,292,1,69,1,2.0,60.0,70.0,2450.0,36.0
164,6.0,142,2,63,1,1.0,90.0,80.0,875.0,2.0
165,7.0,413,1,64,1,1.0,80.0,70.0,413.0,16.0
166,16.0,266,1,57,2,0.0,90.0,90.0,1075.0,3.0
167,11.0,194,2,60,2,1.0,80.0,60.0,1025.0,33.0
168,21.0,320,2,46,1,0.0,100.0,100.0,860.0,4.0
169,6.0,181,2,61,1,1.0,90.0,90.0,730.0,0.0
170,12.0,285,2,65,1,0.0,100.0,90.0,1025.0,0.0
171,13.0,301,1,61,1,1.0,90.0,100.0,825.0,2.0
172,2.0,348,2,58,2,0.0,90.0,80.0,1225.0,10.0
173,2.0,197,2,56,1,1.0,90.0,60.0,768.0,37.0
174,16.0,382,1,43,2,0.0,100.0,90.0,338.0,6.0
175,1.0,303,1,53,1,1.0,90.0,80.0,1225.0,12.0
176,13.0,296,1,59,2,1.0,80.0,100.0,1025.0,0.0
177,1.0,180,2,56,1,2.0,60.0,80.0,1225.0,-2.0
178,13.0,186,2,55,2,1.0,80.0,70.0,1025.0,0.0
179,1.0,145,2,53,2,1.0,80.0,90.0,588.0,13.0
180,7.0,269,1,74,2,0.0,100.0,100.0,588.0,0.0
181,13.0,300,1,60,1,0.0,100.0,100.0,975.0,5.0
182,1.0,284,1,39,1,0.0,100.0,90.0,1225.0,-5.0
183,16.0,350,2,66,2,0.0,90.0,100.0,1025.0,0.0
184,32.0,272,1,65,2,1.0,80.0,90.0,1025.0,-1.0
185,12.0,292,1,51,2,0.0,90.0,80.0,1225.0,0.0
186,12.0,332,1,45,2,0.0,90.0,100.0,975.0,5.0
187,2.0,285,2,72,2,2.0,70.0,90.0,463.0,20.0
188,3.0,259,1,58,1,0.0,90.0,80.0,1300.0,8.0
189,15.0,110,2,64,1,1.0,80.0,60.0,1025.0,12.0
190,22.0,286,2,53,1,0.0,90.0,90.0,1225.0,8.0
191,16.0,270,2,72,1,1.0,80.0,90.0,488.0,14.0
192,16.0,81,2,52,1,2.0,60.0,70.0,1075.0,0.0
193,12.0,131,2,50,1,1.0,90.0,80.0,513.0,0.0
194,1.0,225,1,64,1,1.0,90.0,80.0,825.0,33.0
195,22.0,269,2,71,1,1.0,90.0,90.0,1300.0,-2.0
196,12.0,225,1,70,1,0.0,100.0,100.0,1175.0,6.0
197,32.0,243,1,63,2,1.0,80.0,90.0,825.0,0.0
198,21.0,279,1,64,1,1.0,90.0,90.0,1025.0,4.0
199,1.0,276,1,52,2,0.0,100.0,80.0,975.0,0.0
200,32.0,135,2,60,1,1.0,90.0,70.0,1275.0,0.0
201,15.0,79,2,64,2,1.0,90.0,90.0,488.0,37.0
202,22.0,59,2,73,1,1.0,60.0,60.0,2200.0,5.0
203,32.0,240,1,63,2,0.0,90.0,100.0,1025.0,0.0
204,3.0,202,1,50,2,0.0,100.0,100.0,635.0,1.0
205,26.0,235,1,63,2,0.0,100.0,90.0,413.0,0.0
206,33.0,105,2,62,1,2.0,90.0,70.0,1025.0,0.0
207,5.0,224,1,55,2,0.0,80.0,90.0,1025.0,23.0
208,13.0,239,2,50,2,2.0,60.0,60.0,1025.0,-3.0
209,21.0,237,1,69,1,1.0,80.0,70.0,1025.0,0.0
210,33.0,173,1,59,2,1.0,90.0,80.0,1025.0,10.0
211,1.0,252,1,60,2,0.0,100.0,90.0,488.0,-2.0
212,6.0,221,1,67,1,1.0,80.0,70.0,413.0,23.0
213,15.0,185,1,69,1,1.0,90.0,70.0,1075.0,0.0
214,11.0,92,1,64,2,2.0,70.0,100.0,1025.0,31.0
215,11.0,13,2,65,1,1.0,80.0,90.0,1025.0,10.0
216,11.0,222,1,65,1,1.0,90.0,70.0,1025.0,18.0
217,13.0,192,1,41,2,1.0,90.0,80.0,1025.0,-10.0
218,21.0,183,2,76,1,2.0,80.0,60.0,825.0,7.0
219,11.0,211,1,70,2,2.0,70.0,30.0,131.0,3.0
220,2.0,175,1,57,2,0.0,80.0,80.0,725.0,11.0
221,22.0,197,1,67,1,1.0,80.0,90.0,1500.0,2.0
222,11.0,203,1,71,2,1.0,80.0,90.0,1025.0,0.0
223,1.0,116,2,76,1,1.0,80.0,80.0,1025.0,0.0
224,1.0,188,1,77,1,1.0,80.0,60.0,1025.0,3.0
225,13.0,191,1,39,1,0.0,90.0,90.0,2350.0,-5.0
226,32.0,105,1,75,2,2.0,60.0,70.0,1025.0,5.0
227,6.0,174,1,66,1,1.0,90.0,100.0,1075.0,1.0
228,22.0,177,1,58,2,1.0,80.0,90.0,1060.0,0.0
