,id,sex,age,APOE.a1,APOE.a2,apoe4,status,R6.a1,R6.a2,N4.a1,N4.a2,N6.a1,N6.a2,N11.a1,N11.a2,N15.a1,N15.a2,N18.a1,N18.a2,N22.a1,N22.a2,N24.a1,N24.a2
1,1,1,68,2,3,0,1,1,1,1,1,1,1,1,1,1,1,1,2,1,2,1,2
2,2,1,77,3,4,1,1,1,1,1,1,1,1,1,2,1,1,1,1,1,1,1,2
3,3,1,71,3,3,0,1,1,1,1,1,1,1,1,1,1,1,1,1,1,1,1,2
4,4,1,74,3,3,0,1,1,1,1,1,1,1,1,1,1,1,1,1,1,1,1,2
5,5,1,66,3,3,0,1,1,2,1,1,1,2,1,2,1,1,1,2,1,2,1,2
6,6,1,69,3,4,1,1,1,1,1,1,1,1,1,1,1,1,1,1,1,1,1,2
7,7,1,81,3,3,0,1,1,1,1,1,1,1,1,1,1,1,1,2,1,1,1,2
8,8,1,77,3,3,0,1,1,1,1,1,1,1,1,1,1,1,1,1,1,1,1,1
9,9,1,77,2,3,0,1,1,1,1,1,1,1,1,1,1,1,1,2,1,1,1,1
10,10,1,74,3,3,0,1,1,1,1,1,1,1,1,1,1,1,1,1,1,1,1,1
11,11,1,76,3,3,0,1,1,1,1,1,1,2,1,1,1,1,1,1,1,2,1,2
12,12,1,69,2,4,1,1,1,1,1,2,1,1,1,1,1,1,1,1,1,1,1,1
13,13,1,65,3,4,1,1,1,1,1,1,1,1,1,1,1,1,1,1,1,1,1,1
14,14,1,80,3,3,0,1,1,1,1,2,1,1,1,1,1,1,1,2,1,2,1,1
15,15,1,68,3,3,0,1,1,1,1,2,1,1,1,1,1,1,1,1,1,1,1,1
16,16,1,86,3,3,0,1,1,1,2,2,1,1,1,2,1,2,1,1,1,1,1,1
17,17,1,65,3,4,1,1,1,1,1,1,1,1,1,1,1,1,1,1,1,1,1,2
18,18,1,73,2,4,1,1,1,1,1,2,1,1,1,1,1,1,1,1,1,1,1,2
19,19,1,68,2,3,0,1,1,1,1,1,1,1,1,1,1,1,1,1,1,1,2,2
20,20,1,70,3,3,0,1,1,1,1,1,1,1,1,1,1,1,1,1,1,1,1,2
21,21,1,75,3,3,0,1,1,1,1,1,1,2,1,1,1,1,1,2,1,2,1,2
22,22,1,70,3,3,0,1,1,1,1,1,1,1,1,1,1,1,1,1,1,1,1,1
23,23,1,69,3,3,0,1,1,1,1,1,1,1,1,2,1,2,1,2,1,2,1,1
24,24,1,68,3,3,0,1,1,1,2,2,1,1,1,1,1,1,1,2,1,1,1,1
25,25,1,71,3,3,0,1,1,1,1,1,1,1,1,1,1,1,1,1,1,1,1,2
26,26,1,64,3,3,0,1,1,1,1,1,1,1,1,1,1,1,1,1,1,1,1,1
27,27,1,75,2,3,0,1,1,1,1,1,1,1,1,1,1,1,1,1,1,2,1,2
28,28,1,78,3,3,0,1,1,1,1,1,1,1,1,1,1,1,1,1,1,1,1,1
29,29,1,70,3,3,0,1,1,1,1,1,1,1,1,1,1,1,1,1,1,1,1,1
30,30,1,84,3,3,0,1,1,1,1,1,1,1,1,1,1,1,1,2,1,2,2,2
31,31,1,63,3,3,0,1,1,1,1,1,1,1,1,1,1,1,1,1,1,1,1,1
32,32,1,76,3,4,1,1,1,1,1,1,1,1,1,1,1,1,1,1,1,1,1,1
33,33,1,79,3,3,0,1,1,1,1,1,1,1,1,2,1,1,1,1,1,1,1,1
34,34,1,63,3,4,1,1,1,1,1,1,1,1,1,1,1,1,1,1,1,1,1,1
35,35,1,70,3,3,0,1,1,1,1,1,1,1,1,1,1,1,1,1,1,1,1,1
36,36,1,71,3,3,0,1,1,1,1,1,1,1,1,1,1,1,1,1,1,2,1,1
37,37,1,73,3,3,0,1,1,1,1,1,1,1,1,1,1,1,1,1,1,1,1,2
38,38,1,79,2,3,0,1,1,1,1,1,1,1,1,1,1,1,1,2,1,2,1,2
39,39,1,63,3,3,0,1,1,1,1,1,1,1,1,1,1,1,1,1,1,1,1,2
40,40,1,84,2,3,0,1,1,1,1,1,1,1,1,1,1,1,1,1,1,1,2,2
41,41,1,69,2,4,1,1,1,1,1,1,1,1,1,1,1,1,1,2,1,2,1,2
42,42,1,69,3,3,0,1,1,1,1,1,1,1,1,1,1,1,1,1,1,1,1,1
43,43,1,78,3,3,0,1,1,1,1,1,1,1,1,1,1,1,1,1,1,1,1,2
44,44,1,69,3,4,1,1,1,1,1,1,1,1,1,1,1,1,1,2,1,2,1,2
45,45,1,74,3,3,0,1,1,1,1,1,1,1,1,1,1,1,1,1,1,1,1,1
46,46,1,67,2,3,0,1,1,1,1,1,1,1,1,2,1,1,1,1,1,1,1,2
47,47,1,74,3,4,1,1,1,1,1,1,1,1,1,1,1,1,1,1,1,2,1,2
48,48,1,67,3,4,1,1,1,1,1,1,1,1,1,1,1,1,1,1,1,1,1,1
49,49,1,68,2,3,0,1,1,1,1,2,1,1,1,2,1,1,1,1,1,1,1,1
50,50,1,78,3,4,1,1,1,1,1,1,1,1,1,1,1,1,1,2,1,2,2,2
51,51,1,73,3,3,0,1,1,1,1,1,1,1,1,1,1,1,1,1,1,1,1,1
52,52,1,65,3,3,0,1,1,1,1,1,1,1,1,1,1,2,1,2,1,2,1,2
53,53,1,65,2,3,0,1,1,1,1,1,1,1,1,1,1,1,1,1,1,1,1,2
54,54,1,72,2,4,1,1,1,1,1,2,1,1,1,2,1,1,1,1,1,1,1,1
55,55,1,71,2,3,0,1,1,1,1,1,1,1,1,1,1,1,1,1,1,1,1,1
56,56,1,67,2,3,0,1,1,1,1,1,1,1,1,1,1,1,1,1,1,1,2,2
57,57,1,68,3,3,0,1,1,1,1,1,1,1,1,2,1,1,1,1,1,1,1,1
58,58,1,79,3,3,0,1,1,1,1,1,1,1,1,2,1,1,1,1,1,1,1,2
59,59,1,66,2,3,0,1,1,1,1,1,1,1,1,1,1,1,1,1,1,1,1,2
60,60,1,70,2,3,0,1,1,1,1,2,1,1,1,2,1,1,1,1,1,1,1,1
61,61,1,70,2,3,0,1,1,1,1,1,1,1,1,1,1,1,1,1,1,1,1,2
62,62,1,76,3,3,0,1,1,1,1,1,1,1,1,1,1,1,1,1,1,1,2,2
63,63,1,86,3,3,0,1,1,1,1,2,1,1,1,2,1,1,1,2,1,2,1,1
64,64,1,73,2,3,0,1,1,1,1,2,1,1,1,2,1,1,1,1,1,1,1,2
65,65,1,72,3,4,1,1,1,1,1,1,1,1,1,1,1,1,1,1,1,1,1,1
66,66,1,67,3,3,0,1,1,1,1,1,1,1,1,1,1,1,1,1,1,1,1,1
67,67,1,64,3,3,0,1,1,1,1,1,1,1,1,1,1,1,1,1,1,1,1,1
68,68,1,74,3,3,0,1,1,1,1,1,1,1,1,1,1,1,1,1,1,1,1,2
69,69,1,65,3,3,0,1,1,1,1,1,1,1,1,1,1,1,1,1,1,1,1,1
70,70,1,69,3,3,0,1,1,1,1,1,1,1,1,1,1,1,1,1,1,1,1,2
71,71,1,78,2,3,0,1,1,1,1,1,1,1,1,1,1,1,1,1,1,1,1,2
72,72,1,85,3,3,0,1,1,2,1,1,1,1,1,2,1,1,1,2,1,1,1,2
73,73,2,80,3,3,0,1,1,1,1,1,1,1,1,1,1,1,1,1,1,1,1,2
74,74,2,91,3,3,0,1,1,1,1,1,1,2,1,1,1,1,1,1,1,1,1,1
75,75,2,70,3,3,0,1,1,1,1,1,1,1,1,1,1,1,1,1,1,1,2,2
76,76,2,77,3,3,0,1,1,1,1,1,1,1,1,1,1,1,1,1,1,1,1,2
77,77,2,74,3,3,0,1,1,1,1,1,1,1,1,1,1,1,1,1,1,1,1,2
78,78,2,70,3,3,0,1,1,1,1,1,1,1,1,1,1,1,1,1,1,1,1,1
79,79,2,75,2,4,1,1,1,1,1,2,1,1,1,1,1,2,1,1,1,1,1,2
80,80,2,61,3,3,0,1,1,1,1,2,1,1,1,2,1,1,1,1,1,1,1,2
81,81,2,77,3,3,0,1,1,1,1,1,1,1,1,1,1,1,1,1,1,1,1,2
82,82,2,64,3,4,1,1,1,1,1,1,1,1,1,1,1,1,1,2,1,2,1,2
83,83,2,78,2,3,0,1,1,1,1,1,1,1,1,1,1,1,1,1,1,1,1,2
84,84,2,74,2,3,0,1,1,1,1,1,1,1,1,1,1,1,1,2,1,1,2,2
85,85,2,89,3,3,0,1,1,1,1,1,1,1,1,1,1,1,1,1,1,1,1,2
86,86,2,83,2,3,0,1,1,1,1,2,1,1,1,2,1,1,1,1,1,1,1,1
87,87,2,79,3,3,0,1,1,1,1,1,1,1,1,1,1,1,1,1,1,1,1,1
88,88,2,70,4,4,1,1,1,1,1,1,1,1,1,1,1,1,1,2,1,1,1,1
89,89,2,80,3,3,0,1,1,1,1,1,1,1,1,1,1,1,1,1,1,1,1,2
90,90,2,59,3,3,0,1,1,1,1,1,1,1,1,1,1,1,1,1,1,1,1,2
91,91,2,73,2,3,0,1,1,1,1,2,1,1,1,2,1,1,1,1,1,1,1,2
92,92,2,60,2,3,0,1,1,1,1,1,1,1,1,1,1,1,1,1,1,1,1,1
93,93,2,79,2,3,0,1,1,1,1,1,1,1,1,1,1,1,1,1,1,1,1,1
94,94,2,82,3,3,0,1,1,1,1,1,1,1,1,1,1,1,1,1,1,1,1,2
95,95,2,74,3,3,0,1,1,1,1,1,1,1,1,1,1,1,1,1,1,1,1,2
96,96,2,71,3,3,0,1,1,1,1,1,1,1,1,1,1,1,1,1,1,1,1,1
97,97,2,83,3,3,0,1,1,1,1,1,1,1,1,1,1,1,1,2,1,2,1,2
98,98,2,58,2,4,1,1,1,1,1,1,1,1,1,1,1,1,1,1,1,1,1,2
99,99,2,86,3,3,0,1,1,1,1,1,1,1,1,1,1,1,1,1,1,1,1,2
100,100,2,93,2,3,0,1,1,1,1,1,1,1,1,1,1,1,1,1,1,1,1,2
101,101,2,74,2,4,1,1,1,1,1,1,1,1,1,1,1,1,1,2,1,2,1,2
102,102,2,95,2,3,0,1,1,1,1,1,1,1,1,1,1,1,1,1,1,1,1,2
103,103,2,85,3,3,0,1,1,1,1,1,1,1,1,1,1,1,1,2,1,2,1,2
104,104,2,75,3,3,0,1,1,2,1,1,1,1,1,1,1,1,1,1,1,1,1,1
105,105,2,68,3,3,0,1,1,1,1,1,1,1,1,1,1,1,1,2,1,1,1,1
106,106,2,93,3,3,0,1,1,1,1,1,1,1,1,1,1,1,1,1,1,1,1,1
107,107,2,75,3,3,0,1,1,1,1,2,1,1,1,1,1,1,1,1,1,2,1,2
108,108,2,63,3,3,0,1,1,1,1,1,1,1,1,1,1,1,1,1,1,1,1,1
109,109,2,92,3,3,0,1,1,1,1,1,1,1,1,1,1,1,1,2,1,1,1,1
110,110,2,74,2,3,0,1,1,1,1,2,1,1,1,1,1,2,1,1,1,2,1,1
111,111,2,75,3,3,0,1,1,1,1,2,1,1,1,1,1,1,1,1,1,1,1,1
112,112,2,88,2,3,0,1,1,1,1,1,1,1,1,1,1,1,1,1,1,1,1,1
113,113,2,70,3,3,0,1,1,1,1,2,1,1,1,2,1,1,1,1,1,1,1,2
114,114,2,67,2,4,1,1,1,1,1,1,1,1,1,1,1,1,1,1,1,1,1,2
115,115,2,70,2,3,0,1,1,1,1,1,1,1,1,1,1,1,1,1,1,1,2,2
116,116,2,76,3,4,1,1,1,1,1,1,1,1,1,1,1,1,1,1,1,1,1,2
117,117,2,84,2,3,0,1,1,1,1,1,1,1,1,1,1,2,1,2,1,2,1,2
118,118,2,91,3,3,0,1,1,1,1,1,1,1,1,1,1,1,1,1,1,1,1,1
119,119,2,76,3,3,0,1,1,1,2,2,1,1,1,1,1,1,1,2,1,2,1,1
120,120,2,84,3,3,0,1,1,1,1,1,1,1,1,1,1,1,1,2,1,1,1,1
121,121,2,86,3,3,0,1,1,1,1,1,1,1,1,1,1,1,1,1,1,1,1,2
122,122,2,62,3,3,0,1,1,1,1,1,1,1,1,1,1,1,1,1,1,1,1,1
123,123,2,81,3,3,0,1,1,1,1,1,1,1,1,1,1,1,1,1,1,2,1,2
124,124,2,78,3,3,0,1,1,1,1,1,1,1,1,1,1,1,1,1,1,1,1,1
125,125,2,92,3,3,0,1,1,1,1,1,1,1,1,1,1,1,1,1,1,1,1,1
126,126,2,80,2,3,0,1,1,1,1,2,1,1,1,1,1,1,1,2,1,2,2,2
127,127,2,74,2,3,0,1,1,1,1,1,1,1,1,1,1,1,1,1,1,1,1,1
128,128,2,68,2,3,0,1,1,1,1,1,1,1,1,1,1,1,1,1,1,1,1,1
129,129,2,85,2,3,0,1,1,1,1,1,1,1,1,1,1,1,1,1,1,1,1,1
130,130,2,80,3,4,1,1,1,1,1,1,1,1,1,1,1,1,1,1,1,1,1,1
131,131,2,95,2,3,0,1,1,1,1,1,1,1,1,1,1,1,1,1,1,1,1,1
132,132,2,86,3,3,0,1,1,1,1,1,1,1,1,1,1,1,1,1,1,2,1,1
133,133,2,93,2,3,0,1,1,1,1,1,1,1,1,1,1,1,1,1,1,2,1,2
134,134,2,87,3,3,0,1,1,1,1,1,1,1,1,1,1,1,1,1,1,2,1,2
135,135,2,87,3,3,0,1,1,1,1,1,1,1,1,1,1,2,1,2,1,1,1,2
136,136,2,91,2,3,0,1,1,1,1,1,1,1,1,1,1,1,1,1,1,1,2,2
137,137,2,90,3,3,0,1,1,1,1,1,1,1,1,1,1,1,1,2,1,2,1,2
138,138,2,83,3,3,0,1,1,1,1,1,1,1,1,1,1,1,1,1,1,1,1,1
139,139,2,91,3,3,0,1,1,1,1,1,1,1,1,1,1,1,1,1,1,1,1,2
140,140,2,75,3,4,1,1,1,1,1,1,1,1,1,1,1,1,1,2,1,2,1,2
141,141,2,90,3,3,0,1,1,1,1,1,1,1,1,1,1,1,1,1,1,1,1,1
142,142,2,72,3,3,0,1,1,1,1,1,1,1,1,1,1,1,1,1,1,1,1,1
143,143,2,90,3,3,0,1,1,1,1,1,1,1,1,1,1,1,1,1,1,1,1,1
144,144,2,77,3,3,0,1,1,1,1,1,1,1,1,1,1,1,1,1,1,1,1,1
145,145,2,81,3,3,0,1,1,1,1,1,1,1,1,1,1,1,1,1,1,1,1,1
146,146,2,87,3,3,0,1,1,1,1,1,1,1,1,1,1,1,1,1,1,1,1,1
147,147,2,69,2,4,1,1,1,1,1,1,1,1,1,1,1,1,1,1,1,1,1,1
148,148,2,83,3,4,1,1,1,2,1,2,1,1,1,2,1,2,1,2,1,2,1,2
149,149,2,67,3,3,0,1,1,1,1,1,1,1,1,1,1,1,1,1,1,1,1,1
150,150,1,64,3,3,0,1,1,1,1,1,1,1,1,1,1,1,1,1,1,1,1,2
151,151,1,81,3,4,1,1,1,1,1,1,1,1,1,1,1,1,1,1,1,1,1,1
152,152,2,71,3,3,0,1,1,1,1,1,1,1,1,1,1,1,1,1,1,1,1,1
153,153,2,73,4,4,1,1,1,1,1,1,1,1,1,1,1,1,1,1,1,1,1,1
154,154,1,80,3,3,0,1,1,1,1,1,1,1,1,1,1,2,1,2,1,1,1,2
155,155,1,69,2,3,0,1,1,1,1,1,1,1,1,1,1,1,1,1,1,1,1,1
156,156,2,72,2,3,0,1,1,1,1,2,1,2,1,2,1,2,1,1,1,1,1,2
157,157,2,79,3,3,0,1,1,1,1,1,1,1,1,1,1,1,1,1,1,1,2,2
158,158,2,71,2,3,0,1,1,1,1,1,1,1,1,1,1,1,1,1,1,2,2,2
159,159,2,89,2,3,0,1,1,1,1,1,1,1,1,1,1,1,1,1,1,1,2,2
160,160,2,82,3,4,1,1,1,1,1,1,1,1,1,1,1,1,1,1,1,1,1,2
161,161,2,63,3,4,1,1,1,1,1,1,1,1,1,1,1,1,1,1,1,1,1,1
162,162,2,73,2,3,0,1,1,1,1,1,1,1,1,1,1,1,1,1,1,1,1,1
163,163,2,80,3,3,0,1,1,1,1,1,1,1,1,1,1,1,1,2,1,2,1,2
164,164,2,65,3,3,0,1,1,1,1,1,1,1,1,1,1,1,1,1,1,2,1,2
165,165,2,61,3,3,0,1,1,1,1,1,1,1,1,1,1,1,1,1,1,1,1,2
166,166,1,85,2,3,0,1,1,2,1,2,1,1,1,2,1,2,1,2,1,2,1,2
167,167,2,71,3,3,0,1,1,1,1,1,1,1,1,1,1,1,1,1,1,1,1,1
168,168,2,66,3,3,0,1,1,1,1,1,1,1,1,1,1,1,1,1,1,1,1,1
169,169,2,70,3,4,1,1,1,1,1,1,1,1,1,1,1,1,1,1,1,1,1,1
170,170,2,65,4,4,1,1,1,1,1,1,1,1,1,1,1,1,1,1,1,1,1,1
171,171,2,72,3,4,1,1,1,1,1,2,1,1,1,2,1,2,1,1,1,1,1,1
172,172,1,75,2,3,0,1,1,1,1,1,1,1,1,1,1,1,1,1,1,1,1,2
173,173,2,79,3,3,0,1,1,1,1,1,1,1,1,1,1,2,1,1,1,1,1,2
174,174,1,66,3,3,0,1,1,1,1,1,1,1,1,1,1,1,1,1,1,1,1,2
175,175,2,65,3,3,0,1,1,1,1,1,1,1,1,1,1,1,1,1,1,1,1,1
176,176,2,73,3,3,0,1,1,1,1,1,1,1,1,1,1,1,1,1,1,1,1,1
177,177,2,69,3,4,1,1,1,1,1,1,1,2,1,1,1,1,1,2,1,2,1,2
178,178,2,72,3,4,1,1,1,1,1,1,1,1,1,1,1,1,1,1,1,1,1,2
179,179,2,79,3,3,0,1,1,1,1,1,1,1,1,1,1,1,1,1,1,1,1,2
180,180,2,70,4,4,1,1,1,1,1,1,1,1,1,1,1,1,1,1,1,1,1,1
181,181,1,72,3,4,1,1,1,1,1,1,1,1,1,1,1,1,1,1,1,1,1,1
182,182,2,80,2,4,1,1,1,1,1,1,1,1,1,2,1,1,1,1,1,1,1,1
183,183,2,71,3,4,1,1,1,1,1,1,1,1,1,1,1,1,1,1,1,1,2,2
184,184,2,75,3,3,0,1,1,1,1,1,1,2,1,1,1,1,1,1,1,1,1,1
185,185,2,70,3,3,0,1,1,1,1,1,1,1,1,1,1,1,1,1,1,1,1,2
186,186,1,72,4,4,1,1,1,1,1,1,1,1,1,1,1,1,1,1,1,1,1,1
187,187,2,83,3,3,0,1,1,1,1,1,1,1,1,1,1,1,1,1,1,1,1,1
188,188,2,78,3,3,0,1,1,1,1,1,1,1,1,1,1,1,1,1,1,1,1,1
189,189,1,84,3,3,0,1,1,1,1,2,1,1,1,1,1,2,1,2,1,2,1,2
190,190,1,86,3,4,1,1,1,1,1,1,1,1,1,1,1,1,1,1,1,1,1,2
191,191,2,83,3,4,1,1,1,1,1,1,1,1,1,1,1,1,1,1,1,1,1,1
192,192,2,91,3,4,1,1,1,1,1,1,1,1,1,1,1,2,1,1,1,1,1,1
193,193,2,75,3,3,0,1,1,1,1,1,1,1,1,1,1,1,1,1,1,1,1,2
194,194,2,80,3,3,0,1,1,1,1,1,1,2,1,1,1,1,1,1,1,1,1,1
195,195,2,78,3,3,0,1,1,1,1,1,1,1,1,1,1,1,1,1,1,1,1,1
196,196,2,90,3,4,1,1,1,1,1,1,1,1,1,1,1,1,1,1,1,1,1,2
197,197,2,86,4,4,1,1,1,1,1,1,1,1,1,1,1,1,1,1,1,1,1,1
198,198,2,83,3,3,0,1,1,1,1,2,1,1,1,1,1,1,1,1,1,1,1,1
199,199,2,86,2,2,0,1,1,1,1,1,1,1,1,1,1,1,1,1,1,1,1,1
200,200,2,96,3,4,1,1,1,1,1,2,1,1,1,1,1,1,1,2,1,1,1,2
201,201,2,88,3,4,1,1,1,2,1,1,1,1,1,1,1,1,1,1,1,1,1,2
202,202,2,78,3,4,1,1,1,1,1,1,1,1,1,1,1,1,1,1,1,1,1,1
203,203,2,92,3,4,1,1,1,2,1,1,1,1,1,1,1,1,1,1,1,1,1,1
204,204,2,87,3,4,1,1,1,1,1,1,1,1,1,1,1,1,1,1,1,2,1,1
205,205,1,80,3,3,0,1,1,1,1,1,1,1,1,1,1,1,1,1,1,1,1,1
206,206,1,82,3,4,1,1,1,1,1,1,1,1,1,1,1,1,1,1,1,1,1,1
207,207,2,88,3,3,0,1,1,1,1,1,1,1,1,1,1,1,1,1,1,1,1,1
208,208,1,89,2,3,0,1,1,1,1,2,1,1,1,1,1,2,1,1,1,1,1,2
209,209,1,85,3,3,0,1,1,1,1,1,1,1,1,1,1,1,1,1,1,1,1,2
210,210,1,66,3,4,1,1,1,1,1,2,1,1,1,1,1,1,1,1,1,1,1,1
211,211,2,63,2,3,0,1,1,1,1,1,1,1,1,1,1,1,1,1,1,1,1,1
212,212,2,96,3,4,1,1,1,1,1,1,1,1,1,1,1,1,1,1,1,1,1,1
213,213,2,95,3,4,1,1,1,1,1,1,1,1,1,1,1,1,1,1,1,1,1,2
214,214,2,93,3,3,0,1,1,1,1,1,1,1,1,1,1,1,1,1,1,1,1,1
215,215,2,78,3,3,0,1,1,1,1,1,1,1,1,1,1,1,1,1,1,1,1,1
216,216,2,93,2,3,0,1,1,1,1,1,1,1,1,1,1,2,1,1,1,1,1,2
217,217,1,83,3,3,0,1,1,1,1,1,1,1,1,1,1,1,1,1,1,1,2,2
218,218,1,87,2,3,0,1,1,1,1,1,1,1,1,1,1,1,1,1,1,1,1,2
219,219,2,82,3,3,0,1,1,1,1,1,1,1,1,1,1,1,2,2,1,1,2,2
220,220,1,88,3,3,0,1,1,1,1,1,1,1,1,1,1,1,1,1,1,1,1,1
221,221,1,89,3,3,0,1,1,1,1,1,1,1,1,1,1,1,1,1,1,1,1,1
222,222,2,87,2,3,0,1,1,1,1,1,1,1,1,1,1,1,1,1,1,1,1,1
223,223,1,84,3,3,0,1,1,1,1,1,1,1,1,1,1,1,1,1,1,1,1,1
224,224,1,90,3,3,0,1,1,1,1,1,1,1,1,1,1,1,1,1,1,1,1,1
225,225,2,85,3,3,0,1,1,1,1,1,1,1,1,1,1,1,1,1,1,1,1,1
226,226,2,70,3,3,0,1,1,1,1,1,1,1,1,1,1,1,1,1,1,1,2,2
227,227,2,82,3,4,1,1,1,1,1,1,1,1,1,1,1,1,1,1,1,1,1,1
228,228,2,75,3,3,0,1,1,1,1,2,1,2,1,1,1,1,1,2,1,2,1,2
229,229,2,89,2,3,0,1,1,1,1,1,1,1,1,1,1,1,1,1,1,1,1,1
230,230,1,82,3,3,0,1,1,1,1,1,1,1,1,1,1,1,1,1,1,1,1,2
231,231,1,78,3,4,1,1,1,1,1,1,1,1,1,1,1,1,1,1,1,1,1,1
232,232,2,75,3,4,1,1,1,1,1,1,1,1,1,1,1,1,1,1,1,1,1,1
233,233,1,71,3,3,0,1,1,1,1,1,1,1,1,1,1,1,1,1,1,1,1,2
234,234,1,75,3,3,0,1,1,1,1,1,1,1,1,1,1,1,1,1,1,1,2,2
235,235,2,74,3,4,1,1,1,1,1,1,1,1,1,1,1,1,1,1,1,1,1,2
236,236,2,72,4,4,1,1,1,1,1,1,1,1,1,1,1,1,2,2,2,2,2,2
237,237,1,64,3,3,0,1,1,1,1,1,1,1,1,1,1,1,1,1,1,1,1,1
238,238,1,66,2,3,0,1,1,1,1,1,1,1,1,1,1,1,1,1,1,1,1,1
239,239,1,76,2,3,0,1,1,1,1,1,1,1,1,1,1,1,1,1,1,1,1,1
240,240,2,80,3,3,0,1,1,1,1,1,1,1,1,1,1,1,1,1,1,1,1,1
241,241,2,69,2,3,0,1,1,1,1,1,1,1,1,1,1,1,1,1,1,1,1,1
242,242,2,83,3,3,0,1,1,1,1,1,1,1,1,1,1,1,1,1,1,1,1,1
243,243,2,85,3,4,1,1,1,1,1,1,1,1,1,1,1,1,1,1,1,1,2,2
244,244,2,79,3,4,1,1,1,1,1,1,1,1,1,1,1,1,1,1,1,1,1,1
245,245,2,77,3,4,1,1,1,1,1,1,1,2,1,1,1,1,1,2,1,2,1,2
246,246,2,67,3,3,0,1,1,1,1,1,1,1,1,1,1,1,1,1,1,1,1,2
247,247,2,84,3,3,0,1,1,1,1,1,1,1,1,1,1,1,1,1,1,1,1,2
248,248,2,65,3,3,0,1,1,1,1,1,1,1,1,1,1,1,1,1,1,1,1,2
249,249,1,68,3,3,0,1,1,1,1,1,1,1,1,1,1,1,1,1,1,1,1,1
250,250,2,98,3,3,0,1,1,1,1,2,1,1,1,1,1,1,1,2,1,2,2,2
251,251,2,77,3,3,0,1,1,1,1,1,1,1,1,1,1,1,1,1,1,1,1,2
252,252,2,90,3,3,0,1,1,1,1,1,1,1,1,1,1,2,1,1,1,1,1,1
253,253,2,74,3,3,0,1,1,1,1,2,1,1,1,1,1,2,1,1,1,2,1,2
254,254,1,69,3,3,0,1,1,1,1,1,1,1,1,1,1,1,1,1,1,1,1,1
255,255,2,91,3,3,0,1,1,2,1,1,1,1,1,1,1,1,1,1,1,1,1,1
256,256,2,67,3,3,0,1,1,1,1,1,1,1,1,1,1,1,1,1,1,1,1,1
257,257,1,82,3,3,0,1,1,1,1,1,1,1,1,1,1,1,1,1,1,1,1,1
258,258,1,89,3,3,0,0,1,1,1,2,1,1,1,1,1,2,1,1,1,1,1,2
259,259,1,84,3,3,0,0,1,1,2,2,1,1,1,1,1,1,1,1,1,1,1,1
260,260,2,76,3,4,1,0,1,1,1,2,1,1,1,1,1,1,1,1,1,1,1,1
261,261,1,90,3,3,0,0,1,1,1,1,1,1,1,1,1,1,1,1,1,1,1,2
262,262,1,74,3,3,0,0,1,1,1,1,1,1,1,1,1,1,1,1,1,1,2,2
263,263,2,82,2,3,0,0,1,1,1,1,1,1,1,1,1,1,1,1,1,1,1,1
264,264,2,73,3,3,0,0,1,1,1,1,1,1,1,1,1,1,1,1,1,1,1,2
265,265,1,75,3,3,0,0,1,1,1,1,1,1,1,1,1,2,1,1,1,1,1,1
266,266,2,85,3,3,0,0,1,1,1,1,1,1,1,1,1,1,1,1,1,1,1,1
267,267,2,76,3,3,0,0,1,2,1,1,1,1,1,1,1,2,1,2,1,2,2,2
268,268,2,87,3,4,1,0,1,1,1,1,1,1,1,1,1,1,1,1,1,1,1,1
269,269,1,73,2,3,0,0,1,1,1,1,1,1,1,1,1,1,1,1,1,1,1,2
270,270,2,83,2,3,0,0,1,1,1,1,1,1,1,1,1,1,1,1,1,1,1,2
271,271,1,99,3,3,0,0,1,1,1,1,1,1,1,1,1,2,1,1,1,1,1,1
272,272,2,89,3,3,0,0,1,1,1,1,1,1,1,1,1,1,1,1,1,1,1,1
273,273,1,82,3,3,0,0,1,1,1,2,1,1,1,1,1,1,1,1,1,1,1,2
274,274,2,75,3,3,0,0,1,1,1,1,1,1,1,1,1,1,1,1,1,1,2,2
275,275,2,64,3,4,1,0,1,1,1,1,1,1,1,1,1,1,1,2,1,1,1,2
276,276,1,82,3,4,1,0,1,1,1,1,1,1,1,1,1,1,1,1,1,1,1,1
277,277,1,87,3,3,0,0,1,1,1,1,1,1,1,1,1,1,1,1,1,1,1,2
278,278,2,85,3,3,0,0,1,1,1,1,1,1,1,1,1,1,1,1,1,1,1,1
279,279,1,71,3,4,1,0,1,1,1,1,1,1,1,1,1,2,1,1,1,1,1,2
280,280,2,88,3,3,0,0,1,1,1,1,1,1,1,1,1,1,1,1,1,1,1,2
281,281,1,74,3,3,0,0,1,1,1,1,1,1,1,1,1,1,1,1,1,1,1,2
282,282,2,82,3,3,0,0,1,1,1,1,1,1,1,1,1,1,1,1,1,1,1,1
283,283,1,76,3,3,0,0,1,1,1,1,1,1,1,1,1,1,1,1,1,1,2,2
284,284,2,82,3,3,0,0,1,1,1,1,1,1,1,1,1,1,1,1,1,1,1,1
285,285,1,83,3,3,0,0,1,1,1,1,1,1,1,1,1,1,1,1,1,1,1,2
286,286,2,85,3,3,0,0,1,1,1,1,1,1,1,1,1,1,1,1,1,1,1,1
287,287,1,88,3,4,1,0,1,1,1,2,1,1,1,1,1,1,1,1,1,1,1,1
288,288,2,75,3,3,0,0,1,1,1,1,1,1,1,1,1,1,1,1,1,1,1,2
289,289,2,94,3,3,0,0,1,1,1,1,1,1,1,1,1,1,1,1,1,1,2,2
290,290,1,82,3,3,0,0,1,1,1,1,1,1,1,1,1,1,1,1,1,1,1,2
291,291,2,91,3,3,0,0,1,1,1,1,1,1,1,1,1,2,1,1,1,1,1,1
292,292,2,85,3,3,0,0,1,1,1,1,1,1,1,1,1,1,1,1,1,1,1,2
293,293,1,87,3,3,0,0,1,1,1,1,1,1,1,1,1,1,1,1,1,1,2,2
294,294,1,86,3,3,0,0,2,2,1,2,1,1,1,1,1,1,1,1,1,2,2,2
295,295,2,79,3,3,0,0,1,2,1,1,1,1,1,1,1,1,1,1,1,1,1,2
296,296,1,74,2,3,0,0,1,1,1,1,1,1,1,1,1,1,1,1,1,1,1,1
297,297,2,75,3,3,0,0,1,1,1,1,1,1,1,1,1,1,1,2,1,1,1,2
298,298,2,90,3,3,0,0,1,1,1,1,1,1,1,1,1,1,1,1,1,1,1,2
299,299,1,76,3,3,0,0,1,1,1,1,1,1,1,1,1,2,1,2,1,2,1,2
300,300,2,76,3,3,0,0,1,1,1,2,1,1,1,1,1,1,1,1,1,1,1,2
301,301,1,80,3,3,0,0,1,1,1,2,1,1,1,1,1,1,1,1,1,1,1,1
302,302,2,94,3,3,0,0,1,1,1,1,1,1,1,1,1,1,1,1,1,1,1,2
303,303,1,91,3,3,0,0,1,1,1,1,1,1,1,1,1,2,1,1,1,1,1,2
304,304,2,75,3,4,1,0,1,1,1,1,1,1,1,1,1,1,1,1,1,1,1,1
305,305,1,65,3,3,0,0,1,1,1,1,1,1,1,1,1,1,1,1,1,1,1,2
306,306,2,67,3,4,1,0,1,1,1,1,1,1,1,1,1,1,1,1,1,1,1,2
307,307,1,76,3,3,0,0,1,1,1,1,1,1,1,1,1,1,1,1,1,1,1,1
308,308,2,84,3,3,0,0,1,1,1,2,1,1,1,1,1,2,1,1,1,1,1,2
309,309,1,69,2,3,0,0,1,1,1,1,1,1,1,1,1,1,1,1,1,1,1,2
310,310,2,80,3,4,1,0,1,1,1,1,1,1,1,1,1,1,1,1,1,1,1,2
311,311,2,88,3,3,0,0,1,2,1,1,1,1,1,1,1,1,1,2,1,2,1,2
312,312,1,76,2,3,0,0,1,1,1,1,1,1,1,1,1,1,1,1,1,1,1,1
313,313,2,68,3,3,0,0,1,1,1,1,1,1,1,1,1,1,1,1,1,1,1,2
314,314,1,77,3,3,0,0,1,1,1,1,1,1,1,1,1,1,1,1,1,1,1,1
315,315,2,86,2,3,0,0,1,1,1,1,1,1,1,1,1,1,1,1,1,1,1,2
316,316,2,74,2,2,0,0,1,1,1,2,1,1,1,1,1,2,1,1,1,1,1,1
317,317,1,82,2,3,0,0,1,1,1,1,1,1,1,1,1,1,1,1,1,1,1,2
318,318,2,79,2,3,0,0,1,1,1,1,1,1,1,1,1,1,1,1,1,1,1,2
319,319,1,79,3,3,0,0,1,1,1,1,1,1,1,1,1,1,1,1,1,1,1,1
320,320,2,81,3,3,0,0,1,1,1,2,1,1,1,1,1,2,1,1,1,1,1,2
321,321,1,79,3,3,0,0,1,1,1,1,1,1,1,1,1,1,1,1,1,1,1,2
322,322,1,76,3,4,1,0,1,1,1,1,1,1,1,1,1,1,1,1,1,1,1,2
323,323,2,71,3,3,0,0,1,1,1,2,1,1,1,1,1,1,1,2,1,2,1,2
324,324,2,84,3,3,0,0,1,1,1,1,1,1,1,1,1,1,1,1,1,1,1,1
325,325,1,71,3,3,0,0,1,1,1,1,1,1,1,1,1,1,1,1,1,1,1,2
326,326,1,84,3,3,0,0,1,1,1,2,1,1,1,1,1,1,1,1,1,1,1,1
327,327,1,81,3,3,0,0,1,1,1,1,1,1,1,1,1,1,1,1,1,1,1,2
328,328,1,79,3,3,0,0,1,1,1,1,1,1,1,1,1,2,1,1,1,1,1,1
329,329,2,76,3,3,0,0,1,1,1,1,1,1,1,1,1,1,1,1,1,1,1,1
330,330,1,75,3,3,0,0,1,1,1,1,1,1,1,1,1,1,1,1,1,1,1,2
331,331,2,77,3,4,1,0,1,1,1,2,1,1,1,1,1,1,1,1,1,1,1,1
332,332,2,73,3,3,0,0,1,1,1,1,1,1,1,1,1,1,1,1,1,1,1,2
333,333,2,72,2,4,1,0,1,2,1,1,1,1,1,1,1,1,1,2,1,2,1,2
334,334,1,82,3,3,0,0,1,1,1,1,1,1,1,1,1,1,1,1,1,1,1,1
335,335,2,65,3,4,1,0,1,1,1,1,1,1,1,1,1,1,1,1,1,1,1,1
336,336,1,79,3,4,1,0,1,2,1,2,1,2,1,2,1,1,1,2,1,2,2,2
337,337,2,76,3,3,0,0,1,1,1,1,1,1,1,1,1,1,1,1,1,1,1,1
338,338,1,88,3,3,0,0,1,1,1,1,1,1,1,1,1,1,1,2,1,1,1,2
339,339,2,71,3,3,0,0,1,1,1,1,1,1,1,1,1,1,1,1,1,1,1,1
340,340,1,90,3,3,0,0,1,1,1,1,1,1,1,1,1,1,1,1,1,1,1,2
341,341,2,83,3,3,0,0,1,1,1,1,1,1,1,1,1,1,1,1,1,1,1,2
342,342,1,71,3,3,0,0,1,1,1,1,1,1,1,1,1,1,1,1,1,1,1,1
343,343,2,77,3,3,0,0,1,1,1,1,1,1,1,1,1,1,1,1,1,1,1,1
344,344,1,78,3,3,0,0,1,1,1,1,1,1,1,1,1,1,1,1,1,1,2,2
345,345,2,75,3,3,0,0,1,1,1,1,1,1,1,1,1,1,1,1,1,1,1,1
346,346,1,78,3,3,0,0,1,1,1,1,1,1,1,1,1,1,1,1,1,1,1,1
347,347,2,80,2,3,0,0,1,2,1,2,1,1,1,1,1,1,1,2,1,2,2,2
348,348,1,84,3,3,0,0,1,1,1,1,1,1,1,2,1,1,1,2,1,1,1,2
349,349,2,74,3,3,0,0,1,1,1,1,1,1,1,1,1,1,1,1,1,1,1,1
350,350,1,91,3,3,0,0,1,1,1,1,1,1,1,1,1,1,1,1,1,1,1,1
351,351,2,80,3,4,1,0,1,2,1,1,1,1,1,1,1,1,1,1,1,1,1,1
352,352,1,66,3,4,1,0,1,1,1,2,1,1,1,1,1,1,1,1,1,1,1,2
353,353,2,80,3,3,0,0,1,2,1,2,1,1,1,2,1,1,1,2,1,2,1,2
354,354,1,81,3,3,0,0,1,1,1,2,1,1,1,2,1,1,1,1,1,1,1,1
355,355,2,79,2,3,0,0,1,1,1,1,1,1,1,1,1,1,1,1,1,1,1,2
356,356,1,91,3,3,0,0,1,1,1,1,1,1,1,1,1,1,1,1,1,1,1,1
357,357,2,73,3,3,0,0,1,1,1,1,1,1,1,1,1,1,1,1,1,1,1,2
358,358,2,81,3,3,0,0,1,1,1,1,1,1,1,1,1,1,1,1,1,1,1,2
359,359,2,84,3,3,0,0,1,1,1,1,1,1,1,1,1,1,1,1,1,1,1,2
360,360,1,87,3,3,0,0,1,1,1,1,1,1,1,1,1,1,1,1,1,1,1,2
361,361,2,87,2,3,0,0,1,1,1,2,1,1,1,2,1,1,1,1,1,1,1,1
362,362,1,76,2,3,0,0,1,1,1,1,1,1,1,1,1,1,1,1,1,1,1,2
363,363,1,79,3,3,0,0,1,1,1,1,1,1,1,1,1,1,1,1,1,1,1,1
364,364,1,72,3,3,0,0,1,1,1,2,1,1,1,2,1,2,1,1,1,1,2,2
365,365,2,68,3,4,1,0,1,1,1,1,1,1,1,1,1,1,1,1,1,1,1,1
366,366,2,73,2,3,0,0,1,1,1,2,1,1,1,2,1,2,1,1,1,1,1,2
367,367,2,65,4,4,1,0,1,1,1,1,1,1,1,2,1,1,1,2,1,1,1,2
368,368,2,88,3,3,0,0,1,1,1,1,1,1,1,1,1,1,1,1,1,1,1,1
369,369,2,92,2,3,0,0,1,1,1,1,1,1,1,1,1,1,1,1,1,1,1,2
370,370,1,71,3,4,1,0,1,1,1,1,1,1,1,2,1,1,1,1,1,1,1,1
371,371,2,80,3,3,0,0,1,1,1,1,1,1,1,2,1,1,1,1,1,1,1,2
372,372,2,84,2,3,0,0,1,1,1,1,1,1,1,1,1,1,1,1,1,1,1,1
373,373,1,69,2,3,0,0,1,1,1,1,1,1,1,1,1,1,1,1,1,1,1,2
374,374,2,83,3,3,0,0,1,1,1,1,1,1,1,1,1,1,1,1,1,1,1,2
375,375,2,77,3,3,0,0,1,1,1,1,1,1,1,1,1,1,1,1,1,1,1,2
376,376,2,78,2,3,0,0,1,2,1,2,1,1,1,2,1,1,1,2,1,2,1,2
377,377,2,94,3,3,0,0,1,1,1,1,1,1,1,2,1,1,1,1,1,1,1,2
378,378,2,73,3,3,0,0,1,1,1,1,1,1,1,1,1,1,1,1,1,1,1,1
379,379,2,81,3,3,0,0,1,1,1,1,1,1,1,1,1,1,1,1,1,1,1,1
380,380,2,69,3,3,0,0,1,1,1,1,1,1,1,1,1,1,1,1,1,1,1,1
381,381,2,71,3,3,0,0,1,1,1,1,1,1,1,1,1,1,1,1,1,1,1,2
382,382,2,82,3,3,0,0,1,1,1,1,1,1,1,1,1,1,1,1,1,1,1,1
383,383,2,79,3,3,0,0,1,1,1,1,1,1,1,1,1,1,1,1,1,1,1,1
384,384,1,82,2,3,0,0,1,1,1,1,1,1,1,1,1,1,1,1,1,1,1,2
385,385,2,83,3,4,1,0,1,1,1,1,1,1,1,1,1,1,1,1,1,1,1,2
386,386,2,70,3,3,0,0,1,2,1,1,1,1,1,1,1,1,1,1,1,1,1,2
387,387,1,75,3,3,0,0,1,1,1,1,1,1,1,1,1,1,1,1,1,1,2,2
388,388,2,78,3,3,0,0,1,1,1,1,1,1,1,1,1,1,1,1,1,1,1,1
389,389,1,73,3,3,0,0,1,1,1,1,1,1,1,1,1,1,1,1,1,1,1,2
390,390,2,81,3,3,0,0,1,1,1,1,1,1,1,1,1,1,1,1,1,1,1,1
391,391,2,65,3,4,1,0,1,2,1,2,1,1,1,2,1,1,1,2,1,2,1,2
392,392,1,83,3,3,0,0,1,1,1,1,1,1,1,1,1,1,1,1,1,1,1,1
393,393,2,64,3,3,0,0,1,1,1,1,1,1,1,1,1,1,1,1,1,1,1,1
394,394,2,85,2,3,0,0,1,1,1,1,1,1,1,1,1,1,1,1,1,1,1,1
395,395,1,82,3,3,0,0,1,1,1,1,1,1,1,1,1,1,1,1,1,1,1,1
396,396,2,66,3,3,0,0,1,1,1,1,1,1,1,1,1,1,1,1,1,1,1,1
397,397,1,76,3,3,0,0,1,1,1,1,1,2,1,2,1,1,1,2,1,2,1,1
398,398,2,78,2,3,0,0,1,1,1,1,1,1,1,1,1,1,1,1,1,1,1,1
399,399,1,67,3,3,0,0,1,1,1,1,1,1,1,1,1,1,1,1,1,1,1,1
400,400,1,65,3,3,0,0,1,1,1,1,1,1,1,1,1,1,1,1,1,1,1,1
401,401,1,80,3,3,0,0,1,1,1,2,1,1,1,2,1,2,1,1,1,2,1,1
402,402,2,88,3,3,0,0,1,1,1,2,1,1,1,1,1,1,1,1,1,1,1,2
403,403,2,70,3,3,0,0,1,1,1,2,1,1,1,1,1,1,1,1,1,1,1,1
404,404,1,88,3,3,0,0,1,1,1,1,1,1,1,1,1,1,1,1,1,1,1,1
405,405,2,69,3,3,0,0,1,1,1,1,1,1,1,1,1,1,1,1,1,1,1,2
406,406,1,78,3,4,1,0,1,1,1,1,1,1,1,1,1,2,1,1,1,1,2,2
407,407,2,88,3,3,0,0,1,1,1,1,1,1,1,1,1,1,1,1,1,1,1,1
408,408,1,91,3,3,0,0,1,1,1,1,1,1,1,1,1,1,1,1,1,1,1,1
409,409,1,83,3,3,0,0,1,1,1,1,1,1,1,1,1,2,1,1,1,1,1,1
410,410,2,82,3,3,0,0,1,1,1,1,1,1,1,1,1,1,1,1,1,1,1,1
411,411,1,83,3,3,0,0,1,2,1,1,1,1,1,1,1,2,1,2,1,2,2,2
412,412,2,87,3,4,1,0,1,1,1,1,1,1,1,1,1,1,1,1,1,1,1,1
413,413,2,92,3,3,0,0,1,1,1,1,1,1,1,1,1,1,1,1,1,1,1,2
414,414,1,65,3,3,0,0,1,1,1,1,1,1,1,1,1,1,1,1,1,1,1,2
415,415,1,81,3,4,1,0,1,1,1,2,1,1,1,1,1,2,1,1,2,2,1,1
416,416,2,85,3,3,0,0,1,1,1,1,1,1,1,1,1,1,1,1,1,1,1,1
417,417,2,87,3,3,0,0,1,1,1,1,1,1,1,1,1,1,1,1,1,1,1,2
418,418,2,66,3,3,0,0,1,1,1,1,1,1,1,1,1,1,1,1,1,1,2,2
419,419,1,68,3,3,0,0,1,1,1,1,1,1,1,1,1,1,1,1,1,1,1,2
420,420,2,71,3,4,1,0,1,1,1,1,1,1,1,1,1,1,1,1,1,1,1,1
421,421,1,77,2,3,0,0,1,1,1,1,1,1,1,2,1,1,1,1,1,1,1,2
422,422,2,86,3,3,0,0,1,1,1,1,1,1,1,1,1,1,1,1,1,1,1,1
423,423,2,69,3,3,0,0,1,2,1,1,1,1,1,2,1,2,1,1,1,1,1,2
424,424,1,69,3,3,0,0,1,1,1,1,1,1,1,1,1,1,1,1,1,1,1,2
425,425,2,78,3,3,0,0,1,2,1,1,1,1,1,1,1,1,1,1,1,1,1,1
426,426,1,82,3,3,0,0,1,1,1,1,1,1,1,1,1,1,1,1,1,1,1,1
427,427,2,89,2,3,0,0,1,1,1,1,1,1,1,1,1,1,1,1,1,1,2,2
428,428,1,79,2,3,0,0,1,1,1,1,1,1,1,1,1,1,1,1,1,1,1,1
429,429,2,77,2,3,0,0,1,1,1,1,1,1,1,1,1,1,1,1,1,1,1,2
430,430,1,71,2,2,0,0,1,1,1,1,1,1,1,1,1,1,1,1,1,1,1,1
431,431,2,71,3,3,0,0,1,1,1,1,1,1,1,1,1,1,1,1,1,1,1,1
432,432,1,80,3,3,0,0,1,1,1,1,1,1,1,1,1,1,1,1,1,1,1,2
433,433,2,91,3,3,0,0,1,1,1,1,1,1,1,1,1,1,1,1,1,1,2,2
434,434,1,74,3,4,1,0,1,1,1,2,1,1,1,1,1,1,1,1,1,1,1,2
435,435,2,59,3,3,0,0,1,1,1,2,1,1,1,2,1,2,1,1,1,1,1,1
436,436,1,85,3,3,0,0,1,1,1,1,1,1,1,1,1,1,1,1,1,1,1,2
437,437,2,82,3,4,1,0,1,1,1,1,1,1,1,1,1,1,1,1,1,1,2,2
438,438,1,84,3,3,0,0,1,2,1,2,1,1,1,1,1,1,1,1,1,1,2,2
439,439,2,89,3,3,0,0,1,1,1,1,1,1,1,1,1,1,1,1,1,1,1,2
440,440,1,81,3,3,0,0,1,1,1,1,1,1,1,1,1,1,1,1,1,1,1,1
441,441,2,88,3,3,0,0,1,1,1,1,1,1,1,1,1,1,1,2,1,1,1,2
442,442,1,81,2,4,1,0,1,1,1,2,1,1,1,1,1,1,1,1,1,1,1,2
443,443,2,83,2,4,1,0,1,2,1,2,1,1,1,2,1,2,1,2,1,2,1,2
444,444,2,81,3,3,0,0,1,1,1,1,1,1,1,1,1,1,1,1,1,1,1,1
445,445,1,86,3,3,0,0,1,1,1,1,1,1,1,1,1,1,1,1,1,1,1,1
446,446,1,84,3,3,0,0,1,1,1,1,1,1,1,1,1,1,1,1,1,1,1,1
447,447,2,88,3,4,1,0,1,1,1,1,1,1,1,1,1,2,1,1,1,1,1,2
448,448,1,75,3,3,0,0,1,1,1,1,1,1,1,1,1,1,1,1,1,1,1,1
449,449,1,80,3,3,0,0,1,1,1,1,1,1,1,1,1,1,1,1,1,1,1,2
450,450,1,82,3,3,0,0,1,1,1,1,1,1,1,1,1,1,1,1,1,1,1,2
451,451,1,84,3,3,0,0,1,1,1,1,1,1,1,1,1,1,1,1,1,1,1,1
452,452,1,75,3,3,0,0,1,1,1,2,1,1,1,1,1,2,1,1,1,1,1,2
453,453,1,77,3,4,1,0,1,1,1,1,1,1,1,1,1,1,1,1,1,1,1,2
454,454,1,78,3,4,1,0,1,1,1,1,1,1,1,1,1,1,1,1,1,1,1,2
455,455,1,89,2,3,0,0,1,1,1,1,1,1,1,2,1,1,1,2,1,2,1,2
456,456,1,71,3,3,0,0,1,1,1,1,1,1,1,1,1,1,1,1,1,1,1,1
457,457,2,82,2,4,1,0,1,1,1,1,1,1,1,1,1,1,1,1,1,1,1,2
458,458,2,81,2,2,0,0,1,1,1,2,1,1,1,1,1,1,1,1,1,1,2,2
459,459,1,88,2,2,0,0,1,1,1,1,1,1,1,1,1,1,1,1,1,1,1,2
460,460,1,85,2,3,0,0,1,1,1,1,1,1,1,2,1,2,1,1,1,1,1,1
461,461,2,88,2,3,0,0,1,1,1,1,1,1,1,1,1,1,1,1,1,1,1,1
462,462,2,86,2,3,0,0,1,1,1,1,1,1,1,1,1,1,1,1,1,1,1,2
463,463,1,95,2,2,0,0,1,1,1,1,1,1,1,1,1,1,1,1,1,1,1,1
464,464,1,86,2,4,1,0,1,1,1,1,1,1,1,1,1,2,1,1,1,1,1,2
465,465,1,63,3,4,1,0,1,1,1,1,1,1,1,1,1,1,1,1,1,1,1,2
466,466,1,80,3,4,1,0,1,1,1,1,1,1,1,1,1,1,1,1,1,1,1,2
467,467,2,81,3,4,1,0,1,1,1,1,1,1,1,2,1,1,1,2,1,2,1,2
468,468,1,76,2,4,1,0,1,1,1,1,1,1,1,1,1,1,1,1,1,1,1,1
469,469,1,79,2,3,0,0,1,1,1,1,1,1,1,1,1,1,1,1,1,1,1,2
470,470,2,98,2,3,0,0,1,1,1,1,1,1,1,1,1,1,1,1,1,1,1,1
471,471,2,94,2,3,0,0,1,1,1,1,1,1,1,1,1,1,1,1,1,1,1,2
472,472,2,79,3,3,0,0,1,1,1,1,1,1,1,1,1,2,1,1,1,1,1,1
473,473,2,96,3,3,0,0,1,1,1,1,1,1,1,1,1,1,1,1,1,1,2,2
474,474,2,85,3,3,0,0,1,1,1,1,1,1,1,1,1,1,1,1,1,1,1,2
475,475,1,89,3,3,0,0,1,1,1,1,1,1,1,1,1,1,1,1,1,1,1,1
476,476,1,88,2,3,0,0,1,2,1,1,1,1,1,1,1,1,1,1,1,1,1,2
477,477,1,87,2,3,0,0,1,2,1,1,1,1,1,2,1,2,1,2,1,2,1,2
478,478,1,92,3,3,0,0,1,1,1,1,1,1,1,1,1,1,1,1,1,1,2,2
479,479,1,84,3,3,0,0,1,1,1,1,1,1,1,1,1,1,1,1,1,1,1,1
480,480,1,79,3,3,0,0,1,1,1,1,1,2,1,2,1,1,1,2,1,1,2,2
481,481,2,86,3,3,0,0,1,1,1,1,1,1,1,1,1,1,1,1,1,1,1,1
482,482,2,92,3,3,0,0,1,1,1,1,1,1,1,1,1,1,1,1,1,1,1,2
483,483,2,86,3,3,0,0,1,1,1,1,1,1,1,1,1,1,1,1,1,1,1,1
484,484,2,80,3,3,0,0,1,1,1,1,1,1,1,1,1,1,1,1,1,1,1,2
485,485,1,83,3,3,0,0,1,1,1,1,1,2,1,1,1,1,1,1,1,1,1,1
486,486,2,71,3,3,0,0,1,1,1,1,1,1,1,1,1,1,1,1,1,1,1,1
487,487,1,79,3,3,0,0,1,1,1,1,1,1,1,1,1,1,1,1,1,1,1,2
488,488,1,76,3,3,0,0,1,1,1,1,1,1,1,1,1,1,1,1,1,1,1,1
489,489,2,89,3,3,0,0,1,1,1,2,1,1,1,1,1,1,1,1,1,1,2,2
490,490,2,80,3,3,0,0,1,1,1,1,1,1,1,1,1,1,1,1,1,1,1,1
491,491,2,84,2,3,0,0,1,1,1,1,1,1,1,1,1,1,1,2,1,1,1,2
492,492,1,67,2,3,0,0,1,2,1,2,1,1,1,1,1,1,1,1,1,1,1,2
493,493,2,84,2,3,0,0,1,1,1,1,1,1,1,1,1,1,1,1,1,1,1,1
494,494,2,82,3,3,0,0,1,1,1,1,1,1,1,1,1,1,1,1,1,1,2,2
495,495,2,72,3,3,0,0,1,2,1,1,1,1,1,1,1,2,1,1,1,1,1,1
496,496,1,86,3,3,0,0,1,1,1,1,1,1,1,1,1,1,1,1,1,1,2,2
497,497,1,89,3,3,0,0,1,1,1,1,1,1,1,1,1,1,1,1,1,1,1,1
498,498,1,71,3,3,0,0,1,1,1,1,1,1,1,1,1,1,1,1,1,1,2,2
499,499,2,93,3,3,0,0,1,1,1,1,1,1,1,1,1,1,1,1,1,1,1,2
