,CONT,INTG,DMNR,DILG,CFMG,DECI,PREP,FAMI,ORAL,WRIT,PHYS,RTEN
"AARONSON,L.H.",5.7,7.9,7.7,7.3,7.1,7.4,7.1,7.1,7.1,7.0,8.3,7.8
"ALEXANDER,J.M.",6.8,8.9,8.8,8.5,7.8,8.1,8.0,8.0,7.8,7.9,8.5,8.7
"ARMENTANO,A.J.",7.2,8.1,7.8,7.8,7.5,7.6,7.5,7.5,7.3,7.4,7.9,7.8
"BERDON,R.I.",6.8,8.8,8.5,8.8,8.3,8.5,8.7,8.7,8.4,8.5,8.8,8.7
"BRACKEN,J.J.",7.3,6.4,4.3,6.5,6.0,6.2,5.7,5.7,5.1,5.3,5.5,4.8
"BURNS,E.B.",6.2,8.8,8.7,8.5,7.9,8.0,8.1,8.0,8.0,8.0,8.6,8.6
"CALLAHAN,R.J.",10.6,9.0,8.9,8.7,8.5,8.5,8.5,8.5,8.6,8.4,9.1,9.0
"COHEN,S.S.",7.0,5.9,4.9,5.1,5.4,5.9,4.8,5.1,4.7,4.9,6.8,5.0
"DALY,J.J.",7.3,8.9,8.9,8.7,8.6,8.5,8.4,8.4,8.4,8.5,8.8,8.8
"DANNEHY,J.F.",8.2,7.9,6.7,8.1,7.9,8.0,7.9,8.1,7.7,7.8,8.5,7.9
"DEAN,H.H.",7.0,8.0,7.6,7.4,7.3,7.5,7.1,7.2,7.1,7.2,8.4,7.7
"DEVITA,H.J.",6.5,8.0,7.6,7.2,7.0,7.1,6.9,7.0,7.0,7.1,6.9,7.2
"DRISCOLL,P.J.",6.7,8.6,8.2,6.8,6.9,6.6,7.1,7.3,7.2,7.2,8.1,7.7
"GRILLO,A.E.",7.0,7.5,6.4,6.8,6.5,7.0,6.6,6.8,6.3,6.6,6.2,6.5
"HADDEN,W.L.JR.",6.5,8.1,8.0,8.0,7.9,8.0,7.9,7.8,7.8,7.8,8.4,8.0
"HAMILL,E.C.",7.3,8.0,7.4,7.7,7.3,7.3,7.3,7.2,7.1,7.2,8.0,7.6
HEALEY.A.H.,8.0,7.6,6.6,7.2,6.5,6.5,6.8,6.7,6.4,6.5,6.9,6.7
"HULL,T.C.",7.7,7.7,6.7,7.5,7.4,7.5,7.1,7.3,7.1,7.3,8.1,7.4
"LEVINE,I.",8.3,8.2,7.4,7.8,7.7,7.7,7.7,7.8,7.5,7.6,8.0,8.0
"LEVISTER,R.L.",9.6,6.9,5.7,6.6,6.9,6.6,6.2,6.0,5.8,5.8,7.2,6.0
"MARTIN,L.F.",7.1,8.2,7.7,7.1,6.6,6.6,6.7,6.7,6.8,6.8,7.5,7.3
"MCGRATH,J.F.",7.6,7.3,6.9,6.8,6.7,6.8,6.4,6.3,6.3,6.3,7.4,6.6
"MIGNONE,A.F.",6.6,7.4,6.2,6.2,5.4,5.7,5.8,5.9,5.2,5.8,4.7,5.2
"MISSAL,H.M.",6.2,8.3,8.1,7.7,7.4,7.3,7.3,7.3,7.2,7.3,7.8,7.6
"MULVEY,H.M.",7.5,8.7,8.5,8.6,8.5,8.4,8.5,8.5,8.4,8.4,8.7,8.7
"NARUK,H.J.",7.8,8.9,8.7,8.9,8.7,8.8,8.9,9.0,8.8,8.9,9.0,9.0
"O'BRIEN,F.J.",7.1,8.5,8.3,8.0,7.9,7.9,7.8,7.8,7.8,7.7,8.3,8.2
"O'SULLIVAN,T.J.",7.5,9.0,8.9,8.7,8.4,8.5,8.4,8.3,8.3,8.3,8.8,8.7
"PASKEY,L.",7.5,8.1,7.7,8.2,8.0,8.1,8.2,8.4,8.0,8.1,8.4,8.1
"RUBINOW,J.E.",7.1,9.2,9.0,9.0,8.4,8.6,9.1,9.1,8.9,9.0,8.9,9.2
SADEN.G.A.,6.6,7.4,6.9,8.4,8.0,7.9,8.2,8.4,7.7,7.9,8.4,7.5
"SATANIELLO,A.G.",8.4,8.0,7.9,7.9,7.8,7.8,7.6,7.4,7.4,7.4,8.1,7.9
"SHEA,D.M.",6.9,8.5,7.8,8.5,8.1,8.2,8.4,8.5,8.1,8.3,8.7,8.3
"SHEA,J.F.JR.",7.3,8.9,8.8,8.7,8.4,8.5,8.5,8.5,8.4,8.4,8.8,8.8
"SIDOR,W.J.",7.7,6.2,5.1,5.6,5.6,5.9,5.6,5.6,5.3,5.5,6.3,5.3
"SPEZIALE,J.A.",8.5,8.3,8.1,8.3,8.4,8.2,8.2,8.1,7.9,8.0,8.0,8.2
"SPONZO,M.J.",6.9,8.3,8.0,8.1,7.9,7.9,7.9,7.7,7.6,7.7,8.1,8.0
"STAPLETON,J.F.",6.5,8.2,7.7,7.8,7.6,7.7,7.7,7.7,7.5,7.6,8.5,7.7
"TESTO,R.J.",8.3,7.3,7.0,6.8,7.0,7.1,6.7,6.7,6.7,6.7,8.0,7.0
"TIERNEY,W.L.JR.",8.3,8.2,7.8,8.3,8.4,8.3,7.7,7.6,7.5,7.7,8.1,7.9
"WALL,R.A.",9.0,7.0,5.9,7.0,7.0,7.2,6.9,6.9,6.5,6.6,7.6,6.6
"WRIGHT,D.B.",7.1,8.4,8.4,7.7,7.5,7.7,7.8,8.2,8.0,8.1,8.3,8.1
"ZARRILLI,K.J.",8.6,7.4,7.0,7.5,7.5,7.7,7.4,7.2,6.9,7.0,7.8,7.1
