,depvar,ich.gcc,ich.ecc,ich.erc,ich.hpc,ich.gc,ich.ec,ich.er,icca,och.gcc,och.ecc,och.erc,och.hpc,och.gc,och.ec,och.er,occa,income
1,erc,970,786,879,1136,2408,2450,737,2728,226,409,385,173,226,409,385,295,20
2,hpc,877,869,709,937,2800,3271,933,2649,230,269,345,165,230,269,345,163,50
3,gcc,743,886,694,1170,2571,3168,814,2263,228,525,435,144,228,525,435,218,50
4,gcc,918,893,722,1213,2972,2673,804,2533,262,489,485,193,262,489,485,270,50
5,gcc,805,702,844,1051,2390,2835,715,2545,252,371,364,163,252,371,364,277,60
6,gcc,932,803,622,1257,2702,2137,860,1993,199,320,430,130,199,320,430,268,30
7,gc,711,878,736,1239,2293,2863,641,2704,206,374,402,152,206,374,402,212,30
8,hpc,938,748,672,893,2624,2786,730,1810,242,459,411,163,242,459,411,295,50
9,gcc,808,739,879,1116,2302,2260,785,2256,236,407,353,130,236,407,353,238,40
10,gcc,624,488,746,828,1982,2751,688,2575,224,427,514,177,224,427,514,208,60
11,gcc,963,870,924,1287,2372,2729,942,2366,185,366,346,128,185,366,346,183,70
12,gcc,741,997,916,1094,2389,2768,677,2124,261,403,476,138,261,403,476,247,50
13,gcc,584,817,721,838,2187,2293,593,2906,229,364,408,170,229,364,408,182,70
14,gcc,802,1119,787,1131,2588,2559,930,1806,214,521,380,161,214,521,380,255,50
15,gcc,928,954,697,1267,2644,3049,821,2080,195,420,443,175,195,420,443,281,50
16,gcc,833,920,709,1012,2286,2513,984,2498,232,375,418,118,232,375,418,189,60
17,gcc,612,657,788,957,1773,2591,679,2563,205,471,444,146,205,471,444,261,60
18,gc,563,622,656,825,1716,1664,769,2290,230,405,368,171,230,405,368,263,20
19,gcc,692,833,730,1109,2172,2555,859,2550,210,370,527,142,210,370,527,223,30
20,gcc,829,1137,909,1119,2695,2808,1061,2080,226,378,485,150,226,378,485,284,30
21,gcc,981,833,734,1068,3254,2789,733,2521,216,284,350,138,216,284,350,225,30
22,hpc,667,908,852,881,2204,2642,834,2565,274,316,473,126,274,316,473,210,40
23,gc,895,806,634,952,1450,2592,694,2521,242,407,333,137,242,407,333,283,50
24,gcc,982,918,806,1288,2594,2964,637,2428,238,429,382,139,238,429,382,254,30
25,gcc,660,959,1070,1083,2204,2940,843,2004,219,289,454,96,219,289,454,284,20
26,hpc,894,838,809,981,2541,2063,917,3059,241,363,378,165,241,363,378,203,30
27,gcc,621,1016,767,785,2604,2677,915,2779,220,485,437,137,220,485,437,285,70
28,gcc,663,785,757,1041,2398,2589,575,2558,153,330,460,152,153,330,460,265,60
29,gc,606,701,629,1331,2311,1850,622,2252,154,461,443,144,154,461,443,230,20
30,gcc,973,755,820,1312,2653,2558,580,2906,229,508,430,149,229,508,430,250,40
31,gcc,656,881,450,1126,2115,1837,755,2256,195,406,421,145,195,406,421,258,70
32,er,841,909,738,1085,2643,2596,611,2572,238,420,402,127,238,420,402,281,20
33,gcc,822,797,856,1070,2042,2058,778,2609,177,432,317,107,177,432,317,246,60
34,gcc,1116,808,817,954,2466,2448,739,2617,212,333,483,153,212,333,483,253,50
35,hpc,883,862,980,1110,2272,2563,862,2307,220,317,344,167,220,317,344,265,60
36,gcc,837,704,737,1228,2843,2555,958,3117,235,431,354,175,235,431,354,199,30
37,gcc,993,965,928,1502,2645,2715,931,2580,303,446,456,195,303,446,456,245,30
38,gcc,852,759,933,686,2667,2194,833,2830,217,381,423,184,217,381,423,255,30
39,gcc,713,1014,690,1273,2551,2913,916,2496,193,417,501,151,193,417,501,242,40
40,gcc,499,771,682,988,1353,2183,710,2919,191,233,333,110,191,233,333,207,40
41,gcc,594,698,597,1162,2049,2010,722,2454,200,372,419,129,200,372,419,251,70
42,gcc,717,768,705,938,1625,1733,716,2442,195,393,370,153,195,393,370,204,70
43,gcc,675,722,696,967,2414,2053,542,2441,247,395,461,151,247,395,461,214,30
44,gcc,841,977,749,1170,2250,2437,849,2719,231,427,381,144,231,427,381,208,40
45,er,927,982,911,1037,2822,2575,950,2254,272,415,441,146,272,415,441,337,20
46,gcc,764,800,1023,1137,2443,2628,747,2223,226,504,479,185,226,504,479,292,50
47,gcc,894,756,882,1051,2391,2808,817,2475,242,473,457,140,242,473,457,259,60
48,gcc,634,554,900,837,2595,2281,649,2442,198,355,429,139,198,355,429,248,20
49,gcc,622,613,892,1148,2321,2140,626,2128,172,405,396,145,172,405,396,330,60
50,hpc,881,916,752,1017,2469,3009,905,3087,277,393,387,153,277,393,387,248,30
51,gcc,877,757,492,981,2396,2184,875,2577,222,329,466,156,222,329,466,265,30
52,gcc,889,918,799,1224,2425,2869,820,2411,222,315,430,166,222,315,430,253,70
53,hpc,926,919,841,1116,2767,2872,819,2639,280,410,468,154,280,410,468,272,70
54,gcc,765,995,843,1225,2949,2843,833,2244,224,503,492,155,224,503,492,258,50
55,gcc,828,1013,821,902,2579,1996,698,2233,206,456,336,169,206,456,336,259,30
56,gcc,891,849,923,1230,3409,2872,838,2203,196,461,413,183,196,461,413,247,70
57,gcc,537,926,750,986,3113,2389,916,2565,270,378,442,158,270,378,442,241,40
58,gcc,865,955,793,1014,2528,2961,907,2995,246,411,360,146,246,411,360,253,70
59,gcc,876,930,825,1049,2275,2830,714,2872,220,479,435,173,220,479,435,200,70
60,gcc,753,876,789,932,3186,2979,843,2613,284,592,482,155,284,592,482,297,30
61,gcc,528,947,546,930,1677,2083,566,2664,153,381,364,105,153,381,364,233,40
62,gcc,798,1006,609,1128,2407,2807,801,1910,197,321,464,141,197,321,464,310,60
63,gcc,612,902,775,983,1849,2211,696,2719,238,465,439,144,238,465,439,260,60
64,gc,765,915,745,980,2305,2791,768,2894,261,450,379,149,261,450,379,217,30
65,hpc,793,1013,808,996,2971,2903,813,2218,224,339,356,126,224,339,356,289,30
66,gcc,927,822,811,982,2597,2279,694,2241,208,410,466,151,208,410,466,234,60
67,er,813,972,1037,981,2539,3072,852,2278,186,353,335,119,186,353,335,242,20
68,gcc,943,1206,1031,1325,2895,3310,1053,2765,236,457,491,150,236,457,491,225,40
69,gcc,668,789,733,940,3184,2820,830,2565,182,398,364,176,182,398,364,290,60
70,gcc,660,847,748,1120,2621,2065,698,2601,195,327,373,132,195,327,373,220,70
71,gcc,989,939,968,1198,2530,3274,808,1832,278,403,398,166,278,403,398,253,50
72,gcc,509,745,815,904,1999,2751,733,2374,223,433,474,154,223,433,474,221,40
73,gcc,575,824,736,983,2170,2063,763,2300,250,376,484,179,250,376,484,209,30
74,gcc,475,635,760,779,2353,1868,660,2482,171,383,345,119,171,383,345,240,60
75,er,891,1079,1072,1492,3007,3167,860,2405,205,496,384,141,205,496,384,231,20
76,gc,707,852,631,886,2329,2063,830,2462,174,424,396,142,174,424,396,226,20
77,gcc,960,901,829,1078,3152,3327,941,3037,242,522,437,124,242,522,437,241,50
78,gcc,516,879,819,759,2722,2430,802,2515,163,324,309,161,163,324,309,288,40
79,hpc,868,791,652,950,2913,2616,646,2282,220,396,398,141,220,396,398,235,70
80,gcc,758,776,659,1154,2910,1991,795,3016,220,457,431,139,220,457,431,243,40
81,gcc,740,791,716,827,2271,2395,681,3062,153,437,361,149,153,437,361,204,30
82,hpc,898,777,940,1096,3053,2621,666,2404,225,435,313,118,225,435,313,266,70
83,gcc,825,866,916,1264,2912,2155,652,2533,265,415,445,179,265,415,445,220,40
84,hpc,1050,971,934,1031,3126,3180,810,2750,222,325,387,157,222,325,387,216,30
85,gcc,670,893,541,1034,2478,2860,937,2422,191,435,403,139,191,435,403,297,30
86,gcc,910,663,886,1084,2526,2251,614,2033,270,429,394,116,270,429,394,246,20
87,gcc,764,757,787,972,2389,2284,505,2442,215,484,400,167,215,484,400,246,70
88,gcc,771,972,686,1021,2401,2619,731,1967,274,468,442,153,274,468,442,309,50
89,gcc,816,991,889,1200,2912,2217,839,2919,235,510,350,182,235,510,350,228,60
90,gcc,862,969,752,1091,2996,2582,680,2622,167,449,463,165,167,449,463,250,40
91,gcc,838,837,894,1137,2418,2627,952,3164,224,322,435,171,224,322,435,205,40
92,gcc,714,832,865,1266,2407,3056,720,2330,263,467,519,147,263,467,519,259,20
93,gcc,730,850,947,1106,2708,2657,914,2760,309,459,498,167,309,459,498,223,50
94,gcc,879,965,968,1047,2537,3067,783,2456,215,432,423,87,215,432,423,218,70
95,gcc,838,922,846,1285,2613,2810,795,2652,169,451,465,146,169,451,465,272,40
96,gcc,837,847,958,1104,2689,2800,866,2694,266,397,450,106,266,397,450,216,20
97,gcc,844,894,783,1059,2699,3072,1009,2679,210,439,433,138,210,439,433,260,20
98,gcc,688,959,732,887,2686,2469,838,2397,189,484,467,153,189,484,467,255,40
99,hpc,721,483,628,880,2085,2138,594,2449,228,345,314,107,228,345,314,256,70
100,er,688,927,851,1040,2332,2778,901,2483,228,400,335,179,228,400,335,240,20
101,gcc,879,951,934,1109,2534,2627,673,1938,261,478,442,175,261,478,442,284,50
102,gcc,770,843,999,941,2742,2561,883,2712,226,363,414,172,226,363,414,254,40
103,gcc,994,1102,958,933,3044,2066,890,2961,208,399,327,154,208,399,327,292,40
104,gcc,707,595,617,897,2265,1802,725,2390,190,321,381,109,190,321,381,254,40
105,gcc,772,744,702,887,2716,2223,805,2241,264,321,385,196,264,321,385,247,50
106,gcc,701,814,754,1287,3246,2875,965,2027,232,367,399,138,232,367,399,254,30
107,hpc,935,777,772,1099,2552,2795,965,2341,309,468,433,171,309,468,433,231,70
108,gcc,803,913,924,1182,2952,2776,711,3250,218,323,422,116,218,323,422,194,50
109,gcc,924,771,825,952,2943,2379,612,2430,249,434,408,188,249,434,408,250,50
110,gcc,893,785,885,945,2061,2702,801,2427,252,413,367,150,252,413,367,233,70
111,gc,750,804,692,1038,2000,2448,770,2591,245,518,418,173,245,518,418,234,30
112,gcc,507,602,685,960,2611,2175,517,2838,223,504,348,129,223,504,348,245,30
113,gcc,715,681,866,1317,3065,2655,933,2538,243,467,390,144,243,467,390,206,50
114,hpc,844,992,822,996,2296,2520,659,2448,261,486,437,152,261,486,437,230,70
115,gc,743,644,652,917,2130,1783,624,2943,260,404,420,185,260,404,420,247,20
116,gcc,668,705,761,1122,2003,1992,801,2831,215,360,354,152,215,360,354,237,50
117,gcc,878,837,874,1032,3026,2637,703,3109,241,455,415,190,241,455,415,270,60
118,gcc,690,845,737,1147,2360,3077,845,2523,227,452,471,161,227,452,471,263,70
119,gcc,670,738,791,1240,2540,2738,937,2269,260,432,321,151,260,432,321,252,60
120,gcc,866,897,854,1127,3065,2843,948,3042,191,346,372,136,191,346,372,214,50
121,gcc,737,848,507,730,2505,2234,704,2390,228,381,366,146,228,381,366,265,50
122,gcc,838,767,1001,1103,2546,2564,740,2429,265,565,456,141,265,565,456,259,40
123,gcc,718,822,688,1036,2294,2847,820,1916,181,357,444,128,181,357,444,272,40
124,gcc,784,839,599,1447,2633,3022,830,2774,205,384,455,162,205,384,455,196,40
125,gcc,824,809,859,944,1790,2164,760,2609,240,430,503,190,240,430,503,256,70
126,hpc,869,902,735,971,2467,2161,646,2442,267,351,415,146,267,351,415,241,70
127,gcc,913,924,955,961,2028,2684,803,2788,211,463,358,143,211,463,358,210,50
128,gcc,948,1013,855,974,2820,2973,641,2037,222,509,386,164,222,509,386,253,40
129,gcc,741,841,757,1145,2586,2606,703,2769,239,465,446,178,239,465,446,224,60
130,gcc,705,694,902,1162,2298,2381,783,2589,232,400,439,145,232,400,439,237,50
131,gcc,920,793,741,1188,3165,2944,617,2632,318,465,398,141,318,465,398,302,70
132,hpc,813,707,597,1221,1782,2060,888,2312,251,408,392,169,251,408,392,221,70
133,gcc,633,846,816,1109,2533,2032,770,1700,226,452,432,163,226,452,432,279,60
134,ecc,1118,717,939,1329,2967,2816,876,2869,249,364,487,161,249,364,487,238,50
135,gcc,767,851,758,1004,2163,2779,867,2743,219,370,394,122,219,370,394,276,70
136,gcc,724,875,909,1245,3420,2503,726,2361,268,384,358,160,268,384,358,270,30
137,gcc,794,743,948,1045,3324,2624,787,2882,213,380,391,168,213,380,391,260,50
138,gcc,763,819,879,1044,2979,2792,695,1973,238,453,504,175,238,453,504,252,40
139,gcc,786,694,643,841,2167,2141,665,2815,225,434,422,149,225,434,422,285,40
140,gcc,913,876,752,1063,2880,2745,783,2269,206,453,369,148,206,453,369,261,50
141,hpc,703,890,768,904,2181,2832,699,2269,218,415,365,109,218,415,365,212,70
142,gcc,1004,879,929,1160,2863,2738,921,2602,244,447,492,203,244,447,492,251,50
143,gcc,982,715,821,1181,2360,2713,677,2476,104,386,307,113,104,386,307,238,50
144,gcc,801,798,652,999,2069,3003,817,3421,250,398,382,166,250,398,382,227,60
145,gcc,586,549,653,1120,1749,2473,538,2471,259,460,458,166,259,460,458,250,30
146,gcc,806,949,781,1098,2515,2471,727,2461,247,469,434,157,247,469,434,243,40
147,gcc,767,864,663,1137,2363,2477,787,2579,251,356,455,143,251,356,455,298,40
148,gc,909,737,942,947,2119,3512,810,2687,151,456,405,104,151,456,405,204,20
149,gcc,943,759,853,922,2185,2358,761,3080,242,394,394,154,242,394,394,272,40
150,gcc,802,887,819,1141,2723,3612,881,2239,229,467,466,157,229,467,466,279,20
151,gc,657,885,745,1095,2377,2399,715,2684,194,404,372,126,194,404,372,253,20
152,er,732,1143,664,1028,2367,2702,686,2823,248,500,503,152,248,500,503,264,20
153,hpc,812,908,911,943,2473,2119,483,2058,210,285,444,132,210,285,444,301,30
154,gcc,546,563,914,1063,1985,2991,645,2587,239,371,382,207,239,371,382,251,70
155,hpc,821,884,791,1061,3107,2704,940,2601,280,390,438,159,280,390,438,206,50
156,gc,780,785,920,969,1928,2973,781,3052,204,321,409,158,204,321,409,238,20
157,gcc,905,918,773,922,2338,2362,833,2671,227,403,383,142,227,403,383,225,60
158,gc,583,718,681,831,2053,1925,722,2659,218,396,419,118,218,396,419,267,30
159,gcc,448,900,666,909,2730,2361,550,3163,209,394,328,152,209,394,328,268,40
160,gcc,900,855,903,904,2705,2225,751,2644,294,447,439,207,294,447,439,235,60
161,gcc,777,666,570,916,2138,3170,793,2257,221,320,376,122,221,320,376,282,40
162,gcc,800,967,816,1274,1971,2243,666,2396,225,403,365,143,225,403,365,229,70
163,gc,738,1034,806,1091,1852,2434,900,1947,233,445,440,153,233,445,440,229,20
164,gc,796,664,828,1092,2400,2594,798,2453,220,310,375,161,220,310,375,242,20
165,gc,651,966,915,1062,2051,2801,715,2399,227,477,384,166,227,477,384,296,20
166,gcc,948,916,918,1238,2886,2590,820,2979,237,417,398,154,237,417,398,221,40
167,ecc,594,946,898,1105,2184,2273,903,2066,293,266,402,137,293,266,402,265,30
168,gcc,890,951,1037,1274,2922,3325,823,2955,258,363,447,157,258,363,447,287,30
169,gcc,577,867,603,1051,3172,2420,921,2334,185,413,406,156,185,413,406,239,20
170,gc,764,723,801,820,2113,2405,957,2542,242,438,468,135,242,438,468,282,20
171,gcc,762,760,698,1156,2200,2050,750,2312,186,373,405,189,186,373,405,267,30
172,gcc,755,758,1057,1123,2691,3082,798,2239,224,449,519,194,224,449,519,291,20
173,gcc,763,839,727,935,2207,2357,818,3103,248,352,460,135,248,352,460,165,50
174,gcc,809,930,770,880,2927,2768,755,2570,227,420,375,143,227,420,375,255,70
175,gc,764,814,688,1035,1943,1991,594,2520,235,354,488,144,235,354,488,294,20
176,gcc,552,723,865,1056,2497,2320,640,3136,178,446,303,139,178,446,303,286,60
177,ecc,824,711,713,914,2320,2026,816,2405,224,386,389,144,224,386,389,264,40
178,gcc,974,997,792,964,2430,3099,1034,1899,218,467,375,170,218,467,375,250,30
179,hpc,595,710,695,833,2073,2996,715,2969,246,429,394,163,246,429,394,264,30
180,gcc,717,741,842,1226,2817,1853,660,2553,175,446,401,134,175,446,401,296,60
181,gcc,682,595,812,1172,2182,2539,763,2103,208,371,439,158,208,371,439,225,30
182,hpc,732,795,584,674,2378,2619,819,2399,239,381,479,135,239,381,479,272,50
183,gcc,894,775,984,1003,3174,3234,869,1995,236,327,417,135,236,327,417,286,20
184,gcc,710,872,695,854,2581,2958,883,2811,254,430,341,170,254,430,341,220,60
185,gcc,878,672,1080,1223,2197,2349,840,2634,215,417,406,159,215,417,406,235,30
186,gcc,874,887,789,1067,2602,2237,707,2335,243,405,459,154,243,405,459,319,60
187,gc,858,857,786,1157,2594,2964,1006,2259,200,387,396,170,200,387,396,285,30
188,hpc,848,863,896,1116,2578,2901,839,2676,279,435,373,186,279,435,373,245,30
189,gcc,789,755,788,1298,2634,2692,875,2242,192,419,439,158,192,419,439,244,70
190,gcc,721,900,1049,1134,3405,2389,735,2502,205,426,372,194,205,426,372,230,60
191,gcc,513,674,604,877,2295,2501,674,2541,176,242,441,104,176,242,441,285,40
192,gcc,836,792,684,1100,2303,2146,702,3297,233,350,493,123,233,350,493,209,70
193,gc,768,871,821,1231,2633,2839,807,2694,232,446,390,158,232,446,390,266,30
194,gcc,701,756,783,1175,3235,2507,708,1841,210,489,436,152,210,489,436,270,70
195,gcc,854,1122,801,1167,2465,3005,874,2653,231,297,423,170,231,297,423,271,50
196,gcc,793,1026,853,1137,2910,2796,788,2607,156,459,390,169,156,459,390,252,70
197,gcc,842,1127,854,1239,2673,2858,1003,2458,258,403,435,132,258,403,435,230,20
198,gcc,854,1013,851,1247,2090,2770,992,2965,247,416,506,156,247,416,506,250,70
199,gcc,819,908,778,1069,2818,2461,953,2771,150,466,414,163,150,466,414,257,40
200,ec,804,740,769,893,2021,1828,645,2608,182,318,465,133,182,318,465,257,30
201,gcc,819,880,812,994,2718,2850,785,2408,209,489,354,170,209,489,354,221,70
202,gcc,853,724,780,1117,2619,2013,679,2963,192,275,428,104,192,275,428,231,70
203,gcc,1018,1058,697,1093,3263,3078,711,2938,260,495,460,149,260,495,460,258,50
204,gcc,754,794,859,953,2653,2746,824,2444,255,440,364,147,255,440,364,232,50
205,gcc,933,817,717,1000,2003,2453,889,2927,207,441,432,193,207,441,432,263,70
206,gcc,575,559,790,1103,2418,1938,732,2645,244,374,469,170,244,374,469,249,50
207,gcc,785,923,746,858,2192,2442,766,2810,231,369,435,113,231,369,435,271,50
208,gcc,689,836,789,1146,2516,2132,655,2513,279,484,496,174,279,484,496,208,50
209,gcc,709,893,845,1133,2511,2475,877,2171,209,391,381,135,209,391,381,192,30
210,gcc,958,754,749,1029,2190,1866,759,2748,187,341,327,133,187,341,327,246,30
211,gcc,705,948,769,1091,2756,2382,931,2251,244,416,530,146,244,416,530,274,30
212,gcc,872,937,645,1272,2814,2460,796,3047,224,407,318,104,224,407,318,180,60
213,gcc,510,852,686,988,2705,1756,677,2244,220,345,376,131,220,345,376,262,70
214,gc,875,903,672,1175,2522,2728,958,2544,264,539,403,179,264,539,403,232,20
215,gcc,676,709,774,915,2598,2972,838,2385,223,451,377,165,223,451,377,267,20
216,gcc,752,900,703,1180,2376,2611,961,2146,171,413,372,104,171,413,372,226,20
217,gcc,673,703,630,822,2390,2251,563,2354,260,355,449,134,260,355,449,287,40
218,gcc,648,766,520,819,1595,2310,620,2568,234,371,313,164,234,371,313,229,60
219,hpc,751,1151,777,1137,2164,1986,670,1909,280,456,431,180,280,456,431,335,60
220,gcc,724,778,767,974,2976,2285,820,2998,209,433,346,157,209,433,346,268,60
221,gc,439,558,757,900,1969,1994,602,2791,220,429,529,192,220,429,529,223,20
222,gcc,669,794,856,1124,2038,2481,862,2573,198,356,411,103,198,356,411,253,70
223,gcc,797,675,779,1172,2396,2389,740,2609,214,438,359,129,214,438,359,215,70
224,gcc,682,689,834,1107,2637,2767,694,3095,94,356,301,123,94,356,301,196,60
225,gcc,819,798,832,1090,2582,2445,737,2540,221,392,527,166,221,392,527,237,70
226,gcc,883,690,869,1141,2605,2515,730,2123,223,495,527,191,223,495,527,283,50
227,hpc,855,679,826,927,2504,2353,877,2614,271,411,463,149,271,411,463,232,60
228,gcc,745,888,662,901,2993,2913,865,3131,169,388,386,153,169,388,386,252,40
229,gcc,568,471,689,950,1783,2408,689,2307,198,406,357,166,198,406,357,262,40
230,hpc,648,783,743,970,2883,2757,523,2759,226,342,499,162,226,342,499,241,20
231,gcc,862,722,852,947,2621,2460,825,2618,240,478,474,142,240,478,474,235,50
232,gcc,988,855,919,1225,2761,2854,951,2185,222,347,453,172,222,347,453,252,20
233,gcc,783,795,724,1143,2325,2367,744,2910,271,349,403,169,271,349,403,202,30
234,er,1056,931,771,1245,2676,2743,852,2921,191,351,348,116,191,351,348,238,20
235,gcc,724,788,836,991,2883,2351,796,2954,275,396,355,124,275,396,355,214,30
236,gcc,985,882,779,987,2479,2035,659,2237,213,381,419,158,213,381,419,329,30
237,gcc,746,742,704,873,2284,2037,485,2316,198,427,443,149,198,427,443,277,30
238,hpc,978,743,606,706,2270,2524,676,2534,267,397,333,157,267,397,333,274,30
239,gc,804,854,544,1290,2325,2910,856,2621,274,372,431,174,274,372,431,267,20
240,gc,514,746,759,1046,1870,2297,588,2939,216,410,392,138,216,410,392,260,30
241,gcc,703,887,553,1065,2295,2559,684,2607,256,442,488,164,256,442,488,219,40
242,gc,647,784,668,882,2361,2484,711,2483,182,394,431,127,182,394,431,280,20
243,gcc,843,805,811,963,2316,2262,717,2226,207,321,347,105,207,321,347,234,50
244,gcc,690,865,832,1144,2396,2031,590,2493,166,337,419,165,166,337,419,271,50
245,gcc,910,950,844,1106,2773,3182,749,2111,257,487,396,212,257,487,396,260,70
246,ecc,718,719,715,779,1829,2496,621,2839,227,282,299,135,227,282,299,203,60
247,er,934,1072,791,1224,3323,2898,998,2281,242,444,398,154,242,444,398,252,20
248,gcc,720,773,886,1255,2283,2619,946,2638,202,401,417,164,202,401,417,220,70
249,gcc,689,773,974,1181,3012,3210,727,2940,206,442,377,125,206,442,377,251,50
250,gcc,991,881,669,817,2369,3091,698,2562,288,439,424,163,288,439,424,250,60
