,district,D,R,Other,IncParty,IncName,open,contested,Bush2004,Kerry2004,Other2004,Bush2000,Gore2000
1,1,111650.0,49663.0,7850.0,D,Thompson,False,True,111754,173926,5508,98506,131376
2,2,54829.0,108002.0,5613.0,R,Herger,False,True,173528,102254,3980,150196,81861
3,3,72815.0,114155.0,5193.0,R,Lungren,False,True,176512,123671,2936,142946,107690
4,4,97705.0,105525.0,10754.0,R,Doolittle,False,True,216838,132267,4119,172169,104437
5,5,89119.0,29824.0,7110.0,D,Matsui,False,True,77788,125378,2172,66011,113987
6,6,127777.0,50061.0,6802.0,D,Woolsey,False,True,90432,226051,4574,87082,178746
7,7,106955.0,15859.0,21021.0,D,Miller,False,False,72994,153988,2300,64477,139421
8,8,119616.0,15859.0,13364.0,D,Pelosi,False,True,40558,244009,4024,37737,196878
9,9,148876.0,18810.0,4969.0,D,Lee,False,True,33450,228642,4082,31464,184030
10,10,113663.0,58285.0,2407.0,D,Tauscher,False,True,117037,169373,3098,109149,145996
11,11,92571.0,80112.0,2407.0,R,Pombo,False,True,151397,127102,2306,125876,106354
12,12,109187.0,34966.0,2407.0,D,Lantos,False,True,73740,193689,2646,70468,164490
13,13,100175.0,33828.0,2407.0,D,Stark,False,True,60559,153598,2378,55803,126477
14,14,123280.0,42451.0,8084.0,D,Eshoo,False,True,83326,188864,3981,84637,155165
15,15,110502.0,42547.0,2407.0,D,Honda,False,True,82742,145007,2903,74974,124880
16,16,94145.0,35606.0,2407.0,D,Lofgren,False,True,70190,125415,2089,57160,109632
17,17,86617.0,26013.0,2407.0,D,Farr,False,True,75005,149029,3144,68717,124580
18,18,63008.0,33242.0,2407.0,D,Cardoza,False,True,80157,79764,1677,65105,77908
19,19,61610.0,93486.0,2407.0,R,Radanovich,False,True,151603,93918,2308,125465,84559
20,20,56317.0,15859.0,2407.0,D,Costa,False,False,56045,58534,1023,46058,57790
21,21,37374.0,82258.0,4033.0,R,Nunes,False,True,133004,68501,1646,107645,65268
22,22,53610.0,130298.0,2407.0,R,,True,True,180584,82356,2747,141156,73338
23,23,92158.0,50241.0,2407.0,D,Capps,False,True,101817,147361,3464,90550,119795
24,24,61359.0,98169.0,2407.0,R,Gallegly,False,True,165430,127875,3473,140755,112436
25,25,52555.0,89132.0,6426.0,R,McKeon,False,True,142052,96355,3057,108627,81893
26,26,64133.0,96728.0,8621.0,R,Dreier,False,True,148352,117532,3202,127468,105023
27,27,88109.0,40160.0,2407.0,D,Sherman,False,True,86397,130567,3034,70557,117120
28,28,75532.0,19606.0,7005.0,D,Berman,False,True,49220,125351,2011,36762,112332
29,29,86454.0,37448.0,12159.0,D,Schiff,False,True,83448,136796,3097,79210,119396
30,30,141791.0,52968.0,4186.0,D,Waxman,False,True,109014,220181,3660,81336,199282
31,31,60452.0,15859.0,2407.0,D,Becerra,False,False,26054,92894,1815,19400,79560
32,32,72685.0,15859.0,15024.0,D,Solis,False,False,58341,99286,1756,45018,96217
33,33,105133.0,15859.0,2407.0,D,Watson,False,False,33132,172382,2631,24214,148978
34,34,53911.0,16532.0,2407.0,D,Roybal-Allard,False,True,35926,82942,1654,27384,76876
35,35,77086.0,15859.0,15262.0,D,Waters,False,False,33110,130764,1726,24495,118450
36,36,100296.0,50758.0,7280.0,D,Harman,False,True,103425,154010,3558,88619,130752
37,37,75580.0,15859.0,16282.0,D,Millender-McDonald,False,False,43160,126068,2281,31832,112235
38,38,71028.0,23422.0,2407.0,D,Napolitano,False,True,54869,106652,1846,41706,104612
39,39,69012.0,36004.0,2407.0,D,Sanchez,False,True,70635,102660,2110,56067,98478
40,40,44440.0,97588.0,3701.0,R,Royce,False,True,138766,88631,2740,119443,86460
41,41,46443.0,95282.0,2407.0,R,Lewis,False,True,149673,89424,2729,114498,83584
42,42,37374.0,124140.0,2407.0,R,Miller,False,False,164998,98108,2578,139655,92169
43,43,49101.0,27286.0,2407.0,D,Baca,False,True,55952,79946,1497,41272,76710
44,44,43551.0,69712.0,3454.0,R,Calvert,False,True,139476,94374,2562,101897,84048
45,45,42384.0,62007.0,2407.0,R,Bono,False,True,132288,101679,2102,93802,85427
46,46,68621.0,111648.0,6969.0,R,Rohrbacher,False,True,168158,122991,3734,145729,110984
47,47,42822.0,26507.0,2407.0,D,Sanchez,False,True,56226,54623,1393,43752,59515
48,48,71175.0,114686.0,5456.0,R,Campbell,False,True,178739,123664,3364,156340,106809
49,49,44608.0,83269.0,4145.0,R,Issa,False,True,149283,86998,2389,114193,75561
50,50,91793.0,112209.0,7047.0,R,,True,True,169935,135007,2891,136311,107436
51,51,68514.0,30803.0,2407.0,D,Filner,False,True,85762,100062,1731,61008,85561
52,52,56309.0,114712.0,5942.0,R,Hunter,False,True,177055,108806,2509,143081,98633
53,53,92187.0,40918.0,3305.0,D,Davis,False,True,89890,146160,2953,74526,114435
