,time,co2
1,1959.0,315.42
2,1959.08333333334,316.31
3,1959.16666666668,316.5
4,1959.25000000002,317.56
5,1959.33333333336,318.13
6,1959.4166666667,318.0
7,1959.50000000004,316.39
8,1959.58333333338,314.65
9,1959.66666666672,313.68
10,1959.75000000006,313.18
11,1959.8333333334,314.66
12,1959.91666666675,315.43
13,1960.00000000009,316.27
14,1960.08333333343,316.81
15,1960.16666666677,317.42
16,1960.25000000011,318.87
17,1960.33333333345,319.87
18,1960.41666666679,319.43
19,1960.50000000013,318.01
20,1960.58333333347,315.74
21,1960.66666666681,314.0
22,1960.75000000015,313.68
23,1960.83333333349,314.84
24,1960.91666666683,316.03
25,1961.00000000017,316.73
26,1961.08333333351,317.54
27,1961.16666666685,318.38
28,1961.25000000019,319.31
29,1961.33333333353,320.42
30,1961.41666666687,319.61
31,1961.50000000021,318.42
32,1961.58333333355,316.63
33,1961.6666666669,314.83
34,1961.75000000024,315.16
35,1961.83333333358,315.94
36,1961.91666666692,316.85
37,1962.00000000026,317.78
38,1962.0833333336,318.4
39,1962.16666666694,319.53
40,1962.25000000028,320.42
41,1962.33333333362,320.85
42,1962.41666666696,320.45
43,1962.5000000003,319.45
44,1962.58333333364,317.25
45,1962.66666666698,316.11
46,1962.75000000032,315.27
47,1962.83333333366,316.53
48,1962.916666667,317.53
49,1963.00000000034,318.58
50,1963.08333333368,318.92
51,1963.16666666702,319.7
52,1963.25000000036,321.22
53,1963.3333333337,322.08
54,1963.41666666704,321.31
55,1963.50000000039,319.58
56,1963.58333333373,317.61
57,1963.66666666707,316.05
58,1963.75000000041,315.83
59,1963.83333333375,316.91
60,1963.91666666709,318.2
61,1964.00000000043,319.41
62,1964.08333333377,320.07
63,1964.16666666711,320.74
64,1964.25000000045,321.4
65,1964.33333333379,322.06
66,1964.41666666713,321.73
67,1964.50000000047,320.27
68,1964.58333333381,318.54
69,1964.66666666715,316.54
70,1964.75000000049,316.71
71,1964.83333333383,317.53
72,1964.91666666717,318.55
73,1965.00000000051,319.27
74,1965.08333333385,320.28
75,1965.16666666719,320.73
76,1965.25000000054,321.97
77,1965.33333333388,322.0
78,1965.41666666722,321.71
79,1965.50000000056,321.05
80,1965.5833333339,318.71
81,1965.66666666724,317.66
82,1965.75000000058,317.14
83,1965.83333333392,318.7
84,1965.91666666726,319.25
85,1966.0000000006,320.46
86,1966.08333333394,321.43
87,1966.16666666728,322.23
88,1966.25000000062,323.54
89,1966.33333333396,323.91
90,1966.4166666673,323.59
91,1966.50000000064,322.24
92,1966.58333333398,320.2
93,1966.66666666732,318.48
94,1966.75000000066,317.94
95,1966.833333334,319.63
96,1966.91666666734,320.87
97,1967.00000000069,322.17
98,1967.08333333403,322.34
99,1967.16666666737,322.88
100,1967.25000000071,324.25
101,1967.33333333405,324.83
102,1967.41666666739,323.93
103,1967.50000000073,322.38
104,1967.58333333407,320.76
105,1967.66666666741,319.1
106,1967.75000000075,319.24
107,1967.83333333409,320.56
108,1967.91666666743,321.8
109,1968.00000000077,322.4
110,1968.08333333411,322.99
111,1968.16666666745,323.73
112,1968.25000000079,324.86
113,1968.33333333413,325.4
114,1968.41666666747,325.2
115,1968.50000000081,323.98
116,1968.58333333415,321.95
117,1968.66666666749,320.18
118,1968.75000000084,320.09
119,1968.83333333418,321.16
120,1968.91666666752,322.74
121,1969.00000000086,323.83
122,1969.0833333342,324.26
123,1969.16666666754,325.47
124,1969.25000000088,326.5
125,1969.33333333422,327.21
126,1969.41666666756,326.54
127,1969.5000000009,325.72
128,1969.58333333424,323.5
129,1969.66666666758,322.22
130,1969.75000000092,321.62
131,1969.83333333426,322.69
132,1969.9166666676,323.95
133,1970.00000000094,324.89
134,1970.08333333428,325.82
135,1970.16666666762,326.77
136,1970.25000000096,327.97
137,1970.3333333343,327.91
138,1970.41666666764,327.5
139,1970.50000000098,326.18
140,1970.58333333433,324.53
141,1970.66666666767,322.93
142,1970.75000000101,322.9
143,1970.83333333435,323.85
144,1970.91666666769,324.96
145,1971.00000000103,326.01
146,1971.08333333437,326.51
147,1971.16666666771,327.01
148,1971.25000000105,327.62
149,1971.33333333439,328.76
150,1971.41666666773,328.4
151,1971.50000000107,327.2
152,1971.58333333441,325.27
153,1971.66666666775,323.2
154,1971.75000000109,323.4
155,1971.83333333443,324.63
156,1971.91666666777,325.85
157,1972.00000000111,326.6
158,1972.08333333445,327.47
159,1972.16666666779,327.58
160,1972.25000000113,329.56
161,1972.33333333448,329.9
162,1972.41666666782,328.92
163,1972.50000000116,327.88
164,1972.5833333345,326.16
165,1972.66666666784,324.68
166,1972.75000000118,325.04
167,1972.83333333452,326.34
168,1972.91666666786,327.39
169,1973.0000000012,328.37
170,1973.08333333454,329.4
171,1973.16666666788,330.14
172,1973.25000000122,331.33
173,1973.33333333456,332.31
174,1973.4166666679,331.9
175,1973.50000000124,330.7
176,1973.58333333458,329.15
177,1973.66666666792,327.35
178,1973.75000000126,327.02
179,1973.8333333346,327.99
180,1973.91666666794,328.48
181,1974.00000000128,329.18
182,1974.08333333463,330.55
183,1974.16666666797,331.32
184,1974.25000000131,332.48
185,1974.33333333465,332.92
186,1974.41666666799,332.08
187,1974.50000000133,331.01
188,1974.58333333467,329.23
189,1974.66666666801,327.27
190,1974.75000000135,327.21
191,1974.83333333469,328.29
192,1974.91666666803,329.41
193,1975.00000000137,330.23
194,1975.08333333471,331.25
195,1975.16666666805,331.87
196,1975.25000000139,333.14
197,1975.33333333473,333.8
198,1975.41666666807,333.43
199,1975.50000000141,331.73
200,1975.58333333475,329.9
201,1975.66666666809,328.4
202,1975.75000000143,328.17
203,1975.83333333478,329.32
204,1975.91666666812,330.59
205,1976.00000000146,331.58
206,1976.0833333348,332.39
207,1976.16666666814,333.33
208,1976.25000000148,334.41
209,1976.33333333482,334.71
210,1976.41666666816,334.17
211,1976.5000000015,332.89
212,1976.58333333484,330.77
213,1976.66666666818,329.14
214,1976.75000000152,328.78
215,1976.83333333486,330.14
216,1976.9166666682,331.52
217,1977.00000000154,332.75
218,1977.08333333488,333.24
219,1977.16666666822,334.53
220,1977.25000000156,335.9
221,1977.3333333349,336.57
222,1977.41666666824,336.1
223,1977.50000000158,334.76
224,1977.58333333493,332.59
225,1977.66666666827,331.42
226,1977.75000000161,330.98
227,1977.83333333495,332.24
228,1977.91666666829,333.68
229,1978.00000000163,334.8
230,1978.08333333497,335.22
231,1978.16666666831,336.47
232,1978.25000000165,337.59
233,1978.33333333499,337.84
234,1978.41666666833,337.72
235,1978.50000000167,336.37
236,1978.58333333501,334.51
237,1978.66666666835,332.6
238,1978.75000000169,332.38
239,1978.83333333503,333.75
240,1978.91666666837,334.78
241,1979.00000000171,336.05
242,1979.08333333505,336.59
243,1979.16666666839,337.79
244,1979.25000000173,338.71
245,1979.33333333507,339.3
246,1979.41666666842,339.12
247,1979.50000000176,337.56
248,1979.5833333351,335.92
249,1979.66666666844,333.75
250,1979.75000000178,333.7
251,1979.83333333512,335.12
252,1979.91666666846,336.56
253,1980.0000000018,337.84
254,1980.08333333514,338.19
255,1980.16666666848,339.91
256,1980.25000000182,340.6
257,1980.33333333516,341.29
258,1980.4166666685,341.0
259,1980.50000000184,339.39
260,1980.58333333518,337.43
261,1980.66666666852,335.72
262,1980.75000000186,335.84
263,1980.8333333352,336.93
264,1980.91666666854,338.04
265,1981.00000000188,339.06
266,1981.08333333522,340.3
267,1981.16666666857,341.21
268,1981.25000000191,342.33
269,1981.33333333525,342.74
270,1981.41666666859,342.08
271,1981.50000000193,340.32
272,1981.58333333527,338.26
273,1981.66666666861,336.52
274,1981.75000000195,336.68
275,1981.83333333529,338.19
276,1981.91666666863,339.44
277,1982.00000000197,340.57
278,1982.08333333531,341.44
279,1982.16666666865,342.53
280,1982.25000000199,343.39
281,1982.33333333533,343.96
282,1982.41666666867,343.18
283,1982.50000000201,341.88
284,1982.58333333535,339.65
285,1982.66666666869,337.81
286,1982.75000000203,337.69
287,1982.83333333537,339.09
288,1982.91666666872,340.32
289,1983.00000000206,341.2
290,1983.0833333354,342.35
291,1983.16666666874,342.93
292,1983.25000000208,344.77
293,1983.33333333542,345.58
294,1983.41666666876,345.14
295,1983.5000000021,343.81
296,1983.58333333544,342.21
297,1983.66666666878,339.69
298,1983.75000000212,339.82
299,1983.83333333546,340.98
300,1983.9166666688,342.82
301,1984.00000000214,343.52
302,1984.08333333548,344.33
303,1984.16666666882,345.11
304,1984.25000000216,346.88
305,1984.3333333355,347.25
306,1984.41666666884,346.62
307,1984.50000000218,345.22
308,1984.58333333552,343.11
309,1984.66666666887,340.9
310,1984.75000000221,341.18
311,1984.83333333555,342.8
312,1984.91666666889,344.04
313,1985.00000000223,344.79
314,1985.08333333557,345.82
315,1985.16666666891,347.25
316,1985.25000000225,348.17
317,1985.33333333559,348.74
318,1985.41666666893,348.07
319,1985.50000000227,346.38
320,1985.58333333561,344.51
321,1985.66666666895,342.92
322,1985.75000000229,342.62
323,1985.83333333563,344.06
324,1985.91666666897,345.38
325,1986.00000000231,346.11
326,1986.08333333565,346.78
327,1986.16666666899,347.68
328,1986.25000000233,349.37
329,1986.33333333567,350.03
330,1986.41666666902,349.37
331,1986.50000000236,347.76
332,1986.5833333357,345.73
333,1986.66666666904,344.68
334,1986.75000000238,343.99
335,1986.83333333572,345.48
336,1986.91666666906,346.72
337,1987.0000000024,347.84
338,1987.08333333574,348.29
339,1987.16666666908,349.23
340,1987.25000000242,350.8
341,1987.33333333576,351.66
342,1987.4166666691,351.07
343,1987.50000000244,349.33
344,1987.58333333578,347.92
345,1987.66666666912,346.27
346,1987.75000000246,346.18
347,1987.8333333358,347.64
348,1987.91666666914,348.78
349,1988.00000000248,350.25
350,1988.08333333582,351.54
351,1988.16666666916,352.05
352,1988.25000000251,353.41
353,1988.33333333585,354.04
354,1988.41666666919,353.62
355,1988.50000000253,352.22
356,1988.58333333587,350.27
357,1988.66666666921,348.55
358,1988.75000000255,348.72
359,1988.83333333589,349.91
360,1988.91666666923,351.18
361,1989.00000000257,352.6
362,1989.08333333591,352.92
363,1989.16666666925,353.53
364,1989.25000000259,355.26
365,1989.33333333593,355.52
366,1989.41666666927,354.97
367,1989.50000000261,353.75
368,1989.58333333595,351.52
369,1989.66666666929,349.64
370,1989.75000000263,349.83
371,1989.83333333597,351.14
372,1989.91666666931,352.37
373,1990.00000000266,353.5
374,1990.083333336,354.55
375,1990.16666666934,355.23
376,1990.25000000268,356.04
377,1990.33333333602,357.0
378,1990.41666666936,356.07
379,1990.5000000027,354.67
380,1990.58333333604,352.76
381,1990.66666666938,350.82
382,1990.75000000272,351.04
383,1990.83333333606,352.69
384,1990.9166666694,354.07
385,1991.00000000274,354.59
386,1991.08333333608,355.63
387,1991.16666666942,357.03
388,1991.25000000276,358.48
389,1991.3333333361,359.22
390,1991.41666666944,358.12
391,1991.50000000278,356.06
392,1991.58333333612,353.92
393,1991.66666666946,352.05
394,1991.75000000281,352.11
395,1991.83333333615,353.64
396,1991.91666666949,354.89
397,1992.00000000283,355.88
398,1992.08333333617,356.63
399,1992.16666666951,357.72
400,1992.25000000285,359.07
401,1992.33333333619,359.58
402,1992.41666666953,359.17
403,1992.50000000287,356.94
404,1992.58333333621,354.92
405,1992.66666666955,352.94
406,1992.75000000289,353.23
407,1992.83333333623,354.09
408,1992.91666666957,355.33
409,1993.00000000291,356.63
410,1993.08333333625,357.1
411,1993.16666666959,358.32
412,1993.25000000293,359.41
413,1993.33333333627,360.23
414,1993.41666666961,359.55
415,1993.50000000296,357.53
416,1993.5833333363,355.48
417,1993.66666666964,353.67
418,1993.75000000298,353.95
419,1993.83333333632,355.3
420,1993.91666666966,356.78
421,1994.000000003,358.34
422,1994.08333333634,358.89
423,1994.16666666968,359.95
424,1994.25000000302,361.25
425,1994.33333333636,361.67
426,1994.4166666697,360.94
427,1994.50000000304,359.55
428,1994.58333333638,357.49
429,1994.66666666972,355.84
430,1994.75000000306,356.0
431,1994.8333333364,357.59
432,1994.91666666974,359.05
433,1995.00000000308,359.98
434,1995.08333333642,361.03
435,1995.16666666976,361.66
436,1995.25000000311,363.48
437,1995.33333333645,363.82
438,1995.41666666979,363.3
439,1995.50000000313,361.94
440,1995.58333333647,359.5
441,1995.66666666981,358.11
442,1995.75000000315,357.8
443,1995.83333333649,359.61
444,1995.91666666983,360.74
445,1996.00000000317,362.09
446,1996.08333333651,363.29
447,1996.16666666985,364.06
448,1996.25000000319,364.76
449,1996.33333333653,365.45
450,1996.41666666987,365.01
451,1996.50000000321,363.7
452,1996.58333333655,361.54
453,1996.66666666989,359.51
454,1996.75000000323,359.65
455,1996.83333333657,360.8
456,1996.91666666991,362.38
457,1997.00000000325,363.23
458,1997.0833333366,364.06
459,1997.16666666994,364.61
460,1997.25000000328,366.4
461,1997.33333333662,366.84
462,1997.41666666996,365.68
463,1997.5000000033,364.52
464,1997.58333333664,362.57
465,1997.66666666998,360.24
466,1997.75000000332,360.83
467,1997.83333333666,362.49
468,1997.91666667,364.34
