,g,series
1,76,1
2,82,1
3,83,1
4,54,1
5,35,1
6,46,1
7,87,1
8,68,1
9,87,2
10,95,2
11,98,2
12,100,2
13,109,2
14,109,2
15,100,2
16,81,2
17,75,2
18,68,2
19,67,2
20,105,3
21,83,3
22,76,3
23,75,3
24,51,3
25,76,3
26,93,3
27,75,3
28,62,3
29,95,4
30,90,4
31,76,4
32,76,4
33,87,4
34,79,4
35,77,4
36,71,4
37,76,5
38,76,5
39,78,5
40,79,5
41,72,5
42,68,5
43,75,5
44,78,5
45,78,6
46,78,6
47,78,6
48,86,6
49,87,6
50,81,6
51,73,6
52,67,6
53,75,6
54,82,6
55,83,6
56,82,7
57,79,7
58,81,7
59,79,7
60,77,7
61,79,7
62,79,7
63,78,7
64,79,7
65,82,7
66,76,7
67,73,7
68,64,7
69,84,8
70,86,8
71,85,8
72,82,8
73,77,8
74,76,8
75,77,8
76,80,8
77,83,8
78,81,8
79,78,8
80,78,8
81,78,8
