,work,hoursw,child6,child618,agew,educw,hearnw,wagew,hoursh,ageh,educh,wageh,income,educwm,educwf,unemprate,city,experience
1,no,1610,1,0,32,12,3.354,2.65,2708,34,12,4.0288,16310,12,7,5.0,no,14
2,no,1656,0,2,30,12,1.3889,2.65,2310,30,9,8.4416,21800,7,7,11.0,yes,5
3,no,1980,1,3,35,12,4.5455,4.04,3072,40,12,3.5807,21040,12,7,5.0,no,15
4,no,456,0,3,34,12,1.0965,3.25,1920,53,10,3.5417,7300,7,7,5.0,no,6
5,no,1568,1,2,31,14,4.5918,3.6,2000,32,12,10.0,27300,12,14,9.5,yes,7
6,no,2032,0,0,54,12,4.7421,4.7,1040,57,11,6.7106,19495,14,7,7.5,yes,33
7,no,1440,0,2,37,16,8.3333,5.95,2670,37,12,3.4277,21152,14,7,5.0,no,11
8,no,1020,0,0,54,12,7.8431,9.98,4120,53,8,2.5485,18900,3,3,5.0,no,35
9,no,1458,0,2,48,12,2.1262,0.0,1995,52,4,4.2206,20405,7,7,3.0,no,24
10,no,1600,0,2,39,12,4.6875,4.15,2100,43,12,5.7143,20425,7,7,5.0,no,21
11,no,1969,0,1,33,12,4.063,4.3,2450,34,12,9.7959,32300,12,3,5.0,no,15
12,no,1960,0,1,42,11,4.5918,4.58,2375,47,14,8.0,28700,14,7,5.0,no,14
13,no,240,1,2,30,12,2.0833,0.0,2830,33,16,5.3004,15500,16,16,5.0,no,0
14,no,997,0,2,43,12,2.2668,3.5,3317,46,12,4.3413,16860,10,10,7.5,yes,14
15,no,1848,0,1,43,10,3.6797,3.38,2024,45,17,10.87,31431,7,7,7.5,yes,6
16,no,1224,0,3,35,11,1.3472,0.0,1694,38,12,9.1499,19180,16,10,7.5,yes,9
17,no,1400,0,2,43,12,3.2143,4.0,2156,45,12,6.1224,18600,10,7,7.5,yes,20
18,no,640,0,5,39,12,5.175,2.25,2250,40,12,6.1498,19151,12,12,7.5,yes,6
19,no,2000,0,0,45,12,2.0,2.3,2024,51,11,6.917,18100,7,7,5.0,yes,23
20,no,1324,0,4,35,12,7.5529,3.94,2123,40,10,4.7103,20300,12,7,5.0,no,9
21,no,2215,0,2,42,16,3.5052,3.3,4160,48,16,3.131,30419,10,16,7.5,no,5
22,no,1680,0,0,30,12,3.5714,3.8,2000,35,12,4.0,14090,12,10,3.0,no,11
23,no,1600,0,0,48,13,3.25,3.26,2420,52,17,7.2227,22679,7,3,5.0,yes,18
24,no,800,0,0,45,12,3.25,2.2,1150,53,17,7.9652,12160,7,7,11.0,no,15
25,no,1955,1,1,31,12,2.1545,2.3,2024,31,12,4.0884,12487,12,7,5.0,yes,4
26,no,660,0,2,43,17,3.7879,0.0,1904,43,17,14.181,29850,16,14,9.5,yes,21
27,no,525,0,0,59,12,4.0,3.18,2448,53,16,6.5359,18100,3,7,9.5,yes,31
28,no,1904,0,3,32,12,4.7269,6.07,2000,33,13,8.5,26000,3,7,11.0,yes,9
29,no,1516,1,0,31,17,7.2559,6.0,2390,30,17,6.2762,26100,12,12,5.0,no,7
30,no,346,0,0,42,12,5.8671,6.39,1920,47,10,5.2083,17730,12,12,9.5,no,7
31,no,1040,0,0,50,11,1.5385,0.0,1840,53,10,2.7821,6719,7,7,7.5,yes,32
32,no,732,0,0,59,16,2.459,2.5,3360,57,17,4.9107,18550,3,3,14.0,yes,11
33,no,1880,0,2,36,13,5.8511,5.2,2284,35,13,5.8669,24600,12,10,7.5,no,16
34,no,1680,0,1,51,12,3.5714,3.29,1875,50,8,7.52,23100,7,14,5.0,yes,14
35,no,2081,0,3,45,16,3.8068,4.19,2140,47,17,7.5449,24656,12,12,5.0,yes,27
36,no,690,0,1,42,11,2.4638,0.0,1896,44,8,5.538,15897,10,3,7.5,no,0
37,no,4210,0,0,46,12,2.3753,4.63,1040,49,16,6.9231,20320,3,3,11.0,yes,17
38,no,2205,0,1,46,10,4.5351,4.55,2200,52,12,5.0,21384,10,3,11.0,no,28
39,no,1952,0,0,51,14,5.6183,5.6,1952,58,12,7.3064,25561,7,7,14.0,no,24
40,no,1302,0,0,30,17,14.631,9.53,1560,30,17,11.218,36550,14,17,5.0,yes,11
41,no,112,1,2,30,12,2.6786,0.0,4030,33,16,3.8462,15810,12,12,3.0,no,1
42,no,893,0,0,57,12,3.9194,3.5,2570,58,12,5.8366,25500,9,9,7.5,yes,14
43,no,583,1,2,31,16,2.5729,9.98,1530,34,16,13.725,24000,14,16,9.5,yes,6
44,no,480,0,2,48,12,4.5375,4.65,3149,48,8,6.3493,22172,3,3,5.0,no,10
45,no,1900,0,3,30,12,2.0,2.23,2690,32,12,5.2528,17930,12,7,5.0,no,6
46,no,576,0,2,34,12,3.4722,3.84,3096,33,12,1.3075,7000,12,7,3.0,no,4
47,no,2056,0,2,48,16,2.0161,0.0,2552,53,16,2.7998,25300,14,16,5.0,yes,10
48,no,1984,0,0,45,12,4.5716,4.82,2040,47,11,2.6961,16212,10,10,11.0,no,22
49,no,2640,0,0,51,12,2.2727,0.0,2180,50,13,7.5688,22650,7,7,3.0,no,16
50,no,240,0,2,30,12,2.6375,0.0,1864,37,12,3.4077,6985,12,7,14.0,no,6
51,no,1173,0,1,46,12,2.2899,2.5,2068,46,12,6.5401,30000,7,7,11.0,yes,12
52,no,3640,0,0,58,12,1.0989,0.0,2010,58,12,7.2139,18500,7,3,9.5,yes,32
53,no,340,0,8,37,12,1.1765,0.0,2152,40,10,6.2732,16658,12,7,5.0,no,15
54,no,500,0,0,52,8,1.6,0.0,1496,54,11,5.8824,10300,7,7,5.0,yes,17
55,no,1599,0,0,52,10,1.8762,2.8,2100,47,4,3.8095,11000,7,3,7.5,no,34
56,no,1830,0,0,31,16,4.0437,4.2,1960,35,14,6.3776,19900,12,12,7.5,yes,9
57,no,1920,0,0,55,14,9.6354,8.75,1985,55,15,6.0453,32500,7,7,14.0,yes,37
58,no,2052,0,0,34,17,8.0409,8.25,2020,33,17,8.8119,37300,17,17,7.5,yes,10
59,no,2312,0,0,55,14,4.599,5.58,2178,56,16,8.8765,30018,17,7,11.0,yes,35
60,no,196,0,2,39,12,2.1429,2.5,3684,39,12,3.342,12807,12,7,14.0,yes,6
61,no,2500,0,3,40,14,4.4,5.5,5010,42,13,3.1836,39500,14,3,7.5,no,19
62,no,1980,0,4,43,12,3.5354,3.75,1880,47,12,6.9149,22050,12,12,9.5,yes,10
63,no,1840,0,0,48,8,2.7174,4.8,1904,56,8,5.5147,15500,7,7,14.0,yes,11
64,no,320,0,0,47,12,6.25,6.25,2083,47,12,5.2808,13810,7,7,9.5,yes,15
65,no,419,0,4,41,12,11.933,6.3,2125,44,12,3.2,11950,7,7,5.0,yes,12
66,no,1880,0,0,36,8,3.5931,3.75,1985,37,12,5.8791,19175,12,12,7.5,no,12
67,no,72,0,2,46,17,6.9444,0.0,2640,48,17,6.25,17900,12,16,7.5,no,14
68,no,120,0,0,34,12,2.9167,0.0,2070,51,8,7.4879,15850,12,7,5.0,yes,11
69,no,1885,0,3,41,12,3.0769,2.9,2107,48,8,6.9767,27017,7,7,5.0,yes,9
70,no,240,0,1,51,12,3.75,0.0,2250,54,10,8.0,18900,12,7,5.0,no,24
71,no,1729,0,0,33,12,5.7259,4.76,2880,34,16,4.1319,21800,12,12,7.5,yes,12
72,no,1850,0,0,52,12,3.6757,3.4,1848,53,12,14.476,33552,10,10,7.5,yes,13
73,no,2033,0,0,58,9,5.1648,4.32,1927,53,7,5.7343,22650,7,9,7.5,yes,29
74,no,608,2,4,34,10,8.2237,3.0,1304,38,9,3.3742,15200,0,0,7.5,yes,11
75,no,1153,0,1,31,12,4.3365,4.52,3000,35,12,1.8333,13120,7,10,7.5,yes,13
76,no,2208,0,1,48,12,4.9819,5.31,1892,52,12,5.6025,21660,12,14,5.0,yes,19
77,no,252,0,2,32,12,0.3571,0.0,3644,32,12,4.2975,18190,7,7,3.0,no,2
78,no,337,0,0,49,17,2.9674,0.0,1430,47,17,3.9161,9600,3,3,14.0,yes,24
79,no,90,2,2,32,15,1.0,0.0,2350,31,14,4.8787,13755,10,12,7.5,yes,9
80,no,1174,0,0,58,12,2.5554,4.87,1948,59,16,9.2402,35350,7,12,7.5,yes,6
81,no,372,0,0,50,6,0.8602,2.25,1804,42,12,6.6519,12405,12,7,7.5,yes,22
82,no,30,0,0,60,14,1.0,0.0,2326,51,12,4.6217,12180,12,17,9.5,no,30
83,no,1800,0,1,50,12,2.9261,0.0,1739,55,11,9.9741,22962,7,3,7.5,yes,10
84,no,282,0,0,56,14,3.5461,2.5,1176,57,17,20.918,25700,7,7,9.5,yes,6
85,no,720,0,0,51,9,1.6264,2.2,1100,55,8,1.94,3305,7,7,3.0,no,29
86,no,1440,0,1,54,17,8.3333,6.0,1528,58,17,8.8351,32950,7,12,5.0,yes,29
87,no,2100,0,0,59,13,3.0952,2.95,2250,52,15,4.6667,17000,7,7,5.0,yes,36
88,no,1000,0,2,46,9,2.7,2.35,1927,47,10,5.1894,13250,7,7,5.0,yes,19
89,no,952,0,1,46,15,5.2521,0.0,2414,47,16,18.724,50750,7,12,5.0,yes,8
90,no,1413,1,3,39,12,1.4154,2.2,768,49,8,10.417,15632,10,10,14.0,no,13
91,no,2100,0,2,44,12,4.7986,4.85,1984,43,14,8.8458,28316,7,0,11.0,yes,16
92,no,120,2,0,33,12,1.6667,2.37,2246,36,12,7.569,17290,12,12,9.5,yes,11
93,no,3000,1,2,33,12,1.1217,0.0,3024,30,17,4.4507,33600,10,10,7.5,yes,15
94,no,1000,0,2,48,12,0.5,0.0,2921,52,12,9.3204,29200,12,7,9.0,yes,6
95,no,336,0,4,31,12,0.7143,0.0,2045,37,17,9.1687,19870,7,7,11.0,no,13
96,no,1216,0,1,45,12,2.7961,2.9,1928,44,12,6.4834,16225,7,7,11.0,no,22
97,no,988,0,1,45,12,4.8583,4.5,1920,44,10,7.8125,28600,7,3,5.0,yes,24
98,no,2581,0,2,32,13,1.7435,2.6,2280,37,17,11.404,30800,14,12,7.5,yes,2
99,no,2030,0,0,47,12,2.4631,2.8,2300,47,17,5.087,25700,7,7,3.0,no,6
100,no,413,0,2,34,13,2.4213,3.0,2480,35,13,6.9758,27000,12,12,3.0,no,2
101,no,782,0,1,37,12,1.5345,2.3,1135,34,10,5.2863,12077,12,7,9.5,yes,2
102,no,1388,0,1,36,12,2.8818,1.87,1384,39,12,11.562,29612,7,7,11.0,no,14
103,no,1450,1,2,47,12,2.4069,3.0,1848,50,14,8.6061,24479,7,10,9.5,yes,9
104,no,1720,0,1,48,16,5.2326,4.68,2499,46,17,12.805,79750,14,14,7.5,yes,11
105,no,800,0,2,42,12,3.75,2.5,2390,43,12,6.6946,20050,12,7,11.0,no,9
106,no,360,0,3,33,13,1.3889,0.0,2400,44,14,8.3333,21500,10,12,11.0,yes,6
107,no,2000,0,0,46,11,4.0,4.61,1920,53,8,4.1667,16120,7,7,5.0,no,19
108,no,1176,0,3,47,12,3.2313,3.35,2301,48,13,5.4759,24686,7,7,9.5,no,26
109,no,2058,0,1,44,12,3.4014,3.8,1944,43,10,5.144,24669,7,10,9.5,yes,19
110,no,900,0,4,36,12,1.3333,2.2,2100,37,17,11.667,26400,7,7,7.5,yes,3
111,no,215,2,0,31,17,9.3023,9.98,1920,32,16,7.2917,16245,12,12,7.5,yes,7
112,no,2000,0,0,55,14,4.5,4.37,2880,55,14,4.8611,23300,7,7,9.5,yes,28
113,no,757,0,1,45,16,4.6235,4.5,1932,48,16,12.164,27200,12,7,9.5,yes,13
114,no,1264,0,0,47,17,3.9557,0.0,3234,48,17,10.823,51000,10,17,9.5,yes,9
115,no,2064,0,3,46,12,5.814,6.0,2805,47,12,12.478,55000,10,7,14.0,yes,15
116,no,1280,0,0,49,11,0.5,0.0,2272,52,9,6.162,15389,7,7,7.5,yes,20
117,no,1715,0,0,49,12,4.0816,3.75,2227,52,14,7.1846,23150,7,7,9.5,yes,29
118,no,2000,0,2,45,12,6.0,4.95,1720,49,6,7.093,29774,7,10,14.0,yes,9
119,no,12,1,3,38,17,3.6667,0.0,2300,38,13,17.826,91044,12,10,14.0,yes,1
120,no,1528,0,0,47,10,3.8613,2.95,3410,50,12,6.393,28200,7,12,14.0,yes,8
121,no,561,0,3,54,13,2.7629,2.53,2304,57,16,11.719,36150,7,7,9.5,yes,19
122,no,2058,0,0,41,11,2.931,2.9,1984,42,12,4.7883,15652,12,12,7.5,no,23
123,no,1823,0,2,43,12,4.3884,4.2,1890,33,14,4.2328,18900,14,7,11.0,no,3
124,no,1680,1,1,31,16,5.4167,4.7,1970,32,12,7.1066,23600,12,10,7.5,no,13
125,no,1440,0,0,47,17,9.8611,7.1,2400,46,12,8.3333,36200,7,7,7.5,yes,8
126,no,4950,0,2,35,12,0.1616,2.75,2504,37,12,6.9888,18700,10,10,7.5,no,17
127,no,1176,0,3,45,16,0.3826,3.75,2398,48,17,9.5913,24125,7,7,11.0,yes,4
128,no,1100,1,0,33,12,3.6364,3.58,1960,39,12,6.0204,15800,7,7,7.5,no,15
129,no,1516,0,1,54,16,2.3747,2.4,2550,55,12,2.9686,19742,12,7,3.0,no,11
130,no,900,0,4,35,8,4.6667,3.95,2500,41,12,7.0,22600,10,7,9.5,no,7
131,no,1080,1,2,31,12,1.8519,2.25,2164,37,10,7.1627,17500,7,7,7.5,no,0
132,no,480,0,0,55,12,5.2,0.0,2640,60,12,4.7364,19820,7,7,7.5,no,0
133,no,288,0,2,34,12,3.2986,4.62,1936,36,12,8.781,20155,12,16,11.0,yes,10
134,no,1875,0,1,38,13,8.5333,8.5,2136,41,12,9.8315,37300,10,12,7.5,yes,8
135,no,630,0,1,45,11,2.0635,0.0,1955,51,10,6.6496,24860,7,7,7.5,yes,2
136,no,234,0,1,47,12,2.5641,2.5,1980,48,10,9.8485,21450,12,3,7.5,yes,4
137,no,1600,0,2,39,12,2.1875,0.0,2550,42,11,9.8039,29650,7,7,5.0,yes,6
138,no,960,1,0,36,14,6.25,0.0,2058,37,13,8.2604,23000,7,7,11.0,yes,18
139,no,120,1,2,33,12,3.3333,0.0,2263,32,14,9.0676,21120,7,7,9.0,yes,3
140,no,2025,0,0,50,12,4.4444,4.8,1763,54,13,8.5082,26000,7,12,5.0,yes,22
141,no,1809,0,0,58,12,6.6335,6.45,2096,59,14,7.1565,28000,3,7,7.5,yes,33
142,no,3087,0,0,49,17,8.4224,9.98,2059,47,13,7.0423,45500,12,12,11.0,yes,28
143,no,910,0,2,41,14,4.3956,0.0,1820,40,17,6.5934,16000,16,12,14.0,yes,23
144,no,1840,0,1,51,12,2.4457,2.5,2832,53,8,4.3457,18232,7,14,11.0,no,27
145,no,784,0,0,53,9,1.2245,2.25,1990,60,10,7.2362,28160,3,7,14.0,yes,11
146,no,400,1,2,36,12,1.625,0.0,2000,40,7,1.74,5965,12,7,11.0,yes,6
147,no,1000,0,2,46,12,3.0,5.5,1885,46,12,6.8966,19000,7,7,9.5,yes,11
148,no,1904,0,2,36,12,4.7269,4.2,2860,37,12,5.0455,36872,12,12,11.0,yes,14
149,no,1771,0,1,53,14,1.1293,9.98,1913,48,16,17.25,42000,12,12,14.0,yes,17
150,no,1486,0,3,40,16,7.4024,6.25,1800,54,16,8.3333,26900,16,14,11.0,yes,17
151,no,740,0,2,42,17,4.4595,1.65,2880,45,16,9.375,30800,12,10,9.0,no,14
152,no,1820,1,1,33,15,2.4725,0.0,1993,32,16,8.279,21520,12,12,11.0,yes,11
153,no,1275,0,3,43,12,1.8824,3.0,2250,47,14,4.5,24795,7,7,7.5,yes,7
154,no,450,1,0,31,16,4.0,4.0,2286,30,16,4.1995,12900,14,16,14.0,yes,8
155,no,1221,0,0,47,17,8.19,5.99,1880,47,16,16.064,42700,7,7,7.5,yes,6
156,no,1550,0,0,54,17,7.0968,6.0,2350,58,17,11.277,38800,10,17,11.0,yes,8
157,no,180,1,3,33,12,1.6667,0.0,3640,33,11,0.5494,2500,7,3,3.0,no,4
158,no,2090,0,0,43,16,3.445,3.85,1770,47,14,9.548,26921,14,10,11.0,yes,25
159,no,1960,0,1,46,13,4.2347,4.2,1875,49,13,5.3333,18300,7,9,3.0,no,24
160,no,1440,0,3,35,12,2.7778,4.1,2200,38,9,5.4545,17200,7,7,14.0,yes,11
161,no,794,0,3,37,11,1.8892,3.85,2033,39,12,5.9026,14209,12,3,9.5,yes,19
162,no,993,0,2,37,16,5.0352,8.3,2739,39,17,9.8576,32300,12,16,14.0,yes,9
163,no,160,0,3,34,14,1.25,0.0,1626,38,14,11.685,21400,17,12,7.5,yes,19
164,no,105,1,0,43,16,2.8571,0.0,2248,44,17,6.2278,14700,7,7,9.5,no,14
165,no,1200,0,0,46,12,4.1167,4.33,2140,48,12,9.1748,25516,7,7,9.5,yes,22
166,no,450,0,3,35,9,1.7778,2.6,1985,42,12,6.2972,13300,3,7,5.0,yes,6
167,no,996,0,0,46,17,13.554,9.98,1528,59,17,10.471,31000,12,12,9.5,yes,23
168,no,1052,0,0,46,14,4.5627,4.9,1920,48,16,14.583,48800,7,3,11.0,yes,15
169,no,1128,0,2,43,12,2.1277,2.4,1918,46,10,6.2143,15519,7,7,14.0,yes,6
170,no,1840,0,0,30,12,2.9891,3.75,2112,30,12,6.6288,19500,7,7,7.5,no,11
171,no,1910,0,2,41,11,2.5654,2.57,2144,46,9,3.8246,14545,3,7,5.0,no,2
172,no,980,0,1,54,12,5.6122,5.0,1920,54,15,7.8125,22897,7,7,14.0,yes,22
173,no,2317,0,1,31,12,2.8054,3.87,2241,41,9,3.4806,14300,10,10,7.5,yes,10
174,no,1089,0,0,44,10,1.607,0.0,880,47,11,5.55,14884,10,10,9.5,yes,14
175,no,800,0,1,32,12,2.25,0.0,2070,31,16,11.594,27400,12,7,11.0,yes,12
176,no,1230,0,0,47,5,2.0325,2.82,1050,53,5,9.5238,16400,7,12,14.0,yes,9
177,no,1158,0,1,46,17,5.532,8.1,2635,57,17,7.2805,25704,14,17,7.5,no,13
178,no,2272,0,0,37,11,1.5845,3.71,3000,47,8,3.0,12800,10,10,7.5,no,18
179,no,528,0,2,51,12,3.7879,0.0,2500,50,11,10.4,40000,7,7,7.5,no,8
180,no,1000,0,1,49,12,3.0,0.0,1990,49,12,10.05,47000,7,7,14.0,yes,11
181,no,520,0,4,36,14,8.6538,0.0,2390,37,13,8.7866,25872,10,12,9.5,yes,9
182,no,760,0,1,39,11,4.2105,3.95,1430,44,12,10.14,26868,12,7,9.5,yes,9
183,no,1920,0,2,48,12,4.6875,4.3,1800,50,8,5.0,18000,12,12,9.5,yes,14
184,no,1220,0,2,38,14,4.0984,4.84,2103,43,17,11.888,30200,7,7,5.0,yes,9
185,no,200,0,2,40,12,25.0,3.0,1350,42,12,13.333,26220,7,7,7.5,yes,2
186,no,2480,1,5,39,10,2.6331,4.2,2880,36,17,8.6806,40500,7,7,3.0,no,12
187,no,2750,0,0,37,16,6.0,9.0,2400,43,17,7.2917,33570,12,7,7.5,yes,15
188,no,2014,0,1,49,13,5.4126,4.05,1135,47,12,3.5242,16917,7,14,14.0,yes,11
189,no,1355,0,3,33,12,0.6642,1.0,2750,35,17,6.1818,18000,12,7,9.5,no,7
190,no,80,0,0,30,12,1.25,0.0,2085,32,16,2.9755,8337,12,12,11.0,yes,9
191,no,1670,0,0,54,12,2.2754,2.1,2600,56,8,4.5769,17100,12,7,9.5,no,19
192,no,520,0,4,39,11,3.4615,3.05,3542,40,12,3.1056,17800,10,7,11.0,no,11
193,no,288,0,3,43,12,4.1667,3.0,1975,43,12,5.8228,13740,12,12,14.0,yes,8
194,no,2014,0,3,31,9,4.4687,4.26,2400,32,12,7.5,27000,10,3,9.5,yes,13
195,no,800,0,3,33,13,1.75,0.0,3000,37,14,8.3333,32600,12,7,7.5,yes,4
196,no,1984,0,3,40,12,3.6694,4.25,1960,39,14,9.2347,28030,12,12,14.0,yes,7
197,no,1823,0,1,36,12,6.5826,6.0,2000,39,9,5.5,23100,12,12,3.0,no,19
198,no,1500,0,0,51,12,2.6,2.0,3000,51,12,6.0,24580,7,7,9.5,yes,14
199,no,2261,0,1,44,13,4.8651,5.5,2400,43,12,6.6667,29000,12,7,9.5,yes,14
200,no,1728,0,3,42,16,5.787,6.25,2450,48,14,13.061,42430,12,14,9.5,yes,3
201,no,1960,0,1,40,12,4.5408,5.0,2423,40,8,12.794,41800,12,12,7.5,yes,9
202,no,1578,1,1,34,16,9.5057,7.72,2000,33,16,12.0,39100,12,17,9.5,yes,7
203,no,1316,0,0,30,17,10.638,7.0,2526,41,16,6.73,31800,16,17,11.0,yes,7
204,no,1530,0,0,54,12,1.1111,1.13,2695,53,12,6.679,22200,7,7,14.0,no,14
205,no,2220,0,0,51,12,4.0541,4.37,2048,54,12,4.3945,19500,16,7,3.0,no,29
206,no,1336,0,2,44,9,2.6871,2.64,1920,46,11,4.6875,14027,7,10,11.0,no,19
207,no,1008,0,1,43,12,2.9762,2.5,2338,42,9,7.6989,21195,7,7,11.0,yes,14
208,no,1944,0,1,34,12,3.1728,3.23,2945,37,8,4.3287,19013,10,7,7.5,no,16
209,no,2000,0,0,45,13,3.55,3.45,2047,52,12,6.7416,20900,12,7,11.0,yes,10
210,no,258,0,0,39,12,17.907,0.0,1668,47,7,9.3525,26820,10,3,11.0,no,12
211,no,1785,0,0,50,12,3.4174,5.75,175,48,10,9.1429,12800,0,0,14.0,yes,24
212,no,480,0,0,52,12,3.3333,0.0,1798,53,12,2.6418,7850,7,7,14.0,no,6
213,no,772,0,2,41,12,3.886,7.5,1222,45,12,7.365,18600,12,12,7.5,yes,9
214,no,900,0,0,59,10,2.3111,2.22,1820,59,7,1.4066,5380,12,7,5.0,no,14
215,no,1428,0,0,52,12,1.7108,2.5,1560,60,8,1.5192,6114,10,7,14.0,no,26
216,no,210,0,0,46,16,2.1143,4.0,2210,49,12,3.3439,8234,12,12,14.0,no,7
217,no,239,1,5,41,12,9.9331,4.5,2874,48,16,2.9106,20646,3,7,11.0,yes,4
218,no,1878,0,2,33,11,3.0277,3.5,2499,35,8,4.3834,16640,7,7,9.5,no,15
219,no,215,0,0,45,12,1.8605,2.3,3088,38,12,4.2098,13900,12,12,5.0,yes,23
220,no,2340,1,2,36,10,0.1282,0.0,2020,37,8,3.7129,11500,10,7,7.5,no,1
221,no,1960,0,1,48,12,6.6327,6.3,1980,56,10,10.606,34000,7,7,14.0,yes,29
222,no,532,0,1,47,12,5.6391,3.6,1968,47,11,8.6382,28700,7,3,11.0,yes,9
223,no,394,0,0,45,12,1.599,2.5,2100,45,12,3.8367,9563,7,7,7.5,no,6
224,no,675,0,2,37,12,2.6667,3.0,2651,48,17,7.1671,20960,7,7,7.5,no,11
225,no,1515,0,4,46,16,7.9208,6.8,1918,49,14,8.8634,38590,12,10,14.0,yes,17
226,no,1030,0,3,43,17,5.3398,5.8,2585,46,16,7.7369,27900,12,12,5.0,yes,6
227,no,1250,0,2,42,12,4.0,4.0,2250,46,17,9.1702,25633,7,7,7.5,yes,7
228,no,1158,1,2,34,17,6.0449,5.1,2480,39,17,11.29,35200,12,12,7.5,yes,2
229,no,112,0,0,52,12,6.25,0.0,2924,53,12,6.3269,29500,7,7,7.5,yes,24
230,no,336,0,3,37,12,2.9762,2.2,1896,52,9,4.7468,10000,10,7,7.5,no,4
231,no,1984,0,1,37,12,4.2339,4.78,2332,40,12,4.8885,19800,10,7,5.0,no,11
232,no,716,0,0,52,8,3.4916,2.2,3482,59,7,2.4842,12900,7,7,5.0,no,25
233,no,1410,1,0,30,12,4.9645,1.28,2106,30,14,8.547,26080,12,12,7.5,no,11
234,no,1300,0,1,31,13,2.7692,0.0,1160,32,12,6.6379,13066,17,7,11.0,yes,2
235,no,1640,0,1,38,12,3.6585,3.25,2040,46,12,3.1863,12500,7,7,7.5,no,19
236,no,1202,0,3,43,12,5.3935,0.0,2856,48,16,4.5466,35600,7,7,9.0,yes,7
237,no,489,0,1,49,8,0.6564,2.29,950,51,8,12.789,19424,7,7,5.0,yes,2
238,no,2076,0,0,55,12,4.7688,4.68,2068,58,10,6.528,26250,7,7,5.0,yes,20
239,no,526,0,2,38,17,8.5551,4.2,1896,42,17,16.403,36525,12,14,9.5,yes,10
240,no,1721,0,0,52,17,10.459,9.5,2000,56,16,7.0,34700,14,17,14.0,yes,19
241,no,1327,0,0,48,12,2.6375,2.57,288,51,11,13.542,8311,7,7,11.0,yes,17
242,no,584,0,2,32,13,6.8493,4.32,2160,33,12,6.713,28626,12,10,11.0,yes,12
243,no,1376,0,1,32,12,5.0872,5.0,3120,33,17,5.4487,24400,7,7,5.0,yes,11
244,no,1040,0,2,38,12,0.9615,0.0,1944,41,17,6.6872,14025,7,7,7.5,yes,6
245,no,548,0,3,46,12,4.3066,3.69,2046,47,12,9.0943,21367,16,12,14.0,yes,10
246,no,15,0,3,40,12,7.0667,0.0,2005,42,9,6.5337,14136,7,7,7.5,no,4
247,no,1980,0,4,31,9,2.5253,2.56,2070,36,10,4.686,19900,10,7,5.0,yes,2
248,no,1520,0,1,43,10,7.8947,5.0,3000,50,12,8.0,37000,12,9,9.5,yes,13
249,no,1880,0,0,51,12,4.1489,3.9,2640,51,12,4.053,18500,7,7,7.5,no,21
250,no,1260,1,0,30,16,8.1746,8.17,2450,34,17,8.1633,34550,16,14,5.0,yes,9
251,no,1092,0,0,52,13,9.5971,0.0,1000,53,15,16.5,49620,10,7,11.0,yes,4
252,no,1587,1,5,30,8,2.0164,2.3,2080,33,8,3.4615,10400,3,3,7.5,no,2
253,no,156,0,0,51,16,7.6218,0.0,2413,51,16,11.361,33000,16,16,11.0,yes,19
254,no,1939,0,2,31,13,3.1975,3.43,2570,31,12,3.8911,16200,7,3,7.5,yes,4
255,no,1250,0,4,34,12,1.6,1.36,2030,52,12,9.6059,22660,12,16,7.5,yes,9
256,no,610,0,0,49,11,4.0984,4.0,4684,59,17,2.6687,16000,7,7,7.5,yes,14
257,no,270,1,3,35,13,1.4815,5.0,2802,41,17,8.8865,25780,7,16,9.5,yes,6
258,no,660,1,0,53,12,3.6364,3.15,2090,59,12,6.3636,20675,7,12,7.5,yes,24
259,no,1000,0,3,32,12,1.0,0.0,2053,46,16,17.728,40213,12,7,11.0,no,1
260,no,1920,0,3,38,10,2.6042,2.93,1984,42,10,5.2923,15500,12,7,7.5,yes,13
261,no,200,0,0,54,12,1.75,0.0,2040,54,16,15.686,35207,7,12,9.5,yes,3
262,no,1500,0,1,47,17,4.8,3.6,2794,58,8,5.2423,35702,10,12,11.0,yes,10
263,no,868,0,1,45,15,5.53,6.0,3290,47,14,3.0395,17800,14,12,9.5,yes,16
264,no,2318,0,1,47,16,4.0984,4.2,1911,46,16,16.745,50900,16,16,5.0,yes,9
265,no,2000,0,0,59,10,1.25,0.0,2000,60,12,3.75,17280,7,7,5.0,no,19
266,no,60,0,1,32,11,1.6667,0.0,2580,31,12,5.814,15150,10,9,5.0,yes,4
267,no,1715,0,1,45,12,3.7901,3.38,2400,49,17,10.833,36200,7,7,7.5,yes,10
268,no,550,0,4,40,12,2.3636,2.26,1740,47,12,9.0029,17465,14,12,5.0,yes,5
269,no,1960,0,2,47,14,10.204,0.0,2500,50,12,6.54,45205,14,12,3.0,yes,7
270,no,44,1,2,36,16,6.8182,1.36,1840,37,17,5.9783,14500,12,10,5.0,no,3
271,no,1920,0,0,56,14,7.2146,6.92,2036,56,14,8.6248,32011,7,7,7.5,no,38
272,no,2540,0,1,41,8,2.4484,0.0,3536,43,11,4.8329,35200,7,12,9.5,no,16
273,no,156,0,3,48,7,1.1987,0.0,880,51,11,10.909,13579,3,7,11.0,no,13
274,no,780,1,2,36,12,1.641,0.0,2007,38,12,3.8864,10455,7,7,11.0,no,1
275,no,3120,0,0,41,12,1.7821,0.0,2632,44,13,8.4574,32600,7,3,5.0,no,7
276,no,2040,0,0,41,14,2.9412,2.8,2600,43,12,5.0,19150,7,10,11.0,yes,15
277,no,1610,0,3,36,12,4.9689,4.25,2156,36,13,7.4212,24400,12,17,9.5,yes,10
278,no,215,0,3,37,12,1.8605,0.0,3625,41,12,4.4938,21700,10,7,3.0,no,2
279,no,1120,0,0,38,12,8.0357,0.0,2420,42,12,7.0252,26201,7,3,9.5,yes,19
280,no,846,0,2,43,14,3.9716,4.2,2080,43,9,3.2788,11920,3,3,7.5,yes,25
281,no,3225,0,0,54,16,3.0416,0.0,3443,59,17,1.2861,16300,12,12,9.5,yes,25
282,no,1376,0,1,38,12,2.907,3.75,2250,41,12,5.5556,16500,7,7,5.0,yes,7
283,no,980,1,0,30,12,3.0612,3.6,2535,34,16,7.4951,30000,12,7,11.0,yes,15
284,no,1838,0,0,49,12,4.8966,5.0,2352,48,15,22.109,62500,7,7,9.5,yes,11
285,no,1494,0,1,45,13,4.0161,2.5,3036,49,6,9.058,58500,10,10,9.5,yes,25
286,no,450,0,0,51,13,5.5556,3.5,2600,57,14,11.538,40900,7,7,9.5,yes,19
287,no,1976,0,0,34,10,1.2227,2.45,2223,39,7,6.0468,16308,0,10,7.5,yes,4
288,no,2012,0,2,34,12,2.6839,3.61,2666,34,10,1.3653,9300,7,7,7.5,yes,14
289,no,561,0,1,41,12,2.6738,3.25,2006,41,17,16.55,35700,10,9,7.5,yes,19
290,no,1715,0,1,49,12,9.3294,7.05,1710,49,17,8.7719,35700,9,9,11.0,yes,18
291,no,1912,0,0,32,12,3.1381,3.6,1920,46,14,9.6354,24500,12,12,5.0,yes,14
292,no,3686,0,0,32,14,0.5426,0.0,1647,39,14,6.6788,13000,12,12,7.5,yes,11
293,no,1080,0,2,32,17,8.6111,4.65,3080,35,15,7.5727,52600,12,12,5.0,no,4
294,no,1799,0,0,47,10,3.6687,3.25,1920,48,10,7.8125,25360,3,7,7.5,yes,29
295,no,1984,0,1,39,9,2.3185,2.3,2420,47,4,1.9835,9400,9,9,7.5,no,21
296,no,1839,0,0,49,12,2.882,3.27,2205,53,15,9.5238,26800,12,12,11.0,yes,24
297,no,1579,0,3,37,12,3.1666,0.0,3035,39,14,6.425,33040,12,7,7.5,yes,19
298,no,96,0,0,59,16,3.6458,0.0,2185,60,15,10.984,26350,14,12,7.5,yes,31
299,no,1920,0,0,50,12,6.25,5.47,1880,56,12,12.766,39000,7,7,14.0,yes,28
300,no,1688,0,1,32,17,10.249,9.8,1863,33,17,9.5545,35100,12,12,9.5,yes,15
301,no,1589,0,0,46,12,3.2096,5.54,2456,48,16,5.4967,22502,12,12,11.0,no,27
302,no,345,0,2,43,17,7.6522,5.0,1847,46,17,9.7618,21950,12,14,14.0,no,13
303,no,1521,0,3,37,11,1.9724,2.3,2000,42,6,5.0,13000,7,7,7.5,no,4
304,no,1490,0,2,32,16,4.698,3.9,1856,35,14,5.9995,18180,12,14,9.0,yes,10
305,no,989,0,1,39,11,2.1234,2.76,1880,43,14,6.9149,20957,10,10,9.0,yes,8
306,no,600,0,2,34,13,2.3333,2.9,3020,35,12,4.9669,13700,12,12,7.5,no,4
307,no,2646,0,1,39,11,2.3896,0.0,2646,41,8,2.3896,20000,7,7,5.0,yes,18
308,no,2149,0,3,45,8,1.2564,2.5,1640,48,9,4.5122,12260,7,7,5.0,yes,3
309,no,320,0,0,50,11,1.0938,0.0,1950,54,11,9.2308,24850,3,12,7.5,yes,11
310,no,1600,0,1,40,12,3.75,3.3,1920,39,12,11.458,29150,12,7,7.5,yes,8
311,no,2419,0,1,30,10,3.3072,3.9,2025,34,12,7.6993,23591,7,7,11.0,yes,10
312,no,2005,0,0,57,17,5.1352,5.25,2470,56,17,4.183,24717,16,12,11.0,yes,33
313,no,1960,0,1,39,12,6.6327,3.6,1800,43,12,8.3333,30455,12,12,9.0,yes,19
314,no,2147,0,0,53,12,4.5645,4.9,1920,56,8,5.1042,19600,12,12,7.5,yes,35
315,no,1207,0,1,48,17,11.848,7.15,2039,53,17,8.2271,31875,7,12,5.0,yes,21
316,no,2000,0,1,46,14,3.75,3.75,2570,48,16,5.6634,24055,14,14,7.5,no,7
317,no,1260,0,0,47,12,4.3651,4.35,1914,54,12,5.222,18795,7,10,7.5,no,18
318,no,90,0,1,43,12,3.9333,4.0,1516,47,10,7.19,12198,7,7,7.5,no,4
319,no,1800,0,0,47,12,3.3333,3.25,2520,47,16,13.907,52645,12,7,7.5,yes,12
320,no,573,0,1,47,12,3.3159,2.2,2327,48,12,6.0163,16600,10,7,14.0,no,16
321,no,1825,0,0,47,12,3.5616,3.0,2188,50,12,7.6782,32590,7,7,7.5,yes,14
322,no,75,0,0,46,12,1.6,0.0,1864,48,12,5.3112,10020,3,7,7.5,yes,3
323,no,1348,0,4,34,9,2.2255,2.3,2183,33,10,4.1228,12048,7,7,11.0,no,1
324,no,1880,0,0,48,10,4.7872,4.25,1920,55,12,7.8125,39750,7,7,11.0,no,27
325,no,1240,0,1,30,12,5.8065,6.9,1824,31,12,4.6053,15700,10,7,7.5,yes,12
326,no,848,0,1,51,12,2.3585,2.3,2878,54,12,3.9746,24250,7,7,3.0,no,6
327,no,150,0,5,52,12,2.0,0.0,2390,54,16,15.063,43210,7,12,14.0,yes,9
328,no,2000,0,2,37,12,1.9,1.85,3120,39,13,4.5064,37100,12,12,5.0,no,2
329,no,1952,0,2,32,12,5.123,3.25,2040,33,12,5.8824,23820,12,7,5.0,no,6
330,no,1456,0,2,36,17,5.4945,6.04,2151,35,15,10.228,31600,12,14,5.0,yes,9
331,no,1740,0,2,35,12,6.3218,5.5,1976,37,14,6.5789,24000,10,10,7.5,yes,16
332,no,1400,0,0,45,17,7.1429,7.14,2286,51,16,8.8145,30750,14,12,5.0,no,22
333,no,2000,0,0,56,12,2.375,2.7,2032,60,10,2.9528,11050,7,7,14.0,no,26
334,no,1750,0,2,40,10,2.5429,2.74,1680,45,4,4.5173,12239,7,7,14.0,no,11
335,no,1101,1,2,45,12,2.1798,2.3,1560,49,14,5.1282,12870,14,12,7.5,yes,11
336,no,2000,0,2,32,12,2.6,2.5,2895,30,12,4.1451,17200,10,7,7.5,no,15
337,no,1877,0,0,45,12,3.7294,3.6,1820,50,8,8.7912,23980,10,10,7.5,no,13
338,no,160,0,2,40,12,4.375,1.85,2450,44,12,7.3061,18600,7,12,14.0,yes,6
339,no,1886,0,1,38,12,4.4433,4.0,1748,42,8,6.0069,23920,7,10,9.5,yes,20
340,no,1446,0,4,49,12,4.2877,4.4,1020,45,12,8.3333,16084,7,7,14.0,yes,17
341,no,1500,0,1,47,16,1.6667,1.5,2342,49,17,11.529,31100,14,14,11.0,yes,8
342,no,860,0,0,52,13,3.2558,5.83,2250,53,12,6.6667,20460,7,7,11.0,yes,13
343,no,1848,0,1,34,13,5.4113,6.0,2880,40,16,8.6806,36000,12,12,7.5,yes,15
344,no,1678,0,2,44,12,2.205,2.3,2032,46,12,3.468,17302,14,12,3.0,no,14
345,no,160,0,3,36,16,4.0625,0.0,3120,42,16,3.0321,16450,14,7,3.0,no,14
346,no,108,0,0,50,17,0.6482,0.0,1760,57,16,13.807,41170,14,16,9.5,yes,6
347,no,1738,0,0,45,12,5.3826,6.18,1725,47,12,6.2174,20130,0,0,7.5,yes,24
348,no,1170,0,2,44,14,0.1709,0.0,2080,46,13,4.2308,9200,16,12,9.5,yes,10
349,no,15,0,2,57,12,23.467,0.0,2040,57,10,11.47,24751,7,7,11.0,yes,2
350,no,2088,0,0,35,17,9.5785,9.98,2940,42,17,12.245,57300,12,17,9.5,yes,9
351,no,2490,0,0,46,12,3.6948,3.77,2280,52,12,9.2105,37200,7,7,7.5,yes,23
352,no,135,2,1,30,14,2.2222,0.0,2164,35,16,6.3309,14000,10,12,14.0,yes,12
353,no,1944,0,3,42,12,1.749,2.3,1999,44,12,7.8039,20610,7,3,14.0,no,8
354,no,690,0,1,34,12,1.1594,2.25,1824,36,13,7.6754,14800,10,7,7.5,yes,16
355,no,608,0,2,45,17,6.9901,3.0,2182,47,16,15.582,40005,10,14,14.0,yes,10
356,no,63,1,2,35,16,3.9683,0.0,2385,37,16,9.6436,23750,14,7,14.0,yes,7
357,no,154,0,0,40,16,21.429,8.13,2460,44,17,12.886,35300,7,12,14.0,yes,19
358,no,420,0,1,32,12,0.4762,2.85,2595,35,16,6.5511,17350,12,12,7.5,yes,2
359,no,651,0,0,54,9,2.1505,1.44,2400,57,10,8.25,21650,7,7,7.5,yes,9
360,no,675,0,3,38,12,1.8578,2.2,3120,42,8,1.3792,6740,7,7,14.0,no,14
361,no,1663,0,3,43,12,4.3295,3.6,2850,42,12,5.2632,32275,12,14,5.0,yes,9
362,no,1680,0,0,54,16,8.9286,7.0,760,60,12,10.526,33220,14,7,9.5,yes,16
363,no,180,0,3,39,14,2.7778,4.0,2500,37,17,10.0,26500,12,12,7.5,yes,7
364,no,1581,0,1,37,12,2.6565,3.25,2630,39,14,12.548,38700,7,12,5.0,yes,6
365,no,1200,0,2,46,12,2.5,3.08,2597,48,8,4.6207,15400,7,7,5.0,yes,22
366,no,450,0,0,56,11,18.267,0.0,2760,60,11,1.854,19007,7,7,3.0,no,9
367,no,547,0,3,41,12,0.819,2.0,2070,44,8,7.4266,16771,12,7,7.5,no,9
368,no,300,0,1,45,16,2.0,0.0,2256,48,16,13.298,31100,16,7,11.0,yes,14
369,no,975,0,1,44,17,15.385,8.5,1505,47,16,26.578,66300,3,3,7.5,yes,17
370,no,1621,0,1,50,17,6.4775,0.0,2364,52,17,13.959,43550,16,12,5.0,no,12
371,no,300,0,5,37,14,8.3333,3.5,2895,38,14,13.126,37250,7,7,11.0,no,13
372,no,1868,0,1,44,12,4.5503,4.25,2041,46,12,7.8883,24900,16,7,14.0,no,8
373,no,1803,0,2,32,14,2.4958,1.9,2195,34,17,8.656,24200,7,14,9.5,yes,10
374,no,2143,1,1,34,12,4.4797,4.8,1935,40,12,3.4109,16200,10,10,14.0,no,16
375,no,1080,0,2,32,10,2.2324,2.3,1950,35,10,4.6256,11431,10,10,7.5,no,1
376,no,1352,0,3,37,12,2.071,1.8,2375,38,14,4.2105,13200,10,10,11.0,no,6
377,no,537,0,1,44,13,1.676,0.0,1920,55,8,4.2708,15420,10,10,9.0,yes,4
378,no,352,0,2,34,16,3.4091,0.0,3300,33,12,3.3424,18400,12,12,14.0,no,8
379,no,200,1,3,33,12,2.5,8.0,3680,33,16,8.6359,43500,10,3,5.0,yes,4
380,no,2045,0,3,43,7,3.9609,4.07,1968,43,12,6.7581,21972,7,7,7.5,yes,15
381,no,1253,0,2,35,16,6.2275,3.97,2504,33,10,0.5843,7774,16,16,11.0,no,7
382,no,1960,0,1,43,14,3.9286,3.85,2000,45,14,5.335,24470,7,7,7.5,no,14
383,no,2000,0,0,34,12,2.9,2.5,1656,37,12,4.7101,13600,7,7,7.5,no,16
384,no,1960,0,3,36,10,4.0816,4.55,1968,39,7,4.9797,22500,7,0,7.5,no,15
385,no,2000,0,2,41,12,2.85,4.2,2016,41,12,2.9762,13600,7,7,14.0,no,23
386,no,1568,0,0,41,16,7.0153,6.31,2602,44,17,12.744,90800,7,7,7.5,no,19
387,no,1225,0,3,35,10,2.9388,2.4,1560,43,9,3.8462,10776,10,10,7.5,no,4
388,no,780,1,3,32,12,1.9231,3.25,1827,37,10,7.2233,19007,10,7,5.0,yes,12
389,no,480,0,0,30,14,6.875,0.0,2080,34,14,8.8077,23900,12,12,14.0,yes,12
390,no,1923,0,0,43,12,3.9002,4.74,3390,47,12,5.3864,26060,7,7,7.5,yes,25
391,no,2000,0,0,54,6,2.0,0.0,2524,57,6,3.6846,13300,7,7,7.5,no,14
392,no,2110,0,2,35,15,4.9763,4.37,2777,34,12,1.8437,15620,7,7,7.5,no,14
393,no,1664,0,0,50,12,1.2019,5.0,3120,54,13,1.3013,16500,7,7,7.5,no,11
394,no,48,1,1,34,17,22.5,0.0,2700,36,17,7.2222,20880,14,16,5.0,yes,7
395,no,1791,0,0,52,14,6.8677,6.18,1904,57,12,7.3529,30600,14,12,9.5,yes,18
396,no,1404,0,3,35,13,3.5613,5.3,2360,38,14,11.864,39000,7,10,9.0,yes,4
397,no,1920,0,0,55,6,1.9792,2.58,1960,58,8,5.3327,15428,7,7,7.5,no,37
398,no,2141,0,0,35,16,5.3713,6.0,2000,42,16,5.5,23300,7,7,7.5,no,13
399,no,1720,0,1,49,14,1.7442,0.0,2600,45,16,7.2308,42100,16,16,9.5,yes,14
400,no,3533,2,2,38,15,5.0948,8.5,2000,38,9,7.0,36430,12,7,9.5,yes,17
401,no,2000,0,2,42,14,2.5,0.0,2218,45,14,7.2137,26000,7,7,9.5,yes,5
402,no,800,0,1,48,8,3.825,2.3,2000,52,5,4.5,62060,7,7,7.5,no,2
403,no,3000,0,0,51,14,1.0,0.0,2595,53,16,8.8632,28300,12,12,9.5,yes,0
404,no,293,0,2,43,12,3.0717,4.0,2400,47,12,9.3333,24149,12,10,7.5,yes,3
405,no,1872,0,1,43,12,1.7163,0.0,2856,48,12,3.8263,28141,12,10,7.5,yes,21
406,no,2058,0,1,38,12,4.0209,4.0,2601,38,14,5.4448,23057,10,10,7.5,yes,20
407,no,1832,0,1,44,12,5.4585,4.95,2054,48,9,8.7634,28900,3,7,7.5,yes,19
408,no,120,1,3,36,12,25.0,9.98,2500,35,12,8.4,24000,12,10,9.5,yes,4
409,no,1632,0,0,38,12,2.3897,2.3,1960,31,12,5.102,13900,12,12,7.5,no,19
410,no,778,0,0,47,8,3.2134,7.25,2058,51,8,7.4101,31810,12,12,5.0,yes,11
411,no,1984,0,2,34,12,3.377,3.14,2410,49,10,5.3527,19840,7,7,7.5,no,14
412,no,225,1,2,40,17,1.7778,0.0,1278,38,17,19.562,25490,16,17,14.0,yes,8
413,no,1960,0,1,31,12,3.1633,3.18,2875,35,12,5.0783,20800,12,12,7.5,no,13
414,no,444,0,0,46,12,2.7027,0.0,2340,49,12,0.5128,2400,10,16,7.5,yes,24
415,no,384,0,3,36,14,1.6927,0.0,3060,43,17,5.402,32650,10,10,14.0,yes,1
416,no,1170,1,2,39,13,0.2137,0.0,1920,47,12,7.8646,16370,12,16,11.0,yes,1
417,no,1330,0,2,36,17,6.7669,4.5,3390,38,12,6.0531,35500,7,7,14.0,no,3
418,no,1350,0,4,37,8,1.7407,2.1,2400,41,12,5.0,15100,7,7,3.0,no,4
419,no,480,0,4,39,12,2.5,0.0,1640,40,11,7.6829,14100,7,9,3.0,no,21
420,no,1984,1,3,36,11,4.4859,3.26,1656,38,8,6.0386,19600,7,3,14.0,no,10
421,no,1944,0,2,49,12,2.572,2.7,1920,53,16,5.851,19434,7,7,5.0,yes,13
422,no,50,1,1,45,12,3.46,5.0,1780,46,10,6.7416,23882,7,7,9.5,yes,9
423,no,460,2,0,32,17,4.7826,0.0,1850,31,17,8.1081,17300,7,7,7.5,no,14
424,no,680,0,5,36,10,2.3118,0.0,3430,43,12,5.3061,19772,7,7,7.5,no,2
425,no,2450,0,1,40,12,5.3061,6.5,2008,40,8,7.2709,35641,7,7,5.0,yes,21
426,no,2144,0,2,43,13,5.8675,0.0,2140,43,11,8.1776,34220,7,7,7.5,yes,22
427,no,1760,0,1,33,12,3.4091,3.21,3380,34,12,7.1006,30000,12,16,11.0,yes,14
428,no,490,0,1,30,12,4.0816,2.46,2430,33,11,6.5844,18000,12,12,7.5,yes,7
429,yes,0,0,1,49,12,0.0,0.0,2550,54,15,7.8529,21025,14,12,7.5,yes,2
430,yes,0,2,0,30,16,0.0,0.0,1928,34,16,11.929,23600,14,7,9.5,yes,5
431,yes,0,1,0,30,12,0.0,0.0,1100,39,17,18.0,22800,12,12,7.5,no,12
432,yes,0,0,4,41,12,0.0,0.0,3193,40,16,10.022,35910,7,7,7.5,yes,1
433,yes,0,0,1,45,12,0.0,0.0,2250,46,16,9.3333,21700,7,7,5.0,yes,12
434,yes,0,0,5,43,12,0.0,0.0,2012,44,13,6.085,21823,7,7,7.5,yes,4
435,yes,0,0,1,42,13,0.0,0.0,3856,46,15,5.7054,31000,10,7,11.0,yes,9
436,yes,0,0,0,60,12,0.0,0.0,1645,58,12,9.1185,15300,7,7,7.5,yes,9
437,yes,0,0,0,57,12,0.0,0.0,1554,57,12,7.2072,12925,9,3,7.5,yes,6
438,yes,0,0,2,38,10,0.0,0.0,2352,41,8,5.3146,15830,12,7,5.0,no,5
439,yes,0,0,0,56,12,0.0,0.0,1980,58,12,8.2828,30200,12,12,7.5,yes,5
440,yes,0,0,3,32,12,0.0,0.0,2352,37,7,7.0578,16600,10,7,5.0,no,8
441,yes,0,0,1,49,7,0.0,0.0,1784,58,6,6.1659,11000,7,7,7.5,yes,2
442,yes,0,0,0,55,12,0.0,0.0,2500,58,12,2.7,15000,7,10,3.0,no,6
443,yes,0,1,1,36,9,0.0,0.0,2088,39,14,7.6628,20528,7,7,11.0,no,0
444,yes,0,0,3,44,12,0.0,0.0,4640,50,12,1.8491,13126,9,9,14.0,no,3
445,yes,0,0,1,44,10,0.0,0.0,3900,60,12,3.8462,15550,7,14,7.5,yes,7
446,yes,0,1,2,35,14,0.0,0.0,1988,34,17,9.0543,18010,3,12,7.5,yes,3
447,yes,0,2,3,44,14,0.0,0.0,1920,45,10,9.375,18874,10,10,14.0,no,10
448,yes,0,0,1,45,12,0.0,0.0,2400,45,12,8.3333,24800,12,12,14.0,yes,3
449,yes,0,1,0,34,12,0.0,0.0,1867,38,12,9.3733,17500,12,17,5.0,yes,2
450,yes,0,2,0,30,17,0.0,0.0,3570,32,17,4.4818,16150,12,12,7.5,yes,12
451,yes,0,0,1,39,8,0.0,0.0,2805,44,12,5.3476,15189,7,3,3.0,no,15
452,yes,0,0,2,36,12,0.0,0.0,1110,39,15,3.2027,6000,7,7,14.0,no,5
453,yes,0,0,2,38,17,0.0,0.0,2695,42,16,12.801,37250,10,12,9.5,yes,4
454,yes,0,0,0,53,12,0.0,0.0,1950,54,16,6.9103,27760,10,10,7.5,yes,10
455,yes,0,0,2,36,12,0.0,0.0,2128,42,12,4.2293,9090,7,7,3.0,no,1
456,yes,0,1,1,32,12,0.0,0.0,3260,31,12,4.4479,14500,12,7,7.5,yes,8
457,yes,0,0,3,51,9,0.0,0.0,1987,51,12,8.0523,19700,7,7,14.0,yes,20
458,yes,0,0,0,38,11,0.0,0.0,2185,46,11,7.5057,16788,10,7,14.0,yes,4
459,yes,0,2,0,33,12,0.0,0.0,2475,36,12,7.4747,18520,10,10,11.0,yes,7
460,yes,0,0,0,54,12,0.0,0.0,2610,53,12,6.3218,20950,16,10,9.5,yes,10
461,yes,0,0,3,38,9,0.0,0.0,1920,44,12,2.1354,7574,7,3,11.0,no,3
462,yes,0,2,2,30,11,0.0,0.0,2352,31,14,4.2092,10027,7,7,3.0,no,5
463,yes,0,2,3,34,12,0.0,0.0,3160,30,12,0.7595,5000,12,12,7.5,no,10
464,yes,0,0,1,34,9,0.0,0.0,1040,37,13,4.8077,7040,12,7,3.0,no,0
465,yes,0,0,2,50,12,0.0,0.0,3120,49,12,12.788,40800,10,7,7.5,yes,3
466,yes,0,2,0,30,17,0.0,0.0,2240,30,16,7.1429,16050,12,12,11.0,no,10
467,yes,0,0,2,38,12,0.0,0.0,1980,42,16,15.152,33100,10,7,11.0,yes,2
468,yes,0,0,0,54,14,0.0,0.0,1960,58,14,7.9082,33856,12,12,9.5,yes,10
469,yes,0,1,2,30,12,0.0,3.0,2940,31,17,6.9728,20500,12,12,7.5,yes,4
470,yes,0,0,0,55,12,0.0,0.0,2467,56,11,4.9181,28600,7,7,5.0,yes,0
471,yes,0,0,1,51,10,0.0,0.0,2256,56,12,8.3112,18750,10,10,11.0,no,10
472,yes,0,0,1,44,12,0.0,0.0,1680,46,12,7.1429,20300,7,7,9.5,yes,5
473,yes,0,0,0,53,12,0.0,0.0,2250,55,12,5.6889,13420,7,7,5.0,no,0
474,yes,0,0,2,42,10,0.0,0.0,2400,49,9,7.0833,18400,3,3,5.0,no,0
475,yes,0,0,2,38,12,0.0,0.0,2196,42,11,5.6922,16682,10,7,7.5,no,19
476,yes,0,1,3,38,13,0.0,0.0,2400,40,12,11.4,32685,7,7,7.5,yes,2
477,yes,0,1,4,41,12,0.0,0.0,3825,41,11,1.4152,7050,3,3,9.5,yes,12
478,yes,0,0,3,35,8,0.0,0.0,2860,44,9,2.7507,10867,12,7,9.5,yes,5
479,yes,0,1,2,33,12,0.0,2.75,2750,34,12,6.6182,18220,12,12,9.5,yes,5
480,yes,0,0,0,48,13,0.0,0.0,2103,50,16,9.2725,26613,7,7,7.5,no,5
481,yes,0,0,0,47,12,0.0,0.0,1880,51,12,12.287,25000,12,10,7.5,yes,10
482,yes,0,0,5,34,12,0.0,0.0,3185,41,13,2.8549,15700,7,7,7.5,yes,0
483,yes,0,2,1,33,13,0.0,0.0,2677,37,17,7.9709,40250,12,10,5.0,yes,4
484,yes,0,3,1,31,13,0.0,0.0,3600,36,17,19.444,73600,12,16,11.0,no,3
485,yes,0,0,0,58,8,0.0,0.0,4334,58,8,1.4806,10592,12,7,7.5,yes,2
486,yes,0,0,0,49,12,0.0,0.0,2874,52,8,1.8918,8000,7,7,3.0,no,1
487,yes,0,0,1,55,8,0.0,0.0,1936,56,9,6.9215,13400,7,3,7.5,yes,0
488,yes,0,0,0,44,14,0.0,1.5,1964,49,8,10.692,23700,12,12,14.0,yes,1
489,yes,0,0,0,44,9,0.0,0.0,1900,48,8,9.9474,18900,7,7,11.0,yes,1
490,yes,0,0,3,36,16,0.0,0.0,2500,37,17,19.0,48300,7,12,9.5,yes,6
491,yes,0,0,3,38,12,0.0,0.0,3173,46,14,7.4882,24470,14,14,9.5,yes,12
492,yes,0,0,3,37,16,0.0,0.0,2916,38,17,9.259,28630,16,7,7.5,yes,6
493,yes,0,0,0,47,12,0.0,0.0,2208,51,12,11.322,25320,12,7,5.0,yes,9
494,yes,0,0,3,47,12,0.0,0.0,2094,47,10,6.447,13530,12,10,7.5,yes,14
495,yes,0,1,1,32,12,0.0,0.0,2250,33,12,6.5778,14800,7,7,9.0,yes,13
496,yes,0,1,2,43,12,0.0,0.0,2000,46,12,6.1,17400,12,7,7.5,no,8
497,yes,0,1,4,42,11,0.0,0.0,2600,48,10,4.2308,15980,10,10,3.0,no,0
498,yes,0,0,0,56,12,0.0,0.0,4368,57,8,2.217,16576,7,7,7.5,no,1
499,yes,0,0,5,38,13,0.0,2.25,3068,40,16,6.5189,21850,12,7,11.0,yes,3
500,yes,0,0,2,52,12,0.0,0.0,2218,51,11,6.4923,14600,7,7,14.0,yes,13
501,yes,0,0,0,50,12,0.0,0.0,1848,56,12,11.364,21600,12,12,7.5,yes,3
502,yes,0,0,0,33,16,0.0,0.0,2430,33,17,9.8765,24000,12,12,7.5,yes,8
503,yes,0,0,2,44,16,0.0,0.0,2640,44,17,7.6576,20883,7,7,7.5,yes,8
504,yes,0,0,1,41,12,0.0,0.0,2108,42,16,8.3017,19500,7,7,14.0,no,18
505,yes,0,0,1,45,12,0.0,0.0,1998,45,12,14.114,42800,14,12,11.0,yes,2
506,yes,0,0,0,53,14,0.0,0.0,2500,55,16,16.0,41500,7,7,7.5,no,3
507,yes,0,0,0,53,14,0.0,0.0,1665,56,17,11.291,18965,12,12,14.0,yes,5
508,yes,0,0,1,42,12,0.0,0.0,2990,46,12,2.3395,16100,12,10,9.5,yes,2
509,yes,0,2,0,32,13,0.0,0.0,1795,35,16,7.7994,14700,12,17,7.5,yes,10
510,yes,0,0,0,56,12,0.0,0.0,2500,53,12,6.0,18800,7,7,7.5,yes,30
511,yes,0,1,3,37,11,0.0,0.0,2205,40,11,6.6893,14750,10,7,11.0,yes,1
512,yes,0,1,2,40,12,0.0,0.0,2460,42,14,8.5366,21000,12,7,14.0,yes,5
513,yes,0,0,3,54,15,0.0,0.0,1880,55,16,13.83,35400,0,7,7.5,yes,8
514,yes,0,0,0,53,7,0.0,0.0,3481,53,9,1.48,10700,7,7,7.5,no,0
515,yes,0,0,1,48,12,0.0,0.0,2450,51,12,8.5714,24500,7,7,9.5,yes,4
516,yes,0,1,2,36,12,0.0,0.0,2062,38,14,8.2299,17045,7,7,9.5,yes,2
517,yes,0,0,0,57,12,0.0,0.0,2146,52,14,8.3877,18800,7,7,7.5,yes,30
518,yes,0,0,0,51,12,0.0,0.0,1575,49,7,7.3651,14000,10,7,14.0,yes,25
519,yes,0,0,4,33,13,0.0,0.0,3096,37,12,3.4415,18214,7,0,3.0,no,3
520,yes,0,0,0,52,12,0.0,0.0,3280,49,11,3.3537,20177,7,7,7.5,yes,20
521,yes,0,0,0,56,10,0.0,0.0,1680,60,8,2.9762,8300,0,7,7.5,yes,20
522,yes,0,1,2,36,12,0.0,0.0,2625,38,11,5.181,14200,14,9,7.5,yes,0
523,yes,0,1,0,36,14,0.0,0.0,1846,50,16,10.293,21768,12,12,7.5,no,15
524,yes,0,0,1,46,12,0.0,0.0,2178,47,10,13.243,29553,10,7,14.0,yes,10
525,yes,0,0,3,31,10,0.0,0.0,960,33,9,3.6458,4350,7,7,7.5,no,4
526,yes,0,0,0,52,11,0.0,0.0,2210,51,12,10.407,24000,7,7,11.0,yes,3
527,yes,0,0,2,46,12,0.0,0.0,2192,55,12,8.2117,18300,7,7,7.5,yes,10
528,yes,0,2,0,35,12,0.0,0.0,1960,44,16,8.6735,17200,7,3,7.5,yes,9
529,yes,0,0,0,59,12,0.0,0.0,1920,56,10,8.3208,16476,7,7,14.0,no,7
530,yes,0,0,1,36,8,0.0,0.0,2286,40,12,4.287,13400,0,0,14.0,no,12
531,yes,0,1,3,51,7,0.0,0.0,2000,52,7,10.5,44988,3,3,14.0,no,0
532,yes,0,1,0,31,16,0.0,0.0,2256,31,12,7.9787,18200,12,12,9.0,yes,16
533,yes,0,0,2,31,14,0.0,0.0,2370,36,17,11.814,28000,12,12,14.0,yes,4
534,yes,0,1,1,32,12,0.0,0.0,1800,39,13,6.1111,11550,12,12,7.5,yes,7
535,yes,0,1,2,35,16,0.0,0.0,2250,38,16,12.578,28450,12,7,14.0,yes,7
536,yes,0,0,3,40,12,0.0,4.1,1080,43,12,11.244,15096,7,10,7.5,yes,14
537,yes,0,1,2,33,10,0.0,0.0,2840,38,12,2.7408,8009,7,7,14.0,no,2
538,yes,0,0,0,54,7,0.0,0.0,2250,52,11,4.4444,10040,0,0,3.0,yes,20
539,yes,0,1,1,36,12,0.0,0.0,2746,37,12,5.8267,16700,12,12,7.5,yes,5
540,yes,0,0,1,50,10,0.0,0.0,2300,60,8,2.3478,8400,12,7,3.0,no,10
541,yes,0,0,0,54,8,0.0,0.0,2860,49,8,4.4755,13000,0,0,3.0,no,20
542,yes,0,0,1,48,11,0.0,0.0,1765,49,12,8.4986,17970,7,7,7.5,yes,10
543,yes,0,0,4,41,15,0.0,0.0,2520,42,16,7.1825,18450,14,17,5.0,no,8
544,yes,0,0,4,50,12,0.0,0.0,2208,53,12,10.87,31000,12,7,14.0,yes,11
545,yes,0,0,2,46,12,0.0,0.0,2119,51,8,7.1222,24135,10,7,7.5,yes,3
546,yes,0,0,1,42,13,0.0,0.0,2580,47,17,10.6592,31700,12,12,7.5,no,6
547,yes,0,1,2,31,9,0.0,0.0,1984,34,12,3.2762,10190,3,3,14.0,no,4
548,yes,0,0,0,53,12,0.0,0.0,1880,58,8,7.7521,21574,10,10,14.0,no,4
549,yes,0,0,1,51,12,0.0,0.0,2185,57,12,11.945,26680,3,3,7.5,yes,9
550,yes,0,0,1,47,12,0.0,0.0,2080,57,12,4.6154,17700,7,9,11.0,yes,10
551,yes,0,0,1,50,12,0.0,0.0,1920,50,12,13.021,29400,12,12,14.0,yes,3
552,yes,0,0,1,37,6,0.0,0.0,3000,52,5,2.6667,22159,7,7,7.5,no,2
553,yes,0,2,2,30,12,0.0,0.0,2100,31,12,8.8333,35000,12,12,11.0,no,2
554,yes,0,0,0,49,12,0.0,0.0,1690,39,12,2.3669,8630,16,16,5.0,yes,0
555,yes,0,0,2,52,12,0.0,0.0,2600,49,16,5.0,17080,7,0,14.0,yes,8
556,yes,0,0,2,47,12,0.0,0.0,1984,49,16,7.4597,32500,10,7,14.0,yes,6
557,yes,0,0,0,49,12,0.0,0.0,2064,53,12,7.7519,16000,7,7,11.0,yes,15
558,yes,0,0,4,44,12,0.0,0.0,2553,31,16,5.4054,18850,12,10,14.0,yes,15
559,yes,0,0,0,53,8,0.0,0.0,2776,59,9,6.1239,17500,9,9,9.5,yes,9
560,yes,0,1,0,30,12,0.0,0.0,2315,31,13,8.3369,19392,7,12,14.0,no,8
561,yes,0,0,2,54,12,0.0,0.0,1880,55,12,7.1277,14450,7,10,7.5,yes,18
562,yes,0,1,1,47,7,0.0,0.0,2160,51,7,6.1204,21800,0,0,7.5,yes,3
563,yes,0,0,0,56,15,0.0,0.0,900,56,12,3.1111,7700,7,7,14.0,yes,10
564,yes,0,0,1,49,12,0.0,0.0,2467,52,16,12.161,31800,7,7,11.0,no,6
565,yes,0,0,0,48,6,0.0,0.0,1820,55,12,5.3846,17258,7,7,9.5,yes,20
566,yes,0,0,1,49,12,0.0,0.0,2223,53,10,3.9838,13399,10,12,9.5,no,8
567,yes,0,0,1,56,12,0.0,0.0,2142,60,12,7.4697,16073,12,16,11.0,no,3
568,yes,0,0,0,46,12,0.0,0.0,1928,46,11,11.411,23260,7,7,7.5,yes,4
569,yes,0,0,2,45,12,0.0,0.0,2783,49,17,12.936,37300,12,12,14.0,yes,13
570,yes,0,0,2,32,12,0.0,0.0,1960,35,12,5.6122,11000,12,7,11.0,yes,4
571,yes,0,1,1,43,12,0.0,2.7,1920,41,12,6.8099,13075,7,7,14.0,yes,17
572,yes,0,1,1,34,12,0.0,0.0,1587,39,12,8.5066,13700,7,7,9.5,yes,4
573,yes,0,1,1,30,12,0.0,0.0,2496,51,10,5.508,25100,7,10,5.0,no,0
574,yes,0,2,0,38,17,0.0,4.8,2280,39,12,7.2285,18600,12,16,5.0,yes,15
575,yes,0,1,1,33,16,0.0,0.0,2750,36,17,9.4545,29000,16,16,9.5,no,11
576,yes,0,0,0,52,12,0.0,0.0,2115,55,12,8.9835,19237,7,7,9.5,yes,23
577,yes,0,0,3,43,11,0.0,0.0,2590,45,12,5.9846,19855,12,14,7.5,yes,1
578,yes,0,1,1,33,12,0.0,0.0,2372,34,12,3.9629,9450,12,7,9.5,no,5
579,yes,0,0,0,45,10,0.0,0.0,2295,48,12,7.0575,30000,7,7,7.5,no,1
580,yes,0,2,1,36,10,0.0,0.0,2096,38,12,7.1565,15000,10,10,14.0,yes,5
581,yes,0,1,1,34,12,0.0,0.0,3315,39,17,4.0145,24701,12,12,9.5,yes,3
582,yes,0,0,2,37,14,0.0,0.0,1777,50,16,3.8829,15900,10,14,11.0,no,3
583,yes,0,0,1,46,10,0.0,0.0,1880,51,12,7.9787,16240,7,7,11.0,no,19
584,yes,0,0,0,47,12,0.0,0.0,2184,55,10,5.0366,21100,12,12,9.5,yes,20
585,yes,0,2,1,31,16,0.0,0.0,3250,32,16,7.0769,23000,12,12,7.5,yes,5
586,yes,0,0,0,57,5,0.0,0.0,1520,58,5,3.6184,6340,7,7,14.0,no,0
587,yes,0,1,1,30,12,0.0,0.0,3119,30,13,13.466,42250,10,10,5.0,yes,3
588,yes,0,0,0,30,12,0.0,0.0,640,43,17,14.531,14694,12,10,11.0,yes,3
589,yes,0,0,3,44,12,0.0,0.0,2250,45,12,6.8,21417,12,12,9.5,yes,7
590,yes,0,0,0,53,13,0.0,0.0,3000,53,13,6.6667,20200,7,12,7.5,yes,7
591,yes,0,0,0,51,8,0.0,0.0,2028,54,8,5.9172,12090,7,7,9.5,yes,1
592,yes,0,1,3,39,12,0.0,0.0,2412,36,14,10.24,24760,12,7,5.0,yes,13
593,yes,0,0,0,52,8,0.0,0.0,2452,54,12,8.1566,23000,7,3,3.0,no,0
594,yes,0,0,4,46,8,0.0,0.0,2304,50,12,6.6775,19365,3,3,11.0,yes,0
595,yes,0,0,5,47,12,0.0,0.0,3120,49,12,0.9615,5550,7,7,3.0,no,12
596,yes,0,0,2,52,8,0.0,0.0,1670,54,8,16.907,68035,7,3,7.5,yes,0
597,yes,0,0,2,45,12,0.0,0.0,2137,46,15,13.57,29300,10,14,7.5,yes,5
598,yes,0,0,0,60,11,0.0,0.0,2071,52,11,8.9329,18500,7,7,7.5,yes,45
599,yes,0,0,2,41,13,0.0,0.0,1960,54,7,4.7372,22582,17,7,11.0,no,10
600,yes,0,0,3,39,8,0.0,0.0,2068,45,12,8.5106,21500,7,7,7.5,yes,2
601,yes,0,0,1,49,12,0.0,0.0,2190,51,12,5.2511,28070,7,7,7.5,no,3
602,yes,0,1,1,32,15,0.0,0.0,2295,37,13,21.786,50300,12,12,14.0,yes,1
603,yes,0,1,3,33,12,0.0,0.0,2970,34,13,7.9125,23500,12,12,14.0,yes,5
604,yes,0,0,4,36,10,0.0,0.0,2068,37,8,7.1083,15500,7,9,14.0,no,10
605,yes,0,3,3,37,13,0.0,0.0,2419,39,14,5.0434,13440,7,0,5.0,no,4
606,yes,0,1,2,30,12,0.0,0.0,2150,34,11,2.2442,8100,12,12,11.0,no,7
607,yes,0,1,1,44,11,0.0,0.0,1152,37,10,8.5069,9800,7,12,9.5,yes,9
608,yes,0,0,1,48,12,0.0,0.0,2640,49,12,7.5758,20300,7,12,5.0,yes,5
609,yes,0,0,4,40,11,0.0,0.0,2550,45,11,5.8824,15000,7,7,14.0,yes,4
610,yes,0,0,0,47,13,0.0,0.0,1360,49,16,40.441,56100,9,9,5.0,yes,11
611,yes,0,0,2,36,12,0.0,0.0,2420,40,12,6.2339,22846,12,7,5.0,yes,9
612,yes,0,0,2,40,11,0.0,0.0,2205,42,14,9.2971,22225,7,12,5.0,yes,4
613,yes,0,0,1,46,12,0.0,0.0,3268,46,12,0.7038,17635,12,7,7.5,yes,2
614,yes,0,0,0,52,12,0.0,0.0,3672,54,12,2.5425,18500,3,12,7.5,no,23
615,yes,0,0,1,44,12,0.0,0.0,1800,45,12,5.0833,13390,12,12,11.0,no,3
616,yes,0,0,1,45,10,0.0,0.0,1926,46,14,7.6843,15150,7,7,7.5,yes,15
617,yes,0,2,1,30,7,0.0,0.0,1920,35,7,4.0625,16200,7,3,7.5,no,8
618,yes,0,1,3,40,12,0.0,0.0,2080,44,12,6.5106,33920,12,12,14.0,yes,3
619,yes,0,0,1,43,12,0.0,0.0,2856,43,12,2.951,14000,7,12,7.5,no,25
620,yes,0,0,2,49,12,0.0,0.0,2115,53,10,5.6738,16736,12,3,11.0,yes,2
621,yes,0,1,4,46,12,0.0,3.45,1880,48,12,12.766,30650,12,12,11.0,yes,0
622,yes,0,0,0,52,11,0.0,0.0,2000,52,12,6.0,12400,7,7,11.0,no,19
623,yes,0,1,1,31,12,0.0,0.0,2044,33,15,9.2955,19022,7,10,9.5,yes,3
624,yes,0,1,1,42,10,0.0,0.0,1677,47,11,5.1324,11203,7,7,5.0,no,7
625,yes,0,0,3,33,11,0.0,0.0,2184,38,8,9.0659,19876,7,14,7.5,yes,1
626,yes,0,0,0,57,16,0.0,0.0,3185,57,13,11.931,57000,7,12,14.0,yes,9
627,yes,0,0,0,49,10,0.0,0.0,2680,51,10,6.7164,18290,10,10,11.0,yes,3
628,yes,0,0,1,45,14,0.0,0.0,3615,47,14,4.5851,20220,14,12,11.0,yes,8
629,yes,0,0,0,56,11,0.0,0.0,2139,56,12,9.2567,22150,7,7,14.0,yes,0
630,yes,0,1,3,41,12,0.0,0.0,3080,43,12,8.5656,30623,10,10,7.5,yes,5
631,yes,0,0,0,56,5,0.0,0.0,1261,53,6,6.7407,9380,3,3,14.0,yes,20
632,yes,0,0,1,48,10,0.0,0.0,2227,48,10,9.8788,22000,7,7,5.0,yes,3
633,yes,0,0,2,52,16,0.0,0.0,1920,53,16,9.375,23675,12,10,7.5,yes,12
634,yes,0,0,0,51,12,0.0,0.0,2350,55,12,6.277,33671,7,7,14.0,yes,5
635,yes,0,0,3,35,11,0.0,0.0,1785,39,10,6.4241,12367,7,7,7.5,no,1
636,yes,0,0,0,45,12,0.0,0.0,2598,51,12,8.3718,21950,7,7,5.0,no,0
637,yes,0,0,0,54,12,0.0,0.0,2455,58,17,12.22,32000,7,7,9.5,yes,7
638,yes,0,0,2,54,12,0.0,0.0,2450,54,13,3.5612,22610,10,10,9.5,yes,13
639,yes,0,1,0,31,12,0.0,0.0,1218,32,8,8.867,12092,7,7,3.0,no,3
640,yes,0,0,3,53,6,0.0,0.0,2040,54,4,1.8515,3777,7,7,11.0,no,0
641,yes,0,2,2,35,14,0.0,0.0,2600,34,14,8.0769,36000,16,14,3.0,no,2
642,yes,0,1,3,36,12,0.0,0.0,2450,40,16,8.9796,26900,12,16,7.5,no,0
643,yes,0,0,0,59,12,0.0,0.0,2717,60,12,6.6618,32242,7,7,11.0,yes,2
644,yes,0,0,0,54,16,0.0,0.0,2701,54,17,11.107,35020,16,17,5.0,yes,1
645,yes,0,1,1,37,12,0.0,0.0,2600,47,17,14.077,37600,7,7,9.0,yes,10
646,yes,0,0,0,44,12,0.0,0.0,3640,54,10,0.4121,1500,7,7,7.5,yes,10
647,yes,0,1,2,34,17,0.0,0.0,2940,40,16,23.81,96000,12,12,5.0,yes,1
648,yes,0,0,0,49,12,0.0,0.0,1880,50,12,9.5745,18150,7,7,11.0,no,3
649,yes,0,0,0,49,12,0.0,0.0,3500,51,12,1.9286,15500,7,7,3.0,no,32
650,yes,0,0,0,60,9,0.0,0.0,3320,60,8,2.5783,14000,7,7,3.0,no,0
651,yes,0,0,0,51,12,0.0,0.0,1605,55,12,7.2274,14756,7,7,7.5,yes,7
652,yes,0,1,1,30,12,0.0,0.0,2500,30,14,8.8,22000,12,10,5.0,yes,5
653,yes,0,0,2,47,12,0.0,0.0,2400,49,9,7.75,24466,7,7,11.0,yes,2
654,yes,0,0,4,36,12,0.0,0.0,1634,45,17,14.688,24400,12,12,7.5,yes,5
655,yes,0,1,3,35,12,0.0,0.0,2260,38,12,10.487,24000,7,7,9.5,yes,3
656,yes,0,0,0,58,12,0.0,0.0,3478,53,12,4.0253,15500,12,9,11.0,no,25
657,yes,0,1,3,41,14,0.0,0.0,2550,42,16,11.765,30800,14,12,7.5,no,0
658,yes,0,0,1,51,10,0.0,0.0,840,52,8,9.5238,10660,7,7,14.0,yes,3
659,yes,0,0,0,47,12,0.0,0.0,1520,52,12,6.9079,13350,7,7,11.0,no,10
660,yes,0,1,2,45,9,0.0,0.0,1920,35,9,5.151,10090,12,3,11.0,no,10
661,yes,0,0,0,60,14,0.0,0.0,2703,55,17,20.496,55600,16,14,14.0,yes,7
662,yes,0,1,1,30,16,0.0,2.0,1896,46,16,13.555,25700,12,12,9.5,yes,5
663,yes,0,0,0,55,11,0.0,0.0,1960,57,13,14.796,29000,7,3,5.0,yes,15
664,yes,0,1,2,32,12,0.0,0.0,3060,50,8,1.6905,7286,10,7,3.0,no,1
665,yes,0,0,2,36,12,0.0,0.0,2805,38,12,7.2296,37752,7,7,3.0,no,5
666,yes,0,0,0,55,12,0.0,0.0,1944,53,7,4.1152,13072,3,3,14.0,no,9
667,yes,0,0,0,47,12,0.0,0.0,1960,47,12,2.999,7044,3,3,14.0,no,18
668,yes,0,0,1,47,12,0.0,0.0,2112,52,8,8.0492,18200,7,7,14.0,yes,1
669,yes,0,0,1,37,11,0.0,0.0,2544,39,12,8.577,27000,12,7,3.0,no,0
670,yes,0,0,2,50,12,0.0,0.0,1700,53,17,9.3235,30300,10,12,3.0,no,6
671,yes,0,0,3,30,12,0.0,0.0,2550,31,12,4.7059,12000,3,7,14.0,no,1
672,yes,0,0,1,48,17,0.0,0.0,2080,45,17,9.1346,31500,16,17,3.0,no,2
673,yes,0,0,2,43,10,0.0,0.0,2060,49,12,7.767,27092,10,10,5.0,yes,15
674,yes,0,1,0,48,11,0.0,0.0,1955,46,8,4.1269,20968,7,7,3.0,no,25
675,yes,0,1,2,41,14,0.0,0.0,2500,44,17,10.0,27000,17,7,14.0,yes,1
676,yes,0,0,0,50,12,0.0,0.0,2750,52,10,4.0727,11225,7,10,7.5,yes,0
677,yes,0,0,0,58,8,0.0,0.0,2040,59,5,7.8529,37700,3,3,7.5,no,0
678,yes,0,0,5,38,13,0.0,0.0,3275,43,15,7.8168,28200,12,16,7.5,yes,0
679,yes,0,0,1,37,12,0.0,0.0,2400,39,12,9.1667,34000,7,12,5.0,no,8
680,yes,0,0,0,50,16,0.0,0.0,2024,51,17,29.644,63200,12,7,9.5,yes,22
681,yes,0,0,4,42,8,0.0,0.0,1840,44,6,4.0761,7500,3,3,7.5,yes,5
682,yes,0,1,3,37,9,0.0,0.0,2033,37,17,8.362,17410,10,10,9.5,yes,10
683,yes,0,0,2,41,16,0.0,0.0,1946,40,17,12.062,51000,16,17,9.0,yes,1
684,yes,0,0,2,31,12,0.0,0.0,3660,31,12,2.3251,12916,10,7,3.0,no,1
685,yes,0,0,0,51,12,0.0,0.0,2088,55,11,10.01,21900,7,7,5.0,yes,6
686,yes,0,1,2,36,12,0.0,0.0,2048,41,12,5.2734,17640,7,7,5.0,no,4
687,yes,0,0,0,54,15,0.0,0.0,1920,52,15,10.417,20000,14,16,14.0,no,6
688,yes,0,0,0,49,12,0.0,0.0,2000,54,12,7.5,15000,7,7,14.0,yes,0
689,yes,0,1,1,48,9,0.0,0.0,2204,47,8,6.3521,14060,10,12,5.0,no,1
690,yes,0,0,2,42,9,0.0,0.0,3157,45,10,3.8071,15825,7,14,9.5,no,3
691,yes,0,1,2,41,12,0.0,0.0,1665,44,14,9.9099,16510,3,16,9.5,yes,15
692,yes,0,0,0,55,16,0.0,0.0,2304,56,11,2.6701,13000,12,12,7.5,no,33
693,yes,0,0,0,42,9,0.0,0.0,2275,46,8,4.3956,10000,7,7,5.0,yes,2
694,yes,0,0,1,32,15,0.0,0.0,2760,33,17,7.971,22000,12,12,7.5,yes,1
695,yes,0,0,2,43,12,0.0,0.0,1750,44,14,15.429,29800,7,7,7.5,yes,10
696,yes,0,1,3,33,12,0.0,0.0,3366,37,13,1.9854,15000,7,7,5.0,yes,0
697,yes,0,0,1,48,15,0.0,0.0,2205,51,16,7.2562,22300,10,14,9.5,yes,14
698,yes,0,0,2,43,12,0.0,0.0,1990,48,9,7.0352,14550,3,16,7.5,yes,15
699,yes,0,1,3,47,17,0.0,0.0,1930,57,16,8.1347,19730,14,12,7.5,yes,15
700,yes,0,0,0,54,12,0.0,0.0,1350,60,12,11.981,35000,12,12,7.5,yes,10
701,yes,0,0,1,51,12,0.0,0.0,3340,52,12,5.9922,21014,7,3,7.5,yes,6
702,yes,0,0,1,51,10,0.0,0.0,960,57,10,4.1458,10876,14,7,7.5,no,18
703,yes,0,1,1,43,13,0.0,0.0,2732,42,13,8.5102,27850,12,10,7.5,no,15
704,yes,0,0,0,53,12,0.0,0.0,1624,59,8,2.9631,9560,0,3,3.0,no,30
705,yes,0,1,1,34,11,0.0,0.0,1804,36,12,8.8149,30300,7,7,7.5,no,15
706,yes,0,1,1,31,8,0.0,0.0,2805,31,10,2.4955,7720,7,7,7.5,no,10
707,yes,0,0,0,56,12,0.0,0.0,2160,59,8,4.8843,10550,10,7,7.5,yes,0
708,yes,0,0,1,42,16,0.0,0.0,2052,55,15,10.2,24106,12,7,9.5,yes,0
709,yes,0,0,2,32,12,0.0,0.0,2250,35,16,10.0,22995,12,14,9.5,yes,4
710,yes,0,1,3,35,12,0.0,0.0,1120,37,12,5.3571,6000,12,12,9.5,yes,0
711,yes,0,1,1,30,12,0.0,0.0,2450,36,14,9.7959,24350,14,14,9.5,yes,3
712,yes,0,0,0,51,10,0.0,0.0,3432,50,11,1.3741,7608,7,7,7.5,no,20
713,yes,0,0,3,47,12,0.0,0.0,2700,48,12,3.463,28200,7,7,3.0,no,3
714,yes,0,0,1,54,12,0.0,0.0,2817,55,13,5.0408,16150,3,7,3.0,no,1
715,yes,0,3,0,31,15,0.0,0.0,3000,34,17,16.667,51200,7,10,7.5,yes,5
716,yes,0,0,0,47,10,0.0,0.0,2125,45,11,4.3294,12646,7,7,5.0,yes,7
717,yes,0,0,3,47,14,0.0,0.0,1864,42,16,10.193,19000,7,7,11.0,yes,6
718,yes,0,0,3,40,12,0.0,0.0,2400,39,12,7.5833,19000,7,7,7.5,yes,2
719,yes,0,0,0,48,8,0.0,0.0,2160,50,7,4.1204,14400,3,3,7.5,no,0
720,yes,0,0,7,34,8,0.0,0.0,1040,51,7,4.8077,7232,3,7,11.0,yes,10
721,yes,0,0,3,38,12,0.0,0.0,2450,42,16,3.1531,21943,7,10,9.5,yes,6
722,yes,0,1,3,32,12,0.0,0.0,2500,34,16,19.0,47500,7,10,7.5,yes,4
723,yes,0,0,1,48,16,0.0,0.0,2131,45,17,6.0535,28900,12,7,7.5,yes,8
724,yes,0,0,2,41,12,0.0,0.0,2165,46,7,3.7875,12400,7,7,7.5,no,18
725,yes,0,0,2,49,5,0.0,0.0,2230,43,3,2.9287,6531,0,0,7.5,no,7
726,yes,0,0,0,59,8,0.0,0.0,1995,55,12,9.2972,22422,3,7,11.0,yes,15
727,yes,0,0,0,58,13,0.0,0.0,2025,57,16,9.3827,22200,7,7,11.0,yes,7
728,yes,0,0,3,41,12,0.0,0.0,2450,48,15,26.531,77000,7,14,14.0,yes,8
729,yes,0,0,2,45,12,0.0,0.0,2160,45,12,40.509,88000,10,10,14.0,yes,8
730,yes,0,1,1,30,14,0.0,0.0,1715,32,17,15.16,26040,12,10,11.0,no,3
731,yes,0,0,1,41,12,0.0,0.0,3018,42,16,18.964,63500,7,7,7.5,yes,10
732,yes,0,2,0,30,12,0.0,0.0,2216,33,16,5.4152,12100,10,10,7.5,no,9
733,yes,0,0,1,53,12,0.0,0.0,2499,54,12,1.9988,17505,12,7,7.5,yes,24
734,yes,0,0,0,31,12,0.0,0.0,2250,37,14,8.0,18000,10,7,7.5,no,12
735,yes,0,0,2,43,14,0.0,0.0,2116,44,17,11.153,28069,12,12,11.0,yes,2
736,yes,0,1,1,31,12,0.0,0.0,2016,30,14,5.9524,14000,12,14,14.0,yes,6
737,yes,0,0,0,51,12,0.0,0.0,2470,60,10,2.1194,8117,10,3,7.5,yes,18
738,yes,0,0,0,43,9,0.0,0.0,1640,45,12,3.8384,11895,7,7,5.0,yes,17
739,yes,0,1,2,31,14,0.0,0.0,2016,34,16,17.361,45250,16,16,5.0,yes,7
740,yes,0,0,0,48,11,0.0,0.0,2185,48,12,8.0092,31106,7,10,9.5,yes,6
741,yes,0,1,1,31,12,0.0,0.0,800,33,14,3.0,4000,12,7,9.5,yes,10
742,yes,0,0,1,44,12,0.0,0.0,3022,46,12,10.589,40500,7,7,7.5,yes,5
743,yes,0,0,1,48,11,0.0,0.0,1512,50,14,10.913,21620,10,7,7.5,yes,7
744,yes,0,0,1,53,12,0.0,0.0,2677,53,12,5.6033,23426,0,0,7.5,yes,11
745,yes,0,0,3,42,10,0.0,2.75,3150,44,12,7.9365,26000,3,3,11.0,yes,14
746,yes,0,2,6,39,12,0.0,0.0,1430,34,12,2.9476,7840,7,0,9.5,yes,5
747,yes,0,1,2,32,10,0.0,0.0,3307,36,4,2.0562,6800,7,3,7.5,no,2
748,yes,0,0,2,36,12,0.0,0.0,3120,39,12,1.3013,5330,7,12,14.0,no,4
749,yes,0,0,2,40,13,0.0,0.0,3020,43,16,9.2715,28200,10,10,9.5,yes,5
750,yes,0,2,3,31,12,0.0,0.0,2056,33,12,4.8638,10000,12,12,7.5,no,14
751,yes,0,0,0,43,12,0.0,0.0,2383,43,12,1.0898,9952,10,3,7.5,no,4
752,yes,0,0,0,60,12,0.0,0.0,1705,55,8,12.44,24984,12,12,14.0,yes,15
753,yes,0,0,3,39,9,0.0,0.0,3120,48,12,6.0897,28363,7,7,11.0,yes,12
