,parent,child
1,21,14.67
2,21,14.67
3,21,14.67
4,21,14.67
5,21,14.67
6,21,14.67
7,21,14.67
8,21,14.67
9,21,14.67
10,21,14.67
11,21,14.67
12,21,14.67
13,21,14.67
14,21,14.67
15,21,14.67
16,21,14.67
17,21,14.67
18,21,14.67
19,21,14.67
20,21,14.67
21,21,14.67
22,21,14.67
23,21,15.67
24,21,15.67
25,21,15.67
26,21,15.67
27,21,15.67
28,21,15.67
29,21,15.67
30,21,15.67
31,21,16.67
32,21,16.67
33,21,16.67
34,21,16.67
35,21,16.67
36,21,16.67
37,21,16.67
38,21,16.67
39,21,16.67
40,21,16.67
41,21,17.67
42,21,17.67
43,21,17.67
44,21,17.67
45,21,17.67
46,21,17.67
47,21,17.67
48,21,17.67
49,21,17.67
50,21,17.67
51,21,17.67
52,21,17.67
53,21,17.67
54,21,17.67
55,21,17.67
56,21,17.67
57,21,17.67
58,21,17.67
59,21,18.67
60,21,18.67
61,21,18.67
62,21,18.67
63,21,18.67
64,21,18.67
65,21,18.67
66,21,18.67
67,21,18.67
68,21,18.67
69,21,18.67
70,21,18.67
71,21,18.67
72,21,18.67
73,21,18.67
74,21,18.67
75,21,18.67
76,21,18.67
77,21,18.67
78,21,18.67
79,21,18.67
80,21,19.67
81,21,19.67
82,21,19.67
83,21,19.67
84,21,19.67
85,21,19.67
86,21,19.67
87,21,19.67
88,21,19.67
89,21,19.67
90,21,19.67
91,21,19.67
92,21,19.67
93,21,20.67
94,21,20.67
95,21,20.67
96,21,20.67
97,21,20.67
98,21,20.67
99,21,22.67
100,21,22.67
101,20,14.66
102,20,14.66
103,20,14.66
104,20,14.66
105,20,14.66
106,20,14.66
107,20,14.66
108,20,14.66
109,20,14.66
110,20,14.66
111,20,14.66
112,20,14.66
113,20,14.66
114,20,14.66
115,20,14.66
116,20,14.66
117,20,14.66
118,20,14.66
119,20,14.66
120,20,14.66
121,20,14.66
122,20,14.66
123,20,14.66
124,20,15.66
125,20,15.66
126,20,15.66
127,20,15.66
128,20,15.66
129,20,15.66
130,20,15.66
131,20,15.66
132,20,15.66
133,20,15.66
134,20,16.66
135,20,16.66
136,20,16.66
137,20,16.66
138,20,16.66
139,20,16.66
140,20,16.66
141,20,16.66
142,20,16.66
143,20,16.66
144,20,16.66
145,20,16.66
146,20,17.66
147,20,17.66
148,20,17.66
149,20,17.66
150,20,17.66
151,20,17.66
152,20,17.66
153,20,17.66
154,20,17.66
155,20,17.66
156,20,17.66
157,20,17.66
158,20,17.66
159,20,17.66
160,20,17.66
161,20,17.66
162,20,17.66
163,20,18.66
164,20,18.66
165,20,18.66
166,20,18.66
167,20,18.66
168,20,18.66
169,20,18.66
170,20,18.66
171,20,18.66
172,20,18.66
173,20,18.66
174,20,18.66
175,20,18.66
176,20,18.66
177,20,18.66
178,20,18.66
179,20,18.66
180,20,18.66
181,20,18.66
182,20,18.66
183,20,19.66
184,20,19.66
185,20,19.66
186,20,19.66
187,20,19.66
188,20,19.66
189,20,19.66
190,20,19.66
191,20,19.66
192,20,19.66
193,20,19.66
194,20,19.66
195,20,19.66
196,20,20.66
197,20,20.66
198,20,20.66
199,20,22.66
200,20,22.66
201,19,14.07
202,19,14.07
203,19,14.07
204,19,14.07
205,19,14.07
206,19,14.07
207,19,14.07
208,19,14.07
209,19,14.07
210,19,14.07
211,19,14.07
212,19,14.07
213,19,14.07
214,19,14.07
215,19,14.07
216,19,14.07
217,19,14.07
218,19,14.07
219,19,14.07
220,19,14.07
221,19,14.07
222,19,14.07
223,19,14.07
224,19,14.07
225,19,14.07
226,19,14.07
227,19,14.07
228,19,14.07
229,19,14.07
230,19,14.07
231,19,14.07
232,19,14.07
233,19,14.07
234,19,14.07
235,19,14.07
236,19,15.07
237,19,15.07
238,19,15.07
239,19,15.07
240,19,15.07
241,19,15.07
242,19,15.07
243,19,15.07
244,19,15.07
245,19,15.07
246,19,15.07
247,19,15.07
248,19,15.07
249,19,15.07
250,19,15.07
251,19,15.07
252,19,16.07
253,19,16.07
254,19,16.07
255,19,16.07
256,19,16.07
257,19,16.07
258,19,16.07
259,19,16.07
260,19,16.07
261,19,16.07
262,19,16.07
263,19,16.07
264,19,17.07
265,19,17.07
266,19,17.07
267,19,17.07
268,19,17.07
269,19,17.07
270,19,17.07
271,19,17.07
272,19,17.07
273,19,17.07
274,19,17.07
275,19,17.07
276,19,17.07
277,19,18.07
278,19,18.07
279,19,18.07
280,19,18.07
281,19,18.07
282,19,18.07
283,19,18.07
284,19,18.07
285,19,18.07
286,19,18.07
287,19,18.07
288,19,19.07
289,19,19.07
290,19,19.07
291,19,19.07
292,19,19.07
293,19,19.07
294,19,19.07
295,19,19.07
296,19,19.07
297,19,19.07
298,19,20.07
299,19,20.07
300,19,22.07
301,18,14.35
302,18,14.35
303,18,14.35
304,18,14.35
305,18,14.35
306,18,14.35
307,18,14.35
308,18,14.35
309,18,14.35
310,18,14.35
311,18,14.35
312,18,14.35
313,18,14.35
314,18,14.35
315,18,14.35
316,18,14.35
317,18,14.35
318,18,14.35
319,18,14.35
320,18,14.35
321,18,14.35
322,18,14.35
323,18,14.35
324,18,14.35
325,18,14.35
326,18,14.35
327,18,14.35
328,18,14.35
329,18,14.35
330,18,14.35
331,18,14.35
332,18,14.35
333,18,14.35
334,18,14.35
335,18,15.35
336,18,15.35
337,18,15.35
338,18,15.35
339,18,15.35
340,18,15.35
341,18,15.35
342,18,15.35
343,18,15.35
344,18,15.35
345,18,15.35
346,18,15.35
347,18,16.35
348,18,16.35
349,18,16.35
350,18,16.35
351,18,16.35
352,18,16.35
353,18,16.35
354,18,16.35
355,18,16.35
356,18,16.35
357,18,16.35
358,18,16.35
359,18,16.35
360,18,17.35
361,18,17.35
362,18,17.35
363,18,17.35
364,18,17.35
365,18,17.35
366,18,17.35
367,18,17.35
368,18,17.35
369,18,17.35
370,18,17.35
371,18,17.35
372,18,17.35
373,18,17.35
374,18,17.35
375,18,17.35
376,18,17.35
377,18,18.35
378,18,18.35
379,18,18.35
380,18,18.35
381,18,18.35
382,18,18.35
383,18,18.35
384,18,18.35
385,18,18.35
386,18,18.35
387,18,18.35
388,18,18.35
389,18,18.35
390,18,18.35
391,18,18.35
392,18,18.35
393,18,19.35
394,18,19.35
395,18,19.35
396,18,19.35
397,18,19.35
398,18,19.35
399,18,20.35
400,18,20.35
401,17,13.92
402,17,13.92
403,17,13.92
404,17,13.92
405,17,13.92
406,17,13.92
407,17,13.92
408,17,13.92
409,17,13.92
410,17,13.92
411,17,13.92
412,17,13.92
413,17,13.92
414,17,13.92
415,17,13.92
416,17,13.92
417,17,13.92
418,17,13.92
419,17,13.92
420,17,13.92
421,17,13.92
422,17,13.92
423,17,13.92
424,17,13.92
425,17,13.92
426,17,13.92
427,17,13.92
428,17,13.92
429,17,13.92
430,17,13.92
431,17,13.92
432,17,13.92
433,17,13.92
434,17,13.92
435,17,13.92
436,17,13.92
437,17,13.92
438,17,14.92
439,17,14.92
440,17,14.92
441,17,14.92
442,17,14.92
443,17,14.92
444,17,14.92
445,17,14.92
446,17,14.92
447,17,14.92
448,17,14.92
449,17,14.92
450,17,14.92
451,17,14.92
452,17,14.92
453,17,14.92
454,17,15.92
455,17,15.92
456,17,15.92
457,17,15.92
458,17,15.92
459,17,15.92
460,17,15.92
461,17,15.92
462,17,15.92
463,17,15.92
464,17,15.92
465,17,15.92
466,17,15.92
467,17,16.92
468,17,16.92
469,17,16.92
470,17,16.92
471,17,16.92
472,17,16.92
473,17,16.92
474,17,16.92
475,17,16.92
476,17,16.92
477,17,16.92
478,17,16.92
479,17,16.92
480,17,16.92
481,17,16.92
482,17,16.92
483,17,17.92
484,17,17.92
485,17,17.92
486,17,17.92
487,17,17.92
488,17,17.92
489,17,17.92
490,17,17.92
491,17,17.92
492,17,17.92
493,17,17.92
494,17,17.92
495,17,17.92
496,17,18.92
497,17,18.92
498,17,18.92
499,17,18.92
500,17,19.92
501,16,14.28
502,16,14.28
503,16,14.28
504,16,14.28
505,16,14.28
506,16,14.28
507,16,14.28
508,16,14.28
509,16,14.28
510,16,14.28
511,16,14.28
512,16,14.28
513,16,14.28
514,16,14.28
515,16,14.28
516,16,14.28
517,16,14.28
518,16,14.28
519,16,14.28
520,16,14.28
521,16,14.28
522,16,14.28
523,16,14.28
524,16,14.28
525,16,14.28
526,16,14.28
527,16,14.28
528,16,14.28
529,16,14.28
530,16,14.28
531,16,14.28
532,16,14.28
533,16,14.28
534,16,14.28
535,16,15.28
536,16,15.28
537,16,15.28
538,16,15.28
539,16,15.28
540,16,15.28
541,16,15.28
542,16,15.28
543,16,15.28
544,16,15.28
545,16,15.28
546,16,15.28
547,16,15.28
548,16,15.28
549,16,15.28
550,16,16.28
551,16,16.28
552,16,16.28
553,16,16.28
554,16,16.28
555,16,16.28
556,16,16.28
557,16,16.28
558,16,16.28
559,16,16.28
560,16,16.28
561,16,16.28
562,16,16.28
563,16,16.28
564,16,16.28
565,16,16.28
566,16,16.28
567,16,16.28
568,16,17.28
569,16,17.28
570,16,17.28
571,16,17.28
572,16,17.28
573,16,17.28
574,16,17.28
575,16,17.28
576,16,17.28
577,16,17.28
578,16,17.28
579,16,17.28
580,16,17.28
581,16,17.28
582,16,17.28
583,16,17.28
584,16,18.28
585,16,18.28
586,16,18.28
587,16,18.28
588,16,18.28
589,16,18.28
590,16,18.28
591,16,18.28
592,16,18.28
593,16,18.28
594,16,18.28
595,16,18.28
596,16,18.28
597,16,19.28
598,16,19.28
599,16,19.28
600,16,20.28
601,15,13.77
602,15,13.77
603,15,13.77
604,15,13.77
605,15,13.77
606,15,13.77
607,15,13.77
608,15,13.77
609,15,13.77
610,15,13.77
611,15,13.77
612,15,13.77
613,15,13.77
614,15,13.77
615,15,13.77
616,15,13.77
617,15,13.77
618,15,13.77
619,15,13.77
620,15,13.77
621,15,13.77
622,15,13.77
623,15,13.77
624,15,13.77
625,15,13.77
626,15,13.77
627,15,13.77
628,15,13.77
629,15,13.77
630,15,13.77
631,15,13.77
632,15,13.77
633,15,13.77
634,15,13.77
635,15,13.77
636,15,13.77
637,15,13.77
638,15,13.77
639,15,13.77
640,15,13.77
641,15,13.77
642,15,13.77
643,15,13.77
644,15,13.77
645,15,13.77
646,15,13.77
647,15,14.77
648,15,14.77
649,15,14.77
650,15,14.77
651,15,14.77
652,15,14.77
653,15,14.77
654,15,14.77
655,15,14.77
656,15,14.77
657,15,14.77
658,15,14.77
659,15,14.77
660,15,14.77
661,15,15.77
662,15,15.77
663,15,15.77
664,15,15.77
665,15,15.77
666,15,15.77
667,15,15.77
668,15,15.77
669,15,15.77
670,15,16.77
671,15,16.77
672,15,16.77
673,15,16.77
674,15,16.77
675,15,16.77
676,15,16.77
677,15,16.77
678,15,16.77
679,15,16.77
680,15,16.77
681,15,17.77
682,15,17.77
683,15,17.77
684,15,17.77
685,15,17.77
686,15,17.77
687,15,17.77
688,15,17.77
689,15,17.77
690,15,17.77
691,15,17.77
692,15,17.77
693,15,17.77
694,15,17.77
695,15,18.77
696,15,18.77
697,15,18.77
698,15,18.77
699,15,19.77
700,15,19.77
