,chamber,ozone,id,time,wave,logsize
1,1,enriched,1,152,1,4.51
2,1,enriched,1,174,2,4.98
3,1,enriched,1,201,3,5.41
4,1,enriched,1,227,4,5.9
5,1,enriched,1,258,5,6.15
6,1,enriched,1,469,6,6.16
7,1,enriched,1,496,7,6.18
8,1,enriched,1,528,8,6.48
9,1,enriched,1,556,9,6.65
10,1,enriched,1,579,10,6.87
11,1,enriched,1,613,11,6.95
12,1,enriched,1,639,12,6.99
13,1,enriched,1,674,13,7.04
14,1,enriched,2,152,1,4.24
15,1,enriched,2,174,2,4.2
16,1,enriched,2,201,3,4.68
17,1,enriched,2,227,4,4.92
18,1,enriched,2,258,5,4.96
19,1,enriched,2,469,6,5.2
20,1,enriched,2,496,7,5.22
21,1,enriched,2,528,8,5.39
22,1,enriched,2,556,9,5.65
23,1,enriched,2,579,10,5.71
24,1,enriched,2,613,11,5.78
25,1,enriched,2,639,12,5.82
26,1,enriched,2,674,13,5.85
27,1,enriched,3,152,1,3.98
28,1,enriched,3,174,2,4.36
29,1,enriched,3,201,3,4.79
30,1,enriched,3,227,4,4.99
31,1,enriched,3,258,5,5.03
32,1,enriched,3,469,6,5.87
33,1,enriched,3,496,7,5.88
34,1,enriched,3,528,8,6.04
35,1,enriched,3,556,9,6.34
36,1,enriched,3,579,10,6.49
37,1,enriched,3,613,11,6.58
38,1,enriched,3,639,12,6.65
39,1,enriched,3,674,13,6.61
40,1,enriched,4,152,1,4.36
41,1,enriched,4,174,2,4.77
42,1,enriched,4,201,3,5.1
43,1,enriched,4,227,4,5.3
44,1,enriched,4,258,5,5.36
45,1,enriched,4,469,6,5.53
46,1,enriched,4,496,7,5.56
47,1,enriched,4,528,8,5.68
48,1,enriched,4,556,9,5.93
49,1,enriched,4,579,10,6.21
50,1,enriched,4,613,11,6.26
51,1,enriched,4,639,12,6.2
52,1,enriched,4,674,13,6.19
53,1,enriched,5,152,1,4.34
54,1,enriched,5,174,2,4.95
55,1,enriched,5,201,3,5.42
56,1,enriched,5,227,4,5.97
57,1,enriched,5,258,5,6.28
58,1,enriched,5,469,6,6.5
59,1,enriched,5,496,7,6.5
60,1,enriched,5,528,8,6.79
61,1,enriched,5,556,9,6.83
62,1,enriched,5,579,10,7.1
63,1,enriched,5,613,11,7.17
64,1,enriched,5,639,12,7.21
65,1,enriched,5,674,13,7.16
66,1,enriched,6,152,1,4.59
67,1,enriched,6,174,2,5.08
68,1,enriched,6,201,3,5.36
69,1,enriched,6,227,4,5.76
70,1,enriched,6,258,5,6.0
71,1,enriched,6,469,6,6.33
72,1,enriched,6,496,7,6.34
73,1,enriched,6,528,8,6.39
74,1,enriched,6,556,9,6.78
75,1,enriched,6,579,10,6.91
76,1,enriched,6,613,11,6.99
77,1,enriched,6,639,12,7.01
78,1,enriched,6,674,13,7.05
79,1,enriched,7,152,1,4.41
80,1,enriched,7,174,2,4.56
81,1,enriched,7,201,3,4.95
82,1,enriched,7,227,4,5.23
83,1,enriched,7,258,5,5.33
84,1,enriched,7,469,6,6.13
85,1,enriched,7,496,7,6.14
86,1,enriched,7,528,8,6.36
87,1,enriched,7,556,9,6.57
88,1,enriched,7,579,10,6.78
89,1,enriched,7,613,11,6.82
90,1,enriched,7,639,12,6.81
91,1,enriched,7,674,13,6.86
92,1,enriched,8,152,1,4.24
93,1,enriched,8,174,2,4.64
94,1,enriched,8,201,3,4.95
95,1,enriched,8,227,4,5.38
96,1,enriched,8,258,5,5.48
97,1,enriched,8,469,6,5.61
98,1,enriched,8,496,7,5.63
99,1,enriched,8,528,8,5.82
100,1,enriched,8,556,9,6.18
101,1,enriched,8,579,10,6.42
102,1,enriched,8,613,11,6.48
103,1,enriched,8,639,12,6.47
104,1,enriched,8,674,13,6.46
105,1,enriched,9,152,1,4.82
106,1,enriched,9,174,2,5.17
107,1,enriched,9,201,3,5.76
108,1,enriched,9,227,4,6.12
109,1,enriched,9,258,5,6.24
110,1,enriched,9,469,6,6.48
111,1,enriched,9,496,7,6.5
112,1,enriched,9,528,8,6.77
113,1,enriched,9,556,9,7.14
114,1,enriched,9,579,10,7.26
115,1,enriched,9,613,11,7.3
116,1,enriched,9,639,12,6.91
117,1,enriched,9,674,13,7.28
118,1,enriched,10,152,1,3.84
119,1,enriched,10,174,2,4.17
120,1,enriched,10,201,3,4.67
121,1,enriched,10,227,4,4.67
122,1,enriched,10,258,5,4.8
123,1,enriched,10,469,6,4.94
124,1,enriched,10,496,7,4.94
125,1,enriched,10,528,8,5.05
126,1,enriched,10,556,9,5.33
127,1,enriched,10,579,10,5.53
128,1,enriched,10,613,11,5.56
129,1,enriched,10,639,12,5.57
130,1,enriched,10,674,13,5.6
131,1,enriched,11,152,1,4.07
132,1,enriched,11,174,2,4.31
133,1,enriched,11,201,3,4.9
134,1,enriched,11,227,4,5.1
135,1,enriched,11,258,5,5.1
136,1,enriched,11,469,6,5.26
137,1,enriched,11,496,7,5.26
138,1,enriched,11,528,8,5.38
139,1,enriched,11,556,9,5.66
140,1,enriched,11,579,10,5.81
141,1,enriched,11,613,11,5.84
142,1,enriched,11,639,12,5.93
143,1,enriched,11,674,13,5.89
144,1,enriched,12,152,1,4.28
145,1,enriched,12,174,2,4.8
146,1,enriched,12,201,3,5.27
147,1,enriched,12,227,4,5.55
148,1,enriched,12,258,5,5.65
149,1,enriched,12,469,6,5.76
150,1,enriched,12,496,7,5.77
151,1,enriched,12,528,8,5.98
152,1,enriched,12,556,9,6.18
153,1,enriched,12,579,10,6.39
154,1,enriched,12,613,11,6.43
155,1,enriched,12,639,12,6.44
156,1,enriched,12,674,13,6.41
157,1,enriched,13,152,1,4.47
158,1,enriched,13,174,2,4.89
159,1,enriched,13,201,3,5.23
160,1,enriched,13,227,4,5.55
161,1,enriched,13,258,5,5.74
162,1,enriched,13,469,6,5.99
163,1,enriched,13,496,7,6.01
164,1,enriched,13,528,8,6.08
165,1,enriched,13,556,9,6.39
166,1,enriched,13,579,10,6.45
167,1,enriched,13,613,11,6.57
168,1,enriched,13,639,12,6.57
169,1,enriched,13,674,13,6.58
170,1,enriched,14,152,1,4.46
171,1,enriched,14,174,2,4.84
172,1,enriched,14,201,3,5.11
173,1,enriched,14,227,4,5.34
174,1,enriched,14,258,5,5.46
175,1,enriched,14,469,6,5.47
176,1,enriched,14,496,7,5.49
177,1,enriched,14,528,8,5.7
178,1,enriched,14,556,9,5.93
179,1,enriched,14,579,10,6.06
180,1,enriched,14,613,11,6.15
181,1,enriched,14,639,12,6.12
182,1,enriched,14,674,13,6.12
183,1,enriched,15,152,1,3.6
184,1,enriched,15,174,2,4.08
185,1,enriched,15,201,3,4.17
186,1,enriched,15,227,4,4.35
187,1,enriched,15,258,5,4.59
188,1,enriched,15,469,6,4.65
189,1,enriched,15,496,7,4.69
190,1,enriched,15,528,8,5.01
191,1,enriched,15,556,9,5.21
192,1,enriched,15,579,10,5.38
193,1,enriched,15,613,11,5.58
194,1,enriched,15,639,12,5.46
195,1,enriched,15,674,13,5.5
196,1,enriched,16,152,1,3.73
197,1,enriched,16,174,2,4.15
198,1,enriched,16,201,3,4.61
199,1,enriched,16,227,4,4.87
200,1,enriched,16,258,5,4.93
201,1,enriched,16,469,6,5.24
202,1,enriched,16,496,7,5.25
203,1,enriched,16,528,8,5.25
204,1,enriched,16,556,9,5.45
205,1,enriched,16,579,10,5.65
206,1,enriched,16,613,11,5.65
207,1,enriched,16,639,12,5.76
208,1,enriched,16,674,13,5.83
209,1,enriched,17,152,1,4.67
210,1,enriched,17,174,2,4.88
211,1,enriched,17,201,3,5.18
212,1,enriched,17,227,4,5.34
213,1,enriched,17,258,5,5.49
214,1,enriched,17,469,6,6.44
215,1,enriched,17,496,7,6.44
216,1,enriched,17,528,8,6.61
217,1,enriched,17,556,9,6.74
218,1,enriched,17,579,10,7.06
219,1,enriched,17,613,11,7.11
220,1,enriched,17,639,12,7.04
221,1,enriched,17,674,13,7.11
222,1,enriched,18,152,1,2.96
223,1,enriched,18,174,2,3.47
224,1,enriched,18,201,3,3.76
225,1,enriched,18,227,4,3.89
226,1,enriched,18,258,5,4.3
227,1,enriched,18,469,6,4.15
228,1,enriched,18,496,7,4.15
229,1,enriched,18,528,8,4.41
230,1,enriched,18,556,9,4.72
231,1,enriched,18,579,10,4.76
232,1,enriched,18,613,11,4.93
233,1,enriched,18,639,12,4.98
234,1,enriched,18,674,13,5.07
235,1,enriched,19,152,1,3.24
236,1,enriched,19,174,2,3.93
237,1,enriched,19,201,3,4.76
238,1,enriched,19,227,4,4.62
239,1,enriched,19,258,5,4.64
240,1,enriched,19,469,6,4.63
241,1,enriched,19,496,7,4.64
242,1,enriched,19,528,8,4.77
243,1,enriched,19,556,9,5.08
244,1,enriched,19,579,10,5.27
245,1,enriched,19,613,11,5.3
246,1,enriched,19,639,12,5.43
247,1,enriched,19,674,13,5.2
248,1,enriched,20,152,1,4.36
249,1,enriched,20,174,2,4.77
250,1,enriched,20,201,3,5.02
251,1,enriched,20,227,4,5.26
252,1,enriched,20,258,5,5.45
253,1,enriched,20,469,6,5.44
254,1,enriched,20,496,7,5.44
255,1,enriched,20,528,8,5.49
256,1,enriched,20,556,9,5.73
257,1,enriched,20,579,10,5.77
258,1,enriched,20,613,11,6.01
259,1,enriched,20,639,12,5.96
260,1,enriched,20,674,13,5.96
261,1,enriched,21,152,1,4.04
262,1,enriched,21,174,2,4.64
263,1,enriched,21,201,3,4.86
264,1,enriched,21,227,4,5.09
265,1,enriched,21,258,5,5.25
266,1,enriched,21,469,6,5.25
267,1,enriched,21,496,7,5.27
268,1,enriched,21,528,8,5.5
269,1,enriched,21,556,9,5.65
270,1,enriched,21,579,10,5.69
271,1,enriched,21,613,11,5.97
272,1,enriched,21,639,12,5.97
273,1,enriched,21,674,13,5.89
274,1,enriched,22,152,1,3.53
275,1,enriched,22,174,2,4.25
276,1,enriched,22,201,3,4.68
277,1,enriched,22,227,4,4.97
278,1,enriched,22,258,5,5.18
279,1,enriched,22,469,6,5.64
280,1,enriched,22,496,7,5.64
281,1,enriched,22,528,8,5.53
282,1,enriched,22,556,9,5.74
283,1,enriched,22,579,10,5.78
284,1,enriched,22,613,11,5.94
285,1,enriched,22,639,12,6.18
286,1,enriched,22,674,13,5.99
287,1,enriched,23,152,1,4.22
288,1,enriched,23,174,2,4.69
289,1,enriched,23,201,3,5.07
290,1,enriched,23,227,4,5.37
291,1,enriched,23,258,5,5.58
292,1,enriched,23,469,6,5.76
293,1,enriched,23,496,7,5.8
294,1,enriched,23,528,8,6.11
295,1,enriched,23,556,9,6.37
296,1,enriched,23,579,10,6.35
297,1,enriched,23,613,11,6.58
298,1,enriched,23,639,12,6.55
299,1,enriched,23,674,13,6.55
300,1,enriched,24,152,1,2.79
301,1,enriched,24,174,2,3.1
302,1,enriched,24,201,3,3.3
303,1,enriched,24,227,4,3.38
304,1,enriched,24,258,5,3.55
305,1,enriched,24,469,6,3.61
306,1,enriched,24,496,7,3.65
307,1,enriched,24,528,8,3.93
308,1,enriched,24,556,9,4.18
309,1,enriched,24,579,10,4.13
310,1,enriched,24,613,11,4.36
311,1,enriched,24,639,12,4.43
312,1,enriched,24,674,13,4.39
313,1,enriched,25,152,1,3.3
314,1,enriched,25,174,2,3.9
315,1,enriched,25,201,3,4.34
316,1,enriched,25,227,4,4.96
317,1,enriched,25,258,5,5.4
318,1,enriched,25,469,6,5.46
319,1,enriched,25,496,7,5.49
320,1,enriched,25,528,8,5.77
321,1,enriched,25,556,9,6.03
322,1,enriched,25,579,10,6.07
323,1,enriched,25,613,11,6.2
324,1,enriched,25,639,12,6.26
325,1,enriched,25,674,13,6.28
326,1,enriched,26,152,1,3.34
327,1,enriched,26,174,2,3.81
328,1,enriched,26,201,3,4.21
329,1,enriched,26,227,4,4.54
330,1,enriched,26,258,5,4.86
331,1,enriched,26,469,6,4.93
332,1,enriched,26,496,7,4.96
333,1,enriched,26,528,8,5.15
334,1,enriched,26,556,9,5.48
335,1,enriched,26,579,10,5.49
336,1,enriched,26,613,11,5.7
337,1,enriched,26,639,12,5.74
338,1,enriched,26,674,13,5.74
339,1,enriched,27,152,1,3.76
340,1,enriched,27,174,2,4.36
341,1,enriched,27,201,3,4.7
342,1,enriched,27,227,4,5.44
343,1,enriched,27,258,5,5.32
344,1,enriched,27,469,6,5.65
345,1,enriched,27,496,7,5.67
346,1,enriched,27,528,8,5.63
347,1,enriched,27,556,9,6.04
348,1,enriched,27,579,10,6.02
349,1,enriched,27,613,11,6.05
350,1,enriched,27,639,12,6.03
351,1,enriched,27,674,13,5.91
352,2,enriched,28,152,1,4.49
353,2,enriched,28,174,2,4.76
354,2,enriched,28,201,3,5.15
355,2,enriched,28,227,4,5.37
356,2,enriched,28,258,5,5.56
357,2,enriched,28,469,6,5.73
358,2,enriched,28,496,7,5.73
359,2,enriched,28,528,8,5.8
360,2,enriched,28,556,9,5.97
361,2,enriched,28,579,10,6.1
362,2,enriched,28,613,11,6.16
363,2,enriched,28,639,12,6.22
364,2,enriched,28,674,13,6.13
365,2,enriched,29,152,1,4.88
366,2,enriched,29,174,2,5.14
367,2,enriched,29,201,3,5.52
368,2,enriched,29,227,4,6.08
369,2,enriched,29,258,5,6.17
370,2,enriched,29,469,6,6.32
371,2,enriched,29,496,7,6.33
372,2,enriched,29,528,8,6.37
373,2,enriched,29,556,9,6.68
374,2,enriched,29,579,10,6.83
375,2,enriched,29,613,11,6.94
376,2,enriched,29,639,12,6.93
377,2,enriched,29,674,13,6.95
378,2,enriched,30,152,1,4.88
379,2,enriched,30,174,2,5.32
380,2,enriched,30,201,3,5.63
381,2,enriched,30,227,4,5.75
382,2,enriched,30,258,5,5.94
383,2,enriched,30,469,6,6.09
384,2,enriched,30,496,7,6.09
385,2,enriched,30,528,8,6.14
386,2,enriched,30,556,9,6.51
387,2,enriched,30,579,10,6.61
388,2,enriched,30,613,11,6.68
389,2,enriched,30,639,12,6.64
390,2,enriched,30,674,13,6.74
391,2,enriched,31,152,1,3.8
392,2,enriched,31,174,2,4.16
393,2,enriched,31,201,3,4.45
394,2,enriched,31,227,4,4.89
395,2,enriched,31,258,5,5.05
396,2,enriched,31,469,6,5.06
397,2,enriched,31,496,7,5.06
398,2,enriched,31,528,8,5.13
399,2,enriched,31,556,9,5.32
400,2,enriched,31,579,10,5.46
401,2,enriched,31,613,11,5.46
402,2,enriched,31,639,12,5.42
403,2,enriched,31,674,13,5.49
404,2,enriched,32,152,1,4.46
405,2,enriched,32,174,2,4.62
406,2,enriched,32,201,3,5.0
407,2,enriched,32,227,4,5.4
408,2,enriched,32,258,5,5.49
409,2,enriched,32,469,6,5.68
410,2,enriched,32,496,7,5.72
411,2,enriched,32,528,8,5.95
412,2,enriched,32,556,9,6.13
413,2,enriched,32,579,10,6.32
414,2,enriched,32,613,11,6.33
415,2,enriched,32,639,12,6.33
416,2,enriched,32,674,13,6.3
417,2,enriched,33,152,1,4.29
418,2,enriched,33,174,2,4.82
419,2,enriched,33,201,3,5.32
420,2,enriched,33,227,4,5.46
421,2,enriched,33,258,5,5.5
422,2,enriched,33,469,6,5.54
423,2,enriched,33,496,7,5.54
424,2,enriched,33,528,8,5.54
425,2,enriched,33,556,9,5.6
426,2,enriched,33,579,10,5.57
427,2,enriched,33,613,11,5.55
428,2,enriched,33,639,12,5.55
429,2,enriched,33,674,13,5.55
430,2,enriched,34,152,1,4.06
431,2,enriched,34,174,2,4.58
432,2,enriched,34,201,3,4.81
433,2,enriched,34,227,4,5.12
434,2,enriched,34,258,5,5.27
435,2,enriched,34,469,6,5.48
436,2,enriched,34,496,7,5.51
437,2,enriched,34,528,8,5.58
438,2,enriched,34,556,9,5.93
439,2,enriched,34,579,10,6.36
440,2,enriched,34,613,11,6.17
441,2,enriched,34,639,12,6.07
442,2,enriched,34,674,13,6.13
443,2,enriched,35,152,1,5.16
444,2,enriched,35,174,2,5.43
445,2,enriched,35,201,3,5.71
446,2,enriched,35,227,4,6.08
447,2,enriched,35,258,5,6.21
448,2,enriched,35,469,6,6.37
449,2,enriched,35,496,7,6.38
450,2,enriched,35,528,8,6.41
451,2,enriched,35,556,9,6.64
452,2,enriched,35,579,10,6.82
453,2,enriched,35,613,11,6.89
454,2,enriched,35,639,12,7.11
455,2,enriched,35,674,13,7.14
456,2,enriched,36,152,1,3.81
457,2,enriched,36,174,2,4.12
458,2,enriched,36,201,3,4.42
459,2,enriched,36,227,4,4.62
460,2,enriched,36,258,5,4.6
461,2,enriched,36,469,6,4.74
462,2,enriched,36,496,7,4.76
463,2,enriched,36,528,8,4.94
464,2,enriched,36,556,9,5.1
465,2,enriched,36,579,10,5.21
466,2,enriched,36,613,11,5.23
467,2,enriched,36,639,12,5.22
468,2,enriched,36,674,13,5.23
469,2,enriched,37,152,1,5.09
470,2,enriched,37,174,2,5.62
471,2,enriched,37,201,3,5.9
472,2,enriched,37,227,4,6.36
473,2,enriched,37,258,5,6.49
474,2,enriched,37,469,6,6.72
475,2,enriched,37,496,7,6.72
476,2,enriched,37,528,8,6.74
477,2,enriched,37,556,9,6.87
478,2,enriched,37,579,10,6.87
479,2,enriched,37,613,11,6.87
480,2,enriched,37,639,12,6.83
481,2,enriched,37,674,13,6.97
482,2,enriched,38,152,1,4.13
483,2,enriched,38,174,2,4.71
484,2,enriched,38,201,3,5.27
485,2,enriched,38,227,4,5.56
486,2,enriched,38,258,5,5.72
487,2,enriched,38,469,6,6.06
488,2,enriched,38,496,7,6.06
489,2,enriched,38,528,8,6.21
490,2,enriched,38,556,9,6.44
491,2,enriched,38,579,10,6.66
492,2,enriched,38,613,11,6.71
493,2,enriched,38,639,12,6.65
494,2,enriched,38,674,13,6.64
495,2,enriched,39,152,1,4.85
496,2,enriched,39,174,2,5.36
497,2,enriched,39,201,3,5.52
498,2,enriched,39,227,4,5.96
499,2,enriched,39,258,5,6.13
500,2,enriched,39,469,6,6.22
501,2,enriched,39,496,7,6.24
502,2,enriched,39,528,8,6.41
503,2,enriched,39,556,9,6.58
504,2,enriched,39,579,10,6.78
505,2,enriched,39,613,11,6.83
506,2,enriched,39,639,12,6.82
507,2,enriched,39,674,13,6.8
508,2,enriched,40,152,1,4.11
509,2,enriched,40,174,2,4.62
510,2,enriched,40,201,3,4.95
511,2,enriched,40,227,4,5.28
512,2,enriched,40,258,5,5.43
513,2,enriched,40,469,6,5.8
514,2,enriched,40,496,7,5.8
515,2,enriched,40,528,8,5.87
516,2,enriched,40,556,9,6.2
517,2,enriched,40,579,10,6.44
518,2,enriched,40,613,11,6.44
519,2,enriched,40,639,12,6.4
520,2,enriched,40,674,13,6.44
521,2,enriched,41,152,1,4.95
522,2,enriched,41,174,2,5.39
523,2,enriched,41,201,3,5.82
524,2,enriched,41,227,4,6.42
525,2,enriched,41,258,5,6.48
526,2,enriched,41,469,6,6.61
527,2,enriched,41,496,7,6.61
528,2,enriched,41,528,8,6.66
529,2,enriched,41,556,9,6.73
530,2,enriched,41,579,10,6.83
531,2,enriched,41,613,11,6.9
532,2,enriched,41,639,12,6.83
533,2,enriched,41,674,13,6.63
534,2,enriched,42,152,1,4.36
535,2,enriched,42,174,2,4.65
536,2,enriched,42,201,3,5.04
537,2,enriched,42,227,4,5.38
538,2,enriched,42,258,5,5.47
539,2,enriched,42,469,6,5.48
540,2,enriched,42,496,7,5.48
541,2,enriched,42,528,8,5.47
542,2,enriched,42,556,9,5.84
543,2,enriched,42,579,10,5.97
544,2,enriched,42,613,11,5.93
545,2,enriched,42,639,12,5.95
546,2,enriched,42,674,13,6.01
547,2,enriched,43,152,1,4.05
548,2,enriched,43,174,2,4.65
549,2,enriched,43,201,3,5.09
550,2,enriched,43,227,4,5.44
551,2,enriched,43,258,5,5.6
552,2,enriched,43,469,6,5.79
553,2,enriched,43,496,7,5.8
554,2,enriched,43,528,8,6.07
555,2,enriched,43,556,9,6.14
556,2,enriched,43,579,10,6.3
557,2,enriched,43,613,11,6.32
558,2,enriched,43,639,12,6.34
559,2,enriched,43,674,13,6.42
560,2,enriched,44,152,1,3.76
561,2,enriched,44,174,2,4.27
562,2,enriched,44,201,3,4.59
563,2,enriched,44,227,4,5.1
564,2,enriched,44,258,5,5.25
565,2,enriched,44,469,6,5.41
566,2,enriched,44,496,7,5.44
567,2,enriched,44,528,8,5.48
568,2,enriched,44,556,9,5.93
569,2,enriched,44,579,10,5.97
570,2,enriched,44,613,11,6.08
571,2,enriched,44,639,12,6.29
572,2,enriched,44,674,13,6.24
573,2,enriched,45,152,1,2.84
574,2,enriched,45,174,2,3.25
575,2,enriched,45,201,3,3.69
576,2,enriched,45,227,4,4.16
577,2,enriched,45,258,5,4.21
578,2,enriched,45,469,6,4.3
579,2,enriched,45,496,7,4.3
580,2,enriched,45,528,8,4.45
581,2,enriched,45,556,9,4.59
582,2,enriched,45,579,10,4.74
583,2,enriched,45,613,11,4.84
584,2,enriched,45,639,12,4.64
585,2,enriched,45,674,13,4.64
586,2,enriched,46,152,1,4.33
587,2,enriched,46,174,2,4.8
588,2,enriched,46,201,3,5.09
589,2,enriched,46,227,4,5.42
590,2,enriched,46,258,5,5.61
591,2,enriched,46,469,6,5.85
592,2,enriched,46,496,7,5.88
593,2,enriched,46,528,8,6.01
594,2,enriched,46,556,9,6.22
595,2,enriched,46,579,10,6.45
596,2,enriched,46,613,11,6.55
597,2,enriched,46,639,12,6.55
598,2,enriched,46,674,13,6.55
599,2,enriched,47,152,1,3.99
600,2,enriched,47,174,2,4.55
601,2,enriched,47,201,3,4.91
602,2,enriched,47,227,4,5.26
603,2,enriched,47,258,5,5.3
604,2,enriched,47,469,6,5.69
605,2,enriched,47,496,7,5.69
606,2,enriched,47,528,8,5.9
607,2,enriched,47,556,9,5.89
608,2,enriched,47,579,10,5.98
609,2,enriched,47,613,11,6.05
610,2,enriched,47,639,12,6.25
611,2,enriched,47,674,13,6.25
612,2,enriched,48,152,1,3.5
613,2,enriched,48,174,2,3.75
614,2,enriched,48,201,3,3.97
615,2,enriched,48,227,4,4.71
616,2,enriched,48,258,5,4.85
617,2,enriched,48,469,6,5.01
618,2,enriched,48,496,7,5.02
619,2,enriched,48,528,8,5.27
620,2,enriched,48,556,9,5.45
621,2,enriched,48,579,10,5.59
622,2,enriched,48,613,11,5.67
623,2,enriched,48,639,12,5.83
624,2,enriched,48,674,13,5.86
625,2,enriched,49,152,1,3.31
626,2,enriched,49,174,2,3.45
627,2,enriched,49,201,3,4.16
628,2,enriched,49,227,4,4.48
629,2,enriched,49,258,5,4.54
630,2,enriched,49,469,6,4.72
631,2,enriched,49,496,7,4.74
632,2,enriched,49,528,8,4.93
633,2,enriched,49,556,9,5.07
634,2,enriched,49,579,10,5.26
635,2,enriched,49,613,11,5.26
636,2,enriched,49,639,12,5.35
637,2,enriched,49,674,13,5.35
638,2,enriched,50,152,1,3.03
639,2,enriched,50,174,2,3.55
640,2,enriched,50,201,3,3.97
641,2,enriched,50,227,4,4.4
642,2,enriched,50,258,5,4.58
643,2,enriched,50,469,6,4.47
644,2,enriched,50,496,7,4.47
645,2,enriched,50,528,8,4.66
646,2,enriched,50,556,9,4.8
647,2,enriched,50,579,10,5.1
648,2,enriched,50,613,11,5.08
649,2,enriched,50,639,12,5.12
650,2,enriched,50,674,13,5.12
651,2,enriched,51,152,1,3.27
652,2,enriched,51,174,2,3.83
653,2,enriched,51,201,3,4.44
654,2,enriched,51,227,4,4.8
655,2,enriched,51,258,5,4.89
656,2,enriched,51,469,6,5.08
657,2,enriched,51,496,7,5.09
658,2,enriched,51,528,8,5.34
659,2,enriched,51,556,9,5.63
660,2,enriched,51,579,10,5.81
661,2,enriched,51,613,11,5.93
662,2,enriched,51,639,12,5.94
663,2,enriched,51,674,13,5.94
664,2,enriched,52,152,1,3.56
665,2,enriched,52,174,2,4.18
666,2,enriched,52,201,3,4.7
667,2,enriched,52,227,4,5.27
668,2,enriched,52,258,5,5.28
669,2,enriched,52,469,6,5.5
670,2,enriched,52,496,7,5.5
671,2,enriched,52,528,8,5.77
672,2,enriched,52,556,9,5.98
673,2,enriched,52,579,10,6.05
674,2,enriched,52,613,11,6.19
675,2,enriched,52,639,12,6.14
676,2,enriched,52,674,13,6.14
677,2,enriched,53,152,1,3.39
678,2,enriched,53,174,2,3.73
679,2,enriched,53,201,3,3.92
680,2,enriched,53,227,4,4.11
681,2,enriched,53,258,5,4.15
682,2,enriched,53,469,6,4.49
683,2,enriched,53,496,7,4.52
684,2,enriched,53,528,8,4.82
685,2,enriched,53,556,9,5.18
686,2,enriched,53,579,10,5.26
687,2,enriched,53,613,11,5.32
688,2,enriched,53,639,12,5.28
689,2,enriched,53,674,13,5.28
690,2,enriched,54,152,1,3.72
691,2,enriched,54,174,2,4.16
692,2,enriched,54,201,3,4.55
693,2,enriched,54,227,4,5.03
694,2,enriched,54,258,5,5.02
695,2,enriched,54,469,6,5.16
696,2,enriched,54,496,7,5.16
697,2,enriched,54,528,8,5.28
698,2,enriched,54,556,9,5.52
699,2,enriched,54,579,10,5.7
700,2,enriched,54,613,11,5.7
701,2,enriched,54,639,12,5.67
702,2,enriched,54,674,13,5.67
703,3,normal,55,152,1,4.53
704,3,normal,55,174,2,5.05
705,3,normal,55,201,3,5.18
706,3,normal,55,227,4,5.41
707,3,normal,55,258,5,5.42
708,3,normal,55,469,6,5.71
709,3,normal,55,496,7,5.71
710,3,normal,55,528,8,5.96
711,3,normal,55,556,9,6.17
712,3,normal,55,579,10,6.34
713,3,normal,55,613,11,6.44
714,3,normal,55,639,12,6.46
715,3,normal,55,674,13,6.43
716,3,normal,56,152,1,4.97
717,3,normal,56,174,2,5.32
718,3,normal,56,201,3,5.83
719,3,normal,56,227,4,6.29
720,3,normal,56,258,5,6.45
721,3,normal,56,469,6,6.61
722,3,normal,56,496,7,6.61
723,3,normal,56,528,8,6.79
724,3,normal,56,556,9,7.13
725,3,normal,56,579,10,7.24
726,3,normal,56,613,11,7.32
727,3,normal,56,639,12,7.29
728,3,normal,56,674,13,7.35
729,3,normal,57,152,1,4.37
730,3,normal,57,174,2,4.81
731,3,normal,57,201,3,5.03
732,3,normal,57,227,4,5.19
733,3,normal,57,258,5,5.4
734,3,normal,57,469,6,5.57
735,3,normal,57,496,7,5.59
736,3,normal,57,528,8,5.82
737,3,normal,57,556,9,6.03
738,3,normal,57,579,10,6.17
739,3,normal,57,613,11,6.32
740,3,normal,57,639,12,6.25
741,3,normal,57,674,13,6.29
742,3,normal,58,152,1,4.58
743,3,normal,58,174,2,4.99
744,3,normal,58,201,3,5.37
745,3,normal,58,227,4,5.68
746,3,normal,58,258,5,5.93
747,3,normal,58,469,6,6.14
748,3,normal,58,496,7,6.17
749,3,normal,58,528,8,6.43
750,3,normal,58,556,9,6.56
751,3,normal,58,579,10,6.69
752,3,normal,58,613,11,6.81
753,3,normal,58,639,12,6.82
754,3,normal,58,674,13,6.76
755,3,normal,59,152,1,4.0
756,3,normal,59,174,2,4.5
757,3,normal,59,201,3,4.92
758,3,normal,59,227,4,5.44
759,3,normal,59,258,5,5.87
760,3,normal,59,469,6,6.02
761,3,normal,59,496,7,6.04
762,3,normal,59,528,8,6.11
763,3,normal,59,556,9,6.47
764,3,normal,59,579,10,6.61
765,3,normal,59,613,11,6.66
766,3,normal,59,639,12,6.7
767,3,normal,59,674,13,6.65
768,3,normal,60,152,1,4.73
769,3,normal,60,174,2,5.05
770,3,normal,60,201,3,5.33
771,3,normal,60,227,4,5.92
772,3,normal,60,258,5,6.01
773,3,normal,60,469,6,6.26
774,3,normal,60,496,7,6.26
775,3,normal,60,528,8,6.36
776,3,normal,60,556,9,6.49
777,3,normal,60,579,10,6.63
778,3,normal,60,613,11,6.92
779,3,normal,60,639,12,6.92
780,3,normal,60,674,13,6.92
781,3,normal,61,152,1,5.15
782,3,normal,61,174,2,5.63
783,3,normal,61,201,3,6.11
784,3,normal,61,227,4,6.39
785,3,normal,61,258,5,6.61
786,3,normal,61,469,6,6.82
787,3,normal,61,496,7,6.82
788,3,normal,61,528,8,6.95
789,3,normal,61,556,9,7.11
790,3,normal,61,579,10,7.44
791,3,normal,61,613,11,7.53
792,3,normal,61,639,12,7.46
793,3,normal,61,674,13,7.56
794,3,normal,62,152,1,4.1
795,3,normal,62,174,2,4.46
796,3,normal,62,201,3,4.84
797,3,normal,62,227,4,5.29
798,3,normal,62,258,5,5.48
799,3,normal,62,469,6,5.68
800,3,normal,62,496,7,5.68
801,3,normal,62,528,8,5.85
802,3,normal,62,556,9,5.99
803,3,normal,62,579,10,6.08
804,3,normal,62,613,11,6.25
805,3,normal,62,639,12,6.15
806,3,normal,62,674,13,6.18
807,3,normal,63,152,1,3.22
808,3,normal,63,174,2,3.85
809,3,normal,63,201,3,4.47
810,3,normal,63,227,4,4.85
811,3,normal,63,258,5,5.11
812,3,normal,63,469,6,5.28
813,3,normal,63,496,7,5.28
814,3,normal,63,528,8,5.45
815,3,normal,63,556,9,5.74
816,3,normal,63,579,10,5.95
817,3,normal,63,613,11,6.05
818,3,normal,63,639,12,6.07
819,3,normal,63,674,13,6.02
820,3,normal,64,152,1,2.23
821,3,normal,64,174,2,2.89
822,3,normal,64,201,3,3.16
823,3,normal,64,227,4,3.4
824,3,normal,64,258,5,3.52
825,3,normal,64,469,6,3.89
826,3,normal,64,496,7,3.93
827,3,normal,64,528,8,4.22
828,3,normal,64,556,9,4.51
829,3,normal,64,579,10,4.65
830,3,normal,64,613,11,4.7
831,3,normal,64,639,12,4.73
832,3,normal,64,674,13,4.68
833,3,normal,65,152,1,3.65
834,3,normal,65,174,2,4.36
835,3,normal,65,201,3,4.76
836,3,normal,65,227,4,5.18
837,3,normal,65,258,5,5.44
838,3,normal,65,469,6,5.7
839,3,normal,65,496,7,5.7
840,3,normal,65,528,8,5.89
841,3,normal,65,556,9,6.09
842,3,normal,65,579,10,6.39
843,3,normal,65,613,11,6.57
844,3,normal,65,639,12,6.36
845,3,normal,65,674,13,6.44
846,3,normal,66,152,1,3.4
847,3,normal,66,174,2,3.92
848,3,normal,66,201,3,4.5
849,3,normal,66,227,4,4.97
850,3,normal,66,258,5,5.14
851,3,normal,66,469,6,5.34
852,3,normal,66,496,7,5.35
853,3,normal,66,528,8,5.61
854,3,normal,66,556,9,5.83
855,3,normal,66,579,10,6.03
856,3,normal,66,613,11,6.09
857,3,normal,66,639,12,5.98
858,3,normal,66,674,13,5.95
859,4,normal,67,152,1,5.16
860,4,normal,67,174,2,5.49
861,4,normal,67,201,3,5.74
862,4,normal,67,227,4,6.05
863,4,normal,67,258,5,6.21
864,4,normal,67,469,6,6.37
865,4,normal,67,496,7,6.37
866,4,normal,67,528,8,6.52
867,4,normal,67,556,9,6.65
868,4,normal,67,579,10,6.86
869,4,normal,67,613,11,6.87
870,4,normal,67,639,12,6.88
871,4,normal,67,674,13,6.84
872,4,normal,68,152,1,4.04
873,4,normal,68,174,2,4.52
874,4,normal,68,201,3,5.15
875,4,normal,68,227,4,5.59
876,4,normal,68,258,5,5.87
877,4,normal,68,469,6,5.96
878,4,normal,68,496,7,5.96
879,4,normal,68,528,8,6.17
880,4,normal,68,556,9,6.37
881,4,normal,68,579,10,6.53
882,4,normal,68,613,11,6.6
883,4,normal,68,639,12,6.52
884,4,normal,68,674,13,6.59
885,4,normal,69,152,1,4.52
886,4,normal,69,174,2,4.91
887,4,normal,69,201,3,5.04
888,4,normal,69,227,4,5.71
889,4,normal,69,258,5,5.97
890,4,normal,69,469,6,6.11
891,4,normal,69,496,7,6.12
892,4,normal,69,528,8,6.24
893,4,normal,69,556,9,6.44
894,4,normal,69,579,10,6.54
895,4,normal,69,613,11,6.65
896,4,normal,69,639,12,6.63
897,4,normal,69,674,13,6.64
898,4,normal,70,152,1,4.56
899,4,normal,70,174,2,5.12
900,4,normal,70,201,3,5.4
901,4,normal,70,227,4,5.69
902,4,normal,70,258,5,5.89
903,4,normal,70,469,6,6.16
904,4,normal,70,496,7,6.17
905,4,normal,70,528,8,6.13
906,4,normal,70,556,9,6.44
907,4,normal,70,579,10,6.72
908,4,normal,70,613,11,6.81
909,4,normal,70,639,12,6.87
910,4,normal,70,674,13,6.8
911,4,normal,71,152,1,4.9
912,4,normal,71,174,2,5.35
913,4,normal,71,201,3,5.71
914,4,normal,71,227,4,6.12
915,4,normal,71,258,5,6.25
916,4,normal,71,469,6,6.39
917,4,normal,71,496,7,6.39
918,4,normal,71,528,8,6.52
919,4,normal,71,556,9,6.86
920,4,normal,71,579,10,7.05
921,4,normal,71,613,11,7.09
922,4,normal,71,639,12,6.9
923,4,normal,71,674,13,6.88
924,4,normal,72,152,1,4.83
925,4,normal,72,174,2,5.1
926,4,normal,72,201,3,5.43
927,4,normal,72,227,4,5.59
928,4,normal,72,258,5,6.04
929,4,normal,72,469,6,6.21
930,4,normal,72,496,7,6.21
931,4,normal,72,528,8,6.46
932,4,normal,72,556,9,6.45
933,4,normal,72,579,10,6.59
934,4,normal,72,613,11,6.7
935,4,normal,72,639,12,6.63
936,4,normal,72,674,13,6.66
937,4,normal,73,152,1,5.46
938,4,normal,73,174,2,5.79
939,4,normal,73,201,3,6.12
940,4,normal,73,227,4,6.41
941,4,normal,73,258,5,6.63
942,4,normal,73,469,6,6.73
943,4,normal,73,496,7,6.73
944,4,normal,73,528,8,6.77
945,4,normal,73,556,9,6.68
946,4,normal,73,579,10,6.75
947,4,normal,73,613,11,6.75
948,4,normal,73,639,12,6.62
949,4,normal,73,674,13,6.6
950,4,normal,74,152,1,4.17
951,4,normal,74,174,2,4.67
952,4,normal,74,201,3,5.16
953,4,normal,74,227,4,5.56
954,4,normal,74,258,5,5.75
955,4,normal,74,469,6,6.0
956,4,normal,74,496,7,6.02
957,4,normal,74,528,8,6.14
958,4,normal,74,556,9,6.28
959,4,normal,74,579,10,6.55
960,4,normal,74,613,11,6.66
961,4,normal,74,639,12,6.63
962,4,normal,74,674,13,6.63
963,4,normal,75,152,1,3.35
964,4,normal,75,174,2,4.05
965,4,normal,75,201,3,4.51
966,4,normal,75,227,4,5.22
967,4,normal,75,258,5,5.44
968,4,normal,75,469,6,5.79
969,4,normal,75,496,7,5.82
970,4,normal,75,528,8,6.05
971,4,normal,75,556,9,6.29
972,4,normal,75,579,10,6.22
973,4,normal,75,613,11,6.39
974,4,normal,75,639,12,6.47
975,4,normal,75,674,13,6.42
976,4,normal,76,152,1,3.33
977,4,normal,76,174,2,3.82
978,4,normal,76,201,3,4.38
979,4,normal,76,227,4,4.99
980,4,normal,76,258,5,5.17
981,4,normal,76,469,6,5.4
982,4,normal,76,496,7,5.4
983,4,normal,76,528,8,5.73
984,4,normal,76,556,9,5.85
985,4,normal,76,579,10,5.75
986,4,normal,76,613,11,5.99
987,4,normal,76,639,12,6.1
988,4,normal,76,674,13,6.15
989,4,normal,77,152,1,3.41
990,4,normal,77,174,2,3.68
991,4,normal,77,201,3,4.03
992,4,normal,77,227,4,4.28
993,4,normal,77,258,5,4.54
994,4,normal,77,469,6,4.52
995,4,normal,77,496,7,4.57
996,4,normal,77,528,8,5.01
997,4,normal,77,556,9,5.13
998,4,normal,77,579,10,5.11
999,4,normal,77,613,11,5.3
1000,4,normal,77,639,12,5.46
1001,4,normal,77,674,13,5.35
1002,4,normal,78,152,1,4.5
1003,4,normal,78,174,2,4.8
1004,4,normal,78,201,3,5.28
1005,4,normal,78,227,4,5.83
1006,4,normal,78,258,5,6.16
1007,4,normal,78,469,6,6.33
1008,4,normal,78,496,7,6.34
1009,4,normal,78,528,8,6.56
1010,4,normal,78,556,9,6.63
1011,4,normal,78,579,10,6.75
1012,4,normal,78,613,11,6.89
1013,4,normal,78,639,12,6.96
1014,4,normal,78,674,13,6.94
1015,4,normal,79,152,1,2.99
1016,4,normal,79,174,2,3.61
1017,4,normal,79,201,3,4.48
1018,4,normal,79,227,4,4.91
1019,4,normal,79,258,5,5.06
1020,4,normal,79,469,6,5.23
1021,4,normal,79,496,7,5.25
1022,4,normal,79,528,8,5.56
1023,4,normal,79,556,9,5.95
1024,4,normal,79,579,10,5.98
1025,4,normal,79,613,11,6.21
1026,4,normal,79,639,12,6.28
1027,4,normal,79,674,13,6.34
