,ipip,wage1992,prtyid,ideol,gender
1,3,0.614226460456848,7.0,5.0,1
2,4,0.52042031288147,5.0,5.0,1
3,4,0.267989993095398,7.0,6.0,1
4,1,0.261489987373352,1.0,4.0,1
5,3,0.293726891279221,2.0,3.85684084892273,1
6,4,0.464700013399124,5.0,3.0,0
7,3,0.673849999904633,3.0,5.0,1
8,5,0.41356372833252,4.0,2.0,1
9,2,0.600469946861267,1.0,1.0,1
10,4,0.785520017147064,2.0,3.0,1
11,3,0.367390006780624,5.0,2.0,0
12,3,0.387620002031326,7.0,4.0,0
13,5,0.394959986209869,7.356285572052,8.80829906463623,1
14,3,0.312420010566711,5.0,3.71690011024475,1
15,4,1.13774001598358,4.0,4.0,0
16,3,0.600469946861267,7.0,6.0,1
17,3,0.461620002985001,6.0,4.0,0
18,4,0.785520017147064,1.0,4.73858070373535,0
19,3,0.408399999141693,5.0,3.0,1
20,5,0.518409967422485,7.0,4.0,1
21,4,0.267989993095398,3.0,2.0,0
22,3,0.265219986438751,3.0,5.55693340301514,1
23,4,0.614226460456848,3.0,5.0,1
24,3,0.189596280455589,4.0,3.0,0
25,5,0.629591464996338,7.0,6.0,1
26,3,0.180132806301117,3.0,6.0,1
27,2,0.581430017948151,5.0,2.68427300453186,1
28,3,0.408399999141693,2.0,5.49480152130127,1
29,5,0.261489987373352,4.0,2.99466276168823,1
30,3,0.485562473535538,5.0,4.26298999786377,1
31,5,0.267989993095398,1.0,3.54553914070129,1
32,5,0.408399999141693,6.0,5.21584463119507,0
33,4,0.440597921609879,6.0,4.0,1
34,3,0.394959986209869,2.0,4.0,1
35,3,0.511519968509674,1.0,4.94037485122681,0
36,3,0.785520017147064,6.0,4.66143560409546,0
37,5,0.785520017147064,5.0,6.0,0
38,3,0.614226460456848,4.0,2.86839699745178,0
39,3,0.673849999904633,5.0,6.0,0
40,2,0.65021002292633,2.0,3.0,1
41,3,0.592509984970093,5.0,5.0,0
42,3,0.644749999046326,6.0,3.0,1
43,4,0.267989993095398,6.0,5.0,0
44,5,0.614226460456848,2.0,5.0,0
45,3,0.323260694742203,1.0,4.0,1
46,3,0.701979994773865,2.0,3.0,1
47,5,0.427269995212555,6.0,6.0,1
48,3,0.189989998936653,6.0,4.0,1
49,3,0.511519968509674,2.0,3.12584805488586,0
50,4,0.518409967422485,7.0,7.0,0
51,5,0.335929989814758,5.0,4.0,1
52,2,0.65021002292633,1.0,2.0,0
53,3,0.592509984970093,7.0,4.0,0
54,4,0.367390006780624,4.0,4.0,0
55,4,0.387620002031326,5.0,5.21476697921753,0
56,3,0.785520017147064,6.0,3.0,0
57,3,0.320780009031296,1.0,6.0,1
58,3,0.394959986209869,7.0,6.0,1
59,5,0.785520017147064,7.0,6.0,1
60,5,0.267989993095398,2.0,2.0,0
61,3,0.414970010519028,7.0,6.0,0
62,5,0.309140026569366,4.0,3.0,0
63,4,0.406390011310577,1.0,2.0,1
64,3,0.673849999904633,7.0,6.0,1
65,5,0.511519968509674,1.0,2.0,0
66,3,0.614226460456848,2.0,2.0,0
67,3,0.261489987373352,2.0,4.51805591583252,1
68,4,0.600469946861267,1.0,5.0,1
69,5,0.785520017147064,7.0,7.0,0
70,5,0.457459777593613,1.0,5.0,1
71,3,0.364969998598099,5.0,5.0,0
72,3,0.320780009031296,3.45797395706177,7.0,1
73,3,0.336679995059967,2.0,4.79878187179565,0
74,2,0.390350013971329,3.0,4.0,0
75,3,0.785520017147064,7.0,4.0,0
76,3,0.446730017662048,5.0,4.0,0
77,3,0.465169280767441,7.0,6.0,1
78,1,0.309140026569366,7.0,4.0,0
79,2,0.408399999141693,7.0,4.0,1
80,3,0.592509984970093,7.0,2.0,0
81,3,0.662460029125214,1.0,2.0,0
82,4,0.267989993095398,2.0,3.02731704711914,1
83,5,0.592509984970093,3.0,5.0,0
84,3,0.903599977493286,2.0,2.0,0
85,5,0.477019995450974,5.0,3.65700817108154,0
86,3,0.545379996299744,5.0,4.31898355484009,0
87,5,0.688880026340485,5.0,6.0,1
88,5,0.309140026569366,2.0,3.35172033309937,0
89,3,0.265219986438751,4.0,6.03836250305176,0
90,4,0.592509984970093,1.0,2.0,1
91,3,0.701979994773865,7.0,6.0,1
92,3,0.903599977493286,5.0,5.0,0
93,3,0.408600002527237,1.0,4.29859495162964,0
94,3,0.785520017147064,1.0,2.0,1
95,4,0.529449999332428,1.0,4.0,0
96,4,0.320780009031296,7.0,2.0,1
97,5,0.364969998598099,5.0,3.0,1
98,3,0.361250013113022,2.0,3.93053841590881,1
99,5,0.662460029125214,4.0,3.48522067070007,0
100,3,0.673849999904633,4.0,5.0,1
101,4,0.710443675518036,5.0,4.0,1
102,3,0.532429993152618,1.0,5.4892725944519,0
103,3,0.440597921609879,1.0,2.0,0
104,4,0.367390006780624,4.0,4.60558748245239,0
105,3,0.785520017147064,5.0,5.0,0
106,4,0.688880026340485,2.0,5.0,0
107,4,0.385200023651123,4.0,3.68585324287415,0
108,4,0.204372897744179,3.0,6.0,1
109,5,0.701979994773865,6.0,4.0,0
110,3,0.401980012655258,1.0,4.0,0
111,3,0.49544495344162,5.0,5.00046730041504,1
112,3,0.343410015106201,2.0,3.3656895160675,1
113,2,0.65021002292633,4.0,3.0,1
114,1,0.55056881904602,7.0,6.0,0
115,3,0.343410015106201,4.0,4.0,0
116,3,0.785520017147064,6.0,5.0,0
117,4,0.592509984970093,1.0,4.0,0
118,3,0.430590927600861,1.0,6.0,0
119,4,0.542017698287964,4.0,4.0,1
120,3,0.581025421619415,2.0,4.39883947372437,1
121,3,0.673849999904633,3.0,2.80041217803955,0
122,1,0.688880026340485,2.0,4.0,1
123,3,0.364969998598099,1.0,2.7570264339447,1
124,3,0.320780009031296,3.0,3.0,1
125,3,0.650611102581024,3.0,3.0,1
126,5,0.609759986400604,6.0,2.0,1
127,4,0.320780009031296,1.0,3.58573412895203,1
128,5,0.400240004062653,6.0,5.0,1
129,3,0.600469946861267,3.0,4.0,1
130,5,0.518409967422485,3.0,4.0,1
131,3,0.600469946861267,2.0,4.0,1
132,5,0.785520017147064,7.0,7.38989686965942,0
133,5,0.785520017147064,5.0,5.0,0
134,5,0.396980881690979,4.0,6.0,1
135,5,0.451964259147644,4.7080249786377,5.01299333572388,1
136,3,0.644749999046326,1.0,6.0,0
137,3,0.320780009031296,6.0,5.0,1
138,3,0.385200023651123,1.0,3.0,1
139,3,0.681391477584839,7.0,5.0,1
140,3,0.315829992294312,2.0,4.6396369934082,1
141,4,0.785520017147064,3.0,3.0,0
142,3,0.518409967422485,7.0,6.0,1
143,5,0.614226460456848,7.0,6.0,0
144,3,1.10091006755829,6.0,5.0,0
145,4,0.600469946861267,6.0,5.0,1
146,3,0.600469946861267,2.0,4.0,1
147,3,0.785520017147064,5.0,2.6894633769989,1
148,5,0.414970010519028,7.0,4.0,0
149,4,0.36285999417305,6.0,4.0,0
150,3,0.65021002292633,4.0,4.0,0
151,4,0.464899986982346,4.0,5.14198112487793,1
152,5,0.785520017147064,5.0,4.0,1
153,3,0.785520017147064,2.0,2.0,0
154,3,0.785520017147064,1.0,3.0,1
155,4,0.785520017147064,7.0,5.0,0
156,3,0.600469946861267,5.0,7.12258005142212,0
157,5,0.511519968509674,4.0,2.42284321784973,0
158,5,0.890035092830658,5.0,4.0,0
159,4,0.673849999904633,5.0,6.0,0
160,3,0.785520017147064,6.0,5.0,0
161,4,0.673849999904633,6.0,5.0,0
162,3,0.614226460456848,6.0,6.0,0
163,3,0.839463651180267,7.0,6.0,0
164,2,0.793409943580627,5.0,6.0,0
165,3,0.701979994773865,2.0,5.0,0
166,5,0.320780009031296,1.0,3.01569008827209,1
167,3,0.487359970808029,3.0,3.0,0
168,4,0.394959986209869,4.0,5.0,1
169,5,0.529449999332428,3.0,5.36817073822021,0
170,4,0.320780009031296,1.0,4.0,1
171,5,0.785520017147064,2.0,6.0,0
172,3,0.609759986400604,2.0,4.0,1
173,3,0.614226460456848,3.0,2.0,0
174,4,0.267989993095398,1.0,3.0,1
175,4,0.394959986209869,4.0,4.0,1
176,5,0.785520017147064,3.0,4.0,0
177,3,0.614226460456848,5.0,6.0,0
178,3,0.65021002292633,7.0,6.0,0
179,5,0.343410015106201,4.0,3.68875908851624,1
180,3,0.8400399684906,6.0,4.0,0
181,5,0.267989993095398,7.0,5.0,1
182,3,0.267989993095398,1.0,4.0,1
183,5,0.407490909099579,1.0,3.99763298034668,1
184,5,0.65021002292633,5.0,6.0,1
185,4,0.312420010566711,2.0,3.0,1
186,4,0.511519968509674,3.0,5.0,0
187,2,0.785520017147064,7.0,5.0,0
188,2,0.462186902761459,2.0,4.0,1
189,2,0.487359970808029,5.0,3.0,0
190,5,0.614226460456848,6.0,3.0,1
191,1,0.471772909164429,7.0,6.0,1
192,5,0.265219986438751,5.0,4.0,1
193,3,0.343410015106201,2.0,2.51354932785034,1
194,1,0.320780009031296,3.0,1.0,0
195,3,0.785520017147064,6.0,4.0,0
196,3,0.793409943580627,2.0,5.0,0
197,4,0.468584030866623,5.0,4.0501561164856,1
198,4,0.903599977493286,7.0,4.0,1
199,3,0.414970010519028,7.0,7.0,0
200,5,0.407070010900497,1.0,5.07580900192261,1
201,3,0.8400399684906,5.0,6.0,0
202,3,0.673849999904633,1.0,5.0,0
203,3,0.529449999332428,5.0,4.0,1
204,4,0.267989993095398,3.0,4.24837017059326,1
205,5,0.785520017147064,6.0,5.85771083831787,0
206,3,0.785520017147064,7.0,6.0,0
207,3,0.688880026340485,5.0,4.0,1
208,4,0.390350013971329,3.0,7.0,0
209,3,0.381099998950958,4.0,3.34142708778381,0
210,3,0.461620002985001,1.0,4.0,0
211,4,0.394959986209869,3.0,4.0,1
212,4,0.65021002292633,7.0,6.0,0
213,1,0.673849999904633,7.0,6.0,1
214,3,0.565375506877899,5.0,5.0,1
215,3,0.581430017948151,3.0,3.01074075698853,0
216,5,0.511519968509674,3.0,2.0,0
217,3,0.617313802242279,6.0,5.41746282577515,0
218,3,0.343410015106201,3.0,6.72711610794067,1
219,3,0.785520017147064,2.0,7.0,1
220,4,0.461620002985001,5.0,6.0,0
221,5,0.698559999465942,2.0,7.0,0
222,5,0.401980012655258,2.0,2.63531923294067,1
223,5,0.785520017147064,3.0,4.0,0
224,4,0.387620002031326,2.0,4.83553981781006,1
225,4,0.400240004062653,2.0,4.54516506195068,1
226,5,0.267989993095398,1.0,2.41850852966309,1
227,5,0.335929989814758,4.0,3.26446843147278,0
228,1,0.520840048789978,6.0,4.0,0
229,2,0.600469946861267,4.0,4.0,0
230,3,0.673849999904633,1.0,2.0,0
231,3,0.394959986209869,3.0,2.0,1
232,5,0.394959986209869,6.0,6.0,1
233,3,0.401980012655258,3.0,5.0,1
234,3,0.673849999904633,1.0,5.0,1
235,3,0.614226460456848,3.0,1.0,0
236,4,0.457309991121292,3.0,4.0,0
237,4,0.394959986209869,7.0,5.0,1
238,5,0.600469946861267,2.0,4.0,1
239,3,0.407070010900497,2.0,4.0,1
240,4,0.701979994773865,7.0,4.0,1
241,3,0.903599977493286,4.0,5.0,0
242,3,0.315829992294312,6.0,5.89375066757202,0
243,5,0.387620002031326,1.0,2.0,1
244,5,0.614226460456848,1.0,6.0,0
245,4,0.315829992294312,4.0,4.0,0
246,3,0.312420010566711,5.0,3.72526121139526,1
247,4,0.600469946861267,4.0,3.0,1
248,4,0.343410015106201,2.0,4.67717504501343,0
249,4,0.367390006780624,4.7210750579834,3.05435419082642,0
250,4,0.440597921609879,2.0,4.0,0
251,5,0.343410015106201,3.0,4.0,1
252,2,0.400240004062653,1.0,4.0,1
253,2,0.320780009031296,7.0,5.0,1
254,3,0.414970010519028,5.0,5.0,0
255,5,0.903599977493286,7.0,5.0,0
256,4,0.600469946861267,6.0,3.0,1
257,5,0.903599977493286,5.0,5.0,0
258,3,0.609759986400604,5.0,3.0,1
259,3,0.394959986209869,6.0,5.21190118789673,1
260,4,0.452273100614548,6.0,5.0,0
261,3,0.401980012655258,3.0,3.20107960700989,0
262,5,0.272218763828278,2.0,6.0,1
263,4,0.688880026340485,2.0,2.0,1
264,2,0.592509984970093,4.0,6.0,0
265,4,0.464700013399124,1.0,2.0,1
266,4,0.688880026340485,7.0,4.0,1
267,3,0.408399999141693,2.0,5.0,0
268,3,1.10091006755829,6.0,5.0,0
269,5,0.614226460456848,7.0,6.0,0
270,3,0.267989993095398,4.0,4.17036819458008,1
271,5,0.408399999141693,1.0,2.54194569587708,1
272,5,0.408399999141693,3.0,5.5727334022522,1
273,5,0.477019995450974,2.0,2.35663938522339,0
274,3,0.487359970808029,4.0,3.0,0
275,3,0.343410015106201,3.0,6.0,1
276,3,0.65021002292633,3.0,2.0,1
277,4,0.211364239454269,2.0,2.72187471389771,1
278,3,0.446730017662048,3.0,2.0,0
279,5,0.600469946861267,5.0,6.0,1
280,5,0.267989993095398,5.55491828918457,2.45156359672546,0
281,3,0.600469946861267,2.0,3.0,1
282,3,0.27880671620369,1.0,3.71853733062744,1
283,5,0.518409967422485,7.0,5.0,0
284,4,0.36285999417305,5.0,5.8849687576294,0
285,5,0.414970010519028,4.0,4.07714128494263,0
286,5,0.400240004062653,5.0,4.54190111160278,1
287,3,0.785520017147064,5.0,6.86090803146362,1
288,3,0.777340054512024,7.0,7.0,0
289,4,0.600469946861267,2.0,4.0,1
290,5,0.785520017147064,7.0,6.0,0
291,4,0.614226460456848,2.0,2.89172720909119,1
292,5,0.401980012655258,2.0,4.09944105148315,0
293,3,0.309140026569366,7.0,6.20248079299927,1
294,4,0.477019995450974,2.0,4.3137731552124,0
295,3,0.394959986209869,1.0,1.0,1
296,5,0.381099998950958,2.0,4.0,1
297,4,0.180373102426529,1.0,7.0,1
298,5,0.446730017662048,4.0,3.0,1
299,2,0.785520017147064,6.0,4.0,1
300,4,0.343410015106201,4.0,2.0,1
301,5,0.427269995212555,2.0,7.0,0
302,4,0.688880026340485,2.0,4.0,1
303,3,0.785520017147064,6.0,5.0,1
304,4,0.511519968509674,2.0,5.0,0
305,4,0.440597921609879,1.0,4.21726179122925,0
306,4,0.785520017147064,3.0,3.0,0
307,3,0.427269995212555,1.0,4.34571361541748,0
308,4,0.407070010900497,3.0,2.0,1
309,3,0.343410015106201,4.0,4.0,0
310,4,0.267989993095398,2.0,4.0,0
311,3,0.267989993095398,1.0,6.90726089477539,1
312,4,0.394959986209869,3.0,6.82599544525146,1
313,3,0.343410015106201,6.0,4.0,1
314,4,0.343410015106201,2.0,4.0,0
315,5,0.592509984970093,2.0,4.0,0
316,3,0.3887699842453,7.0,4.55247211456299,0
317,5,0.526378929615021,7.0,6.0,0
318,4,0.461620002985001,1.0,4.15239191055298,0
319,1,0.394959986209869,4.0,4.0,1
320,5,0.614226460456848,5.0,4.0,1
321,5,0.673849999904633,6.0,4.0,1
322,3,0.673849999904633,7.0,6.0,0
323,3,0.785520017147064,7.0,6.0,0
324,3,0.394959986209869,3.0,5.24618625640869,1
325,5,0.41154021024704,3.0,6.47373723983765,1
326,3,0.343410015106201,6.0,6.0,1
327,4,0.1739292293787,6.0,2.0,1
328,4,0.592509984970093,1.0,3.62598752975464,0
329,3,0.487359970808029,2.0,2.0,0
330,1,0.396765857934952,4.0,1.0,1
331,3,0.614226460456848,3.0,2.0,1
332,5,0.267989993095398,3.0,4.0,1
333,4,0.142731413245201,6.0,5.0,0
334,3,0.61138528585434,2.0,4.0,1
335,3,0.464899986982346,6.0,6.0,1
336,4,0.320780009031296,7.0,6.0,1
337,3,0.529449999332428,1.0,3.0,0
338,2,0.600469946861267,7.0,6.0,1
339,4,0.414970010519028,7.0,6.0,0
340,5,0.387620002031326,5.0,6.0,1
341,3,0.62365996837616,1.0,2.7390923500061,0
342,3,0.785520017147064,4.0,5.50589942932129,0
343,3,0.673849999904633,5.0,5.56525039672852,1
344,3,0.267989993095398,4.0,3.04591751098633,1
345,3,0.461620002985001,1.0,1.0,0
346,5,0.6496941447258,7.0,6.0,1
347,3,0.701979994773865,6.0,5.0,0
348,5,0.600469946861267,4.0,4.43835067749023,1
349,3,0.267989993095398,1.0,6.0,1
350,5,0.364969998598099,5.0,3.0,1
351,4,0.343410015106201,1.0,4.0,1
352,5,0.387620002031326,6.0,1.43906772136688,1
353,3,0.520840048789978,4.0,3.64994931221008,0
354,4,0.614226460456848,3.0,3.0,0
355,5,0.400240004062653,7.0,6.0,0
356,3,0.785520017147064,6.0,6.0,0
357,5,0.65021002292633,1.0,4.0,1
358,5,0.903599977493286,3.0,4.0,0
359,3,0.400240004062653,6.0,4.0,1
360,4,0.41330561041832,5.0,4.76050281524658,1
361,2,0.364969998598099,2.0,6.75772285461426,1
362,5,0.464700013399124,3.0,2.0,1
363,3,0.903599977493286,5.0,3.0,1
364,4,0.315829992294312,1.0,4.20960569381714,1
365,4,0.511519968509674,5.0,6.78868436813354,0
366,2,0.58251029253006,6.0,4.0,1
367,4,0.315829992294312,3.0,3.0,1
368,3,0.400240004062653,6.0,4.0,1
369,5,0.407070010900497,3.0,4.0,1
370,4,0.335929989814758,2.0,1.0,0
371,4,0.371375799179077,4.0,4.0,1
372,4,0.527068853378296,3.0,4.03321504592896,1
373,4,0.320780009031296,5.0,2.46233367919922,1
374,3,0.600469946861267,2.0,4.0,1
375,3,0.446730017662048,1.0,4.0,0
376,5,0.343410015106201,2.0,3.17290878295898,1
377,2,1.13774001598358,1.0,1.0,0
378,3,0.518409967422485,1.0,4.0,0
379,5,0.8400399684906,7.0,7.0,0
380,1,0.408399999141693,3.0,2.0,1
381,5,0.643181383609772,2.0,6.30629348754883,1
382,3,0.785520017147064,5.0,4.42096900939941,0
383,5,0.545379996299744,4.0,4.0,0
384,3,0.309140026569366,3.0,4.0,0
385,3,0.400240004062653,5.0,4.0,1
386,3,0.315829992294312,3.69165253639221,4.80641746520996,0
387,4,0.903599977493286,5.0,5.0,0
388,3,0.189989998936653,4.0,6.40856122970581,1
389,2,0.367390006780624,4.0,4.0,0
390,5,0.315829992294312,7.0,6.0,0
391,5,0.267989993095398,2.0,1.0,1
392,3,0.390350013971329,4.0,3.0,0
393,5,0.440597921609879,5.0,7.0,0
394,2,0.343410015106201,1.0,2.0,1
395,3,0.785520017147064,2.0,3.0,1
396,3,0.685288667678833,2.0,3.35542154312134,1
397,3,0.65021002292633,7.0,4.10428094863892,1
398,3,0.315829992294312,1.0,3.0,1
399,3,0.673849999904633,4.0,6.0,0
400,5,0.315829992294312,3.0,2.0,0
401,2,0.261489987373352,2.0,5.0,1
402,3,0.447089612483978,5.0,5.0,1
403,3,0.267989993095398,4.0,3.7326774597168,1
404,3,0.493885338306427,6.0,5.0,0
405,3,0.394959986209869,6.0,3.18462514877319,1
406,4,0.614226460456848,4.0,4.0,0
407,1,0.461620002985001,5.0,5.0,0
408,1,0.903599977493286,6.0,5.0,0
409,4,0.461620002985001,1.0,1.0,0
410,5,0.777340054512024,5.0,5.0,0
411,3,0.903599977493286,5.0,5.0,0
412,4,0.265219986438751,3.0,2.8701446056366,0
413,3,0.267989993095398,7.0,4.0,1
414,4,0.777340054512024,3.0,3.0,0
415,3,0.644749999046326,2.0,2.0,0
416,3,0.614226460456848,7.0,6.0,1
417,4,0.785520017147064,7.0,6.0,0
418,1,0.320780009031296,1.0,4.0,1
419,5,0.487359970808029,2.0,5.07601356506348,0
420,3,0.75151002407074,1.0,3.29937791824341,0
421,5,0.372126996517181,3.0,5.39073371887207,1
422,3,0.545379996299744,5.0,6.0,0
423,3,0.644749999046326,7.0,5.0,1
424,3,0.544050991535187,1.0,2.0,1
425,5,0.688880026340485,6.0,3.0,0
426,4,0.644749999046326,3.0,3.0,0
427,3,0.785520017147064,3.0,2.0,1
428,4,0.414970010519028,1.0,6.0,0
429,3,0.401980012655258,4.0,5.1946005821228,1
430,4,0.460319727659225,2.0,4.93981552124023,1
431,3,0.8400399684906,1.0,3.0,1
432,3,0.676904559135437,6.0,6.0,1
433,3,0.394959986209869,5.0,5.04891633987427,1
434,3,0.092977024614811,3.0,2.47591686248779,1
435,4,0.609759986400604,3.0,3.0,0
436,3,0.511519968509674,3.0,4.0,0
437,3,0.367390006780624,2.0,3.0,1
438,3,0.8400399684906,4.0,3.0,0
439,4,0.497279137372971,3.0,2.0,1
440,3,0.320780009031296,1.0,4.93981838226318,1
441,5,0.592509984970093,6.0,5.0,1
442,3,0.592509984970093,6.0,5.0,0
443,3,0.644749999046326,2.0,2.0,1
444,2,0.903599977493286,5.0,5.0,0
445,2,0.701979994773865,5.0,5.0,0
446,4,0.461620002985001,4.0,4.0,0
447,4,0.487359970808029,5.0,6.0,0
448,4,0.673849999904633,2.0,3.0,1
449,2,0.614226460456848,4.0,4.0,0
450,3,0.36285999417305,4.0,4.0,0
451,3,0.793976068496704,4.0,4.0,1
452,3,0.581430017948151,4.0,4.0,0
453,5,0.343410015106201,2.0,2.11977791786194,1
454,3,0.609759986400604,5.0,6.0,1
455,4,0.600469946861267,2.0,5.0,1
456,2,0.343410015106201,3.0,3.0,1
457,5,0.408399999141693,5.0,4.0,1
458,3,0.511519968509674,3.0,5.48126029968262,0
459,5,0.189989998936653,3.0,5.0,1
460,5,0.614226460456848,4.0,4.73733377456665,1
461,3,0.688880026340485,6.0,4.0,1
462,5,0.315829992294312,1.0,3.12916326522827,1
463,3,0.785520017147064,4.0,4.0,0
464,3,0.408600002527237,1.0,3.88287591934204,1
465,3,0.267989993095398,5.0,3.0,1
466,4,0.506469905376434,7.0,3.0,0
467,4,0.511519968509674,4.0,7.45144271850586,0
468,5,0.335929989814758,2.0,3.94258117675781,0
469,5,0.401980012655258,1.0,2.0,1
470,4,0.688880026340485,1.0,3.91909551620483,1
471,1,0.189989998936653,1.0,3.19832324981689,1
472,1,0.84213000535965,2.0,1.0,0
473,3,0.775127112865448,6.0,5.0,1
474,4,0.267989993095398,2.0,1.34307181835175,1
475,4,0.369334489107132,4.0,4.51852035522461,1
476,4,0.394959986209869,6.0,6.0,1
477,5,0.511519968509674,2.0,5.0,0
478,5,0.459442228078842,7.0,4.0,1
479,5,0.614226460456848,5.0,7.0,0
480,1,0.343410015106201,2.0,4.0,0
481,3,0.785520017147064,4.0,4.0,1
482,4,0.343410015106201,4.0,5.0,1
483,4,0.440597921609879,4.0,4.94336175918579,0
484,3,0.315829992294312,2.0,2.0,0
485,5,0.532429993152618,4.0,4.0,0
486,3,0.320780009031296,3.0,3.10035252571106,1
487,1,0.336679995059967,6.0,5.0,0
488,4,0.394959986209869,7.0,3.0,1
489,4,0.390350013971329,4.0,7.91139268875122,0
490,1,0.793409943580627,3.0,4.0,0
491,3,0.673849999904633,5.0,4.0,0
492,5,0.400240004062653,4.0,4.0,0
493,5,0.614226460456848,6.0,5.0,0
494,5,0.532429993152618,5.0,6.0,1
495,4,0.408399999141693,2.0,6.15267562866211,0
496,3,0.343410015106201,5.0,6.8398060798645,0
497,1,0.644749999046326,6.0,6.0,0
498,3,0.8400399684906,4.0,3.78407573699951,1
499,3,0.751419484615326,5.0,4.0,1
500,3,0.384420484304428,2.0,7.0,1
501,3,0.464700013399124,5.0,4.0,1
502,3,0.581430017948151,5.0,5.0,0
503,3,0.312420010566711,3.0,2.4873058795929,1
504,3,0.320780009031296,1.0,2.98260569572449,1
505,2,0.408600002527237,1.0,4.45484209060669,1
506,4,0.267989993095398,4.0,5.0,1
507,5,0.267989993095398,2.0,4.79474592208862,1
508,3,0.785520017147064,3.0,2.0,0
509,2,0.427269995212555,2.0,6.0,0
510,5,0.408399999141693,5.96249866485596,3.0,0
511,3,0.394959986209869,3.0,4.0,1
512,5,0.267989993095398,6.0,4.0,0
513,3,0.614226460456848,7.0,5.0,0
514,5,0.518409967422485,5.0,7.0,0
515,3,0.84213000535965,3.0,2.0,1
516,4,0.312420010566711,1.0,4.0,1
517,5,0.312420010566711,2.0,4.0,1
518,3,0.394959986209869,2.0,4.0,1
519,4,0.609759986400604,5.0,4.0,1
520,5,0.468820005655289,3.35987615585327,4.0,1
521,4,0.385200023651123,3.0,4.0,0
522,3,1.13774001598358,2.0,3.0,0
523,3,0.532429993152618,7.0,6.0,0
524,3,0.614226460456848,2.0,4.0,0
525,5,0.644749999046326,3.0,4.0,1
526,4,0.320780009031296,2.0,2.97811388969421,1
527,5,0.609759986400604,2.0,3.34074807167053,1
528,4,0.343410015106201,3.0,5.0,0
529,4,0.662460029125214,4.0,3.0,0
530,5,0.600469946861267,3.0,4.0,1
531,2,0.320780009031296,1.0,2.0,0
532,2,0.312420010566711,3.0,4.0,0
533,4,0.62365996837616,1.0,4.0,0
534,5,0.600469946861267,3.89226531982422,4.0,1
535,3,0.614226460456848,5.0,4.0,0
536,3,0.213291868567467,5.0,3.29054570198059,1
537,3,0.189989998936653,2.0,6.0,1
538,3,0.408600002527237,1.0,3.0,1
539,3,0.401980012655258,5.0,5.22099161148071,1
540,3,0.261489987373352,5.0,6.0,1
541,5,0.511519968509674,2.0,4.53026056289673,0
542,4,0.407070010900497,3.0,4.0,1
543,3,0.432395935058594,6.0,3.56811571121216,1
544,5,0.532429993152618,6.0,6.0,1
545,3,0.461620002985001,5.0,6.12032270431519,0
546,5,0.467766851186752,4.0,5.0,1
547,1,0.286135196685791,2.0,4.80491352081299,0
548,3,0.335929989814758,5.0,4.0,0
549,4,0.343410015106201,2.0,2.0,1
550,4,0.614226460456848,1.0,2.0,0
551,2,0.614226460456848,1.0,2.0,0
552,3,0.8400399684906,7.0,6.0,0
553,4,0.487359970808029,2.0,3.0,0
554,4,0.532429993152618,7.0,4.0,1
555,4,0.464899986982346,2.0,3.91823506355286,0
556,4,0.408600002527237,3.0,4.0,0
557,5,0.401980012655258,5.0,5.0,0
558,4,0.701979994773865,3.0,1.88404095172882,0
559,3,0.387620002031326,5.0,7.0,1
560,3,0.312420010566711,2.0,6.0,1
561,3,0.312420010566711,5.0,4.0,1
562,5,0.600469946861267,7.0,2.0,0
563,5,0.532429993152618,7.0,6.0,0
564,3,0.408399999141693,1.0,3.0,0
565,4,0.511519968509674,1.0,7.0,0
566,3,0.662460029125214,6.0,4.0,0
567,5,0.364969998598099,6.0,7.56294631958008,1
568,3,0.343410015106201,5.0,5.72399997711182,0
569,1,0.591658115386963,3.0,2.0,1
570,3,0.511519968509674,4.0,3.36023473739624,0
571,4,0.673849999904633,4.0,4.27091836929321,1
572,4,0.315829992294312,7.0,4.0,0
573,3,0.427269995212555,7.0,2.0,0
574,4,0.343410015106201,2.0,5.0,1
575,3,0.408399999141693,3.0,5.0,1
576,3,0.315829992294312,3.0,4.0,1
577,5,0.134845852851868,6.0,6.0,1
578,3,0.401980012655258,4.0,5.0,0
579,5,0.408399999141693,4.0,4.0,1
580,5,0.401980012655258,1.0,5.87960338592529,1
581,4,0.564667999744415,3.0,4.0,0
582,5,0.405489325523376,6.0,5.0,1
583,5,0.315829992294312,4.0,4.0,0
584,5,0.394959986209869,5.0,6.0,1
585,3,0.461620002985001,6.0,5.0,0
586,4,0.189989998936653,2.0,2.03231835365295,1
587,4,0.325215935707092,1.0,2.0,1
588,5,0.181098088622093,1.0,4.0,1
589,3,0.673849999904633,5.0,5.0,1
590,4,0.511519968509674,4.0,5.71670341491699,0
591,3,0.387620002031326,6.0,5.0,0
592,3,0.592509984970093,2.0,4.0,0
593,3,0.267989993095398,4.0,4.0,1
594,4,0.785520017147064,6.0,6.0,0
595,3,0.36285999417305,2.0,1.29461205005646,1
596,5,0.408399999141693,5.0,6.0,0
597,4,0.267989993095398,6.0,7.0,1
598,1,0.495751887559891,5.0,4.0,1
599,5,0.614226460456848,6.0,5.0,1
600,5,0.401980012655258,3.0,6.66666126251221,1
601,3,0.903599977493286,6.0,4.0,0
602,4,0.407070010900497,3.0,6.0,1
603,2,0.457309991121292,6.0,6.0578408241272,0
604,2,0.644749999046326,5.0,4.0,0
605,4,0.62365996837616,7.0,6.0,0
606,4,0.267989993095398,2.0,7.0,1
607,3,0.414970010519028,5.0,2.0,0
608,4,0.268844813108444,6.0,5.0,0
609,3,0.609759986400604,7.0,6.08574104309082,1
610,3,0.785520017147064,1.0,4.0,1
611,4,0.903599977493286,6.0,3.0,0
612,1,0.609759986400604,3.0,6.0,1
613,5,0.62365996837616,2.0,4.0,0
614,3,0.400347054004669,3.34627962112427,3.90754866600037,1
615,3,0.400240004062653,1.0,2.0,1
616,4,0.614226460456848,7.0,6.0,1
617,5,0.614226460456848,2.0,4.0,0
618,3,0.518409967422485,1.0,4.0,0
619,1,0.785520017147064,5.0,4.0,0
620,5,0.614226460456848,6.0,3.0,1
621,4,0.427269995212555,3.0,1.48555016517639,0
622,3,0.399871021509171,5.0,4.0,1
623,5,0.267989993095398,4.0,4.0,0
624,3,0.903599977493286,4.0,4.0,0
625,5,0.688880026340485,6.0,4.0,1
626,5,0.312420010566711,6.0,4.0,1
627,3,0.532429993152618,1.0,5.0,0
628,5,0.673849999904633,6.0,4.0,1
629,3,0.309140026569366,4.0,3.71477031707764,0
630,3,0.785520017147064,6.0,5.0,1
631,4,0.600469946861267,5.0,7.0,1
632,5,0.267113596200943,1.0,4.0,1
633,4,0.487359970808029,5.0,4.08207750320435,0
634,4,0.599813222885132,5.0,3.0,0
635,4,0.785520017147064,6.0,7.0,0
636,1,0.644749999046326,3.0,2.0,0
637,1,0.309140026569366,5.0,5.0,0
638,4,0.673849999904633,3.0,2.0,0
639,5,0.532429993152618,2.0,3.98792004585266,0
640,5,0.315829992294312,1.0,3.63926696777344,1
641,3,0.440597921609879,4.0,7.0,0
642,3,0.343410015106201,5.0,6.0,1
643,3,0.320780009031296,2.0,4.92735052108765,1
644,5,0.364969998598099,1.0,6.0,1
645,5,0.446766138076782,2.0,1.0,1
646,4,0.568937540054321,5.0,5.0,1
647,3,0.464700013399124,5.0,6.04991960525513,1
648,5,0.487359970808029,7.0,5.19723510742188,0
649,3,0.461620002985001,7.0,4.0,0
650,5,0.315829992294312,1.0,7.0,0
651,2,0.84213000535965,3.0,1.0,1
652,3,0.160742625594139,3.0,2.9752037525177,1
653,3,0.600469946861267,6.0,4.0,1
654,3,0.487359970808029,4.0,5.0,0
655,3,0.487359970808029,1.0,4.0,0
656,3,0.785520017147064,6.0,4.0,0
657,4,0.343410015106201,3.0,4.0,1
658,5,0.457367271184921,6.0,6.0,1
659,3,0.387620002031326,4.0,4.29907894134521,1
660,5,0.614226460456848,6.0,5.0,1
661,4,0.343410015106201,2.0,3.0,0
662,5,0.315829992294312,2.0,4.0,0
663,5,0.785520017147064,7.0,5.0,0
664,3,0.532429993152618,6.0,4.0,1
665,1,0.755650818347931,7.0,6.0,1
666,3,0.903599977493286,2.0,3.0,0
667,3,0.343410015106201,5.0,6.0,0
668,3,0.261489987373352,3.0,4.78437662124634,1
669,3,0.688880026340485,5.0,3.0,1
670,4,0.400240004062653,5.0,4.86872673034668,1
671,3,0.65021002292633,2.0,3.0,1
672,2,0.238656029105186,4.0,3.11599612236023,1
673,3,0.395623981952667,1.0,3.0,1
674,3,0.785520017147064,3.0,2.0,1
675,3,0.401980012655258,4.0,4.0,0
676,5,0.390350013971329,2.0,6.0,0
677,3,0.459952682256699,6.0,4.7072582244873,1
678,3,0.785520017147064,6.0,6.0,0
679,3,0.84213000535965,2.0,3.0,1
680,1,0.320780009031296,1.0,4.0,1
681,4,0.589059352874756,2.0,3.0,0
682,3,0.785520017147064,3.0,3.0,0
683,3,0.461620002985001,1.0,2.59445190429688,1
684,3,0.511519968509674,7.0,7.0,0
685,3,0.36285999417305,3.0,5.0,1
686,4,0.793409943580627,2.0,2.0,1
687,3,0.477019995450974,1.0,4.0,0
688,3,0.614226460456848,5.0,5.0,0
689,3,0.381099998950958,4.0893177986145,3.0617368221283,1
690,4,0.367390006780624,2.0,4.0,0
691,2,0.644749999046326,2.0,4.0,0
692,3,0.600469946861267,5.0,6.0,0
693,3,0.408399999141693,4.0,4.0,1
694,3,0.600469946861267,2.0,4.0,1
695,5,0.614226460456848,4.0,4.0,0
696,5,0.614226460456848,6.0,4.21671676635742,0
697,4,0.620252370834351,5.0,4.0,1
698,5,0.621659755706787,6.0,4.0,1
699,4,0.564404964447021,1.0,4.23497724533081,1
700,4,0.267989993095398,2.0,3.14639163017273,1
701,2,0.394959986209869,2.0,3.0,1
702,2,0.407070010900497,5.0,3.59218454360962,1
703,3,0.394959986209869,5.0,3.0,1
704,3,0.394959986209869,3.0,3.0,1
705,4,0.785520017147064,6.0,6.0,0
706,5,0.487359970808029,7.0,3.0,0
707,5,0.619348108768463,3.0,4.0,1
708,5,0.401980012655258,1.0,1.0,0
709,3,0.343410015106201,5.0,3.0,1
710,4,0.8400399684906,3.0,4.0,0
711,4,0.785520017147064,2.0,4.0,0
712,5,0.592509984970093,4.0,6.0,0
713,4,0.632363557815552,6.0,4.0,1
714,5,0.785520017147064,6.0,4.0,0
715,5,0.394959986209869,2.0,4.0,1
716,3,0.84213000535965,3.0,3.0,0
717,3,0.394959986209869,1.37770891189575,4.5156774520874,1
718,4,0.707917809486389,7.0,5.0,1
719,5,0.641527771949768,6.0,6.21179819107056,1
720,3,0.312420010566711,2.0,5.0,1
721,3,0.257237493991852,3.0,3.56070160865784,1
722,4,0.446730017662048,2.0,4.0,0
723,3,0.581430017948151,2.0,3.0,0
724,3,0.609759986400604,1.0,2.0,1
725,4,0.394959986209869,2.0,4.51523160934448,1
726,3,0.688880026340485,4.0,4.0,1
727,5,0.511519968509674,1.0,6.0,0
728,3,0.688880026340485,1.0,2.0,0
729,5,0.644749999046326,4.0,3.0,0
730,5,0.592509984970093,4.0,4.0,0
731,5,0.320780009031296,2.0,3.56458950042725,1
732,2,0.785520017147064,6.0,6.0,0
733,4,0.600469946861267,5.0,3.0,1
734,5,0.511519968509674,6.0,6.0,0
735,3,0.903599977493286,6.0,5.0,0
736,3,0.785520017147064,1.0,2.0,1
737,3,0.532429993152618,3.0,1.0,0
738,3,0.65021002292633,4.0,4.0,1
739,5,0.614226460456848,2.0,3.0,1
740,5,0.511519968509674,1.0,7.0,0
741,1,0.397688120603561,5.0,4.81430816650391,1
742,4,0.440597921609879,3.0,5.48787927627563,0
743,3,0.267989993095398,6.0,4.0,1
744,3,0.785520017147064,2.0,4.0,1
745,5,0.649206459522247,2.0,4.0,1
746,3,1.13774001598358,3.0,4.0,0
747,3,0.320780009031296,6.0,4.9573278427124,1
748,5,0.532429993152618,1.0,4.0,1
749,5,0.600469946861267,5.0,6.0,1
750,1,0.785520017147064,5.0,5.0,0
751,3,0.785520017147064,5.0,5.0,1
752,3,0.588327407836914,3.0,3.17158055305481,1
753,3,0.688880026340485,6.0,5.0,0
754,2,0.400240004062653,2.0,4.0,1
755,2,0.688880026340485,5.0,5.0,1
756,5,0.673849999904633,6.0,5.0,1
757,3,0.407070010900497,7.0,5.0,1
758,3,0.785520017147064,5.0,6.0,1
759,4,1.10091006755829,6.0,5.0,0
760,4,0.401980012655258,7.0,2.0,0
761,5,0.600469946861267,6.0,5.0,0
762,3,0.614226460456848,2.0,5.0,0
763,3,0.343410015106201,1.0,3.0,1
764,3,0.531306326389313,1.0,2.0,1
765,5,0.785520017147064,7.0,5.0,1
766,5,0.609759986400604,5.0,4.0,1
767,2,0.65021002292633,3.0,2.0,0
768,2,1.13774001598358,1.0,2.0,0
769,3,0.407070010900497,4.0,5.12120628356934,1
770,4,0.3887699842453,2.0,4.0,0
771,4,0.65021002292633,5.0,6.0,0
772,4,0.903599977493286,4.0,4.0,0
773,3,0.406390011310577,2.0,5.64340448379517,1
774,3,0.357305914163589,1.0,2.0,1
775,2,0.609759986400604,2.0,2.0,1
776,5,0.592509984970093,7.0,6.07473564147949,0
777,3,0.688880026340485,3.0,5.0,1
778,5,0.701979994773865,5.0,5.0,0
779,2,1.10091006755829,1.0,1.0,1
780,3,0.408600002527237,2.0,7.37479066848755,1
781,4,0.414970010519028,5.0,6.0,0
782,4,0.364969998598099,6.0,4.0,1
783,4,0.673849999904633,4.0,4.0,1
784,4,0.267989993095398,1.0,5.0,1
785,5,0.477019995450974,6.0,2.0,0
786,4,0.309140026569366,5.0,5.0,0
787,3,0.394959986209869,2.0,2.0,1
788,4,0.592509984970093,1.0,4.68901872634888,0
789,3,0.785520017147064,2.0,3.61582851409912,0
790,4,0.785520017147064,6.0,3.0,1
791,5,0.0783944204449654,1.0,2.49600338935852,1
792,3,0.644749999046326,1.0,4.0,1
793,3,0.785520017147064,4.0,4.0,0
794,2,0.320780009031296,7.0,6.0,1
795,3,0.497132688760757,2.0,4.0,1
796,5,0.407070010900497,1.0,5.0,1
797,1,0.600469946861267,1.0,4.0,1
798,4,0.600469946861267,6.0,4.0,1
799,3,0.407070010900497,4.0,4.0,1
800,2,0.688880026340485,5.0,5.0,1
801,5,0.320780009031296,1.0,6.0,1
802,4,0.448887944221497,6.0,5.0,1
803,5,0.785520017147064,1.0,4.0,0
804,5,0.62365996837616,5.0,4.0,0
805,3,0.320780009031296,5.0,2.98157262802124,1
806,5,0.340220004320145,7.0,4.0,1
807,3,0.785520017147064,1.0,2.0,0
808,1,0.532429993152618,7.0,4.0,0
809,3,0.614226460456848,2.0,2.0,1
810,2,0.261489987373352,3.0,3.59270691871643,1
811,3,0.532429993152618,1.0,2.0,0
812,3,0.400240004062653,5.0,4.0,1
813,5,0.785520017147064,7.0,5.0,0
814,2,0.320780009031296,1.0,2.0,0
815,3,0.111615337431431,4.0,4.0,1
816,4,0.267989993095398,1.0,3.0,1
817,3,0.386619985103607,5.0,4.0,0
818,3,0.427269995212555,6.0,5.0,1
819,3,0.270541071891785,6.0,3.83716773986816,1
820,4,0.394959986209869,5.0,4.0,1
821,3,0.644749999046326,7.0,6.0,1
822,4,0.408399999141693,2.0,4.0,0
823,4,0.461620002985001,5.0,4.0,0
824,3,0.785520017147064,7.0,6.50771999359131,0
825,1,0.50227028131485,1.0,5.0,1
826,3,0.375917762517929,3.0,4.0,1
827,4,0.532429993152618,1.0,3.29900121688843,0
828,4,0.785520017147064,4.0,5.0,0
829,5,0.609759986400604,7.0,5.0,0
830,3,0.785520017147064,7.0,5.0,0
831,5,0.305071383714676,6.0,4.0,1
832,3,0.84213000535965,2.0,1.0,1
833,4,0.581430017948151,2.0,3.99344444274902,1
834,5,0.408600002527237,2.0,1.0,1
835,3,0.394959986209869,3.0,4.59806299209595,1
836,4,0.238355457782745,7.0,6.0,1
837,4,0.312420010566711,3.0,3.92018389701843,1
838,3,0.461620002985001,2.0,2.31118154525757,0
839,4,0.673849999904633,4.0,2.0,1
840,5,0.309140026569366,7.0,5.0,0
841,5,0.390350013971329,1.0,6.0,0
842,4,0.785520017147064,7.0,4.0,0
843,3,0.427269995212555,7.0,5.0,1
844,3,0.673849999904633,6.0,5.0,1
845,5,0.632122278213501,4.0,2.0,0
846,5,0.785520017147064,5.0,5.0,0
847,5,0.785520017147064,1.0,3.0,0
848,3,0.600469946861267,1.0,2.0,1
849,3,0.343410015106201,6.0,4.0,1
850,3,0.267989993095398,3.0,4.0,1
851,4,0.520840048789978,3.0,5.0,0
852,5,0.511519968509674,4.0,4.0,0
853,4,0.401980012655258,4.0,6.0,0
854,3,0.592509984970093,7.0,6.0,0
855,5,0.62978994846344,4.0,3.63679170608521,0
856,3,0.261489987373352,3.0,5.04812335968018,1
857,3,0.37852731347084,3.0,2.41769027709961,1
858,3,0.688880026340485,3.0,4.90037393569946,1
859,3,0.712361454963684,2.0,5.0,1
860,4,0.609759986400604,7.0,6.0,1
861,4,0.62365996837616,4.0,6.0,0
862,3,0.244144693017006,2.0,1.00032770633698,1
863,3,0.401980012655258,1.0,3.0,0
864,3,0.673849999904633,4.0,5.0,0
865,4,0.343410015106201,7.0,4.0,1
866,5,0.529449999332428,1.0,2.0,1
867,5,0.400240004062653,1.0,4.0,1
868,3,0.33105081319809,2.0,5.0,0
869,4,0.785520017147064,2.0,3.0,1
870,3,0.614226460456848,6.0,4.0,0
871,4,0.320780009031296,3.0,1.0,1
872,3,0.243267491459846,2.0,2.61616659164429,1
873,4,0.532429993152618,3.0,4.0,0
874,3,0.446730017662048,7.0,4.0,0
875,5,0.65021002292633,1.0,4.0,0
876,2,0.688880026340485,7.0,5.0,0
877,5,0.464700013399124,3.0,3.28998684883118,1
878,3,0.688880026340485,6.0,6.0,1
879,3,0.446730017662048,5.0,5.0,0
880,4,0.320780009031296,3.0,2.52661991119385,1
881,3,0.785520017147064,1.0,4.0,0
882,3,1.13774001598358,3.0,3.0,0
883,5,0.408600002527237,1.0,3.40935921669006,1
884,3,0.644749999046326,5.0,5.0,0
885,3,0.312420010566711,3.0,4.55888366699219,1
886,4,0.806911766529083,5.0,4.0,0
887,4,0.414970010519028,1.0,4.0,0
888,3,0.511519968509674,4.0,4.0,0
889,4,0.600469946861267,6.0,5.26551914215088,0
890,3,0.59912496805191,4.0,4.0,1
891,4,0.394959986209869,2.0,4.0,1
892,3,0.903599977493286,7.0,4.0,0
893,5,0.673849999904633,7.0,7.0,0
894,2,0.600469946861267,3.0,2.0,1
895,4,0.267989993095398,4.0,1.57769083976746,1
896,3,1.10091006755829,3.0,2.0,0
897,3,0.62365996837616,1.0,4.0,0
898,3,0.785520017147064,6.0,5.0,0
899,4,0.360382378101349,4.0,3.0,1
900,4,0.592509984970093,7.0,7.0,0
901,4,0.477019995450974,4.0,3.84154200553894,0
902,4,0.401980012655258,4.0,6.62990522384644,1
903,3,0.600469946861267,1.0,2.0,1
904,3,0.62365996837616,7.0,6.0,0
905,3,0.267989993095398,2.0,4.66656303405762,1
906,4,0.662460029125214,5.0,6.0,0
907,5,0.461620002985001,3.0,3.87997364997864,0
908,3,0.62365996837616,6.0,4.0,0
909,3,0.512215793132782,4.0,3.0,1
910,2,0.477019995450974,6.0,3.0,0
911,3,0.487359970808029,2.0,5.62079095840454,0
912,5,0.600469946861267,2.0,2.0,1
913,5,0.390350013971329,3.0,3.96844410896301,0
914,3,0.673849999904633,1.0,2.0,0
915,3,0.338518112897873,6.0,4.0,1
916,4,0.371768683195114,2.0,5.82771825790405,1
917,1,0.464700013399124,1.0,4.0,1
918,4,0.662460029125214,4.0,5.0,0
919,4,0.614226460456848,6.0,5.0,1
920,5,0.464899986982346,1.0,4.0,0
921,3,0.401980012655258,2.0,3.0,0
922,2,0.903599977493286,2.0,4.0,0
923,3,0.609759986400604,6.0,5.0,1
924,3,0.673849999904633,6.0,3.0,1
925,4,0.785520017147064,2.0,2.0,0
926,5,0.401980012655258,3.0,4.33650827407837,0
927,4,0.312420010566711,3.0,2.0,1
928,4,0.785520017147064,2.0,4.42833757400513,1
929,3,0.320780009031296,1.0,7.0,1
930,1,0.267989993095398,1.0,2.0,0
931,3,0.688880026340485,2.0,5.0,1
932,3,0.394959986209869,2.0,3.0,1
933,4,0.592509984970093,6.0,5.0,0
934,4,0.394959986209869,4.0,3.21358752250671,1
935,5,0.673849999904633,5.0,5.0,0
936,4,0.614226460456848,4.0,2.33153748512268,1
937,4,0.65021002292633,4.0,3.0,0
938,3,0.464700013399124,7.0,5.0,1
939,3,0.394959986209869,3.0,3.0,1
940,3,0.487359970808029,3.0,5.0,0
941,4,0.427269995212555,6.20081615447998,3.676429271698,1
942,4,0.65021002292633,3.0,2.0,0
943,3,0.400240004062653,2.0,4.0,0
944,4,0.532429993152618,2.0,4.86903238296509,0
945,4,0.267989993095398,4.0,2.0,1
946,3,0.265219986438751,5.0,4.0,0
947,3,0.673849999904633,2.0,5.0,0
948,4,0.427269995212555,5.0,5.0,0
949,3,0.464899986982346,1.0,5.0,1
950,3,0.315829992294312,1.0,5.0,1
951,5,0.511519968509674,5.0,4.39487409591675,0
952,3,0.340220004320145,6.0,4.60579252243042,0
953,4,0.512637078762054,4.0,6.04291248321533,1
954,3,0.670266628265381,4.0,2.0,1
955,4,0.3887699842453,5.0,2.0,0
956,3,0.461620002985001,1.0,5.0,0
957,3,0.793409943580627,3.0,3.0,0
958,5,0.407070010900497,3.0,4.0,1
959,3,0.785520017147064,3.0,1.0,1
960,3,0.673849999904633,2.0,4.0,1
961,3,0.320780009031296,6.0,5.0,1
962,4,0.84213000535965,4.0,5.0,0
963,3,0.343410015106201,2.0,4.0,1
964,4,0.464899986982346,2.12912273406982,3.92101836204529,1
965,2,0.343410015106201,2.0,4.0,1
966,5,0.688880026340485,3.0,4.0,1
967,3,0.394959986209869,4.0,3.82058095932007,1
968,5,0.614226460456848,3.0,6.44488573074341,0
969,2,0.408399999141693,1.0,2.0,1
970,3,0.614226460456848,3.0,4.0,1
971,5,0.461620002985001,5.0,4.0,0
972,3,0.767723023891449,5.0,6.0,0
973,3,0.614226460456848,3.0,4.0,0
974,3,0.394959986209869,4.0,4.0,1
975,4,0.320780009031296,1.0,5.0,1
976,2,0.600469946861267,3.0,1.0,0
977,3,0.267989993095398,7.0,3.83252859115601,0
978,4,0.178466379642487,1.0,3.79040431976318,1
979,3,0.414098262786865,3.0,3.0,1
980,5,0.600469946861267,4.0,4.0,1
981,3,0.343410015106201,3.0,4.26938533782959,1
982,5,0.358565151691437,4.0,5.52976703643799,1
983,3,0.414970010519028,5.0,5.0,0
984,4,0.394959986209869,4.0,5.82644462585449,1
985,3,0.682920813560486,3.0,5.0,1
986,3,0.320780009031296,1.0,4.02504682540894,1
987,3,0.903599977493286,5.0,5.0,0
988,5,0.335929989814758,6.0,2.0,0
989,5,0.461620002985001,2.0,4.0,0
990,4,0.446016162633896,7.0,6.0,1
991,5,0.477019995450974,1.0,2.0,0
992,4,0.343410015106201,1.0,5.0,1
993,5,0.445244640111923,2.0,4.0,1
994,3,0.777340054512024,1.0,2.0,1
995,4,0.8400399684906,4.0,4.0,0
996,4,0.701979994773865,4.0,3.0,1
997,3,0.394959986209869,3.0,4.0,1
998,5,0.785520017147064,2.0,2.0,0
999,3,0.8400399684906,5.0,4.0,0
1000,4,0.387620002031326,2.0,3.0,1
1001,4,0.600469946861267,3.0,4.0,0
1002,3,0.320780009031296,3.0,1.0,0
1003,5,0.457309991121292,2.0,3.92285871505737,0
1004,1,0.424258559942245,7.0,5.76445722579956,1
1005,4,0.320780009031296,5.0,3.35596227645874,1
1006,3,0.785520017147064,2.0,4.2612190246582,1
1007,3,0.343410015106201,1.0,1.09495425224304,1
1008,3,0.401980012655258,3.0,2.0,0
1009,3,0.343410015106201,6.0,5.32130193710327,1
1010,3,0.785520017147064,2.0,3.0,0
1011,2,0.315829992294312,1.0,4.0,1
1012,4,0.394959986209869,4.0,3.81860256195068,1
1013,4,0.600469946861267,1.0,1.30977880954742,1
1014,5,0.688880026340485,4.0,7.0,1
1015,2,0.518409967422485,2.0,2.0,1
1016,3,0.701979994773865,7.0,7.0,0
1017,5,0.309140026569366,5.0,6.20080280303955,0
1018,3,0.600469946861267,2.0,6.0,0
1019,3,0.600469946861267,3.0,4.0,1
1020,5,0.189989998936653,1.0,2.0,1
1021,4,0.315829992294312,1.0,2.0,1
1022,2,0.487359970808029,6.0,4.0,0
1023,4,0.343410015106201,1.0,2.0,1
1024,3,0.461620002985001,6.0,4.0,0
1025,3,0.673849999904633,1.0,3.0,1
1026,3,0.414413541555405,2.0,4.0,1
1027,3,0.673849999904633,2.0,4.0,0
1028,3,0.609759986400604,7.0,5.0,1
1029,3,0.375155448913574,3.0,3.0,1
1030,4,0.614226460456848,2.0,5.0,1
1031,2,0.387620002031326,4.0,4.0,0
1032,1,0.320780009031296,3.0,3.0,0
1033,4,0.555289387702942,2.0,4.0,1
1034,3,0.545379996299744,1.0,4.0,0
1035,5,0.401980012655258,4.0,5.0,1
1036,5,0.875825762748718,7.0,6.0,0
1037,1,0.454844832420349,2.0,3.86138272285461,1
1038,5,0.189989998936653,1.05410099029541,3.02253842353821,1
1039,4,0.464700013399124,4.0,3.0,1
1040,4,0.609759986400604,5.0,6.0,1
1041,5,0.394959986209869,7.0,7.0,1
1042,4,0.340220004320145,1.0,3.0,0
1043,3,0.614226460456848,5.0,4.0,0
1044,4,0.785520017147064,3.0,4.0,0
1045,5,0.408600002527237,1.0,4.16427850723267,1
1046,5,0.320780009031296,7.0,6.0,1
1047,5,0.461620002985001,1.0,4.31921195983887,0
1048,3,0.609759986400604,7.0,4.0,1
1049,3,0.278914898633957,3.0,6.0,1
1050,4,0.65021002292633,6.0,4.0,1
1051,3,0.605342090129852,7.0,7.0,0
1052,5,0.414970010519028,4.0,5.0,0
1053,3,0.414970010519028,6.0,6.56510353088379,0
1054,4,0.614226460456848,5.0,4.28324556350708,1
1055,3,0.407070010900497,3.0,3.63148975372314,1
1056,4,0.417868942022324,7.0,4.0,1
1057,5,0.785520017147064,5.0,5.0,1
1058,5,0.785520017147064,7.0,7.0,0
1059,5,0.532429993152618,2.0,4.0,0
1060,3,0.673849999904633,1.0,4.0,0
1061,4,0.65021002292633,2.0,6.0,1
1062,5,0.511519968509674,4.0,6.0,0
1063,5,0.414970010519028,1.0,4.0,0
1064,4,0.407070010900497,7.0,6.0,0
1065,3,0.408399999141693,2.0,7.0,1
1066,3,0.600469946861267,2.0,2.0,1
1067,4,0.532429993152618,1.0,6.0,1
1068,4,0.785520017147064,6.0,6.0,0
1069,1,0.309140026569366,1.0,4.0,0
1070,5,0.673849999904633,4.0,4.0,1
1071,5,0.464700013399124,7.0,7.0,1
1072,4,0.400240004062653,6.0,5.0,1
1073,4,0.785520017147064,2.0,3.35039091110229,0
1074,4,0.785520017147064,6.0,4.0,0
1075,3,0.688880026340485,6.0,5.0,1
1076,3,0.785520017147064,7.0,6.0,0
1077,4,0.317906886339188,1.0,5.0,1
1078,3,0.592509984970093,5.0,6.0,0
1079,5,0.407070010900497,1.0,5.0,0
1080,3,0.443788558244705,2.0,6.0,1
1081,3,0.464700013399124,6.0,3.0,1
1082,5,0.673849999904633,7.0,4.0,1
1083,3,0.320780009031296,7.0,6.0,0
1084,4,0.406390011310577,5.0,5.0,1
1085,5,0.518409967422485,6.0,4.0,1
1086,5,0.427269995212555,4.0,4.93604040145874,0
1087,4,0.8400399684906,2.0,5.0,1
1088,5,0.673849999904633,3.0,4.0,0
1089,4,0.265219986438751,3.0,2.0,0
1090,4,0.785520017147064,2.0,3.0,0
1091,3,0.785520017147064,5.0,4.34389781951904,1
1092,4,0.701979994773865,6.0,4.0,1
1093,4,0.614226460456848,3.0,4.0,1
1094,3,0.511519968509674,5.0,3.0,0
1095,3,0.511519968509674,7.0,6.0,0
1096,3,0.390350013971329,6.0,4.69909811019897,0
1097,5,0.785520017147064,1.0,2.0,1
1098,3,0.785520017147064,6.0,5.0,0
1099,3,0.600469946861267,2.0,2.0,1
1100,4,0.701979994773865,3.0,1.0,1
1101,4,0.688880026340485,3.0,4.0,1
1102,3,0.400240004062653,4.0,4.0,1
1103,3,0.535175621509552,2.0,2.0,0
1104,5,0.511519968509674,4.0,4.0,0
1105,3,0.614226460456848,4.0,5.0,0
1106,4,0.614226460456848,6.0,5.0,0
1107,4,0.275055378675461,3.0,5.0,0
1108,3,0.427681386470795,1.0,2.63091659545898,1
1109,3,0.618728756904602,5.0,7.0,1
1110,3,0.785520017147064,2.0,4.0,1
1111,2,0.785520017147064,5.0,4.0,0
1112,3,0.261489987373352,1.0,1.86126935482025,1
1113,1,0.261489987373352,1.0,3.3952419757843,1
1114,5,0.477019995450974,4.0,4.0,0
1115,3,0.320780009031296,5.0,4.0,1
1116,4,0.511519968509674,2.0,5.0,0
1117,3,0.614226460456848,6.0,6.0,0
1118,3,0.614226460456848,6.0,6.0,1
1119,3,0.614226460456848,5.0,3.0,0
1120,3,0.600469946861267,7.0,7.0,1
1121,4,0.315829992294312,3.0,2.0,0
1122,4,0.903599977493286,6.0,5.0,0
1123,5,0.400240004062653,6.0,4.0,1
1124,5,0.343410015106201,1.0,3.0,1
1125,4,0.662460029125214,7.0,5.0,0
1126,2,0.777340054512024,3.0,2.0,1
1127,4,0.407070010900497,3.0,5.0,1
1128,3,0.343410015106201,1.0,4.0,0
1129,5,0.390350013971329,7.0,5.1915602684021,0
1130,3,0.314734399318695,2.0,4.0,1
1131,3,0.335929989814758,5.0,5.0,0
1132,3,0.407070010900497,3.0,5.0,1
1133,5,0.614226460456848,6.0,4.0,0
1134,3,0.456118553876877,6.0,6.533278465271,1
1135,5,0.400240004062653,5.0,6.21581554412842,1
1136,4,0.423284381628036,1.0,4.0,1
1137,3,0.600469946861267,4.0,4.9728217124939,1
1138,5,0.600469946861267,1.0,5.0,1
1139,5,0.62365996837616,3.0,4.0,0
1140,3,0.477019995450974,5.0,3.0,0
1141,4,0.785520017147064,4.0,4.0,0
1142,3,0.673849999904633,2.0,3.0,0
1143,4,0.315829992294312,4.0,5.0,0
1144,2,0.189989998936653,1.0,3.0,1
1145,5,0.532429993152618,6.0,3.0,0
1146,4,0.400240004062653,7.0,7.0,1
1147,5,0.400240004062653,6.0,3.0,1
1148,5,0.477019995450974,1.0,4.77514505386353,0
1149,3,0.474854975938797,7.0,5.53473711013794,1
1150,3,0.386619985103607,3.0,3.74006724357605,0
1151,3,0.487359970808029,2.0,6.0,0
1152,3,0.401980012655258,2.0,4.0,0
1153,3,0.785520017147064,1.0,3.0,0
1154,4,0.487359970808029,2.0,2.0,0
1155,4,0.308492660522461,3.0,5.41327381134033,1
1156,3,0.600469946861267,2.0,3.91884589195251,1
1157,4,0.407070010900497,6.0,5.0,1
1158,3,0.414970010519028,7.0,4.0,0
1159,4,0.335929989814758,3.0,5.0,0
1160,4,0.343410015106201,1.0,2.0,1
1161,3,0.62365996837616,1.0,2.0,0
1162,3,0.367390006780624,4.0,2.61600232124329,0
1163,1,0.267989993095398,1.0,2.95484757423401,1
1164,5,0.461620002985001,1.0,1.0,0
1165,4,0.592509984970093,4.0,1.77400887012482,0
1166,3,0.265219986438751,2.0,2.63422584533691,0
1167,3,0.532539963722229,1.0,4.0,0
1168,3,0.205651462078094,3.0,4.0,1
1169,4,0.172338038682938,4.0,3.0,1
1170,3,0.785520017147064,6.0,4.73484230041504,1
1171,3,0.340220004320145,2.0,2.52194547653198,1
1172,3,0.673849999904633,1.0,4.0,1
1173,5,0.267989993095398,1.0,3.0,0
1174,3,0.446730017662048,1.0,2.0,1
1175,3,0.427269995212555,1.0,3.0,0
1176,5,0.265219986438751,1.0,4.0,1
1177,4,0.785520017147064,3.0,4.0,1
1178,4,0.532429993152618,6.0,4.0,0
1179,5,0.614226460456848,5.0,7.0,0
1180,5,0.785520017147064,6.0,5.0,1
1181,4,0.464700013399124,6.0,5.0,1
1182,3,0.688880026340485,3.0,4.0,0
1183,5,0.518409967422485,3.0,4.0,1
1184,4,0.427269995212555,2.0,5.0,0
1185,4,0.52571964263916,6.0,2.84341311454773,1
1186,5,0.400240004062653,1.0,3.0,1
1187,4,0.427269995212555,1.0,5.0,0
1188,3,0.65021002292633,1.0,3.0,1
1189,2,0.581430017948151,2.0,5.0,0
1190,3,0.414970010519028,6.0,3.83771753311157,0
1191,5,0.414970010519028,7.0,6.0,0
1192,2,0.267989993095398,3.0,6.0,1
1193,4,0.364969998598099,2.0,3.0,1
1194,5,0.394959986209869,3.0,4.0,1
1195,3,0.407070010900497,3.0,3.61599206924438,1
1196,3,0.614226460456848,3.0,5.17986631393433,0
1197,4,0.273459494113922,2.0,3.11934423446655,1
1198,4,0.440597921609879,4.0,5.54913806915283,0
1199,4,0.62365996837616,1.0,4.0,0
1200,3,0.394959986209869,2.0,4.0,1
1201,2,0.511519968509674,2.0,2.24184584617615,0
1202,4,0.343410015106201,4.0,4.0,1
1203,2,0.267989993095398,1.0,1.0,0
1204,3,0.62365996837616,6.0,4.0,0
1205,3,0.40111780166626,2.0,3.79028177261353,1
1206,3,0.394959986209869,1.0,2.0,1
1207,5,0.248096153140068,3.0,4.0,1
1208,3,0.282622158527374,6.0,6.0,1
1209,3,0.785520017147064,2.0,6.0,0
1210,2,0.532539963722229,5.0,6.0,0
1211,3,0.903599977493286,7.0,6.0,0
1212,3,0.487359970808029,1.0,3.117680311203,0
1213,5,0.312420010566711,3.0,5.0,1
1214,3,0.529449999332428,1.0,2.0,1
1215,3,0.315829992294312,3.0,8.38754749298096,1
1216,3,0.592509984970093,6.0,3.0,0
1217,3,0.614651322364807,1.96438598632812,3.4828052520752,1
1218,5,0.581430017948151,5.0,5.0,0
1219,1,0.320780009031296,4.0,4.0,1
1220,3,0.400240004062653,7.0,4.0,1
1221,5,0.490404844284058,1.0,3.0,1
1222,5,0.785520017147064,2.0,3.0,0
1223,3,0.785520017147064,4.0,4.99639987945557,0
1224,4,0.320780009031296,1.0,5.20527458190918,1
1225,5,0.343410015106201,7.0,5.0,1
1226,3,0.447476387023926,6.0,5.0,1
1227,1,0.366687595844269,7.0,5.18331718444824,1
1228,3,0.605487048625946,4.0,7.0,1
1229,4,0.474906414747238,7.0,5.0,1
1230,4,0.315829992294312,1.0,5.0,0
1231,1,0.343410015106201,2.0,2.0,1
1232,4,0.446730017662048,6.0,4.0,1
1233,4,0.320780009031296,2.0,2.84421992301941,1
1234,5,0.47508230805397,3.0,5.0,1
1235,2,0.408600002527237,7.0,7.0,1
1236,3,0.529449999332428,1.0,6.0,0
1237,4,0.394959986209869,1.0,2.0,1
1238,3,0.461620002985001,4.0,4.3543062210083,0
1239,3,0.265219986438751,1.0,3.39959669113159,1
1240,4,0.614226460456848,3.0,5.0,1
1241,3,0.27583259344101,4.0,2.61292576789856,1
1242,4,0.65021002292633,7.0,5.0,0
1243,4,0.470052719116211,2.0,3.62112522125244,1
1244,3,0.401980012655258,2.02893424034119,3.45485520362854,1
1245,4,0.422953873872757,7.0,6.0,1
1246,5,0.592509984970093,5.0,5.0,0
1247,4,0.62365996837616,4.0,3.71569585800171,0
1248,4,0.381099998950958,7.0,6.0,0
1249,4,0.511519968509674,6.0,4.0,0
1250,4,0.261489987373352,5.0,5.0,0
1251,1,0.199887603521347,7.0,4.0,1
1252,5,0.532429993152618,7.0,6.0,0
1253,3,0.518409967422485,2.0,3.0,1
1254,5,0.443376690149307,1.0,4.0,1
1255,4,0.3887699842453,2.0,3.0,0
1256,3,0.614226460456848,5.0,5.0,1
1257,3,0.343410015106201,3.0,4.0,1
1258,4,0.36285999417305,1.0,4.88965702056885,0
1259,3,0.267989993095398,4.0,5.49627304077148,1
1260,4,0.701979994773865,2.0,5.0,0
1261,5,0.785520017147064,2.0,2.0,0
1262,5,0.903599977493286,5.0,5.0,0
1263,5,0.401980012655258,2.0,4.0,1
1264,4,0.701979994773865,7.0,6.0,0
1265,5,0.189989998936653,1.0,2.0,1
1266,3,0.735932230949402,6.0,5.0656852722168,0
1267,2,0.407070010900497,1.0,4.0,1
1268,4,0.688880026340485,6.0,3.0,1
1269,4,0.320780009031296,2.0,2.00896167755127,1
1270,2,0.600469946861267,3.0,2.0,0
1271,4,0.709685385227203,4.0,4.0,0
1272,3,0.649530410766602,2.0,5.0,1
1273,4,0.267989993095398,5.0,6.0,1
1274,4,0.793409943580627,7.0,5.0,1
1275,2,0.518409967422485,3.0,3.0,1
1276,4,0.189989998936653,1.0,3.0,1
1277,5,0.335929989814758,1.0,3.0,1
1278,3,0.408399999141693,4.0,4.0,0
1279,1,0.785520017147064,5.0,5.0,0
1280,3,0.401980012655258,6.0,6.0,0
1281,4,0.440597921609879,6.0,4.0,0
1282,3,0.785520017147064,4.0,4.0,0
1283,3,0.688880026340485,7.0,4.0,1
1284,5,0.335929989814758,7.0,5.0,0
1285,5,0.267989993095398,4.0,4.0,1
1286,5,0.477019995450974,5.0,5.0,0
1287,3,0.701979994773865,7.0,6.0,0
1288,3,0.278533905744553,2.0,4.0,1
1289,3,0.701979994773865,4.0,5.32057332992554,0
1290,4,0.368783682584763,1.0,5.0,1
1291,4,0.903599977493286,5.0,6.0,0
1292,4,0.673849999904633,2.0,6.17757844924927,1
1293,4,0.511519968509674,6.0,4.0,0
1294,3,0.420629262924194,4.0,2.80344462394714,1
1295,5,0.265219986438751,6.0,4.0,0
1296,3,0.461620002985001,2.0,1.0,0
1297,5,0.785520017147064,7.0,4.0,0
1298,4,0.414970010519028,7.0,6.0,1
1299,3,0.903599977493286,7.0,5.0,0
1300,5,0.785520017147064,7.0,5.72671413421631,0
1301,3,0.688880026340485,6.0,5.0,0
1302,4,0.10576244443655,2.0,6.0,1
1303,4,0.409321755170822,2.0,4.13047409057617,1
1304,3,0.600469946861267,1.0,5.0,0
1305,3,0.461620002985001,1.0,2.0,0
1306,3,0.414970010519028,2.0,3.60916924476624,1
1307,4,0.777340054512024,2.0,3.0,1
1308,3,0.312420010566711,1.0,6.0,1
1309,5,0.261489987373352,1.0,6.0,1
1310,3,0.267989993095398,2.0,3.55426979064941,1
1311,4,0.408399999141693,6.0,4.0,0
1312,4,0.343410015106201,6.0,4.0,1
1313,4,0.315829992294312,1.0,5.0,1
1314,4,0.364969998598099,5.0,3.0,1
1315,5,0.457309991121292,6.0,4.8126654624939,0
1316,3,0.785520017147064,1.0,4.65987348556519,0
1317,3,0.0975660905241966,7.0,3.66521334648132,1
1318,4,0.785520017147064,5.0,5.0,0
1319,3,0.368834108114243,3.0,4.0,1
1320,5,0.414970010519028,5.0,5.66485071182251,1
1321,5,0.401980012655258,5.0,4.48484754562378,0
1322,4,0.414970010519028,6.0,4.5744891166687,0
1323,3,0.189989998936653,3.0,4.2249321937561,1
1324,4,0.312420010566711,1.0,4.0,1
1325,3,0.62365996837616,2.0,4.0,0
1326,3,0.512776136398315,6.0,3.0,1
1327,5,0.367390006780624,2.0,4.0,0
1328,4,0.367390006780624,2.0,4.0,1
1329,5,0.315829992294312,2.0,4.95441484451294,1
1330,4,0.401980012655258,2.0,5.52618885040283,0
1331,4,0.755633234977722,6.0,4.36451864242554,1
1332,5,0.320780009031296,2.0,4.97132062911987,1
1333,2,0.518409967422485,2.0,3.0,1
1334,4,0.487359970808029,6.0,5.0,0
1335,4,0.267989993095398,2.0,3.0,0
1336,4,0.8400399684906,7.0,6.0,0
1337,5,0.785520017147064,4.0,6.08867788314819,1
1338,4,0.267989993095398,1.0,5.0,1
1339,3,0.511519968509674,6.0,5.0,0
1340,3,0.457309991121292,5.0,4.99359273910522,0
1341,3,0.394959986209869,3.0,3.0,1
1342,3,0.79716682434082,2.0,2.0,1
1343,5,0.261489987373352,5.0,4.19915866851807,1
1344,5,0.440597921609879,4.0,5.10252904891968,0
1345,5,0.158253312110901,7.0,4.0,1
1346,3,0.407070010900497,3.0,4.0,1
1347,5,0.394959986209869,4.0,4.0,1
1348,3,0.400240004062653,7.0,5.0,1
1349,5,0.511519968509674,2.0,4.0,0
1350,5,0.394959986209869,3.0,4.0,1
1351,4,0.367390006780624,1.0,4.0,1
1352,4,0.464899986982346,3.0,2.0,1
1353,3,0.394959986209869,4.0,4.0,1
1354,3,0.532429993152618,3.0,1.0,0
1355,3,0.343410015106201,4.0,5.0,0
1356,4,0.662460029125214,1.0,4.0,0
1357,5,0.464700013399124,3.0,5.0,1
1358,3,0.449887841939926,1.0,4.37659311294556,1
1359,5,0.407070010900497,7.0,6.0,0
1360,4,0.592509984970093,5.0,4.22332525253296,0
1361,4,0.785520017147064,6.0,3.0,0
1362,4,0.903599977493286,7.0,6.0,0
1363,3,0.343410015106201,3.0,5.0,0
1364,5,0.36285999417305,3.0,4.0,0
1365,5,0.320780009031296,2.0,4.0,1
1366,5,0.387620002031326,6.0,4.73151302337646,1
1367,3,0.265219986438751,2.47020316123962,3.22163534164429,0
1368,3,0.688880026340485,3.0,4.0,1
1369,5,0.477019995450974,3.0,3.47043561935425,0
1370,4,0.600469946861267,5.0,5.0,0
1371,5,0.427269995212555,6.0,6.0,1
1372,5,0.532429993152618,6.0,6.0,0
1373,5,0.464700013399124,1.0,6.0,1
1374,3,0.315829992294312,1.0,3.53444910049438,1
1375,3,0.785520017147064,6.0,3.0,1
1376,4,0.511519968509674,4.0,4.0,0
1377,5,0.614226460456848,7.0,6.0,0
1378,5,0.785520017147064,1.0,4.0,0
1379,4,0.207821249961853,1.0,4.0,1
1380,5,0.568038582801819,4.0,2.0,0
1381,4,0.600469946861267,6.0,7.0,0
1382,3,0.662460029125214,1.0,4.23120737075806,0
1383,5,0.62365996837616,3.0,4.0,0
1384,2,0.401980012655258,1.0,4.0,0
1385,3,0.394959986209869,2.0,5.0,1
1386,3,0.189989998936653,7.0,5.33623886108398,1
1387,3,0.315829992294312,4.0,2.69961214065552,0
1388,5,0.414970010519028,2.0,6.0,1
1389,5,0.267989993095398,6.0,4.74162292480469,1
1390,5,0.320780009031296,6.0,5.0,1
1391,4,0.609759986400604,3.0,3.0,1
1392,3,0.267989993095398,1.0,2.0,1
1393,3,0.320780009031296,4.0,2.0,0
1394,4,1.10091006755829,3.0,2.0,0
1395,3,0.65021002292633,5.0,5.0,1
1396,2,1.10091006755829,1.0,2.0,1
1397,3,0.581430017948151,4.0,4.0,0
1398,3,0.343410015106201,2.0,5.0,1
1399,3,0.414970010519028,7.0,4.62586498260498,0
1400,4,0.400240004062653,2.0,3.9631552696228,1
1401,3,0.343410015106201,7.0,5.0,1
1402,4,0.600469946861267,2.0,5.0,0
1403,5,0.461620002985001,2.0,6.0,1
1404,4,0.62365996837616,7.0,5.0,0
1405,3,0.65021002292633,1.0,3.0,0
1406,3,0.544061124324799,1.0,2.0,1
1407,1,0.407070010900497,2.0,4.0,1
1408,3,0.532429993152618,1.0,2.0,0
1409,4,0.688880026340485,3.0,4.43969392776489,1
1410,4,0.785520017147064,3.0,4.0,1
1411,4,0.267989993095398,1.0,4.49903726577759,1
1412,4,0.381099998950958,7.0,4.0,0
1413,3,0.518409967422485,5.0,6.0,0
1414,5,0.364969998598099,2.0,3.0,1
1415,3,0.320780009031296,7.0,5.15230083465576,1
1416,4,0.394959986209869,2.0,4.0,1
1417,5,0.261489987373352,3.0,3.15277028083801,1
1418,2,0.408399999141693,1.0,5.0,1
1419,4,0.427269995212555,2.0,4.74600410461426,0
1420,3,0.609759986400604,2.0,3.0,1
1421,3,0.487359970808029,7.0,6.0,1
1422,3,0.381174802780151,3.0,4.0,1
1423,3,0.427269995212555,3.0,3.90495657920837,1
1424,5,0.532429993152618,2.0,3.0,0
1425,3,0.407070010900497,5.0,6.0,1
1426,4,0.312420010566711,5.0,6.0,1
1427,3,0.461620002985001,7.0,3.30148482322693,0
1428,5,0.779638469219208,6.0,5.87475061416626,1
1429,5,0.614226460456848,6.0,6.0,0
1430,2,0.903599977493286,7.0,5.0,0
1431,3,0.98105812072754,5.0,4.0,1
1432,3,0.387620002031326,3.0,5.88319492340088,1
1433,3,0.315829992294312,7.0,3.85794043540955,1
1434,3,0.785520017147064,1.0,4.0,1
1435,3,0.487359970808029,6.0,6.0,0
1436,4,0.408399999141693,2.0,2.0,0
1437,4,0.394959986209869,2.0,6.0,1
1438,3,0.600469946861267,3.0,2.0,0
1439,2,0.475480377674103,3.0,4.27123928070068,1
1440,4,0.511519968509674,4.0,4.0,0
1441,4,0.600469946861267,7.0,6.0,0
1442,5,0.614226460456848,7.0,6.0,0
1443,5,0.464700013399124,4.0,5.50465154647827,1
1444,5,0.315829992294312,3.0,5.71068143844604,1
1445,5,0.390350013971329,5.0,6.0,0
1446,3,0.644749999046326,4.0,7.13642263412476,1
1447,3,0.516008853912354,2.0,2.0,1
1448,3,0.343410015106201,4.0,4.0,1
1449,3,0.401980012655258,1.0,2.84860801696777,1
1450,1,0.785520017147064,2.0,4.0,0
1451,3,0.62365996837616,1.0,2.00836324691772,0
1452,5,0.315829992294312,7.0,6.0,1
1453,5,0.903599977493286,7.0,6.0,0
1454,4,0.725305140018463,6.0,4.27520704269409,1
1455,3,0.785520017147064,7.0,6.0,0
1456,5,0.304784744977951,1.0,4.0,1
1457,4,0.265219986438751,1.0,4.0,0
1458,3,0.785520017147064,5.0,4.0,0
1459,3,0.400240004062653,3.0,4.0,1
1460,3,0.62365996837616,6.0,6.0,0
1461,3,0.592509984970093,3.0,1.0,0
1462,4,0.280202358961105,6.0,3.11777353286743,1
1463,4,0.785520017147064,3.0,4.4327540397644,1
1464,4,0.511519968509674,3.0,4.0,0
1465,5,0.461620002985001,4.0,4.0,0
1466,3,0.701979994773865,1.0,4.0,0
1467,2,0.65021002292633,3.0,3.0,1
1468,5,0.0537510849535465,6.0,6.8742904663086,1
1469,3,0.315829992294312,1.0,2.0,0
1470,4,0.315829992294312,2.0,3.32146739959717,0
1471,3,0.385200023651123,1.0,4.26336336135864,0
1472,4,1.10091006755829,2.0,4.0,0
1473,2,1.10091006755829,3.0,2.0,0
1474,5,0.511519968509674,2.0,6.82038307189941,0
1475,4,0.592509984970093,1.0,4.0,0
1476,3,0.343410015106201,3.84826493263245,2.88403844833374,1
1477,3,0.461620002985001,4.0,1.91490197181702,1
1478,3,0.390350013971329,5.0,4.0,0
1479,5,0.698559999465942,5.0,2.0,0
1480,4,0.265219986438751,6.0,5.11398983001709,0
1481,4,0.461620002985001,6.0,4.95402097702026,0
1482,4,0.408399999141693,6.0,6.0,0
1483,5,0.231611117720604,2.0,5.0,1
1484,4,0.105317167937756,2.0,3.39814424514771,1
1485,3,0.614226460456848,5.0,5.0,0
1486,4,0.65021002292633,2.0,2.0,0
1487,5,0.267989993095398,5.0,7.0,1
1488,3,0.315829992294312,5.0,4.0,1
1489,4,0.267989993095398,2.0,4.0,1
1490,3,0.785520017147064,6.0,4.0,0
1491,4,0.0095617249608039,4.0,3.0,1
1492,3,0.701979994773865,1.0,6.0,0
1493,4,0.267989993095398,6.0,5.85546350479126,1
1494,5,0.511519968509674,6.0,6.0,0
1495,5,0.609759986400604,3.0,5.0,1
1496,4,0.65021002292633,7.0,6.0,1
1497,3,0.785520017147064,5.0,6.0,0
1498,4,0.320780009031296,3.0,4.28938579559326,1
1499,2,0.309230357408524,1.0,7.0,1
1500,3,0.407070010900497,1.0,4.33329820632935,1
1501,5,0.389167606830597,3.0,2.0,1
1502,5,0.8400399684906,6.10270071029663,5.7004714012146,0
1503,3,1.10091006755829,2.0,4.0,0
1504,4,0.673849999904633,6.0,4.97460508346558,1
1505,1,0.343410015106201,4.0,3.79294657707214,1
1506,5,0.394959986209869,5.0,6.0,1
1507,3,0.614226460456848,7.0,6.0,0
1508,5,0.614226460456848,7.0,7.0,0
1509,4,0.408399999141693,3.0,4.96365833282471,0
1510,5,0.407070010900497,7.0,6.0,1
1511,4,0.785520017147064,1.0,4.0,1
1512,3,0.785520017147064,1.0,6.0,0
1513,3,0.701979994773865,4.0,4.0,0
1514,3,0.343410015106201,3.0,3.0,0
1515,3,0.335929989814758,5.0,3.0,0
1516,4,0.8400399684906,7.0,5.0,1
1517,5,0.625196516513824,2.0,3.0,0
1518,5,0.903599977493286,6.0,5.0,0
1519,3,0.8400399684906,4.0,5.23512125015259,0
1520,3,0.592509984970093,1.0,4.18735837936401,1
1521,1,0.785520017147064,1.0,3.0,0
1522,5,0.785520017147064,7.0,5.0,0
1523,4,0.62365996837616,6.0,5.0,0
1524,3,0.315829992294312,5.0,4.0,1
1525,3,0.381099998950958,5.0,2.94269776344299,0
1526,3,0.468820005655289,6.0,6.0,0
1527,5,0.614226460456848,1.0,1.0,1
1528,5,0.609759986400604,2.0,4.0,1
1529,4,0.65021002292633,2.0,3.0,0
1530,3,0.315829992294312,1.0,3.71613645553589,1
1531,3,0.401980012655258,1.0,7.0,0
1532,4,0.414970010519028,6.0,4.0,0
1533,4,0.400240004062653,6.0,3.0,1
1534,3,0.343410015106201,4.0,2.29289770126343,1
1535,4,0.511519968509674,3.0,4.0,0
1536,4,0.329436093568802,1.0,4.0,1
1537,3,0.394959986209869,6.0,4.0,1
1538,4,0.357142329216003,6.80366277694702,4.38082456588745,1
1539,3,0.511519968509674,3.0,6.0,0
1540,5,0.367390006780624,1.0,5.0,0
1541,3,0.559802293777466,2.0,2.51625847816467,1
1542,5,0.414970010519028,1.0,3.96252202987671,0
1543,5,0.401980012655258,2.0,4.0,1
1544,3,0.65021002292633,3.0,3.0,1
1545,4,0.364969998598099,3.0,3.0,1
1546,3,0.497425585985184,5.0,5.0,0
1547,3,0.446730017662048,7.0,6.0,1
1548,3,0.464700013399124,5.0,4.0,1
1549,3,0.518409967422485,1.0,2.0,0
1550,3,0.394959986209869,7.0,6.0,1
1551,5,0.367390006780624,2.0,5.0,0
1552,5,0.688880026340485,2.0,6.38601207733154,1
1553,3,0.592509984970093,6.0,3.23989796638489,0
1554,2,0.267989993095398,1.0,5.69971799850464,1
1555,4,0.265219986438751,7.0,5.0,1
1556,1,0.367390006780624,4.98740911483765,3.26907920837402,0
1557,5,0.485830724239349,4.0,5.0419397354126,1
1558,5,0.673849999904633,4.0,5.0,1
1559,5,0.401980012655258,5.0,3.67199993133545,1
1560,3,0.385200023651123,7.0,2.0,0
1561,3,0.777340054512024,2.0,2.0,0
1562,4,0.401980012655258,5.0,3.50138425827026,1
1563,4,0.407070010900497,3.0,4.0,1
1564,4,1.10091006755829,5.0,3.0,1
1565,3,0.785520017147064,6.0,5.7234148979187,1
1566,5,0.381099998950958,6.0,3.74240660667419,1
1567,3,0.407070010900497,6.0,6.0,1
1568,3,0.673849999904633,3.0,4.0,1
1569,1,0.600469946861267,1.0,3.0,1
1570,5,0.427269995212555,2.0,6.22324275970459,1
1571,3,0.364969998598099,3.0,4.0,0
1572,3,0.518409967422485,1.0,3.0,0
1573,5,0.267989993095398,3.0,4.0,0
1574,3,0.614226460456848,2.0,4.0,1
1575,2,0.518409967422485,4.0,4.0,0
1576,3,0.785520017147064,7.0,7.0,0
1577,3,0.600469946861267,2.0,3.0,0
1578,5,1.10091006755829,6.0,6.0,0
1579,2,0.320780009031296,4.0,3.0,1
1580,3,0.287051856517792,4.0,4.0,1
1581,3,0.315829992294312,1.0,3.0,0
1582,3,0.267989993095398,1.0,3.0,1
1583,3,0.701979994773865,6.0,4.0,0
1584,3,0.414970010519028,5.0,2.0,0
1585,2,0.785520017147064,7.0,6.0,0
1586,3,0.267989993095398,1.0,4.0,1
1587,4,0.511519968509674,2.0,5.0,1
1588,3,0.511519968509674,2.0,6.0,0
1589,5,0.152549892663956,3.0,5.24315500259399,1
1590,4,0.312420010566711,2.0,6.0,1
1591,5,0.261489987373352,2.0,2.0,0
1592,4,0.390350013971329,7.0,4.0,0
1593,4,0.487359970808029,3.0,3.17403745651245,0
1594,4,0.312420010566711,2.0,6.0,1
1595,3,0.600469946861267,2.0,5.0,0
1596,2,0.267989993095398,2.0,6.0,1
1597,3,0.309140026569366,1.0,3.33898878097534,0
1598,1,0.261489987373352,1.0,3.0,1
1599,3,0.62365996837616,6.0,4.0,0
1600,3,0.592509984970093,7.0,5.0,0
1601,4,0.446849822998047,5.0,5.0,1
1602,4,0.592509984970093,2.0,2.65298342704773,0
1603,5,0.785520017147064,2.0,3.76087880134583,0
1604,3,0.532429993152618,5.0,5.0,0
1605,4,0.265219986438751,7.0,4.0,0
1606,3,0.663608133792877,5.0,5.0,0
1607,5,0.701979994773865,7.0,6.0,0
1608,3,0.673849999904633,1.0,3.0,1
1609,3,0.315829992294312,7.0,3.0,1
1610,5,0.673849999904633,6.0,4.0,1
1611,4,0.477019995450974,2.0,2.76507353782654,0
1612,4,0.364969998598099,6.0,5.0,1
1613,5,0.673849999904633,2.0,2.0,0
1614,4,0.267989993095398,0.159971430897713,4.84548377990723,1
1615,5,0.385688930749893,2.0,5.0,1
1616,4,0.536588191986084,2.0,6.0,1
1617,3,0.592509984970093,1.0,2.0,0
1618,5,0.39044526219368,7.0,6.0,1
1619,3,0.189989998936653,1.0,4.0,1
1620,2,0.592509984970093,7.0,6.0,0
1621,3,0.427269995212555,4.0,3.81300497055054,0
1622,4,0.190110445022583,3.0,2.28749752044678,1
1623,4,0.785520017147064,5.0,5.0,0
1624,5,0.62365996837616,1.0,5.0,0
1625,2,0.673849999904633,2.0,3.0,0
1626,3,1.13774001598358,5.0,3.0,0
1627,3,0.600469946861267,4.0,3.0,1
1628,3,0.267989993095398,1.0,5.75771999359131,0
1629,3,0.394959986209869,4.0,4.6391658782959,1
1630,4,0.62365996837616,7.0,6.0,0
1631,3,0.385200023651123,1.0,4.76197147369385,0
1632,3,0.394959986209869,2.0,3.0,1
1633,4,0.335929989814758,7.0,4.0,0
1634,4,0.364969998598099,1.0,4.0,0
1635,3,0.36285999417305,4.0,3.0,1
1636,3,0.903599977493286,1.0,2.0,0
1637,3,0.600469946861267,7.0,4.0,1
1638,4,0.487359970808029,6.0,5.0,0
1639,3,0.343410015106201,7.0,6.0,0
1640,5,0.464899986982346,1.0,3.34113669395447,0
1641,5,0.487359970808029,3.0,4.0,0
1642,3,0.614226460456848,7.0,4.0,0
1643,3,0.785520017147064,6.0,7.0,1
1644,5,0.672116219997406,4.0,4.0,1
1645,5,1.13774001598358,1.0,2.0,1
1646,3,0.408399999141693,1.0,4.0,0
1647,4,0.407070010900497,5.0,4.0,1
1648,3,0.614226460456848,6.0,5.0,0
1649,3,0.609759986400604,6.0,4.0,1
1650,4,0.752174317836761,5.0,4.0,1
1651,5,0.688880026340485,2.0,6.06722259521484,1
1652,3,0.520840048789978,2.0,4.0,0
1653,3,0.673849999904633,1.0,2.0,0
1654,5,0.609759986400604,5.0,3.26009488105774,1
1655,4,0.267989993095398,5.0,4.0,1
1656,2,0.698414027690887,7.0,5.0,1
1657,3,0.267989993095398,4.0,3.0,0
1658,4,0.614226460456848,6.0,5.0,0
1659,2,0.261489987373352,1.0,4.0,1
1660,3,0.673849999904633,4.0,7.0,1
1661,3,0.394959986209869,2.0,4.0,1
1662,2,0.394959986209869,6.0,6.0,0
1663,3,0.777340054512024,2.0,3.0,0
1664,4,0.600469946861267,2.0,5.0,1
1665,3,0.461620002985001,5.0,6.0,0
1666,3,0.189989998936653,6.0,7.81372308731079,1
1667,3,0.267989993095398,2.0,4.0,0
1668,3,0.343410015106201,3.0,3.39340925216675,1
1669,5,0.65021002292633,5.0,5.0,0
1670,4,0.394959986209869,7.0,4.0,1
1671,2,0.903599977493286,3.0,4.0,1
1672,2,0.486311286687851,1.0,1.0,1
1673,5,0.403732627630234,2.0,4.0,0
1674,4,0.407070010900497,6.0,3.0,1
1675,3,0.511519968509674,6.0,4.0,0
1676,3,0.559776127338409,3.0,3.91935014724731,1
1677,4,0.343410015106201,6.0,4.0,1
1678,4,0.75151002407074,4.0,6.0,0
1679,5,0.600469946861267,6.0,5.0,1
1680,4,0.65021002292633,7.0,5.01198434829712,0
1681,4,0.414970010519028,4.0,5.0,0
1682,1,0.554311633110046,3.0,3.85941052436829,1
1683,2,0.418096512556076,0.350675314664841,3.03667092323303,1
1684,4,0.627941250801086,3.02224779129028,4.00192499160767,1
1685,5,0.189989998936653,4.0,3.20924687385559,1
1686,4,0.372683644294739,4.0,5.78439712524414,1
1687,4,0.592509984970093,1.0,4.0,0
1688,3,0.390350013971329,1.0,2.81321406364441,0
1689,5,0.315829992294312,4.0,5.97851133346558,1
1690,3,0.487359970808029,6.0,6.0,0
1691,3,0.785520017147064,1.0,3.72084379196167,1
1692,4,0.312420010566711,1.0,3.38748645782471,1
1693,4,0.343410015106201,3.0,5.0,1
1694,3,0.317584902048111,4.0,3.0,1
1695,4,0.673849999904633,2.0,4.0,1
1696,1,0.688880026340485,4.0,4.0,1
1697,2,0.65021002292633,1.0,1.0,0
1698,3,0.8400399684906,6.0,5.0,0
1699,4,0.36285999417305,3.0,4.0,0
1700,3,0.387620002031326,2.0,4.0,1
1701,3,0.65021002292633,3.0,2.0,1
1702,3,0.403602510690689,2.0,4.0,1
1703,5,0.408399999141693,3.0,4.0,1
1704,2,0.315829992294312,3.0,2.0,0
1705,2,0.903599977493286,6.0,6.0,0
1706,1,0.545379996299744,2.0,5.0,0
1707,2,0.394959986209869,3.0,2.0,1
1708,2,0.903599977493286,4.0,4.0,0
1709,4,0.401980012655258,5.0,5.0,0
1710,3,0.281164646148682,1.0,3.08613157272339,1
1711,3,0.785520017147064,2.0,3.0,0
1712,3,0.335929989814758,3.0,4.81515550613403,0
1713,3,0.785520017147064,3.0,5.0,1
1714,2,0.347683280706406,2.0,5.18044328689575,1
1715,5,0.785520017147064,6.0,5.0,0
1716,3,0.464899986982346,1.0,3.79971957206726,1
1717,4,0.464700013399124,6.0,3.57243776321411,1
1718,4,0.0452591367065907,5.0,5.93487739562988,1
1719,4,0.380720168352127,2.0,6.0,1
1720,4,0.343410015106201,2.0,3.0,0
1721,4,0.532429993152618,4.0,4.0,1
1722,3,0.414970010519028,7.0,6.0,0
1723,4,0.673849999904633,7.0,5.00193738937378,1
1724,4,0.785520017147064,3.0,2.0,1
1725,4,0.581430017948151,3.0,4.37452268600464,0
1726,3,1.13774001598358,1.0,2.0,0
1727,5,0.163376674056053,2.7034809589386,3.5379581451416,1
1728,5,0.390350013971329,1.0,3.04436779022217,0
1729,2,1.13774001598358,3.0,2.0,0
1730,4,0.343410015106201,6.0,6.0,1
1731,2,0.487359970808029,6.0,6.0,0
1732,3,0.785520017147064,7.0,4.0,0
1733,4,0.381099998950958,3.72668886184692,5.0,0
1734,3,0.261489987373352,5.0,6.0,1
1735,4,0.461620002985001,1.0,2.21323132514954,0
1736,2,1.10091006755829,7.0,6.0,0
1737,4,0.542713642120361,7.0,5.0,1
1738,3,0.189989998936653,4.0,3.932936668396,1
1739,5,0.400240004062653,2.0,4.0,1
1740,3,0.414970010519028,2.0,2.58564424514771,0
1741,3,0.447886049747467,6.0,6.0,1
1742,3,0.903599977493286,2.0,4.0,0
1743,3,0.408600002527237,5.0,2.75545310974121,1
1744,4,0.267989993095398,6.0,6.49724578857422,1
1745,3,0.506266474723816,4.0,6.24144124984741,1
1746,4,0.464700013399124,4.0,5.58045959472656,1
1747,3,0.600469946861267,1.0,2.0,1
1748,3,0.394959986209869,1.0,4.0,1
1749,5,0.464700013399124,2.0,5.21012496948242,1
1750,4,0.343410015106201,3.0,1.52845525741577,1
1751,4,0.461620002985001,1.0,3.0,0
1752,4,0.464700013399124,1.0,7.0,1
1753,5,0.394959986209869,5.0,6.0,1
1754,3,0.903599977493286,2.0,5.0,0
1755,4,0.673849999904633,5.0,5.0,1
1756,3,0.401980012655258,3.0,4.0,0
1757,3,0.673849999904633,5.0,6.0,1
1758,4,0.785520017147064,6.0,6.0,0
1759,3,0.777340054512024,3.0,4.0,0
1760,3,0.688880026340485,2.0,4.0,1
1761,5,0.511519968509674,3.0,4.0,0
1762,4,0.609759986400604,2.0,2.84038639068604,1
1763,3,0.394959986209869,6.0,2.03977346420288,1
1764,1,0.261906296014786,6.0,5.99916172027588,1
1765,3,0.408600002527237,1.0,2.78890419006348,1
1766,3,0.511519968509674,5.0,6.0,0
1767,3,0.403609752655029,5.0,6.0,1
1768,5,0.261489987373352,1.0,3.56840395927429,1
1769,4,0.505126059055328,2.0,4.0,1
1770,3,0.401980012655258,4.0,2.0,0
1771,5,0.511519968509674,7.0,6.0,0
1772,4,0.65021002292633,2.0,2.0,1
1773,3,0.114683337509632,7.0,6.0,1
1774,5,0.312420010566711,4.0,7.0,0
1775,5,0.785520017147064,4.0,4.0,0
1776,1,-0.0181476753205061,4.0,4.18725156784058,1
1777,3,0.367390006780624,5.0,5.0,0
1778,3,0.503267288208008,6.0,5.0,0
1779,3,0.785520017147064,2.0,4.0,1
1780,3,0.660780370235443,1.0,3.04882097244263,0
1781,4,0.283689886331558,6.0,3.0,1
1782,2,0.93099594116211,6.0,6.0,1
1783,1,0.592509984970093,7.0,4.0,1
1784,2,0.394959986209869,4.0,5.0,1
1785,3,0.464700013399124,6.0,4.0,1
1786,2,0.65021002292633,1.0,2.0,0
1787,5,0.367390006780624,1.0,3.0,0
1788,5,0.320780009031296,2.0,6.0,1
1789,5,0.267989993095398,1.0,5.1415843963623,1
1790,3,0.394959986209869,6.0,3.28433442115784,1
1791,3,0.425677180290222,6.0,6.0,1
1792,4,0.446730017662048,7.0,6.0,0
1793,4,0.614226460456848,5.0,6.0,0
1794,3,0.497198641300201,1.0,3.0,1
1795,3,0.385200023651123,1.0,2.75442099571228,0
1796,2,0.470423638820648,6.0,4.0,1
1797,3,0.394959986209869,1.0,6.05681133270264,1
1798,3,0.511519968509674,4.0,2.0,0
1799,3,0.461620002985001,4.0,5.0,0
1800,5,0.312420010566711,2.0,4.55858421325684,1
1801,5,0.600469946861267,6.0,5.0,1
1802,4,0.701979994773865,1.0,2.0,0
1803,3,0.785520017147064,2.0,3.0,1
1804,3,0.785520017147064,1.0,-0.022270955145359,1
1805,4,0.642154037952423,3.36167454719543,3.61346125602722,0
1806,3,0.394959986209869,1.0,4.0,1
1807,4,0.509236037731171,5.0,6.0,1
1808,3,0.315829992294312,2.0,3.0,0
1809,3,0.487359970808029,6.0,5.0,1
1810,3,0.315829992294312,1.0,2.0,1
1811,3,0.55864405632019,1.0,4.0,1
1812,5,0.785520017147064,3.0,5.0,1
1813,3,0.614226460456848,4.0,5.0,1
1814,4,0.477019995450974,4.0,5.0,0
1815,4,0.8400399684906,6.0,5.0,0
1816,4,0.614226460456848,3.0,2.0,0
1817,2,0.343410015106201,3.0,5.0,0
1818,3,0.336679995059967,2.0,3.0,0
1819,3,0.785520017147064,6.0,5.0,0
1820,3,0.414970010519028,3.0,2.90921354293823,0
1821,5,0.673849999904633,6.0,4.0,0
1822,5,0.511519968509674,4.0,4.0,0
1823,4,0.559595704078674,2.0,4.0,1
1824,4,0.414970010519028,7.0,3.89024519920349,0
1825,5,0.464700013399124,4.0,6.76498365402222,1
1826,4,0.367390006780624,3.0,5.6515302658081,0
1827,3,0.261382311582565,2.0,3.33154487609863,1
1828,4,0.609759986400604,2.0,4.0,0
1829,5,0.785520017147064,1.0,3.0,1
1830,1,0.559846878051758,5.0,4.47798728942871,1
1831,5,0.386265069246292,2.0,3.39290404319763,1
1832,3,0.274018168449402,1.0,3.25474429130554,1
1833,5,0.427269995212555,2.0,4.0,0
1834,4,0.407070010900497,6.0,6.0,1
1835,3,0.315829992294312,1.0,4.52828502655029,1
1836,5,0.785520017147064,1.0,4.0,0
1837,3,0.614226460456848,7.0,5.0,1
1838,3,0.592509984970093,6.0,5.0807318687439,0
1839,3,0.265219986438751,4.0,5.0,0
1840,4,0.532429993152618,7.0,7.0,0
1841,4,0.673849999904633,4.0,4.72297811508179,1
1842,4,0.62978994846344,1.0,2.80494332313538,1
1843,3,0.65021002292633,1.0,4.0,0
1844,4,0.315829992294312,3.0,4.62798166275024,0
1845,3,0.461620002985001,6.0,3.820467710495,0
1846,3,0.785520017147064,6.0,3.87735939025879,0
1847,2,0.343410015106201,2.0,1.0,1
1848,4,0.267989993095398,5.0,3.32332277297974,1
1849,3,0.673849999904633,4.0,4.0,0
1850,3,0.511519968509674,3.0,5.0,0
1851,5,0.785520017147064,5.0,3.0,0
1852,2,0.427269995212555,1.0,3.48696684837341,1
1853,5,0.785520017147064,5.0,5.0,0
1854,3,0.785520017147064,2.0,4.0,1
1855,3,0.407070010900497,4.0,4.0,1
1856,5,0.359961628913879,2.0,4.91532373428345,1
1857,4,0.315829992294312,6.0,5.25273418426514,1
1858,3,0.785520017147064,2.0,5.0,0
1859,5,0.401980012655258,1.0,3.62989544868469,0
1860,5,0.511519968509674,3.0,6.0,0
1861,5,0.265219986438751,6.0,4.0,1
1862,5,0.512878000736237,7.0,6.0,1
1863,3,0.261489987373352,2.0,3.6858217716217,1
1864,4,0.688880026340485,2.0,5.0,1
1865,3,0.407070010900497,1.0,4.0,1
1866,4,0.315829992294312,6.0,6.0,0
1867,3,0.785520017147064,2.0,5.0,1
1868,3,0.380088269710541,2.0,6.0,1
1869,2,0.189989998936653,4.0,5.17090082168579,1
1870,3,0.407070010900497,4.0,3.0,1
1871,3,0.19867941737175,5.0,4.0,1
1872,3,0.315829992294312,2.0,7.0,0
1873,3,0.785520017147064,3.0,5.0,1
1874,3,0.343410015106201,3.0,2.22409391403198,1
1875,4,0.487359970808029,2.0,2.0,0
1876,3,0.592509984970093,5.0,4.0,0
1877,3,0.785520017147064,7.0,6.0,0
1878,5,0.494253128767014,6.0,4.0,1
1879,4,0.320780009031296,3.0,1.0,0
1880,3,0.370397984981537,2.0,4.0,1
1881,2,0.315829992294312,1.0,4.56326580047607,1
1882,4,0.394959986209869,6.0,3.0,1
1883,3,0.487359970808029,2.0,3.55666279792786,0
1884,5,0.785520017147064,1.0,5.0,0
1885,3,0.320780009031296,2.0,3.04637813568115,1
1886,3,0.614226460456848,1.0,4.0751633644104,1
1887,3,0.793409943580627,1.0,3.0,1
1888,3,0.511519968509674,3.0,3.0,0
1889,1,0.189989998936653,2.0,3.40770745277405,1
1890,3,0.785520017147064,7.0,6.0,0
1891,4,0.343410015106201,3.54228544235229,3.7913179397583,1
1892,4,0.312420010566711,5.0,6.0,0
1893,3,0.600469946861267,3.0,4.0,0
1894,4,0.600469946861267,2.0,4.0,0
1895,5,0.511519968509674,3.0,3.0,0
1896,4,0.701979994773865,5.0,4.0,1
1897,3,0.592509984970093,4.0,4.79917669296265,0
1898,5,0.613614797592163,6.0,5.36055278778076,1
1899,5,0.320780009031296,2.38755178451538,5.0,1
1900,3,0.861629486083984,6.0,4.71080732345581,1
1901,4,0.414970010519028,5.0,7.0,0
1902,4,0.261489987373352,4.0,3.90828800201416,1
1903,5,0.417611867189407,1.0,3.82626914978027,1
1904,4,0.84213000535965,3.0,3.0,0
1905,4,0.394959986209869,2.0,4.82333707809448,1
1906,5,0.386103004217148,3.0,4.75148105621338,1
1907,5,0.511519968509674,2.0,4.0,0
1908,5,0.320780009031296,6.0,5.0,0
1909,3,0.446730017662048,5.0,4.77484464645386,1
1910,5,0.62365996837616,3.0,2.0,1
1911,5,0.367390006780624,2.0,3.39998054504395,0
1912,3,0.600469946861267,3.0,4.0,1
1913,4,0.600469946861267,1.0,3.0,0
1914,3,0.401980012655258,4.0,3.35300469398499,1
1915,2,0.320780009031296,6.0,4.25715112686157,1
1916,5,0.592509984970093,5.0,7.62928867340088,0
1917,3,0.633420169353485,2.0,3.0,1
1918,5,0.309140026569366,6.0,5.0,0
1919,3,0.414970010519028,7.0,8.07635498046875,0
1920,5,0.390350013971329,5.0,4.0,0
1921,3,0.614226460456848,5.0,5.0,0
1922,3,0.600469946861267,2.0,4.0,1
1923,2,0.644749999046326,1.0,2.0,0
1924,3,0.785520017147064,3.0,2.0,0
1925,5,0.401980012655258,4.0,6.30802345275879,0
1926,2,0.414970010519028,3.0,5.0,0
1927,5,0.206439331173897,6.0,5.0,1
1928,5,0.669166028499603,6.0,6.0,0
1929,5,0.401980012655258,3.0,4.0,1
1930,5,0.673849999904633,5.0,4.0,1
1931,4,0.688880026340485,1.0,4.0,1
1932,5,0.427269995212555,1.0,5.0,0
1933,3,0.487359970808029,1.0,1.45054590702057,0
1934,5,0.408399999141693,1.0,4.77730941772461,0
1935,2,0.65021002292633,3.0,4.0,1
1936,3,0.261489987373352,4.0,3.64205527305603,0
1937,5,0.267989993095398,3.0,3.0,1
1938,5,0.673849999904633,2.0,5.0,0
1939,4,0.662460029125214,3.0,4.59056615829468,0
1940,3,0.408399999141693,5.0,6.0,0
1941,4,0.394959986209869,7.0,4.0,1
1942,5,0.464899986982346,3.0,2.0,1
1943,3,0.785520017147064,5.0,6.0,0
1944,3,0.785520017147064,2.0,5.0,0
1945,4,0.570639491081238,4.0,2.0,1
1946,3,0.267989993095398,2.0,7.0,1
1947,3,0.600469946861267,3.0,3.0,1
1948,5,0.394418060779572,5.0,4.11579465866089,1
1949,5,0.267989993095398,4.0,3.48691344261169,1
1950,3,0.261489987373352,1.0,5.78536128997803,1
1951,3,0.673849999904633,7.0,6.0,1
1952,3,0.511519968509674,1.0,3.0,0
1953,3,0.511519968509674,4.0,3.00225949287415,0
1954,5,0.312420010566711,6.0,6.0,1
1955,5,0.315829992294312,3.0,6.0,1
1956,4,0.477019995450974,6.0,4.0,0
1957,5,0.264337837696075,6.0,4.72707080841064,1
1958,3,0.267989993095398,5.71206617355347,5.62766695022583,1
1959,2,0.414970010519028,5.0,6.0,0
1960,5,0.312420010566711,1.0,4.0,1
1961,2,0.400240004062653,2.0,4.0,1
1962,1,0.427269995212555,2.0,2.53263330459595,1
1963,3,0.903599977493286,6.0,5.0,0
1964,5,0.488004803657532,6.0,5.0,1
1965,4,0.315829992294312,3.0,6.0,1
1966,3,0.261489987373352,1.0,1.2504585981369,1
1967,5,0.394959986209869,3.0,6.95766973495483,1
1968,3,0.381099998950958,2.0,2.0,0
1969,5,0.267989993095398,1.0,1.0,0
1970,4,0.84213000535965,3.0,3.0,1
1971,5,0.785520017147064,5.0,5.76541662216187,0
1972,4,0.511519968509674,5.0,5.0,0
1973,4,0.518409967422485,5.0,4.0,1
1974,1,0.516635477542877,3.0,2.13010191917419,1
1975,4,0.265219986438751,1.0,4.38942718505859,1
1976,3,0.343410015106201,6.0,4.0,1
1977,3,0.261489987373352,6.0,6.1735029220581,1
1978,4,0.261489987373352,2.0,3.65191650390625,1
1979,4,0.511519968509674,4.0,6.50056219100952,0
1980,3,0.343410015106201,3.0,2.0,1
1981,3,0.628920435905457,1.0,3.0,1
1982,5,0.403084754943848,3.0,4.14224863052368,1
1983,5,0.785520017147064,4.0,4.38329124450684,1
1984,4,0.394959986209869,4.0,3.3623628616333,1
1985,5,0.785520017147064,4.0,2.0,1
1986,4,0.267989993095398,2.0,1.0,1
1987,5,0.315829992294312,1.0,3.0624361038208,0
1988,5,0.381099998950958,3.0,2.0,0
1989,4,0.267989993095398,1.0,2.0,1
1990,2,0.267989993095398,3.0,7.0,0
1991,3,0.532429993152618,5.0,4.0,0
1992,3,0.903599977493286,1.0,4.0,0
1993,5,0.785520017147064,6.0,5.15248775482178,1
1994,3,0.477019995450974,4.0,2.5284206867218,1
1995,3,0.464700013399124,1.0,6.0,1
1996,3,0.335929989814758,1.0,3.0,0
1997,3,0.343410015106201,5.0,3.0,1
1998,2,0.606983125209808,6.0,3.0,1
1999,4,0.440597921609879,2.0,1.0,0
2000,4,0.785520017147064,4.0,4.31852006912231,0
2001,3,0.487359970808029,2.0,2.82514405250549,0
2002,3,0.487359970808029,1.0,6.0,0
2003,3,0.785520017147064,6.0,4.0,0
2004,2,0.217367872595787,1.0,4.0,1
2005,5,0.407070010900497,7.0,5.0,1
2006,5,0.343410015106201,1.0,2.55788326263428,1
2007,2,0.461620002985001,1.0,2.0,0
2008,4,0.477019995450974,3.0,4.0,0
2009,4,0.688880026340485,1.0,4.0,1
2010,5,0.414970010519028,2.0,5.0,0
2011,3,0.407070010900497,6.0,5.0,1
2012,3,0.407070010900497,1.0,2.93337106704712,1
2013,4,0.614226460456848,5.0,2.31868529319763,1
2014,3,0.673849999904633,4.0,4.0,1
2015,3,0.614226460456848,2.0,4.16766548156738,0
2016,4,0.400240004062653,2.0,2.85568451881409,1
2017,5,0.408600002527237,7.0,5.0,0
2018,3,0.688880026340485,1.0,4.0,1
2019,3,0.903599977493286,6.0,5.0,0
2020,3,0.427269995212555,5.0,4.0,0
2021,5,0.62978994846344,4.0,4.0,0
2022,4,0.265219986438751,6.0,3.0,1
2023,5,0.267989993095398,2.0,4.0675048828125,0
2024,3,0.673849999904633,5.0,3.0,0
2025,3,0.529449999332428,6.0,3.26795625686646,1
2026,3,0.340220004320145,3.0,1.75678980350494,1
2027,5,0.532429993152618,6.0,5.04456758499146,0
2028,3,0.267989993095398,3.0,2.0,1
2029,5,0.511519968509674,6.0,4.0,0
2030,3,0.487359970808029,6.0,4.6466121673584,0
2031,5,0.461620002985001,3.0,4.0,0
2032,3,0.84213000535965,1.0,2.0,0
2033,5,0.408399999141693,3.0,3.19367861747742,1
2034,2,0.545360684394836,3.0,6.0,0
2035,5,0.673849999904633,5.0,4.58463096618652,1
2036,2,1.10091006755829,2.0,3.0,1
2037,3,0.507439970970154,7.0,6.0,1
2038,4,0.614226460456848,2.0,4.0,0
2039,3,0.464700013399124,3.0,2.0,1
2040,3,0.261489987373352,3.0,1.0,0
2041,5,0.62978994846344,1.0,4.84627532958984,0
2042,3,0.261489987373352,1.0,6.0,1
2043,5,0.343410015106201,2.0,3.65521883964539,1
2044,5,0.461620002985001,3.0,1.89109170436859,0
2045,5,0.400240004062653,4.0,4.0,1
2046,4,0.518409967422485,5.0,6.0,1
2047,5,0.115804851055145,1.0,3.91669154167175,1
2048,4,0.267989993095398,1.0,3.76519393920898,1
2049,4,0.532429993152618,2.0,5.0,0
2050,5,0.30488720536232,5.15921926498413,5.95806837081909,0
2051,3,0.464899986982346,2.0,4.51057577133179,1
2052,3,0.487359970808029,5.0,4.19177722930908,0
2053,5,0.785520017147064,6.0,5.0,0
2054,3,0.336679995059967,1.0,2.0,0
2055,5,0.532429993152618,3.0,4.0,0
2056,4,0.427269995212555,3.0,4.74531698226929,1
2057,2,0.207812517881393,6.0,2.65101194381714,1
2058,3,0.614226460456848,5.0,5.0,1
2059,3,0.315829992294312,4.0,1.0,1
2060,3,0.446730017662048,3.0,4.03008937835693,1
2061,5,0.320780009031296,2.0,4.0,1
2062,2,0.785520017147064,1.0,3.0,0
2063,3,0.477019995450974,1.0,3.71349763870239,0
2064,5,0.673849999904633,2.0,2.0,1
2065,4,1.10091006755829,4.0,4.0,0
2066,4,0.518409967422485,3.0,3.0,0
2067,5,0.600469946861267,3.0,3.0,1
2068,2,0.532429993152618,2.0,3.0,0
2069,3,0.600469946861267,5.0,4.0,1
2070,2,0.487359970808029,3.0,1.95509946346283,0
2071,2,0.600469946861267,3.0,2.0,1
2072,5,0.394959986209869,2.0,2.70801973342896,1
2073,5,0.394959986209869,4.0,5.90478515625,1
2074,3,0.394959986209869,7.0,6.0,1
2075,5,0.394959986209869,2.0,2.58836054801941,1
2076,3,0.609759986400604,6.0,3.0,1
2077,4,0.267989993095398,6.0,4.0,1
2078,5,0.600469946861267,7.0,5.0,1
2079,4,0.581430017948151,3.0,3.0,0
2080,3,0.265219986438751,7.0,6.4179368019104,0
2081,5,0.477019995450974,5.0,6.28865432739258,0
2082,3,0.414970010519028,6.0,6.0,0
2083,3,0.511519968509674,7.0,4.0,0
2084,5,0.461620002985001,7.0,6.0,0
2085,4,0.461620002985001,6.0,4.0,0
2086,3,0.785520017147064,1.0,2.0,1
2087,1,0.487359970808029,1.0,6.01172256469727,0
2088,5,0.320780009031296,5.0,7.0,1
2089,4,0.600469946861267,6.0,6.0,0
2090,3,0.62365996837616,5.0,3.0,0
2091,3,0.688880026340485,3.0,3.0,1
2092,3,0.487274438142776,2.0,2.24180722236633,1
2093,5,0.427269995212555,4.0,6.0,0
2094,3,0.267989993095398,1.0,2.37892150878906,1
2095,3,0.600469946861267,1.0,2.0,0
2096,3,0.394959986209869,6.0,6.0,1
2097,5,0.546814978122711,6.0,3.09556889533997,1
2098,5,0.309140026569366,3.0,4.32818174362183,0
2099,3,0.461620002985001,4.0,3.0,0
2100,3,0.320780009031296,1.0,5.25810956954956,1
2101,3,0.265219986438751,2.0,4.45419263839722,1
2102,3,0.427269995212555,5.0,5.0,1
2103,5,0.487359970808029,7.0,5.1376428604126,0
2104,2,0.408399999141693,3.0,5.0,0
2105,3,0.785520017147064,6.0,6.0,1
2106,4,0.33044821023941,1.0,4.0,1
2107,4,0.343410015106201,7.0,4.0,0
2108,4,0.377058118581772,3.0,4.63058757781982,1
2109,4,0.673849999904633,6.0,5.0,0
2110,4,0.335929989814758,4.0,5.0,0
2111,5,0.600469946861267,3.0,2.0,1
2112,4,0.592509984970093,7.0,4.0,1
2113,4,0.592509984970093,1.0,4.93457221984863,0
2114,4,0.267989993095398,2.0,5.0,1
2115,4,0.466558665037155,3.0,1.1597728729248,1
2116,4,0.644749999046326,6.0,6.04186201095581,0
2117,3,0.408399999141693,3.0,3.0,1
2118,4,0.189989998936653,7.0,6.0,1
2119,5,0.592509984970093,4.0,2.47770619392395,0
2120,4,0.785520017147064,7.0,6.0,1
2121,5,0.267989993095398,7.0,5.0,1
2122,4,0.701979994773865,3.0,5.0,0
2123,3,0.688880026340485,2.0,4.0,1
2124,4,0.785520017147064,6.0,5.0,0
2125,2,1.10091006755829,1.0,2.0,1
2126,4,0.785520017147064,1.0,3.0,0
2127,5,0.532429993152618,7.0,5.0,0
2128,3,0.62365996837616,2.0,4.10473442077637,0
2129,3,0.461620002985001,1.0,2.0,0
2130,3,0.330567628145218,1.0,1.0,1
2131,4,0.785520017147064,6.0,4.0,1
2132,3,0.467366486787796,5.0,4.0,1
2133,3,0.673849999904633,6.0,4.0,0
2134,3,0.8400399684906,5.0,6.0,0
2135,2,0.487359970808029,4.0,3.0,0
2136,3,0.539184987545013,3.0,5.0,0
2137,3,0.62978994846344,5.0,5.0,0
2138,3,0.446730017662048,3.0,5.0,1
2139,5,0.75151002407074,1.0,1.0,0
2140,3,0.414970010519028,7.0,6.0,0
2141,2,0.518409967422485,1.0,1.0,1
2142,3,0.364969998598099,1.0,2.0,1
2143,3,0.446730017662048,2.0,4.28496932983398,1
2144,3,0.785520017147064,2.0,3.0,0
2145,5,0.785520017147064,2.0,2.0,1
2146,3,0.673849999904633,5.0,5.7849440574646,0
2147,5,0.511519968509674,5.0,5.0,0
2148,5,0.518409967422485,7.0,6.0,1
2149,3,0.609759986400604,6.0,6.0,0
2150,3,0.343410015106201,2.0,3.0,1
2151,3,0.343410015106201,4.0,5.0,1
2152,5,0.22149783372879,6.0,4.22697734832764,1
2153,4,0.511519968509674,7.0,6.0,0
2154,3,0.267989993095398,1.0,3.0,0
2155,3,0.614226460456848,1.0,6.0,0
2156,4,0.414970010519028,2.0,4.0,0
2157,4,0.343410015106201,2.0,2.0,1
2158,5,0.427269995212555,3.0,6.0,0
2159,5,0.320780009031296,6.0,5.0,1
2160,4,0.532539963722229,6.0,4.41476488113403,1
2161,1,0.614226460456848,2.0,3.0,1
2162,5,0.545379996299744,1.0,5.0,1
2163,3,0.414970010519028,7.0,5.0,0
2164,4,0.461620002985001,3.0,3.0,0
2165,3,0.579832315444946,6.0,5.0,1
2166,5,0.385200023651123,4.0,5.0,0
2167,3,0.385200023651123,5.0,4.66583776473999,1
2168,3,0.592509984970093,3.0,3.0,0
2169,2,0.529449999332428,1.0,4.0,1
2170,3,0.408399999141693,2.0,2.34979248046875,0
2171,4,0.487359970808029,6.0,6.0,0
2172,1,0.464700013399124,6.0,6.0,1
2173,4,0.777340054512024,6.0,4.0,1
2174,3,0.396407634019852,6.0,5.0,1
2175,3,0.487359970808029,1.0,3.68340110778809,0
2176,4,0.288071721792221,7.0,4.0,1
2177,5,0.528943538665771,6.0,5.0,1
2178,3,0.65021002292633,5.0,4.0,0
2179,5,0.511519968509674,7.0,4.0,0
2180,4,0.785520017147064,6.0,5.0,0
2181,5,0.614226460456848,3.0,2.83817958831787,1
2182,3,0.511519968509674,4.0,3.0,0
2183,5,0.320780009031296,6.0,5.92729806900024,1
2184,4,0.464700013399124,2.0,5.0,1
2185,5,0.414970010519028,7.0,4.0,1
2186,4,0.414970010519028,3.0,5.0,0
2187,5,0.408399999141693,4.0,5.0,0
2188,3,0.673849999904633,5.0,6.0,1
2189,4,0.414970010519028,1.54529070854187,3.0,0
2190,4,0.62365996837616,1.0,5.0,0
2191,2,0.785520017147064,2.0,4.0,1
2192,4,0.688880026340485,3.0,6.0,1
2193,3,0.364969998598099,1.0,5.0,1
2194,2,0.673849999904633,7.0,6.0,0
2195,2,0.673849999904633,1.0,2.0,1
2196,3,0.614226460456848,2.0,4.0,0
2197,3,0.673849999904633,1.0,3.0,0
2198,3,0.267989993095398,1.0,6.0,1
2199,1,0.644749999046326,6.0,5.0,0
2200,3,0.256919741630554,4.0,4.0,1
2201,3,0.518565952777863,6.0,4.0,1
2202,4,0.334771305322647,3.0,4.0,1
2203,3,0.390350013971329,2.0,6.0,0
2204,5,0.343410015106201,5.0,4.0,0
2205,3,0.189989998936653,6.01695585250854,2.85508799552917,1
2206,3,0.532429993152618,1.0,2.0,0
2207,3,0.903599977493286,6.0,4.0,0
2208,4,0.414970010519028,3.0,4.0,0
2209,3,0.367390006780624,6.0,4.50045347213745,1
2210,5,0.511519968509674,6.0,7.0,0
2211,3,0.364969998598099,4.0,4.0,1
2212,4,0.320780009031296,7.0,6.0,1
2213,3,0.375260472297668,4.0,3.89777660369873,1
2214,4,0.673849999904633,3.0,5.0,1
2215,4,0.63177502155304,3.0,4.04262495040894,0
2216,3,0.688880026340485,6.0,2.66728186607361,1
2217,3,0.387620002031326,5.0,5.0,0
2218,4,0.609759986400604,5.0,3.0,1
2219,2,0.320780009031296,1.0,4.78237819671631,1
2220,1,0.688880026340485,1.0,4.0,1
2221,3,0.364969998598099,5.0,5.59945774078369,1
2222,3,0.592509984970093,2.0,4.14288520812988,0
2223,2,0.62365996837616,3.0,3.0,0
2224,3,0.785520017147064,6.0,5.0,0
2225,5,0.520840048789978,2.0,2.0,0
2226,5,0.461620002985001,1.0,3.0,0
2227,3,0.387681275606155,3.0,4.0,1
2228,5,0.367390006780624,6.0,4.0,0
2229,4,0.414970010519028,1.0,4.0,0
2230,5,0.258272081613541,4.80727243423462,4.94134759902954,1
2231,4,0.477019995450974,6.0,4.0,0
2232,4,0.483079999685287,1.0,3.0,1
2233,5,0.785520017147064,1.0,3.0,1
2234,5,0.414970010519028,4.0,4.0079460144043,1
2235,1,0.65021002292633,4.0,5.0,0
2236,5,0.408600002527237,3.0,4.0,1
2237,2,1.13774001598358,3.0,2.0,0
2238,1,0.265219986438751,3.0,1.0,1
2239,2,0.394959986209869,2.0,3.91957354545593,1
2240,5,0.404227375984192,3.0,3.78385376930237,1
2241,4,0.477019995450974,5.0,3.99579930305481,0
2242,3,0.461620002985001,6.0,5.0,0
2243,5,0.785520017147064,2.0,4.02649211883545,0
2244,2,0.600469946861267,2.0,2.0,1
2245,2,1.13774001598358,3.0,4.0,0
2246,4,0.401980012655258,4.0,2.04482913017273,0
2247,3,0.511519968509674,3.0,3.10351705551147,0
2248,4,0.320780009031296,6.0,5.0,0
2249,3,0.600469946861267,7.0,6.0,1
2250,4,0.0722308605909348,4.26087379455566,4.51906776428223,1
2251,3,0.600469946861267,6.0,4.0,1
2252,2,0.189989998936653,2.0,3.03043031692505,1
2253,5,0.52295708656311,7.0,5.0,0
2254,4,0.408399999141693,6.0,4.0,0
2255,3,0.394959986209869,3.0,4.34115266799927,1
2256,3,0.345447093248367,7.0,6.0,1
2257,4,0.698559999465942,4.0,3.85172200202942,1
2258,4,0.785520017147064,3.0,4.0,1
2259,5,0.267989993095398,2.0,4.47774791717529,1
2260,5,0.8400399684906,7.0,5.0,1
2261,4,0.408399999141693,4.0,4.0,0
2262,3,0.644749999046326,6.0,5.0,0
2263,3,0.785520017147064,2.0,4.0,0
2264,5,0.600469946861267,1.0,1.0,1
2265,4,0.267989993095398,5.0,6.0,1
2266,5,0.408600002527237,2.0,1.0,1
2267,3,0.464700013399124,2.0,3.37874054908752,1
2268,2,0.400240004062653,4.0,6.0,1
2269,3,0.614226460456848,2.0,2.82084894180298,0
2270,5,0.343410015106201,3.0,2.10850071907043,1
2271,3,0.387620002031326,2.0,2.0,1
2272,4,0.477019995450974,3.0,6.0,0
2273,4,0.367390006780624,1.0,4.56431102752686,0
2274,4,0.413332492113113,5.0,4.0,1
2275,3,0.364969998598099,2.0,5.40414810180664,1
2276,3,0.649201273918152,7.0,6.0,1
2277,4,0.785520017147064,7.0,6.0,1
2278,4,0.335929989814758,6.0,5.0,1
2279,5,0.267989993095398,2.0,4.0,0
2280,3,0.36285999417305,4.0,7.0,1
2281,3,0.315829992294312,1.0,4.19625616073608,1
2282,4,0.614226460456848,3.0,1.0,0
2283,4,0.644749999046326,2.0,3.98863434791565,0
2284,3,0.364969998598099,1.0,2.0,1
2285,4,0.785520017147064,1.0,2.0,1
2286,5,0.265219986438751,2.0,4.63732528686523,0
2287,3,0.662460029125214,7.0,5.0,0
2288,5,0.407070010900497,6.0,6.0,1
2289,5,0.170964106917381,3.0,3.40164637565613,1
2290,4,0.315829992294312,1.0,3.69772577285767,0
2291,5,0.903599977493286,6.0,6.0,0
2292,3,0.62365996837616,3.52083396911621,4.02649021148682,0
2293,4,0.785520017147064,7.0,5.0,0
2294,3,0.673849999904633,6.0,5.0,0
2295,2,0.903599977493286,2.0,2.0,1
2296,4,0.265219986438751,6.0,4.0,1
2297,3,0.903599977493286,7.0,6.0,0
2298,5,0.655485451221466,6.0,4.0,1
2299,5,0.464700013399124,5.0,4.0,1
2300,4,0.532429993152618,7.0,6.0,0
2301,5,0.679729163646698,1.0,3.0,1
2302,3,0.511519968509674,4.0,4.07758092880249,0
2303,3,0.477019995450974,3.0,3.94094109535217,0
2304,4,0.62365996837616,5.0,5.01406669616699,0
2305,3,0.785520017147064,1.0,5.0,1
2306,3,0.785520017147064,7.0,6.0,0
2307,3,0.265219986438751,2.04436326026917,3.99587869644165,0
2308,4,0.267989993095398,3.0,3.77699327468872,1
2309,3,0.65021002292633,2.0,3.0,1
2310,5,0.36285999417305,2.0,5.0,0
2311,4,0.785520017147064,7.0,6.0,0
2312,3,0.336679995059967,1.0,7.0,1
2313,3,0.394959986209869,1.0,4.0,1
2314,5,0.600469946861267,3.0,5.0,0
2315,1,0.785520017147064,3.0,3.0,1
2316,3,0.461620002985001,1.0,3.0,0
2317,4,0.511519968509674,5.0,4.0,0
2318,4,0.8400399684906,4.0,5.0,0
2319,4,0.688880026340485,6.0,5.0,1
2320,3,0.614226460456848,2.0,4.0,1
2321,5,0.261489987373352,1.0,4.0,1
2322,5,0.785520017147064,5.0,4.0,1
2323,3,0.785520017147064,3.0,3.0,0
2324,3,0.407070010900497,1.0,4.0,1
2325,3,0.511519968509674,6.13003301620483,4.0,0
2326,4,0.320780009031296,4.0,3.0,1
2327,3,0.309140026569366,7.0,6.0,0
2328,2,0.673849999904633,2.0,5.0,1
2329,2,0.487359970808029,6.0,4.0,0
2330,5,0.723892986774445,2.0,2.64017486572266,1
2331,4,0.427269995212555,2.0,5.9967851638794,1
2332,3,0.308121651411057,1.0,1.0,0
2333,4,0.719575822353363,7.0,6.0,0
2334,3,0.367390006780624,4.0,4.74721956253052,1
2335,5,0.343410015106201,1.0,1.0,1
2336,4,0.461620002985001,1.0,3.60895776748657,1
2337,4,0.482504904270172,5.0,2.0,1
2338,3,0.65021002292633,3.0,2.0,0
2339,3,0.614226460456848,1.0,4.0,0
2340,1,0.518409967422485,4.0,6.0,0
2341,4,0.614226460456848,1.0,3.36371421813965,1
2342,4,0.785520017147064,4.0,5.0,1
2343,3,0.461620002985001,2.0,5.20006990432739,1
2344,5,0.511519968509674,6.0,4.0,0
2345,5,0.312420010566711,2.0,2.0,1
2346,4,0.487359970808029,1.0,1.30248057842255,0
2347,5,0.581430017948151,5.0,6.0,0
2348,4,0.661670744419098,1.0,4.0,1
2349,4,0.600469946861267,1.0,4.0,1
2350,5,0.785520017147064,4.0,4.0,1
2351,3,0.390350013971329,5.0,4.0,0
2352,4,0.511519968509674,5.0,4.0,0
2353,3,0.315829992294312,1.0,2.47767519950867,1
2354,3,0.400240004062653,4.0,3.0,1
2355,3,0.343410015106201,7.0,6.0,1
2356,5,0.487359970808029,6.0,4.0,0
2357,5,0.511519968509674,6.0,4.0,0
2358,3,0.592509984970093,5.0,5.15882873535156,0
2359,3,0.461620002985001,1.0,6.0,0
2360,4,0.609759986400604,7.0,4.0,1
2361,3,0.312420010566711,1.0,3.0,0
2362,5,0.84213000535965,7.0,4.0,1
2363,3,0.315829992294312,1.0,3.30854797363281,0
2364,3,0.785520017147064,5.0,5.0,0
2365,3,0.401980012655258,1.0,3.0,0
2366,3,0.267989993095398,3.0,3.0,1
2367,3,0.785520017147064,1.0,4.87539386749268,0
2368,1,0.65021002292633,5.0,6.0,0
2369,3,0.400240004062653,3.0,6.0,1
2370,3,0.335929989814758,6.0,5.60483121871948,0
2371,2,0.673849999904633,1.0,3.0,1
2372,2,0.673849999904633,6.0,2.0,1
2373,5,0.477019995450974,7.0,6.12047815322876,0
2374,4,0.36285999417305,2.0,2.0,0
2375,2,0.673849999904633,6.0,6.0,0
2376,4,0.461620002985001,2.0,4.0,0
2377,3,0.267989993095398,7.0,4.0,1
2378,3,0.267989993095398,5.0,4.0,0
2379,3,0.320780009031296,5.0,3.73495411872864,1
2380,3,0.407070010900497,7.0,6.74074935913086,0
2381,3,0.449400871992111,6.0,6.72705459594727,1
2382,3,0.400240004062653,1.0,6.0,1
2383,4,0.343410015106201,3.0,6.0,0
2384,5,0.511519968509674,1.0,2.0,0
2385,1,0.312420010566711,1.0,1.0,1
2386,5,0.320780009031296,1.0,2.0,1
2387,5,0.688880026340485,5.0,5.0,1
2388,4,1.10091006755829,7.0,6.0,0
2389,3,1.10091006755829,5.0,6.0,1
2390,3,0.644749999046326,3.0,3.0,0
2391,2,0.673849999904633,7.0,5.0,1
2392,3,0.785520017147064,5.0,6.0,0
2393,5,0.440597921609879,1.0,1.0,1
2394,2,0.903599977493286,4.0,2.0,0
2395,5,0.785520017147064,6.0,6.02259540557861,1
2396,5,0.785520017147064,1.0,6.39080810546875,1
2397,2,0.673849999904633,1.0,2.0,0
2398,3,0.312420010566711,5.0,6.0,1
2399,3,0.511519968509674,2.0,5.0,0
2400,4,0.394959986209869,5.0,5.0,1
2401,5,0.461620002985001,1.0,3.16332697868347,0
2402,3,0.464700013399124,1.0,4.04760885238647,1
2403,5,0.793409943580627,3.0,3.0,0
2404,3,0.390350013971329,1.0,7.0,0
2405,4,0.532429993152618,4.0,6.0,0
2406,3,0.713572263717651,4.0,2.0,0
2407,4,0.364969998598099,2.0,3.0,1
2408,3,0.267989993095398,5.0,5.0,0
2409,5,0.609759986400604,3.0,3.78919315338135,1
2410,3,0.308062046766281,2.0,5.0,1
2411,1,0.320780009031296,4.0,6.0,1
2412,5,0.367390006780624,2.0,1.84879982471466,0
2413,4,0.392080992460251,4.0,4.46855449676514,1
2414,4,0.401980012655258,2.0,4.0,0
2415,4,0.265219986438751,6.0,7.0,1
2416,3,0.511519968509674,2.0,2.0,0
2417,4,0.309140026569366,-0.3387111723423,4.67521715164185,1
2418,5,0.400240004062653,3.0,4.4802827835083,1
2419,3,0.75151002407074,5.0,6.0,0
2420,3,0.600469946861267,6.0,6.0,1
2421,5,0.609759986400604,4.0,5.0,1
2422,4,0.275413513183594,4.0,5.0,1
2423,5,0.267989993095398,4.0,2.56483483314514,1
2424,3,0.265219986438751,6.0,6.82197380065918,0
2425,3,0.394959986209869,1.0,2.0,1
2426,3,0.600469946861267,3.0,4.0,0
2427,4,0.367390006780624,6.0,5.0,1
2428,4,0.461620002985001,6.0,6.27407121658325,0
2429,3,0.381099998950958,1.0,4.0,0
2430,3,0.408399999141693,5.0,6.0,0
2431,3,0.315829992294312,4.0,2.0,1
2432,3,0.785520017147064,1.0,2.0,1
2433,4,0.636274516582489,7.0,4.0,1
2434,4,0.394959986209869,5.0,4.20640325546265,1
2435,5,0.261489987373352,2.0,3.17840194702148,1
2436,1,0.400240004062653,4.0,5.0,1
2437,5,0.644749999046326,1.0,3.0,1
2438,5,0.673849999904633,7.0,7.0,0
2439,4,0.267989993095398,3.0,4.0,1
2440,3,0.268723398447037,3.0,3.27185583114624,1
2441,2,0.394959986209869,2.0,5.91854667663574,1
2442,5,0.343410015106201,3.0,4.0,1
2443,5,0.487359970808029,2.0,2.78219127655029,1
2444,5,0.65021002292633,7.0,6.0,1
2445,4,0.364969998598099,1.0,6.0,1
2446,4,0.785520017147064,2.0,4.55734968185425,0
2447,3,0.600469946861267,1.0,2.0,1
2448,3,0.592509984970093,2.0,4.0,1
2449,3,0.62978994846344,5.0,6.0,0
2450,3,0.394959986209869,4.0,3.27048420906067,1
2451,5,0.532429993152618,4.0,5.0,0
2452,5,0.581430017948151,7.0,5.0,0
2453,5,0.592509984970093,2.0,3.0,1
2454,3,0.408399999141693,7.0,4.0,0
2455,4,0.394959986209869,6.0,4.0,0
2456,4,0.511519968509674,5.0,5.0,0
2457,4,0.614226460456848,6.0,5.0,0
2458,5,0.592509984970093,4.0,7.0,0
2459,2,0.401980012655258,1.0,3.75979113578796,1
2460,3,0.903599977493286,3.0,5.0,0
2461,4,0.785520017147064,2.0,5.0,1
2462,5,0.279592037200928,1.0,2.74046778678894,1
2463,5,0.401980012655258,1.0,2.0,1
2464,3,0.461620002985001,4.0,7.31423473358154,0
2465,4,0.267989993095398,2.0,4.0,1
2466,1,0.461620002985001,1.0,1.11855340003967,0
2467,3,0.785520017147064,7.0,6.0,0
2468,4,0.600469946861267,2.0,4.0,1
2469,3,0.376436561346054,3.0,4.0,1
2470,4,0.785520017147064,5.0,2.95935654640198,1
2471,3,0.688880026340485,1.0,3.0,1
2472,4,0.62978994846344,2.0,3.0,0
2473,3,0.785520017147064,1.0,2.7237753868103,1
2474,5,0.387620002031326,1.0,1.0,1
2475,4,0.312420010566711,4.0,2.97454380989075,1
2476,3,0.29300332069397,1.0,4.0,1
2477,3,0.24189019203186,1.0,6.0,1
2478,3,0.267989993095398,1.0,5.23932456970215,0
2479,3,0.592509984970093,2.0,1.6560183763504,0
2480,4,0.609759986400604,7.0,5.0,1
2481,1,0.312420010566711,1.0,6.0,1
2482,4,0.785520017147064,2.0,3.0,0
2483,5,0.53446900844574,4.0,4.0,0
2484,3,0.815292716026306,6.0,3.0,1
2485,1,0.673849999904633,6.0,6.0,1
