,n,r,x,var,block
1,87,76,19,1,A
2,119,8,14,2,A
3,94,74,9,3,A
4,95,11,12,4,A
5,134,0,12,5,A
6,92,0,3,6,A
7,118,11,17,7,A
8,70,32,3,8,A
9,128,33,3,9,A
10,85,14,21,10,A
11,77,3,8,11,A
12,29,3,3,12,A
13,109,28,7,13,A
14,209,63,10,14,A
15,89,3,7,15,A
16,171,16,14,16,A
17,243,11,17,17,A
18,109,2,14,18,A
19,66,8,18,19,A
20,177,62,12,20,A
21,124,14,18,21,A
22,159,34,10,22,A
23,68,0,6,23,A
24,136,13,12,24,A
25,86,7,10,25,A
26,75,12,16,26,A
27,100,0,13,27,A
28,147,22,18,28,A
29,49,5,6,29,A
30,111,17,13,30,A
31,134,0,8,31,A
32,179,15,32,32,A
33,120,20,5,33,A
34,169,27,6,34,A
35,45,0,2,35,A
36,105,0,10,36,A
37,65,6,7,37,A
38,192,25,15,38,A
39,92,2,18,39,A
40,212,112,12,40,A
41,79,9,10,41,A
42,119,10,15,42,A
43,97,0,10,43,A
44,129,1,9,44,A
45,72,27,8,45,A
46,70,70,12,1,B
47,125,21,13,2,B
48,105,95,9,3,B
49,104,21,12,4,B
50,115,6,25,5,B
51,195,63,17,6,B
52,111,7,15,7,B
53,131,22,6,8,B
54,108,77,3,9,B
55,121,12,21,10,B
56,74,0,4,11,B
57,111,26,5,12,B
58,120,50,10,13,B
59,231,105,12,14,B
60,113,18,12,15,B
61,131,32,15,16,B
62,222,9,9,17,B
63,109,0,12,18,B
64,161,36,19,19,B
65,112,9,14,20,B
66,121,17,16,21,B
67,191,110,10,22,B
68,85,0,8,23,B
69,143,14,17,24,B
70,82,7,12,25,B
71,105,22,13,26,B
72,140,8,15,27,B
73,167,7,11,28,B
74,38,0,3,29,B
75,81,13,11,30,B
76,162,1,6,31,B
77,243,11,18,32,B
78,66,18,5,33,B
79,120,25,6,34,B
80,133,0,6,35,B
81,119,10,15,36,B
82,92,43,6,37,B
83,162,6,26,38,B
84,131,17,26,39,B
85,108,48,9,40,B
86,46,0,5,41,B
87,147,16,20,42,B
88,130,11,14,43,B
89,148,0,17,44,B
90,100,64,17,45,B
91,73,54,25,1,C
92,130,10,12,2,C
93,71,44,6,3,C
94,104,15,13,4,C
95,195,3,19,5,C
96,99,21,11,6,C
97,63,8,12,7,C
98,85,28,5,8,C
99,59,11,4,9,C
100,113,13,28,10,C
101,63,0,3,11,C
102,50,3,1,12,C
103,102,36,10,13,C
104,223,59,10,14,C
105,91,5,15,15,C
106,169,4,7,16,C
107,130,57,7,17,C
108,103,0,8,18,C
109,98,22,17,19,C
110,173,92,17,20,C
111,152,21,22,21,C
112,137,57,7,22,C
113,33,0,5,23,C
114,123,24,10,24,C
115,88,0,11,25,C
116,99,8,9,26,C
117,153,1,9,27,C
118,154,6,16,28,C
119,78,4,12,29,C
120,80,6,17,30,C
121,161,0,13,31,C
122,184,7,25,32,C
123,69,18,2,33,C
124,141,10,8,34,C
125,113,8,4,35,C
126,132,2,10,36,C
127,63,24,3,37,C
128,161,22,19,38,C
129,111,10,20,39,C
130,78,8,7,40,C
131,71,0,6,41,C
132,118,16,20,42,C
133,84,6,8,43,C
134,175,0,12,44,C
135,143,42,24,45,C
136,59,39,14,1,D
137,177,26,15,2,D
138,48,38,3,3,D
139,165,41,11,4,D
140,150,5,15,5,D
141,135,47,19,6,D
142,97,15,11,7,D
143,75,18,3,8,D
144,51,11,3,9,D
145,135,28,19,10,D
146,102,0,6,11,D
147,57,39,4,12,D
148,58,13,9,13,D
149,157,23,9,14,D
150,94,1,13,15,D
151,172,69,10,16,D
152,105,24,2,17,D
153,147,1,10,18,D
154,94,30,36,19,D
155,106,23,10,20,D
156,137,15,13,21,D
157,243,131,17,22,D
158,137,4,10,23,D
159,104,2,17,24,D
160,116,3,13,25,D
161,102,13,10,26,D
162,151,3,15,27,D
163,113,7,15,28,D
164,67,3,8,29,D
165,111,13,12,30,D
166,132,0,12,31,D
167,220,6,14,32,D
168,67,2,4,33,D
169,146,10,9,34,D
170,110,0,4,35,D
171,93,2,11,36,D
172,79,11,3,37,D
173,167,36,26,38,D
174,144,16,14,39,D
175,182,63,17,40,D
176,61,2,8,41,D
177,154,12,35,42,D
178,98,0,8,43,D
179,129,9,14,44,D
180,130,24,20,45,D
