,state,year,vote,income,education,age,female
1,AR,2000,1,9,2,73,0
2,AR,2000,1,11,2,24,0
3,AR,2000,0,12,2,24,1
4,AR,2000,1,16,4,40,0
5,AR,2000,1,10,4,85,1
6,AR,2000,1,12,3,78,1
7,AR,2000,0,14,4,31,0
8,AR,2000,1,10,1,75,0
9,AR,2000,1,17,2,54,0
10,AR,2000,1,8,1,78,0
11,AR,2000,1,15,3,71,0
12,AR,2000,1,13,3,40,1
13,AR,2000,1,10,2,46,0
14,AR,2000,1,9,2,71,1
15,AR,2000,1,5,2,20,1
16,AR,2000,1,10,3,60,0
17,AR,2000,1,8,2,45,0
18,AR,2000,1,14,1,45,0
19,AR,2000,1,14,2,20,1
20,AR,2000,1,6,1,77,0
21,AR,2000,0,17,2,50,1
22,AR,2000,1,12,2,65,0
23,AR,2000,1,6,1,84,1
24,AR,2000,1,13,2,56,1
25,AR,2000,1,7,1,56,0
26,AR,2000,1,15,4,44,0
27,AR,2000,1,16,2,50,0
28,AR,2000,1,8,2,31,1
29,AR,2000,1,16,4,64,0
30,AR,2000,1,10,1,80,0
31,AR,2000,0,9,1,37,0
32,AR,2000,1,16,2,55,1
33,AR,2000,1,16,2,37,0
34,AR,2000,1,11,2,53,1
35,AR,2000,1,9,3,50,0
36,AR,2000,1,7,4,41,0
37,AR,2000,1,9,2,56,0
38,AR,2000,1,11,2,42,0
39,AR,2000,1,17,4,35,1
40,AR,2000,1,5,2,77,1
41,AR,2000,1,5,1,85,1
42,AR,2000,1,6,3,79,1
43,AR,2000,0,4,1,23,1
44,AR,2000,1,17,4,62,0
45,AR,2000,1,8,2,45,0
46,AR,2000,1,8,3,71,0
47,AR,2000,1,17,4,59,0
48,AR,2000,1,13,4,25,1
49,AR,2000,1,10,3,66,0
50,AR,2000,1,4,3,36,1
51,AR,2000,0,16,3,28,0
52,AR,2000,1,17,4,63,0
53,AR,2000,0,9,1,63,0
54,AR,2000,1,7,2,85,1
55,AR,2000,0,4,2,23,1
56,AR,2000,1,16,2,18,1
57,AR,2000,1,16,4,59,0
58,AR,2000,1,10,2,44,1
59,AR,2000,1,8,2,54,1
60,AR,2000,1,15,4,46,1
61,AR,2000,1,16,3,29,1
62,AR,2000,0,10,2,21,0
63,AR,2000,1,16,3,58,0
64,AR,2000,1,12,3,19,1
65,AR,2000,0,7,2,50,1
66,AR,2000,1,16,2,67,1
67,AR,2000,0,4,2,30,0
68,AR,2000,1,9,2,69,0
69,AR,2000,1,13,3,30,0
70,AR,2000,0,10,4,47,1
71,AR,2000,1,9,2,62,1
72,AR,2000,0,11,2,35,0
73,AR,2000,1,9,3,44,1
74,AR,2000,1,6,2,25,1
75,AR,2000,1,15,3,43,1
76,AR,2000,1,13,3,39,1
77,AR,2000,1,12,2,80,0
78,AR,2000,1,12,2,81,1
79,AR,2000,1,4,1,85,1
80,AR,2000,1,17,3,28,1
81,AR,2000,0,15,2,49,1
82,AR,2000,1,16,3,29,1
83,AR,2000,1,16,4,50,0
84,AR,2000,1,4,2,61,0
85,AR,2000,1,10,2,34,0
86,AR,2000,1,10,1,61,0
87,AR,2000,1,16,3,28,0
88,AR,2000,1,17,4,26,1
89,AR,2000,1,16,4,25,1
90,AR,2000,0,12,2,78,0
91,AR,2000,1,6,2,62,1
92,AR,2000,1,9,4,73,0
93,AR,2000,1,15,3,19,1
94,AR,2000,1,13,3,57,0
95,AR,2000,1,14,3,60,1
96,AR,2000,0,16,2,50,0
97,AR,2000,1,15,2,59,1
98,AR,2000,0,12,3,21,1
99,AR,2000,1,9,4,54,1
100,AR,2000,0,12,4,26,0
101,AR,2000,1,4,2,26,1
102,AR,2000,0,15,4,31,1
103,AR,2000,1,11,3,69,1
104,AR,2000,1,11,4,85,1
105,AR,2000,1,9,2,77,0
106,AR,2000,1,12,4,70,1
107,AR,2000,0,4,1,73,1
108,AR,2000,1,15,2,55,1
109,AR,2000,1,12,3,60,0
110,AR,2000,1,14,2,53,0
111,AR,2000,0,8,3,23,0
112,AR,2000,1,14,3,64,0
113,AR,2000,1,10,2,28,0
114,AR,2000,1,7,3,81,1
115,AR,2000,1,11,3,45,1
116,AR,2000,0,11,2,32,0
117,AR,2000,1,11,3,63,0
118,AR,2000,1,9,2,42,0
119,AR,2000,1,11,3,69,1
120,AR,2000,1,7,2,19,0
121,AR,2000,1,12,1,58,1
122,AR,2000,0,14,2,32,1
123,AR,2000,1,14,3,44,1
124,AR,2000,1,14,3,46,1
125,AR,2000,0,16,4,23,1
126,AR,2000,1,13,3,44,0
127,AR,2000,1,9,2,67,0
128,AR,2000,1,6,1,59,1
129,AR,2000,1,9,2,23,0
130,AR,2000,1,9,2,42,1
131,AR,2000,1,17,3,56,0
132,AR,2000,1,12,3,39,1
133,AR,2000,1,13,4,60,1
134,AR,2000,1,6,2,39,1
135,AR,2000,1,16,4,37,1
136,AR,2000,1,10,3,83,1
137,AR,2000,1,13,2,52,1
138,AR,2000,1,8,1,75,1
139,AR,2000,1,17,2,50,0
140,AR,2000,1,14,2,57,1
141,AR,2000,1,14,2,56,0
142,AR,2000,1,5,1,65,1
143,AR,2000,1,14,4,52,1
144,AR,2000,1,15,2,33,1
145,AR,2000,1,7,1,70,1
146,AR,2000,0,6,3,20,0
147,AR,2000,1,5,4,51,1
148,AR,2000,1,7,1,70,0
149,AR,2000,0,13,3,36,0
150,AR,2000,1,17,3,41,0
151,AR,2000,1,16,3,63,0
152,AR,2000,1,15,3,21,1
153,AR,2000,1,17,4,46,0
154,AR,2000,1,14,2,67,1
155,AR,2000,0,9,3,44,1
156,AR,2000,1,14,3,50,0
157,AR,2000,1,17,4,26,0
158,AR,2000,0,16,4,28,0
159,AR,2000,1,12,2,55,1
160,AR,2000,1,12,3,55,0
161,AR,2000,1,4,1,71,0
162,AR,2000,1,17,4,44,1
163,AR,2000,1,9,2,45,1
164,AR,2000,0,4,1,74,0
165,AR,2000,1,15,4,49,0
166,AR,2000,0,10,2,20,1
167,AR,2000,1,7,1,70,0
168,AR,2000,1,5,1,72,1
169,AR,2000,1,10,1,23,0
170,AR,2000,1,16,3,53,0
171,AR,2000,1,8,1,65,0
172,AR,2000,1,12,3,68,1
173,AR,2000,1,14,3,45,0
174,AR,2000,1,7,3,62,0
175,AR,2000,1,8,3,31,1
176,AR,2000,1,15,2,38,1
177,AR,2000,1,13,2,58,0
178,AR,2000,1,17,4,36,1
179,AR,2000,1,13,3,36,1
180,AR,2000,1,9,1,40,1
181,AR,2000,0,15,2,60,1
182,AR,2000,1,8,3,21,1
183,AR,2000,1,13,4,38,0
184,AR,2000,1,15,2,48,0
185,AR,2000,1,8,1,18,1
186,AR,2000,1,16,3,49,0
187,AR,2000,1,13,4,34,0
188,AR,2000,1,15,3,24,1
189,AR,2000,1,15,1,43,0
190,AR,2000,1,8,1,61,0
191,AR,2000,1,9,2,36,1
192,AR,2000,1,16,4,51,1
193,AR,2000,1,14,2,50,1
194,AR,2000,1,11,3,73,1
195,AR,2000,1,16,3,51,1
196,AR,2000,1,11,1,66,0
197,AR,2000,0,9,3,80,1
198,AR,2000,1,8,2,60,1
199,AR,2000,1,15,2,58,0
200,AR,2000,1,7,1,74,1
201,AR,2000,1,17,4,46,0
202,AR,2000,1,13,4,51,1
203,AR,2000,1,14,4,63,0
204,AR,2000,1,17,4,46,1
205,AR,2000,0,8,3,23,0
206,AR,2000,0,7,2,57,1
207,AR,2000,1,14,3,72,0
208,AR,2000,1,6,1,74,1
209,AR,2000,1,9,1,72,1
210,AR,2000,1,15,3,35,0
211,AR,2000,1,9,1,84,0
212,AR,2000,1,9,2,43,0
213,AR,2000,1,15,2,24,0
214,AR,2000,1,4,1,75,0
215,AR,2000,1,15,2,35,1
216,AR,2000,1,13,4,24,1
217,AR,2000,1,6,1,77,1
218,AR,2000,1,9,2,22,0
219,AR,2000,1,6,1,83,1
220,AR,2000,1,17,2,54,1
221,AR,2000,0,11,2,20,1
222,AR,2000,1,14,2,23,1
223,AR,2000,1,11,2,76,1
224,AR,2000,1,15,4,44,1
225,AR,2000,1,6,1,85,1
226,AR,2000,1,12,3,52,0
227,AR,2000,1,10,4,35,1
228,AR,2000,1,15,4,28,1
229,AR,2000,1,14,2,43,1
230,AR,2000,1,16,4,48,0
231,AR,2000,1,17,4,34,0
232,AR,2000,0,6,1,51,0
233,AR,2000,1,11,4,75,0
234,AR,2000,0,16,3,32,0
235,AR,2000,1,13,2,18,0
236,AR,2000,1,7,1,71,1
237,AR,2000,1,16,2,28,1
238,AR,2000,1,12,2,59,1
239,AR,2000,1,10,1,71,1
240,AR,2000,1,7,2,45,1
241,AR,2000,1,15,3,18,0
242,AR,2000,1,15,2,63,1
243,AR,2000,1,8,3,68,1
244,AR,2000,1,17,3,46,0
245,AR,2000,0,12,4,40,0
246,AR,2000,0,11,2,46,1
247,AR,2000,1,9,2,63,1
248,AR,2000,1,10,3,67,0
249,AR,2000,1,16,4,45,1
250,AR,2000,1,14,2,31,1
251,AR,2000,1,17,2,18,0
252,AR,2000,1,10,2,62,1
253,AR,2000,0,11,2,41,1
254,AR,2000,1,7,2,75,1
255,AR,2000,1,14,1,18,0
256,AR,2000,1,17,2,55,0
257,AR,2000,1,4,3,22,1
258,AR,2000,0,12,1,34,0
259,AR,2000,1,14,3,22,1
260,AR,2000,1,17,4,39,0
261,AR,2000,1,9,2,79,0
262,AR,2000,1,10,3,52,0
263,AR,2000,0,12,3,54,0
264,AR,2000,1,14,2,50,1
265,AR,2000,1,14,4,29,1
266,AR,2000,1,9,2,62,0
267,AR,2000,0,12,1,26,0
268,AR,2000,0,12,2,55,0
269,AR,2000,1,11,2,56,1
270,AR,2000,1,12,2,62,0
271,AR,2000,1,15,2,26,1
272,AR,2000,1,10,4,76,0
273,AR,2000,1,4,2,32,1
274,AR,2000,1,16,4,47,1
275,AR,2000,1,10,3,70,0
276,AR,2000,1,14,2,59,1
277,AR,2000,1,14,1,54,0
278,AR,2000,1,14,4,48,1
279,AR,2000,1,11,3,23,1
280,AR,2000,0,6,4,24,0
281,AR,2000,1,13,1,71,0
282,AR,2000,0,11,2,48,0
283,AR,2000,1,10,2,63,0
284,AR,2000,1,11,2,56,1
285,AR,2000,1,13,2,43,1
286,AR,2000,1,15,4,38,0
287,AR,2000,0,11,2,26,0
288,AR,2000,0,9,1,72,1
289,AR,2000,1,14,4,25,1
290,AR,2000,1,12,3,59,0
291,AR,2000,1,6,1,46,0
292,AR,2000,0,9,1,59,1
293,AR,2000,1,17,4,30,0
294,AR,2000,1,14,3,46,1
295,AR,2000,1,14,3,52,0
296,AR,2000,1,12,2,33,0
297,AR,2000,1,5,2,64,0
298,AR,2000,0,6,4,69,1
299,AR,2000,1,8,3,75,1
300,AR,2000,1,15,3,64,1
301,AR,2000,0,17,4,42,1
302,AR,2000,1,14,3,19,0
303,AR,2000,1,16,3,46,1
304,AR,2000,1,10,1,28,1
305,AR,2000,1,15,4,40,0
306,AR,2000,1,15,2,58,1
307,AR,2000,0,5,1,82,0
308,AR,2000,1,11,2,39,1
309,AR,2000,0,17,2,41,1
310,AR,2000,1,17,3,56,0
311,AR,2000,1,9,2,45,1
312,AR,2000,0,7,1,60,1
313,AR,2000,1,9,2,60,0
314,AR,2000,1,6,1,77,1
315,AR,2000,1,17,4,35,0
316,AR,2000,1,10,1,74,1
317,AR,2000,1,12,3,74,1
318,AR,2000,1,14,2,53,1
319,AR,2000,1,11,2,61,1
320,AR,2000,1,6,3,80,1
321,AR,2000,1,8,3,26,1
322,AR,2000,1,17,4,41,1
323,AR,2000,0,17,3,47,0
324,AR,2000,1,12,3,59,1
325,AR,2000,1,7,1,65,1
326,AR,2000,1,14,4,56,0
327,AR,2000,1,14,4,59,1
328,AR,2000,1,6,1,68,1
329,AR,2000,1,14,4,43,1
330,AR,2000,1,12,2,30,1
331,AR,2000,1,17,4,62,0
332,AR,2000,1,11,4,28,1
333,AR,2000,0,13,3,34,0
334,AR,2000,1,11,3,62,1
335,AR,2000,1,17,3,53,1
336,AR,2000,0,15,2,41,1
337,AR,2000,1,10,2,62,1
338,AR,2000,1,9,2,64,0
339,AR,2000,1,11,3,23,1
340,AR,2000,1,17,3,54,0
341,AR,2000,1,14,4,49,1
342,AR,2000,1,5,2,48,1
343,AR,2000,1,10,2,53,1
344,AR,2000,1,15,2,55,1
345,AR,2000,1,17,3,49,1
346,AR,2000,1,5,1,53,1
347,AR,2000,1,13,2,25,0
348,AR,2000,0,14,2,72,1
349,AR,2000,0,6,1,82,0
350,AR,2000,1,12,4,44,1
351,AR,2000,1,8,3,85,1
352,AR,2000,1,15,3,44,0
353,AR,2000,1,17,3,44,1
354,AR,2000,1,15,3,64,0
355,AR,2000,1,14,4,71,0
356,AR,2000,0,16,2,31,0
357,AR,2000,1,14,3,19,0
358,AR,2000,1,5,3,34,1
359,AR,2000,1,16,3,28,1
360,AR,2000,0,8,2,73,1
361,AR,2000,1,11,3,72,0
362,AR,2000,1,5,1,53,1
363,AR,2000,1,17,3,46,1
364,AR,2000,1,10,3,63,0
365,AR,2000,1,17,4,53,1
366,AR,2000,1,17,3,21,0
367,AR,2000,1,10,4,85,1
368,AR,2000,1,7,1,59,0
369,AR,2000,1,15,4,65,0
370,AR,2000,1,10,3,54,1
371,AR,2000,1,13,3,26,1
372,AR,2000,1,12,2,62,1
373,AR,2000,1,12,3,45,1
374,AR,2000,1,13,2,43,0
375,AR,2000,1,16,3,34,0
376,AR,2000,1,4,1,78,1
377,AR,2000,1,9,2,51,1
378,AR,2000,1,14,2,58,1
379,AR,2000,1,8,2,74,1
380,AR,2000,0,7,2,19,1
381,AR,2000,0,14,4,75,0
382,AR,2000,0,16,4,28,0
383,AR,2000,1,14,2,68,0
384,AR,2000,0,11,3,62,1
385,AR,2000,0,11,2,69,0
386,AR,2000,1,10,2,29,1
387,AR,2000,0,7,1,55,0
388,AR,2000,1,14,2,63,0
389,AR,2000,1,15,3,27,0
390,AR,2000,0,7,1,78,1
391,AR,2000,1,8,2,19,0
392,AR,2000,1,17,3,61,0
393,AR,2000,1,17,4,37,1
394,AR,2000,1,8,2,67,1
395,AR,2000,1,17,4,53,1
396,AR,2000,1,16,1,31,0
397,AR,2000,1,15,2,39,1
398,AR,2000,1,5,2,19,1
399,AR,2000,1,10,1,85,1
400,AR,2000,1,10,2,51,0
401,AR,2000,1,6,3,22,0
402,AR,2000,0,16,3,26,0
403,AR,2000,1,17,4,49,0
404,AR,2000,1,6,1,60,1
405,AR,2000,1,17,4,48,0
406,AR,2000,1,14,3,37,1
407,AR,2000,1,4,2,53,1
408,AR,2000,1,7,2,82,0
409,AR,2000,0,15,2,42,0
410,AR,2000,1,4,2,54,0
411,AR,2000,1,14,4,30,0
412,AR,2000,1,12,3,25,1
413,AR,2000,0,4,1,23,0
414,AR,2000,1,14,3,62,0
415,AR,2000,1,5,1,85,1
416,AR,2000,1,17,2,49,1
417,AR,2000,1,7,2,31,0
418,AR,2000,1,12,3,63,1
419,AR,2000,1,17,4,50,1
420,AR,2000,1,14,2,39,0
421,AR,2000,1,15,3,55,1
422,AR,2000,1,7,2,64,1
423,AR,2000,0,14,2,54,1
424,AR,2000,1,8,2,47,1
425,AR,2000,1,15,4,61,0
426,AR,2000,1,5,1,78,1
427,AR,2000,0,6,1,85,1
428,AR,2000,1,17,4,57,0
429,AR,2000,1,11,2,47,1
430,AR,2000,1,17,4,40,0
431,AR,2000,0,10,2,48,1
432,AR,2000,1,15,4,26,1
433,AR,2000,1,7,1,66,1
434,AR,2000,0,11,2,58,0
435,AR,2000,1,7,2,75,0
436,AR,2000,1,6,3,22,0
437,AR,2000,1,15,3,32,1
438,AR,2000,1,15,4,29,0
439,AR,2000,1,14,3,54,1
440,AR,2000,1,15,2,51,1
441,AR,2000,1,5,4,57,0
442,AR,2000,1,13,4,25,0
443,AR,2000,1,17,4,48,1
444,AR,2000,0,5,3,74,1
445,AR,2000,1,17,4,56,1
446,AR,2000,0,16,4,30,1
447,AR,2000,1,4,1,47,0
448,AR,2000,1,13,3,27,1
449,AR,2000,1,9,2,81,1
450,AR,2000,1,6,2,66,1
451,AR,2000,1,15,4,57,0
452,AR,2000,1,12,3,49,0
453,AR,2000,1,9,1,62,1
454,AR,2000,0,11,3,37,1
455,AR,2000,0,15,2,21,1
456,AR,2000,0,15,4,31,1
457,AR,2000,1,12,3,25,1
458,AR,2000,1,14,2,43,0
459,AR,2000,1,16,4,49,1
460,AR,2000,1,14,3,39,1
461,AR,2000,1,16,4,55,1
462,AR,2000,1,8,3,25,0
463,AR,2000,1,11,3,28,0
464,AR,2000,0,14,4,26,1
465,AR,2000,1,8,1,56,1
466,AR,2000,1,5,1,78,1
467,AR,2000,1,17,4,46,0
468,AR,2000,1,15,2,58,0
469,AR,2000,0,5,2,20,1
470,AR,2000,1,15,2,40,1
471,AR,2000,1,15,2,18,1
472,AR,2000,0,16,2,43,0
473,AR,2000,1,17,3,43,1
474,AR,2000,1,17,4,37,1
475,AR,2000,1,15,4,29,0
476,AR,2000,1,10,3,37,0
477,AR,2000,1,11,4,67,0
478,AR,2000,0,7,1,51,1
479,AR,2000,1,17,4,45,1
480,AR,2000,0,10,2,73,1
481,AR,2000,1,17,2,49,1
482,AR,2000,1,12,1,85,1
483,AR,2000,1,15,2,44,1
484,AR,2000,1,13,3,62,1
485,AR,2000,0,4,3,20,1
486,AR,2000,0,13,3,44,1
487,AR,2000,1,10,4,25,0
488,AR,2000,0,12,3,25,1
489,AR,2000,0,4,2,31,1
490,AR,2000,1,11,3,76,1
491,AR,2000,1,17,4,50,0
492,AR,2000,1,14,3,53,0
493,AR,2000,1,9,2,59,1
494,AR,2000,0,5,1,20,0
495,AR,2000,1,11,2,28,1
496,AR,2000,1,17,2,54,1
497,AR,2000,0,17,4,33,0
498,AR,2000,1,7,1,66,0
499,AR,2000,1,15,3,41,0
500,AR,2000,1,15,4,29,0
501,SC,2000,1,9,2,32,0
502,SC,2000,1,17,4,54,1
503,SC,2000,1,14,4,39,1
504,SC,2000,1,15,2,29,0
505,SC,2000,1,14,3,38,0
506,SC,2000,1,17,4,74,0
507,SC,2000,1,17,4,68,1
508,SC,2000,1,4,1,29,1
509,SC,2000,1,16,2,43,1
510,SC,2000,1,17,4,29,1
511,SC,2000,1,14,3,33,1
512,SC,2000,1,17,4,28,0
513,SC,2000,1,8,1,72,1
514,SC,2000,1,17,4,22,1
515,SC,2000,1,7,2,33,1
516,SC,2000,1,11,3,50,1
517,SC,2000,1,9,1,84,1
518,SC,2000,0,5,2,66,1
519,SC,2000,1,15,2,55,1
520,SC,2000,1,11,1,41,0
521,SC,2000,1,16,4,59,1
522,SC,2000,1,16,4,75,1
523,SC,2000,1,12,2,43,0
524,SC,2000,1,16,4,39,1
525,SC,2000,1,9,3,34,1
526,SC,2000,0,8,1,85,0
527,SC,2000,1,17,2,31,0
528,SC,2000,1,16,4,38,1
529,SC,2000,1,10,3,31,1
530,SC,2000,1,10,3,76,0
531,SC,2000,1,8,1,63,1
532,SC,2000,1,17,3,20,1
533,SC,2000,0,13,2,25,1
534,SC,2000,0,8,2,65,1
535,SC,2000,1,16,3,21,0
536,SC,2000,1,15,4,36,0
537,SC,2000,0,8,1,70,0
538,SC,2000,1,17,4,65,1
539,SC,2000,1,5,1,55,1
540,SC,2000,1,17,4,45,1
541,SC,2000,0,9,2,25,0
542,SC,2000,1,11,4,46,0
543,SC,2000,1,7,4,26,0
544,SC,2000,1,15,2,38,1
545,SC,2000,1,14,3,40,0
546,SC,2000,0,15,4,35,1
547,SC,2000,1,14,4,52,1
548,SC,2000,1,16,2,41,1
549,SC,2000,1,12,3,68,0
550,SC,2000,1,14,4,64,1
551,SC,2000,1,10,3,40,1
552,SC,2000,0,14,2,85,1
553,SC,2000,1,17,2,47,0
554,SC,2000,1,12,4,60,1
555,SC,2000,1,15,4,56,0
556,SC,2000,1,5,2,67,1
557,SC,2000,1,16,2,18,0
558,SC,2000,1,8,2,62,1
559,SC,2000,1,17,3,72,1
560,SC,2000,1,12,2,81,0
561,SC,2000,1,16,2,52,0
562,SC,2000,1,5,1,69,1
563,SC,2000,1,15,2,34,1
564,SC,2000,1,10,4,32,1
565,SC,2000,1,15,2,59,1
566,SC,2000,1,17,4,59,1
567,SC,2000,1,17,4,49,0
568,SC,2000,1,10,2,21,1
569,SC,2000,1,17,4,56,0
570,SC,2000,0,17,4,64,0
571,SC,2000,1,16,2,44,1
572,SC,2000,1,10,3,72,0
573,SC,2000,0,15,2,48,0
574,SC,2000,0,17,3,47,0
575,SC,2000,1,16,2,48,1
576,SC,2000,1,16,4,51,0
577,SC,2000,1,16,3,36,1
578,SC,2000,1,17,4,48,0
579,SC,2000,1,15,3,48,1
580,SC,2000,1,13,3,34,1
581,SC,2000,1,16,2,48,1
582,SC,2000,1,17,4,28,0
583,SC,2000,1,13,2,45,1
584,SC,2000,1,17,4,77,0
585,SC,2000,1,13,3,38,0
586,SC,2000,1,15,4,74,1
587,SC,2000,1,17,3,41,0
588,SC,2000,1,17,4,56,1
589,SC,2000,1,17,2,48,1
590,SC,2000,1,13,2,35,0
591,SC,2000,1,15,3,38,0
592,SC,2000,1,16,3,20,1
593,SC,2000,1,12,2,69,0
594,SC,2000,1,15,2,41,1
595,SC,2000,1,14,4,65,0
596,SC,2000,1,14,3,68,1
597,SC,2000,1,5,1,57,1
598,SC,2000,1,6,3,20,0
599,SC,2000,1,15,4,30,1
600,SC,2000,1,6,1,65,1
601,SC,2000,1,17,3,48,0
602,SC,2000,0,7,1,72,0
603,SC,2000,1,16,2,71,1
604,SC,2000,1,6,2,55,1
605,SC,2000,1,17,3,36,0
606,SC,2000,1,12,2,60,1
607,SC,2000,1,15,3,43,1
608,SC,2000,1,17,3,20,1
609,SC,2000,1,12,4,80,0
610,SC,2000,1,16,2,72,0
611,SC,2000,1,16,4,44,1
612,SC,2000,1,17,3,19,0
613,SC,2000,1,6,1,72,0
614,SC,2000,1,17,4,49,1
615,SC,2000,1,15,4,71,0
616,SC,2000,1,16,4,54,0
617,SC,2000,1,16,2,53,1
618,SC,2000,0,10,1,79,0
619,SC,2000,1,13,3,49,1
620,SC,2000,1,12,3,62,0
621,SC,2000,1,15,3,72,1
622,SC,2000,1,16,3,49,0
623,SC,2000,0,8,1,84,1
624,SC,2000,0,16,4,37,0
625,SC,2000,1,13,3,44,0
626,SC,2000,1,4,1,69,1
627,SC,2000,1,15,4,29,0
628,SC,2000,1,13,2,71,0
629,SC,2000,1,11,4,65,1
630,SC,2000,1,12,2,67,1
631,SC,2000,1,14,2,36,1
632,SC,2000,1,17,4,60,1
633,SC,2000,0,4,3,19,0
634,SC,2000,1,16,2,30,0
635,SC,2000,1,10,2,36,0
636,SC,2000,1,17,2,56,0
637,SC,2000,1,17,4,40,1
638,SC,2000,0,17,4,47,1
639,SC,2000,1,15,3,35,0
640,SC,2000,1,9,1,27,1
641,SC,2000,1,4,2,63,1
642,SC,2000,1,9,3,22,0
643,SC,2000,1,16,2,18,1
644,SC,2000,1,15,2,56,0
645,SC,2000,1,11,2,33,1
646,SC,2000,1,17,4,34,0
647,SC,2000,0,17,3,49,0
648,SC,2000,1,8,2,76,0
649,SC,2000,1,14,4,71,1
650,SC,2000,1,14,2,62,1
651,SC,2000,1,16,3,36,1
652,SC,2000,1,17,4,58,1
653,SC,2000,1,17,4,55,0
654,SC,2000,1,13,3,21,0
655,SC,2000,1,17,3,43,1
656,SC,2000,1,17,3,54,1
657,SC,2000,1,17,3,55,0
658,SC,2000,1,6,1,81,1
659,SC,2000,0,16,3,51,0
660,SC,2000,1,17,1,48,1
661,SC,2000,1,15,3,45,1
662,SC,2000,1,15,3,34,0
663,SC,2000,1,7,2,30,0
664,SC,2000,0,6,2,75,1
665,SC,2000,1,15,3,51,0
666,SC,2000,0,6,3,47,1
667,SC,2000,1,17,4,55,0
668,SC,2000,1,7,1,67,1
669,SC,2000,0,6,2,39,1
670,SC,2000,1,9,3,66,0
671,SC,2000,0,9,1,73,1
672,SC,2000,1,6,3,21,0
673,SC,2000,1,11,1,30,1
674,SC,2000,1,17,4,41,0
675,SC,2000,1,7,1,63,1
676,SC,2000,1,10,3,19,0
677,SC,2000,1,9,2,61,1
678,SC,2000,1,12,2,26,0
679,SC,2000,1,16,3,47,0
680,SC,2000,1,17,4,42,0
681,SC,2000,1,17,4,54,1
682,SC,2000,1,11,3,40,0
683,SC,2000,1,16,2,43,0
684,SC,2000,1,15,3,40,0
685,SC,2000,0,11,2,54,1
686,SC,2000,1,8,1,80,0
687,SC,2000,0,17,2,85,1
688,SC,2000,1,15,3,66,0
689,SC,2000,1,5,1,78,1
690,SC,2000,0,17,3,29,1
691,SC,2000,1,9,4,24,1
692,SC,2000,1,10,4,73,1
693,SC,2000,1,17,3,47,1
694,SC,2000,1,17,4,41,0
695,SC,2000,1,17,4,50,1
696,SC,2000,1,17,4,35,1
697,SC,2000,1,5,2,43,0
698,SC,2000,1,10,2,70,1
699,SC,2000,1,11,4,70,0
700,SC,2000,1,10,4,70,0
701,SC,2000,0,14,4,23,1
702,SC,2000,1,14,1,56,1
703,SC,2000,1,14,3,64,0
704,SC,2000,1,17,3,20,1
705,SC,2000,1,5,1,62,1
706,SC,2000,1,12,3,45,1
707,SC,2000,1,15,3,29,1
708,SC,2000,1,13,4,31,1
709,SC,2000,1,15,2,57,1
710,SC,2000,1,14,4,32,1
711,SC,2000,0,9,3,22,1
712,SC,2000,1,5,2,52,0
713,SC,2000,1,11,2,74,1
714,SC,2000,1,9,2,62,1
715,SC,2000,1,17,2,55,0
716,SC,2000,1,17,3,55,0
717,SC,2000,1,17,2,53,1
718,SC,2000,1,12,3,63,0
719,SC,2000,1,4,1,76,1
720,SC,2000,1,17,4,52,0
721,SC,2000,1,14,4,40,1
722,SC,2000,1,9,1,46,0
723,SC,2000,1,14,2,62,0
724,SC,2000,1,16,2,38,0
725,SC,2000,1,13,4,42,1
726,SC,2000,1,15,4,29,1
727,SC,2000,1,16,4,50,0
728,SC,2000,0,14,1,24,1
729,SC,2000,1,15,2,44,0
730,SC,2000,1,15,4,29,0
731,SC,2000,1,8,3,20,0
732,SC,2000,1,16,4,49,1
733,SC,2000,1,15,4,25,1
734,SC,2000,1,10,2,59,1
735,SC,2000,1,15,4,26,0
736,SC,2000,1,16,4,30,1
737,SC,2000,0,12,2,19,0
738,SC,2000,1,11,3,37,1
739,SC,2000,1,6,2,85,1
740,SC,2000,1,12,4,75,1
741,SC,2000,1,11,1,61,1
742,SC,2000,1,15,4,72,1
743,SC,2000,1,15,4,62,1
744,SC,2000,1,16,3,46,0
745,SC,2000,1,16,2,49,0
746,SC,2000,1,4,1,70,0
747,SC,2000,1,12,2,41,0
748,SC,2000,1,14,1,35,1
749,SC,2000,1,14,4,50,1
750,SC,2000,1,4,2,25,0
751,SC,2000,0,16,3,21,1
752,SC,2000,1,16,1,47,0
753,SC,2000,1,10,1,84,0
754,SC,2000,1,6,2,61,1
755,SC,2000,1,17,2,45,0
756,SC,2000,1,4,2,30,1
757,SC,2000,1,4,2,63,0
758,SC,2000,1,4,1,83,1
759,SC,2000,1,11,3,65,0
760,SC,2000,1,11,2,28,0
761,SC,2000,1,15,3,37,1
762,SC,2000,1,6,4,23,0
763,SC,2000,1,16,4,57,0
764,SC,2000,0,10,3,23,0
765,SC,2000,1,7,3,62,1
766,SC,2000,1,15,3,37,1
767,SC,2000,1,17,2,74,0
768,SC,2000,1,11,2,71,1
769,SC,2000,1,17,4,23,1
770,SC,2000,1,6,1,68,1
771,SC,2000,1,13,3,35,1
772,SC,2000,1,15,3,21,0
773,SC,2000,1,10,2,45,1
774,SC,2000,1,17,4,36,0
775,SC,2000,1,6,2,32,1
776,SC,2000,1,17,3,57,0
777,SC,2000,0,13,4,50,0
778,SC,2000,1,11,3,65,0
779,SC,2000,1,11,2,30,0
780,SC,2000,1,10,2,62,1
781,SC,2000,1,13,3,48,0
782,SC,2000,1,17,3,56,1
783,SC,2000,0,12,3,49,0
784,SC,2000,1,9,3,31,1
785,SC,2000,1,15,3,62,0
786,SC,2000,1,17,4,62,0
787,SC,2000,1,8,1,52,0
788,SC,2000,1,14,4,44,1
789,SC,2000,1,15,3,50,0
790,SC,2000,1,17,3,52,1
791,SC,2000,1,10,2,78,1
792,SC,2000,1,17,3,22,1
793,SC,2000,1,14,1,37,1
794,SC,2000,0,12,3,78,1
795,SC,2000,1,13,2,70,0
796,SC,2000,0,9,2,30,0
797,SC,2000,1,11,1,68,0
798,SC,2000,1,13,4,28,1
799,SC,2000,0,17,4,34,0
800,SC,2000,1,15,3,49,1
801,SC,2000,1,17,3,51,0
802,SC,2000,1,16,2,59,0
803,SC,2000,1,12,2,54,0
804,SC,2000,1,17,4,44,0
805,SC,2000,1,14,4,31,1
806,SC,2000,1,8,1,40,0
807,SC,2000,1,16,3,54,1
808,SC,2000,1,17,3,54,1
809,SC,2000,1,17,4,61,0
810,SC,2000,1,12,2,52,1
811,SC,2000,1,13,4,58,1
812,SC,2000,1,17,2,56,0
813,SC,2000,1,16,3,37,1
814,SC,2000,1,17,4,29,0
815,SC,2000,1,13,2,57,0
816,SC,2000,1,16,3,20,1
817,SC,2000,0,12,3,36,1
818,SC,2000,1,14,2,71,0
819,SC,2000,0,6,1,56,1
820,SC,2000,1,11,2,65,1
821,SC,2000,1,12,3,47,1
822,SC,2000,1,13,3,52,0
823,SC,2000,1,17,3,20,1
824,SC,2000,1,15,3,46,1
825,SC,2000,0,6,1,77,1
826,SC,2000,1,17,2,64,0
827,SC,2000,1,14,4,79,0
828,SC,2000,1,5,1,71,1
829,SC,2000,1,16,2,45,0
830,SC,2000,1,17,4,66,0
831,SC,2000,0,11,1,61,0
832,SC,2000,1,4,1,58,1
833,SC,2000,1,11,3,69,1
834,SC,2000,1,9,3,79,1
835,SC,2000,1,11,3,74,0
836,SC,2000,0,9,1,64,1
837,SC,2000,0,12,3,58,0
838,SC,2000,1,7,1,75,1
839,SC,2000,1,10,2,65,1
840,SC,2000,1,17,4,34,1
841,SC,2000,0,12,3,21,0
842,SC,2000,1,13,3,38,1
843,SC,2000,0,14,4,45,0
844,SC,2000,1,17,3,21,1
845,SC,2000,1,17,2,22,0
846,SC,2000,1,7,2,78,1
847,SC,2000,1,12,3,39,1
848,SC,2000,1,17,2,51,1
849,SC,2000,1,14,2,48,1
850,SC,2000,0,9,2,46,0
851,SC,2000,1,9,4,70,1
852,SC,2000,1,15,4,30,0
853,SC,2000,1,11,2,44,1
854,SC,2000,1,11,4,65,0
855,SC,2000,1,5,2,56,1
856,SC,2000,1,17,4,45,0
857,SC,2000,1,17,3,31,1
858,SC,2000,1,10,2,49,0
859,SC,2000,0,17,4,32,0
860,SC,2000,1,17,2,46,1
861,SC,2000,1,9,2,38,1
862,SC,2000,1,8,1,68,1
863,SC,2000,1,14,2,53,1
864,SC,2000,1,13,4,44,1
865,SC,2000,1,8,2,20,1
866,SC,2000,1,16,3,30,1
867,SC,2000,1,17,4,50,1
868,SC,2000,1,17,3,23,0
869,SC,2000,1,17,4,44,1
870,SC,2000,1,14,3,28,0
871,SC,2000,1,5,2,39,1
872,SC,2000,1,17,2,85,1
873,SC,2000,0,7,3,72,1
874,SC,2000,1,12,2,41,1
875,SC,2000,0,17,4,34,0
876,SC,2000,1,17,3,48,1
877,SC,2000,1,17,4,49,0
878,SC,2000,1,15,2,62,0
879,SC,2000,1,17,2,51,1
880,SC,2000,1,11,3,42,1
881,SC,2000,1,17,4,44,1
882,SC,2000,1,11,2,78,0
883,SC,2000,1,15,3,59,0
884,SC,2000,0,13,2,40,0
885,SC,2000,1,15,4,72,0
886,SC,2000,1,15,3,47,1
887,SC,2000,1,17,3,34,1
888,SC,2000,0,9,3,21,1
889,SC,2000,1,15,2,58,1
890,SC,2000,1,10,1,65,0
891,SC,2000,1,11,2,23,1
892,SC,2000,1,17,4,38,1
893,SC,2000,0,6,1,60,0
894,SC,2000,1,16,4,45,0
895,SC,2000,1,12,2,39,1
896,SC,2000,1,15,3,45,0
897,SC,2000,1,16,3,41,0
898,SC,2000,1,12,2,79,1
899,SC,2000,1,9,2,59,1
900,SC,2000,1,9,2,73,1
901,SC,2000,1,5,1,63,1
902,SC,2000,1,7,4,52,0
903,SC,2000,1,10,3,52,1
904,SC,2000,1,12,2,78,0
905,SC,2000,1,13,2,36,1
906,SC,2000,1,15,3,19,1
907,SC,2000,1,16,3,20,0
908,SC,2000,1,16,2,40,1
909,SC,2000,1,13,2,69,1
910,SC,2000,1,13,2,38,0
911,SC,2000,1,17,4,71,0
912,SC,2000,1,17,2,53,1
913,SC,2000,1,12,4,40,0
914,SC,2000,1,16,4,45,1
915,SC,2000,1,17,4,63,0
916,SC,2000,1,8,1,74,0
917,SC,2000,1,4,2,45,1
918,SC,2000,1,17,4,45,0
919,SC,2000,1,17,4,63,0
920,SC,2000,1,16,2,41,0
921,SC,2000,1,17,4,40,1
922,SC,2000,1,17,4,48,0
923,SC,2000,1,11,4,28,1
924,SC,2000,1,11,1,55,0
925,SC,2000,1,10,2,72,1
926,SC,2000,1,17,4,43,1
927,SC,2000,1,17,4,37,1
928,SC,2000,1,17,4,55,1
929,SC,2000,1,11,1,75,1
930,SC,2000,1,17,4,49,0
931,SC,2000,0,11,2,29,1
932,SC,2000,1,13,2,40,0
933,SC,2000,1,7,2,62,1
934,SC,2000,1,9,2,41,1
935,SC,2000,1,7,2,40,1
936,SC,2000,1,12,1,60,1
937,SC,2000,1,16,2,50,1
938,SC,2000,1,11,4,38,1
939,SC,2000,0,8,2,19,0
940,SC,2000,0,7,1,73,0
941,SC,2000,1,15,4,82,0
942,SC,2000,1,16,2,56,1
943,SC,2000,1,17,2,53,0
944,SC,2000,1,15,4,40,0
945,SC,2000,1,14,2,59,1
946,SC,2000,1,16,3,33,0
947,SC,2000,1,5,1,64,0
948,SC,2000,1,14,4,32,1
949,SC,2000,1,17,4,56,1
950,SC,2000,1,16,4,50,0
951,SC,2000,1,10,1,80,0
952,SC,2000,1,8,1,46,1
953,SC,2000,1,16,4,37,0
954,SC,2000,1,17,4,40,1
955,SC,2000,1,7,1,82,0
956,SC,2000,1,15,4,62,0
957,SC,2000,1,13,4,34,1
958,SC,2000,1,17,4,50,1
959,SC,2000,1,16,4,44,0
960,SC,2000,1,15,3,68,0
961,SC,2000,1,14,3,25,1
962,SC,2000,1,11,1,23,1
963,SC,2000,0,17,4,43,0
964,SC,2000,1,13,3,38,0
965,SC,2000,1,13,3,23,1
966,SC,2000,1,5,2,47,1
967,SC,2000,1,16,4,55,1
968,SC,2000,1,5,2,45,0
969,SC,2000,0,9,2,20,1
970,SC,2000,1,16,3,42,1
971,SC,2000,1,8,1,54,0
972,SC,2000,1,11,1,76,0
973,SC,2000,0,9,1,78,0
974,SC,2000,1,16,4,37,1
975,SC,2000,1,15,3,46,0
976,SC,2000,1,12,2,26,1
977,SC,2000,1,17,3,43,1
978,SC,2000,0,15,2,36,1
979,SC,2000,1,16,2,37,0
980,SC,2000,1,16,4,50,1
981,SC,2000,1,17,3,57,0
982,SC,2000,1,5,3,24,1
983,SC,2000,1,13,3,19,1
984,SC,2000,0,9,3,51,1
985,SC,2000,1,13,2,53,1
986,SC,2000,1,17,4,48,1
987,SC,2000,1,17,4,63,1
988,SC,2000,0,9,2,81,1
989,SC,2000,1,17,2,35,0
990,SC,2000,1,10,4,84,0
991,SC,2000,1,16,2,57,0
992,SC,2000,1,11,4,28,1
993,SC,2000,0,8,1,62,1
994,SC,2000,1,5,2,50,1
995,SC,2000,1,15,2,51,1
996,SC,2000,1,17,4,53,1
997,SC,2000,1,10,2,24,0
998,SC,2000,1,12,3,46,0
999,SC,2000,0,12,1,79,1
1000,SC,2000,1,9,1,36,1
1001,SC,2000,1,9,2,32,0
1002,SC,2000,1,17,4,54,1
1003,SC,2000,1,14,4,39,1
1004,SC,2000,1,15,2,29,0
1005,SC,2000,1,14,3,38,0
1006,SC,2000,1,17,4,74,0
1007,SC,2000,1,17,4,68,1
1008,SC,2000,1,4,1,29,1
1009,SC,2000,1,16,2,43,1
1010,SC,2000,1,17,4,29,1
1011,SC,2000,1,14,3,33,1
1012,SC,2000,1,17,4,28,0
1013,SC,2000,1,8,1,72,1
1014,SC,2000,1,17,4,22,1
1015,SC,2000,1,7,2,33,1
1016,SC,2000,1,11,3,50,1
1017,SC,2000,1,9,1,84,1
1018,SC,2000,0,5,2,66,1
1019,SC,2000,1,15,2,55,1
1020,SC,2000,1,11,1,41,0
1021,SC,2000,1,16,4,59,1
1022,SC,2000,1,16,4,75,1
1023,SC,2000,1,12,2,43,0
1024,SC,2000,1,16,4,39,1
1025,SC,2000,1,9,3,34,1
1026,SC,2000,0,8,1,85,0
1027,SC,2000,1,17,2,31,0
1028,SC,2000,1,16,4,38,1
1029,SC,2000,1,10,3,31,1
1030,SC,2000,1,10,3,76,0
1031,SC,2000,1,8,1,63,1
1032,SC,2000,1,17,3,20,1
1033,SC,2000,0,13,2,25,1
1034,SC,2000,0,8,2,65,1
1035,SC,2000,1,16,3,21,0
1036,SC,2000,1,15,4,36,0
1037,SC,2000,0,8,1,70,0
1038,SC,2000,1,17,4,65,1
1039,SC,2000,1,5,1,55,1
1040,SC,2000,1,17,4,45,1
1041,SC,2000,0,9,2,25,0
1042,SC,2000,1,11,4,46,0
1043,SC,2000,1,7,4,26,0
1044,SC,2000,1,15,2,38,1
1045,SC,2000,1,14,3,40,0
1046,SC,2000,0,15,4,35,1
1047,SC,2000,1,14,4,52,1
1048,SC,2000,1,16,2,41,1
1049,SC,2000,1,12,3,68,0
1050,SC,2000,1,14,4,64,1
1051,SC,2000,1,10,3,40,1
1052,SC,2000,0,14,2,85,1
1053,SC,2000,1,17,2,47,0
1054,SC,2000,1,12,4,60,1
1055,SC,2000,1,15,4,56,0
1056,SC,2000,1,5,2,67,1
1057,SC,2000,1,16,2,18,0
1058,SC,2000,1,8,2,62,1
1059,SC,2000,1,17,3,72,1
1060,SC,2000,1,12,2,81,0
1061,SC,2000,1,16,2,52,0
1062,SC,2000,1,5,1,69,1
1063,SC,2000,1,15,2,34,1
1064,SC,2000,1,10,4,32,1
1065,SC,2000,1,15,2,59,1
1066,SC,2000,1,17,4,59,1
1067,SC,2000,1,17,4,49,0
1068,SC,2000,1,10,2,21,1
1069,SC,2000,1,17,4,56,0
1070,SC,2000,0,17,4,64,0
1071,SC,2000,1,16,2,44,1
1072,SC,2000,1,10,3,72,0
1073,SC,2000,0,15,2,48,0
1074,SC,2000,0,17,3,47,0
1075,SC,2000,1,16,2,48,1
1076,SC,2000,1,16,4,51,0
1077,SC,2000,1,16,3,36,1
1078,SC,2000,1,17,4,48,0
1079,SC,2000,1,15,3,48,1
1080,SC,2000,1,13,3,34,1
1081,SC,2000,1,16,2,48,1
1082,SC,2000,1,17,4,28,0
1083,SC,2000,1,13,2,45,1
1084,SC,2000,1,17,4,77,0
1085,SC,2000,1,13,3,38,0
1086,SC,2000,1,15,4,74,1
1087,SC,2000,1,17,3,41,0
1088,SC,2000,1,17,4,56,1
1089,SC,2000,1,17,2,48,1
1090,SC,2000,1,13,2,35,0
1091,SC,2000,1,15,3,38,0
1092,SC,2000,1,16,3,20,1
1093,SC,2000,1,12,2,69,0
1094,SC,2000,1,15,2,41,1
1095,SC,2000,1,14,4,65,0
1096,SC,2000,1,14,3,68,1
1097,SC,2000,1,5,1,57,1
1098,SC,2000,1,6,3,20,0
1099,SC,2000,1,15,4,30,1
1100,SC,2000,1,6,1,65,1
1101,SC,2000,1,17,3,48,0
1102,SC,2000,0,7,1,72,0
1103,SC,2000,1,16,2,71,1
1104,SC,2000,1,6,2,55,1
1105,SC,2000,1,17,3,36,0
1106,SC,2000,1,12,2,60,1
1107,SC,2000,1,15,3,43,1
1108,SC,2000,1,17,3,20,1
1109,SC,2000,1,12,4,80,0
1110,SC,2000,1,16,2,72,0
1111,SC,2000,1,16,4,44,1
1112,SC,2000,1,17,3,19,0
1113,SC,2000,1,6,1,72,0
1114,SC,2000,1,17,4,49,1
1115,SC,2000,1,15,4,71,0
1116,SC,2000,1,16,4,54,0
1117,SC,2000,1,16,2,53,1
1118,SC,2000,0,10,1,79,0
1119,SC,2000,1,13,3,49,1
1120,SC,2000,1,12,3,62,0
1121,SC,2000,1,15,3,72,1
1122,SC,2000,1,16,3,49,0
1123,SC,2000,0,8,1,84,1
1124,SC,2000,0,16,4,37,0
1125,SC,2000,1,13,3,44,0
1126,SC,2000,1,4,1,69,1
1127,SC,2000,1,15,4,29,0
1128,SC,2000,1,13,2,71,0
1129,SC,2000,1,11,4,65,1
1130,SC,2000,1,12,2,67,1
1131,SC,2000,1,14,2,36,1
1132,SC,2000,1,17,4,60,1
1133,SC,2000,0,4,3,19,0
1134,SC,2000,1,16,2,30,0
1135,SC,2000,1,10,2,36,0
1136,SC,2000,1,17,2,56,0
1137,SC,2000,1,17,4,40,1
1138,SC,2000,0,17,4,47,1
1139,SC,2000,1,15,3,35,0
1140,SC,2000,1,9,1,27,1
1141,SC,2000,1,4,2,63,1
1142,SC,2000,1,9,3,22,0
1143,SC,2000,1,16,2,18,1
1144,SC,2000,1,15,2,56,0
1145,SC,2000,1,11,2,33,1
1146,SC,2000,1,17,4,34,0
1147,SC,2000,0,17,3,49,0
1148,SC,2000,1,8,2,76,0
1149,SC,2000,1,14,4,71,1
1150,SC,2000,1,14,2,62,1
1151,SC,2000,1,16,3,36,1
1152,SC,2000,1,17,4,58,1
1153,SC,2000,1,17,4,55,0
1154,SC,2000,1,13,3,21,0
1155,SC,2000,1,17,3,43,1
1156,SC,2000,1,17,3,54,1
1157,SC,2000,1,17,3,55,0
1158,SC,2000,1,6,1,81,1
1159,SC,2000,0,16,3,51,0
1160,SC,2000,1,17,1,48,1
1161,SC,2000,1,15,3,45,1
1162,SC,2000,1,15,3,34,0
1163,SC,2000,1,7,2,30,0
1164,SC,2000,0,6,2,75,1
1165,SC,2000,1,15,3,51,0
1166,SC,2000,0,6,3,47,1
1167,SC,2000,1,17,4,55,0
1168,SC,2000,1,7,1,67,1
1169,SC,2000,0,6,2,39,1
1170,SC,2000,1,9,3,66,0
1171,SC,2000,0,9,1,73,1
1172,SC,2000,1,6,3,21,0
1173,SC,2000,1,11,1,30,1
1174,SC,2000,1,17,4,41,0
1175,SC,2000,1,7,1,63,1
1176,SC,2000,1,10,3,19,0
1177,SC,2000,1,9,2,61,1
1178,SC,2000,1,12,2,26,0
1179,SC,2000,1,16,3,47,0
1180,SC,2000,1,17,4,42,0
1181,SC,2000,1,17,4,54,1
1182,SC,2000,1,11,3,40,0
1183,SC,2000,1,16,2,43,0
1184,SC,2000,1,15,3,40,0
1185,SC,2000,0,11,2,54,1
1186,SC,2000,1,8,1,80,0
1187,SC,2000,0,17,2,85,1
1188,SC,2000,1,15,3,66,0
1189,SC,2000,1,5,1,78,1
1190,SC,2000,0,17,3,29,1
1191,SC,2000,1,9,4,24,1
1192,SC,2000,1,10,4,73,1
1193,SC,2000,1,17,3,47,1
1194,SC,2000,1,17,4,41,0
1195,SC,2000,1,17,4,50,1
1196,SC,2000,1,17,4,35,1
1197,SC,2000,1,5,2,43,0
1198,SC,2000,1,10,2,70,1
1199,SC,2000,1,11,4,70,0
1200,SC,2000,1,10,4,70,0
1201,SC,2000,0,14,4,23,1
1202,SC,2000,1,14,1,56,1
1203,SC,2000,1,14,3,64,0
1204,SC,2000,1,17,3,20,1
1205,SC,2000,1,5,1,62,1
1206,SC,2000,1,12,3,45,1
1207,SC,2000,1,15,3,29,1
1208,SC,2000,1,13,4,31,1
1209,SC,2000,1,15,2,57,1
1210,SC,2000,1,14,4,32,1
1211,SC,2000,0,9,3,22,1
1212,SC,2000,1,5,2,52,0
1213,SC,2000,1,11,2,74,1
1214,SC,2000,1,9,2,62,1
1215,SC,2000,1,17,2,55,0
1216,SC,2000,1,17,3,55,0
1217,SC,2000,1,17,2,53,1
1218,SC,2000,1,12,3,63,0
1219,SC,2000,1,4,1,76,1
1220,SC,2000,1,17,4,52,0
1221,SC,2000,1,14,4,40,1
1222,SC,2000,1,9,1,46,0
1223,SC,2000,1,14,2,62,0
1224,SC,2000,1,16,2,38,0
1225,SC,2000,1,13,4,42,1
1226,SC,2000,1,15,4,29,1
1227,SC,2000,1,16,4,50,0
1228,SC,2000,0,14,1,24,1
1229,SC,2000,1,15,2,44,0
1230,SC,2000,1,15,4,29,0
1231,SC,2000,1,8,3,20,0
1232,SC,2000,1,16,4,49,1
1233,SC,2000,1,15,4,25,1
1234,SC,2000,1,10,2,59,1
1235,SC,2000,1,15,4,26,0
1236,SC,2000,1,16,4,30,1
1237,SC,2000,0,12,2,19,0
1238,SC,2000,1,11,3,37,1
1239,SC,2000,1,6,2,85,1
1240,SC,2000,1,12,4,75,1
1241,SC,2000,1,11,1,61,1
1242,SC,2000,1,15,4,72,1
1243,SC,2000,1,15,4,62,1
1244,SC,2000,1,16,3,46,0
1245,SC,2000,1,16,2,49,0
1246,SC,2000,1,4,1,70,0
1247,SC,2000,1,12,2,41,0
1248,SC,2000,1,14,1,35,1
1249,SC,2000,1,14,4,50,1
1250,SC,2000,1,4,2,25,0
1251,SC,2000,0,16,3,21,1
1252,SC,2000,1,16,1,47,0
1253,SC,2000,1,10,1,84,0
1254,SC,2000,1,6,2,61,1
1255,SC,2000,1,17,2,45,0
1256,SC,2000,1,4,2,30,1
1257,SC,2000,1,4,2,63,0
1258,SC,2000,1,4,1,83,1
1259,SC,2000,1,11,3,65,0
1260,SC,2000,1,11,2,28,0
1261,SC,2000,1,15,3,37,1
1262,SC,2000,1,6,4,23,0
1263,SC,2000,1,16,4,57,0
1264,SC,2000,0,10,3,23,0
1265,SC,2000,1,7,3,62,1
1266,SC,2000,1,15,3,37,1
1267,SC,2000,1,17,2,74,0
1268,SC,2000,1,11,2,71,1
1269,SC,2000,1,17,4,23,1
1270,SC,2000,1,6,1,68,1
1271,SC,2000,1,13,3,35,1
1272,SC,2000,1,15,3,21,0
1273,SC,2000,1,10,2,45,1
1274,SC,2000,1,17,4,36,0
1275,SC,2000,1,6,2,32,1
1276,SC,2000,1,17,3,57,0
1277,SC,2000,0,13,4,50,0
1278,SC,2000,1,11,3,65,0
1279,SC,2000,1,11,2,30,0
1280,SC,2000,1,10,2,62,1
1281,SC,2000,1,13,3,48,0
1282,SC,2000,1,17,3,56,1
1283,SC,2000,0,12,3,49,0
1284,SC,2000,1,9,3,31,1
1285,SC,2000,1,15,3,62,0
1286,SC,2000,1,17,4,62,0
1287,SC,2000,1,8,1,52,0
1288,SC,2000,1,14,4,44,1
1289,SC,2000,1,15,3,50,0
1290,SC,2000,1,17,3,52,1
1291,SC,2000,1,10,2,78,1
1292,SC,2000,1,17,3,22,1
1293,SC,2000,1,14,1,37,1
1294,SC,2000,0,12,3,78,1
1295,SC,2000,1,13,2,70,0
1296,SC,2000,0,9,2,30,0
1297,SC,2000,1,11,1,68,0
1298,SC,2000,1,13,4,28,1
1299,SC,2000,0,17,4,34,0
1300,SC,2000,1,15,3,49,1
1301,SC,2000,1,17,3,51,0
1302,SC,2000,1,16,2,59,0
1303,SC,2000,1,12,2,54,0
1304,SC,2000,1,17,4,44,0
1305,SC,2000,1,14,4,31,1
1306,SC,2000,1,8,1,40,0
1307,SC,2000,1,16,3,54,1
1308,SC,2000,1,17,3,54,1
1309,SC,2000,1,17,4,61,0
1310,SC,2000,1,12,2,52,1
1311,SC,2000,1,13,4,58,1
1312,SC,2000,1,17,2,56,0
1313,SC,2000,1,16,3,37,1
1314,SC,2000,1,17,4,29,0
1315,SC,2000,1,13,2,57,0
1316,SC,2000,1,16,3,20,1
1317,SC,2000,0,12,3,36,1
1318,SC,2000,1,14,2,71,0
1319,SC,2000,0,6,1,56,1
1320,SC,2000,1,11,2,65,1
1321,SC,2000,1,12,3,47,1
1322,SC,2000,1,13,3,52,0
1323,SC,2000,1,17,3,20,1
1324,SC,2000,1,15,3,46,1
1325,SC,2000,0,6,1,77,1
1326,SC,2000,1,17,2,64,0
1327,SC,2000,1,14,4,79,0
1328,SC,2000,1,5,1,71,1
1329,SC,2000,1,16,2,45,0
1330,SC,2000,1,17,4,66,0
1331,SC,2000,0,11,1,61,0
1332,SC,2000,1,4,1,58,1
1333,SC,2000,1,11,3,69,1
1334,SC,2000,1,9,3,79,1
1335,SC,2000,1,11,3,74,0
1336,SC,2000,0,9,1,64,1
1337,SC,2000,0,12,3,58,0
1338,SC,2000,1,7,1,75,1
1339,SC,2000,1,10,2,65,1
1340,SC,2000,1,17,4,34,1
1341,SC,2000,0,12,3,21,0
1342,SC,2000,1,13,3,38,1
1343,SC,2000,0,14,4,45,0
1344,SC,2000,1,17,3,21,1
1345,SC,2000,1,17,2,22,0
1346,SC,2000,1,7,2,78,1
1347,SC,2000,1,12,3,39,1
1348,SC,2000,1,17,2,51,1
1349,SC,2000,1,14,2,48,1
1350,SC,2000,0,9,2,46,0
1351,SC,2000,1,9,4,70,1
1352,SC,2000,1,15,4,30,0
1353,SC,2000,1,11,2,44,1
1354,SC,2000,1,11,4,65,0
1355,SC,2000,1,5,2,56,1
1356,SC,2000,1,17,4,45,0
1357,SC,2000,1,17,3,31,1
1358,SC,2000,1,10,2,49,0
1359,SC,2000,0,17,4,32,0
1360,SC,2000,1,17,2,46,1
1361,SC,2000,1,9,2,38,1
1362,SC,2000,1,8,1,68,1
1363,SC,2000,1,14,2,53,1
1364,SC,2000,1,13,4,44,1
1365,SC,2000,1,8,2,20,1
1366,SC,2000,1,16,3,30,1
1367,SC,2000,1,17,4,50,1
1368,SC,2000,1,17,3,23,0
1369,SC,2000,1,17,4,44,1
1370,SC,2000,1,14,3,28,0
1371,SC,2000,1,5,2,39,1
1372,SC,2000,1,17,2,85,1
1373,SC,2000,0,7,3,72,1
1374,SC,2000,1,12,2,41,1
1375,SC,2000,0,17,4,34,0
1376,SC,2000,1,17,3,48,1
1377,SC,2000,1,17,4,49,0
1378,SC,2000,1,15,2,62,0
1379,SC,2000,1,17,2,51,1
1380,SC,2000,1,11,3,42,1
1381,SC,2000,1,17,4,44,1
1382,SC,2000,1,11,2,78,0
1383,SC,2000,1,15,3,59,0
1384,SC,2000,0,13,2,40,0
1385,SC,2000,1,15,4,72,0
1386,SC,2000,1,15,3,47,1
1387,SC,2000,1,17,3,34,1
1388,SC,2000,0,9,3,21,1
1389,SC,2000,1,15,2,58,1
1390,SC,2000,1,10,1,65,0
1391,SC,2000,1,11,2,23,1
1392,SC,2000,1,17,4,38,1
1393,SC,2000,0,6,1,60,0
1394,SC,2000,1,16,4,45,0
1395,SC,2000,1,12,2,39,1
1396,SC,2000,1,15,3,45,0
1397,SC,2000,1,16,3,41,0
1398,SC,2000,1,12,2,79,1
1399,SC,2000,1,9,2,59,1
1400,SC,2000,1,9,2,73,1
1401,SC,2000,1,5,1,63,1
1402,SC,2000,1,7,4,52,0
1403,SC,2000,1,10,3,52,1
1404,SC,2000,1,12,2,78,0
1405,SC,2000,1,13,2,36,1
1406,SC,2000,1,15,3,19,1
1407,SC,2000,1,16,3,20,0
1408,SC,2000,1,16,2,40,1
1409,SC,2000,1,13,2,69,1
1410,SC,2000,1,13,2,38,0
1411,SC,2000,1,17,4,71,0
1412,SC,2000,1,17,2,53,1
1413,SC,2000,1,12,4,40,0
1414,SC,2000,1,16,4,45,1
1415,SC,2000,1,17,4,63,0
1416,SC,2000,1,8,1,74,0
1417,SC,2000,1,4,2,45,1
1418,SC,2000,1,17,4,45,0
1419,SC,2000,1,17,4,63,0
1420,SC,2000,1,16,2,41,0
1421,SC,2000,1,17,4,40,1
1422,SC,2000,1,17,4,48,0
1423,SC,2000,1,11,4,28,1
1424,SC,2000,1,11,1,55,0
1425,SC,2000,1,10,2,72,1
1426,SC,2000,1,17,4,43,1
1427,SC,2000,1,17,4,37,1
1428,SC,2000,1,17,4,55,1
1429,SC,2000,1,11,1,75,1
1430,SC,2000,1,17,4,49,0
1431,SC,2000,0,11,2,29,1
1432,SC,2000,1,13,2,40,0
1433,SC,2000,1,7,2,62,1
1434,SC,2000,1,9,2,41,1
1435,SC,2000,1,7,2,40,1
1436,SC,2000,1,12,1,60,1
1437,SC,2000,1,16,2,50,1
1438,SC,2000,1,11,4,38,1
1439,SC,2000,0,8,2,19,0
1440,SC,2000,0,7,1,73,0
1441,SC,2000,1,15,4,82,0
1442,SC,2000,1,16,2,56,1
1443,SC,2000,1,17,2,53,0
1444,SC,2000,1,15,4,40,0
1445,SC,2000,1,14,2,59,1
1446,SC,2000,1,16,3,33,0
1447,SC,2000,1,5,1,64,0
1448,SC,2000,1,14,4,32,1
1449,SC,2000,1,17,4,56,1
1450,SC,2000,1,16,4,50,0
1451,SC,2000,1,10,1,80,0
1452,SC,2000,1,8,1,46,1
1453,SC,2000,1,16,4,37,0
1454,SC,2000,1,17,4,40,1
1455,SC,2000,1,7,1,82,0
1456,SC,2000,1,15,4,62,0
1457,SC,2000,1,13,4,34,1
1458,SC,2000,1,17,4,50,1
1459,SC,2000,1,16,4,44,0
1460,SC,2000,1,15,3,68,0
1461,SC,2000,1,14,3,25,1
1462,SC,2000,1,11,1,23,1
1463,SC,2000,0,17,4,43,0
1464,SC,2000,1,13,3,38,0
1465,SC,2000,1,13,3,23,1
1466,SC,2000,1,5,2,47,1
1467,SC,2000,1,16,4,55,1
1468,SC,2000,1,5,2,45,0
1469,SC,2000,0,9,2,20,1
1470,SC,2000,1,16,3,42,1
1471,SC,2000,1,8,1,54,0
1472,SC,2000,1,11,1,76,0
1473,SC,2000,0,9,1,78,0
1474,SC,2000,1,16,4,37,1
1475,SC,2000,1,15,3,46,0
1476,SC,2000,1,12,2,26,1
1477,SC,2000,1,17,3,43,1
1478,SC,2000,0,15,2,36,1
1479,SC,2000,1,16,2,37,0
1480,SC,2000,1,16,4,50,1
1481,SC,2000,1,17,3,57,0
1482,SC,2000,1,5,3,24,1
1483,SC,2000,1,13,3,19,1
1484,SC,2000,0,9,3,51,1
1485,SC,2000,1,13,2,53,1
1486,SC,2000,1,17,4,48,1
1487,SC,2000,1,17,4,63,1
1488,SC,2000,0,9,2,81,1
1489,SC,2000,1,17,2,35,0
1490,SC,2000,1,10,4,84,0
1491,SC,2000,1,16,2,57,0
1492,SC,2000,1,11,4,28,1
1493,SC,2000,0,8,1,62,1
1494,SC,2000,1,5,2,50,1
1495,SC,2000,1,15,2,51,1
1496,SC,2000,1,17,4,53,1
1497,SC,2000,1,10,2,24,0
1498,SC,2000,1,12,3,46,0
1499,SC,2000,0,12,1,79,1
1500,SC,2000,1,9,1,36,1
