,type,time,delta
1,1,1,1
2,1,3,1
3,1,3,1
4,1,4,1
5,1,10,1
6,1,13,1
7,1,13,1
8,1,16,1
9,1,16,1
10,1,24,1
11,1,26,1
12,1,27,1
13,1,28,1
14,1,30,1
15,1,30,1
16,1,32,1
17,1,41,1
18,1,51,1
19,1,65,1
20,1,67,1
21,1,70,1
22,1,72,1
23,1,73,1
24,1,77,1
25,1,91,1
26,1,93,1
27,1,96,1
28,1,100,1
29,1,104,1
30,1,157,1
31,1,167,1
32,1,61,0
33,1,74,0
34,1,79,0
35,1,80,0
36,1,81,0
37,1,87,0
38,1,87,0
39,1,88,0
40,1,89,0
41,1,93,0
42,1,97,0
43,1,101,0
44,1,104,0
45,1,108,0
46,1,109,0
47,1,120,0
48,1,131,0
49,1,150,0
50,1,231,0
51,1,240,0
52,1,400,0
53,2,1,1
54,2,3,1
55,2,4,1
56,2,5,1
57,2,5,1
58,2,8,1
59,2,12,1
60,2,13,1
61,2,18,1
62,2,23,1
63,2,26,1
64,2,27,1
65,2,30,1
66,2,42,1
67,2,56,1
68,2,62,1
69,2,69,1
70,2,104,1
71,2,104,1
72,2,112,1
73,2,129,1
74,2,181,1
75,2,8,0
76,2,67,0
77,2,76,0
78,2,104,0
79,2,176,0
80,2,231,0
