,epoch,mb,bh,bl,nh
1,c4000BC,131,138,89,49
2,c4000BC,125,131,92,48
3,c4000BC,131,132,99,50
4,c4000BC,119,132,96,44
5,c4000BC,136,143,100,54
6,c4000BC,138,137,89,56
7,c4000BC,139,130,108,48
8,c4000BC,125,136,93,48
9,c4000BC,131,134,102,51
10,c4000BC,134,134,99,51
11,c4000BC,129,138,95,50
12,c4000BC,134,121,95,53
13,c4000BC,126,129,109,51
14,c4000BC,132,136,100,50
15,c4000BC,141,140,100,51
16,c4000BC,131,134,97,54
17,c4000BC,135,137,103,50
18,c4000BC,132,133,93,53
19,c4000BC,139,136,96,50
20,c4000BC,132,131,101,49
21,c4000BC,126,133,102,51
22,c4000BC,135,135,103,47
23,c4000BC,134,124,93,53
24,c4000BC,128,134,103,50
25,c4000BC,130,130,104,49
26,c4000BC,138,135,100,55
27,c4000BC,128,132,93,53
28,c4000BC,127,129,106,48
29,c4000BC,131,136,114,54
30,c4000BC,124,138,101,46
31,c3300BC,124,138,101,48
32,c3300BC,133,134,97,48
33,c3300BC,138,134,98,45
34,c3300BC,148,129,104,51
35,c3300BC,126,124,95,45
36,c3300BC,135,136,98,52
37,c3300BC,132,145,100,54
38,c3300BC,133,130,102,48
39,c3300BC,131,134,96,50
40,c3300BC,133,125,94,46
41,c3300BC,133,136,103,53
42,c3300BC,131,139,98,51
43,c3300BC,131,136,99,56
44,c3300BC,138,134,98,49
45,c3300BC,130,136,104,53
46,c3300BC,131,128,98,45
47,c3300BC,138,129,107,53
48,c3300BC,123,131,101,51
49,c3300BC,130,129,105,47
50,c3300BC,134,130,93,54
51,c3300BC,137,136,106,49
52,c3300BC,126,131,100,48
53,c3300BC,135,136,97,52
54,c3300BC,129,126,91,50
55,c3300BC,134,139,101,49
56,c3300BC,131,134,90,53
57,c3300BC,132,130,104,50
58,c3300BC,130,132,93,52
59,c3300BC,135,132,98,54
60,c3300BC,130,128,101,51
61,c1850BC,137,141,96,52
62,c1850BC,129,133,93,47
63,c1850BC,132,138,87,48
64,c1850BC,130,134,106,50
65,c1850BC,134,134,96,45
66,c1850BC,140,133,98,50
67,c1850BC,138,138,95,47
68,c1850BC,136,145,99,55
69,c1850BC,136,131,92,46
70,c1850BC,126,136,95,56
71,c1850BC,137,129,100,53
72,c1850BC,137,139,97,50
73,c1850BC,136,126,101,50
74,c1850BC,137,133,90,49
75,c1850BC,129,142,104,47
76,c1850BC,135,138,102,55
77,c1850BC,129,135,92,50
78,c1850BC,134,125,90,60
79,c1850BC,138,134,96,51
80,c1850BC,136,135,94,53
81,c1850BC,132,130,91,52
82,c1850BC,133,131,100,50
83,c1850BC,138,137,94,51
84,c1850BC,130,127,99,45
85,c1850BC,136,133,91,49
86,c1850BC,134,123,95,52
87,c1850BC,136,137,101,54
88,c1850BC,133,131,96,49
89,c1850BC,138,133,100,55
90,c1850BC,138,133,91,46
91,c200BC,137,134,107,54
92,c200BC,141,128,95,53
93,c200BC,141,130,87,49
94,c200BC,135,131,99,51
95,c200BC,133,120,91,46
96,c200BC,131,135,90,50
97,c200BC,140,137,94,60
98,c200BC,139,130,90,48
99,c200BC,140,134,90,51
100,c200BC,138,140,100,52
101,c200BC,132,133,90,53
102,c200BC,134,134,97,54
103,c200BC,135,135,99,50
104,c200BC,133,136,95,52
105,c200BC,136,130,99,55
106,c200BC,134,137,93,52
107,c200BC,131,141,99,55
108,c200BC,129,135,95,47
109,c200BC,136,128,93,54
110,c200BC,131,125,88,48
111,c200BC,139,130,94,53
112,c200BC,144,124,86,50
113,c200BC,141,131,97,53
114,c200BC,130,131,98,53
115,c200BC,133,128,92,51
116,c200BC,138,126,97,54
117,c200BC,131,142,95,53
118,c200BC,136,138,94,55
119,c200BC,132,136,92,52
120,c200BC,135,130,100,51
121,cAD150,137,123,91,50
122,cAD150,136,131,95,49
123,cAD150,128,126,91,57
124,cAD150,130,134,92,52
125,cAD150,138,127,86,47
126,cAD150,126,138,101,52
127,cAD150,136,138,97,58
128,cAD150,126,126,92,45
129,cAD150,132,132,99,55
130,cAD150,139,135,92,54
131,cAD150,143,120,95,51
132,cAD150,141,136,101,54
133,cAD150,135,135,95,56
134,cAD150,137,134,93,53
135,cAD150,142,135,96,52
136,cAD150,139,134,95,47
137,cAD150,138,125,99,51
138,cAD150,137,135,96,54
139,cAD150,133,125,92,50
140,cAD150,145,129,89,47
141,cAD150,138,136,92,46
142,cAD150,131,129,97,44
143,cAD150,143,126,88,54
144,cAD150,134,124,91,55
145,cAD150,132,127,97,52
146,cAD150,137,125,85,57
147,cAD150,129,128,81,52
148,cAD150,140,135,103,48
149,cAD150,147,129,87,48
150,cAD150,136,133,97,51
