,Sex,Bwt,Hwt
1,M,2.0,6.5
2,M,2.0,6.5
3,M,2.1,10.1
4,M,2.2,7.2
5,M,2.2,7.6
6,M,2.2,7.9
7,M,2.2,8.5
8,M,2.2,9.1
9,M,2.2,9.6
10,M,2.2,9.6
11,M,2.2,10.7
12,M,2.3,9.6
13,M,2.4,7.3
14,M,2.4,7.9
15,M,2.4,7.9
16,M,2.4,9.1
17,M,2.4,9.3
18,M,2.5,7.9
19,M,2.5,8.6
20,M,2.5,8.8
21,M,2.5,8.8
22,M,2.5,9.3
23,M,2.5,11.0
24,M,2.5,12.7
25,M,2.5,12.7
26,M,2.6,7.7
27,M,2.6,8.3
28,M,2.6,9.4
29,M,2.6,9.4
30,M,2.6,10.5
31,M,2.6,11.5
32,M,2.7,8.0
33,M,2.7,9.0
34,M,2.7,9.6
35,M,2.7,9.6
36,M,2.7,9.8
37,M,2.7,10.4
38,M,2.7,11.1
39,M,2.7,12.0
40,M,2.7,12.5
41,M,2.8,9.1
42,M,2.8,10.0
43,M,2.8,10.2
44,M,2.8,11.4
45,M,2.8,12.0
46,M,2.8,13.3
47,M,2.8,13.5
48,M,2.9,9.4
49,M,2.9,10.1
50,M,2.9,10.6
51,M,2.9,11.3
52,M,2.9,11.8
53,M,3.0,10.0
54,M,3.0,10.4
55,M,3.0,10.6
56,M,3.0,11.6
57,M,3.0,12.2
58,M,3.0,12.4
59,M,3.0,12.7
60,M,3.0,13.3
61,M,3.0,13.8
62,M,3.1,9.9
63,M,3.1,11.5
64,M,3.1,12.1
65,M,3.1,12.5
66,M,3.1,13.0
67,M,3.1,14.3
68,M,3.2,11.6
69,M,3.2,11.9
70,M,3.2,12.3
71,M,3.2,13.0
72,M,3.2,13.5
73,M,3.2,13.6
74,M,3.3,11.5
75,M,3.3,12.0
76,M,3.3,14.1
77,M,3.3,14.9
78,M,3.3,15.4
79,M,3.4,11.2
80,M,3.4,12.2
81,M,3.4,12.4
82,M,3.4,12.8
83,M,3.4,14.4
84,M,3.5,11.7
85,M,3.5,12.9
86,M,3.5,15.6
87,M,3.5,15.7
88,M,3.5,17.2
89,M,3.6,11.8
90,M,3.6,13.3
91,M,3.6,14.8
92,M,3.6,15.0
93,M,3.7,11.0
94,M,3.8,14.8
95,M,3.8,16.8
96,M,3.9,14.4
97,M,3.9,20.5
