,id,y,sex,age,apoe.a1,apoe.a2,apoc.a1,apoc.a2
1,1,2,2,67,3,3,1,1
2,2,2,1,64,3,3,1,1
3,3,2,2,71,3,3,1,2
4,4,2,1,80,3,3,1,1
5,5,2,2,79,3,3,1,1
6,6,2,2,80,3,3,1,1
7,7,2,2,65,3,3,1,1
8,8,2,2,61,3,3,1,1
9,9,2,2,71,3,3,1,1
10,10,2,2,66,3,3,1,2
11,11,2,2,79,3,3,1,1
12,12,2,1,66,3,3,1,1
13,13,2,2,65,3,3,1,1
14,14,2,2,73,3,3,1,1
15,15,2,2,79,3,3,1,1
16,16,2,2,75,3,3,1,1
17,17,2,2,70,3,3,1,1
18,18,2,2,83,3,3,1,1
19,19,2,2,78,3,3,1,2
20,20,2,1,84,3,3,1,1
21,21,2,2,75,3,3,1,1
22,22,2,2,80,3,3,1,2
23,23,2,2,78,3,3,1,1
24,24,2,2,83,3,3,1,1
25,25,2,1,80,3,3,1,1
26,26,2,2,88,3,3,1,2
27,27,2,1,85,3,3,1,2
28,28,2,2,93,3,3,1,1
29,29,2,2,78,3,3,1,1
30,30,2,1,83,3,3,1,1
31,31,2,2,82,3,3,1,2
32,32,2,1,88,3,3,1,1
33,33,2,1,89,3,3,1,2
34,34,2,1,84,3,3,1,1
35,35,2,1,90,3,3,1,1
36,36,2,2,85,3,3,1,1
37,37,2,2,70,3,3,1,1
38,38,2,2,75,3,3,1,2
39,39,2,1,82,3,3,1,1
40,40,2,1,71,3,3,1,1
41,41,2,1,75,3,3,1,1
42,42,2,1,64,3,3,1,1
43,43,2,2,80,3,3,1,1
44,44,2,2,83,3,3,1,2
45,45,2,2,67,3,3,1,2
46,46,2,2,84,3,3,1,1
47,47,2,2,65,3,3,1,1
48,48,2,1,68,3,3,1,1
49,49,2,2,98,3,3,1,1
50,50,2,2,77,3,3,1,2
51,51,2,2,90,3,3,1,1
52,52,2,2,74,3,3,1,1
53,53,2,1,69,3,3,1,1
54,54,2,2,91,3,3,1,2
55,55,2,2,67,3,3,1,2
56,56,2,1,82,3,3,1,2
57,57,0,1,89,3,3,1,2
58,58,0,1,84,3,3,1,1
59,59,0,1,90,3,3,1,2
60,60,0,1,74,3,3,1,1
61,61,0,2,73,3,3,1,1
62,62,0,1,75,3,3,1,1
63,63,0,2,85,3,3,1,1
64,64,0,2,76,3,3,1,1
65,65,0,1,99,3,3,1,2
66,66,0,2,89,3,3,1,1
67,67,0,1,82,3,3,1,1
68,68,0,2,75,3,3,1,1
69,69,0,1,87,3,3,1,1
70,70,0,2,85,3,3,1,2
71,71,0,2,88,3,3,1,1
72,72,0,1,74,3,3,1,2
73,73,0,2,82,3,3,1,2
74,74,0,1,76,3,3,1,1
75,75,0,2,82,3,3,1,1
76,76,0,1,83,3,3,1,1
77,77,0,2,85,3,3,1,1
78,78,0,2,75,3,3,1,2
79,79,0,2,94,3,3,1,1
80,80,0,1,82,3,3,1,1
81,81,0,2,91,3,3,1,1
82,82,0,2,85,3,3,1,1
83,83,0,1,87,3,3,1,2
84,84,0,1,86,3,3,1,1
85,85,0,2,79,3,3,1,1
86,86,0,2,75,3,3,1,1
87,87,0,2,90,3,3,1,1
88,88,0,1,76,3,3,1,1
89,89,0,2,76,3,3,1,2
90,90,0,1,80,3,3,1,1
91,91,0,2,94,3,3,1,2
92,92,0,1,91,3,3,1,1
93,93,0,1,65,3,3,1,1
94,94,0,1,76,3,3,1,2
95,95,0,2,84,3,3,1,1
96,96,0,2,88,3,3,1,1
97,97,0,2,68,3,3,1,1
98,98,0,1,77,3,3,1,1
99,99,0,1,79,3,3,1,1
100,100,0,2,81,3,3,1,1
101,101,0,1,79,3,3,1,1
102,102,0,2,71,3,3,1,1
103,103,0,2,84,3,3,1,1
104,104,0,1,71,3,3,1,2
105,105,0,1,84,3,3,1,2
106,106,0,1,81,3,3,1,1
107,107,0,1,79,3,3,1,1
108,108,0,2,76,3,3,1,2
109,109,0,1,75,3,3,1,1
110,110,0,2,73,3,3,1,1
111,111,0,1,82,3,3,1,1
112,112,0,2,76,3,3,1,1
113,113,0,1,88,3,3,1,1
114,114,0,2,71,3,3,1,1
115,115,0,1,90,3,3,1,2
116,116,0,2,83,3,3,1,1
117,117,0,1,71,3,3,1,2
118,118,0,2,77,3,3,1,1
119,119,0,1,78,3,3,1,1
120,120,0,2,75,3,3,1,1
121,121,0,1,78,3,3,1,2
122,122,0,1,84,3,3,1,1
123,123,0,2,74,3,3,1,1
124,124,0,1,91,3,3,1,1
125,125,0,2,80,3,3,1,2
126,126,0,1,81,3,3,1,1
127,127,0,1,91,3,3,1,2
128,128,0,2,73,3,3,1,2
129,129,0,2,81,3,3,1,1
130,130,0,2,84,3,3,1,1
131,131,0,1,87,3,3,1,1
132,132,0,1,79,3,3,1,1
133,133,0,1,72,3,3,1,1
134,134,0,2,88,3,3,1,1
135,135,0,2,80,3,3,1,2
136,136,0,2,83,3,3,1,2
137,137,0,2,77,3,3,1,1
138,138,0,2,94,3,3,1,1
139,139,0,2,73,3,3,1,2
140,140,0,2,81,3,3,1,2
141,141,0,2,69,3,3,1,1
142,142,0,2,71,3,3,1,1
143,143,0,2,82,3,3,1,1
144,144,0,2,79,3,3,1,2
145,145,0,2,70,3,3,1,2
146,146,0,1,75,3,3,1,1
147,147,0,2,78,3,3,1,2
148,148,0,1,73,3,3,1,2
149,149,0,2,81,3,3,1,1
150,150,0,1,83,3,3,1,1
151,151,0,2,64,3,3,1,2
152,152,0,1,82,3,3,1,1
153,153,0,2,66,3,3,1,1
154,154,0,1,76,3,3,1,2
155,155,0,1,67,3,3,1,2
156,156,0,1,65,3,3,1,1
157,157,0,1,80,3,3,1,2
158,158,0,2,88,3,3,1,1
159,159,0,2,70,3,3,1,1
160,160,0,1,88,3,3,1,1
161,161,0,2,69,3,3,1,1
162,162,0,2,88,3,3,1,1
163,163,0,1,91,3,3,1,1
164,164,0,1,83,3,3,1,1
165,165,0,2,82,3,3,1,1
166,166,0,1,83,3,3,1,1
167,167,0,2,92,3,3,1,2
168,168,0,1,65,3,3,1,2
169,169,0,2,85,3,3,1,1
170,170,0,2,87,3,3,1,1
171,171,0,2,66,3,3,1,1
172,172,0,1,68,3,3,1,1
173,173,0,2,86,3,3,1,2
174,174,0,2,69,3,3,1,2
175,175,0,1,69,3,3,1,1
176,176,0,2,78,3,3,1,1
177,177,0,1,82,3,3,1,1
178,178,0,2,71,3,3,1,1
179,179,0,1,80,3,3,1,1
180,180,0,2,91,3,3,1,1
181,181,0,2,59,3,3,1,1
182,182,0,1,85,3,3,1,1
183,183,0,1,84,3,3,1,1
184,184,0,2,89,3,3,1,1
185,185,0,1,81,3,3,1,1
186,186,0,2,88,3,3,1,1
187,187,0,2,81,3,3,1,1
188,188,0,1,86,3,3,1,1
189,189,0,1,84,3,3,1,1
190,190,0,1,75,3,3,1,1
191,191,0,1,80,3,3,1,1
192,192,0,1,82,3,3,1,1
193,193,0,1,84,3,3,1,1
194,194,0,1,75,3,3,1,1
195,195,0,1,71,3,3,1,1
196,196,0,2,79,3,3,1,1
197,197,0,2,96,3,3,1,1
198,198,0,2,85,3,3,1,1
199,199,0,1,89,3,3,1,1
200,200,0,1,92,3,3,1,1
201,201,0,1,84,3,3,1,2
202,202,0,1,79,3,3,1,1
203,203,0,2,86,3,3,1,1
204,204,0,2,92,3,3,1,1
205,205,0,2,86,3,3,1,1
206,206,0,2,80,3,3,1,1
207,207,0,1,83,3,3,1,1
208,208,0,2,71,3,3,1,1
209,209,0,1,79,3,3,1,1
210,210,0,1,76,3,3,1,1
211,211,0,2,89,3,3,1,1
212,212,0,2,80,3,3,1,1
213,213,0,2,82,3,3,1,1
214,214,0,2,72,3,3,1,1
215,215,0,1,86,3,3,1,1
216,216,0,1,89,3,3,1,1
217,217,0,1,71,3,3,1,1
218,218,0,2,93,3,3,1,1
219,219,2,1,69,2,3,1,2
220,220,2,2,72,2,3,1,2
221,221,2,2,71,2,3,1,2
222,222,2,2,89,2,3,1,2
223,223,2,2,73,2,3,1,2
224,224,2,1,85,2,3,1,2
225,225,2,1,75,2,3,1,2
226,226,2,1,89,2,3,1,2
227,227,2,2,63,2,3,1,2
228,228,2,2,93,2,3,1,2
229,229,2,1,87,2,3,1,2
230,230,2,2,87,2,3,1,1
231,231,2,2,89,2,3,1,2
232,232,2,1,66,2,3,1,2
233,233,2,1,76,2,3,1,2
234,234,2,2,69,2,3,1,2
235,235,0,2,82,2,3,1,2
236,236,0,1,73,2,3,1,2
237,237,0,2,83,2,3,2,2
238,238,0,1,74,2,3,1,2
239,239,0,1,69,2,3,1,1
240,240,0,1,76,2,3,1,2
241,241,0,2,86,2,3,1,1
242,242,0,1,82,2,3,1,1
243,243,0,2,79,2,3,1,2
244,244,0,2,80,2,3,1,2
245,245,0,2,79,2,3,1,1
246,246,0,2,87,2,3,1,2
247,247,0,1,76,2,3,1,1
248,248,0,2,73,2,3,2,2
249,249,0,2,92,2,3,1,2
250,250,0,2,84,2,3,1,1
251,251,0,1,69,2,3,1,2
252,252,0,2,78,2,3,1,2
253,253,0,1,82,2,3,1,2
254,254,0,2,85,2,3,1,2
255,255,0,2,78,2,3,1,1
256,256,0,1,77,2,3,1,2
257,257,0,2,89,2,3,1,2
258,258,0,1,79,2,3,1,2
259,259,0,2,77,2,3,1,2
260,260,0,1,89,2,3,1,2
261,261,0,1,85,2,3,1,2
262,262,0,2,88,2,3,1,1
263,263,0,2,86,2,3,1,2
264,264,0,1,79,2,3,1,2
265,265,0,2,98,2,3,2,2
266,266,0,2,94,2,3,1,2
267,267,0,1,88,2,3,1,2
268,268,0,1,87,2,3,1,2
269,269,0,2,84,2,3,1,2
270,270,0,1,67,2,3,1,2
271,271,0,2,84,2,3,1,2
272,272,2,2,83,3,4,1,1
273,273,2,1,81,3,4,1,2
274,274,2,2,82,3,4,1,2
275,275,2,2,63,3,4,1,1
276,276,2,2,70,3,4,1,2
277,277,2,2,72,3,4,1,2
278,278,2,2,69,3,4,1,2
279,279,2,2,72,3,4,1,2
280,280,2,1,72,3,4,1,2
281,281,2,2,71,3,4,1,1
282,282,2,1,86,3,4,2,2
283,283,2,2,83,3,4,1,1
284,284,2,2,91,3,4,1,2
285,285,2,2,90,3,4,1,2
286,286,2,2,96,3,4,1,2
287,287,2,2,88,3,4,1,1
288,288,2,2,78,3,4,1,1
289,289,2,2,92,3,4,1,1
290,290,2,2,87,3,4,1,2
291,291,2,1,82,3,4,1,2
292,292,2,1,66,3,4,1,2
293,293,2,2,96,3,4,1,1
294,294,2,2,95,3,4,1,1
295,295,2,2,82,3,4,1,2
296,296,2,1,78,3,4,1,2
297,297,2,2,75,3,4,1,2
298,298,2,2,74,3,4,1,2
299,299,2,2,85,3,4,1,2
300,300,2,2,79,3,4,1,2
301,301,2,2,77,3,4,1,1
302,302,0,2,76,3,4,1,1
303,303,0,2,87,3,4,1,1
304,304,0,2,64,3,4,1,1
305,305,0,1,82,3,4,1,2
306,306,0,1,71,3,4,1,2
307,307,0,1,88,3,4,1,2
308,308,0,2,75,3,4,1,2
309,309,0,2,67,3,4,1,2
310,310,0,2,80,3,4,1,2
311,311,0,1,76,3,4,1,2
312,312,0,2,77,3,4,1,2
313,313,0,2,65,3,4,1,2
314,314,0,1,79,3,4,1,2
315,315,0,2,80,3,4,1,1
316,316,0,1,66,3,4,1,1
317,317,0,2,68,3,4,1,2
318,318,0,1,71,3,4,1,1
319,319,0,2,83,3,4,1,1
320,320,0,2,65,3,4,1,2
321,321,0,1,78,3,4,1,2
322,322,0,2,87,3,4,1,2
323,323,0,1,81,3,4,1,2
324,324,0,2,71,3,4,1,2
325,325,0,1,74,3,4,1,2
326,326,0,2,82,3,4,1,1
327,327,0,2,88,3,4,1,2
328,328,0,1,77,3,4,1,1
329,329,0,1,78,3,4,1,1
330,330,0,1,63,3,4,1,1
331,331,0,1,80,3,4,1,1
332,332,0,2,81,3,4,1,1
333,333,2,2,69,2,4,2,2
334,334,2,2,80,2,4,2,2
335,335,0,2,72,2,4,2,2
336,336,0,1,81,2,4,1,2
337,337,0,2,83,2,4,1,2
338,338,0,2,82,2,4,1,2
339,339,0,1,86,2,4,1,2
340,340,0,1,76,2,4,1,2
341,341,2,2,73,4,4,2,2
342,342,2,2,65,4,4,2,2
343,343,2,2,70,4,4,2,2
344,344,2,1,72,4,4,2,2
345,345,2,2,86,4,4,2,2
346,346,2,2,72,4,4,2,2
347,347,0,2,65,4,4,2,2
348,348,2,2,86,2,2,1,2
349,349,0,2,74,2,2,1,2
350,350,0,1,71,2,2,1,1
351,351,0,2,81,2,2,1,1
352,352,0,1,88,2,2,1,1
353,353,0,1,95,2,2,1,1
