,id,y,sex,age,trt,baseline,time
1,1,4.0,2,54,2,2,1
2,1,5.0,2,54,2,2,3
3,1,5.0,2,54,2,2,5
4,2,4.0,1,41,1,3,1
5,2,4.0,1,41,1,3,3
6,2,4.0,1,41,1,3,5
7,3,3.0,2,48,2,3,1
8,3,4.0,2,48,2,3,3
9,3,4.0,2,48,2,3,5
10,4,4.0,2,40,1,3,1
11,4,3.0,2,40,1,3,3
12,4,4.0,2,40,1,3,5
13,5,4.0,2,29,2,3,1
14,5,3.0,2,29,2,3,3
15,5,4.0,2,29,2,3,5
16,6,3.0,2,43,2,2,1
17,6,2.0,2,43,2,2,3
18,6,3.0,2,43,2,2,5
19,7,3.0,2,55,2,4,1
20,7,2.0,2,55,2,4,3
21,7,3.0,2,55,2,4,5
22,8,3.0,1,49,1,3,1
23,8,2.0,1,49,1,3,3
24,8,2.0,1,49,1,3,5
25,9,2.0,2,64,1,2,1
26,9,2.0,2,64,1,2,3
27,9,1.0,2,64,1,2,5
28,10,3.0,2,51,2,3,1
29,10,3.0,2,51,2,3,3
30,10,4.0,2,51,2,3,5
31,11,4.0,2,46,2,4,1
32,11,4.0,2,46,2,4,3
33,11,4.0,2,46,2,4,5
34,12,4.0,2,59,1,4,1
35,12,5.0,2,59,1,4,3
36,12,4.0,2,59,1,4,5
37,13,3.0,1,58,2,3,1
38,13,2.0,1,58,2,3,3
39,13,3.0,1,58,2,3,5
40,14,5.0,2,49,1,4,1
41,14,5.0,2,49,1,4,3
42,14,5.0,2,49,1,4,5
43,15,3.0,2,48,2,3,1
44,15,3.0,2,48,2,3,3
45,15,3.0,2,48,2,3,5
46,16,4.0,2,60,1,4,1
47,16,3.0,2,60,1,4,3
48,16,3.0,2,60,1,4,5
49,17,4.0,2,62,1,3,1
50,17,3.0,2,62,1,3,3
51,17,4.0,2,62,1,3,5
52,18,2.0,1,65,2,2,1
53,18,2.0,1,65,2,2,3
54,18,2.0,1,65,2,2,5
55,19,4.0,1,56,1,4,1
56,19,3.0,1,56,1,4,3
57,19,3.0,1,56,1,4,5
58,20,4.0,2,64,1,3,1
59,20,3.0,2,64,1,3,3
60,20,3.0,2,64,1,3,5
61,21,3.0,2,42,1,3,1
62,21,3.0,2,42,1,3,3
63,21,4.0,2,42,1,3,5
64,22,3.0,2,59,2,4,1
65,22,1.0,2,59,2,4,3
66,22,2.0,2,59,2,4,5
67,23,4.0,2,61,2,4,1
68,23,4.0,2,61,2,4,3
69,23,4.0,2,61,2,4,5
70,24,4.0,2,59,1,4,1
71,24,5.0,2,59,1,4,3
72,24,5.0,2,59,1,4,5
73,25,3.0,2,29,1,3,1
74,25,3.0,2,29,1,3,3
75,25,4.0,2,29,1,3,5
76,26,4.0,1,41,2,3,1
77,26,4.0,1,41,2,3,3
78,26,4.0,1,41,2,3,5
79,27,4.0,2,65,1,3,1
80,27,3.0,2,65,1,3,3
81,27,4.0,2,65,1,3,5
82,28,3.0,1,22,1,3,1
83,28,3.0,1,22,1,3,3
84,28,4.0,1,22,1,3,5
85,29,4.0,2,55,2,3,1
86,29,3.0,2,55,2,3,3
87,29,4.0,2,55,2,3,5
88,30,3.0,2,62,2,3,1
89,30,4.0,2,62,2,3,3
90,30,4.0,2,62,2,3,5
91,31,2.0,2,31,2,3,1
92,31,3.0,2,31,2,3,3
93,31,5.0,2,31,2,3,5
94,32,4.0,2,43,1,2,1
95,32,4.0,2,43,1,2,3
96,32,3.0,2,43,1,2,5
97,33,4.0,2,59,2,2,1
98,33,4.0,2,59,2,2,3
99,33,4.0,2,59,2,2,5
100,34,3.0,2,57,1,3,1
101,34,3.0,2,57,1,3,3
102,34,3.0,2,57,1,3,5
103,35,4.0,1,48,2,3,1
104,35,5.0,1,48,2,3,3
105,35,4.0,1,48,2,3,5
106,36,1.0,2,61,1,3,1
107,36,3.0,2,61,1,3,3
108,36,4.0,2,61,1,3,5
109,37,3.0,2,35,2,3,1
110,37,4.0,2,35,2,3,3
111,37,4.0,2,35,2,3,5
112,38,4.0,2,61,1,2,1
113,38,4.0,2,61,1,2,3
114,38,3.0,2,61,1,2,5
115,39,3.0,2,56,2,4,1
116,39,3.0,2,56,2,4,3
117,39,3.0,2,56,2,4,5
118,40,3.0,2,56,2,3,1
119,40,4.0,2,56,2,3,3
120,40,2.0,2,56,2,3,5
121,41,3.0,2,60,1,4,1
122,41,3.0,2,60,1,4,3
123,41,4.0,2,60,1,4,5
124,42,4.0,2,52,2,3,1
125,42,3.0,2,52,2,3,3
126,42,4.0,2,52,2,3,5
127,43,4.0,2,55,1,3,1
128,43,3.0,2,55,1,3,3
129,43,4.0,2,55,1,3,5
130,44,3.0,2,64,2,3,1
131,44,3.0,2,64,2,3,3
132,44,4.0,2,64,2,3,5
133,45,3.0,1,50,1,2,1
134,45,2.0,1,50,1,2,3
135,45,5.0,1,50,1,2,5
136,46,4.0,1,57,1,4,1
137,46,4.0,1,57,1,4,3
138,46,4.0,1,57,1,4,5
139,47,3.0,2,50,2,3,1
140,47,4.0,2,50,2,3,3
141,47,4.0,2,50,2,3,5
142,48,3.0,2,56,1,3,1
143,48,2.0,2,56,1,3,3
144,48,3.0,2,56,1,3,5
145,49,2.0,2,56,2,2,1
146,49,4.0,2,56,2,2,3
147,49,3.0,2,56,2,2,5
148,50,4.0,2,64,2,4,1
149,50,3.0,2,64,2,4,3
150,50,4.0,2,64,2,4,5
151,51,3.0,2,64,1,3,1
152,51,3.0,2,64,1,3,3
153,51,2.0,2,64,1,3,5
154,52,4.0,2,33,1,3,1
155,52,4.0,2,33,1,3,3
156,52,4.0,2,33,1,3,5
157,53,2.0,1,48,2,3,1
158,53,4.0,1,48,2,3,3
159,53,3.0,1,48,2,3,5
160,54,5.0,1,35,2,5,1
161,54,5.0,1,35,2,5,3
162,54,5.0,1,35,2,5,5
163,55,2.0,2,55,1,2,1
164,55,1.0,2,55,1,2,3
165,55,2.0,2,55,1,2,5
166,56,3.0,2,50,2,4,1
167,56,3.0,2,50,2,4,3
168,56,4.0,2,50,2,4,5
169,57,3.0,2,45,2,3,1
170,57,3.0,2,45,2,3,3
171,57,2.0,2,45,2,3,5
172,58,3.0,1,46,2,4,1
173,58,5.0,1,46,2,4,3
174,58,5.0,1,46,2,4,5
175,59,4.0,2,55,1,4,1
176,59,2.0,2,55,1,4,3
177,59,4.0,2,55,1,4,5
178,60,2.0,2,51,2,4,1
179,60,2.0,2,51,2,4,3
180,60,2.0,2,51,2,4,5
181,61,5.0,1,55,1,5,1
182,61,5.0,1,55,1,5,3
183,61,4.0,1,55,1,5,5
184,62,4.0,2,34,2,2,1
185,62,5.0,2,34,2,2,3
186,62,5.0,2,34,2,2,5
187,63,2.0,2,53,2,3,1
188,63,2.0,2,53,2,3,3
189,63,3.0,2,53,2,3,5
190,64,2.0,2,61,1,3,1
191,64,3.0,2,61,1,3,3
192,64,3.0,2,61,1,3,5
193,65,2.0,2,51,1,4,1
194,65,5.0,2,51,1,4,3
195,65,4.0,2,51,1,4,5
196,66,3.0,2,57,1,4,1
197,66,3.0,2,57,1,4,3
198,66,4.0,2,57,1,4,5
199,67,5.0,2,42,1,5,1
200,67,5.0,2,42,1,5,3
201,67,5.0,2,42,1,5,5
202,68,4.0,2,57,2,4,1
203,68,4.0,2,57,2,4,3
204,68,3.0,2,57,2,4,5
205,69,3.0,1,52,2,4,1
206,69,4.0,1,52,2,4,3
207,69,5.0,1,52,2,4,5
208,70,4.0,1,44,2,3,1
209,70,4.0,1,44,2,3,3
210,70,3.0,1,44,2,3,5
211,71,4.0,1,31,1,4,1
212,71,4.0,1,31,1,4,3
213,71,4.0,1,31,1,4,5
214,72,4.0,2,64,1,3,1
215,72,4.0,2,64,1,3,3
216,72,4.0,2,64,1,3,5
217,73,2.0,2,58,1,1,1
218,73,1.0,2,58,1,1,3
219,73,2.0,2,58,1,1,5
220,74,2.0,2,50,1,2,1
221,74,3.0,2,50,1,2,3
222,74,2.0,2,50,1,2,5
223,75,3.0,2,63,2,2,1
224,75,3.0,2,63,2,2,3
225,75,3.0,2,63,2,2,5
226,76,4.0,2,47,1,4,1
227,76,2.0,2,47,1,4,3
228,76,3.0,2,47,1,4,5
229,77,3.0,1,57,2,3,1
230,77,3.0,1,57,2,3,3
231,77,3.0,1,57,2,3,5
232,78,3.0,2,46,1,3,1
233,78,2.0,2,46,1,3,3
234,78,2.0,2,46,1,3,5
235,79,1.0,2,39,1,4,1
236,79,3.0,2,39,1,4,3
237,79,1.0,2,39,1,4,5
238,80,4.0,2,64,2,3,1
239,80,3.0,2,64,2,3,3
240,80,3.0,2,64,2,3,5
241,81,3.0,2,57,2,1,1
242,81,3.0,2,57,2,1,3
243,81,5.0,2,57,2,1,5
244,82,3.0,1,42,2,1,1
245,82,3.0,1,42,2,1,3
246,82,2.0,1,42,2,1,5
247,83,2.0,2,31,1,2,1
248,83,3.0,2,31,1,2,3
249,83,3.0,2,31,1,2,5
250,84,4.0,2,58,1,2,1
251,84,4.0,2,58,1,2,3
252,84,4.0,2,58,1,2,5
253,85,3.0,2,60,2,4,1
254,85,4.0,2,60,2,4,3
255,85,5.0,2,60,2,4,5
256,86,4.0,2,36,2,4,1
257,86,4.0,2,36,2,4,3
258,86,5.0,2,36,2,4,5
259,87,2.0,1,60,2,2,1
260,87,4.0,1,60,2,2,3
261,87,3.0,1,60,2,2,5
262,88,4.0,2,63,1,3,1
263,88,4.0,2,63,1,3,3
264,88,4.0,2,63,1,3,5
265,89,1.0,2,58,1,1,1
266,89,3.0,2,58,1,1,3
267,89,3.0,2,58,1,1,5
268,90,4.0,2,31,2,3,1
269,90,2.0,2,31,2,3,3
270,90,3.0,2,31,2,3,5
271,91,3.0,2,61,1,2,1
272,91,4.0,2,61,1,2,3
273,91,3.0,2,61,1,2,5
274,92,3.0,2,49,2,2,1
275,92,3.0,2,49,2,2,3
276,92,4.0,2,49,2,2,5
277,93,3.0,2,37,1,3,1
278,93,3.0,2,37,1,3,3
279,93,3.0,2,37,1,3,5
280,94,4.0,1,44,1,3,1
281,94,3.0,1,44,1,3,3
282,94,4.0,1,44,1,3,5
283,95,3.0,1,64,2,3,1
284,95,3.0,1,64,2,3,3
285,95,3.0,1,64,2,3,5
286,96,4.0,2,41,1,3,1
287,96,4.0,2,41,1,3,3
288,96,4.0,2,41,1,3,5
289,97,3.0,1,31,2,3,1
290,97,3.0,1,31,2,3,3
291,97,3.0,1,31,2,3,5
292,98,4.0,2,63,1,3,1
293,98,3.0,2,63,1,3,3
294,98,4.0,2,63,1,3,5
295,99,4.0,2,52,2,2,1
296,99,3.0,2,52,2,2,3
297,99,3.0,2,52,2,2,5
298,100,2.0,2,41,2,2,1
299,100,2.0,2,41,2,2,3
300,100,2.0,2,41,2,2,5
301,101,3.0,2,62,1,3,1
302,101,1.0,2,62,1,3,3
303,101,3.0,2,62,1,3,5
304,102,3.0,2,62,2,3,1
305,102,3.0,2,62,2,3,3
306,102,4.0,2,62,2,3,5
307,103,4.0,2,54,2,2,1
308,103,3.0,2,54,2,2,3
309,103,3.0,2,54,2,2,5
310,104,3.0,2,42,1,3,1
311,104,3.0,2,42,1,3,3
312,104,4.0,2,42,1,3,5
313,105,5.0,2,33,2,1,1
314,105,5.0,2,33,2,1,3
315,105,5.0,2,33,2,1,5
316,106,4.0,2,40,1,2,1
317,106,3.0,2,40,1,2,3
318,106,4.0,2,40,1,2,5
319,107,3.0,2,50,2,3,1
320,107,4.0,2,50,2,3,3
321,107,4.0,2,50,2,3,5
322,108,2.0,2,25,2,3,1
323,108,3.0,2,25,2,3,3
324,108,3.0,2,25,2,3,5
325,109,4.0,2,46,2,3,1
326,109,4.0,2,46,2,3,3
327,109,4.0,2,46,2,3,5
328,110,3.0,2,66,1,1,1
329,110,3.0,2,66,1,1,3
330,110,3.0,2,66,1,1,5
331,111,4.0,2,32,2,2,1
332,111,4.0,2,32,2,2,3
333,111,5.0,2,32,2,2,5
334,112,4.0,2,54,1,4,1
335,112,4.0,2,54,1,4,3
336,112,4.0,2,54,1,4,5
337,113,3.0,2,58,1,3,1
338,113,4.0,2,58,1,3,3
339,113,3.0,2,58,1,3,5
340,114,4.0,2,33,2,3,1
341,114,4.0,2,33,2,3,3
342,114,4.0,2,33,2,3,5
343,115,3.0,1,62,1,2,1
344,115,2.0,1,62,1,2,3
345,115,2.0,1,62,1,2,5
346,116,3.0,2,62,2,3,1
347,116,2.0,2,62,2,3,3
348,116,3.0,2,62,2,3,5
349,117,3.0,2,26,2,3,1
350,117,4.0,2,26,2,3,3
351,117,3.0,2,26,2,3,5
352,118,3.0,2,61,1,3,1
353,118,4.0,2,61,1,3,3
354,118,4.0,2,61,1,3,5
355,119,3.0,2,46,1,3,1
356,119,3.0,2,46,1,3,3
357,119,3.0,2,46,1,3,5
358,120,3.0,2,64,2,3,1
359,120,3.0,2,64,2,3,3
360,120,3.0,2,64,2,3,5
361,121,4.0,2,21,1,4,1
362,121,5.0,2,21,1,4,3
363,121,4.0,2,21,1,4,5
364,122,3.0,1,50,2,3,1
365,122,4.0,1,50,2,3,3
366,122,5.0,1,50,2,3,5
367,123,2.0,2,45,1,2,1
368,123,3.0,2,45,1,2,3
369,123,3.0,2,45,1,2,5
370,124,5.0,2,50,2,2,1
371,124,5.0,2,50,2,2,3
372,124,4.0,2,50,2,2,5
373,125,5.0,2,60,1,1,1
374,125,3.0,2,60,1,1,3
375,125,4.0,2,60,1,1,5
376,126,4.0,1,52,1,4,1
377,126,4.0,1,52,1,4,3
378,126,3.0,1,52,1,4,5
379,127,3.0,2,42,2,3,1
380,127,3.0,2,42,2,3,3
381,127,2.0,2,42,2,3,5
382,128,3.0,2,65,2,2,1
383,128,2.0,2,65,2,2,3
384,128,3.0,2,65,2,2,5
385,129,4.0,2,48,2,5,1
386,129,5.0,2,48,2,5,3
387,129,5.0,2,48,2,5,5
388,130,2.0,1,60,2,3,1
389,130,3.0,1,60,2,3,3
390,130,2.0,1,60,2,3,5
391,131,3.0,2,62,1,3,1
392,131,4.0,2,62,1,3,3
393,131,4.0,2,62,1,3,5
394,132,3.0,2,63,1,3,1
395,132,3.0,2,63,1,3,3
396,132,3.0,2,63,1,3,5
397,133,4.0,2,62,2,3,1
398,133,3.0,2,62,2,3,3
399,133,3.0,2,62,2,3,5
400,134,3.0,2,54,2,2,1
401,134,3.0,2,54,2,2,3
402,134,2.0,2,54,2,2,5
403,135,2.0,2,37,1,2,1
404,135,3.0,2,37,1,2,3
405,135,3.0,2,37,1,2,5
406,136,4.0,2,53,2,2,1
407,136,5.0,2,53,2,2,3
408,136,5.0,2,53,2,2,5
409,137,3.0,2,63,1,3,1
410,137,1.0,2,63,1,3,3
411,137,2.0,2,63,1,3,5
412,138,4.0,2,46,2,4,1
413,138,4.0,2,46,2,4,3
414,138,5.0,2,46,2,4,5
415,139,5.0,2,55,2,3,1
416,139,5.0,2,55,2,3,3
417,139,5.0,2,55,2,3,5
418,140,2.0,2,36,1,3,1
419,140,3.0,2,36,1,3,3
420,140,3.0,2,36,1,3,5
421,141,3.0,2,55,1,3,1
422,141,3.0,2,55,1,3,3
423,141,3.0,2,55,1,3,5
424,142,5.0,2,33,1,4,1
425,142,4.0,2,33,1,4,3
426,142,5.0,2,33,1,4,5
427,143,3.0,2,51,1,4,1
428,143,2.0,2,51,1,4,3
429,143,3.0,2,51,1,4,5
430,144,3.0,1,60,2,2,1
431,144,3.0,1,60,2,2,3
432,144,3.0,1,60,2,2,5
433,145,4.0,2,61,2,2,1
434,145,3.0,2,61,2,2,3
435,145,5.0,2,61,2,2,5
436,146,5.0,1,41,1,4,1
437,146,5.0,1,41,1,4,3
438,146,5.0,1,41,1,4,5
439,147,3.0,2,63,2,3,1
440,147,2.0,2,63,2,3,3
441,147,3.0,2,63,2,3,5
442,148,4.0,2,55,2,2,1
443,148,4.0,2,55,2,2,3
444,148,4.0,2,55,2,2,5
445,149,3.0,2,34,1,3,1
446,149,2.0,2,34,1,3,3
447,149,2.0,2,34,1,3,5
448,150,3.0,2,62,1,3,1
449,150,2.0,2,62,1,3,3
450,150,2.0,2,62,1,3,5
451,151,3.0,2,53,2,2,1
452,151,3.0,2,53,2,2,3
453,151,3.0,2,53,2,2,5
454,152,3.0,2,24,1,3,1
455,152,3.0,2,24,1,3,3
456,152,3.0,2,24,1,3,5
457,153,2.0,2,48,1,2,1
458,153,2.0,2,48,1,2,3
459,153,3.0,2,48,1,2,5
460,154,3.0,2,52,1,3,1
461,154,3.0,2,52,1,3,3
462,154,3.0,2,52,1,3,5
463,155,3.0,1,52,1,2,1
464,155,3.0,1,52,1,2,3
465,155,3.0,1,52,1,2,5
466,156,4.0,2,55,2,1,1
467,156,3.0,2,55,2,1,3
468,156,4.0,2,55,2,1,5
469,157,3.0,2,60,2,2,1
470,157,3.0,2,60,2,2,3
471,157,2.0,2,60,2,2,5
472,158,3.0,2,36,2,1,1
473,158,2.0,2,36,2,1,3
474,158,3.0,2,36,2,1,5
475,159,2.0,2,28,2,3,1
476,159,4.0,2,28,2,3,3
477,159,2.0,2,28,2,3,5
478,160,3.0,2,28,1,3,1
479,160,2.0,2,28,1,3,3
480,160,2.0,2,28,1,3,5
481,161,3.0,2,34,2,2,1
482,161,3.0,2,34,2,2,3
483,161,3.0,2,34,2,2,5
484,162,2.0,1,26,1,3,1
485,162,3.0,1,26,1,3,3
486,162,3.0,1,26,1,3,5
487,163,3.0,1,47,2,3,1
488,163,3.0,1,47,2,3,3
489,163,3.0,1,47,2,3,5
490,164,4.0,2,56,2,4,1
491,164,4.0,2,56,2,4,3
492,164,5.0,2,56,2,4,5
493,165,3.0,2,57,1,3,1
494,165,3.0,2,57,1,3,3
495,165,3.0,2,57,1,3,5
496,166,2.0,2,55,1,1,1
497,166,2.0,2,55,1,1,3
498,166,1.0,2,55,1,1,5
499,167,3.0,2,55,2,1,1
500,167,3.0,2,55,2,1,3
501,167,3.0,2,55,2,1,5
502,168,4.0,1,46,1,4,1
503,168,4.0,1,46,1,4,3
504,168,4.0,1,46,1,4,5
505,169,3.0,2,59,1,3,1
506,169,3.0,2,59,1,3,3
507,169,3.0,2,59,1,3,5
508,170,4.0,2,51,1,3,1
509,170,4.0,2,51,1,3,3
510,170,4.0,2,51,1,3,5
511,171,4.0,2,54,1,2,1
512,171,3.0,2,54,1,2,3
513,171,3.0,2,54,1,2,5
514,172,1.0,2,58,1,3,1
515,172,4.0,2,58,1,3,3
516,172,3.0,2,58,1,3,5
517,173,4.0,1,47,1,1,1
518,173,2.0,1,47,1,1,3
519,173,3.0,1,47,1,1,5
520,174,3.0,2,54,2,3,1
521,174,3.0,2,54,2,3,3
522,174,3.0,2,54,2,3,5
523,175,4.0,2,60,2,2,1
524,175,4.0,2,60,2,2,3
525,175,5.0,2,60,2,2,5
526,176,3.0,2,45,2,3,1
527,176,2.0,2,45,2,3,3
528,176,3.0,2,45,2,3,5
529,177,5.0,2,33,1,4,1
530,177,2.0,2,33,1,4,3
531,177,5.0,2,33,1,4,5
532,178,1.0,2,57,1,2,1
533,178,2.0,2,57,1,2,3
534,178,1.0,2,57,1,2,5
535,179,4.0,2,38,1,2,1
536,179,4.0,2,38,1,2,3
537,179,4.0,2,38,1,2,5
538,180,4.0,2,51,2,4,1
539,180,4.0,2,51,2,4,3
540,180,3.0,2,51,2,4,5
541,181,3.0,2,55,2,2,1
542,181,3.0,2,55,2,2,3
543,181,3.0,2,55,2,2,5
544,182,2.0,1,33,1,1,1
545,182,1.0,1,33,1,1,3
546,182,1.0,1,33,1,1,5
547,183,3.0,1,57,1,2,1
548,183,3.0,1,57,1,2,3
549,183,3.0,1,57,1,2,5
550,184,3.0,2,63,2,1,1
551,184,2.0,2,63,2,1,3
552,184,3.0,2,63,2,1,5
553,185,2.0,2,37,1,2,1
554,185,4.0,2,37,1,2,3
555,185,2.0,2,37,1,2,5
556,186,3.0,1,55,2,2,1
557,186,3.0,1,55,2,2,3
558,186,4.0,1,55,2,2,5
559,187,3.0,2,63,2,2,1
560,187,2.0,2,63,2,2,3
561,187,3.0,2,63,2,2,5
562,188,4.0,2,45,2,5,1
563,188,4.0,2,45,2,5,3
564,188,5.0,2,45,2,5,5
565,189,3.0,2,54,1,3,1
566,189,3.0,2,54,1,3,3
567,189,4.0,2,54,1,3,5
568,190,2.0,1,63,1,2,1
569,190,2.0,1,63,1,2,3
570,190,1.0,1,63,1,2,5
571,191,4.0,1,53,2,4,1
572,191,4.0,1,53,2,4,3
573,191,4.0,1,53,2,4,5
574,192,4.0,2,49,2,3,1
575,192,1.0,2,49,2,3,3
576,192,3.0,2,49,2,3,5
577,193,4.0,2,64,2,3,1
578,193,4.0,2,64,2,3,3
579,193,3.0,2,64,2,3,5
580,194,4.0,2,45,1,3,1
581,194,3.0,2,45,1,3,3
582,194,4.0,2,45,1,3,5
583,195,3.0,2,55,1,3,1
584,195,4.0,2,55,1,3,3
585,195,4.0,2,55,1,3,5
586,196,2.0,2,60,1,3,1
587,196,2.0,2,60,1,3,3
588,196,2.0,2,60,1,3,5
589,197,3.0,2,65,2,3,1
590,197,5.0,2,65,2,3,3
591,197,1.0,2,65,2,3,5
592,198,4.0,2,58,2,4,1
593,198,3.0,2,58,2,4,3
594,198,3.0,2,58,2,4,5
595,199,3.0,2,63,2,2,1
596,199,2.0,2,63,2,2,3
597,199,2.0,2,63,2,2,5
598,200,4.0,2,49,2,4,1
599,200,4.0,2,49,2,4,3
600,200,3.0,2,49,2,4,5
601,201,2.0,2,38,2,3,1
602,201,1.0,2,38,2,3,3
603,201,4.0,2,38,2,3,5
604,202,1.0,1,33,1,3,1
605,202,3.0,1,33,1,3,3
606,202,3.0,1,33,1,3,5
607,203,3.0,2,57,2,2,1
608,203,4.0,2,57,2,2,3
609,203,4.0,2,57,2,2,5
610,204,3.0,2,57,1,2,1
611,204,2.0,2,57,1,2,3
612,204,2.0,2,57,1,2,5
613,205,3.0,1,51,2,2,1
614,205,3.0,1,51,2,2,3
615,205,2.0,1,51,2,2,5
616,206,3.0,2,58,2,2,1
617,206,4.0,2,58,2,2,3
618,206,3.0,2,58,2,2,5
619,207,2.0,1,65,1,3,1
620,207,3.0,1,65,1,3,3
621,207,2.0,1,65,1,3,5
622,208,3.0,1,50,2,3,1
623,208,2.0,1,50,2,3,3
624,208,4.0,1,50,2,3,5
625,209,4.0,2,52,1,5,1
626,209,4.0,2,52,1,5,3
627,209,4.0,2,52,1,5,5
628,210,4.0,2,65,2,5,1
629,210,4.0,2,65,2,5,3
630,210,5.0,2,65,2,5,5
631,211,5.0,2,60,1,5,1
632,211,4.0,2,60,1,5,3
633,211,3.0,2,60,1,5,5
634,212,2.0,1,58,1,1,1
635,212,1.0,1,58,1,1,3
636,212,2.0,1,58,1,1,5
637,213,2.0,1,58,1,3,1
638,213,2.0,1,58,1,3,3
639,213,2.0,1,58,1,3,5
640,214,4.0,2,55,2,4,1
641,214,3.0,2,55,2,4,3
642,214,2.0,2,55,2,4,5
643,215,2.0,1,59,1,3,1
644,215,4.0,1,59,1,3,3
645,215,5.0,1,59,1,3,5
646,216,4.0,2,54,2,4,1
647,216,4.0,2,54,2,4,3
648,216,4.0,2,54,2,4,5
649,217,4.0,1,44,2,4,1
650,217,4.0,1,44,2,4,3
651,217,4.0,1,44,2,4,5
652,218,4.0,1,44,1,2,1
653,218,4.0,1,44,1,2,3
654,218,3.0,1,44,1,2,5
655,219,3.0,1,47,2,3,1
656,219,3.0,1,47,2,3,3
657,219,4.0,1,47,2,3,5
658,220,4.0,2,55,1,4,1
659,220,3.0,2,55,1,4,3
660,220,3.0,2,55,1,4,5
661,221,4.0,2,53,1,4,1
662,221,4.0,2,53,1,4,3
663,221,4.0,2,53,1,4,5
664,222,4.0,2,63,2,3,1
665,222,4.0,2,63,2,3,3
666,222,4.0,2,63,2,3,5
667,223,4.0,2,57,1,3,1
668,223,4.0,2,57,1,3,3
669,223,4.0,2,57,1,3,5
670,224,4.0,2,55,1,4,1
671,224,4.0,2,55,1,4,3
672,224,5.0,2,55,1,4,5
673,225,1.0,2,58,2,1,1
674,225,2.0,2,58,2,1,3
675,225,4.0,2,58,2,1,5
676,226,2.0,2,62,1,1,1
677,226,1.0,2,62,1,1,3
678,226,1.0,2,62,1,1,5
679,227,2.0,2,53,2,2,1
680,227,2.0,2,53,2,2,3
681,227,3.0,2,53,2,2,5
682,228,2.0,2,25,1,3,1
683,228,3.0,2,25,1,3,3
684,228,2.0,2,25,1,3,5
685,229,3.0,2,58,2,2,1
686,229,2.0,2,58,2,2,3
687,229,2.0,2,58,2,2,5
688,230,3.0,1,62,1,1,1
689,230,2.0,1,62,1,1,3
690,230,2.0,1,62,1,1,5
691,231,3.0,1,32,2,3,1
692,231,3.0,1,32,2,3,3
693,231,3.0,1,32,2,3,5
694,232,4.0,1,63,2,5,1
695,232,4.0,1,63,2,5,3
696,232,4.0,1,63,2,5,5
697,233,4.0,1,39,2,4,1
698,233,5.0,1,39,2,4,3
699,233,5.0,1,39,2,4,5
700,234,3.0,1,57,1,4,1
701,234,2.0,1,57,1,4,3
702,234,3.0,1,57,1,4,5
703,235,2.0,1,53,1,3,1
704,235,3.0,1,53,1,3,3
705,235,2.0,1,53,1,3,5
706,236,3.0,1,62,2,2,1
707,236,4.0,1,62,2,2,3
708,236,4.0,1,62,2,2,5
709,237,4.0,1,61,1,3,1
710,237,3.0,1,61,1,3,3
711,237,4.0,1,61,1,3,5
712,238,4.0,1,64,2,5,1
713,238,4.0,1,64,2,5,3
714,238,5.0,1,64,2,5,5
715,239,3.0,1,57,2,3,1
716,239,3.0,1,57,2,3,3
717,239,4.0,1,57,2,3,5
718,240,4.0,1,35,2,3,1
719,240,5.0,1,35,2,3,3
720,240,4.0,1,35,2,3,5
721,241,3.0,1,54,1,3,1
722,241,3.0,1,54,1,3,3
723,241,3.0,1,54,1,3,5
724,242,3.0,1,63,2,3,1
725,242,4.0,1,63,2,3,3
726,242,3.0,1,63,2,3,5
727,243,3.0,1,50,1,2,1
728,243,2.0,1,50,1,2,3
729,243,2.0,1,50,1,2,5
730,244,2.0,1,35,1,4,1
731,244,4.0,1,35,1,4,3
732,244,3.0,1,35,1,4,5
733,245,4.0,1,35,2,3,1
734,245,4.0,1,35,2,3,3
735,245,4.0,1,35,2,3,5
736,246,2.0,1,63,1,3,1
737,246,3.0,1,63,1,3,3
738,246,3.0,1,63,1,3,5
739,247,3.0,1,55,1,3,1
740,247,2.0,1,55,1,3,3
741,247,3.0,1,55,1,3,5
742,248,4.0,2,38,1,3,1
743,248,4.0,2,38,1,3,3
744,248,4.0,2,38,1,3,5
745,249,3.0,2,22,2,1,1
746,249,3.0,2,22,2,1,3
747,249,5.0,2,22,2,1,5
748,250,5.0,2,28,2,4,1
749,250,4.0,2,28,2,4,3
750,250,5.0,2,28,2,4,5
751,251,3.0,2,51,1,3,1
752,251,3.0,2,51,1,3,3
753,251,4.0,2,51,1,3,5
754,252,1.0,1,62,1,2,1
755,252,2.0,1,62,1,2,3
756,252,2.0,1,62,1,2,5
757,253,4.0,2,33,1,4,1
758,253,2.0,2,33,1,4,3
759,253,3.0,2,33,1,4,5
760,254,4.0,2,36,2,4,1
761,254,5.0,2,36,2,4,3
762,254,5.0,2,36,2,4,5
763,255,2.0,1,31,1,2,1
764,255,3.0,1,31,1,2,3
765,255,3.0,1,31,1,2,5
766,256,3.0,2,39,2,3,1
767,256,2.0,2,39,2,3,3
768,256,2.0,2,39,2,3,5
769,257,1.0,2,33,1,2,1
770,257,2.0,2,33,1,2,3
771,257,2.0,2,33,1,2,5
772,258,3.0,2,52,2,3,1
773,258,4.0,2,52,2,3,3
774,258,3.0,2,52,2,3,5
775,259,3.0,1,27,2,3,1
776,259,4.0,1,27,2,3,3
777,259,4.0,1,27,2,3,5
778,260,2.0,2,41,2,2,1
779,260,2.0,2,41,2,2,3
780,260,2.0,2,41,2,2,5
781,261,2.0,2,31,1,3,1
782,261,2.0,2,31,1,3,3
783,261,2.0,2,31,1,3,5
784,262,3.0,2,48,2,2,1
785,262,2.0,2,48,2,2,3
786,262,4.0,2,48,2,2,5
787,263,1.0,2,48,2,3,1
788,263,4.0,2,48,2,3,3
789,263,3.0,2,48,2,3,5
790,264,3.0,2,42,2,3,1
791,264,3.0,2,42,2,3,3
792,264,4.0,2,42,2,3,5
793,265,3.0,2,41,2,3,1
794,265,3.0,2,41,2,3,3
795,265,3.0,2,41,2,3,5
796,266,3.0,2,50,1,2,1
797,266,3.0,2,50,1,2,3
798,266,2.0,2,50,1,2,5
799,267,3.0,2,53,2,4,1
800,267,5.0,2,53,2,4,3
801,267,4.0,2,53,2,4,5
802,268,3.0,1,63,2,3,1
803,268,3.0,1,63,2,3,3
804,268,4.0,1,63,2,3,5
805,269,5.0,1,55,1,5,1
806,269,3.0,1,55,1,5,3
807,269,4.0,1,55,1,5,5
808,270,4.0,2,37,1,4,1
809,270,3.0,2,37,1,4,3
810,270,5.0,2,37,1,4,5
811,271,3.0,2,39,2,3,1
812,271,3.0,2,39,2,3,3
813,271,3.0,2,39,2,3,5
814,272,3.0,1,35,2,3,1
815,272,4.0,1,35,2,3,3
816,272,3.0,1,35,2,3,5
817,273,3.0,1,35,2,3,1
818,273,3.0,1,35,2,3,3
819,273,3.0,1,35,2,3,5
820,274,2.0,1,65,1,3,1
821,274,3.0,1,65,1,3,3
822,274,3.0,1,65,1,3,5
823,275,4.0,2,58,2,4,1
824,275,3.0,2,58,2,4,3
825,275,5.0,2,58,2,4,5
826,276,4.0,2,40,1,3,1
827,276,1.0,2,40,1,3,3
828,276,3.0,2,40,1,3,5
829,277,2.0,2,33,1,2,1
830,277,2.0,2,33,1,2,3
831,277,1.0,2,33,1,2,5
832,278,4.0,2,33,2,4,1
833,278,5.0,2,33,2,4,3
834,278,5.0,2,33,2,4,5
835,279,3.0,2,40,2,3,1
836,279,2.0,2,40,2,3,3
837,279,2.0,2,40,2,3,5
838,280,2.0,1,60,1,2,1
839,280,2.0,1,60,1,2,3
840,280,2.0,1,60,1,2,5
841,281,3.0,2,59,1,3,1
842,281,4.0,2,59,1,3,3
843,281,4.0,2,59,1,3,5
844,282,3.0,2,62,2,3,1
845,282,3.0,2,62,2,3,3
846,282,3.0,2,62,2,3,5
847,283,3.0,2,54,2,3,1
848,283,2.0,2,54,2,3,3
849,283,4.0,2,54,2,3,5
850,284,4.0,2,55,2,1,1
851,284,4.0,2,55,2,1,3
852,284,3.0,2,55,2,1,5
853,285,2.0,2,45,1,3,1
854,285,4.0,2,45,1,3,3
855,285,4.0,2,45,1,3,5
856,286,3.0,1,65,2,2,1
857,286,3.0,1,65,2,2,3
858,286,3.0,1,65,2,2,5
859,287,3.0,2,51,1,3,1
860,287,4.0,2,51,1,3,3
861,287,3.0,2,51,1,3,5
862,288,2.0,2,29,2,3,1
863,288,3.0,2,29,2,3,3
864,288,3.0,2,29,2,3,5
865,289,3.0,1,56,1,3,1
866,289,3.0,1,56,1,3,3
867,289,3.0,1,56,1,3,5
868,290,3.0,1,64,2,2,1
869,290,3.0,1,64,2,2,3
870,290,2.0,1,64,2,2,5
871,291,3.0,1,36,2,3,1
872,291,3.0,1,36,2,3,3
873,291,3.0,1,36,2,3,5
874,292,2.0,2,61,1,2,1
875,292,3.0,2,61,1,2,3
876,292,3.0,2,61,1,2,5
877,293,3.0,1,46,1,2,1
878,293,3.0,1,46,1,2,3
879,293,2.0,1,46,1,2,5
880,294,4.0,1,60,1,3,1
881,294,4.0,1,60,1,3,3
882,294,4.0,1,60,1,3,5
883,295,3.0,2,56,1,2,1
884,295,3.0,2,56,1,2,3
885,295,3.0,2,56,1,2,5
886,296,3.0,1,63,1,3,1
887,296,3.0,1,63,1,3,3
888,296,4.0,1,63,1,3,5
889,297,3.0,2,56,1,3,1
890,297,3.0,2,56,1,3,3
891,297,3.0,2,56,1,3,5
892,298,2.0,2,60,2,1,1
893,298,2.0,2,60,2,1,3
894,298,3.0,2,60,2,1,5
895,299,3.0,2,58,2,1,1
896,299,2.0,2,58,2,1,3
897,299,1.0,2,58,2,1,5
898,300,2.0,2,61,1,1,1
899,300,1.0,2,61,1,1,3
900,300,2.0,2,61,1,1,5
901,301,1.0,2,64,1,2,1
902,301,2.0,2,64,1,2,3
903,301,2.0,2,64,1,2,5
904,302,2.0,2,55,1,2,1
905,302,3.0,2,55,1,2,3
906,302,3.0,2,55,1,2,5
