,time,poison,treat
1,0.31,1,A
2,0.45,1,A
3,0.46,1,A
4,0.43,1,A
5,0.36,2,A
6,0.29,2,A
7,0.4,2,A
8,0.23,2,A
9,0.22,3,A
10,0.21,3,A
11,0.18,3,A
12,0.23,3,A
13,0.82,1,B
14,1.1,1,B
15,0.88,1,B
16,0.72,1,B
17,0.92,2,B
18,0.61,2,B
19,0.49,2,B
20,1.24,2,B
21,0.3,3,B
22,0.37,3,B
23,0.38,3,B
24,0.29,3,B
25,0.43,1,C
26,0.45,1,C
27,0.63,1,C
28,0.76,1,C
29,0.44,2,C
30,0.35,2,C
31,0.31,2,C
32,0.4,2,C
33,0.23,3,C
34,0.25,3,C
35,0.24,3,C
36,0.22,3,C
37,0.45,1,D
38,0.71,1,D
39,0.66,1,D
40,0.62,1,D
41,0.56,2,D
42,1.02,2,D
43,0.71,2,D
44,0.38,2,D
45,0.3,3,D
46,0.36,3,D
47,0.31,3,D
48,0.33,3,D
