,Foot,Lines,count
1,1,1:5,3
2,1,6:10,3
3,1,11:15,5
4,1,16:20,5
5,1,21:25,4
6,1,26:30,4
7,1,31:35,2
8,1,36:40,2
9,1,41:45,2
10,1,46:50,1
11,1,51:55,2
12,1,56:60,4
13,1,61:65,3
14,1,66:70,2
15,1,71:75,4
16,2,1:5,1
17,2,6:10,4
18,2,11:15,0
19,2,16:20,3
20,2,21:25,3
21,2,26:30,3
22,2,31:35,5
23,2,36:40,2
24,2,41:45,2
25,2,46:50,4
26,2,51:55,3
27,2,56:60,1
28,2,61:65,2
29,2,66:70,3
30,2,71:75,2
31,3,1:5,1
32,3,6:10,2
33,3,11:15,4
34,3,16:20,2
35,3,21:25,5
36,3,26:30,2
37,3,31:35,1
38,3,36:40,2
39,3,41:45,2
40,3,46:50,2
41,3,51:55,0
42,3,56:60,2
43,3,61:65,2
44,3,66:70,0
45,3,71:75,1
46,4,1:5,2
47,4,6:10,2
48,4,11:15,1
49,4,16:20,0
50,4,21:25,3
51,4,26:30,1
52,4,31:35,2
53,4,36:40,0
54,4,41:45,2
55,4,46:50,1
56,4,51:55,1
57,4,56:60,2
58,4,61:65,1
59,4,66:70,1
60,4,71:75,0
