,bid1,bidh,bidl,answers,age,sex,income
1,6,18,3,yy,1,female,2
2,48,120,24,yn,2,male,1
3,48,120,24,yn,2,female,3
4,24,48,12,nn,5,female,1
5,24,48,12,ny,6,female,2
6,12,24,6,nn,4,male,2
7,6,18,3,yy,2,female,3
8,12,24,6,yn,3,male,2
9,24,48,12,yn,2,female,2
10,6,18,3,yy,3,male,3
11,12,24,6,nn,5,female,2
12,24,48,12,yn,3,female,1
13,12,24,6,yn,3,female,3
14,48,120,24,nn,3,female,2
15,12,24,6,yy,1,male,1
16,6,18,3,nn,2,male,1
17,48,120,24,yn,1,female,3
18,24,48,12,nn,1,female,2
19,12,24,6,yy,2,male,3
20,6,18,3,nn,6,female,1
21,24,48,12,yn,2,male,4
22,12,24,6,yn,3,male,2
23,12,24,6,yy,2,female,2
24,6,18,3,yn,3,male,1
25,6,18,3,nn,4,female,1
26,24,48,12,yy,6,male,3
27,24,48,12,nn,2,female,2
28,48,120,24,yn,1,male,3
29,12,24,6,nn,4,female,3
30,48,120,24,nn,6,male,3
31,24,48,12,yn,3,female,3
32,48,120,24,ny,4,male,3
33,24,48,12,nn,3,female,2
34,12,24,6,nn,4,female,1
35,6,18,3,yn,3,female,2
36,6,18,3,yy,5,female,2
37,48,120,24,yn,3,female,2
38,24,48,12,nn,2,female,3
39,12,24,6,yy,4,female,2
40,48,120,24,nn,4,male,3
41,48,120,24,yn,6,male,1
42,12,24,6,nn,3,male,2
43,24,48,12,yn,6,female,2
44,12,24,6,nn,5,female,1
45,6,18,3,nn,5,female,2
46,24,48,12,nn,5,male,1
47,24,48,12,nn,1,male,1
48,6,18,3,nn,1,female,3
49,12,24,6,nn,6,female,1
50,6,18,3,yn,4,female,3
51,12,24,6,nn,1,male,2
52,48,120,24,ny,2,female,3
53,24,48,12,yn,4,female,2
54,48,120,24,ny,3,male,2
55,6,18,3,yy,1,female,1
56,12,24,6,nn,3,male,4
57,12,24,6,nn,6,female,1
58,6,18,3,yn,3,female,3
59,48,120,24,yn,1,male,3
60,24,48,12,nn,3,male,3
61,48,120,24,yn,2,female,3
62,6,18,3,nn,6,male,4
63,24,48,12,yn,2,female,4
64,12,24,6,nn,5,female,2
65,12,24,6,nn,1,male,4
66,6,18,3,yn,1,female,6
67,48,120,24,yn,3,female,3
68,48,120,24,nn,5,male,2
69,6,18,3,yy,1,male,5
70,12,24,6,nn,4,female,2
71,24,48,12,nn,2,female,2
72,12,24,6,nn,2,male,5
73,24,48,12,yn,2,female,4
74,48,120,24,yn,1,female,3
75,12,24,6,yy,2,female,5
76,6,18,3,yy,1,female,2
77,12,24,6,yy,5,male,3
78,24,48,12,yn,1,male,2
79,48,120,24,nn,4,male,1
80,6,18,3,nn,4,female,2
81,24,48,12,nn,3,female,1
82,12,24,6,yn,1,female,3
83,48,120,24,yn,6,male,2
84,48,120,24,nn,5,male,1
85,6,18,3,yy,2,male,3
86,48,120,24,nn,3,female,5
87,48,120,24,ny,3,female,4
88,12,24,6,nn,1,male,3
89,12,24,6,ny,4,female,1
90,48,120,24,yn,4,male,1
91,12,24,6,nn,1,female,3
92,48,120,24,yn,1,male,1
93,24,48,12,nn,4,male,1
94,24,48,12,yn,3,male,2
95,12,24,6,yy,3,male,3
96,6,18,3,yn,3,female,2
97,48,120,24,yy,1,female,3
98,6,18,3,nn,1,female,2
99,12,24,6,yn,1,male,3
100,24,48,12,yn,2,male,2
101,6,18,3,nn,3,female,3
102,48,120,24,nn,2,male,2
103,12,24,6,yn,1,male,5
104,48,120,24,ny,1,female,2
105,24,48,12,yn,3,female,4
106,24,48,12,nn,6,male,1
107,6,18,3,yy,4,female,3
108,48,120,24,nn,4,female,2
109,48,120,24,yn,4,female,3
110,24,48,12,nn,5,female,1
111,24,48,12,nn,4,female,4
112,12,24,6,nn,4,female,2
113,12,24,6,nn,1,male,3
114,6,18,3,yy,2,male,3
115,12,24,6,yn,1,male,2
116,24,48,12,yy,4,male,2
117,24,48,12,yn,2,female,1
118,48,120,24,nn,3,female,8
119,48,120,24,yn,4,female,3
120,12,24,6,yn,5,female,2
121,12,24,6,yy,3,female,3
122,6,18,3,nn,3,female,2
123,48,120,24,nn,6,female,3
124,24,48,12,yy,1,male,2
125,6,18,3,yy,1,male,3
126,48,120,24,nn,3,female,4
127,48,120,24,yn,3,male,3
128,24,48,12,nn,2,female,8
129,12,24,6,yn,4,male,3
130,12,24,6,yy,2,female,3
131,6,18,3,yy,3,male,2
132,24,48,12,nn,2,female,2
133,48,120,24,yn,2,male,2
134,24,48,12,yn,3,male,3
135,6,18,3,yy,1,female,2
136,6,18,3,yn,5,male,2
137,12,24,6,nn,2,female,2
138,12,24,6,nn,1,male,2
139,12,24,6,yy,4,female,3
140,6,18,3,nn,4,male,1
141,6,18,3,nn,4,male,3
142,6,18,3,yy,2,female,1
143,24,48,12,nn,2,male,3
144,24,48,12,yn,1,male,3
145,48,120,24,nn,6,female,1
146,48,120,24,nn,1,female,2
147,6,18,3,nn,6,female,1
148,6,18,3,nn,6,male,1
149,12,24,6,nn,6,female,1
150,24,48,12,nn,2,female,1
151,48,120,24,nn,3,female,3
152,48,120,24,nn,2,female,2
153,48,120,24,yn,1,female,2
154,48,120,24,yn,1,male,3
155,24,48,12,nn,3,female,1
156,24,48,12,ny,5,male,1
157,12,24,6,yn,1,female,1
158,12,24,6,nn,5,male,1
159,6,18,3,nn,4,female,1
160,6,18,3,yn,1,male,4
161,12,24,6,yn,4,male,5
162,24,48,12,nn,1,male,7
163,48,120,24,nn,3,male,4
164,6,18,3,nn,3,female,4
165,24,48,12,nn,6,male,1
166,48,120,24,nn,3,female,2
167,6,18,3,nn,3,male,2
168,12,24,6,nn,5,female,1
169,48,120,24,nn,6,male,1
170,12,24,6,nn,4,female,2
171,24,48,12,nn,5,female,1
172,6,18,3,nn,6,female,1
173,6,18,3,nn,5,female,1
174,24,48,12,nn,4,male,2
175,12,24,6,nn,4,female,2
176,12,24,6,nn,5,female,1
177,48,120,24,nn,4,female,2
178,24,48,12,yn,3,female,1
179,24,48,12,nn,6,female,1
180,48,120,24,nn,5,female,1
181,24,48,12,nn,3,male,2
182,12,24,6,nn,3,female,1
183,48,120,24,nn,1,female,1
184,6,18,3,nn,5,female,1
185,12,24,6,nn,3,female,2
186,48,120,24,nn,5,female,2
187,48,120,24,nn,4,male,1
188,24,48,12,nn,6,female,1
189,48,120,24,nn,6,female,1
190,24,48,12,nn,1,female,3
191,24,48,12,nn,5,female,2
192,48,120,24,nn,1,female,4
193,6,18,3,nn,6,male,1
194,48,120,24,nn,2,female,4
195,24,48,12,nn,1,male,2
196,24,48,12,nn,3,female,4
197,48,120,24,nn,4,female,5
198,24,48,12,yn,4,female,6
199,48,120,24,nn,1,male,3
200,12,24,6,ny,4,female,3
201,6,18,3,ny,2,male,2
202,6,18,3,yn,5,male,2
203,6,18,3,yn,4,male,2
204,24,48,12,yn,1,male,2
205,12,24,6,yy,1,male,4
206,6,18,3,ny,5,male,1
207,48,120,24,ny,3,female,4
208,24,48,12,nn,4,male,2
209,48,120,24,nn,5,female,1
210,24,48,12,yn,3,male,3
211,24,48,12,yn,4,male,3
212,6,18,3,yn,3,female,3
213,24,48,12,yy,1,male,7
214,6,18,3,nn,1,female,3
215,12,24,6,yy,1,male,3
216,24,48,12,yn,4,female,4
217,12,24,6,yn,1,male,2
218,48,120,24,yn,1,male,8
219,6,18,3,yn,3,female,2
220,12,24,6,ny,4,female,1
221,48,120,24,yn,2,female,2
222,24,48,12,yn,1,male,2
223,24,48,12,nn,6,male,3
224,12,24,6,nn,3,female,2
225,6,18,3,yn,4,male,3
226,6,18,3,yn,3,male,1
227,48,120,24,nn,3,female,2
228,24,48,12,yn,1,male,4
229,6,18,3,yn,5,male,2
230,12,24,6,yy,3,female,3
231,24,48,12,nn,4,male,2
232,12,24,6,yy,1,male,2
233,6,18,3,yn,3,male,4
234,24,48,12,yn,4,female,2
235,6,18,3,yn,1,male,3
236,48,120,24,nn,4,female,5
237,48,120,24,nn,3,female,4
238,12,24,6,yn,1,male,1
239,24,48,12,yy,3,female,4
240,48,120,24,yn,2,female,3
241,48,120,24,yn,1,female,3
242,24,48,12,yn,2,male,4
243,12,24,6,yn,2,female,2
244,48,120,24,yn,1,female,2
245,6,18,3,yy,4,male,3
246,24,48,12,yn,3,male,2
247,24,48,12,ny,3,female,2
248,24,48,12,yy,2,female,3
249,6,18,3,yy,2,female,2
250,24,48,12,nn,1,male,3
251,24,48,12,yn,5,male,3
252,48,120,24,yn,3,male,2
253,12,24,6,yn,3,female,2
254,6,18,3,yy,4,female,5
255,12,24,6,yy,6,male,2
256,12,24,6,yy,2,female,4
257,24,48,12,yn,2,female,2
258,6,18,3,yy,2,female,2
259,48,120,24,yn,1,female,2
260,24,48,12,yy,1,male,4
261,12,24,6,yy,3,male,2
262,6,18,3,yn,2,female,2
263,6,18,3,yn,1,male,2
264,12,24,6,yn,2,male,3
265,6,18,3,yn,2,male,2
266,6,18,3,yn,2,male,3
267,48,120,24,yn,2,female,3
268,6,18,3,yy,1,male,3
269,12,24,6,yy,3,female,6
270,12,24,6,yy,4,male,8
271,6,18,3,yn,3,female,3
272,6,18,3,yy,1,female,3
273,48,120,24,yy,5,male,2
274,6,18,3,nn,4,female,1
275,48,120,24,yn,2,female,2
276,48,120,24,yy,3,female,2
277,6,18,3,yn,1,male,2
278,12,24,6,yy,1,female,3
279,12,24,6,yn,3,female,2
280,24,48,12,ny,1,male,2
281,12,24,6,yy,3,female,3
282,24,48,12,yn,2,female,3
283,6,18,3,yn,4,female,1
284,48,120,24,yn,1,male,4
285,24,48,12,ny,4,female,1
286,12,24,6,yy,6,male,2
287,6,18,3,yn,4,female,2
288,12,24,6,yy,1,male,3
289,6,18,3,yn,3,female,2
290,24,48,12,yy,3,male,8
291,12,24,6,yn,5,male,3
292,12,24,6,nn,2,male,1
293,6,18,3,yn,6,male,2
294,48,120,24,nn,2,female,2
295,12,24,6,yn,1,male,4
296,24,48,12,yy,1,female,4
297,48,120,24,yn,2,male,1
298,6,18,3,yn,4,female,3
299,48,120,24,yn,2,male,2
300,6,18,3,yy,4,male,2
301,12,24,6,nn,5,male,3
302,24,48,12,yy,3,male,3
303,24,48,12,yn,4,female,2
304,48,120,24,yn,3,female,2
305,6,18,3,ny,4,female,2
306,24,48,12,nn,2,female,3
307,24,48,12,yn,4,male,2
308,6,18,3,yn,3,male,4
309,12,24,6,yy,3,female,3
310,48,120,24,yn,4,male,3
311,48,120,24,ny,4,female,2
312,24,48,12,yn,4,female,4
