,y,loci1,loci2,loci3,loci4,loci5,loci6,loci7,loci8,loci9,loci10,loci11,loci12
1,1,2,7,8,2,5,9,2,2,2,2,6,3
2,1,3,7,8,2,5,9,2,2,2,2,6,3
3,1,3,1,8,2,5,9,2,2,2,2,14,5
4,1,2,5,7,2,5,9,2,2,2,2,14,3
5,1,14,7,8,5,6,2,3,2,2,2,14,9
6,1,8,4,7,7,3,2,3,4,2,2,14,9
7,1,8,4,8,2,5,9,2,1,3,1,14,11
8,1,8,4,8,2,5,9,2,1,3,1,14,11
9,1,3,2,8,2,5,9,2,2,2,2,6,3
10,1,8,4,8,2,5,9,2,2,2,2,10,6
11,1,1,7,8,2,14,9,2,2,2,2,14,3
12,1,3,5,8,5,14,2,3,2,2,2,14,9
13,1,8,7,8,2,5,9,2,2,2,2,6,3
14,1,2,7,8,2,5,9,2,2,2,2,6,14
15,1,3,5,8,2,5,9,2,2,2,2,6,3
16,1,2,7,8,8,1,3,3,2,4,5,9,10
17,1,3,5,8,5,6,2,2,1,4,2,14,5
18,1,8,5,8,5,6,2,3,2,2,5,14,5
19,1,8,4,7,7,3,3,3,4,2,2,7,5
20,1,7,7,7,7,3,3,3,4,2,2,7,5
21,1,9,2,8,14,5,9,3,4,14,14,14,5
22,1,3,7,8,7,6,2,3,4,14,14,14,11
23,1,4,14,8,3,14,9,2,4,4,5,14,14
24,1,14,7,8,3,5,2,2,2,2,5,14,5
25,1,14,7,8,7,6,9,3,4,4,5,14,5
26,1,2,14,8,2,14,9,2,2,2,2,6,14
27,1,2,7,8,2,5,9,2,2,2,2,6,3
28,1,1,7,8,2,5,9,2,2,2,2,6,3
29,1,2,7,8,2,5,9,2,2,2,2,6,3
30,1,2,7,8,2,5,9,2,2,2,2,6,14
31,1,14,7,8,6,2,2,3,2,3,2,6,11
32,1,14,7,8,7,6,2,3,2,3,3,5,5
33,1,4,5,5,10,3,8,3,4,2,5,14,5
34,1,7,7,8,2,5,9,2,2,2,2,14,3
35,1,2,1,8,2,5,9,2,2,2,2,14,5
36,1,8,5,8,2,5,9,2,2,2,2,14,3
37,1,1,7,8,2,5,9,2,2,2,2,14,3
38,1,2,7,8,2,5,9,2,2,2,2,14,1
39,1,3,2,8,2,5,9,2,2,2,2,6,3
40,1,1,5,8,5,6,3,3,2,2,2,1,5
41,1,1,6,8,5,6,3,3,2,2,2,1,9
42,1,8,3,8,4,5,9,3,2,2,2,9,10
43,1,2,7,8,7,6,3,3,2,3,3,5,14
44,1,8,5,8,2,5,9,2,2,2,2,6,14
45,1,2,1,8,2,5,14,2,2,2,2,14,5
46,1,3,5,8,2,5,14,2,2,2,2,14,3
47,1,14,7,8,2,5,9,2,2,2,14,6,10
48,1,14,4,7,7,3,3,3,4,4,2,7,5
49,1,14,8,7,7,3,3,3,4,4,2,7,9
50,1,8,7,3,6,3,14,2,2,3,2,13,3
51,1,2,7,8,2,5,14,2,2,2,2,9,5
52,1,2,7,8,2,5,9,2,2,2,2,6,3
53,1,2,7,8,2,5,9,2,2,2,2,6,5
54,1,8,7,8,7,6,3,3,2,3,2,14,9
55,1,2,7,8,2,5,9,2,2,2,2,14,3
56,1,2,7,8,7,6,9,3,4,5,4,14,14
57,1,14,5,8,2,5,9,14,2,2,2,14,11
58,1,14,6,8,5,6,3,14,2,2,2,14,5
59,0,2,7,5,3,5,9,2,2,5,3,7,6
60,0,3,4,7,7,6,3,2,4,3,2,13,9
61,0,4,7,6,3,5,3,2,2,4,5,14,10
62,0,3,7,6,6,6,9,3,2,4,2,14,14
63,0,8,14,9,5,14,9,3,4,2,2,14,14
64,0,8,14,7,7,14,2,3,4,2,2,14,14
65,0,8,14,7,5,14,3,3,2,4,5,14,14
66,0,2,7,8,7,8,2,3,4,4,5,14,11
67,0,8,6,3,6,5,12,3,2,2,2,14,11
68,0,2,6,8,3,5,4,3,2,4,5,13,9
69,0,8,4,8,7,6,9,3,4,5,4,13,11
70,0,14,14,8,8,14,12,2,1,4,2,6,14
71,0,8,7,9,7,5,9,1,2,2,2,14,10
72,0,2,7,8,3,6,9,2,2,2,2,14,9
73,0,8,8,8,2,5,10,2,4,4,4,9,11
74,0,2,7,8,3,6,9,2,2,2,2,14,9
75,0,8,8,8,2,5,10,2,4,4,4,9,11
76,0,2,7,8,2,5,3,3,1,2,2,7,9
77,0,8,7,8,1,5,7,2,4,2,4,7,10
78,0,1,7,4,9,2,3,3,1,3,1,9,4
79,0,3,5,7,7,2,0,3,1,3,6,14,10
80,0,3,6,2,5,4,4,3,1,3,0,14,5
81,0,3,4,8,4,5,6,2,2,4,4,9,11
82,0,8,7,3,6,3,5,2,4,4,4,5,9
83,0,3,14,8,1,14,2,2,14,14,14,14,14
84,0,4,14,3,4,6,2,4,2,14,2,14,14
85,0,2,14,7,7,14,3,1,5,4,14,14,14
86,0,8,4,5,6,3,6,2,2,4,2,14,9
87,0,9,4,5,8,2,8,3,4,3,5,14,5
88,0,14,7,9,8,1,9,3,2,4,5,9,4
89,0,14,7,2,6,4,3,3,1,2,2,13,5
90,0,14,8,7,8,1,3,2,4,4,5,14,9
91,0,14,7,6,3,5,2,3,2,3,2,14,5
92,0,7,5,6,5,5,9,2,1,3,3,13,10
93,0,2,7,7,6,4,9,3,2,3,2,13,3
94,0,8,14,7,9,14,3,3,4,4,5,9,14
95,0,3,14,9,14,14,6,2,4,4,2,8,14
96,0,2,14,8,3,14,4,3,2,3,6,14,14
97,0,14,14,8,3,14,9,3,2,4,5,10,14
98,0,14,14,5,7,14,9,3,1,3,2,13,14
99,0,14,14,4,4,14,14,2,2,4,2,14,5
100,0,14,7,8,3,5,9,3,2,4,2,9,5
101,0,3,14,9,6,2,14,14,14,3,2,14,9
102,0,8,1,9,7,4,3,1,2,2,2,14,10
103,0,2,7,8,3,5,9,3,4,5,4,14,11
104,0,3,7,6,5,4,6,2,1,3,2,14,5
105,0,2,7,8,2,4,3,3,4,3,2,13,3
106,0,7,7,5,6,3,8,3,2,3,6,8,5
107,0,3,6,8,3,5,12,3,4,2,2,13,3
108,0,3,5,8,3,5,12,3,1,4,5,14,14
109,0,2,7,5,6,2,4,2,4,4,5,14,14
110,0,14,7,7,7,6,4,2,2,2,5,13,14
111,0,14,3,7,7,7,4,3,4,2,3,7,14
112,0,4,7,6,4,4,9,2,2,4,4,5,14
113,0,2,4,7,8,6,4,3,2,4,5,9,14
114,0,3,14,6,7,14,4,2,2,4,5,8,14
115,0,8,14,14,5,14,9,2,1,3,3,13,14
116,0,4,14,6,4,14,9,3,2,2,1,5,14
117,0,14,14,8,7,14,9,2,2,4,4,8,14
118,0,2,14,6,9,14,3,3,1,4,5,10,14
119,0,5,14,5,6,14,3,3,2,3,6,11,14
120,0,7,0,8,1,5,14,1,2,4,2,13,9
121,0,3,6,1,6,2,14,3,4,2,2,6,9
122,0,3,14,4,7,14,7,3,2,2,2,5,14
123,0,3,14,8,5,14,9,3,4,4,5,8,14
124,0,14,14,8,3,14,14,3,4,4,4,14,14
125,0,14,14,3,6,14,3,2,2,4,4,14,14
126,0,8,5,4,6,3,3,14,2,4,5,14,9
127,0,14,14,8,3,14,14,14,2,14,14,14,14
