,id,y,DQR.a1,DQR.a2,DQA.a1,DQA.a2,DQB.a1,DQB.a2
1,CTR,0,4,9,4,8,1,1
2,CTR,0,4,7,5,8,1,3
3,CTR,0,22,21,1,2,12,9
4,CTR,0,6,6,5,5,2,3
5,CTR,0,9,21,1,4,1,9
6,CTR,0,22,17,2,3,12,13
7,CTR,0,6,9,4,5,1,2
8,CTR,0,6,14,5,8,2,3
9,CTR,0,8,8,5,5,2,3
10,CTR,0,1,18,1,2,7,14
11,CTR,0,4,17,8,8,1,2
12,CTR,0,22,8,2,5,12,3
13,CTR,0,6,21,1,5,9,2
14,CTR,0,4,9,4,8,1,1
15,CTR,0,1,6,1,5,7,3
16,CTR,0,3,4,1,8,7,1
17,CTR,0,6,6,5,5,3,3
18,CTR,0,6,17,5,8,2,3
19,CTR,0,1,6,1,5,7,3
20,CTR,0,22,10,2,7,12,6
21,CTR,0,17,18,2,2,14,14
22,CTR,0,22,1,1,2,7,12
23,CTR,0,3,22,2,8,12,2
24,CTR,0,4,20,8,8,1,2
25,CTR,0,1,9,4,1,1,7
26,CTR,0,14,6,5,8,2,3
27,CTR,0,22,8,2,5,3,12
28,CTR,0,3,22,1,2,7,12
29,CTR,0,23,9,4,2,1,12
30,CTR,0,22,1,1,2,7,12
31,CTR,0,8,10,5,7,6,2
32,CTR,0,4,18,8,2,14,1
33,CTR,0,6,22,2,5,3,12
34,CTR,0,9,9,4,4,1,1
35,CTR,0,8,12,5,5,3,4
36,CTR,0,4,6,5,8,1,2
37,CTR,0,22,8,2,5,12,3
38,CTR,0,1,14,1,8,7,2
39,CTR,0,4,4,8,8,1,1
40,CTR,0,22,9,4,2,1,12
41,CTR,0,4,24,8,2,8,1
42,CTR,0,14,12,5,8,2,4
43,CTR,0,1,10,1,7,6,7
44,CTR,0,22,9,2,4,12,1
45,CTR,0,17,14,8,3,2,13
46,CTR,0,22,22,2,2,12,12
47,CTR,0,8,18,2,5,14,3
48,CTR,0,1,6,1,5,7,3
49,CTR,0,1,8,1,5,7,3
50,CTR,0,4,22,2,8,1,12
51,CTR,0,6,14,5,8,2,3
52,CTR,0,4,2,1,8,1,7
53,CTR,0,9,17,4,3,1,13
54,CTR,0,1,9,1,4,1,7
55,CTR,0,6,21,1,5,2,9
56,CTR,0,4,4,8,8,1,1
57,CTR,0,22,9,2,4,12,4
58,CTR,0,4,8,8,5,1,3
59,CTR,0,9,17,3,4,13,1
60,CTR,0,6,9,4,5,1,3
61,CTR,0,22,8,2,5,12,3
62,CTR,0,1,9,1,4,7,1
63,CTR,0,4,8,8,5,1,3
64,CTR,0,1,15,1,8,7,2
65,CTR,0,9,21,1,4,1,9
66,CTR,0,9,10,4,7,1,6
67,CTR,0,22,3,1,2,7,12
68,CTR,0,4,14,8,8,1,2
69,CTR,0,9,22,2,4,12,1
70,CTR,0,22,20,2,8,12,2
71,CTR,0,1,22,1,3,7,11
72,CTR,0,2,3,1,1,7,7
73,CTR,0,8,8,5,5,3,3
74,CTR,0,9,18,2,4,1,14
75,CTR,0,22,6,5,2,3,12
76,CTR,0,1,22,1,2,7,12
77,CTR,0,1,22,1,2,7,12
78,CTR,0,1,1,1,1,7,7
79,CTR,0,16,21,1,8,2,9
80,CTR,0,9,8,4,5,1,2
81,CTR,0,3,8,1,5,7,3
82,CTR,0,4,9,4,8,1,4
83,CTR,0,14,8,5,8,2,3
84,CTR,0,3,9,1,4,7,1
85,CTR,0,9,22,2,4,12,4
86,CTR,0,6,8,5,5,2,3
87,CTR,0,1,6,1,5,2,7
88,CTR,0,24,1,1,2,7,8
89,CTR,0,1,6,1,5,7,2
90,CTR,0,9,1,1,4,7,4
91,CTR,0,14,16,8,8,2,2
92,CTR,0,3,4,1,8,7,1
93,CTR,0,22,1,1,2,7,12
94,CTR,0,22,6,5,2,12,3
95,CTR,0,9,11,4,10,1,2
96,CTR,0,9,21,1,4,10,4
97,CTR,0,4,6,5,8,1,5
98,CTR,0,14,21,1,8,9,2
99,CTR,0,6,17,3,5,13,2
100,CTR,0,4,6,5,8,1,3
101,CTR,0,12,6,5,5,3,4
102,CTR,0,8,14,5,8,2,3
103,CTR,0,4,12,8,5,4,1
104,CTR,0,1,16,1,8,7,2
105,CTR,0,4,1,1,8,1,7
106,CTR,0,9,8,4,5,3,3
107,CTR,0,4,22,8,2,1,12
108,CTR,0,22,1,1,2,7,12
109,CTR,0,6,22,5,2,2,12
110,CTR,0,9,1,1,4,7,1
111,CTR,0,1,14,1,8,7,2
112,CTR,0,23,8,5,3,3,11
113,CTR,0,22,8,5,2,2,12
114,CTR,0,15,18,8,2,14,2
115,CTR,0,24,17,2,3,8,13
116,CTR,0,22,6,2,5,12,3
117,CTR,0,4,22,8,2,1,12
118,CTR,0,6,8,5,5,3,3
119,CTR,0,18,19,8,2,2,14
120,CTR,0,4,21,1,8,9,1
121,CTR,0,4,14,8,8,1,2
122,CTR,0,9,9,4,4,1,1
123,CTR,0,6,18,5,2,14,2
124,CTR,0,7,8,5,5,2,3
125,CTR,0,14,13,8,1,7,2
126,CTR,0,16,15,8,8,2,2
127,CTR,0,9,22,2,4,12,1
128,CTR,0,4,6,8,5,1,3
129,CTR,0,4,12,5,8,4,1
130,CTR,0,9,18,2,4,4,14
131,CTR,0,22,8,5,2,12,2
132,CTR,0,22,6,5,2,12,3
133,CTR,0,1,9,1,4,7,4
134,CTR,0,4,9,4,8,1,1
135,CTR,0,4,6,5,8,1,3
136,CTR,0,6,6,5,5,2,2
137,CTR,0,6,9,4,5,3,1
138,CTR,0,1,8,1,5,7,3
139,CTR,0,22,8,2,5,12,2
140,CTR,0,9,6,4,5,1,3
141,CTR,0,4,6,5,8,1,3
142,CTR,0,22,14,2,8,12,2
143,CTR,0,1,22,1,2,7,12
144,CTR,0,4,7,5,8,1,2
145,CTR,0,22,9,4,2,12,3
146,CTR,0,4,10,8,7,1,6
147,CTR,0,17,19,3,8,13,2
148,CTR,0,9,8,4,5,1,3
149,CTR,0,4,6,8,5,1,3
150,CTR,0,17,6,5,2,3,14
151,CTR,0,4,21,8,1,1,9
152,CTR,0,8,14,5,3,3,13
153,CTR,0,6,6,5,5,2,3
154,CTR,0,9,17,3,4,13,1
155,CTR,0,22,10,2,10,12,2
156,CTR,0,4,8,8,5,3,1
157,CTR,0,22,9,4,2,1,12
158,CTR,0,4,8,5,8,1,3
159,CTR,0,9,17,4,8,1,2
160,CTR,0,1,4,1,8,7,1
161,CTR,0,1,22,1,3,7,11
162,CTR,0,4,4,8,8,1,1
163,CTR,0,1,15,1,8,7,2
164,CTR,0,22,4,2,8,12,1
165,CTR,0,22,9,2,4,12,1
166,CTR,0,9,10,4,7,1,6
167,CTR,0,1,22,1,2,7,12
168,CTR,0,16,20,8,8,2,2
169,CTR,0,22,17,2,3,13,12
170,CTR,0,9,6,4,5,1,3
171,CTR,0,1,22,1,2,7,12
172,CTR,0,6,9,4,5,1,3
173,CTR,0,3,23,1,3,7,11
174,CTR,0,17,8,3,5,13,3
175,CTR,0,4,22,2,8,1,12
176,CTR,0,4,9,4,8,4,1
177,CTR,0,22,22,2,2,12,12
178,SCZ,1,4,17,8,2,1,14
179,SCZ,1,13,13,1,7,7,7
180,SCZ,1,1,9,1,4,7,1
181,SCZ,1,4,22,8,2,1,12
182,SCZ,1,22,22,2,6,12,4
183,SCZ,1,1,10,1,7,7,6
184,SCZ,1,1,6,1,6,7,3
185,SCZ,1,9,22,2,2,4,12
186,SCZ,1,6,9,6,4,2,1
187,SCZ,1,4,4,8,8,1,1
188,SCZ,1,10,14,7,7,6,2
189,SCZ,1,10,22,7,2,6,12
190,SCZ,1,4,9,8,4,1,1
191,SCZ,1,9,14,4,8,1,2
192,SCZ,1,4,21,8,1,1,9
193,SCZ,1,1,22,1,2,7,12
194,SCZ,1,9,14,4,8,1,2
195,SCZ,1,4,6,6,6,1,2
196,SCZ,1,4,14,8,8,1,2
197,SCZ,1,17,17,2,1,14,14
198,SCZ,1,6,9,6,4,2,1
199,SCZ,1,8,14,5,3,3,3
200,SCZ,1,3,3,8,6,2,4
201,SCZ,1,6,6,5,5,3,2
202,SCZ,1,22,22,2,6,12,4
203,SCZ,1,4,22,8,2,1,12
204,SCZ,1,8,14,6,6,3,4
205,SCZ,1,4,10,8,7,1,6
206,SCZ,1,14,22,3,2,13,12
207,SCZ,1,7,9,6,6,3,4
208,SCZ,1,7,17,2,4,13,15
209,SCZ,1,9,17,4,3,1,13
210,SCZ,1,17,17,3,3,13,1
211,SCZ,1,9,14,4,4,1,2
212,SCZ,1,4,16,8,8,1,2
213,SCZ,1,14,1,8,8,2,7
214,SCZ,1,8,22,6,2,3,12
215,SCZ,1,1,9,1,1,7,1
216,SCZ,1,10,25,7,2,6,8
217,SCZ,1,10,14,7,8,6,2
218,SCZ,1,7,7,6,6,3,2
219,SCZ,1,22,9,2,6,12,3
220,SCZ,1,17,17,3,2,13,14
221,SCZ,1,22,23,2,6,12,11
222,SCZ,1,6,9,6,4,5,1
223,SCZ,1,4,6,8,5,1,3
224,SCZ,1,12,14,5,8,4,2
225,SCZ,1,0,0,2,6,12,4
226,SCZ,1,21,22,1,2,9,12
227,SCZ,1,1,3,1,8,7,2
228,SCZ,1,10,17,7,3,6,13
229,SCZ,1,6,22,6,2,2,12
230,SCZ,1,22,17,2,2,12,14
231,SCZ,1,8,22,6,2,3,12
232,SCZ,1,19,22,8,2,2,12
233,SCZ,1,6,6,5,5,5,5
234,SCZ,1,13,22,1,2,7,12
235,SCZ,1,9,22,2,4,12,12
236,SCZ,1,9,22,4,2,1,12
237,SCZ,1,9,13,4,1,1,7
238,SCZ,1,4,22,8,2,1,12
239,SCZ,1,23,6,3,7,11,3
240,SCZ,1,1,15,1,8,7,2
241,SCZ,1,9,22,4,2,1,12
242,SCZ,1,8,9,6,4,2,1
243,SCZ,1,17,24,3,2,13,8
244,SCZ,1,1,22,1,1,7,12
245,SCZ,1,22,22,2,2,12,12
246,SCZ,1,17,22,3,2,13,12
247,SCZ,1,7,3,6,6,2,2
248,SCZ,1,6,9,6,6,3,4
249,SCZ,1,4,6,8,5,1,3
250,SCZ,1,4,10,8,7,1,6
251,SCZ,1,1,8,1,5,7,2
252,SCZ,1,6,6,6,6,2,2
253,SCZ,1,12,17,5,2,4,14
254,SCZ,1,2,14,1,8,7,2
255,SCZ,1,4,9,4,4,1,1
256,SCZ,1,1,21,1,1,7,9
257,SCZ,1,3,4,8,8,2,1
258,SCZ,1,9,22,4,3,1,12
259,SCZ,1,9,13,4,1,1,7
260,SCZ,1,14,14,3,3,13,9
261,SCZ,1,10,16,7,8,6,2
262,SCZ,1,13,17,1,2,7,14
263,SCZ,1,1,4,1,1,7,1
264,SCZ,1,1,21,1,1,7,9
265,SCZ,1,1,21,1,1,7,9
266,SCZ,1,22,14,2,8,12,2
267,SCZ,1,8,23,5,3,3,11
268,SCZ,1,4,6,8,8,1,3
269,SCZ,1,1,1,1,1,7,7
270,SCZ,1,13,17,1,3,7,13
271,SCZ,1,14,14,3,3,13,13
