,State,Region,X1,X2,X3,Y
1,ME,1,508,3944,325,235
2,NH,1,564,4578,323,231
3,VT,1,322,4011,328,270
4,MA,1,846,5233,305,261
5,RI,1,871,4780,303,300
6,CT,1,774,5889,307,317
7,NY,1,856,5663,301,387
8,NJ,1,889,5759,310,285
9,PA,1,715,4894,300,300
10,OH,2,753,5012,324,221
11,IN,2,649,4908,329,264
12,IL,2,830,5753,320,308
13,MI,2,738,5439,337,379
14,WI,2,659,4634,328,342
15,MN,2,664,4921,330,378
16,IA,2,572,4869,318,232
17,MO,2,701,4672,309,231
18,ND,2,443,4782,333,246
19,SD,2,446,4296,330,230
20,NB,2,615,4827,318,268
21,KS,2,661,5057,304,337
22,DE,3,722,5540,328,344
23,MD,3,766,5331,323,330
24,VA,3,631,4715,317,261
25,WV,3,390,3828,310,214
26,NC,3,450,4120,321,245
27,SC,3,476,3817,342,233
28,GA,3,603,4243,339,250
29,FL,3,805,4647,287,243
30,DY,3,523,3967,325,216
31,TN,3,588,3946,315,212
32,AL,3,584,3724,332,208
33,MS,3,445,3448,358,215
34,AR,3,500,3680,320,221
35,LA,3,661,3825,355,244
36,OK,3,680,4189,306,234
37,TX,3,797,4336,335,269
38,MT,4,534,4418,335,302
39,ID,4,541,4323,344,268
40,WY,4,605,4813,331,323
41,CO,4,785,5046,324,304
42,NM,4,698,3764,366,317
43,AZ,4,796,4504,340,332
44,UT,4,804,4005,378,315
45,NV,4,809,5560,330,291
46,WA,4,726,4989,313,312
47,OR,4,671,4697,305,316
48,CA,4,909,5438,307,332
49,AK,4,831,5309,333,311
50,HI,4,484,5613,386,546
