,id,time,status,trt,age,sex,ascites,hepato,spiders,edema,bili,chol,albumin,copper,alk.phos,ast,trig,platelet,protime,stage
1,1,400,2,1.0,58.7652292950034,f,1.0,1.0,1.0,1.0,14.5,261.0,2.6,156.0,1718.0,137.95,172.0,190.0,12.2,4.0
2,2,4500,0,1.0,56.4462696783025,f,0.0,1.0,1.0,0.0,1.1,302.0,4.14,54.0,7394.8,113.52,88.0,221.0,10.6,3.0
3,3,1012,2,1.0,70.072553045859,m,0.0,0.0,0.0,0.5,1.4,176.0,3.48,210.0,516.0,96.1,55.0,151.0,12.0,4.0
4,4,1925,2,1.0,54.7405886379192,f,0.0,1.0,1.0,0.5,1.8,244.0,2.54,64.0,6121.8,60.63,92.0,183.0,10.3,4.0
5,5,1504,1,2.0,38.1054072553046,f,0.0,1.0,1.0,0.0,3.4,279.0,3.53,143.0,671.0,113.15,72.0,136.0,10.9,3.0
6,6,2503,2,2.0,66.258726899384,f,0.0,1.0,0.0,0.0,0.8,248.0,3.98,50.0,944.0,93.0,63.0,344.0,11.0,3.0
7,7,1832,0,2.0,55.5345653661875,f,0.0,1.0,0.0,0.0,1.0,322.0,4.09,52.0,824.0,60.45,213.0,204.0,9.7,3.0
8,8,2466,2,2.0,53.056810403833,f,0.0,0.0,0.0,0.0,0.3,280.0,4.0,52.0,4651.2,28.38,189.0,373.0,11.0,3.0
9,9,2400,2,1.0,42.507871321013,f,0.0,0.0,1.0,0.0,3.2,562.0,3.08,79.0,2276.0,144.15,88.0,251.0,11.0,2.0
10,10,51,2,2.0,70.5598904859685,f,1.0,0.0,1.0,1.0,12.6,200.0,2.74,140.0,918.0,147.25,143.0,302.0,11.5,4.0
11,11,3762,2,2.0,53.7138945927447,f,0.0,1.0,1.0,0.0,1.4,259.0,4.16,46.0,1104.0,79.05,79.0,258.0,12.0,4.0
12,12,304,2,2.0,59.1375770020534,f,0.0,0.0,1.0,0.0,3.6,236.0,3.52,94.0,591.0,82.15,95.0,71.0,13.6,4.0
13,13,3577,0,2.0,45.6892539356605,f,0.0,0.0,0.0,0.0,0.7,281.0,3.85,40.0,1181.0,88.35,130.0,244.0,10.6,3.0
14,14,1217,2,2.0,56.2217659137577,m,1.0,1.0,0.0,1.0,0.8,260.0,2.27,43.0,728.0,71.0,118.0,156.0,11.0,4.0
15,15,3584,2,1.0,64.6461327857632,f,0.0,0.0,0.0,0.0,0.8,231.0,3.87,173.0,9009.8,127.71,96.0,295.0,11.0,3.0
16,16,3672,0,2.0,40.4435318275154,f,0.0,0.0,0.0,0.0,0.7,204.0,3.66,28.0,685.0,72.85,58.0,198.0,10.8,3.0
17,17,769,2,2.0,52.1834360027378,f,0.0,1.0,0.0,0.0,2.7,274.0,3.15,159.0,1533.0,117.8,128.0,224.0,10.5,4.0
18,18,131,2,1.0,53.9301848049281,f,0.0,1.0,1.0,1.0,11.4,178.0,2.8,588.0,961.0,280.55,200.0,283.0,12.4,4.0
19,19,4232,0,1.0,49.5605749486653,f,0.0,1.0,0.0,0.5,0.7,235.0,3.56,39.0,1881.0,93.0,123.0,209.0,11.0,3.0
20,20,1356,2,2.0,59.9534565366188,f,0.0,1.0,0.0,0.0,5.1,374.0,3.51,140.0,1919.0,122.45,135.0,322.0,13.0,4.0
21,21,3445,0,2.0,64.1889117043121,m,0.0,1.0,1.0,0.0,0.6,252.0,3.83,41.0,843.0,65.1,83.0,336.0,11.4,4.0
22,22,673,2,1.0,56.2765229295003,f,0.0,0.0,1.0,0.0,3.4,271.0,3.63,464.0,1376.0,120.9,55.0,173.0,11.6,4.0
23,23,264,2,2.0,55.9671457905544,f,1.0,1.0,1.0,1.0,17.4,395.0,2.94,558.0,6064.8,227.04,191.0,214.0,11.7,4.0
24,24,4079,2,1.0,44.5201916495551,m,0.0,1.0,0.0,0.0,2.1,456.0,4.0,124.0,5719.0,221.88,230.0,70.0,9.9,2.0
25,25,4127,0,2.0,45.0732375085558,f,0.0,0.0,0.0,0.0,0.7,298.0,4.1,40.0,661.0,106.95,66.0,324.0,11.3,2.0
26,26,1444,2,2.0,52.0246406570842,f,0.0,1.0,1.0,0.0,5.2,1128.0,3.68,53.0,3228.0,165.85,166.0,421.0,9.9,3.0
27,27,77,2,2.0,54.4394250513347,f,1.0,1.0,1.0,0.5,21.6,175.0,3.31,221.0,3697.4,101.91,168.0,80.0,12.0,4.0
28,28,549,2,2.0,44.9472963723477,f,1.0,1.0,1.0,1.0,17.2,222.0,3.23,209.0,1975.0,189.1,195.0,144.0,13.0,4.0
29,29,4509,0,2.0,63.8767967145791,f,0.0,0.0,0.0,0.0,0.7,370.0,3.78,24.0,5833.0,73.53,86.0,390.0,10.6,2.0
30,30,321,2,2.0,41.3853524982888,f,0.0,1.0,1.0,0.0,3.6,260.0,2.54,172.0,7277.0,121.26,158.0,124.0,11.0,4.0
31,31,3839,2,2.0,41.5523613963039,f,0.0,1.0,0.0,0.0,4.7,296.0,3.44,114.0,9933.2,206.4,101.0,195.0,10.3,2.0
32,32,4523,0,2.0,53.9958932238193,f,0.0,1.0,0.0,0.0,1.8,262.0,3.34,101.0,7277.0,82.56,158.0,286.0,10.6,4.0
33,33,3170,2,2.0,51.2826830937714,f,0.0,0.0,0.0,0.0,0.8,210.0,3.19,82.0,1592.0,218.55,113.0,180.0,12.0,3.0
34,34,3933,0,1.0,52.0602327173169,f,0.0,0.0,0.0,0.0,0.8,364.0,3.7,37.0,1840.0,170.5,64.0,273.0,10.5,2.0
35,35,2847,2,2.0,48.6187542778919,f,0.0,0.0,0.0,0.0,1.2,314.0,3.2,201.0,12258.8,72.24,151.0,431.0,10.6,3.0
36,36,3611,0,2.0,56.4106776180698,f,0.0,0.0,0.0,0.0,0.3,172.0,3.39,18.0,558.0,71.3,96.0,311.0,10.6,2.0
37,37,223,2,1.0,61.7275838466804,f,1.0,1.0,0.0,1.0,7.1,334.0,3.01,150.0,6931.2,180.6,118.0,102.0,12.0,4.0
38,38,3244,2,2.0,36.6269678302532,f,0.0,1.0,1.0,0.0,3.3,383.0,3.53,102.0,1234.0,137.95,87.0,234.0,11.0,4.0
39,39,2297,2,1.0,55.3921971252567,f,0.0,1.0,0.0,0.0,0.7,282.0,3.0,52.0,9066.8,72.24,111.0,563.0,10.6,4.0
40,40,4467,0,1.0,46.6694045174538,f,0.0,0.0,0.0,0.0,1.3,260.0,3.34,105.0,11046.6,104.49,118.0,358.0,11.0,4.0
41,41,1350,2,1.0,33.6344969199179,f,0.0,1.0,0.0,0.0,6.8,260.0,3.26,96.0,1215.0,151.9,118.0,226.0,11.7,4.0
42,42,4453,0,2.0,33.6947296372348,f,0.0,1.0,1.0,0.0,2.1,260.0,3.54,122.0,8778.0,56.76,118.0,344.0,11.0,4.0
43,43,4556,0,1.0,48.870636550308,f,0.0,0.0,0.0,0.0,1.1,361.0,3.64,36.0,5430.2,67.08,89.0,203.0,10.6,2.0
44,44,3428,2,2.0,37.5824777549624,f,0.0,1.0,1.0,1.0,3.3,299.0,3.55,131.0,1029.0,119.35,50.0,199.0,11.7,3.0
45,45,4025,0,2.0,41.7932922655715,f,0.0,0.0,0.0,0.0,0.6,260.0,3.93,19.0,1826.0,71.3,118.0,474.0,10.9,2.0
46,46,2256,2,1.0,45.7987679671458,f,0.0,1.0,0.0,0.0,5.7,482.0,2.84,161.0,11552.0,136.74,165.0,518.0,12.7,3.0
47,47,2576,0,2.0,47.4277891854894,f,0.0,0.0,0.0,0.0,0.5,316.0,3.65,68.0,1716.0,187.55,71.0,356.0,9.8,3.0
48,48,4427,0,2.0,49.1362080766598,m,0.0,0.0,0.0,0.0,1.9,259.0,3.7,281.0,10396.8,188.34,178.0,214.0,11.0,3.0
49,49,708,2,2.0,61.1526351813826,f,0.0,1.0,0.0,0.0,0.8,260.0,3.82,58.0,678.0,97.65,118.0,233.0,11.0,4.0
50,50,2598,2,1.0,53.5085557837098,f,0.0,1.0,0.0,0.0,1.1,257.0,3.36,43.0,1080.0,106.95,73.0,128.0,10.6,4.0
51,51,3853,2,2.0,52.0876112251882,f,0.0,0.0,0.0,0.0,0.8,276.0,3.6,54.0,4332.0,99.33,143.0,273.0,10.6,2.0
52,52,2386,2,1.0,50.5407255304586,m,0.0,0.0,0.0,0.0,6.0,614.0,3.7,158.0,5084.4,206.4,93.0,362.0,10.6,1.0
53,53,1000,2,1.0,67.4086242299795,f,0.0,1.0,0.0,0.0,2.6,260.0,3.1,94.0,6456.2,56.76,118.0,214.0,11.0,4.0
54,54,1434,2,1.0,39.1978097193703,f,1.0,1.0,1.0,1.0,1.3,288.0,3.4,262.0,5487.2,73.53,125.0,254.0,11.0,4.0
55,55,1360,2,1.0,65.7631759069131,m,0.0,0.0,0.0,0.0,1.8,416.0,3.94,121.0,10165.0,79.98,219.0,213.0,11.0,3.0
56,56,1847,2,2.0,33.6180698151951,f,0.0,1.0,1.0,0.0,1.1,498.0,3.8,88.0,13862.4,95.46,319.0,365.0,10.6,2.0
57,57,3282,2,1.0,53.5715263518138,f,0.0,1.0,0.0,0.5,2.3,260.0,3.18,231.0,11320.2,105.78,94.0,216.0,12.4,3.0
58,58,4459,0,1.0,44.5694729637235,m,0.0,0.0,0.0,0.0,0.7,242.0,4.08,73.0,5890.0,56.76,118.0,344.0,10.6,1.0
59,59,2224,2,1.0,40.394250513347,f,0.0,1.0,1.0,0.0,0.8,329.0,3.5,49.0,7622.8,126.42,124.0,321.0,10.6,3.0
60,60,4365,0,1.0,58.3819301848049,f,0.0,0.0,0.0,0.0,0.9,604.0,3.4,82.0,876.0,71.3,58.0,228.0,10.3,3.0
61,61,4256,0,2.0,43.8986995208761,m,0.0,0.0,0.0,0.0,0.6,216.0,3.94,28.0,601.0,60.45,188.0,211.0,13.0,1.0
62,62,3090,2,2.0,60.7063655030801,f,1.0,0.0,0.0,0.0,1.3,302.0,2.75,58.0,1523.0,43.4,112.0,329.0,13.2,4.0
63,63,859,2,2.0,46.6283367556468,f,0.0,0.0,1.0,1.0,22.5,932.0,3.12,95.0,5396.0,244.9,133.0,165.0,11.6,3.0
64,64,1487,2,2.0,62.9075975359343,f,0.0,1.0,0.0,0.0,2.1,373.0,3.5,52.0,1009.0,150.35,188.0,178.0,11.0,3.0
65,65,3992,0,1.0,40.2026009582478,f,0.0,0.0,0.0,0.0,1.2,256.0,3.6,74.0,724.0,141.05,108.0,430.0,10.0,1.0
66,66,4191,2,1.0,46.4531143052704,m,0.0,1.0,0.0,0.0,1.4,427.0,3.7,105.0,1909.0,182.9,171.0,123.0,11.0,3.0
67,67,2769,2,2.0,51.2881587953457,f,0.0,0.0,0.0,0.0,1.1,466.0,3.91,84.0,1787.0,328.6,185.0,261.0,10.0,3.0
68,68,4039,0,1.0,32.6132785763176,f,0.0,0.0,0.0,0.0,0.7,174.0,4.09,58.0,642.0,71.3,46.0,203.0,10.6,3.0
69,69,1170,2,1.0,49.3388090349076,f,0.0,1.0,1.0,0.5,20.0,652.0,3.46,159.0,3292.0,215.45,184.0,227.0,12.4,3.0
70,70,3458,0,1.0,56.3997262149213,f,0.0,0.0,0.0,0.0,0.6,260.0,4.64,20.0,666.0,54.25,118.0,265.0,10.6,2.0
71,71,4196,0,2.0,48.8459958932238,f,0.0,1.0,0.0,0.0,1.2,258.0,3.57,79.0,2201.0,120.9,76.0,410.0,11.5,4.0
72,72,4184,0,2.0,32.4928131416838,f,0.0,0.0,0.0,0.0,0.5,320.0,3.54,51.0,1243.0,122.45,80.0,225.0,10.0,3.0
73,73,4190,0,2.0,38.4941820670773,f,0.0,0.0,0.0,0.0,0.7,132.0,3.6,17.0,423.0,49.6,56.0,265.0,11.0,1.0
74,74,1827,2,1.0,51.9206023271732,f,0.0,1.0,1.0,0.0,8.4,558.0,3.99,280.0,967.0,89.9,309.0,278.0,11.0,4.0
75,75,1191,2,1.0,43.5181382614647,f,1.0,1.0,1.0,0.5,17.1,674.0,2.53,207.0,2078.0,182.9,598.0,268.0,11.5,4.0
76,76,71,2,1.0,51.9425051334702,f,0.0,1.0,1.0,0.5,12.2,394.0,3.08,111.0,2132.0,155.0,243.0,165.0,11.6,4.0
77,77,326,2,2.0,49.8261464750171,f,0.0,1.0,1.0,0.5,6.6,244.0,3.41,199.0,1819.0,170.5,91.0,132.0,12.1,3.0
78,78,1690,2,1.0,47.9452429842574,f,0.0,1.0,0.0,0.0,6.3,436.0,3.02,75.0,2176.0,170.5,104.0,236.0,10.6,4.0
79,79,3707,0,1.0,46.5160848733744,f,0.0,1.0,0.0,0.0,0.8,315.0,4.24,13.0,1637.0,170.5,70.0,426.0,10.9,3.0
80,80,890,2,2.0,67.4113620807666,m,0.0,1.0,0.0,0.0,7.2,247.0,3.72,269.0,1303.0,176.7,91.0,360.0,11.2,4.0
81,81,2540,2,1.0,63.2635181382615,f,0.0,1.0,1.0,0.0,14.4,448.0,3.65,34.0,1218.0,60.45,318.0,385.0,11.7,4.0
82,82,3574,2,1.0,67.3100616016427,f,0.0,0.0,0.0,0.0,4.5,472.0,4.09,154.0,1580.0,117.8,272.0,412.0,11.1,3.0
83,83,4050,0,1.0,56.0136892539357,f,0.0,1.0,0.0,0.5,1.3,250.0,3.5,48.0,1138.0,71.3,100.0,81.0,12.9,4.0
84,84,4032,0,2.0,55.8302532511978,f,0.0,0.0,0.0,0.0,0.4,263.0,3.76,29.0,1345.0,137.95,74.0,181.0,11.2,3.0
85,85,3358,2,2.0,47.2169746748802,f,0.0,1.0,0.0,0.0,2.1,262.0,3.48,58.0,2045.0,89.9,84.0,225.0,11.5,4.0
86,86,1657,2,1.0,52.7583846680356,f,0.0,1.0,1.0,0.0,5.0,1600.0,3.21,75.0,2656.0,82.15,174.0,181.0,10.9,3.0
87,87,198,2,1.0,37.2785763175907,f,0.0,0.0,0.0,0.0,1.1,345.0,4.4,75.0,1860.0,218.55,72.0,447.0,10.7,3.0
88,88,2452,0,2.0,41.3935660506502,f,0.0,0.0,0.0,0.5,0.6,296.0,4.06,37.0,1032.0,80.6,83.0,442.0,12.0,3.0
89,89,1741,2,1.0,52.4435318275154,f,0.0,1.0,0.0,0.0,2.0,408.0,3.65,50.0,1083.0,110.05,98.0,200.0,11.4,2.0
90,90,2689,2,1.0,33.4757015742642,m,0.0,0.0,0.0,0.0,1.6,660.0,4.22,94.0,1857.0,151.9,155.0,337.0,11.0,2.0
91,91,460,2,2.0,45.6071184120465,f,0.0,1.0,1.0,0.5,5.0,325.0,3.47,110.0,2460.0,246.45,56.0,430.0,11.9,4.0
92,92,388,2,1.0,76.7091033538672,f,1.0,0.0,0.0,1.0,1.4,206.0,3.13,36.0,1626.0,86.8,70.0,145.0,12.2,4.0
93,93,3913,0,1.0,36.5338809034908,f,0.0,0.0,0.0,0.0,1.3,353.0,3.67,73.0,2039.0,232.5,68.0,380.0,11.1,2.0
94,94,750,2,1.0,53.9164955509925,f,0.0,1.0,1.0,0.0,3.2,201.0,3.11,178.0,1212.0,159.65,69.0,188.0,11.8,4.0
95,95,130,2,2.0,46.3901437371663,f,1.0,1.0,1.0,1.0,17.4,260.0,2.64,182.0,559.0,119.35,118.0,401.0,11.7,2.0
96,96,3850,0,1.0,48.8459958932238,f,0.0,0.0,0.0,0.0,1.0,260.0,3.7,33.0,1258.0,99.2,118.0,338.0,10.4,3.0
97,97,611,2,2.0,71.8932238193019,m,0.0,1.0,0.0,0.5,2.0,420.0,3.26,62.0,3196.0,77.5,91.0,344.0,11.4,3.0
98,98,3823,0,1.0,28.8843258042437,f,0.0,0.0,0.0,0.0,1.0,239.0,3.77,77.0,1877.0,97.65,101.0,312.0,10.2,1.0
99,99,3820,0,2.0,48.4681724845996,m,0.0,0.0,0.0,0.0,1.8,460.0,3.35,148.0,1472.0,108.5,118.0,172.0,10.2,2.0
100,100,552,2,2.0,51.4688569472964,m,0.0,1.0,0.0,0.0,2.3,178.0,3.0,145.0,746.0,178.25,122.0,119.0,12.0,4.0
101,101,3581,0,2.0,44.9500342231348,f,0.0,0.0,0.0,0.0,0.9,400.0,3.6,31.0,1689.0,164.3,166.0,327.0,10.4,3.0
102,102,3099,0,1.0,56.5694729637235,f,0.0,0.0,0.0,0.0,0.9,248.0,3.97,172.0,646.0,62.0,84.0,128.0,10.1,1.0
103,103,110,2,2.0,48.9637234770705,f,1.0,1.0,1.0,1.0,2.5,188.0,3.67,57.0,1273.0,119.35,102.0,110.0,11.1,4.0
104,104,3086,2,1.0,43.0171115674196,f,0.0,0.0,0.0,0.0,1.1,303.0,3.64,20.0,2108.0,128.65,53.0,349.0,11.1,2.0
105,105,3092,1,2.0,34.0396988364134,f,0.0,1.0,0.0,0.0,1.1,464.0,4.2,38.0,1644.0,151.9,102.0,348.0,10.3,3.0
106,106,3222,2,1.0,68.5092402464066,f,1.0,1.0,0.0,0.0,2.1,260.0,3.9,50.0,1087.0,103.85,118.0,137.0,10.6,2.0
107,107,3388,0,2.0,62.5215605749487,f,0.0,0.0,0.0,0.0,0.6,212.0,4.03,10.0,648.0,71.3,77.0,316.0,17.1,1.0
108,108,2583,2,1.0,50.3572895277207,f,0.0,0.0,0.0,0.0,0.4,127.0,3.5,14.0,1062.0,49.6,84.0,334.0,10.3,2.0
109,109,2504,0,2.0,44.062970568104,f,0.0,0.0,0.0,0.0,0.5,120.0,3.61,53.0,804.0,110.05,52.0,271.0,10.6,3.0
110,110,2105,2,1.0,38.9103353867214,f,0.0,1.0,1.0,0.0,1.9,486.0,3.54,74.0,1052.0,108.5,109.0,141.0,10.9,3.0
111,111,2350,1,1.0,41.1526351813826,f,0.0,0.0,0.0,0.0,5.5,528.0,4.18,77.0,2404.0,172.05,78.0,467.0,10.7,3.0
112,112,3445,2,2.0,55.4579055441478,f,0.0,1.0,1.0,0.0,2.0,267.0,3.67,89.0,754.0,196.85,90.0,136.0,11.8,4.0
113,113,980,2,1.0,51.233401779603,f,0.0,1.0,1.0,0.0,6.7,374.0,3.74,103.0,979.0,128.65,100.0,266.0,11.1,4.0
114,114,3395,2,2.0,52.8268309377139,m,0.0,0.0,0.0,0.0,3.2,259.0,4.3,208.0,1040.0,110.05,78.0,268.0,11.7,3.0
115,115,3422,0,2.0,42.6392881587953,f,0.0,0.0,1.0,0.0,0.7,303.0,4.19,81.0,1584.0,111.6,156.0,307.0,10.3,3.0
116,116,3336,0,1.0,61.0704996577687,f,0.0,0.0,1.0,0.5,3.0,458.0,3.63,74.0,1588.0,106.95,382.0,438.0,9.9,3.0
117,117,1083,2,1.0,49.6563997262149,f,0.0,1.0,1.0,0.0,6.5,950.0,3.11,111.0,2374.0,170.5,149.0,354.0,11.0,4.0
118,118,2288,2,1.0,48.8542094455852,f,0.0,1.0,0.0,0.0,3.5,390.0,3.3,67.0,878.0,137.95,93.0,207.0,10.2,3.0
119,119,515,2,1.0,54.2559890485969,f,0.0,0.0,1.0,0.0,0.6,636.0,3.83,129.0,944.0,97.65,114.0,306.0,9.5,3.0
120,120,2033,1,1.0,35.1512662559891,m,0.0,0.0,0.0,0.0,3.5,325.0,3.98,444.0,766.0,130.2,210.0,344.0,10.6,3.0
121,121,191,2,2.0,67.9069130732375,m,1.0,1.0,0.0,1.0,1.3,151.0,3.08,73.0,1112.0,46.5,49.0,213.0,13.2,4.0
122,122,3297,0,1.0,55.4360027378508,f,0.0,0.0,0.0,0.0,0.6,298.0,4.13,29.0,758.0,65.1,85.0,256.0,10.7,3.0
123,123,971,2,1.0,45.8206707734428,f,0.0,1.0,1.0,1.0,5.1,260.0,3.23,18.0,790.0,179.8,118.0,104.0,13.0,4.0
124,124,3069,0,1.0,52.8898015058179,m,0.0,1.0,0.0,0.0,0.6,251.0,3.9,25.0,681.0,57.35,107.0,182.0,10.8,4.0
125,125,2468,1,2.0,47.1813826146475,f,0.0,1.0,0.0,0.0,1.3,316.0,3.51,75.0,1162.0,147.25,137.0,238.0,10.0,4.0
126,126,824,2,1.0,53.5989048596851,f,1.0,1.0,1.0,0.0,1.2,269.0,3.12,52.0,1441.0,165.85,68.0,166.0,11.1,4.0
127,127,3255,0,2.0,44.104038329911,f,0.0,0.0,0.0,0.0,0.5,268.0,4.08,9.0,1174.0,86.8,95.0,453.0,10.0,2.0
128,128,1037,2,1.0,41.9493497604381,f,0.0,1.0,1.0,0.0,16.2,260.0,2.89,42.0,1828.0,299.15,118.0,123.0,12.6,4.0
129,129,3239,0,1.0,63.6139630390144,f,0.0,1.0,0.0,0.0,0.9,420.0,3.87,30.0,1009.0,57.35,232.0,344.0,9.7,3.0
130,130,1413,2,2.0,44.227241615332,f,0.0,1.0,1.0,0.0,17.4,1775.0,3.43,205.0,2065.0,165.85,97.0,418.0,11.5,3.0
131,131,850,2,2.0,62.0013689253936,f,0.0,1.0,1.0,0.0,2.8,242.0,3.8,74.0,614.0,136.4,104.0,121.0,13.2,4.0
132,132,2944,0,1.0,40.5530458590007,f,0.0,0.0,0.0,0.0,1.9,448.0,3.83,60.0,1052.0,127.1,175.0,181.0,9.8,3.0
133,133,2796,2,2.0,62.6447638603696,m,0.0,0.0,0.0,0.0,1.5,331.0,3.95,13.0,577.0,128.65,99.0,165.0,10.1,4.0
134,134,3149,0,2.0,42.3353867214237,f,0.0,0.0,0.0,0.0,0.7,578.0,3.67,35.0,1353.0,127.1,105.0,427.0,10.7,2.0
135,135,3150,0,1.0,42.9678302532512,f,0.0,0.0,0.0,0.0,0.4,263.0,3.57,123.0,836.0,74.4,121.0,445.0,11.0,2.0
136,136,3098,0,1.0,55.9616700889801,f,0.0,0.0,0.0,0.0,0.8,263.0,3.35,27.0,1636.0,116.25,69.0,206.0,9.8,2.0
137,137,2990,0,1.0,62.861054072553,f,0.0,0.0,0.0,0.0,1.1,399.0,3.6,79.0,3472.0,155.0,152.0,344.0,10.1,2.0
138,138,1297,2,1.0,51.2498288843258,m,0.0,1.0,0.0,0.0,7.3,426.0,3.93,262.0,2424.0,145.7,218.0,252.0,10.5,3.0
139,139,2106,0,2.0,46.7624914442163,f,0.0,1.0,0.0,0.0,1.1,328.0,3.31,159.0,1260.0,94.55,134.0,142.0,11.6,4.0
140,140,3059,0,1.0,54.0752908966461,f,0.0,1.0,0.0,0.0,1.1,290.0,4.09,38.0,2120.0,186.0,146.0,318.0,10.0,3.0
141,141,3050,0,1.0,47.0362765229295,f,0.0,0.0,0.0,0.0,0.9,346.0,3.77,59.0,794.0,125.55,56.0,336.0,10.6,2.0
142,142,2419,2,2.0,55.7262149212868,f,0.0,1.0,0.0,0.0,1.0,364.0,3.48,20.0,720.0,134.85,88.0,283.0,9.9,2.0
143,143,786,2,2.0,46.1026694045175,f,0.0,1.0,0.0,0.0,2.9,332.0,3.6,86.0,1492.0,134.85,103.0,277.0,11.0,4.0
144,144,943,2,2.0,52.2874743326489,f,0.0,1.0,0.0,0.5,28.0,556.0,3.26,152.0,3896.0,198.4,171.0,335.0,10.0,3.0
145,145,2976,0,2.0,51.2005475701574,f,0.0,0.0,1.0,0.0,0.7,309.0,3.84,96.0,858.0,41.85,106.0,253.0,11.4,3.0
146,146,2615,0,2.0,33.864476386037,f,0.0,0.0,0.0,0.5,1.2,260.0,3.89,58.0,1284.0,173.6,118.0,239.0,9.4,3.0
147,147,2995,0,1.0,75.0116358658453,f,0.0,0.0,0.0,0.5,1.2,288.0,3.37,32.0,791.0,57.35,114.0,213.0,10.7,2.0
148,148,1427,2,2.0,30.8637919233402,f,0.0,1.0,0.0,0.0,7.2,1015.0,3.26,247.0,3836.0,198.4,280.0,330.0,9.8,3.0
149,149,762,2,1.0,61.8042436687201,m,0.0,1.0,1.0,0.5,3.0,257.0,3.79,290.0,1664.0,102.3,112.0,140.0,9.9,4.0
150,150,2891,0,2.0,34.9869952087611,f,0.0,0.0,1.0,0.0,1.0,260.0,3.63,57.0,1536.0,134.85,118.0,233.0,10.0,1.0
151,151,2870,0,1.0,55.0417522245038,f,0.0,0.0,0.0,0.0,0.9,460.0,3.03,57.0,721.0,85.25,174.0,301.0,9.4,2.0
152,152,1152,2,1.0,69.9411362080767,m,0.0,1.0,0.0,0.0,2.3,586.0,3.01,243.0,2276.0,114.7,126.0,339.0,10.9,3.0
153,153,2863,0,1.0,49.6043805612594,f,0.0,0.0,0.0,0.0,0.5,217.0,3.85,68.0,453.0,54.25,68.0,270.0,11.1,1.0
154,154,140,2,1.0,69.3771389459274,m,0.0,0.0,1.0,1.0,2.4,168.0,2.56,225.0,1056.0,120.9,75.0,108.0,14.1,3.0
155,155,2666,0,2.0,43.5564681724846,f,0.0,1.0,1.0,0.5,0.6,220.0,3.35,57.0,1620.0,153.45,80.0,311.0,11.2,4.0
156,156,853,2,2.0,59.4086242299795,f,0.0,1.0,0.0,0.0,25.5,358.0,3.52,219.0,2468.0,201.5,205.0,151.0,11.5,2.0
157,157,2835,0,2.0,48.7583846680356,f,0.0,0.0,0.0,0.0,0.6,286.0,3.42,34.0,1868.0,77.5,206.0,487.0,10.0,2.0
158,158,2475,1,1.0,36.4928131416838,f,0.0,0.0,0.0,0.0,3.4,450.0,3.37,32.0,1408.0,116.25,118.0,313.0,11.2,2.0
159,159,1536,2,2.0,45.7604380561259,m,0.0,0.0,0.0,0.0,2.5,317.0,3.46,217.0,714.0,130.2,140.0,207.0,10.1,3.0
160,160,2772,0,2.0,57.3716632443532,f,0.0,0.0,0.0,0.0,0.6,217.0,3.62,13.0,414.0,75.95,119.0,224.0,10.5,3.0
161,161,2797,0,2.0,42.7433264887064,f,0.0,0.0,0.0,0.0,2.3,502.0,3.56,4.0,964.0,120.9,180.0,269.0,9.6,2.0
162,162,186,2,2.0,58.8172484599589,f,0.0,1.0,1.0,0.0,3.2,260.0,3.19,91.0,815.0,127.1,101.0,160.0,12.0,4.0
163,163,2055,2,1.0,53.4976043805613,f,0.0,0.0,0.0,0.0,0.3,233.0,4.08,20.0,622.0,66.65,68.0,358.0,9.9,3.0
164,164,264,2,2.0,43.4140999315537,f,0.0,1.0,1.0,0.5,8.5,260.0,3.34,161.0,1428.0,181.35,118.0,88.0,13.3,4.0
165,165,1077,2,1.0,53.305954825462,m,0.0,1.0,0.0,0.0,4.0,196.0,3.45,80.0,2496.0,133.3,142.0,212.0,11.3,4.0
166,166,2721,0,2.0,41.3552361396304,f,0.0,1.0,0.0,0.0,5.7,1480.0,3.26,84.0,1960.0,457.25,108.0,213.0,9.5,2.0
167,167,1682,2,1.0,60.9582477754962,m,0.0,1.0,0.0,0.0,0.9,376.0,3.86,200.0,1015.0,83.7,154.0,238.0,10.3,4.0
168,168,2713,0,2.0,47.7535934291581,f,0.0,1.0,0.0,0.0,0.4,257.0,3.8,44.0,842.0,97.65,110.0,344.0,9.2,2.0
169,169,1212,2,2.0,35.4907597535934,f,0.0,0.0,0.0,0.0,1.3,408.0,4.22,67.0,1387.0,142.6,137.0,295.0,10.1,3.0
170,170,2692,0,1.0,48.662559890486,f,0.0,0.0,0.0,0.0,1.2,390.0,3.61,32.0,1509.0,88.35,52.0,263.0,9.0,3.0
171,171,2574,0,1.0,52.6680355920602,f,0.0,0.0,0.0,0.0,0.5,260.0,4.52,31.0,784.0,74.4,118.0,361.0,10.1,3.0
172,172,2301,0,2.0,49.8699520876112,f,0.0,0.0,1.0,0.0,1.3,205.0,3.34,65.0,1031.0,91.45,126.0,217.0,9.8,3.0
173,173,2657,0,1.0,30.2751540041068,f,0.0,1.0,1.0,0.0,3.0,236.0,3.42,76.0,1403.0,89.9,86.0,493.0,9.8,2.0
174,174,2644,0,1.0,55.5674195756331,f,0.0,0.0,0.0,0.0,0.5,260.0,3.85,63.0,663.0,79.05,118.0,311.0,9.7,1.0
175,175,2624,0,2.0,52.1533196440794,f,0.0,0.0,0.0,0.0,0.8,283.0,3.8,152.0,718.0,108.5,168.0,340.0,10.1,3.0
176,176,1492,2,1.0,41.6098562628337,f,0.0,1.0,1.0,0.0,3.2,260.0,3.56,77.0,1790.0,139.5,118.0,149.0,10.1,4.0
177,177,2609,0,2.0,55.4524298425736,f,0.0,0.0,0.0,0.0,0.9,258.0,4.01,49.0,559.0,43.4,133.0,277.0,10.4,2.0
178,178,2580,0,1.0,70.0041067761807,f,0.0,0.0,0.0,0.0,0.6,260.0,4.08,51.0,665.0,74.4,118.0,325.0,10.2,4.0
179,179,2573,0,2.0,43.9425051334702,f,0.0,1.0,0.0,0.0,1.8,396.0,3.83,39.0,2148.0,102.3,133.0,278.0,9.9,4.0
180,180,2563,0,2.0,42.5681040383299,f,0.0,0.0,0.0,0.0,4.7,478.0,4.38,44.0,1629.0,237.15,76.0,175.0,10.4,3.0
181,181,2556,0,1.0,44.5694729637235,f,0.0,1.0,1.0,0.0,1.4,248.0,3.58,63.0,554.0,75.95,106.0,79.0,10.3,4.0
182,182,2555,0,1.0,56.9445585215606,f,0.0,1.0,0.0,0.0,0.6,260.0,3.69,161.0,674.0,26.35,118.0,539.0,9.9,2.0
183,183,2241,1,2.0,40.2600958247776,f,0.0,0.0,0.0,0.0,0.5,201.0,3.73,44.0,1345.0,54.25,145.0,445.0,10.1,2.0
184,184,974,2,2.0,37.6071184120465,f,0.0,1.0,0.0,0.0,11.0,674.0,3.55,358.0,2412.0,167.4,140.0,471.0,9.8,3.0
185,185,2527,0,1.0,48.3613963039014,f,0.0,0.0,0.0,0.0,0.8,256.0,3.54,42.0,1132.0,74.4,94.0,192.0,10.5,3.0
186,186,1576,2,1.0,70.8364134154689,f,0.0,0.0,1.0,0.5,2.0,225.0,3.53,51.0,933.0,69.75,62.0,200.0,12.7,3.0
187,187,733,2,2.0,35.791923340178,f,0.0,1.0,0.0,0.0,14.0,808.0,3.43,251.0,2870.0,153.45,137.0,268.0,11.5,3.0
188,188,2332,0,1.0,62.6228610540726,f,0.0,1.0,0.0,0.0,0.7,187.0,3.48,41.0,654.0,120.9,98.0,164.0,11.0,4.0
189,189,2456,0,2.0,50.6475017111567,f,0.0,1.0,0.0,0.0,1.3,360.0,3.63,52.0,1812.0,97.65,164.0,256.0,9.9,3.0
190,190,2504,0,1.0,54.5270362765229,f,0.0,0.0,1.0,0.0,2.3,260.0,3.93,24.0,1828.0,133.3,118.0,327.0,10.2,2.0
191,191,216,2,2.0,52.6926762491444,f,1.0,1.0,1.0,0.0,24.5,1092.0,3.35,233.0,3740.0,147.25,432.0,399.0,15.2,4.0
192,192,2443,0,1.0,52.7200547570157,f,0.0,1.0,0.0,0.0,0.9,308.0,3.69,67.0,696.0,51.15,101.0,344.0,9.8,4.0
193,193,797,2,2.0,56.7720739219713,f,0.0,0.0,0.0,0.0,10.8,932.0,3.19,267.0,2184.0,161.2,157.0,382.0,10.4,4.0
194,194,2449,0,1.0,44.3969883641342,f,0.0,0.0,0.0,0.0,1.5,293.0,4.3,50.0,975.0,125.55,56.0,336.0,9.1,2.0
195,195,2330,0,1.0,29.555099247091,f,0.0,1.0,0.0,0.0,3.7,347.0,3.9,76.0,2544.0,221.65,90.0,129.0,11.5,4.0
196,196,2363,0,1.0,57.0403832991102,f,0.0,1.0,1.0,0.0,1.4,226.0,3.36,13.0,810.0,72.85,62.0,117.0,11.6,4.0
197,197,2365,0,1.0,44.6269678302532,f,0.0,0.0,0.0,0.0,0.6,266.0,3.97,25.0,1164.0,102.3,102.0,201.0,10.1,2.0
198,198,2357,0,2.0,35.7973990417522,f,0.0,0.0,1.0,0.0,0.7,286.0,2.9,38.0,1692.0,141.05,90.0,381.0,9.6,2.0
199,199,1592,0,1.0,40.7173169062286,f,0.0,0.0,0.0,0.0,2.1,392.0,3.43,52.0,1395.0,184.45,194.0,328.0,10.2,3.0
200,200,2318,0,2.0,32.2327173169062,f,0.0,0.0,1.0,0.0,4.7,236.0,3.55,112.0,1391.0,137.95,114.0,332.0,9.9,3.0
201,201,2294,0,2.0,41.0924024640657,f,0.0,1.0,0.0,0.0,0.6,235.0,3.2,26.0,1758.0,106.95,67.0,228.0,10.8,4.0
202,202,2272,0,1.0,61.6399726214921,f,0.0,0.0,0.0,0.0,0.5,223.0,3.8,15.0,1044.0,80.6,89.0,514.0,10.0,2.0
203,203,2221,0,2.0,37.056810403833,f,0.0,1.0,0.0,0.0,0.5,149.0,4.04,227.0,598.0,52.7,57.0,166.0,9.9,2.0
204,204,2090,2,2.0,62.5790554414784,f,0.0,0.0,0.0,0.0,0.7,255.0,3.74,23.0,1024.0,77.5,58.0,281.0,10.2,3.0
205,205,2081,2,1.0,48.9774127310062,f,1.0,0.0,0.0,0.0,2.5,382.0,3.55,108.0,1516.0,238.7,118.0,126.0,10.3,3.0
206,206,2255,0,1.0,61.990417522245,f,0.0,0.0,0.0,0.0,0.6,213.0,4.07,12.0,5300.0,57.35,68.0,240.0,11.0,1.0
207,207,2171,0,1.0,72.7720739219713,f,0.0,0.0,0.0,0.5,0.6,260.0,3.33,14.0,733.0,85.25,118.0,259.0,10.1,4.0
208,208,904,2,1.0,61.2950034223135,f,0.0,1.0,0.0,0.0,3.9,396.0,3.2,58.0,1440.0,153.45,131.0,156.0,10.0,4.0
209,209,2216,0,2.0,52.6242299794661,f,0.0,1.0,1.0,0.0,0.7,252.0,4.01,11.0,1210.0,72.85,58.0,309.0,9.5,2.0
210,210,2224,0,2.0,49.7631759069131,m,0.0,1.0,0.0,0.0,0.9,346.0,3.37,81.0,1098.0,122.45,90.0,298.0,10.0,2.0
211,211,2195,0,2.0,52.9144421629021,f,0.0,0.0,0.0,0.0,1.3,260.0,3.76,27.0,1282.0,100.75,118.0,114.0,10.3,3.0
212,212,2176,0,2.0,47.2635181382615,f,0.0,0.0,0.0,0.0,1.2,232.0,3.98,11.0,1074.0,100.75,99.0,223.0,9.9,3.0
213,213,2178,0,1.0,50.2039698836413,f,0.0,0.0,1.0,0.0,0.5,400.0,3.4,9.0,1134.0,96.1,55.0,356.0,10.2,3.0
214,214,1786,2,2.0,69.347022587269,f,0.0,1.0,0.0,0.0,0.9,404.0,3.43,34.0,1866.0,79.05,224.0,236.0,9.9,3.0
215,215,1080,2,2.0,41.1690622861054,f,0.0,0.0,0.0,0.0,5.9,1276.0,3.85,141.0,1204.0,203.05,157.0,216.0,10.7,3.0
216,216,2168,0,1.0,59.1649555099247,f,0.0,0.0,0.0,0.0,0.5,260.0,3.68,20.0,856.0,55.8,118.0,146.0,10.4,3.0
217,217,790,2,2.0,36.0793976728268,f,0.0,1.0,0.0,0.0,11.4,608.0,3.31,65.0,1790.0,151.9,210.0,298.0,10.8,4.0
218,218,2170,0,1.0,34.5954825462012,f,0.0,0.0,0.0,0.0,0.5,260.0,3.89,29.0,897.0,66.65,118.0,423.0,10.1,1.0
219,219,2157,0,2.0,42.7132101300479,f,0.0,0.0,0.0,0.0,1.6,215.0,4.17,67.0,936.0,134.85,85.0,176.0,9.6,3.0
220,220,1235,2,1.0,63.6303901437372,f,0.0,0.0,1.0,0.0,3.8,426.0,3.22,96.0,2716.0,210.8,113.0,228.0,10.6,2.0
221,221,2050,0,2.0,56.6297056810404,f,0.0,1.0,0.0,0.0,0.9,360.0,3.65,72.0,3186.0,94.55,154.0,269.0,9.7,4.0
222,222,597,2,2.0,46.2642026009582,f,0.0,1.0,0.0,0.0,4.5,372.0,3.38,227.0,2310.0,167.4,135.0,240.0,12.4,3.0
223,223,334,2,1.0,61.242984257358,f,1.0,1.0,0.0,1.0,14.1,448.0,2.43,123.0,1833.0,134.0,155.0,210.0,11.0,4.0
224,224,1945,0,1.0,38.6201232032854,f,0.0,0.0,0.0,0.0,1.0,309.0,3.66,67.0,1214.0,158.1,101.0,309.0,9.7,3.0
225,225,2022,0,1.0,38.7707049965777,f,0.0,0.0,0.0,0.0,0.7,274.0,3.66,108.0,1065.0,88.35,135.0,251.0,10.1,2.0
226,226,1978,0,2.0,56.6954140999316,f,0.0,1.0,0.0,0.0,0.5,223.0,3.7,39.0,884.0,75.95,104.0,231.0,9.6,3.0
227,227,999,2,1.0,58.9514031485284,m,0.0,0.0,0.0,0.0,2.3,316.0,3.35,172.0,1601.0,179.8,63.0,394.0,9.7,2.0
228,228,1967,0,2.0,36.9226557152635,f,0.0,0.0,0.0,0.0,0.7,215.0,3.35,41.0,645.0,93.0,74.0,165.0,9.6,3.0
229,229,348,2,1.0,62.4147843942505,f,1.0,1.0,0.0,0.5,4.5,191.0,3.05,200.0,1020.0,175.15,118.0,139.0,11.4,4.0
230,230,1979,0,2.0,34.6091718001369,f,0.0,1.0,1.0,0.0,3.3,302.0,3.41,51.0,310.0,83.7,44.0,95.0,11.5,4.0
231,231,1165,2,2.0,58.3353867214237,f,0.0,1.0,1.0,0.0,3.4,518.0,1.96,115.0,2250.0,203.05,90.0,190.0,10.7,4.0
232,232,1951,0,1.0,50.1820670773443,f,0.0,1.0,0.0,0.0,0.4,267.0,3.02,47.0,1001.0,133.3,87.0,265.0,10.6,3.0
233,233,1932,0,1.0,42.6858316221766,f,0.0,1.0,1.0,0.0,0.9,514.0,3.06,412.0,2622.0,105.4,87.0,284.0,9.8,4.0
234,234,1776,0,2.0,34.3791923340178,f,0.0,0.0,0.0,0.0,0.9,578.0,3.35,78.0,976.0,116.25,177.0,322.0,11.2,2.0
235,235,1882,0,2.0,33.1827515400411,f,0.0,1.0,0.0,0.0,13.0,1336.0,4.16,71.0,3510.0,209.25,111.0,338.0,11.9,3.0
236,236,1908,0,1.0,38.3819301848049,f,0.0,1.0,1.0,0.0,1.5,253.0,3.79,67.0,1006.0,139.5,106.0,341.0,9.7,3.0
237,237,1882,0,1.0,59.7618069815195,f,0.0,1.0,0.0,0.0,1.6,442.0,2.95,105.0,820.0,85.25,108.0,181.0,10.1,3.0
238,238,1874,0,2.0,66.4120465434634,f,0.0,0.0,0.0,0.5,0.6,280.0,3.35,52.0,1093.0,128.65,81.0,295.0,9.8,2.0
239,239,694,2,1.0,46.7898699520876,f,0.0,1.0,1.0,0.0,0.8,300.0,2.94,231.0,1794.0,130.2,99.0,319.0,11.2,4.0
240,240,1831,0,1.0,56.0793976728268,f,0.0,0.0,0.0,0.0,0.4,232.0,3.72,24.0,369.0,51.15,139.0,326.0,10.1,3.0
241,241,837,1,2.0,41.3744010951403,f,0.0,1.0,1.0,0.0,4.4,316.0,3.62,308.0,1119.0,114.7,322.0,282.0,9.8,4.0
242,242,1810,0,1.0,64.5722108145106,f,0.0,1.0,0.0,0.0,1.9,354.0,2.97,86.0,1553.0,196.85,152.0,277.0,9.9,3.0
243,243,930,2,2.0,67.4880219028063,f,0.0,1.0,0.0,0.0,8.0,468.0,2.81,139.0,2009.0,198.4,139.0,233.0,10.0,4.0
244,244,1690,2,1.0,44.829568788501,f,0.0,0.0,1.0,0.0,3.9,350.0,3.22,121.0,1268.0,272.8,231.0,270.0,9.6,3.0
245,245,1790,0,2.0,45.7713894592745,f,0.0,1.0,0.0,0.0,0.6,273.0,3.65,48.0,794.0,52.7,214.0,305.0,9.6,3.0
246,246,1435,1,1.0,32.9500342231348,f,0.0,1.0,0.0,0.0,2.1,387.0,3.77,63.0,1613.0,150.35,33.0,185.0,10.1,4.0
247,247,732,1,1.0,41.2210814510609,f,0.0,1.0,0.0,0.0,6.1,1712.0,2.83,89.0,3681.0,158.1,139.0,297.0,10.0,3.0
248,248,1785,0,2.0,55.4168377823409,f,0.0,1.0,0.0,0.0,0.8,324.0,3.51,39.0,1237.0,66.65,146.0,371.0,10.0,3.0
249,249,1783,0,1.0,47.9808350444901,f,0.0,0.0,1.0,0.0,1.3,242.0,3.2,35.0,1556.0,175.15,71.0,195.0,10.6,4.0
250,250,1769,0,2.0,40.7912388774812,f,0.0,1.0,0.0,0.0,0.6,299.0,3.36,23.0,2769.0,220.1,85.0,303.0,10.9,4.0
251,251,1457,0,1.0,56.974674880219,f,0.0,0.0,0.0,0.0,0.5,227.0,3.61,40.0,676.0,83.0,120.0,249.0,9.9,2.0
252,252,1770,0,1.0,68.4626967830253,f,0.0,1.0,1.0,0.0,1.1,246.0,3.35,116.0,924.0,113.15,90.0,317.0,10.0,4.0
253,253,1765,0,1.0,78.4394250513347,m,1.0,1.0,1.0,0.0,7.1,243.0,3.03,380.0,983.0,158.1,154.0,97.0,11.2,4.0
254,254,737,1,1.0,39.8576317590691,f,0.0,1.0,1.0,0.0,3.1,227.0,3.75,121.0,1136.0,110.0,91.0,264.0,10.0,3.0
255,255,1735,0,2.0,35.3100616016427,f,0.0,1.0,1.0,0.0,0.7,193.0,3.85,35.0,466.0,53.0,118.0,156.0,10.3,3.0
256,256,1701,0,1.0,31.4442162902122,f,0.0,0.0,0.0,0.0,1.1,336.0,3.74,48.0,823.0,84.0,108.0,242.0,9.7,3.0
257,257,1614,0,1.0,58.2642026009582,f,0.0,0.0,0.0,0.0,0.5,280.0,4.23,36.0,377.0,56.0,146.0,227.0,10.6,2.0
258,258,1702,0,1.0,51.4880219028063,f,0.0,0.0,0.0,0.0,1.1,414.0,3.44,80.0,1003.0,99.0,55.0,271.0,9.6,1.0
259,259,1615,0,2.0,59.9698836413415,f,0.0,1.0,0.0,0.0,3.1,277.0,2.97,42.0,1110.0,125.0,126.0,221.0,9.8,3.0
260,260,1656,0,2.0,74.5242984257358,m,0.0,1.0,0.0,0.0,5.6,232.0,3.59,188.0,1120.0,98.0,128.0,248.0,10.9,4.0
261,261,1677,0,2.0,52.3641341546886,f,0.0,1.0,1.0,0.0,3.2,375.0,3.14,129.0,857.0,89.0,118.0,375.0,9.5,3.0
262,262,1666,0,2.0,42.7871321013005,f,0.0,1.0,0.0,0.0,2.8,322.0,3.06,65.0,2562.0,91.0,209.0,231.0,9.5,3.0
263,263,1301,1,2.0,34.8747433264887,f,0.0,1.0,1.0,0.5,1.1,432.0,3.57,45.0,1406.0,190.0,77.0,248.0,11.4,4.0
264,264,1542,1,2.0,44.1396303901437,f,0.0,1.0,1.0,0.0,3.4,356.0,3.12,188.0,1911.0,92.0,130.0,318.0,11.2,3.0
265,265,1084,1,2.0,46.3819301848049,f,0.0,1.0,0.0,0.0,3.5,348.0,3.2,121.0,938.0,120.0,146.0,296.0,10.0,4.0
266,266,1614,0,1.0,56.3093771389459,f,0.0,0.0,0.0,0.0,0.5,318.0,3.32,52.0,613.0,70.0,260.0,279.0,10.2,3.0
267,267,179,2,1.0,70.9075975359343,f,1.0,1.0,1.0,1.0,6.6,222.0,2.33,138.0,620.0,106.0,91.0,195.0,12.1,4.0
268,268,1191,2,1.0,55.3949349760438,f,1.0,1.0,0.0,0.5,6.4,344.0,2.75,16.0,834.0,82.0,179.0,149.0,11.0,4.0
269,269,1363,0,2.0,45.0841889117043,f,0.0,0.0,0.0,0.0,3.6,374.0,3.5,143.0,1428.0,188.0,44.0,151.0,10.1,2.0
270,270,1568,0,1.0,26.2778918548939,f,0.0,1.0,1.0,0.0,1.0,448.0,3.74,102.0,1128.0,71.0,117.0,228.0,10.2,3.0
271,271,1569,0,2.0,50.4722792607803,f,0.0,1.0,0.0,0.0,1.0,321.0,3.5,94.0,955.0,111.0,177.0,289.0,9.7,3.0
272,272,1525,0,1.0,38.3983572895277,f,0.0,0.0,0.0,0.0,0.5,226.0,2.93,22.0,674.0,58.0,85.0,153.0,9.8,1.0
273,273,1558,0,2.0,47.419575633128,f,0.0,0.0,1.0,0.0,2.2,328.0,3.46,75.0,1677.0,87.0,116.0,202.0,9.6,3.0
274,274,1447,1,1.0,47.9808350444901,f,0.0,0.0,0.0,0.0,1.6,260.0,3.07,136.0,1995.0,128.0,118.0,372.0,9.6,4.0
275,275,1349,0,1.0,38.3162217659138,f,0.0,0.0,0.0,0.0,2.2,572.0,3.77,77.0,2520.0,92.0,114.0,309.0,9.5,4.0
276,276,1481,0,1.0,50.1081451060917,f,0.0,0.0,0.0,0.0,1.0,219.0,3.85,67.0,640.0,145.0,108.0,95.0,10.7,2.0
277,277,1434,0,2.0,35.088295687885,f,0.0,0.0,0.0,0.5,1.0,317.0,3.56,44.0,1636.0,84.0,111.0,394.0,9.8,3.0
278,278,1420,0,2.0,32.5037645448323,f,0.0,0.0,0.0,0.0,5.6,338.0,3.7,130.0,2139.0,185.0,193.0,215.0,9.9,4.0
279,279,1433,0,2.0,56.1533196440794,f,0.0,0.0,0.0,0.0,0.5,198.0,3.77,38.0,911.0,57.0,56.0,280.0,9.8,2.0
280,280,1412,0,1.0,46.154688569473,f,0.0,0.0,0.0,0.0,1.6,325.0,3.69,69.0,2583.0,142.0,140.0,284.0,9.6,3.0
281,281,41,2,1.0,65.8836413415469,f,1.0,0.0,0.0,1.0,17.9,175.0,2.1,220.0,705.0,338.0,229.0,62.0,12.9,4.0
282,282,1455,0,2.0,33.9438740588638,f,0.0,1.0,0.0,0.0,1.3,304.0,3.52,97.0,1622.0,71.0,169.0,255.0,9.5,4.0
283,283,1030,0,2.0,62.861054072553,f,0.0,0.0,0.0,0.0,1.1,412.0,3.99,103.0,1293.0,91.0,113.0,422.0,9.6,4.0
284,284,1418,0,2.0,48.5639972621492,f,0.0,0.0,0.0,0.0,1.3,291.0,3.44,75.0,1082.0,85.0,195.0,251.0,9.5,3.0
285,285,1401,0,1.0,46.3490759753593,f,0.0,0.0,0.0,0.0,0.8,253.0,3.48,65.0,688.0,57.0,80.0,252.0,10.0,1.0
286,286,1408,0,1.0,38.8528405201916,f,0.0,1.0,1.0,0.0,2.0,310.0,3.36,70.0,1257.0,122.0,118.0,143.0,9.8,3.0
287,287,1234,0,1.0,58.6475017111567,f,0.0,0.0,1.0,0.0,6.4,373.0,3.46,155.0,1768.0,120.0,151.0,258.0,10.1,4.0
288,288,1067,1,2.0,48.9363449691992,f,0.0,1.0,0.0,0.5,8.7,310.0,3.89,107.0,637.0,117.0,242.0,298.0,9.6,2.0
289,289,799,2,1.0,67.5728952772074,m,0.0,1.0,0.0,0.5,4.0,416.0,3.99,177.0,960.0,86.0,242.0,269.0,9.8,2.0
290,290,1363,0,1.0,65.9849418206708,f,0.0,0.0,0.0,0.0,1.4,294.0,3.57,33.0,722.0,93.0,69.0,283.0,9.8,3.0
291,291,901,1,1.0,40.9007529089665,f,0.0,0.0,0.0,0.0,3.2,339.0,3.18,123.0,3336.0,205.0,84.0,304.0,9.9,4.0
292,292,1329,0,2.0,50.2450376454483,m,0.0,1.0,0.0,0.0,8.6,546.0,3.73,84.0,1070.0,127.0,153.0,291.0,11.2,3.0
293,293,1320,0,2.0,57.1964407939767,f,0.0,1.0,1.0,1.0,8.5,194.0,2.98,196.0,815.0,163.0,78.0,122.0,12.3,4.0
294,294,1302,0,1.0,60.5366187542779,m,0.0,1.0,0.0,0.0,6.6,1000.0,3.07,88.0,3150.0,193.0,133.0,299.0,10.9,4.0
295,295,877,1,1.0,35.3511293634497,m,0.0,0.0,0.0,0.0,2.4,646.0,3.83,102.0,855.0,127.0,194.0,306.0,10.3,3.0
296,296,1321,0,2.0,31.3812457221081,f,0.0,0.0,0.0,0.0,0.8,328.0,3.31,62.0,1105.0,137.0,95.0,293.0,10.9,4.0
297,297,533,1,1.0,55.9863107460643,m,0.0,1.0,0.0,0.0,1.2,275.0,3.43,100.0,1142.0,75.0,91.0,217.0,11.3,4.0
298,298,1300,0,2.0,52.72553045859,f,0.0,1.0,0.0,0.0,1.1,340.0,3.37,73.0,289.0,97.0,93.0,243.0,10.2,3.0
299,299,1293,0,1.0,38.0917180013689,f,0.0,0.0,0.0,0.0,2.4,342.0,3.76,90.0,1653.0,150.0,127.0,213.0,10.8,3.0
300,300,207,2,2.0,58.1711156741958,f,0.0,1.0,0.0,0.0,5.2,260.0,2.23,234.0,601.0,135.0,118.0,206.0,12.3,4.0
301,301,1295,0,2.0,45.2101300479124,f,0.0,0.0,0.0,0.0,1.0,393.0,3.57,50.0,1307.0,74.0,103.0,295.0,10.5,4.0
302,302,1271,0,1.0,37.7987679671458,f,0.0,0.0,0.0,0.0,0.7,335.0,3.95,43.0,657.0,52.0,104.0,268.0,10.6,2.0
303,303,1250,0,2.0,60.6598220396988,f,0.0,1.0,1.0,0.0,1.0,372.0,3.25,108.0,1190.0,140.0,55.0,248.0,10.6,4.0
304,304,1230,0,1.0,35.5345653661875,f,0.0,0.0,0.0,0.0,0.5,219.0,3.93,22.0,663.0,45.0,75.0,246.0,10.8,3.0
305,305,1216,0,2.0,43.066392881588,f,0.0,1.0,1.0,0.0,2.9,426.0,3.61,73.0,5184.0,288.0,144.0,275.0,10.6,3.0
306,306,1216,0,2.0,56.3915126625599,f,0.0,1.0,0.0,0.0,0.6,239.0,3.45,31.0,1072.0,55.0,64.0,227.0,10.7,2.0
307,307,1149,0,2.0,30.5735797399042,f,0.0,0.0,0.0,0.0,0.8,273.0,3.56,52.0,1282.0,130.0,59.0,344.0,10.5,2.0
308,308,1153,0,1.0,61.1827515400411,f,0.0,1.0,0.0,0.0,0.4,246.0,3.58,24.0,797.0,91.0,113.0,288.0,10.4,2.0
309,309,994,0,2.0,58.299794661191,f,0.0,0.0,0.0,0.0,0.4,260.0,2.75,41.0,1166.0,70.0,82.0,231.0,10.8,2.0
310,310,939,0,1.0,62.3326488706366,f,0.0,0.0,0.0,0.0,1.7,434.0,3.35,39.0,1713.0,171.0,100.0,234.0,10.2,2.0
311,311,839,0,1.0,37.9986310746064,f,0.0,0.0,0.0,0.0,2.0,247.0,3.16,69.0,1050.0,117.0,88.0,335.0,10.5,2.0
312,312,788,0,2.0,33.1526351813826,f,0.0,0.0,1.0,0.0,6.4,576.0,3.79,186.0,2115.0,136.0,149.0,200.0,10.8,2.0
313,313,4062,0,1.0,60.0,f,0.0,1.0,0.0,0.0,0.7,260.0,3.65,52.0,559.0,71.3,118.0,378.0,11.0,3.0
314,314,3561,2,1.0,64.9993155373032,f,0.0,1.0,0.0,0.5,1.4,260.0,3.04,52.0,559.0,71.3,118.0,331.0,12.1,4.0
315,315,2844,0,1.0,54.0013689253936,f,0.0,1.0,0.0,0.0,0.7,260.0,4.03,52.0,559.0,71.3,118.0,226.0,9.8,4.0
316,316,2071,2,1.0,75.0006844626968,f,0.0,1.0,0.0,0.5,0.7,260.0,3.96,52.0,559.0,71.3,118.0,344.0,11.3,4.0
317,317,3030,0,1.0,62.0013689253936,f,0.0,1.0,0.0,0.0,0.8,260.0,2.48,52.0,559.0,71.3,118.0,273.0,10.0,3.0
318,318,1680,0,1.0,43.0006844626968,f,0.0,1.0,0.0,0.0,0.7,260.0,3.68,52.0,559.0,71.3,118.0,306.0,9.5,2.0
319,319,41,2,1.0,46.0013689253936,f,0.0,1.0,0.0,0.0,5.0,260.0,2.93,52.0,559.0,71.3,118.0,260.0,10.4,3.0
320,320,2403,0,1.0,44.0,f,0.0,1.0,0.0,0.5,0.4,260.0,3.81,52.0,559.0,71.3,118.0,226.0,10.5,3.0
321,321,1170,0,1.0,60.9993155373032,m,0.0,1.0,0.0,0.5,1.3,260.0,3.41,52.0,559.0,71.3,118.0,259.0,10.9,4.0
322,322,2011,2,1.0,64.0,f,0.0,1.0,0.0,0.0,1.1,260.0,3.69,52.0,559.0,71.3,118.0,139.0,10.5,3.0
323,323,3523,0,1.0,40.0,f,0.0,1.0,0.0,0.0,0.6,260.0,4.04,52.0,559.0,71.3,118.0,130.0,11.2,2.0
324,324,3468,0,1.0,63.0006844626968,f,0.0,1.0,0.0,0.0,0.6,260.0,3.94,52.0,559.0,71.3,118.0,234.0,11.5,2.0
325,325,4795,0,1.0,34.0013689253936,f,0.0,1.0,0.0,0.0,1.8,260.0,3.24,52.0,559.0,71.3,118.0,344.0,18.0,2.0
326,326,1236,0,1.0,52.0,f,0.0,1.0,0.0,0.0,1.5,260.0,3.42,52.0,559.0,71.3,118.0,246.0,10.3,3.0
327,327,4214,0,1.0,48.9993155373032,f,0.0,1.0,0.0,0.0,1.2,260.0,3.99,52.0,559.0,71.3,118.0,344.0,11.2,2.0
328,328,2111,2,1.0,54.0013689253936,f,0.0,1.0,0.0,0.0,1.0,260.0,3.6,52.0,559.0,71.3,118.0,344.0,12.1,2.0
329,329,1462,2,1.0,63.0006844626968,f,0.0,1.0,0.0,0.0,0.7,260.0,3.4,52.0,559.0,71.3,118.0,371.0,10.1,4.0
330,330,1746,2,1.0,54.0013689253936,m,0.0,1.0,0.0,0.0,3.5,260.0,3.63,52.0,559.0,71.3,118.0,325.0,10.3,2.0
331,331,94,2,1.0,46.0013689253936,f,0.0,1.0,0.0,0.5,3.1,260.0,3.56,52.0,559.0,71.3,118.0,142.0,13.6,4.0
332,332,785,2,1.0,52.9993155373032,f,0.0,1.0,0.0,0.0,12.6,260.0,2.87,52.0,559.0,71.3,118.0,114.0,11.8,4.0
333,333,1518,2,1.0,56.0,f,0.0,1.0,0.0,0.0,2.8,260.0,3.92,52.0,559.0,71.3,118.0,344.0,10.6,4.0
334,334,466,2,1.0,56.0,f,0.0,1.0,0.0,0.0,7.1,260.0,3.51,52.0,559.0,71.3,118.0,721.0,11.8,3.0
335,335,3527,0,1.0,55.0006844626968,f,0.0,1.0,0.0,0.0,0.6,260.0,4.15,52.0,559.0,71.3,118.0,280.0,10.1,2.0
336,336,2635,0,1.0,64.9993155373032,f,0.0,1.0,0.0,0.0,2.1,260.0,3.34,52.0,559.0,71.3,118.0,155.0,10.1,4.0
337,337,2286,2,1.0,56.0,f,0.0,1.0,0.0,0.0,1.8,260.0,3.64,52.0,559.0,71.3,118.0,141.0,10.0,3.0
338,338,791,2,1.0,47.0006844626968,f,0.0,1.0,0.0,0.0,16.0,260.0,3.42,52.0,559.0,71.3,118.0,475.0,13.8,2.0
339,339,3492,0,1.0,60.0,f,0.0,1.0,0.0,0.0,0.6,260.0,4.38,52.0,559.0,71.3,118.0,269.0,10.6,2.0
340,340,3495,0,1.0,52.9993155373032,f,0.0,1.0,0.0,0.0,5.4,260.0,4.19,52.0,559.0,71.3,118.0,141.0,11.2,2.0
341,341,111,2,1.0,54.0013689253936,f,0.0,1.0,0.0,0.0,9.0,260.0,3.29,52.0,559.0,71.3,118.0,286.0,13.1,4.0
342,342,3231,0,1.0,50.0013689253936,f,0.0,1.0,0.0,0.0,0.9,260.0,4.01,52.0,559.0,71.3,118.0,244.0,10.5,3.0
343,343,625,2,1.0,48.0,f,0.0,1.0,0.0,0.0,11.1,260.0,2.84,52.0,559.0,71.3,118.0,344.0,12.2,2.0
344,344,3157,0,1.0,36.0,f,0.0,1.0,0.0,0.0,8.9,260.0,3.76,52.0,559.0,71.3,118.0,209.0,10.6,3.0
345,345,3021,1,1.0,48.0,f,0.0,1.0,0.0,0.0,0.5,260.0,3.76,52.0,559.0,71.3,118.0,388.0,10.1,2.0
346,346,559,2,1.0,70.0013689253936,f,0.0,1.0,0.0,0.5,0.6,260.0,3.81,52.0,559.0,71.3,118.0,160.0,11.0,4.0
347,347,2812,2,1.0,51.0006844626968,f,0.0,1.0,0.0,0.0,3.4,260.0,3.92,52.0,559.0,71.3,118.0,344.0,9.3,2.0
348,348,2834,0,1.0,52.0,m,0.0,1.0,0.0,0.0,0.9,260.0,3.14,52.0,559.0,71.3,118.0,191.0,12.3,2.0
349,349,2855,0,1.0,54.0013689253936,f,0.0,1.0,0.0,0.0,1.4,260.0,3.82,52.0,559.0,71.3,118.0,249.0,10.3,2.0
350,350,662,2,1.0,48.0,f,0.0,1.0,0.0,0.0,2.1,260.0,4.1,52.0,559.0,71.3,118.0,200.0,9.0,3.0
351,351,727,2,1.0,66.0013689253936,f,0.0,1.0,0.0,0.0,15.0,260.0,3.4,52.0,559.0,71.3,118.0,150.0,11.1,4.0
352,352,2716,0,1.0,52.9993155373032,f,0.0,1.0,0.0,0.0,0.6,260.0,4.19,52.0,559.0,71.3,118.0,330.0,9.9,1.0
353,353,2698,0,1.0,62.0013689253936,f,0.0,1.0,0.0,0.0,1.3,260.0,3.4,52.0,559.0,71.3,118.0,167.0,10.6,4.0
354,354,990,2,1.0,59.0006844626968,f,0.0,1.0,0.0,0.0,1.3,260.0,3.12,52.0,559.0,71.3,118.0,125.0,9.6,2.0
355,355,2338,0,1.0,39.0006844626968,f,0.0,1.0,0.0,0.0,1.6,260.0,3.75,52.0,559.0,71.3,118.0,145.0,10.4,3.0
356,356,1616,2,1.0,67.0006844626968,f,0.0,1.0,0.0,0.5,2.2,260.0,3.26,52.0,559.0,71.3,118.0,171.0,11.1,4.0
357,357,2563,0,1.0,58.0013689253936,f,0.0,1.0,0.0,0.0,3.0,260.0,3.46,52.0,559.0,71.3,118.0,109.0,10.4,4.0
358,358,2537,0,1.0,64.0,f,0.0,1.0,0.0,0.0,0.8,260.0,3.49,52.0,559.0,71.3,118.0,314.0,10.3,3.0
359,359,2534,0,1.0,46.0013689253936,f,0.0,1.0,0.0,0.0,0.8,260.0,2.89,52.0,559.0,71.3,118.0,419.0,10.6,1.0
360,360,778,2,1.0,64.0,f,0.0,1.0,0.0,0.0,1.8,260.0,3.15,52.0,559.0,71.3,118.0,183.0,10.4,4.0
361,361,617,1,1.0,40.9993155373032,f,0.0,1.0,0.0,0.0,5.5,260.0,2.31,52.0,559.0,71.3,118.0,517.0,10.4,4.0
362,362,2267,1,1.0,48.9993155373032,f,0.0,1.0,0.0,0.0,18.0,260.0,3.04,52.0,559.0,71.3,118.0,432.0,9.7,2.0
363,363,2249,0,1.0,44.0,f,0.0,1.0,0.0,0.0,0.6,260.0,3.5,52.0,559.0,71.3,118.0,150.0,9.9,3.0
364,364,359,2,1.0,59.0006844626968,f,0.0,1.0,0.0,0.0,2.7,260.0,3.35,52.0,559.0,71.3,118.0,142.0,11.5,4.0
365,365,1925,0,1.0,63.0006844626968,f,0.0,1.0,0.0,0.0,0.9,260.0,3.58,52.0,559.0,71.3,118.0,224.0,10.0,3.0
366,366,249,2,1.0,60.9993155373032,f,0.0,1.0,0.0,0.0,1.3,260.0,3.01,52.0,559.0,71.3,118.0,223.0,10.7,3.0
367,367,2202,0,1.0,64.0,f,0.0,1.0,0.0,0.0,1.1,260.0,3.49,52.0,559.0,71.3,118.0,166.0,9.8,3.0
368,368,43,2,1.0,48.9993155373032,f,0.0,1.0,0.0,0.0,13.8,260.0,2.77,52.0,559.0,71.3,118.0,388.0,10.6,4.0
369,369,1197,2,1.0,42.0013689253936,f,0.0,1.0,0.0,0.0,4.4,260.0,4.52,52.0,559.0,71.3,118.0,102.0,10.8,4.0
370,370,1095,2,1.0,50.0013689253936,f,0.0,1.0,0.0,0.0,16.0,260.0,3.36,52.0,559.0,71.3,118.0,384.0,10.0,3.0
371,371,489,2,1.0,51.0006844626968,f,0.0,1.0,0.0,0.5,7.3,260.0,3.52,52.0,559.0,71.3,118.0,265.0,11.1,1.0
372,372,2149,0,1.0,36.9993155373032,f,0.0,1.0,0.0,0.0,0.6,260.0,3.55,52.0,559.0,71.3,118.0,248.0,10.3,2.0
373,373,2103,0,1.0,62.0013689253936,f,0.0,1.0,0.0,0.0,0.7,260.0,3.29,52.0,559.0,71.3,118.0,190.0,9.8,2.0
374,374,1980,0,1.0,51.0006844626968,f,0.0,1.0,0.0,0.0,0.7,260.0,3.1,52.0,559.0,71.3,118.0,274.0,10.6,3.0
375,375,1347,1,1.0,52.0,f,0.0,1.0,0.0,0.0,1.7,260.0,3.24,52.0,559.0,71.3,118.0,231.0,10.5,3.0
376,376,1478,2,1.0,44.0,m,0.0,1.0,0.0,0.0,9.5,260.0,3.63,52.0,559.0,71.3,118.0,292.0,10.2,3.0
377,377,1987,0,1.0,32.9993155373032,f,0.0,1.0,0.0,0.0,2.2,260.0,3.76,52.0,559.0,71.3,118.0,253.0,9.9,3.0
378,378,1168,2,1.0,60.0,f,0.0,1.0,0.0,0.5,1.8,260.0,3.62,52.0,559.0,71.3,118.0,225.0,9.9,2.0
379,379,597,2,1.0,63.0006844626968,f,0.0,1.0,0.0,0.5,3.3,260.0,2.73,52.0,559.0,71.3,118.0,224.0,11.1,4.0
380,380,1725,1,1.0,32.9993155373032,f,0.0,1.0,0.0,0.0,2.9,260.0,4.08,52.0,559.0,71.3,118.0,418.0,10.5,3.0
381,381,1899,0,1.0,40.9993155373032,m,0.0,1.0,0.0,0.0,1.7,260.0,3.66,52.0,559.0,71.3,118.0,92.0,11.0,4.0
382,382,221,2,1.0,51.0006844626968,f,0.0,1.0,0.0,0.0,14.0,260.0,2.58,52.0,559.0,71.3,118.0,190.0,11.6,4.0
383,383,1022,1,1.0,36.9993155373032,f,0.0,1.0,0.0,0.5,0.8,260.0,3.0,52.0,559.0,71.3,118.0,76.0,10.8,4.0
384,384,1639,0,1.0,59.0006844626968,f,0.0,1.0,0.0,0.0,1.3,260.0,3.4,52.0,559.0,71.3,118.0,243.0,9.7,1.0
385,385,1635,0,1.0,55.0006844626968,f,0.0,1.0,0.0,0.0,0.7,260.0,2.93,52.0,559.0,71.3,118.0,209.0,10.6,3.0
386,386,1654,0,1.0,54.0013689253936,m,0.0,1.0,0.0,0.0,1.7,260.0,2.38,52.0,559.0,71.3,118.0,166.0,9.8,3.0
387,387,1653,0,1.0,48.9993155373032,f,0.0,1.0,0.0,0.5,13.6,260.0,3.0,52.0,559.0,71.3,118.0,233.0,9.9,3.0
388,388,1560,0,1.0,40.0,f,0.0,1.0,0.0,0.0,0.9,260.0,3.5,52.0,559.0,71.3,118.0,117.0,10.9,4.0
389,389,1581,0,1.0,67.0006844626968,f,0.0,1.0,0.0,0.0,0.7,260.0,3.06,52.0,559.0,71.3,118.0,165.0,10.0,4.0
390,390,1419,0,1.0,68.0,m,0.0,1.0,0.0,0.0,3.0,260.0,3.15,52.0,559.0,71.3,118.0,139.0,10.0,3.0
391,391,1443,0,1.0,40.9993155373032,f,0.0,1.0,0.0,0.0,1.2,260.0,2.8,52.0,559.0,71.3,118.0,120.0,11.0,2.0
392,392,1368,0,1.0,68.9993155373032,f,0.0,1.0,0.0,0.0,0.4,260.0,3.03,52.0,559.0,71.3,118.0,173.0,10.9,3.0
393,393,193,2,1.0,52.0,f,0.0,1.0,0.0,0.5,0.7,260.0,2.96,52.0,559.0,71.3,118.0,319.0,9.9,4.0
394,394,1367,0,1.0,56.9993155373032,f,0.0,1.0,0.0,0.5,2.0,260.0,3.07,52.0,559.0,71.3,118.0,80.0,12.1,4.0
395,395,1329,0,1.0,36.0,f,0.0,1.0,0.0,0.0,1.4,260.0,3.98,52.0,559.0,71.3,118.0,402.0,11.0,1.0
396,396,1343,0,1.0,50.0013689253936,f,0.0,1.0,0.0,0.0,1.6,260.0,3.48,52.0,559.0,71.3,118.0,277.0,10.2,2.0
397,397,1328,0,1.0,64.0,f,0.0,1.0,0.0,0.0,0.5,260.0,3.65,52.0,559.0,71.3,118.0,425.0,10.2,4.0
398,398,1375,0,1.0,62.0013689253936,f,0.0,1.0,0.0,0.0,7.3,260.0,3.49,52.0,559.0,71.3,118.0,189.0,10.9,4.0
399,399,1260,0,1.0,42.0013689253936,f,0.0,1.0,0.0,0.0,8.1,260.0,2.82,52.0,559.0,71.3,118.0,193.0,10.4,2.0
400,400,1223,0,1.0,44.0,f,0.0,1.0,0.0,0.0,0.5,260.0,3.34,52.0,559.0,71.3,118.0,258.0,10.6,2.0
401,401,935,2,1.0,68.9993155373032,f,0.0,1.0,0.0,0.0,4.2,260.0,3.19,52.0,559.0,71.3,118.0,120.0,11.1,4.0
402,402,943,0,1.0,52.0,f,0.0,1.0,0.0,0.0,0.8,260.0,3.01,52.0,559.0,71.3,118.0,256.0,10.6,3.0
403,403,1141,0,1.0,66.0013689253936,f,0.0,1.0,0.0,0.0,2.5,260.0,3.33,52.0,559.0,71.3,118.0,256.0,10.8,4.0
404,404,1092,0,1.0,40.0,f,0.0,1.0,0.0,0.0,4.6,260.0,3.6,52.0,559.0,71.3,118.0,337.0,10.4,3.0
405,405,1150,0,1.0,52.0,f,0.0,1.0,0.0,0.0,1.0,260.0,3.64,52.0,559.0,71.3,118.0,340.0,10.6,3.0
406,406,703,2,1.0,46.0013689253936,f,0.0,1.0,0.0,0.0,4.5,260.0,2.68,52.0,559.0,71.3,118.0,219.0,11.5,4.0
407,407,1129,0,1.0,54.0013689253936,m,0.0,1.0,0.0,0.0,1.1,260.0,3.69,52.0,559.0,71.3,118.0,220.0,10.8,3.0
408,408,1086,0,1.0,51.0006844626968,f,0.0,1.0,0.0,0.5,1.9,260.0,3.17,52.0,559.0,71.3,118.0,162.0,10.7,3.0
409,409,1067,0,1.0,43.0006844626968,f,0.0,1.0,0.0,0.0,0.7,260.0,3.73,52.0,559.0,71.3,118.0,214.0,10.8,3.0
410,410,1072,0,1.0,39.0006844626968,f,0.0,1.0,0.0,0.0,1.5,260.0,3.81,52.0,559.0,71.3,118.0,255.0,10.8,3.0
411,411,1119,0,1.0,51.0006844626968,f,0.0,1.0,0.0,0.0,0.6,260.0,3.57,52.0,559.0,71.3,118.0,286.0,10.6,3.0
412,412,1097,0,1.0,67.0006844626968,f,0.0,1.0,0.0,0.0,1.0,260.0,3.58,52.0,559.0,71.3,118.0,244.0,10.8,3.0
413,413,989,0,1.0,35.0006844626968,f,0.0,1.0,0.0,0.0,0.7,260.0,3.23,52.0,559.0,71.3,118.0,312.0,10.8,3.0
414,414,681,2,1.0,67.0006844626968,f,0.0,1.0,0.0,0.0,1.2,260.0,2.96,52.0,559.0,71.3,118.0,174.0,10.9,3.0
415,415,1103,0,1.0,39.0006844626968,f,0.0,1.0,0.0,0.0,0.9,260.0,3.83,52.0,559.0,71.3,118.0,180.0,11.2,4.0
416,416,1055,0,1.0,56.9993155373032,f,0.0,1.0,0.0,0.0,1.6,260.0,3.42,52.0,559.0,71.3,118.0,143.0,9.9,3.0
417,417,691,0,1.0,58.0013689253936,f,0.0,1.0,0.0,0.0,0.8,260.0,3.75,52.0,559.0,71.3,118.0,269.0,10.4,3.0
418,418,976,0,1.0,52.9993155373032,f,0.0,1.0,0.0,0.0,0.7,260.0,3.29,52.0,559.0,71.3,118.0,350.0,10.6,4.0
