,ipip,wage1992,prtyid,ideol,gender
1,3.0,0.614226460456848,7.0,5.0,1
2,4.0,0.785520017147064,5.0,5.0,1
3,4.0,0.267989993095398,7.0,6.0,1
4,1.0,0.261489987373352,1.0,4.0,1
5,3.0,0.785520017147064,2.0,4.0,1
6,4.0,0.464700013399124,5.0,3.0,0
7,3.0,0.673849999904633,3.0,5.0,1
8,5.0,0.785520017147064,4.0,2.0,1
9,2.0,0.600469946861267,1.0,1.0,1
10,4.0,0.785520017147064,2.0,3.0,1
11,3.0,0.367390006780624,5.0,2.0,0
12,3.0,0.387620002031326,7.0,4.0,0
13,3.0,0.394959986209869,1.0,4.0,1
14,3.0,0.312420010566711,5.0,4.0,1
15,3.0,1.13774001598358,4.0,4.0,0
16,3.0,0.600469946861267,7.0,6.0,1
17,3.0,0.461620002985001,6.0,4.0,0
18,3.0,0.785520017147064,1.0,4.0,0
19,3.0,0.408399999141693,5.0,3.0,1
20,5.0,0.518409967422485,7.0,4.0,1
21,3.0,0.267989993095398,3.0,2.0,0
22,3.0,0.265219986438751,3.0,4.0,1
23,4.0,0.614226460456848,3.0,5.0,1
24,3.0,0.785520017147064,4.0,3.0,0
25,5.0,0.785520017147064,7.0,6.0,1
26,3.0,0.785520017147064,3.0,6.0,1
27,2.0,0.581430017948151,5.0,4.0,1
28,3.0,0.408399999141693,2.0,4.0,1
29,3.0,0.261489987373352,4.0,4.0,1
30,3.0,0.785520017147064,5.0,4.0,1
31,5.0,0.267989993095398,1.0,4.0,1
32,5.0,0.408399999141693,6.0,4.0,0
33,4.0,0.440597921609879,6.0,4.0,1
34,3.0,0.394959986209869,2.0,4.0,1
35,3.0,0.511519968509674,1.0,4.0,0
36,3.0,0.785520017147064,6.0,4.0,0
37,5.0,0.785520017147064,5.0,6.0,0
38,3.0,0.614226460456848,4.0,4.0,0
39,3.0,0.673849999904633,5.0,6.0,0
40,2.0,0.65021002292633,2.0,3.0,1
41,3.0,0.592509984970093,5.0,5.0,0
42,3.0,0.644749999046326,6.0,3.0,1
43,4.0,0.267989993095398,6.0,5.0,0
44,5.0,0.614226460456848,2.0,5.0,0
45,3.0,0.785520017147064,1.0,4.0,1
46,3.0,0.701979994773865,2.0,3.0,1
47,5.0,0.427269995212555,6.0,6.0,1
48,3.0,0.189989998936653,6.0,4.0,1
49,3.0,0.511519968509674,2.0,4.0,0
50,4.0,0.518409967422485,7.0,7.0,0
51,5.0,0.335929989814758,5.0,4.0,1
52,2.0,0.65021002292633,1.0,2.0,0
53,3.0,0.592509984970093,7.0,4.0,0
54,4.0,0.367390006780624,4.0,4.0,0
55,3.0,0.387620002031326,5.0,4.0,0
56,3.0,0.785520017147064,6.0,3.0,0
57,3.0,0.320780009031296,1.0,6.0,1
58,3.0,0.394959986209869,7.0,6.0,1
59,5.0,0.785520017147064,7.0,6.0,1
60,5.0,0.267989993095398,2.0,2.0,0
61,3.0,0.414970010519028,7.0,6.0,0
62,3.0,0.309140026569366,4.0,3.0,0
63,4.0,0.406390011310577,1.0,2.0,1
64,3.0,0.673849999904633,7.0,6.0,1
65,5.0,0.511519968509674,1.0,2.0,0
66,3.0,0.614226460456848,2.0,2.0,0
67,3.0,0.261489987373352,2.0,4.0,1
68,4.0,0.600469946861267,1.0,5.0,1
69,5.0,0.785520017147064,7.0,7.0,0
70,5.0,0.785520017147064,1.0,5.0,1
71,3.0,0.364969998598099,5.0,5.0,0
72,3.0,0.320780009031296,1.0,7.0,1
73,3.0,0.336679995059967,2.0,4.0,0
74,3.0,0.390350013971329,3.0,4.0,0
75,3.0,0.785520017147064,7.0,4.0,0
76,3.0,0.446730017662048,5.0,4.0,0
77,3.0,0.785520017147064,7.0,6.0,1
78,1.0,0.309140026569366,7.0,4.0,0
79,2.0,0.408399999141693,7.0,4.0,1
80,3.0,0.592509984970093,7.0,2.0,0
81,3.0,0.662460029125214,1.0,2.0,0
82,3.0,0.267989993095398,2.0,4.0,1
83,5.0,0.592509984970093,3.0,5.0,0
84,3.0,0.903599977493286,2.0,2.0,0
85,5.0,0.477019995450974,5.0,4.0,0
86,3.0,0.545379996299744,5.0,4.0,0
87,5.0,0.688880026340485,5.0,6.0,1
88,5.0,0.309140026569366,2.0,4.0,0
89,3.0,0.265219986438751,4.0,4.0,0
90,4.0,0.592509984970093,1.0,2.0,1
91,3.0,0.701979994773865,7.0,6.0,1
92,3.0,0.903599977493286,5.0,5.0,0
93,3.0,0.408600002527237,1.0,4.0,0
94,3.0,0.785520017147064,1.0,2.0,1
95,3.0,0.529449999332428,1.0,4.0,0
96,4.0,0.320780009031296,7.0,2.0,1
97,5.0,0.364969998598099,5.0,3.0,1
98,3.0,0.361250013113022,2.0,4.0,1
99,5.0,0.662460029125214,4.0,4.0,0
100,3.0,0.673849999904633,4.0,5.0,1
101,4.0,0.785520017147064,5.0,4.0,1
102,3.0,0.532429993152618,1.0,4.0,0
103,3.0,0.440597921609879,1.0,2.0,0
104,4.0,0.367390006780624,4.0,4.0,0
105,3.0,0.785520017147064,5.0,5.0,0
106,4.0,0.688880026340485,2.0,5.0,0
107,4.0,0.385200023651123,4.0,4.0,0
108,4.0,0.785520017147064,3.0,6.0,1
109,5.0,0.701979994773865,6.0,4.0,0
110,3.0,0.401980012655258,1.0,4.0,0
111,3.0,0.785520017147064,5.0,4.0,1
112,3.0,0.343410015106201,2.0,4.0,1
113,2.0,0.65021002292633,4.0,3.0,1
114,3.0,0.785520017147064,7.0,6.0,0
115,3.0,0.343410015106201,4.0,4.0,0
116,3.0,0.785520017147064,6.0,5.0,0
117,4.0,0.592509984970093,1.0,4.0,0
118,3.0,0.785520017147064,1.0,6.0,0
119,4.0,0.785520017147064,4.0,4.0,1
120,3.0,0.785520017147064,2.0,4.0,1
121,3.0,0.673849999904633,3.0,4.0,0
122,1.0,0.688880026340485,2.0,4.0,1
123,3.0,0.364969998598099,1.0,4.0,1
124,3.0,0.320780009031296,3.0,3.0,1
125,3.0,0.785520017147064,3.0,3.0,1
126,5.0,0.609759986400604,6.0,2.0,1
127,4.0,0.320780009031296,1.0,4.0,1
128,5.0,0.400240004062653,6.0,5.0,1
129,3.0,0.600469946861267,3.0,4.0,1
130,5.0,0.518409967422485,3.0,4.0,1
131,3.0,0.600469946861267,2.0,4.0,1
132,5.0,0.785520017147064,7.0,4.0,0
133,5.0,0.785520017147064,5.0,5.0,0
134,5.0,0.785520017147064,4.0,6.0,1
135,5.0,0.785520017147064,1.0,4.0,1
136,3.0,0.644749999046326,1.0,6.0,0
137,3.0,0.320780009031296,6.0,5.0,1
138,3.0,0.385200023651123,1.0,3.0,1
139,3.0,0.785520017147064,7.0,5.0,1
140,3.0,0.315829992294312,2.0,4.0,1
141,4.0,0.785520017147064,3.0,3.0,0
142,3.0,0.518409967422485,7.0,6.0,1
143,5.0,0.614226460456848,7.0,6.0,0
144,3.0,1.10091006755829,6.0,5.0,0
145,4.0,0.600469946861267,6.0,5.0,1
146,3.0,0.600469946861267,2.0,4.0,1
147,3.0,0.785520017147064,5.0,4.0,1
148,5.0,0.414970010519028,7.0,4.0,0
149,4.0,0.36285999417305,6.0,4.0,0
150,3.0,0.65021002292633,4.0,4.0,0
151,4.0,0.464899986982346,4.0,4.0,1
152,5.0,0.785520017147064,5.0,4.0,1
153,3.0,0.785520017147064,2.0,2.0,0
154,3.0,0.785520017147064,1.0,3.0,1
155,4.0,0.785520017147064,7.0,5.0,0
156,3.0,0.600469946861267,5.0,4.0,0
157,3.0,0.511519968509674,4.0,4.0,0
158,5.0,0.785520017147064,5.0,4.0,0
159,4.0,0.673849999904633,5.0,6.0,0
160,3.0,0.785520017147064,6.0,5.0,0
161,4.0,0.673849999904633,6.0,5.0,0
162,3.0,0.614226460456848,6.0,6.0,0
163,3.0,0.785520017147064,7.0,6.0,0
164,2.0,0.793409943580627,5.0,6.0,0
165,3.0,0.701979994773865,2.0,5.0,0
166,5.0,0.320780009031296,1.0,4.0,1
167,3.0,0.487359970808029,3.0,3.0,0
168,4.0,0.394959986209869,4.0,5.0,1
169,3.0,0.529449999332428,3.0,4.0,0
170,4.0,0.320780009031296,1.0,4.0,1
171,5.0,0.785520017147064,2.0,6.0,0
172,3.0,0.609759986400604,2.0,4.0,1
173,3.0,0.614226460456848,3.0,2.0,0
174,4.0,0.267989993095398,1.0,3.0,1
175,4.0,0.394959986209869,4.0,4.0,1
176,5.0,0.785520017147064,3.0,4.0,0
177,3.0,0.614226460456848,5.0,6.0,0
178,3.0,0.65021002292633,7.0,6.0,0
179,5.0,0.343410015106201,4.0,4.0,1
180,3.0,0.8400399684906,6.0,4.0,0
181,5.0,0.267989993095398,7.0,5.0,1
182,3.0,0.267989993095398,1.0,4.0,1
183,5.0,0.785520017147064,1.0,4.0,1
184,5.0,0.65021002292633,5.0,6.0,1
185,4.0,0.312420010566711,2.0,3.0,1
186,3.0,0.511519968509674,3.0,5.0,0
187,3.0,0.785520017147064,7.0,5.0,0
188,2.0,0.785520017147064,2.0,4.0,1
189,3.0,0.487359970808029,5.0,3.0,0
190,5.0,0.614226460456848,6.0,3.0,1
191,1.0,0.785520017147064,7.0,6.0,1
192,5.0,0.265219986438751,5.0,4.0,1
193,3.0,0.343410015106201,2.0,4.0,1
194,1.0,0.320780009031296,3.0,1.0,0
195,3.0,0.785520017147064,6.0,4.0,0
196,3.0,0.793409943580627,2.0,5.0,0
197,4.0,0.785520017147064,5.0,4.0,1
198,4.0,0.903599977493286,7.0,4.0,1
199,3.0,0.414970010519028,7.0,7.0,0
200,5.0,0.407070010900497,1.0,4.0,1
201,3.0,0.8400399684906,5.0,6.0,0
202,3.0,0.673849999904633,1.0,5.0,0
203,3.0,0.529449999332428,5.0,4.0,1
204,3.0,0.267989993095398,3.0,4.0,1
205,5.0,0.785520017147064,6.0,4.0,0
206,3.0,0.785520017147064,7.0,6.0,0
207,3.0,0.688880026340485,5.0,4.0,1
208,3.0,0.390350013971329,3.0,7.0,0
209,3.0,0.381099998950958,4.0,4.0,0
210,3.0,0.461620002985001,1.0,4.0,0
211,4.0,0.394959986209869,3.0,4.0,1
212,4.0,0.65021002292633,7.0,6.0,0
213,1.0,0.673849999904633,7.0,6.0,1
214,3.0,0.785520017147064,5.0,5.0,1
215,3.0,0.581430017948151,3.0,4.0,0
216,3.0,0.511519968509674,3.0,2.0,0
217,3.0,0.785520017147064,6.0,4.0,0
218,3.0,0.343410015106201,3.0,4.0,1
219,3.0,0.785520017147064,2.0,7.0,1
220,3.0,0.461620002985001,5.0,6.0,0
221,5.0,0.698559999465942,2.0,7.0,0
222,5.0,0.401980012655258,2.0,4.0,1
223,5.0,0.785520017147064,3.0,4.0,0
224,4.0,0.387620002031326,2.0,4.0,1
225,3.0,0.400240004062653,2.0,4.0,1
226,5.0,0.267989993095398,1.0,4.0,1
227,3.0,0.335929989814758,4.0,4.0,0
228,1.0,0.520840048789978,6.0,4.0,0
229,2.0,0.600469946861267,4.0,4.0,0
230,3.0,0.673849999904633,1.0,2.0,0
231,3.0,0.394959986209869,3.0,2.0,1
232,3.0,0.394959986209869,6.0,6.0,1
233,3.0,0.401980012655258,3.0,5.0,1
234,3.0,0.673849999904633,1.0,5.0,1
235,3.0,0.614226460456848,3.0,1.0,0
236,4.0,0.457309991121292,3.0,4.0,0
237,4.0,0.394959986209869,7.0,5.0,1
238,5.0,0.600469946861267,2.0,4.0,1
239,3.0,0.407070010900497,2.0,4.0,1
240,4.0,0.701979994773865,7.0,4.0,1
241,3.0,0.903599977493286,4.0,5.0,0
242,3.0,0.315829992294312,6.0,4.0,0
243,5.0,0.387620002031326,1.0,2.0,1
244,5.0,0.614226460456848,1.0,6.0,0
245,4.0,0.315829992294312,4.0,4.0,0
246,3.0,0.312420010566711,5.0,4.0,1
247,3.0,0.600469946861267,4.0,3.0,1
248,3.0,0.343410015106201,2.0,4.0,0
249,4.0,0.367390006780624,1.0,4.0,0
250,4.0,0.440597921609879,2.0,4.0,0
251,5.0,0.343410015106201,3.0,4.0,1
252,2.0,0.400240004062653,1.0,4.0,1
253,3.0,0.320780009031296,7.0,5.0,1
254,3.0,0.414970010519028,5.0,5.0,0
255,5.0,0.903599977493286,7.0,5.0,0
256,4.0,0.600469946861267,6.0,3.0,1
257,5.0,0.903599977493286,5.0,5.0,0
258,3.0,0.609759986400604,5.0,3.0,1
259,3.0,0.394959986209869,6.0,4.0,1
260,4.0,0.785520017147064,6.0,5.0,0
261,3.0,0.401980012655258,3.0,4.0,0
262,5.0,0.785520017147064,2.0,6.0,1
263,3.0,0.688880026340485,2.0,2.0,1
264,2.0,0.592509984970093,4.0,6.0,0
265,4.0,0.464700013399124,1.0,2.0,1
266,4.0,0.688880026340485,7.0,4.0,1
267,3.0,0.408399999141693,2.0,5.0,0
268,3.0,1.10091006755829,6.0,5.0,0
269,5.0,0.614226460456848,7.0,6.0,0
270,3.0,0.267989993095398,4.0,4.0,1
271,5.0,0.408399999141693,1.0,4.0,1
272,3.0,0.408399999141693,3.0,4.0,1
273,3.0,0.477019995450974,2.0,4.0,0
274,3.0,0.487359970808029,4.0,3.0,0
275,3.0,0.343410015106201,3.0,6.0,1
276,3.0,0.65021002292633,3.0,2.0,1
277,4.0,0.785520017147064,2.0,4.0,1
278,3.0,0.446730017662048,3.0,2.0,0
279,5.0,0.600469946861267,5.0,6.0,1
280,5.0,0.267989993095398,1.0,4.0,0
281,3.0,0.600469946861267,2.0,3.0,1
282,3.0,0.785520017147064,1.0,4.0,1
283,5.0,0.518409967422485,7.0,5.0,0
284,4.0,0.36285999417305,5.0,4.0,0
285,5.0,0.414970010519028,4.0,4.0,0
286,3.0,0.400240004062653,5.0,4.0,1
287,3.0,0.785520017147064,5.0,4.0,1
288,3.0,0.777340054512024,7.0,7.0,0
289,4.0,0.600469946861267,2.0,4.0,1
290,3.0,0.785520017147064,7.0,6.0,0
291,4.0,0.614226460456848,2.0,4.0,1
292,3.0,0.401980012655258,2.0,4.0,0
293,3.0,0.309140026569366,7.0,4.0,1
294,4.0,0.477019995450974,2.0,4.0,0
295,3.0,0.394959986209869,1.0,1.0,1
296,5.0,0.381099998950958,2.0,4.0,1
297,4.0,0.785520017147064,1.0,7.0,1
298,5.0,0.446730017662048,4.0,3.0,1
299,2.0,0.785520017147064,6.0,4.0,1
300,4.0,0.343410015106201,4.0,2.0,1
301,5.0,0.427269995212555,2.0,7.0,0
302,4.0,0.688880026340485,2.0,4.0,1
303,3.0,0.785520017147064,6.0,5.0,1
304,3.0,0.511519968509674,2.0,5.0,0
305,4.0,0.440597921609879,1.0,4.0,0
306,4.0,0.785520017147064,3.0,3.0,0
307,3.0,0.427269995212555,1.0,4.0,0
308,4.0,0.407070010900497,3.0,2.0,1
309,3.0,0.343410015106201,4.0,4.0,0
310,4.0,0.267989993095398,2.0,4.0,0
311,3.0,0.267989993095398,1.0,4.0,1
312,4.0,0.394959986209869,3.0,4.0,1
313,3.0,0.343410015106201,6.0,4.0,1
314,4.0,0.343410015106201,2.0,4.0,0
315,5.0,0.592509984970093,2.0,4.0,0
316,3.0,0.3887699842453,7.0,4.0,0
317,5.0,0.785520017147064,7.0,6.0,0
318,4.0,0.461620002985001,1.0,4.0,0
319,3.0,0.394959986209869,4.0,4.0,1
320,3.0,0.614226460456848,5.0,4.0,1
321,5.0,0.673849999904633,6.0,4.0,1
322,3.0,0.673849999904633,7.0,6.0,0
323,3.0,0.785520017147064,7.0,6.0,0
324,3.0,0.394959986209869,3.0,4.0,1
325,5.0,0.785520017147064,3.0,4.0,1
326,3.0,0.343410015106201,6.0,6.0,1
327,4.0,0.785520017147064,6.0,2.0,1
328,4.0,0.592509984970093,1.0,4.0,0
329,3.0,0.487359970808029,2.0,2.0,0
330,1.0,0.785520017147064,4.0,1.0,1
331,3.0,0.614226460456848,3.0,2.0,1
332,5.0,0.267989993095398,3.0,4.0,1
333,4.0,0.785520017147064,6.0,5.0,0
334,3.0,0.785520017147064,2.0,4.0,1
335,3.0,0.464899986982346,6.0,6.0,1
336,3.0,0.320780009031296,7.0,6.0,1
337,3.0,0.529449999332428,1.0,3.0,0
338,2.0,0.600469946861267,7.0,6.0,1
339,4.0,0.414970010519028,7.0,6.0,0
340,5.0,0.387620002031326,5.0,6.0,1
341,3.0,0.62365996837616,1.0,4.0,0
342,3.0,0.785520017147064,4.0,4.0,0
343,3.0,0.673849999904633,5.0,4.0,1
344,3.0,0.267989993095398,4.0,4.0,1
345,3.0,0.461620002985001,1.0,1.0,0
346,5.0,0.785520017147064,7.0,6.0,1
347,3.0,0.701979994773865,6.0,5.0,0
348,3.0,0.600469946861267,4.0,4.0,1
349,3.0,0.267989993095398,1.0,6.0,1
350,5.0,0.364969998598099,5.0,3.0,1
351,4.0,0.343410015106201,1.0,4.0,1
352,3.0,0.387620002031326,6.0,4.0,1
353,3.0,0.520840048789978,4.0,4.0,0
354,4.0,0.614226460456848,3.0,3.0,0
355,5.0,0.400240004062653,7.0,6.0,0
356,3.0,0.785520017147064,6.0,6.0,0
357,5.0,0.65021002292633,1.0,4.0,1
358,5.0,0.903599977493286,3.0,4.0,0
359,3.0,0.400240004062653,6.0,4.0,1
360,3.0,0.785520017147064,5.0,4.0,1
361,2.0,0.364969998598099,2.0,4.0,1
362,5.0,0.464700013399124,3.0,2.0,1
363,3.0,0.903599977493286,5.0,3.0,1
364,3.0,0.315829992294312,1.0,4.0,1
365,4.0,0.511519968509674,5.0,4.0,0
366,2.0,0.785520017147064,6.0,4.0,1
367,4.0,0.315829992294312,3.0,3.0,1
368,3.0,0.400240004062653,6.0,4.0,1
369,5.0,0.407070010900497,3.0,4.0,1
370,4.0,0.335929989814758,2.0,1.0,0
371,4.0,0.785520017147064,4.0,4.0,1
372,3.0,0.785520017147064,3.0,4.0,1
373,4.0,0.320780009031296,5.0,4.0,1
374,3.0,0.600469946861267,2.0,4.0,1
375,3.0,0.446730017662048,1.0,4.0,0
376,5.0,0.343410015106201,2.0,4.0,1
377,3.0,1.13774001598358,1.0,1.0,0
378,3.0,0.518409967422485,1.0,4.0,0
379,5.0,0.8400399684906,7.0,7.0,0
380,1.0,0.408399999141693,3.0,2.0,1
381,5.0,0.785520017147064,2.0,4.0,1
382,3.0,0.785520017147064,5.0,4.0,0
383,5.0,0.545379996299744,4.0,4.0,0
384,3.0,0.309140026569366,3.0,4.0,0
385,3.0,0.400240004062653,5.0,4.0,1
386,3.0,0.315829992294312,1.0,4.0,0
387,4.0,0.903599977493286,5.0,5.0,0
388,3.0,0.189989998936653,4.0,4.0,1
389,2.0,0.367390006780624,4.0,4.0,0
390,5.0,0.315829992294312,7.0,6.0,0
391,5.0,0.267989993095398,2.0,1.0,1
392,3.0,0.390350013971329,4.0,3.0,0
393,5.0,0.440597921609879,5.0,7.0,0
394,2.0,0.343410015106201,1.0,2.0,1
395,3.0,0.785520017147064,2.0,3.0,1
396,3.0,0.785520017147064,2.0,4.0,1
397,3.0,0.65021002292633,7.0,4.0,1
398,3.0,0.315829992294312,1.0,3.0,1
399,3.0,0.673849999904633,4.0,6.0,0
400,3.0,0.315829992294312,3.0,2.0,0
401,2.0,0.261489987373352,2.0,5.0,1
402,3.0,0.785520017147064,5.0,5.0,1
403,3.0,0.267989993095398,4.0,4.0,1
404,3.0,0.785520017147064,6.0,5.0,0
405,3.0,0.394959986209869,6.0,4.0,1
406,4.0,0.614226460456848,4.0,4.0,0
407,1.0,0.461620002985001,5.0,5.0,0
408,1.0,0.903599977493286,6.0,5.0,0
409,4.0,0.461620002985001,1.0,1.0,0
410,5.0,0.777340054512024,5.0,5.0,0
411,3.0,0.903599977493286,5.0,5.0,0
412,4.0,0.265219986438751,3.0,4.0,0
413,3.0,0.267989993095398,7.0,4.0,1
414,4.0,0.777340054512024,3.0,3.0,0
415,3.0,0.644749999046326,2.0,2.0,0
416,3.0,0.614226460456848,7.0,6.0,1
417,4.0,0.785520017147064,7.0,6.0,0
418,3.0,0.320780009031296,1.0,4.0,1
419,3.0,0.487359970808029,2.0,4.0,0
420,3.0,0.75151002407074,1.0,4.0,0
421,5.0,0.785520017147064,3.0,4.0,1
422,3.0,0.545379996299744,5.0,6.0,0
423,3.0,0.644749999046326,7.0,5.0,1
424,3.0,0.785520017147064,1.0,2.0,1
425,5.0,0.688880026340485,6.0,3.0,0
426,4.0,0.644749999046326,3.0,3.0,0
427,3.0,0.785520017147064,3.0,2.0,1
428,4.0,0.414970010519028,1.0,6.0,0
429,3.0,0.401980012655258,4.0,4.0,1
430,4.0,0.785520017147064,2.0,4.0,1
431,3.0,0.8400399684906,1.0,3.0,1
432,3.0,0.785520017147064,6.0,6.0,1
433,3.0,0.394959986209869,5.0,4.0,1
434,3.0,0.785520017147064,3.0,4.0,1
435,4.0,0.609759986400604,3.0,3.0,0
436,3.0,0.511519968509674,3.0,4.0,0
437,3.0,0.367390006780624,2.0,3.0,1
438,3.0,0.8400399684906,4.0,3.0,0
439,4.0,0.785520017147064,3.0,2.0,1
440,3.0,0.320780009031296,1.0,4.0,1
441,5.0,0.592509984970093,6.0,5.0,1
442,3.0,0.592509984970093,6.0,5.0,0
443,3.0,0.644749999046326,2.0,2.0,1
444,3.0,0.903599977493286,5.0,5.0,0
445,2.0,0.701979994773865,5.0,5.0,0
446,3.0,0.461620002985001,4.0,4.0,0
447,4.0,0.487359970808029,5.0,6.0,0
448,4.0,0.673849999904633,2.0,3.0,1
449,2.0,0.614226460456848,4.0,4.0,0
450,3.0,0.36285999417305,4.0,4.0,0
451,3.0,0.785520017147064,4.0,4.0,1
452,3.0,0.581430017948151,4.0,4.0,0
453,5.0,0.343410015106201,2.0,4.0,1
454,3.0,0.609759986400604,5.0,6.0,1
455,4.0,0.600469946861267,2.0,5.0,1
456,2.0,0.343410015106201,3.0,3.0,1
457,5.0,0.408399999141693,5.0,4.0,1
458,3.0,0.511519968509674,3.0,4.0,0
459,3.0,0.189989998936653,3.0,5.0,1
460,5.0,0.614226460456848,4.0,4.0,1
461,3.0,0.688880026340485,6.0,4.0,1
462,5.0,0.315829992294312,1.0,4.0,1
463,3.0,0.785520017147064,4.0,4.0,0
464,3.0,0.408600002527237,1.0,4.0,1
465,3.0,0.267989993095398,5.0,3.0,1
466,4.0,0.785520017147064,7.0,3.0,0
467,4.0,0.511519968509674,4.0,4.0,0
468,5.0,0.335929989814758,2.0,4.0,0
469,5.0,0.401980012655258,1.0,2.0,1
470,4.0,0.688880026340485,1.0,4.0,1
471,1.0,0.189989998936653,1.0,4.0,1
472,1.0,0.84213000535965,2.0,1.0,0
473,3.0,0.785520017147064,6.0,5.0,1
474,4.0,0.267989993095398,2.0,4.0,1
475,4.0,0.785520017147064,4.0,4.0,1
476,3.0,0.394959986209869,6.0,6.0,1
477,5.0,0.511519968509674,2.0,5.0,0
478,5.0,0.785520017147064,7.0,4.0,1
479,5.0,0.614226460456848,5.0,7.0,0
480,1.0,0.343410015106201,2.0,4.0,0
481,3.0,0.785520017147064,4.0,4.0,1
482,4.0,0.343410015106201,4.0,5.0,1
483,4.0,0.440597921609879,4.0,4.0,0
484,3.0,0.315829992294312,2.0,2.0,0
485,5.0,0.532429993152618,4.0,4.0,0
486,3.0,0.320780009031296,3.0,4.0,1
487,1.0,0.336679995059967,6.0,5.0,0
488,4.0,0.394959986209869,7.0,3.0,1
489,4.0,0.390350013971329,4.0,4.0,0
490,1.0,0.793409943580627,3.0,4.0,0
491,3.0,0.673849999904633,5.0,4.0,0
492,5.0,0.400240004062653,4.0,4.0,0
493,5.0,0.614226460456848,6.0,5.0,0
494,5.0,0.532429993152618,5.0,6.0,1
495,4.0,0.408399999141693,2.0,4.0,0
496,3.0,0.343410015106201,5.0,4.0,0
497,1.0,0.644749999046326,6.0,6.0,0
498,3.0,0.8400399684906,4.0,4.0,1
499,3.0,0.785520017147064,5.0,4.0,1
500,3.0,0.785520017147064,2.0,7.0,1
501,3.0,0.464700013399124,5.0,4.0,1
502,3.0,0.581430017948151,5.0,5.0,0
503,3.0,0.312420010566711,3.0,4.0,1
504,3.0,0.320780009031296,1.0,4.0,1
505,3.0,0.408600002527237,1.0,4.0,1
506,4.0,0.267989993095398,4.0,5.0,1
507,3.0,0.267989993095398,2.0,4.0,1
508,3.0,0.785520017147064,3.0,2.0,0
509,2.0,0.427269995212555,2.0,6.0,0
510,5.0,0.408399999141693,1.0,3.0,0
511,3.0,0.394959986209869,3.0,4.0,1
512,5.0,0.267989993095398,6.0,4.0,0
513,3.0,0.614226460456848,7.0,5.0,0
514,5.0,0.518409967422485,5.0,7.0,0
515,3.0,0.84213000535965,3.0,2.0,1
516,4.0,0.312420010566711,1.0,4.0,1
517,5.0,0.312420010566711,2.0,4.0,1
518,3.0,0.394959986209869,2.0,4.0,1
519,4.0,0.609759986400604,5.0,4.0,1
520,5.0,0.468820005655289,1.0,4.0,1
521,4.0,0.385200023651123,3.0,4.0,0
522,3.0,1.13774001598358,2.0,3.0,0
523,3.0,0.532429993152618,7.0,6.0,0
524,3.0,0.614226460456848,2.0,4.0,0
525,3.0,0.644749999046326,3.0,4.0,1
526,4.0,0.320780009031296,2.0,4.0,1
527,5.0,0.609759986400604,2.0,4.0,1
528,4.0,0.343410015106201,3.0,5.0,0
529,4.0,0.662460029125214,4.0,3.0,0
530,5.0,0.600469946861267,3.0,4.0,1
531,2.0,0.320780009031296,1.0,2.0,0
532,2.0,0.312420010566711,3.0,4.0,0
533,4.0,0.62365996837616,1.0,4.0,0
534,3.0,0.600469946861267,1.0,4.0,1
535,3.0,0.614226460456848,5.0,4.0,0
536,3.0,0.785520017147064,5.0,4.0,1
537,3.0,0.189989998936653,2.0,6.0,1
538,3.0,0.408600002527237,1.0,3.0,1
539,3.0,0.401980012655258,5.0,4.0,1
540,3.0,0.261489987373352,5.0,6.0,1
541,3.0,0.511519968509674,2.0,4.0,0
542,4.0,0.407070010900497,3.0,4.0,1
543,3.0,0.785520017147064,6.0,4.0,1
544,5.0,0.532429993152618,6.0,6.0,1
545,3.0,0.461620002985001,5.0,4.0,0
546,3.0,0.785520017147064,4.0,5.0,1
547,1.0,0.785520017147064,2.0,4.0,0
548,3.0,0.335929989814758,5.0,4.0,0
549,4.0,0.343410015106201,2.0,2.0,1
550,4.0,0.614226460456848,1.0,2.0,0
551,3.0,0.614226460456848,1.0,2.0,0
552,3.0,0.8400399684906,7.0,6.0,0
553,4.0,0.487359970808029,2.0,3.0,0
554,4.0,0.532429993152618,7.0,4.0,1
555,4.0,0.464899986982346,2.0,4.0,0
556,4.0,0.408600002527237,3.0,4.0,0
557,3.0,0.401980012655258,5.0,5.0,0
558,4.0,0.701979994773865,3.0,4.0,0
559,3.0,0.387620002031326,5.0,7.0,1
560,3.0,0.312420010566711,2.0,6.0,1
561,3.0,0.312420010566711,5.0,4.0,1
562,5.0,0.600469946861267,7.0,2.0,0
563,5.0,0.532429993152618,7.0,6.0,0
564,3.0,0.408399999141693,1.0,3.0,0
565,4.0,0.511519968509674,1.0,7.0,0
566,3.0,0.662460029125214,6.0,4.0,0
567,5.0,0.364969998598099,6.0,4.0,1
568,3.0,0.343410015106201,5.0,4.0,0
569,1.0,0.785520017147064,3.0,2.0,1
570,3.0,0.511519968509674,4.0,4.0,0
571,4.0,0.673849999904633,4.0,4.0,1
572,4.0,0.315829992294312,7.0,4.0,0
573,3.0,0.427269995212555,7.0,2.0,0
574,4.0,0.343410015106201,2.0,5.0,1
575,3.0,0.408399999141693,3.0,5.0,1
576,3.0,0.315829992294312,3.0,4.0,1
577,3.0,0.785520017147064,6.0,6.0,1
578,3.0,0.401980012655258,4.0,5.0,0
579,5.0,0.408399999141693,4.0,4.0,1
580,5.0,0.401980012655258,1.0,4.0,1
581,4.0,0.785520017147064,3.0,4.0,0
582,5.0,0.785520017147064,6.0,5.0,1
583,5.0,0.315829992294312,4.0,4.0,0
584,5.0,0.394959986209869,5.0,6.0,1
585,3.0,0.461620002985001,6.0,5.0,0
586,4.0,0.189989998936653,2.0,4.0,1
587,4.0,0.785520017147064,1.0,2.0,1
588,5.0,0.785520017147064,1.0,4.0,1
589,3.0,0.673849999904633,5.0,5.0,1
590,4.0,0.511519968509674,4.0,4.0,0
591,3.0,0.387620002031326,6.0,5.0,0
592,3.0,0.592509984970093,2.0,4.0,0
593,3.0,0.267989993095398,4.0,4.0,1
594,3.0,0.785520017147064,6.0,6.0,0
595,3.0,0.36285999417305,2.0,4.0,1
596,5.0,0.408399999141693,5.0,6.0,0
597,4.0,0.267989993095398,6.0,7.0,1
598,1.0,0.785520017147064,5.0,4.0,1
599,5.0,0.614226460456848,6.0,5.0,1
600,5.0,0.401980012655258,3.0,4.0,1
601,3.0,0.903599977493286,6.0,4.0,0
602,4.0,0.407070010900497,3.0,6.0,1
603,2.0,0.457309991121292,6.0,4.0,0
604,2.0,0.644749999046326,5.0,4.0,0
605,4.0,0.62365996837616,7.0,6.0,0
606,4.0,0.267989993095398,2.0,7.0,1
607,3.0,0.414970010519028,5.0,2.0,0
608,4.0,0.785520017147064,6.0,5.0,0
609,3.0,0.609759986400604,7.0,4.0,1
610,3.0,0.785520017147064,1.0,4.0,1
611,4.0,0.903599977493286,6.0,3.0,0
612,1.0,0.609759986400604,3.0,6.0,1
613,5.0,0.62365996837616,2.0,4.0,0
614,3.0,0.785520017147064,1.0,4.0,1
615,3.0,0.400240004062653,1.0,2.0,1
616,4.0,0.614226460456848,7.0,6.0,1
617,5.0,0.614226460456848,2.0,4.0,0
618,3.0,0.518409967422485,1.0,4.0,0
619,3.0,0.785520017147064,5.0,4.0,0
620,5.0,0.614226460456848,6.0,3.0,1
621,4.0,0.427269995212555,3.0,4.0,0
622,3.0,0.785520017147064,5.0,4.0,1
623,5.0,0.267989993095398,4.0,4.0,0
624,3.0,0.903599977493286,4.0,4.0,0
625,5.0,0.688880026340485,6.0,4.0,1
626,5.0,0.312420010566711,6.0,4.0,1
627,3.0,0.532429993152618,1.0,5.0,0
628,3.0,0.673849999904633,6.0,4.0,1
629,3.0,0.309140026569366,4.0,4.0,0
630,3.0,0.785520017147064,6.0,5.0,1
631,4.0,0.600469946861267,5.0,7.0,1
632,5.0,0.785520017147064,1.0,4.0,1
633,4.0,0.487359970808029,5.0,4.0,0
634,4.0,0.785520017147064,5.0,3.0,0
635,4.0,0.785520017147064,6.0,7.0,0
636,1.0,0.644749999046326,3.0,2.0,0
637,1.0,0.309140026569366,5.0,5.0,0
638,4.0,0.673849999904633,3.0,2.0,0
639,5.0,0.532429993152618,2.0,4.0,0
640,5.0,0.315829992294312,1.0,4.0,1
641,3.0,0.440597921609879,4.0,7.0,0
642,3.0,0.343410015106201,5.0,6.0,1
643,3.0,0.320780009031296,2.0,4.0,1
644,5.0,0.364969998598099,1.0,6.0,1
645,5.0,0.785520017147064,2.0,1.0,1
646,4.0,0.785520017147064,5.0,5.0,1
647,3.0,0.464700013399124,5.0,4.0,1
648,3.0,0.487359970808029,7.0,4.0,0
649,3.0,0.461620002985001,7.0,4.0,0
650,5.0,0.315829992294312,1.0,7.0,0
651,2.0,0.84213000535965,3.0,1.0,1
652,3.0,0.785520017147064,3.0,4.0,1
653,3.0,0.600469946861267,6.0,4.0,1
654,3.0,0.487359970808029,4.0,5.0,0
655,3.0,0.487359970808029,1.0,4.0,0
656,3.0,0.785520017147064,6.0,4.0,0
657,4.0,0.343410015106201,3.0,4.0,1
658,5.0,0.785520017147064,6.0,6.0,1
659,3.0,0.387620002031326,4.0,4.0,1
660,5.0,0.614226460456848,6.0,5.0,1
661,3.0,0.343410015106201,2.0,3.0,0
662,5.0,0.315829992294312,2.0,4.0,0
663,5.0,0.785520017147064,7.0,5.0,0
664,3.0,0.532429993152618,6.0,4.0,1
665,1.0,0.785520017147064,7.0,6.0,1
666,3.0,0.903599977493286,2.0,3.0,0
667,3.0,0.343410015106201,5.0,6.0,0
668,3.0,0.261489987373352,3.0,4.0,1
669,3.0,0.688880026340485,5.0,3.0,1
670,4.0,0.400240004062653,5.0,4.0,1
671,3.0,0.65021002292633,2.0,3.0,1
672,3.0,0.785520017147064,4.0,4.0,1
673,3.0,0.785520017147064,1.0,3.0,1
674,3.0,0.785520017147064,3.0,2.0,1
675,3.0,0.401980012655258,4.0,4.0,0
676,3.0,0.390350013971329,2.0,6.0,0
677,3.0,0.785520017147064,6.0,4.0,1
678,3.0,0.785520017147064,6.0,6.0,0
679,3.0,0.84213000535965,2.0,3.0,1
680,1.0,0.320780009031296,1.0,4.0,1
681,4.0,0.785520017147064,2.0,3.0,0
682,3.0,0.785520017147064,3.0,3.0,0
683,3.0,0.461620002985001,1.0,4.0,1
684,3.0,0.511519968509674,7.0,7.0,0
685,3.0,0.36285999417305,3.0,5.0,1
686,3.0,0.793409943580627,2.0,2.0,1
687,3.0,0.477019995450974,1.0,4.0,0
688,3.0,0.614226460456848,5.0,5.0,0
689,3.0,0.381099998950958,1.0,4.0,1
690,4.0,0.367390006780624,2.0,4.0,0
691,2.0,0.644749999046326,2.0,4.0,0
692,3.0,0.600469946861267,5.0,6.0,0
693,3.0,0.408399999141693,4.0,4.0,1
694,3.0,0.600469946861267,2.0,4.0,1
695,5.0,0.614226460456848,4.0,4.0,0
696,5.0,0.614226460456848,6.0,4.0,0
697,4.0,0.785520017147064,5.0,4.0,1
698,5.0,0.785520017147064,6.0,4.0,1
699,4.0,0.785520017147064,1.0,4.0,1
700,3.0,0.267989993095398,2.0,4.0,1
701,2.0,0.394959986209869,2.0,3.0,1
702,2.0,0.407070010900497,5.0,4.0,1
703,3.0,0.394959986209869,5.0,3.0,1
704,3.0,0.394959986209869,3.0,3.0,1
705,4.0,0.785520017147064,6.0,6.0,0
706,5.0,0.487359970808029,7.0,3.0,0
707,5.0,0.785520017147064,3.0,4.0,1
708,5.0,0.401980012655258,1.0,1.0,0
709,3.0,0.343410015106201,5.0,3.0,1
710,4.0,0.8400399684906,3.0,4.0,0
711,4.0,0.785520017147064,2.0,4.0,0
712,5.0,0.592509984970093,4.0,6.0,0
713,4.0,0.785520017147064,6.0,4.0,1
714,5.0,0.785520017147064,6.0,4.0,0
715,5.0,0.394959986209869,2.0,4.0,1
716,3.0,0.84213000535965,3.0,3.0,0
717,3.0,0.394959986209869,1.0,4.0,1
718,4.0,0.785520017147064,7.0,5.0,1
719,5.0,0.785520017147064,6.0,4.0,1
720,3.0,0.312420010566711,2.0,5.0,1
721,3.0,0.785520017147064,3.0,4.0,1
722,4.0,0.446730017662048,2.0,4.0,0
723,3.0,0.581430017948151,2.0,3.0,0
724,3.0,0.609759986400604,1.0,2.0,1
725,4.0,0.394959986209869,2.0,4.0,1
726,3.0,0.688880026340485,4.0,4.0,1
727,5.0,0.511519968509674,1.0,6.0,0
728,3.0,0.688880026340485,1.0,2.0,0
729,3.0,0.644749999046326,4.0,3.0,0
730,5.0,0.592509984970093,4.0,4.0,0
731,5.0,0.320780009031296,2.0,4.0,1
732,3.0,0.785520017147064,6.0,6.0,0
733,4.0,0.600469946861267,5.0,3.0,1
734,3.0,0.511519968509674,6.0,6.0,0
735,3.0,0.903599977493286,6.0,5.0,0
736,3.0,0.785520017147064,1.0,2.0,1
737,3.0,0.532429993152618,3.0,1.0,0
738,3.0,0.65021002292633,4.0,4.0,1
739,5.0,0.614226460456848,2.0,3.0,1
740,3.0,0.511519968509674,1.0,7.0,0
741,1.0,0.785520017147064,5.0,4.0,1
742,4.0,0.440597921609879,3.0,4.0,0
743,3.0,0.267989993095398,6.0,4.0,1
744,3.0,0.785520017147064,2.0,4.0,1
745,5.0,0.785520017147064,2.0,4.0,1
746,3.0,1.13774001598358,3.0,4.0,0
747,3.0,0.320780009031296,6.0,4.0,1
748,5.0,0.532429993152618,1.0,4.0,1
749,5.0,0.600469946861267,5.0,6.0,1
750,1.0,0.785520017147064,5.0,5.0,0
751,3.0,0.785520017147064,5.0,5.0,1
752,3.0,0.785520017147064,3.0,4.0,1
753,3.0,0.688880026340485,6.0,5.0,0
754,2.0,0.400240004062653,2.0,4.0,1
755,3.0,0.688880026340485,5.0,5.0,1
756,5.0,0.673849999904633,6.0,5.0,1
757,3.0,0.407070010900497,7.0,5.0,1
758,3.0,0.785520017147064,5.0,6.0,1
759,4.0,1.10091006755829,6.0,5.0,0
760,4.0,0.401980012655258,7.0,2.0,0
761,5.0,0.600469946861267,6.0,5.0,0
762,3.0,0.614226460456848,2.0,5.0,0
763,3.0,0.343410015106201,1.0,3.0,1
764,3.0,0.785520017147064,1.0,2.0,1
765,5.0,0.785520017147064,7.0,5.0,1
766,5.0,0.609759986400604,5.0,4.0,1
767,2.0,0.65021002292633,3.0,2.0,0
768,2.0,1.13774001598358,1.0,2.0,0
769,3.0,0.407070010900497,4.0,4.0,1
770,4.0,0.3887699842453,2.0,4.0,0
771,4.0,0.65021002292633,5.0,6.0,0
772,4.0,0.903599977493286,4.0,4.0,0
773,3.0,0.406390011310577,2.0,4.0,1
774,3.0,0.785520017147064,1.0,2.0,1
775,2.0,0.609759986400604,2.0,2.0,1
776,5.0,0.592509984970093,7.0,4.0,0
777,3.0,0.688880026340485,3.0,5.0,1
778,5.0,0.701979994773865,5.0,5.0,0
779,2.0,1.10091006755829,1.0,1.0,1
780,3.0,0.408600002527237,2.0,4.0,1
781,3.0,0.414970010519028,5.0,6.0,0
782,4.0,0.364969998598099,6.0,4.0,1
783,4.0,0.673849999904633,4.0,4.0,1
784,4.0,0.267989993095398,1.0,5.0,1
785,5.0,0.477019995450974,6.0,2.0,0
786,3.0,0.309140026569366,5.0,5.0,0
787,3.0,0.394959986209869,2.0,2.0,1
788,4.0,0.592509984970093,1.0,4.0,0
789,3.0,0.785520017147064,2.0,4.0,0
790,4.0,0.785520017147064,6.0,3.0,1
791,5.0,0.785520017147064,1.0,4.0,1
792,3.0,0.644749999046326,1.0,4.0,1
793,3.0,0.785520017147064,4.0,4.0,0
794,2.0,0.320780009031296,7.0,6.0,1
795,3.0,0.785520017147064,2.0,4.0,1
796,5.0,0.407070010900497,1.0,5.0,1
797,3.0,0.600469946861267,1.0,4.0,1
798,4.0,0.600469946861267,6.0,4.0,1
799,3.0,0.407070010900497,4.0,4.0,1
800,2.0,0.688880026340485,5.0,5.0,1
801,3.0,0.320780009031296,1.0,6.0,1
802,3.0,0.785520017147064,6.0,5.0,1
803,5.0,0.785520017147064,1.0,4.0,0
804,5.0,0.62365996837616,5.0,4.0,0
805,3.0,0.320780009031296,5.0,4.0,1
806,5.0,0.340220004320145,7.0,4.0,1
807,3.0,0.785520017147064,1.0,2.0,0
808,1.0,0.532429993152618,7.0,4.0,0
809,3.0,0.614226460456848,2.0,2.0,1
810,2.0,0.261489987373352,3.0,4.0,1
811,3.0,0.532429993152618,1.0,2.0,0
812,3.0,0.400240004062653,5.0,4.0,1
813,5.0,0.785520017147064,7.0,5.0,0
814,2.0,0.320780009031296,1.0,2.0,0
815,3.0,0.785520017147064,4.0,4.0,1
816,4.0,0.267989993095398,1.0,3.0,1
817,3.0,0.386619985103607,5.0,4.0,0
818,3.0,0.427269995212555,6.0,5.0,1
819,3.0,0.785520017147064,6.0,4.0,1
820,4.0,0.394959986209869,5.0,4.0,1
821,3.0,0.644749999046326,7.0,6.0,1
822,4.0,0.408399999141693,2.0,4.0,0
823,4.0,0.461620002985001,5.0,4.0,0
824,3.0,0.785520017147064,7.0,4.0,0
825,1.0,0.785520017147064,1.0,5.0,1
826,3.0,0.785520017147064,3.0,4.0,1
827,3.0,0.532429993152618,1.0,4.0,0
828,4.0,0.785520017147064,4.0,5.0,0
829,3.0,0.609759986400604,7.0,5.0,0
830,3.0,0.785520017147064,7.0,5.0,0
831,5.0,0.785520017147064,6.0,4.0,1
832,3.0,0.84213000535965,2.0,1.0,1
833,3.0,0.581430017948151,2.0,4.0,1
834,5.0,0.408600002527237,2.0,1.0,1
835,3.0,0.394959986209869,3.0,4.0,1
836,4.0,0.785520017147064,7.0,6.0,1
837,4.0,0.312420010566711,3.0,4.0,1
838,3.0,0.461620002985001,2.0,4.0,0
839,4.0,0.673849999904633,4.0,2.0,1
840,5.0,0.309140026569366,7.0,5.0,0
841,5.0,0.390350013971329,1.0,6.0,0
842,3.0,0.785520017147064,7.0,4.0,0
843,3.0,0.427269995212555,7.0,5.0,1
844,3.0,0.673849999904633,6.0,5.0,1
845,5.0,0.785520017147064,4.0,2.0,0
846,5.0,0.785520017147064,5.0,5.0,0
847,3.0,0.785520017147064,1.0,3.0,0
848,3.0,0.600469946861267,1.0,2.0,1
849,3.0,0.343410015106201,6.0,4.0,1
850,3.0,0.267989993095398,3.0,4.0,1
851,4.0,0.520840048789978,3.0,5.0,0
852,5.0,0.511519968509674,4.0,4.0,0
853,4.0,0.401980012655258,4.0,6.0,0
854,3.0,0.592509984970093,7.0,6.0,0
855,5.0,0.62978994846344,4.0,4.0,0
856,3.0,0.261489987373352,3.0,4.0,1
857,3.0,0.785520017147064,3.0,4.0,1
858,3.0,0.688880026340485,3.0,4.0,1
859,3.0,0.785520017147064,2.0,5.0,1
860,4.0,0.609759986400604,7.0,6.0,1
861,4.0,0.62365996837616,4.0,6.0,0
862,3.0,0.785520017147064,2.0,4.0,1
863,3.0,0.401980012655258,1.0,3.0,0
864,3.0,0.673849999904633,4.0,5.0,0
865,4.0,0.343410015106201,7.0,4.0,1
866,5.0,0.529449999332428,1.0,2.0,1
867,5.0,0.400240004062653,1.0,4.0,1
868,3.0,0.785520017147064,2.0,5.0,0
869,3.0,0.785520017147064,2.0,3.0,1
870,3.0,0.614226460456848,6.0,4.0,0
871,4.0,0.320780009031296,3.0,1.0,1
872,3.0,0.785520017147064,2.0,4.0,1
873,4.0,0.532429993152618,3.0,4.0,0
874,3.0,0.446730017662048,7.0,4.0,0
875,5.0,0.65021002292633,1.0,4.0,0
876,3.0,0.688880026340485,7.0,5.0,0
877,5.0,0.464700013399124,3.0,4.0,1
878,3.0,0.688880026340485,6.0,6.0,1
879,3.0,0.446730017662048,5.0,5.0,0
880,4.0,0.320780009031296,3.0,4.0,1
881,3.0,0.785520017147064,1.0,4.0,0
882,3.0,1.13774001598358,3.0,3.0,0
883,5.0,0.408600002527237,1.0,4.0,1
884,3.0,0.644749999046326,5.0,5.0,0
885,3.0,0.312420010566711,3.0,4.0,1
886,4.0,0.785520017147064,5.0,4.0,0
887,4.0,0.414970010519028,1.0,4.0,0
888,3.0,0.511519968509674,4.0,4.0,0
889,4.0,0.600469946861267,6.0,4.0,0
890,3.0,0.785520017147064,4.0,4.0,1
891,3.0,0.394959986209869,2.0,4.0,1
892,3.0,0.903599977493286,7.0,4.0,0
893,3.0,0.673849999904633,7.0,7.0,0
894,2.0,0.600469946861267,3.0,2.0,1
895,4.0,0.267989993095398,4.0,4.0,1
896,3.0,1.10091006755829,3.0,2.0,0
897,3.0,0.62365996837616,1.0,4.0,0
898,3.0,0.785520017147064,6.0,5.0,0
899,4.0,0.785520017147064,4.0,3.0,1
900,3.0,0.592509984970093,7.0,7.0,0
901,4.0,0.477019995450974,4.0,4.0,0
902,4.0,0.401980012655258,4.0,4.0,1
903,3.0,0.600469946861267,1.0,2.0,1
904,3.0,0.62365996837616,7.0,6.0,0
905,3.0,0.267989993095398,2.0,4.0,1
906,4.0,0.662460029125214,5.0,6.0,0
907,5.0,0.461620002985001,3.0,4.0,0
908,3.0,0.62365996837616,6.0,4.0,0
909,3.0,0.785520017147064,4.0,3.0,1
910,2.0,0.477019995450974,6.0,3.0,0
911,3.0,0.487359970808029,2.0,4.0,0
912,5.0,0.600469946861267,2.0,2.0,1
913,5.0,0.390350013971329,3.0,4.0,0
914,3.0,0.673849999904633,1.0,2.0,0
915,3.0,0.785520017147064,6.0,4.0,1
916,4.0,0.785520017147064,2.0,4.0,1
917,3.0,0.464700013399124,1.0,4.0,1
918,4.0,0.662460029125214,4.0,5.0,0
919,4.0,0.614226460456848,6.0,5.0,1
920,5.0,0.464899986982346,1.0,4.0,0
921,3.0,0.401980012655258,2.0,3.0,0
922,2.0,0.903599977493286,2.0,4.0,0
923,3.0,0.609759986400604,6.0,5.0,1
924,3.0,0.673849999904633,6.0,3.0,1
925,4.0,0.785520017147064,2.0,2.0,0
926,5.0,0.401980012655258,3.0,4.0,0
927,4.0,0.312420010566711,3.0,2.0,1
928,4.0,0.785520017147064,2.0,4.0,1
929,3.0,0.320780009031296,1.0,7.0,1
930,1.0,0.267989993095398,1.0,2.0,0
931,3.0,0.688880026340485,2.0,5.0,1
932,3.0,0.394959986209869,2.0,3.0,1
933,4.0,0.592509984970093,6.0,5.0,0
934,4.0,0.394959986209869,4.0,4.0,1
935,3.0,0.673849999904633,5.0,5.0,0
936,3.0,0.614226460456848,4.0,4.0,1
937,4.0,0.65021002292633,4.0,3.0,0
938,3.0,0.464700013399124,7.0,5.0,1
939,3.0,0.394959986209869,3.0,3.0,1
940,3.0,0.487359970808029,3.0,5.0,0
941,4.0,0.427269995212555,1.0,4.0,1
942,3.0,0.65021002292633,3.0,2.0,0
943,3.0,0.400240004062653,2.0,4.0,0
944,4.0,0.532429993152618,2.0,4.0,0
945,3.0,0.267989993095398,4.0,2.0,1
946,3.0,0.265219986438751,5.0,4.0,0
947,3.0,0.673849999904633,2.0,5.0,0
948,3.0,0.427269995212555,5.0,5.0,0
949,3.0,0.464899986982346,1.0,5.0,1
950,3.0,0.315829992294312,1.0,5.0,1
951,5.0,0.511519968509674,5.0,4.0,0
952,3.0,0.340220004320145,6.0,4.0,0
953,3.0,0.785520017147064,4.0,4.0,1
954,3.0,0.785520017147064,4.0,2.0,1
955,4.0,0.3887699842453,5.0,2.0,0
956,3.0,0.461620002985001,1.0,5.0,0
957,3.0,0.793409943580627,3.0,3.0,0
958,3.0,0.407070010900497,3.0,4.0,1
959,3.0,0.785520017147064,3.0,1.0,1
960,3.0,0.673849999904633,2.0,4.0,1
961,3.0,0.320780009031296,6.0,5.0,1
962,4.0,0.84213000535965,4.0,5.0,0
963,3.0,0.343410015106201,2.0,4.0,1
964,4.0,0.464899986982346,1.0,4.0,1
965,2.0,0.343410015106201,2.0,4.0,1
966,5.0,0.688880026340485,3.0,4.0,1
967,3.0,0.394959986209869,4.0,4.0,1
968,5.0,0.614226460456848,3.0,4.0,0
969,3.0,0.408399999141693,1.0,2.0,1
970,3.0,0.614226460456848,3.0,4.0,1
971,5.0,0.461620002985001,5.0,4.0,0
972,3.0,0.785520017147064,5.0,6.0,0
973,3.0,0.614226460456848,3.0,4.0,0
974,3.0,0.394959986209869,4.0,4.0,1
975,4.0,0.320780009031296,1.0,5.0,1
976,2.0,0.600469946861267,3.0,1.0,0
977,3.0,0.267989993095398,7.0,4.0,0
978,4.0,0.785520017147064,1.0,4.0,1
979,3.0,0.785520017147064,3.0,3.0,1
980,5.0,0.600469946861267,4.0,4.0,1
981,3.0,0.343410015106201,3.0,4.0,1
982,3.0,0.785520017147064,4.0,4.0,1
983,3.0,0.414970010519028,5.0,5.0,0
984,3.0,0.394959986209869,4.0,4.0,1
985,3.0,0.785520017147064,3.0,5.0,1
986,3.0,0.320780009031296,1.0,4.0,1
987,3.0,0.903599977493286,5.0,5.0,0
988,5.0,0.335929989814758,6.0,2.0,0
989,5.0,0.461620002985001,2.0,4.0,0
990,4.0,0.785520017147064,7.0,6.0,1
991,3.0,0.477019995450974,1.0,2.0,0
992,3.0,0.343410015106201,1.0,5.0,1
993,5.0,0.785520017147064,2.0,4.0,1
994,3.0,0.777340054512024,1.0,2.0,1
995,3.0,0.8400399684906,4.0,4.0,0
996,4.0,0.701979994773865,4.0,3.0,1
997,3.0,0.394959986209869,3.0,4.0,1
998,5.0,0.785520017147064,2.0,2.0,0
999,3.0,0.8400399684906,5.0,4.0,0
1000,4.0,0.387620002031326,2.0,3.0,1
1001,4.0,0.600469946861267,3.0,4.0,0
1002,3.0,0.320780009031296,3.0,1.0,0
1003,3.0,0.457309991121292,2.0,4.0,0
1004,3.0,0.785520017147064,7.0,4.0,1
1005,4.0,0.320780009031296,5.0,4.0,1
1006,3.0,0.785520017147064,2.0,4.0,1
1007,3.0,0.343410015106201,1.0,4.0,1
1008,3.0,0.401980012655258,3.0,2.0,0
1009,3.0,0.343410015106201,6.0,4.0,1
1010,3.0,0.785520017147064,2.0,3.0,0
1011,2.0,0.315829992294312,1.0,4.0,1
1012,4.0,0.394959986209869,4.0,4.0,1
1013,3.0,0.600469946861267,1.0,4.0,1
1014,5.0,0.688880026340485,4.0,7.0,1
1015,2.0,0.518409967422485,2.0,2.0,1
1016,3.0,0.701979994773865,7.0,7.0,0
1017,5.0,0.309140026569366,5.0,4.0,0
1018,3.0,0.600469946861267,2.0,6.0,0
1019,3.0,0.600469946861267,3.0,4.0,1
1020,3.0,0.189989998936653,1.0,2.0,1
1021,4.0,0.315829992294312,1.0,2.0,1
1022,2.0,0.487359970808029,6.0,4.0,0
1023,4.0,0.343410015106201,1.0,2.0,1
1024,3.0,0.461620002985001,6.0,4.0,0
1025,3.0,0.673849999904633,1.0,3.0,1
1026,3.0,0.785520017147064,2.0,4.0,1
1027,3.0,0.673849999904633,2.0,4.0,0
1028,3.0,0.609759986400604,7.0,5.0,1
1029,3.0,0.785520017147064,3.0,3.0,1
1030,4.0,0.614226460456848,2.0,5.0,1
1031,2.0,0.387620002031326,4.0,4.0,0
1032,1.0,0.320780009031296,3.0,3.0,0
1033,4.0,0.785520017147064,2.0,4.0,1
1034,3.0,0.545379996299744,1.0,4.0,0
1035,5.0,0.401980012655258,4.0,5.0,1
1036,5.0,0.785520017147064,7.0,6.0,0
1037,3.0,0.785520017147064,2.0,4.0,1
1038,5.0,0.189989998936653,1.0,4.0,1
1039,4.0,0.464700013399124,4.0,3.0,1
1040,4.0,0.609759986400604,5.0,6.0,1
1041,5.0,0.394959986209869,7.0,7.0,1
1042,4.0,0.340220004320145,1.0,3.0,0
1043,3.0,0.614226460456848,5.0,4.0,0
1044,4.0,0.785520017147064,3.0,4.0,0
1045,5.0,0.408600002527237,1.0,4.0,1
1046,3.0,0.320780009031296,7.0,6.0,1
1047,5.0,0.461620002985001,1.0,4.0,0
1048,3.0,0.609759986400604,7.0,4.0,1
1049,3.0,0.785520017147064,3.0,6.0,1
1050,4.0,0.65021002292633,6.0,4.0,1
1051,3.0,0.785520017147064,7.0,7.0,0
1052,5.0,0.414970010519028,4.0,5.0,0
1053,3.0,0.414970010519028,6.0,4.0,0
1054,4.0,0.614226460456848,5.0,4.0,1
1055,3.0,0.407070010900497,3.0,4.0,1
1056,3.0,0.785520017147064,7.0,4.0,1
1057,5.0,0.785520017147064,5.0,5.0,1
1058,5.0,0.785520017147064,7.0,7.0,0
1059,5.0,0.532429993152618,2.0,4.0,0
1060,3.0,0.673849999904633,1.0,4.0,0
1061,4.0,0.65021002292633,2.0,6.0,1
1062,5.0,0.511519968509674,4.0,6.0,0
1063,5.0,0.414970010519028,1.0,4.0,0
1064,4.0,0.407070010900497,7.0,6.0,0
1065,3.0,0.408399999141693,2.0,7.0,1
1066,3.0,0.600469946861267,2.0,2.0,1
1067,4.0,0.532429993152618,1.0,6.0,1
1068,4.0,0.785520017147064,6.0,6.0,0
1069,1.0,0.309140026569366,1.0,4.0,0
1070,3.0,0.673849999904633,4.0,4.0,1
1071,3.0,0.464700013399124,7.0,7.0,1
1072,4.0,0.400240004062653,6.0,5.0,1
1073,4.0,0.785520017147064,2.0,4.0,0
1074,4.0,0.785520017147064,6.0,4.0,0
1075,3.0,0.688880026340485,6.0,5.0,1
1076,3.0,0.785520017147064,7.0,6.0,0
1077,4.0,0.785520017147064,1.0,5.0,1
1078,3.0,0.592509984970093,5.0,6.0,0
1079,5.0,0.407070010900497,1.0,5.0,0
1080,3.0,0.785520017147064,2.0,6.0,1
1081,3.0,0.464700013399124,6.0,3.0,1
1082,5.0,0.673849999904633,7.0,4.0,1
1083,3.0,0.320780009031296,7.0,6.0,0
1084,3.0,0.406390011310577,5.0,5.0,1
1085,5.0,0.518409967422485,6.0,4.0,1
1086,5.0,0.427269995212555,4.0,4.0,0
1087,4.0,0.8400399684906,2.0,5.0,1
1088,3.0,0.673849999904633,3.0,4.0,0
1089,4.0,0.265219986438751,3.0,2.0,0
1090,4.0,0.785520017147064,2.0,3.0,0
1091,3.0,0.785520017147064,5.0,4.0,1
1092,3.0,0.701979994773865,6.0,4.0,1
1093,4.0,0.614226460456848,3.0,4.0,1
1094,3.0,0.511519968509674,5.0,3.0,0
1095,3.0,0.511519968509674,7.0,6.0,0
1096,3.0,0.390350013971329,6.0,4.0,0
1097,3.0,0.785520017147064,1.0,2.0,1
1098,3.0,0.785520017147064,6.0,5.0,0
1099,3.0,0.600469946861267,2.0,2.0,1
1100,4.0,0.701979994773865,3.0,1.0,1
1101,4.0,0.688880026340485,3.0,4.0,1
1102,3.0,0.400240004062653,4.0,4.0,1
1103,3.0,0.785520017147064,2.0,2.0,0
1104,5.0,0.511519968509674,4.0,4.0,0
1105,3.0,0.614226460456848,4.0,5.0,0
1106,4.0,0.614226460456848,6.0,5.0,0
1107,4.0,0.785520017147064,3.0,5.0,0
1108,3.0,0.785520017147064,1.0,4.0,1
1109,3.0,0.785520017147064,5.0,7.0,1
1110,3.0,0.785520017147064,2.0,4.0,1
1111,3.0,0.785520017147064,5.0,4.0,0
1112,3.0,0.261489987373352,1.0,4.0,1
1113,1.0,0.261489987373352,1.0,4.0,1
1114,3.0,0.477019995450974,4.0,4.0,0
1115,3.0,0.320780009031296,5.0,4.0,1
1116,3.0,0.511519968509674,2.0,5.0,0
1117,3.0,0.614226460456848,6.0,6.0,0
1118,3.0,0.614226460456848,6.0,6.0,1
1119,3.0,0.614226460456848,5.0,3.0,0
1120,3.0,0.600469946861267,7.0,7.0,1
1121,4.0,0.315829992294312,3.0,2.0,0
1122,3.0,0.903599977493286,6.0,5.0,0
1123,3.0,0.400240004062653,6.0,4.0,1
1124,5.0,0.343410015106201,1.0,3.0,1
1125,4.0,0.662460029125214,7.0,5.0,0
1126,3.0,0.777340054512024,3.0,2.0,1
1127,4.0,0.407070010900497,3.0,5.0,1
1128,3.0,0.343410015106201,1.0,4.0,0
1129,5.0,0.390350013971329,7.0,4.0,0
1130,3.0,0.785520017147064,2.0,4.0,1
1131,3.0,0.335929989814758,5.0,5.0,0
1132,3.0,0.407070010900497,3.0,5.0,1
1133,5.0,0.614226460456848,6.0,4.0,0
1134,3.0,0.785520017147064,6.0,4.0,1
1135,5.0,0.400240004062653,5.0,4.0,1
1136,4.0,0.785520017147064,1.0,4.0,1
1137,3.0,0.600469946861267,4.0,4.0,1
1138,5.0,0.600469946861267,1.0,5.0,1
1139,5.0,0.62365996837616,3.0,4.0,0
1140,3.0,0.477019995450974,5.0,3.0,0
1141,4.0,0.785520017147064,4.0,4.0,0
1142,3.0,0.673849999904633,2.0,3.0,0
1143,4.0,0.315829992294312,4.0,5.0,0
1144,2.0,0.189989998936653,1.0,3.0,1
1145,5.0,0.532429993152618,6.0,3.0,0
1146,4.0,0.400240004062653,7.0,7.0,1
1147,5.0,0.400240004062653,6.0,3.0,1
1148,5.0,0.477019995450974,1.0,4.0,0
1149,3.0,0.785520017147064,7.0,4.0,1
1150,3.0,0.386619985103607,3.0,4.0,0
1151,3.0,0.487359970808029,2.0,6.0,0
1152,3.0,0.401980012655258,2.0,4.0,0
1153,3.0,0.785520017147064,1.0,3.0,0
1154,4.0,0.487359970808029,2.0,2.0,0
1155,4.0,0.785520017147064,3.0,4.0,1
1156,3.0,0.600469946861267,2.0,4.0,1
1157,4.0,0.407070010900497,6.0,5.0,1
1158,3.0,0.414970010519028,7.0,4.0,0
1159,4.0,0.335929989814758,3.0,5.0,0
1160,4.0,0.343410015106201,1.0,2.0,1
1161,3.0,0.62365996837616,1.0,2.0,0
1162,3.0,0.367390006780624,4.0,4.0,0
1163,1.0,0.267989993095398,1.0,4.0,1
1164,5.0,0.461620002985001,1.0,1.0,0
1165,4.0,0.592509984970093,4.0,4.0,0
1166,3.0,0.265219986438751,2.0,4.0,0
1167,3.0,0.532539963722229,1.0,4.0,0
1168,3.0,0.785520017147064,3.0,4.0,1
1169,4.0,0.785520017147064,4.0,3.0,1
1170,3.0,0.785520017147064,6.0,4.0,1
1171,3.0,0.340220004320145,2.0,4.0,1
1172,3.0,0.673849999904633,1.0,4.0,1
1173,5.0,0.267989993095398,1.0,3.0,0
1174,3.0,0.446730017662048,1.0,2.0,1
1175,3.0,0.427269995212555,1.0,3.0,0
1176,5.0,0.265219986438751,1.0,4.0,1
1177,4.0,0.785520017147064,3.0,4.0,1
1178,4.0,0.532429993152618,6.0,4.0,0
1179,5.0,0.614226460456848,5.0,7.0,0
1180,5.0,0.785520017147064,6.0,5.0,1
1181,4.0,0.464700013399124,6.0,5.0,1
1182,3.0,0.688880026340485,3.0,4.0,0
1183,5.0,0.518409967422485,3.0,4.0,1
1184,4.0,0.427269995212555,2.0,5.0,0
1185,4.0,0.785520017147064,6.0,4.0,1
1186,5.0,0.400240004062653,1.0,3.0,1
1187,4.0,0.427269995212555,1.0,5.0,0
1188,3.0,0.65021002292633,1.0,3.0,1
1189,2.0,0.581430017948151,2.0,5.0,0
1190,3.0,0.414970010519028,6.0,4.0,0
1191,5.0,0.414970010519028,7.0,6.0,0
1192,2.0,0.267989993095398,3.0,6.0,1
1193,4.0,0.364969998598099,2.0,3.0,1
1194,5.0,0.394959986209869,3.0,4.0,1
1195,3.0,0.407070010900497,3.0,4.0,1
1196,3.0,0.614226460456848,3.0,4.0,0
1197,4.0,0.785520017147064,2.0,4.0,1
1198,4.0,0.440597921609879,4.0,4.0,0
1199,4.0,0.62365996837616,1.0,4.0,0
1200,3.0,0.394959986209869,2.0,4.0,1
1201,3.0,0.511519968509674,2.0,4.0,0
1202,4.0,0.343410015106201,4.0,4.0,1
1203,2.0,0.267989993095398,1.0,1.0,0
1204,3.0,0.62365996837616,6.0,4.0,0
1205,3.0,0.785520017147064,2.0,4.0,1
1206,3.0,0.394959986209869,1.0,2.0,1
1207,5.0,0.785520017147064,3.0,4.0,1
1208,3.0,0.785520017147064,6.0,6.0,1
1209,3.0,0.785520017147064,2.0,6.0,0
1210,2.0,0.532539963722229,5.0,6.0,0
1211,3.0,0.903599977493286,7.0,6.0,0
1212,3.0,0.487359970808029,1.0,4.0,0
1213,5.0,0.312420010566711,3.0,5.0,1
1214,3.0,0.529449999332428,1.0,2.0,1
1215,3.0,0.315829992294312,3.0,4.0,1
1216,3.0,0.592509984970093,6.0,3.0,0
1217,3.0,0.785520017147064,1.0,4.0,1
1218,5.0,0.581430017948151,5.0,5.0,0
1219,3.0,0.320780009031296,4.0,4.0,1
1220,3.0,0.400240004062653,7.0,4.0,1
1221,5.0,0.785520017147064,1.0,3.0,1
1222,5.0,0.785520017147064,2.0,3.0,0
1223,3.0,0.785520017147064,4.0,4.0,0
1224,4.0,0.320780009031296,1.0,4.0,1
1225,5.0,0.343410015106201,7.0,5.0,1
1226,3.0,0.785520017147064,6.0,5.0,1
1227,1.0,0.785520017147064,7.0,4.0,1
1228,3.0,0.785520017147064,4.0,7.0,1
1229,4.0,0.785520017147064,7.0,5.0,1
1230,4.0,0.315829992294312,1.0,5.0,0
1231,1.0,0.343410015106201,2.0,2.0,1
1232,4.0,0.446730017662048,6.0,4.0,1
1233,4.0,0.320780009031296,2.0,4.0,1
1234,5.0,0.785520017147064,3.0,5.0,1
1235,2.0,0.408600002527237,7.0,7.0,1
1236,3.0,0.529449999332428,1.0,6.0,0
1237,4.0,0.394959986209869,1.0,2.0,1
1238,3.0,0.461620002985001,4.0,4.0,0
1239,3.0,0.265219986438751,1.0,4.0,1
1240,4.0,0.614226460456848,3.0,5.0,1
1241,3.0,0.785520017147064,4.0,4.0,1
1242,4.0,0.65021002292633,7.0,5.0,0
1243,4.0,0.785520017147064,2.0,4.0,1
1244,3.0,0.401980012655258,1.0,4.0,1
1245,4.0,0.785520017147064,7.0,6.0,1
1246,5.0,0.592509984970093,5.0,5.0,0
1247,4.0,0.62365996837616,4.0,4.0,0
1248,4.0,0.381099998950958,7.0,6.0,0
1249,4.0,0.511519968509674,6.0,4.0,0
1250,4.0,0.261489987373352,5.0,5.0,0
1251,1.0,0.785520017147064,7.0,4.0,1
1252,5.0,0.532429993152618,7.0,6.0,0
1253,3.0,0.518409967422485,2.0,3.0,1
1254,5.0,0.785520017147064,1.0,4.0,1
1255,4.0,0.3887699842453,2.0,3.0,0
1256,3.0,0.614226460456848,5.0,5.0,1
1257,3.0,0.343410015106201,3.0,4.0,1
1258,3.0,0.36285999417305,1.0,4.0,0
1259,3.0,0.267989993095398,4.0,4.0,1
1260,4.0,0.701979994773865,2.0,5.0,0
1261,5.0,0.785520017147064,2.0,2.0,0
1262,5.0,0.903599977493286,5.0,5.0,0
1263,5.0,0.401980012655258,2.0,4.0,1
1264,4.0,0.701979994773865,7.0,6.0,0
1265,5.0,0.189989998936653,1.0,2.0,1
1266,3.0,0.785520017147064,6.0,4.0,0
1267,2.0,0.407070010900497,1.0,4.0,1
1268,4.0,0.688880026340485,6.0,3.0,1
1269,4.0,0.320780009031296,2.0,4.0,1
1270,3.0,0.600469946861267,3.0,2.0,0
1271,4.0,0.785520017147064,4.0,4.0,0
1272,3.0,0.785520017147064,2.0,5.0,1
1273,4.0,0.267989993095398,5.0,6.0,1
1274,4.0,0.793409943580627,7.0,5.0,1
1275,2.0,0.518409967422485,3.0,3.0,1
1276,4.0,0.189989998936653,1.0,3.0,1
1277,5.0,0.335929989814758,1.0,3.0,1
1278,3.0,0.408399999141693,4.0,4.0,0
1279,3.0,0.785520017147064,5.0,5.0,0
1280,3.0,0.401980012655258,6.0,6.0,0
1281,3.0,0.440597921609879,6.0,4.0,0
1282,3.0,0.785520017147064,4.0,4.0,0
1283,3.0,0.688880026340485,7.0,4.0,1
1284,5.0,0.335929989814758,7.0,5.0,0
1285,5.0,0.267989993095398,4.0,4.0,1
1286,5.0,0.477019995450974,5.0,5.0,0
1287,3.0,0.701979994773865,7.0,6.0,0
1288,3.0,0.785520017147064,2.0,4.0,1
1289,3.0,0.701979994773865,4.0,4.0,0
1290,4.0,0.785520017147064,1.0,5.0,1
1291,4.0,0.903599977493286,5.0,6.0,0
1292,4.0,0.673849999904633,2.0,4.0,1
1293,4.0,0.511519968509674,6.0,4.0,0
1294,3.0,0.785520017147064,4.0,4.0,1
1295,5.0,0.265219986438751,6.0,4.0,0
1296,3.0,0.461620002985001,2.0,1.0,0
1297,5.0,0.785520017147064,7.0,4.0,0
1298,4.0,0.414970010519028,7.0,6.0,1
1299,3.0,0.903599977493286,7.0,5.0,0
1300,5.0,0.785520017147064,7.0,4.0,0
1301,3.0,0.688880026340485,6.0,5.0,0
1302,4.0,0.785520017147064,2.0,6.0,1
1303,4.0,0.785520017147064,2.0,4.0,1
1304,3.0,0.600469946861267,1.0,5.0,0
1305,3.0,0.461620002985001,1.0,2.0,0
1306,3.0,0.414970010519028,2.0,4.0,1
1307,3.0,0.777340054512024,2.0,3.0,1
1308,3.0,0.312420010566711,1.0,6.0,1
1309,5.0,0.261489987373352,1.0,6.0,1
1310,3.0,0.267989993095398,2.0,4.0,1
1311,4.0,0.408399999141693,6.0,4.0,0
1312,4.0,0.343410015106201,6.0,4.0,1
1313,4.0,0.315829992294312,1.0,5.0,1
1314,4.0,0.364969998598099,5.0,3.0,1
1315,5.0,0.457309991121292,6.0,4.0,0
1316,3.0,0.785520017147064,1.0,4.0,0
1317,3.0,0.785520017147064,7.0,4.0,1
1318,4.0,0.785520017147064,5.0,5.0,0
1319,3.0,0.785520017147064,3.0,4.0,1
1320,5.0,0.414970010519028,5.0,4.0,1
1321,5.0,0.401980012655258,5.0,4.0,0
1322,4.0,0.414970010519028,6.0,4.0,0
1323,3.0,0.189989998936653,3.0,4.0,1
1324,4.0,0.312420010566711,1.0,4.0,1
1325,3.0,0.62365996837616,2.0,4.0,0
1326,3.0,0.785520017147064,6.0,3.0,1
1327,5.0,0.367390006780624,2.0,4.0,0
1328,4.0,0.367390006780624,2.0,4.0,1
1329,5.0,0.315829992294312,2.0,4.0,1
1330,4.0,0.401980012655258,2.0,4.0,0
1331,3.0,0.785520017147064,6.0,4.0,1
1332,5.0,0.320780009031296,2.0,4.0,1
1333,2.0,0.518409967422485,2.0,3.0,1
1334,3.0,0.487359970808029,6.0,5.0,0
1335,4.0,0.267989993095398,2.0,3.0,0
1336,4.0,0.8400399684906,7.0,6.0,0
1337,5.0,0.785520017147064,4.0,4.0,1
1338,4.0,0.267989993095398,1.0,5.0,1
1339,3.0,0.511519968509674,6.0,5.0,0
1340,3.0,0.457309991121292,5.0,4.0,0
1341,3.0,0.394959986209869,3.0,3.0,1
1342,3.0,0.785520017147064,2.0,2.0,1
1343,5.0,0.261489987373352,5.0,4.0,1
1344,5.0,0.440597921609879,4.0,4.0,0
1345,5.0,0.785520017147064,7.0,4.0,1
1346,3.0,0.407070010900497,3.0,4.0,1
1347,5.0,0.394959986209869,4.0,4.0,1
1348,3.0,0.400240004062653,7.0,5.0,1
1349,5.0,0.511519968509674,2.0,4.0,0
1350,5.0,0.394959986209869,3.0,4.0,1
1351,4.0,0.367390006780624,1.0,4.0,1
1352,4.0,0.464899986982346,3.0,2.0,1
1353,3.0,0.394959986209869,4.0,4.0,1
1354,3.0,0.532429993152618,3.0,1.0,0
1355,3.0,0.343410015106201,4.0,5.0,0
1356,4.0,0.662460029125214,1.0,4.0,0
1357,5.0,0.464700013399124,3.0,5.0,1
1358,3.0,0.785520017147064,1.0,4.0,1
1359,5.0,0.407070010900497,7.0,6.0,0
1360,4.0,0.592509984970093,5.0,4.0,0
1361,4.0,0.785520017147064,6.0,3.0,0
1362,4.0,0.903599977493286,7.0,6.0,0
1363,3.0,0.343410015106201,3.0,5.0,0
1364,5.0,0.36285999417305,3.0,4.0,0
1365,5.0,0.320780009031296,2.0,4.0,1
1366,5.0,0.387620002031326,6.0,4.0,1
1367,3.0,0.265219986438751,1.0,4.0,0
1368,3.0,0.688880026340485,3.0,4.0,1
1369,5.0,0.477019995450974,3.0,4.0,0
1370,4.0,0.600469946861267,5.0,5.0,0
1371,5.0,0.427269995212555,6.0,6.0,1
1372,5.0,0.532429993152618,6.0,6.0,0
1373,5.0,0.464700013399124,1.0,6.0,1
1374,3.0,0.315829992294312,1.0,4.0,1
1375,3.0,0.785520017147064,6.0,3.0,1
1376,4.0,0.511519968509674,4.0,4.0,0
1377,5.0,0.614226460456848,7.0,6.0,0
1378,5.0,0.785520017147064,1.0,4.0,0
1379,4.0,0.785520017147064,1.0,4.0,1
1380,5.0,0.785520017147064,4.0,2.0,0
1381,4.0,0.600469946861267,6.0,7.0,0
1382,3.0,0.662460029125214,1.0,4.0,0
1383,5.0,0.62365996837616,3.0,4.0,0
1384,3.0,0.401980012655258,1.0,4.0,0
1385,3.0,0.394959986209869,2.0,5.0,1
1386,3.0,0.189989998936653,7.0,4.0,1
1387,3.0,0.315829992294312,4.0,4.0,0
1388,5.0,0.414970010519028,2.0,6.0,1
1389,5.0,0.267989993095398,6.0,4.0,1
1390,5.0,0.320780009031296,6.0,5.0,1
1391,4.0,0.609759986400604,3.0,3.0,1
1392,3.0,0.267989993095398,1.0,2.0,1
1393,3.0,0.320780009031296,4.0,2.0,0
1394,4.0,1.10091006755829,3.0,2.0,0
1395,3.0,0.65021002292633,5.0,5.0,1
1396,2.0,1.10091006755829,1.0,2.0,1
1397,3.0,0.581430017948151,4.0,4.0,0
1398,3.0,0.343410015106201,2.0,5.0,1
1399,3.0,0.414970010519028,7.0,4.0,0
1400,4.0,0.400240004062653,2.0,4.0,1
1401,3.0,0.343410015106201,7.0,5.0,1
1402,4.0,0.600469946861267,2.0,5.0,0
1403,5.0,0.461620002985001,2.0,6.0,1
1404,3.0,0.62365996837616,7.0,5.0,0
1405,3.0,0.65021002292633,1.0,3.0,0
1406,3.0,0.785520017147064,1.0,2.0,1
1407,1.0,0.407070010900497,2.0,4.0,1
1408,3.0,0.532429993152618,1.0,2.0,0
1409,4.0,0.688880026340485,3.0,4.0,1
1410,4.0,0.785520017147064,3.0,4.0,1
1411,4.0,0.267989993095398,1.0,4.0,1
1412,4.0,0.381099998950958,7.0,4.0,0
1413,3.0,0.518409967422485,5.0,6.0,0
1414,5.0,0.364969998598099,2.0,3.0,1
1415,3.0,0.320780009031296,7.0,4.0,1
1416,4.0,0.394959986209869,2.0,4.0,1
1417,5.0,0.261489987373352,3.0,4.0,1
1418,3.0,0.408399999141693,1.0,5.0,1
1419,4.0,0.427269995212555,2.0,4.0,0
1420,3.0,0.609759986400604,2.0,3.0,1
1421,3.0,0.487359970808029,7.0,6.0,1
1422,3.0,0.785520017147064,3.0,4.0,1
1423,3.0,0.427269995212555,3.0,4.0,1
1424,3.0,0.532429993152618,2.0,3.0,0
1425,3.0,0.407070010900497,5.0,6.0,1
1426,4.0,0.312420010566711,5.0,6.0,1
1427,3.0,0.461620002985001,7.0,4.0,0
1428,5.0,0.785520017147064,6.0,4.0,1
1429,5.0,0.614226460456848,6.0,6.0,0
1430,2.0,0.903599977493286,7.0,5.0,0
1431,3.0,0.785520017147064,5.0,4.0,1
1432,3.0,0.387620002031326,3.0,4.0,1
1433,3.0,0.315829992294312,7.0,4.0,1
1434,3.0,0.785520017147064,1.0,4.0,1
1435,3.0,0.487359970808029,6.0,6.0,0
1436,4.0,0.408399999141693,2.0,2.0,0
1437,4.0,0.394959986209869,2.0,6.0,1
1438,3.0,0.600469946861267,3.0,2.0,0
1439,2.0,0.785520017147064,3.0,4.0,1
1440,4.0,0.511519968509674,4.0,4.0,0
1441,4.0,0.600469946861267,7.0,6.0,0
1442,5.0,0.614226460456848,7.0,6.0,0
1443,5.0,0.464700013399124,4.0,4.0,1
1444,5.0,0.315829992294312,3.0,4.0,1
1445,5.0,0.390350013971329,5.0,6.0,0
1446,3.0,0.644749999046326,4.0,4.0,1
1447,3.0,0.785520017147064,2.0,2.0,1
1448,3.0,0.343410015106201,4.0,4.0,1
1449,3.0,0.401980012655258,1.0,4.0,1
1450,3.0,0.785520017147064,2.0,4.0,0
1451,3.0,0.62365996837616,1.0,4.0,0
1452,5.0,0.315829992294312,7.0,6.0,1
1453,5.0,0.903599977493286,7.0,6.0,0
1454,4.0,0.785520017147064,6.0,4.0,1
1455,3.0,0.785520017147064,7.0,6.0,0
1456,5.0,0.785520017147064,1.0,4.0,1
1457,4.0,0.265219986438751,1.0,4.0,0
1458,3.0,0.785520017147064,5.0,4.0,0
1459,3.0,0.400240004062653,3.0,4.0,1
1460,3.0,0.62365996837616,6.0,6.0,0
1461,3.0,0.592509984970093,3.0,1.0,0
1462,4.0,0.785520017147064,6.0,4.0,1
1463,4.0,0.785520017147064,3.0,4.0,1
1464,4.0,0.511519968509674,3.0,4.0,0
1465,5.0,0.461620002985001,4.0,4.0,0
1466,3.0,0.701979994773865,1.0,4.0,0
1467,2.0,0.65021002292633,3.0,3.0,1
1468,3.0,0.785520017147064,6.0,4.0,1
1469,3.0,0.315829992294312,1.0,2.0,0
1470,4.0,0.315829992294312,2.0,4.0,0
1471,3.0,0.385200023651123,1.0,4.0,0
1472,3.0,1.10091006755829,2.0,4.0,0
1473,3.0,1.10091006755829,3.0,2.0,0
1474,5.0,0.511519968509674,2.0,4.0,0
1475,4.0,0.592509984970093,1.0,4.0,0
1476,3.0,0.343410015106201,1.0,4.0,1
1477,3.0,0.461620002985001,4.0,4.0,1
1478,3.0,0.390350013971329,5.0,4.0,0
1479,5.0,0.698559999465942,5.0,2.0,0
1480,4.0,0.265219986438751,6.0,4.0,0
1481,4.0,0.461620002985001,6.0,4.0,0
1482,4.0,0.408399999141693,6.0,6.0,0
1483,5.0,0.785520017147064,2.0,5.0,1
1484,3.0,0.785520017147064,2.0,4.0,1
1485,3.0,0.614226460456848,5.0,5.0,0
1486,4.0,0.65021002292633,2.0,2.0,0
1487,5.0,0.267989993095398,5.0,7.0,1
1488,3.0,0.315829992294312,5.0,4.0,1
1489,3.0,0.267989993095398,2.0,4.0,1
1490,3.0,0.785520017147064,6.0,4.0,0
1491,4.0,0.785520017147064,4.0,3.0,1
1492,3.0,0.701979994773865,1.0,6.0,0
1493,4.0,0.267989993095398,6.0,4.0,1
1494,5.0,0.511519968509674,6.0,6.0,0
1495,5.0,0.609759986400604,3.0,5.0,1
1496,4.0,0.65021002292633,7.0,6.0,1
1497,3.0,0.785520017147064,5.0,6.0,0
1498,3.0,0.320780009031296,3.0,4.0,1
1499,3.0,0.785520017147064,1.0,7.0,1
1500,3.0,0.407070010900497,1.0,4.0,1
1501,5.0,0.785520017147064,3.0,2.0,1
1502,3.0,0.8400399684906,1.0,4.0,0
1503,3.0,1.10091006755829,2.0,4.0,0
1504,4.0,0.673849999904633,6.0,4.0,1
1505,1.0,0.343410015106201,4.0,4.0,1
1506,5.0,0.394959986209869,5.0,6.0,1
1507,3.0,0.614226460456848,7.0,6.0,0
1508,5.0,0.614226460456848,7.0,7.0,0
1509,4.0,0.408399999141693,3.0,4.0,0
1510,5.0,0.407070010900497,7.0,6.0,1
1511,4.0,0.785520017147064,1.0,4.0,1
1512,3.0,0.785520017147064,1.0,6.0,0
1513,3.0,0.701979994773865,4.0,4.0,0
1514,3.0,0.343410015106201,3.0,3.0,0
1515,3.0,0.335929989814758,5.0,3.0,0
1516,4.0,0.8400399684906,7.0,5.0,1
1517,5.0,0.785520017147064,2.0,3.0,0
1518,5.0,0.903599977493286,6.0,5.0,0
1519,3.0,0.8400399684906,4.0,4.0,0
1520,3.0,0.592509984970093,1.0,4.0,1
1521,3.0,0.785520017147064,1.0,3.0,0
1522,5.0,0.785520017147064,7.0,5.0,0
1523,4.0,0.62365996837616,6.0,5.0,0
1524,3.0,0.315829992294312,5.0,4.0,1
1525,3.0,0.381099998950958,5.0,4.0,0
1526,3.0,0.468820005655289,6.0,6.0,0
1527,5.0,0.614226460456848,1.0,1.0,1
1528,5.0,0.609759986400604,2.0,4.0,1
1529,4.0,0.65021002292633,2.0,3.0,0
1530,3.0,0.315829992294312,1.0,4.0,1
1531,3.0,0.401980012655258,1.0,7.0,0
1532,4.0,0.414970010519028,6.0,4.0,0
1533,4.0,0.400240004062653,6.0,3.0,1
1534,3.0,0.343410015106201,4.0,4.0,1
1535,4.0,0.511519968509674,3.0,4.0,0
1536,4.0,0.785520017147064,1.0,4.0,1
1537,3.0,0.394959986209869,6.0,4.0,1
1538,4.0,0.785520017147064,1.0,4.0,1
1539,3.0,0.511519968509674,3.0,6.0,0
1540,5.0,0.367390006780624,1.0,5.0,0
1541,3.0,0.785520017147064,2.0,4.0,1
1542,5.0,0.414970010519028,1.0,4.0,0
1543,5.0,0.401980012655258,2.0,4.0,1
1544,3.0,0.65021002292633,3.0,3.0,1
1545,4.0,0.364969998598099,3.0,3.0,1
1546,3.0,0.785520017147064,5.0,5.0,0
1547,3.0,0.446730017662048,7.0,6.0,1
1548,3.0,0.464700013399124,5.0,4.0,1
1549,3.0,0.518409967422485,1.0,2.0,0
1550,3.0,0.394959986209869,7.0,6.0,1
1551,5.0,0.367390006780624,2.0,5.0,0
1552,5.0,0.688880026340485,2.0,4.0,1
1553,3.0,0.592509984970093,6.0,4.0,0
1554,2.0,0.267989993095398,1.0,4.0,1
1555,4.0,0.265219986438751,7.0,5.0,1
1556,3.0,0.367390006780624,1.0,4.0,0
1557,5.0,0.785520017147064,4.0,4.0,1
1558,5.0,0.673849999904633,4.0,5.0,1
1559,5.0,0.401980012655258,5.0,4.0,1
1560,3.0,0.385200023651123,7.0,2.0,0
1561,3.0,0.777340054512024,2.0,2.0,0
1562,4.0,0.401980012655258,5.0,4.0,1
1563,4.0,0.407070010900497,3.0,4.0,1
1564,4.0,1.10091006755829,5.0,3.0,1
1565,3.0,0.785520017147064,6.0,4.0,1
1566,5.0,0.381099998950958,6.0,4.0,1
1567,3.0,0.407070010900497,6.0,6.0,1
1568,3.0,0.673849999904633,3.0,4.0,1
1569,3.0,0.600469946861267,1.0,3.0,1
1570,5.0,0.427269995212555,2.0,4.0,1
1571,3.0,0.364969998598099,3.0,4.0,0
1572,3.0,0.518409967422485,1.0,3.0,0
1573,3.0,0.267989993095398,3.0,4.0,0
1574,3.0,0.614226460456848,2.0,4.0,1
1575,2.0,0.518409967422485,4.0,4.0,0
1576,3.0,0.785520017147064,7.0,7.0,0
1577,3.0,0.600469946861267,2.0,3.0,0
1578,5.0,1.10091006755829,6.0,6.0,0
1579,3.0,0.320780009031296,4.0,3.0,1
1580,3.0,0.785520017147064,4.0,4.0,1
1581,3.0,0.315829992294312,1.0,3.0,0
1582,3.0,0.267989993095398,1.0,3.0,1
1583,3.0,0.701979994773865,6.0,4.0,0
1584,3.0,0.414970010519028,5.0,2.0,0
1585,3.0,0.785520017147064,7.0,6.0,0
1586,3.0,0.267989993095398,1.0,4.0,1
1587,4.0,0.511519968509674,2.0,5.0,1
1588,3.0,0.511519968509674,2.0,6.0,0
1589,5.0,0.785520017147064,3.0,4.0,1
1590,4.0,0.312420010566711,2.0,6.0,1
1591,5.0,0.261489987373352,2.0,2.0,0
1592,4.0,0.390350013971329,7.0,4.0,0
1593,4.0,0.487359970808029,3.0,4.0,0
1594,4.0,0.312420010566711,2.0,6.0,1
1595,3.0,0.600469946861267,2.0,5.0,0
1596,2.0,0.267989993095398,2.0,6.0,1
1597,3.0,0.309140026569366,1.0,4.0,0
1598,1.0,0.261489987373352,1.0,3.0,1
1599,3.0,0.62365996837616,6.0,4.0,0
1600,3.0,0.592509984970093,7.0,5.0,0
1601,4.0,0.785520017147064,5.0,5.0,1
1602,3.0,0.592509984970093,2.0,4.0,0
1603,5.0,0.785520017147064,2.0,4.0,0
1604,3.0,0.532429993152618,5.0,5.0,0
1605,3.0,0.265219986438751,7.0,4.0,0
1606,3.0,0.785520017147064,5.0,5.0,0
1607,5.0,0.701979994773865,7.0,6.0,0
1608,3.0,0.673849999904633,1.0,3.0,1
1609,3.0,0.315829992294312,7.0,3.0,1
1610,5.0,0.673849999904633,6.0,4.0,1
1611,4.0,0.477019995450974,2.0,4.0,0
1612,4.0,0.364969998598099,6.0,5.0,1
1613,5.0,0.673849999904633,2.0,2.0,0
1614,3.0,0.267989993095398,1.0,4.0,1
1615,3.0,0.785520017147064,2.0,5.0,1
1616,4.0,0.785520017147064,2.0,6.0,1
1617,3.0,0.592509984970093,1.0,2.0,0
1618,5.0,0.785520017147064,7.0,6.0,1
1619,3.0,0.189989998936653,1.0,4.0,1
1620,3.0,0.592509984970093,7.0,6.0,0
1621,3.0,0.427269995212555,4.0,4.0,0
1622,4.0,0.785520017147064,3.0,4.0,1
1623,4.0,0.785520017147064,5.0,5.0,0
1624,5.0,0.62365996837616,1.0,5.0,0
1625,2.0,0.673849999904633,2.0,3.0,0
1626,3.0,1.13774001598358,5.0,3.0,0
1627,3.0,0.600469946861267,4.0,3.0,1
1628,3.0,0.267989993095398,1.0,4.0,0
1629,3.0,0.394959986209869,4.0,4.0,1
1630,4.0,0.62365996837616,7.0,6.0,0
1631,3.0,0.385200023651123,1.0,4.0,0
1632,3.0,0.394959986209869,2.0,3.0,1
1633,4.0,0.335929989814758,7.0,4.0,0
1634,4.0,0.364969998598099,1.0,4.0,0
1635,3.0,0.36285999417305,4.0,3.0,1
1636,3.0,0.903599977493286,1.0,2.0,0
1637,3.0,0.600469946861267,7.0,4.0,1
1638,4.0,0.487359970808029,6.0,5.0,0
1639,3.0,0.343410015106201,7.0,6.0,0
1640,5.0,0.464899986982346,1.0,4.0,0
1641,5.0,0.487359970808029,3.0,4.0,0
1642,3.0,0.614226460456848,7.0,4.0,0
1643,3.0,0.785520017147064,6.0,7.0,1
1644,5.0,0.785520017147064,4.0,4.0,1
1645,3.0,1.13774001598358,1.0,2.0,1
1646,3.0,0.408399999141693,1.0,4.0,0
1647,4.0,0.407070010900497,5.0,4.0,1
1648,3.0,0.614226460456848,6.0,5.0,0
1649,3.0,0.609759986400604,6.0,4.0,1
1650,4.0,0.785520017147064,5.0,4.0,1
1651,5.0,0.688880026340485,2.0,4.0,1
1652,3.0,0.520840048789978,2.0,4.0,0
1653,3.0,0.673849999904633,1.0,2.0,0
1654,5.0,0.609759986400604,5.0,4.0,1
1655,4.0,0.267989993095398,5.0,4.0,1
1656,3.0,0.785520017147064,7.0,5.0,1
1657,3.0,0.267989993095398,4.0,3.0,0
1658,3.0,0.614226460456848,6.0,5.0,0
1659,3.0,0.261489987373352,1.0,4.0,1
1660,3.0,0.673849999904633,4.0,7.0,1
1661,3.0,0.394959986209869,2.0,4.0,1
1662,2.0,0.394959986209869,6.0,6.0,0
1663,3.0,0.777340054512024,2.0,3.0,0
1664,4.0,0.600469946861267,2.0,5.0,1
1665,3.0,0.461620002985001,5.0,6.0,0
1666,3.0,0.189989998936653,6.0,4.0,1
1667,3.0,0.267989993095398,2.0,4.0,0
1668,3.0,0.343410015106201,3.0,4.0,1
1669,5.0,0.65021002292633,5.0,5.0,0
1670,4.0,0.394959986209869,7.0,4.0,1
1671,2.0,0.903599977493286,3.0,4.0,1
1672,2.0,0.785520017147064,1.0,1.0,1
1673,5.0,0.785520017147064,2.0,4.0,0
1674,4.0,0.407070010900497,6.0,3.0,1
1675,3.0,0.511519968509674,6.0,4.0,0
1676,3.0,0.785520017147064,3.0,4.0,1
1677,4.0,0.343410015106201,6.0,4.0,1
1678,4.0,0.75151002407074,4.0,6.0,0
1679,5.0,0.600469946861267,6.0,5.0,1
1680,4.0,0.65021002292633,7.0,4.0,0
1681,4.0,0.414970010519028,4.0,5.0,0
1682,1.0,0.785520017147064,3.0,4.0,1
1683,2.0,0.785520017147064,1.0,4.0,1
1684,4.0,0.785520017147064,1.0,4.0,1
1685,3.0,0.189989998936653,4.0,4.0,1
1686,4.0,0.785520017147064,4.0,4.0,1
1687,4.0,0.592509984970093,1.0,4.0,0
1688,3.0,0.390350013971329,1.0,4.0,0
1689,5.0,0.315829992294312,4.0,4.0,1
1690,3.0,0.487359970808029,6.0,6.0,0
1691,3.0,0.785520017147064,1.0,4.0,1
1692,4.0,0.312420010566711,1.0,4.0,1
1693,4.0,0.343410015106201,3.0,5.0,1
1694,3.0,0.785520017147064,4.0,3.0,1
1695,4.0,0.673849999904633,2.0,4.0,1
1696,1.0,0.688880026340485,4.0,4.0,1
1697,2.0,0.65021002292633,1.0,1.0,0
1698,3.0,0.8400399684906,6.0,5.0,0
1699,4.0,0.36285999417305,3.0,4.0,0
1700,3.0,0.387620002031326,2.0,4.0,1
1701,3.0,0.65021002292633,3.0,2.0,1
1702,3.0,0.785520017147064,2.0,4.0,1
1703,5.0,0.408399999141693,3.0,4.0,1
1704,2.0,0.315829992294312,3.0,2.0,0
1705,3.0,0.903599977493286,6.0,6.0,0
1706,1.0,0.545379996299744,2.0,5.0,0
1707,2.0,0.394959986209869,3.0,2.0,1
1708,2.0,0.903599977493286,4.0,4.0,0
1709,4.0,0.401980012655258,5.0,5.0,0
1710,3.0,0.785520017147064,1.0,4.0,1
1711,3.0,0.785520017147064,2.0,3.0,0
1712,3.0,0.335929989814758,3.0,4.0,0
1713,3.0,0.785520017147064,3.0,5.0,1
1714,2.0,0.785520017147064,2.0,4.0,1
1715,5.0,0.785520017147064,6.0,5.0,0
1716,3.0,0.464899986982346,1.0,4.0,1
1717,4.0,0.464700013399124,6.0,4.0,1
1718,3.0,0.785520017147064,5.0,4.0,1
1719,3.0,0.785520017147064,2.0,6.0,1
1720,4.0,0.343410015106201,2.0,3.0,0
1721,4.0,0.532429993152618,4.0,4.0,1
1722,3.0,0.414970010519028,7.0,6.0,0
1723,4.0,0.673849999904633,7.0,4.0,1
1724,4.0,0.785520017147064,3.0,2.0,1
1725,4.0,0.581430017948151,3.0,4.0,0
1726,3.0,1.13774001598358,1.0,2.0,0
1727,5.0,0.785520017147064,1.0,4.0,1
1728,5.0,0.390350013971329,1.0,4.0,0
1729,2.0,1.13774001598358,3.0,2.0,0
1730,4.0,0.343410015106201,6.0,6.0,1
1731,2.0,0.487359970808029,6.0,6.0,0
1732,3.0,0.785520017147064,7.0,4.0,0
1733,4.0,0.381099998950958,1.0,5.0,0
1734,3.0,0.261489987373352,5.0,6.0,1
1735,4.0,0.461620002985001,1.0,4.0,0
1736,2.0,1.10091006755829,7.0,6.0,0
1737,3.0,0.785520017147064,7.0,5.0,1
1738,3.0,0.189989998936653,4.0,4.0,1
1739,5.0,0.400240004062653,2.0,4.0,1
1740,3.0,0.414970010519028,2.0,4.0,0
1741,3.0,0.785520017147064,6.0,6.0,1
1742,3.0,0.903599977493286,2.0,4.0,0
1743,3.0,0.408600002527237,5.0,4.0,1
1744,4.0,0.267989993095398,6.0,4.0,1
1745,3.0,0.785520017147064,4.0,4.0,1
1746,4.0,0.464700013399124,4.0,4.0,1
1747,3.0,0.600469946861267,1.0,2.0,1
1748,3.0,0.394959986209869,1.0,4.0,1
1749,5.0,0.464700013399124,2.0,4.0,1
1750,3.0,0.343410015106201,3.0,4.0,1
1751,3.0,0.461620002985001,1.0,3.0,0
1752,4.0,0.464700013399124,1.0,7.0,1
1753,5.0,0.394959986209869,5.0,6.0,1
1754,3.0,0.903599977493286,2.0,5.0,0
1755,3.0,0.673849999904633,5.0,5.0,1
1756,3.0,0.401980012655258,3.0,4.0,0
1757,3.0,0.673849999904633,5.0,6.0,1
1758,4.0,0.785520017147064,6.0,6.0,0
1759,3.0,0.777340054512024,3.0,4.0,0
1760,3.0,0.688880026340485,2.0,4.0,1
1761,5.0,0.511519968509674,3.0,4.0,0
1762,4.0,0.609759986400604,2.0,4.0,1
1763,3.0,0.394959986209869,6.0,4.0,1
1764,1.0,0.785520017147064,6.0,4.0,1
1765,3.0,0.408600002527237,1.0,4.0,1
1766,3.0,0.511519968509674,5.0,6.0,0
1767,3.0,0.785520017147064,5.0,6.0,1
1768,5.0,0.261489987373352,1.0,4.0,1
1769,3.0,0.785520017147064,2.0,4.0,1
1770,3.0,0.401980012655258,4.0,2.0,0
1771,5.0,0.511519968509674,7.0,6.0,0
1772,3.0,0.65021002292633,2.0,2.0,1
1773,3.0,0.785520017147064,7.0,6.0,1
1774,5.0,0.312420010566711,4.0,7.0,0
1775,5.0,0.785520017147064,4.0,4.0,0
1776,3.0,0.785520017147064,4.0,4.0,1
1777,3.0,0.367390006780624,5.0,5.0,0
1778,3.0,0.785520017147064,6.0,5.0,0
1779,3.0,0.785520017147064,2.0,4.0,1
1780,3.0,0.785520017147064,1.0,4.0,0
1781,4.0,0.785520017147064,6.0,3.0,1
1782,3.0,0.785520017147064,6.0,6.0,1
1783,1.0,0.592509984970093,7.0,4.0,1
1784,2.0,0.394959986209869,4.0,5.0,1
1785,3.0,0.464700013399124,6.0,4.0,1
1786,2.0,0.65021002292633,1.0,2.0,0
1787,5.0,0.367390006780624,1.0,3.0,0
1788,5.0,0.320780009031296,2.0,6.0,1
1789,5.0,0.267989993095398,1.0,4.0,1
1790,3.0,0.394959986209869,6.0,4.0,1
1791,3.0,0.785520017147064,6.0,6.0,1
1792,4.0,0.446730017662048,7.0,6.0,0
1793,4.0,0.614226460456848,5.0,6.0,0
1794,3.0,0.785520017147064,1.0,3.0,1
1795,3.0,0.385200023651123,1.0,4.0,0
1796,3.0,0.785520017147064,6.0,4.0,1
1797,3.0,0.394959986209869,1.0,4.0,1
1798,3.0,0.511519968509674,4.0,2.0,0
1799,3.0,0.461620002985001,4.0,5.0,0
1800,5.0,0.312420010566711,2.0,4.0,1
1801,5.0,0.600469946861267,6.0,5.0,1
1802,4.0,0.701979994773865,1.0,2.0,0
1803,3.0,0.785520017147064,2.0,3.0,1
1804,3.0,0.785520017147064,1.0,4.0,1
1805,3.0,0.785520017147064,1.0,4.0,0
1806,3.0,0.394959986209869,1.0,4.0,1
1807,4.0,0.785520017147064,5.0,6.0,1
1808,3.0,0.315829992294312,2.0,3.0,0
1809,3.0,0.487359970808029,6.0,5.0,1
1810,3.0,0.315829992294312,1.0,2.0,1
1811,3.0,0.785520017147064,1.0,4.0,1
1812,5.0,0.785520017147064,3.0,5.0,1
1813,3.0,0.614226460456848,4.0,5.0,1
1814,4.0,0.477019995450974,4.0,5.0,0
1815,4.0,0.8400399684906,6.0,5.0,0
1816,4.0,0.614226460456848,3.0,2.0,0
1817,2.0,0.343410015106201,3.0,5.0,0
1818,3.0,0.336679995059967,2.0,3.0,0
1819,3.0,0.785520017147064,6.0,5.0,0
1820,3.0,0.414970010519028,3.0,4.0,0
1821,5.0,0.673849999904633,6.0,4.0,0
1822,5.0,0.511519968509674,4.0,4.0,0
1823,3.0,0.785520017147064,2.0,4.0,1
1824,4.0,0.414970010519028,7.0,4.0,0
1825,5.0,0.464700013399124,4.0,4.0,1
1826,4.0,0.367390006780624,3.0,4.0,0
1827,3.0,0.785520017147064,2.0,4.0,1
1828,4.0,0.609759986400604,2.0,4.0,0
1829,5.0,0.785520017147064,1.0,3.0,1
1830,1.0,0.785520017147064,5.0,4.0,1
1831,5.0,0.785520017147064,2.0,4.0,1
1832,3.0,0.785520017147064,1.0,4.0,1
1833,5.0,0.427269995212555,2.0,4.0,0
1834,4.0,0.407070010900497,6.0,6.0,1
1835,3.0,0.315829992294312,1.0,4.0,1
1836,5.0,0.785520017147064,1.0,4.0,0
1837,3.0,0.614226460456848,7.0,5.0,1
1838,3.0,0.592509984970093,6.0,4.0,0
1839,3.0,0.265219986438751,4.0,5.0,0
1840,4.0,0.532429993152618,7.0,7.0,0
1841,3.0,0.673849999904633,4.0,4.0,1
1842,4.0,0.62978994846344,1.0,4.0,1
1843,3.0,0.65021002292633,1.0,4.0,0
1844,4.0,0.315829992294312,3.0,4.0,0
1845,3.0,0.461620002985001,6.0,4.0,0
1846,3.0,0.785520017147064,6.0,4.0,0
1847,2.0,0.343410015106201,2.0,1.0,1
1848,4.0,0.267989993095398,5.0,4.0,1
1849,3.0,0.673849999904633,4.0,4.0,0
1850,3.0,0.511519968509674,3.0,5.0,0
1851,5.0,0.785520017147064,5.0,3.0,0
1852,2.0,0.427269995212555,1.0,4.0,1
1853,3.0,0.785520017147064,5.0,5.0,0
1854,3.0,0.785520017147064,2.0,4.0,1
1855,3.0,0.407070010900497,4.0,4.0,1
1856,3.0,0.785520017147064,2.0,4.0,1
1857,4.0,0.315829992294312,6.0,4.0,1
1858,3.0,0.785520017147064,2.0,5.0,0
1859,5.0,0.401980012655258,1.0,4.0,0
1860,5.0,0.511519968509674,3.0,6.0,0
1861,5.0,0.265219986438751,6.0,4.0,1
1862,5.0,0.785520017147064,7.0,6.0,1
1863,3.0,0.261489987373352,2.0,4.0,1
1864,4.0,0.688880026340485,2.0,5.0,1
1865,3.0,0.407070010900497,1.0,4.0,1
1866,4.0,0.315829992294312,6.0,6.0,0
1867,3.0,0.785520017147064,2.0,5.0,1
1868,3.0,0.785520017147064,2.0,6.0,1
1869,3.0,0.189989998936653,4.0,4.0,1
1870,3.0,0.407070010900497,4.0,3.0,1
1871,3.0,0.785520017147064,5.0,4.0,1
1872,3.0,0.315829992294312,2.0,7.0,0
1873,3.0,0.785520017147064,3.0,5.0,1
1874,3.0,0.343410015106201,3.0,4.0,1
1875,3.0,0.487359970808029,2.0,2.0,0
1876,3.0,0.592509984970093,5.0,4.0,0
1877,3.0,0.785520017147064,7.0,6.0,0
1878,5.0,0.785520017147064,6.0,4.0,1
1879,4.0,0.320780009031296,3.0,1.0,0
1880,3.0,0.785520017147064,2.0,4.0,1
1881,2.0,0.315829992294312,1.0,4.0,1
1882,4.0,0.394959986209869,6.0,3.0,1
1883,3.0,0.487359970808029,2.0,4.0,0
1884,5.0,0.785520017147064,1.0,5.0,0
1885,3.0,0.320780009031296,2.0,4.0,1
1886,3.0,0.614226460456848,1.0,4.0,1
1887,3.0,0.793409943580627,1.0,3.0,1
1888,3.0,0.511519968509674,3.0,3.0,0
1889,1.0,0.189989998936653,2.0,4.0,1
1890,3.0,0.785520017147064,7.0,6.0,0
1891,3.0,0.343410015106201,1.0,4.0,1
1892,4.0,0.312420010566711,5.0,6.0,0
1893,3.0,0.600469946861267,3.0,4.0,0
1894,4.0,0.600469946861267,2.0,4.0,0
1895,5.0,0.511519968509674,3.0,3.0,0
1896,4.0,0.701979994773865,5.0,4.0,1
1897,3.0,0.592509984970093,4.0,4.0,0
1898,5.0,0.785520017147064,6.0,4.0,1
1899,5.0,0.320780009031296,1.0,5.0,1
1900,3.0,0.785520017147064,6.0,4.0,1
1901,4.0,0.414970010519028,5.0,7.0,0
1902,4.0,0.261489987373352,4.0,4.0,1
1903,5.0,0.785520017147064,1.0,4.0,1
1904,4.0,0.84213000535965,3.0,3.0,0
1905,4.0,0.394959986209869,2.0,4.0,1
1906,5.0,0.785520017147064,3.0,4.0,1
1907,5.0,0.511519968509674,2.0,4.0,0
1908,5.0,0.320780009031296,6.0,5.0,0
1909,3.0,0.446730017662048,5.0,4.0,1
1910,5.0,0.62365996837616,3.0,2.0,1
1911,5.0,0.367390006780624,2.0,4.0,0
1912,3.0,0.600469946861267,3.0,4.0,1
1913,4.0,0.600469946861267,1.0,3.0,0
1914,3.0,0.401980012655258,4.0,4.0,1
1915,2.0,0.320780009031296,6.0,4.0,1
1916,5.0,0.592509984970093,5.0,4.0,0
1917,3.0,0.785520017147064,2.0,3.0,1
1918,5.0,0.309140026569366,6.0,5.0,0
1919,3.0,0.414970010519028,7.0,4.0,0
1920,3.0,0.390350013971329,5.0,4.0,0
1921,3.0,0.614226460456848,5.0,5.0,0
1922,3.0,0.600469946861267,2.0,4.0,1
1923,2.0,0.644749999046326,1.0,2.0,0
1924,3.0,0.785520017147064,3.0,2.0,0
1925,5.0,0.401980012655258,4.0,4.0,0
1926,2.0,0.414970010519028,3.0,5.0,0
1927,5.0,0.785520017147064,6.0,5.0,1
1928,5.0,0.785520017147064,6.0,6.0,0
1929,5.0,0.401980012655258,3.0,4.0,1
1930,5.0,0.673849999904633,5.0,4.0,1
1931,3.0,0.688880026340485,1.0,4.0,1
1932,5.0,0.427269995212555,1.0,5.0,0
1933,3.0,0.487359970808029,1.0,4.0,0
1934,5.0,0.408399999141693,1.0,4.0,0
1935,2.0,0.65021002292633,3.0,4.0,1
1936,3.0,0.261489987373352,4.0,4.0,0
1937,5.0,0.267989993095398,3.0,3.0,1
1938,5.0,0.673849999904633,2.0,5.0,0
1939,4.0,0.662460029125214,3.0,4.0,0
1940,3.0,0.408399999141693,5.0,6.0,0
1941,4.0,0.394959986209869,7.0,4.0,1
1942,5.0,0.464899986982346,3.0,2.0,1
1943,3.0,0.785520017147064,5.0,6.0,0
1944,3.0,0.785520017147064,2.0,5.0,0
1945,4.0,0.785520017147064,4.0,2.0,1
1946,3.0,0.267989993095398,2.0,7.0,1
1947,3.0,0.600469946861267,3.0,3.0,1
1948,5.0,0.785520017147064,5.0,4.0,1
1949,5.0,0.267989993095398,4.0,4.0,1
1950,3.0,0.261489987373352,1.0,4.0,1
1951,3.0,0.673849999904633,7.0,6.0,1
1952,3.0,0.511519968509674,1.0,3.0,0
1953,3.0,0.511519968509674,4.0,4.0,0
1954,5.0,0.312420010566711,6.0,6.0,1
1955,5.0,0.315829992294312,3.0,6.0,1
1956,4.0,0.477019995450974,6.0,4.0,0
1957,5.0,0.785520017147064,6.0,4.0,1
1958,3.0,0.267989993095398,1.0,4.0,1
1959,2.0,0.414970010519028,5.0,6.0,0
1960,5.0,0.312420010566711,1.0,4.0,1
1961,3.0,0.400240004062653,2.0,4.0,1
1962,1.0,0.427269995212555,2.0,4.0,1
1963,3.0,0.903599977493286,6.0,5.0,0
1964,3.0,0.785520017147064,6.0,5.0,1
1965,4.0,0.315829992294312,3.0,6.0,1
1966,3.0,0.261489987373352,1.0,4.0,1
1967,5.0,0.394959986209869,3.0,4.0,1
1968,3.0,0.381099998950958,2.0,2.0,0
1969,5.0,0.267989993095398,1.0,1.0,0
1970,4.0,0.84213000535965,3.0,3.0,1
1971,5.0,0.785520017147064,5.0,4.0,0
1972,4.0,0.511519968509674,5.0,5.0,0
1973,4.0,0.518409967422485,5.0,4.0,1
1974,1.0,0.785520017147064,3.0,4.0,1
1975,4.0,0.265219986438751,1.0,4.0,1
1976,3.0,0.343410015106201,6.0,4.0,1
1977,3.0,0.261489987373352,6.0,4.0,1
1978,4.0,0.261489987373352,2.0,4.0,1
1979,4.0,0.511519968509674,4.0,4.0,0
1980,3.0,0.343410015106201,3.0,2.0,1
1981,3.0,0.785520017147064,1.0,3.0,1
1982,5.0,0.785520017147064,3.0,4.0,1
1983,5.0,0.785520017147064,4.0,4.0,1
1984,4.0,0.394959986209869,4.0,4.0,1
1985,3.0,0.785520017147064,4.0,2.0,1
1986,4.0,0.267989993095398,2.0,1.0,1
1987,5.0,0.315829992294312,1.0,4.0,0
1988,5.0,0.381099998950958,3.0,2.0,0
1989,4.0,0.267989993095398,1.0,2.0,1
1990,2.0,0.267989993095398,3.0,7.0,0
1991,3.0,0.532429993152618,5.0,4.0,0
1992,3.0,0.903599977493286,1.0,4.0,0
1993,3.0,0.785520017147064,6.0,4.0,1
1994,3.0,0.477019995450974,4.0,4.0,1
1995,3.0,0.464700013399124,1.0,6.0,1
1996,3.0,0.335929989814758,1.0,3.0,0
1997,3.0,0.343410015106201,5.0,3.0,1
1998,2.0,0.785520017147064,6.0,3.0,1
1999,3.0,0.440597921609879,2.0,1.0,0
2000,4.0,0.785520017147064,4.0,4.0,0
2001,3.0,0.487359970808029,2.0,4.0,0
2002,3.0,0.487359970808029,1.0,6.0,0
2003,3.0,0.785520017147064,6.0,4.0,0
2004,2.0,0.785520017147064,1.0,4.0,1
2005,5.0,0.407070010900497,7.0,5.0,1
2006,5.0,0.343410015106201,1.0,4.0,1
2007,2.0,0.461620002985001,1.0,2.0,0
2008,4.0,0.477019995450974,3.0,4.0,0
2009,4.0,0.688880026340485,1.0,4.0,1
2010,5.0,0.414970010519028,2.0,5.0,0
2011,3.0,0.407070010900497,6.0,5.0,1
2012,3.0,0.407070010900497,1.0,4.0,1
2013,4.0,0.614226460456848,5.0,4.0,1
2014,3.0,0.673849999904633,4.0,4.0,1
2015,3.0,0.614226460456848,2.0,4.0,0
2016,4.0,0.400240004062653,2.0,4.0,1
2017,5.0,0.408600002527237,7.0,5.0,0
2018,3.0,0.688880026340485,1.0,4.0,1
2019,3.0,0.903599977493286,6.0,5.0,0
2020,3.0,0.427269995212555,5.0,4.0,0
2021,5.0,0.62978994846344,4.0,4.0,0
2022,4.0,0.265219986438751,6.0,3.0,1
2023,3.0,0.267989993095398,2.0,4.0,0
2024,3.0,0.673849999904633,5.0,3.0,0
2025,3.0,0.529449999332428,6.0,4.0,1
2026,3.0,0.340220004320145,3.0,4.0,1
2027,5.0,0.532429993152618,6.0,4.0,0
2028,3.0,0.267989993095398,3.0,2.0,1
2029,5.0,0.511519968509674,6.0,4.0,0
2030,3.0,0.487359970808029,6.0,4.0,0
2031,5.0,0.461620002985001,3.0,4.0,0
2032,3.0,0.84213000535965,1.0,2.0,0
2033,5.0,0.408399999141693,3.0,4.0,1
2034,2.0,0.785520017147064,3.0,6.0,0
2035,5.0,0.673849999904633,5.0,4.0,1
2036,2.0,1.10091006755829,2.0,3.0,1
2037,3.0,0.785520017147064,7.0,6.0,1
2038,4.0,0.614226460456848,2.0,4.0,0
2039,3.0,0.464700013399124,3.0,2.0,1
2040,3.0,0.261489987373352,3.0,1.0,0
2041,5.0,0.62978994846344,1.0,4.0,0
2042,3.0,0.261489987373352,1.0,6.0,1
2043,5.0,0.343410015106201,2.0,4.0,1
2044,5.0,0.461620002985001,3.0,4.0,0
2045,5.0,0.400240004062653,4.0,4.0,1
2046,4.0,0.518409967422485,5.0,6.0,1
2047,5.0,0.785520017147064,1.0,4.0,1
2048,4.0,0.267989993095398,1.0,4.0,1
2049,4.0,0.532429993152618,2.0,5.0,0
2050,5.0,0.785520017147064,1.0,4.0,0
2051,3.0,0.464899986982346,2.0,4.0,1
2052,3.0,0.487359970808029,5.0,4.0,0
2053,5.0,0.785520017147064,6.0,5.0,0
2054,3.0,0.336679995059967,1.0,2.0,0
2055,5.0,0.532429993152618,3.0,4.0,0
2056,4.0,0.427269995212555,3.0,4.0,1
2057,3.0,0.785520017147064,6.0,4.0,1
2058,3.0,0.614226460456848,5.0,5.0,1
2059,3.0,0.315829992294312,4.0,1.0,1
2060,3.0,0.446730017662048,3.0,4.0,1
2061,3.0,0.320780009031296,2.0,4.0,1
2062,2.0,0.785520017147064,1.0,3.0,0
2063,3.0,0.477019995450974,1.0,4.0,0
2064,5.0,0.673849999904633,2.0,2.0,1
2065,3.0,1.10091006755829,4.0,4.0,0
2066,4.0,0.518409967422485,3.0,3.0,0
2067,5.0,0.600469946861267,3.0,3.0,1
2068,2.0,0.532429993152618,2.0,3.0,0
2069,3.0,0.600469946861267,5.0,4.0,1
2070,2.0,0.487359970808029,3.0,4.0,0
2071,3.0,0.600469946861267,3.0,2.0,1
2072,5.0,0.394959986209869,2.0,4.0,1
2073,5.0,0.394959986209869,4.0,4.0,1
2074,3.0,0.394959986209869,7.0,6.0,1
2075,5.0,0.394959986209869,2.0,4.0,1
2076,3.0,0.609759986400604,6.0,3.0,1
2077,4.0,0.267989993095398,6.0,4.0,1
2078,3.0,0.600469946861267,7.0,5.0,1
2079,4.0,0.581430017948151,3.0,3.0,0
2080,3.0,0.265219986438751,7.0,4.0,0
2081,5.0,0.477019995450974,5.0,4.0,0
2082,3.0,0.414970010519028,6.0,6.0,0
2083,3.0,0.511519968509674,7.0,4.0,0
2084,5.0,0.461620002985001,7.0,6.0,0
2085,4.0,0.461620002985001,6.0,4.0,0
2086,3.0,0.785520017147064,1.0,2.0,1
2087,1.0,0.487359970808029,1.0,4.0,0
2088,3.0,0.320780009031296,5.0,7.0,1
2089,3.0,0.600469946861267,6.0,6.0,0
2090,3.0,0.62365996837616,5.0,3.0,0
2091,3.0,0.688880026340485,3.0,3.0,1
2092,3.0,0.785520017147064,2.0,4.0,1
2093,5.0,0.427269995212555,4.0,6.0,0
2094,3.0,0.267989993095398,1.0,4.0,1
2095,3.0,0.600469946861267,1.0,2.0,0
2096,3.0,0.394959986209869,6.0,6.0,1
2097,3.0,0.785520017147064,6.0,4.0,1
2098,5.0,0.309140026569366,3.0,4.0,0
2099,3.0,0.461620002985001,4.0,3.0,0
2100,3.0,0.320780009031296,1.0,4.0,1
2101,3.0,0.265219986438751,2.0,4.0,1
2102,3.0,0.427269995212555,5.0,5.0,1
2103,5.0,0.487359970808029,7.0,4.0,0
2104,2.0,0.408399999141693,3.0,5.0,0
2105,3.0,0.785520017147064,6.0,6.0,1
2106,4.0,0.785520017147064,1.0,4.0,1
2107,4.0,0.343410015106201,7.0,4.0,0
2108,4.0,0.785520017147064,3.0,4.0,1
2109,4.0,0.673849999904633,6.0,5.0,0
2110,3.0,0.335929989814758,4.0,5.0,0
2111,5.0,0.600469946861267,3.0,2.0,1
2112,3.0,0.592509984970093,7.0,4.0,1
2113,4.0,0.592509984970093,1.0,4.0,0
2114,4.0,0.267989993095398,2.0,5.0,1
2115,3.0,0.785520017147064,3.0,4.0,1
2116,4.0,0.644749999046326,6.0,4.0,0
2117,3.0,0.408399999141693,3.0,3.0,1
2118,4.0,0.189989998936653,7.0,6.0,1
2119,5.0,0.592509984970093,4.0,4.0,0
2120,4.0,0.785520017147064,7.0,6.0,1
2121,5.0,0.267989993095398,7.0,5.0,1
2122,4.0,0.701979994773865,3.0,5.0,0
2123,3.0,0.688880026340485,2.0,4.0,1
2124,4.0,0.785520017147064,6.0,5.0,0
2125,3.0,1.10091006755829,1.0,2.0,1
2126,4.0,0.785520017147064,1.0,3.0,0
2127,5.0,0.532429993152618,7.0,5.0,0
2128,3.0,0.62365996837616,2.0,4.0,0
2129,3.0,0.461620002985001,1.0,2.0,0
2130,3.0,0.785520017147064,1.0,1.0,1
2131,3.0,0.785520017147064,6.0,4.0,1
2132,3.0,0.785520017147064,5.0,4.0,1
2133,3.0,0.673849999904633,6.0,4.0,0
2134,3.0,0.8400399684906,5.0,6.0,0
2135,3.0,0.487359970808029,4.0,3.0,0
2136,3.0,0.785520017147064,3.0,5.0,0
2137,3.0,0.62978994846344,5.0,5.0,0
2138,3.0,0.446730017662048,3.0,5.0,1
2139,5.0,0.75151002407074,1.0,1.0,0
2140,3.0,0.414970010519028,7.0,6.0,0
2141,2.0,0.518409967422485,1.0,1.0,1
2142,3.0,0.364969998598099,1.0,2.0,1
2143,3.0,0.446730017662048,2.0,4.0,1
2144,3.0,0.785520017147064,2.0,3.0,0
2145,5.0,0.785520017147064,2.0,2.0,1
2146,3.0,0.673849999904633,5.0,4.0,0
2147,5.0,0.511519968509674,5.0,5.0,0
2148,3.0,0.518409967422485,7.0,6.0,1
2149,3.0,0.609759986400604,6.0,6.0,0
2150,3.0,0.343410015106201,2.0,3.0,1
2151,3.0,0.343410015106201,4.0,5.0,1
2152,5.0,0.785520017147064,6.0,4.0,1
2153,4.0,0.511519968509674,7.0,6.0,0
2154,3.0,0.267989993095398,1.0,3.0,0
2155,3.0,0.614226460456848,1.0,6.0,0
2156,4.0,0.414970010519028,2.0,4.0,0
2157,4.0,0.343410015106201,2.0,2.0,1
2158,5.0,0.427269995212555,3.0,6.0,0
2159,5.0,0.320780009031296,6.0,5.0,1
2160,4.0,0.532539963722229,6.0,4.0,1
2161,3.0,0.614226460456848,2.0,3.0,1
2162,5.0,0.545379996299744,1.0,5.0,1
2163,3.0,0.414970010519028,7.0,5.0,0
2164,4.0,0.461620002985001,3.0,3.0,0
2165,3.0,0.785520017147064,6.0,5.0,1
2166,5.0,0.385200023651123,4.0,5.0,0
2167,3.0,0.385200023651123,5.0,4.0,1
2168,3.0,0.592509984970093,3.0,3.0,0
2169,3.0,0.529449999332428,1.0,4.0,1
2170,3.0,0.408399999141693,2.0,4.0,0
2171,3.0,0.487359970808029,6.0,6.0,0
2172,1.0,0.464700013399124,6.0,6.0,1
2173,4.0,0.777340054512024,6.0,4.0,1
2174,3.0,0.785520017147064,6.0,5.0,1
2175,3.0,0.487359970808029,1.0,4.0,0
2176,4.0,0.785520017147064,7.0,4.0,1
2177,5.0,0.785520017147064,6.0,5.0,1
2178,3.0,0.65021002292633,5.0,4.0,0
2179,5.0,0.511519968509674,7.0,4.0,0
2180,4.0,0.785520017147064,6.0,5.0,0
2181,5.0,0.614226460456848,3.0,4.0,1
2182,3.0,0.511519968509674,4.0,3.0,0
2183,5.0,0.320780009031296,6.0,4.0,1
2184,4.0,0.464700013399124,2.0,5.0,1
2185,3.0,0.414970010519028,7.0,4.0,1
2186,4.0,0.414970010519028,3.0,5.0,0
2187,5.0,0.408399999141693,4.0,5.0,0
2188,3.0,0.673849999904633,5.0,6.0,1
2189,4.0,0.414970010519028,1.0,3.0,0
2190,3.0,0.62365996837616,1.0,5.0,0
2191,3.0,0.785520017147064,2.0,4.0,1
2192,3.0,0.688880026340485,3.0,6.0,1
2193,3.0,0.364969998598099,1.0,5.0,1
2194,2.0,0.673849999904633,7.0,6.0,0
2195,2.0,0.673849999904633,1.0,2.0,1
2196,3.0,0.614226460456848,2.0,4.0,0
2197,3.0,0.673849999904633,1.0,3.0,0
2198,3.0,0.267989993095398,1.0,6.0,1
2199,1.0,0.644749999046326,6.0,5.0,0
2200,3.0,0.785520017147064,4.0,4.0,1
2201,3.0,0.785520017147064,6.0,4.0,1
2202,4.0,0.785520017147064,3.0,4.0,1
2203,3.0,0.390350013971329,2.0,6.0,0
2204,5.0,0.343410015106201,5.0,4.0,0
2205,3.0,0.189989998936653,1.0,4.0,1
2206,3.0,0.532429993152618,1.0,2.0,0
2207,3.0,0.903599977493286,6.0,4.0,0
2208,3.0,0.414970010519028,3.0,4.0,0
2209,3.0,0.367390006780624,6.0,4.0,1
2210,3.0,0.511519968509674,6.0,7.0,0
2211,3.0,0.364969998598099,4.0,4.0,1
2212,4.0,0.320780009031296,7.0,6.0,1
2213,3.0,0.785520017147064,4.0,4.0,1
2214,4.0,0.673849999904633,3.0,5.0,1
2215,3.0,0.785520017147064,3.0,4.0,0
2216,3.0,0.688880026340485,6.0,4.0,1
2217,3.0,0.387620002031326,5.0,5.0,0
2218,3.0,0.609759986400604,5.0,3.0,1
2219,2.0,0.320780009031296,1.0,4.0,1
2220,1.0,0.688880026340485,1.0,4.0,1
2221,3.0,0.364969998598099,5.0,4.0,1
2222,3.0,0.592509984970093,2.0,4.0,0
2223,2.0,0.62365996837616,3.0,3.0,0
2224,3.0,0.785520017147064,6.0,5.0,0
2225,5.0,0.520840048789978,2.0,2.0,0
2226,5.0,0.461620002985001,1.0,3.0,0
2227,3.0,0.785520017147064,3.0,4.0,1
2228,5.0,0.367390006780624,6.0,4.0,0
2229,4.0,0.414970010519028,1.0,4.0,0
2230,3.0,0.785520017147064,1.0,4.0,1
2231,4.0,0.477019995450974,6.0,4.0,0
2232,4.0,0.785520017147064,1.0,3.0,1
2233,5.0,0.785520017147064,1.0,3.0,1
2234,5.0,0.414970010519028,4.0,4.0,1
2235,1.0,0.65021002292633,4.0,5.0,0
2236,5.0,0.408600002527237,3.0,4.0,1
2237,2.0,1.13774001598358,3.0,2.0,0
2238,1.0,0.265219986438751,3.0,1.0,1
2239,3.0,0.394959986209869,2.0,4.0,1
2240,5.0,0.785520017147064,3.0,4.0,1
2241,4.0,0.477019995450974,5.0,4.0,0
2242,3.0,0.461620002985001,6.0,5.0,0
2243,5.0,0.785520017147064,2.0,4.0,0
2244,2.0,0.600469946861267,2.0,2.0,1
2245,2.0,1.13774001598358,3.0,4.0,0
2246,4.0,0.401980012655258,4.0,4.0,0
2247,3.0,0.511519968509674,3.0,4.0,0
2248,4.0,0.320780009031296,6.0,5.0,0
2249,3.0,0.600469946861267,7.0,6.0,1
2250,4.0,0.785520017147064,1.0,4.0,1
2251,3.0,0.600469946861267,6.0,4.0,1
2252,2.0,0.189989998936653,2.0,4.0,1
2253,3.0,0.785520017147064,7.0,5.0,0
2254,4.0,0.408399999141693,6.0,4.0,0
2255,3.0,0.394959986209869,3.0,4.0,1
2256,3.0,0.785520017147064,7.0,6.0,1
2257,4.0,0.698559999465942,4.0,4.0,1
2258,4.0,0.785520017147064,3.0,4.0,1
2259,5.0,0.267989993095398,2.0,4.0,1
2260,5.0,0.8400399684906,7.0,5.0,1
2261,4.0,0.408399999141693,4.0,4.0,0
2262,3.0,0.644749999046326,6.0,5.0,0
2263,3.0,0.785520017147064,2.0,4.0,0
2264,5.0,0.600469946861267,1.0,1.0,1
2265,4.0,0.267989993095398,5.0,6.0,1
2266,5.0,0.408600002527237,2.0,1.0,1
2267,3.0,0.464700013399124,2.0,4.0,1
2268,2.0,0.400240004062653,4.0,6.0,1
2269,3.0,0.614226460456848,2.0,4.0,0
2270,5.0,0.343410015106201,3.0,4.0,1
2271,3.0,0.387620002031326,2.0,2.0,1
2272,4.0,0.477019995450974,3.0,6.0,0
2273,4.0,0.367390006780624,1.0,4.0,0
2274,4.0,0.785520017147064,5.0,4.0,1
2275,3.0,0.364969998598099,2.0,4.0,1
2276,3.0,0.785520017147064,7.0,6.0,1
2277,4.0,0.785520017147064,7.0,6.0,1
2278,4.0,0.335929989814758,6.0,5.0,1
2279,5.0,0.267989993095398,2.0,4.0,0
2280,3.0,0.36285999417305,4.0,7.0,1
2281,3.0,0.315829992294312,1.0,4.0,1
2282,4.0,0.614226460456848,3.0,1.0,0
2283,4.0,0.644749999046326,2.0,4.0,0
2284,3.0,0.364969998598099,1.0,2.0,1
2285,4.0,0.785520017147064,1.0,2.0,1
2286,5.0,0.265219986438751,2.0,4.0,0
2287,3.0,0.662460029125214,7.0,5.0,0
2288,3.0,0.407070010900497,6.0,6.0,1
2289,5.0,0.785520017147064,3.0,4.0,1
2290,4.0,0.315829992294312,1.0,4.0,0
2291,3.0,0.903599977493286,6.0,6.0,0
2292,3.0,0.62365996837616,1.0,4.0,0
2293,4.0,0.785520017147064,7.0,5.0,0
2294,3.0,0.673849999904633,6.0,5.0,0
2295,2.0,0.903599977493286,2.0,2.0,1
2296,4.0,0.265219986438751,6.0,4.0,1
2297,3.0,0.903599977493286,7.0,6.0,0
2298,5.0,0.785520017147064,6.0,4.0,1
2299,5.0,0.464700013399124,5.0,4.0,1
2300,4.0,0.532429993152618,7.0,6.0,0
2301,5.0,0.785520017147064,1.0,3.0,1
2302,3.0,0.511519968509674,4.0,4.0,0
2303,3.0,0.477019995450974,3.0,4.0,0
2304,4.0,0.62365996837616,5.0,4.0,0
2305,3.0,0.785520017147064,1.0,5.0,1
2306,3.0,0.785520017147064,7.0,6.0,0
2307,3.0,0.265219986438751,1.0,4.0,0
2308,4.0,0.267989993095398,3.0,4.0,1
2309,3.0,0.65021002292633,2.0,3.0,1
2310,5.0,0.36285999417305,2.0,5.0,0
2311,4.0,0.785520017147064,7.0,6.0,0
2312,3.0,0.336679995059967,1.0,7.0,1
2313,3.0,0.394959986209869,1.0,4.0,1
2314,5.0,0.600469946861267,3.0,5.0,0
2315,3.0,0.785520017147064,3.0,3.0,1
2316,3.0,0.461620002985001,1.0,3.0,0
2317,4.0,0.511519968509674,5.0,4.0,0
2318,4.0,0.8400399684906,4.0,5.0,0
2319,4.0,0.688880026340485,6.0,5.0,1
2320,3.0,0.614226460456848,2.0,4.0,1
2321,3.0,0.261489987373352,1.0,4.0,1
2322,5.0,0.785520017147064,5.0,4.0,1
2323,3.0,0.785520017147064,3.0,3.0,0
2324,3.0,0.407070010900497,1.0,4.0,1
2325,3.0,0.511519968509674,1.0,4.0,0
2326,4.0,0.320780009031296,4.0,3.0,1
2327,3.0,0.309140026569366,7.0,6.0,0
2328,2.0,0.673849999904633,2.0,5.0,1
2329,3.0,0.487359970808029,6.0,4.0,0
2330,5.0,0.785520017147064,2.0,4.0,1
2331,4.0,0.427269995212555,2.0,4.0,1
2332,3.0,0.785520017147064,1.0,1.0,0
2333,4.0,0.785520017147064,7.0,6.0,0
2334,3.0,0.367390006780624,4.0,4.0,1
2335,5.0,0.343410015106201,1.0,1.0,1
2336,4.0,0.461620002985001,1.0,4.0,1
2337,4.0,0.785520017147064,5.0,2.0,1
2338,3.0,0.65021002292633,3.0,2.0,0
2339,3.0,0.614226460456848,1.0,4.0,0
2340,1.0,0.518409967422485,4.0,6.0,0
2341,4.0,0.614226460456848,1.0,4.0,1
2342,4.0,0.785520017147064,4.0,5.0,1
2343,3.0,0.461620002985001,2.0,4.0,1
2344,5.0,0.511519968509674,6.0,4.0,0
2345,5.0,0.312420010566711,2.0,2.0,1
2346,4.0,0.487359970808029,1.0,4.0,0
2347,5.0,0.581430017948151,5.0,6.0,0
2348,4.0,0.785520017147064,1.0,4.0,1
2349,4.0,0.600469946861267,1.0,4.0,1
2350,5.0,0.785520017147064,4.0,4.0,1
2351,3.0,0.390350013971329,5.0,4.0,0
2352,4.0,0.511519968509674,5.0,4.0,0
2353,3.0,0.315829992294312,1.0,4.0,1
2354,3.0,0.400240004062653,4.0,3.0,1
2355,3.0,0.343410015106201,7.0,6.0,1
2356,5.0,0.487359970808029,6.0,4.0,0
2357,5.0,0.511519968509674,6.0,4.0,0
2358,3.0,0.592509984970093,5.0,4.0,0
2359,3.0,0.461620002985001,1.0,6.0,0
2360,4.0,0.609759986400604,7.0,4.0,1
2361,3.0,0.312420010566711,1.0,3.0,0
2362,5.0,0.84213000535965,7.0,4.0,1
2363,3.0,0.315829992294312,1.0,4.0,0
2364,3.0,0.785520017147064,5.0,5.0,0
2365,3.0,0.401980012655258,1.0,3.0,0
2366,3.0,0.267989993095398,3.0,3.0,1
2367,3.0,0.785520017147064,1.0,4.0,0
2368,3.0,0.65021002292633,5.0,6.0,0
2369,3.0,0.400240004062653,3.0,6.0,1
2370,3.0,0.335929989814758,6.0,4.0,0
2371,2.0,0.673849999904633,1.0,3.0,1
2372,2.0,0.673849999904633,6.0,2.0,1
2373,5.0,0.477019995450974,7.0,4.0,0
2374,3.0,0.36285999417305,2.0,2.0,0
2375,2.0,0.673849999904633,6.0,6.0,0
2376,4.0,0.461620002985001,2.0,4.0,0
2377,3.0,0.267989993095398,7.0,4.0,1
2378,3.0,0.267989993095398,5.0,4.0,0
2379,3.0,0.320780009031296,5.0,4.0,1
2380,3.0,0.407070010900497,7.0,4.0,0
2381,3.0,0.785520017147064,6.0,4.0,1
2382,3.0,0.400240004062653,1.0,6.0,1
2383,4.0,0.343410015106201,3.0,6.0,0
2384,3.0,0.511519968509674,1.0,2.0,0
2385,1.0,0.312420010566711,1.0,1.0,1
2386,5.0,0.320780009031296,1.0,2.0,1
2387,5.0,0.688880026340485,5.0,5.0,1
2388,4.0,1.10091006755829,7.0,6.0,0
2389,3.0,1.10091006755829,5.0,6.0,1
2390,3.0,0.644749999046326,3.0,3.0,0
2391,3.0,0.673849999904633,7.0,5.0,1
2392,3.0,0.785520017147064,5.0,6.0,0
2393,5.0,0.440597921609879,1.0,1.0,1
2394,3.0,0.903599977493286,4.0,2.0,0
2395,5.0,0.785520017147064,6.0,4.0,1
2396,5.0,0.785520017147064,1.0,4.0,1
2397,2.0,0.673849999904633,1.0,2.0,0
2398,3.0,0.312420010566711,5.0,6.0,1
2399,3.0,0.511519968509674,2.0,5.0,0
2400,4.0,0.394959986209869,5.0,5.0,1
2401,5.0,0.461620002985001,1.0,4.0,0
2402,3.0,0.464700013399124,1.0,4.0,1
2403,5.0,0.793409943580627,3.0,3.0,0
2404,3.0,0.390350013971329,1.0,7.0,0
2405,3.0,0.532429993152618,4.0,6.0,0
2406,3.0,0.785520017147064,4.0,2.0,0
2407,4.0,0.364969998598099,2.0,3.0,1
2408,3.0,0.267989993095398,5.0,5.0,0
2409,5.0,0.609759986400604,3.0,4.0,1
2410,3.0,0.785520017147064,2.0,5.0,1
2411,3.0,0.320780009031296,4.0,6.0,1
2412,5.0,0.367390006780624,2.0,4.0,0
2413,4.0,0.785520017147064,4.0,4.0,1
2414,4.0,0.401980012655258,2.0,4.0,0
2415,4.0,0.265219986438751,6.0,7.0,1
2416,3.0,0.511519968509674,2.0,2.0,0
2417,3.0,0.309140026569366,1.0,4.0,1
2418,5.0,0.400240004062653,3.0,4.0,1
2419,3.0,0.75151002407074,5.0,6.0,0
2420,3.0,0.600469946861267,6.0,6.0,1
2421,5.0,0.609759986400604,4.0,5.0,1
2422,4.0,0.785520017147064,4.0,5.0,1
2423,5.0,0.267989993095398,4.0,4.0,1
2424,3.0,0.265219986438751,6.0,4.0,0
2425,3.0,0.394959986209869,1.0,2.0,1
2426,3.0,0.600469946861267,3.0,4.0,0
2427,4.0,0.367390006780624,6.0,5.0,1
2428,4.0,0.461620002985001,6.0,4.0,0
2429,3.0,0.381099998950958,1.0,4.0,0
2430,3.0,0.408399999141693,5.0,6.0,0
2431,3.0,0.315829992294312,4.0,2.0,1
2432,3.0,0.785520017147064,1.0,2.0,1
2433,4.0,0.785520017147064,7.0,4.0,1
2434,4.0,0.394959986209869,5.0,4.0,1
2435,5.0,0.261489987373352,2.0,4.0,1
2436,3.0,0.400240004062653,4.0,5.0,1
2437,5.0,0.644749999046326,1.0,3.0,1
2438,3.0,0.673849999904633,7.0,7.0,0
2439,4.0,0.267989993095398,3.0,4.0,1
2440,3.0,0.785520017147064,3.0,4.0,1
2441,2.0,0.394959986209869,2.0,4.0,1
2442,5.0,0.343410015106201,3.0,4.0,1
2443,5.0,0.487359970808029,2.0,4.0,1
2444,5.0,0.65021002292633,7.0,6.0,1
2445,4.0,0.364969998598099,1.0,6.0,1
2446,4.0,0.785520017147064,2.0,4.0,0
2447,3.0,0.600469946861267,1.0,2.0,1
2448,3.0,0.592509984970093,2.0,4.0,1
2449,3.0,0.62978994846344,5.0,6.0,0
2450,3.0,0.394959986209869,4.0,4.0,1
2451,5.0,0.532429993152618,4.0,5.0,0
2452,5.0,0.581430017948151,7.0,5.0,0
2453,5.0,0.592509984970093,2.0,3.0,1
2454,3.0,0.408399999141693,7.0,4.0,0
2455,3.0,0.394959986209869,6.0,4.0,0
2456,4.0,0.511519968509674,5.0,5.0,0
2457,4.0,0.614226460456848,6.0,5.0,0
2458,3.0,0.592509984970093,4.0,7.0,0
2459,2.0,0.401980012655258,1.0,4.0,1
2460,3.0,0.903599977493286,3.0,5.0,0
2461,4.0,0.785520017147064,2.0,5.0,1
2462,5.0,0.785520017147064,1.0,4.0,1
2463,5.0,0.401980012655258,1.0,2.0,1
2464,3.0,0.461620002985001,4.0,4.0,0
2465,3.0,0.267989993095398,2.0,4.0,1
2466,1.0,0.461620002985001,1.0,4.0,0
2467,3.0,0.785520017147064,7.0,6.0,0
2468,4.0,0.600469946861267,2.0,4.0,1
2469,3.0,0.785520017147064,3.0,4.0,1
2470,3.0,0.785520017147064,5.0,4.0,1
2471,3.0,0.688880026340485,1.0,3.0,1
2472,4.0,0.62978994846344,2.0,3.0,0
2473,3.0,0.785520017147064,1.0,4.0,1
2474,5.0,0.387620002031326,1.0,1.0,1
2475,3.0,0.312420010566711,4.0,4.0,1
2476,3.0,0.785520017147064,1.0,4.0,1
2477,3.0,0.785520017147064,1.0,6.0,1
2478,3.0,0.267989993095398,1.0,4.0,0
2479,3.0,0.592509984970093,2.0,4.0,0
2480,4.0,0.609759986400604,7.0,5.0,1
2481,3.0,0.312420010566711,1.0,6.0,1
2482,4.0,0.785520017147064,2.0,3.0,0
2483,5.0,0.785520017147064,4.0,4.0,0
2484,3.0,0.785520017147064,6.0,3.0,1
2485,3.0,0.673849999904633,6.0,6.0,1
