,qt,tt,qc,tc
Blondal89,37,92,24,90
Campbell91,21,107,21,105
Fagerstrom82,30,50,23,50
Fee82,23,180,15,172
Garcia89,21,68,5,38
Garvey00,75,405,17,203
Gross95,37,131,6,46
Hall85,18,41,10,36
Hall87,30,71,14,68
Hall96,24,98,28,103
Hjalmarson84,31,106,16,100
Huber88,31,54,11,60
Jarvis82,22,58,9,58
Jensen91,90,211,28,82
Killen84,16,44,6,20
Killen90,129,600,112,617
Malcolm80,6,73,3,121
McGovern92,51,146,40,127
Nakamura90,13,30,5,30
Niaura94,5,84,4,89
Pirie92,75,206,50,211
Puska79,29,116,21,113
Schneider85,9,30,6,30
Tonnesen88,23,60,12,53
Villa99,11,21,10,26
Zelman92,23,58,18,58
