,y,site,variety
1,0.0005,A,1
2,0.0,A,2
3,0.0,A,3
4,0.001,A,4
5,0.0025,A,5
6,0.0005,A,6
7,0.005,A,7
8,0.013,A,8
9,0.015,A,9
10,0.015,A,X
11,0.0,B,1
12,0.0005,B,2
13,0.0005,B,3
14,0.003,B,4
15,0.0075,B,5
16,0.003,B,6
17,0.03,B,7
18,0.075,B,8
19,0.01,B,9
20,0.127,B,X
21,0.0125,C,1
22,0.0125,C,2
23,0.025,C,3
24,0.166,C,4
25,0.025,C,5
26,0.025,C,6
27,0.0,C,7
28,0.2,C,8
29,0.375,C,9
30,0.2625,C,X
31,0.025,D,1
32,0.005,D,2
33,0.0001,D,3
34,0.03,D,4
35,0.025,D,5
36,0.0001,D,6
37,0.25,D,7
38,0.55,D,8
39,0.05,D,9
40,0.4,D,X
41,0.055,E,1
42,0.01,E,2
43,0.06,E,3
44,0.011,E,4
45,0.025,E,5
46,0.08,E,6
47,0.165,E,7
48,0.295,E,8
49,0.2,E,9
50,0.435,E,X
51,0.01,F,1
52,0.05,F,2
53,0.05,F,3
54,0.05,F,4
55,0.05,F,5
56,0.05,F,6
57,0.1,F,7
58,0.05,F,8
59,0.5,F,9
60,0.75,F,X
61,0.05,G,1
62,0.001,G,2
63,0.05,G,3
64,0.05,G,4
65,0.5,G,5
66,0.1,G,6
67,0.5,G,7
68,0.25,G,8
69,0.5,G,9
70,0.75,G,X
71,0.05,H,1
72,0.1,H,2
73,0.05,H,3
74,0.05,H,4
75,0.25,H,5
76,0.75,H,6
77,0.5,H,7
78,0.75,H,8
79,0.75,H,9
80,0.75,H,X
81,0.175,I,1
82,0.25,I,2
83,0.425,I,3
84,0.5,I,4
85,0.375,I,5
86,0.95,I,6
87,0.625,I,7
88,0.95,I,8
89,0.95,I,9
90,0.95,I,X
