,S1,S2,S3,S4,S5,S6,S7,S8,S9,S10,S11,S12,S13,S14,S15,S16,S17,S18,S19
A,12,2027,0,0,2070,39,219,153,0,15,51,8336,2031,14941,19,3566,0,5,0
B,99,2112,9,87,3481,470,2063,28,17,145,31,1515,1917,17321,3378,20164,177,1759,53
C,197,160,0,4,126,17,1,32,0,2,9,477,1,548,13,273,0,0,0
D,0,17,0,3,50,6,4,7,0,1,2,16,0,0,3,69,1,0,0
E,77,1948,0,19,310,1,1,64,0,22,81,2792,221,7422,10,4519,12,0,0
F,19,203,48,45,20,433,0,0,11,167,12,1,0,26,1790,2916,473,658,55
G,1023,2655,0,18,320,49,8,121,9,82,48,3411,14,9101,43,3230,587,10,5
H,87,745,1447,125,4330,789,228,529,289,904,34,1710,7869,2247,4558,40880,7166,1632,498
I,788,2174,0,19,224,178,1,423,0,195,162,2161,25,1784,3,1254,0,0,0
J,82,350,760,197,858,962,10,511,251,987,191,34,87,417,4496,15835,5327,1312,1020
K,474,930,0,10,316,161,0,90,0,39,48,1183,166,4626,65,127,4,0,0
L,77,249,160,136,999,645,15,851,101,723,266,495,83,1253,1864,4107,1939,623,527
M,22,144,0,4,1,1,0,10,0,2,9,125,5,411,0,3,0,0,0
N,0,791,0,0,4,38,1,56,1,30,54,95,0,1726,0,0,0,0,0
O,0,360,128,43,364,1628,63,287,328,641,850,83,67,48,6499,9094,5647,1333,582
