,obs,death,ageentry,age,time,gender
1,1,1,1042,1172,130,2
2,2,1,921,1040,119,2
3,3,1,885,1003,118,2
4,4,1,901,1018,117,2
5,5,1,808,932,124,2
6,6,1,915,1004,89,2
7,7,1,901,1023,122,2
8,8,1,852,908,56,2
9,9,1,828,868,40,2
10,10,1,968,990,22,2
11,11,1,936,1033,97,2
12,12,1,977,1056,79,2
13,13,1,929,999,70,2
14,14,1,936,1064,128,2
15,15,1,1016,1122,106,2
16,16,1,910,1020,110,2
17,17,1,1140,1200,60,2
18,18,1,1015,1056,41,2
19,19,1,850,940,90,2
20,20,1,895,996,101,2
21,21,1,854,969,115,2
22,22,1,957,1089,132,2
23,23,1,1013,1115,102,2
24,24,1,1073,1192,119,2
25,25,1,976,1085,109,2
26,26,1,872,976,104,2
27,27,1,1027,1142,115,2
28,28,1,1071,1200,129,2
29,29,1,919,1017,98,2
30,30,1,894,1006,112,2
31,31,1,885,1012,127,2
32,32,1,889,1000,111,2
33,33,1,887,1012,125,2
34,34,1,920,1040,120,2
35,35,1,1015,1024,9,2
36,36,1,942,1070,128,2
37,37,1,924,1014,90,2
38,38,1,883,996,113,2
39,39,1,930,944,14,2
40,40,1,956,1085,129,2
41,41,1,886,994,108,2
42,42,1,987,1097,110,2
43,43,1,883,966,83,2
44,44,1,837,948,111,2
45,45,1,958,1029,71,2
46,46,1,850,963,113,2
47,47,1,890,905,15,2
48,48,1,847,970,123,2
49,49,1,919,1015,96,2
50,50,1,748,804,56,2
51,51,1,934,1041,107,2
52,52,1,895,991,96,2
53,53,1,874,982,108,2
54,54,1,877,989,112,2
55,55,1,900,959,59,2
56,56,1,957,1084,127,2
57,57,1,1013,1131,118,2
58,58,1,967,1068,101,2
59,59,0,904,919,15,2
60,60,0,829,848,19,2
61,61,0,842,979,137,2
62,62,0,802,876,74,2
63,63,0,840,938,98,2
64,64,0,792,929,137,2
65,65,0,837,848,11,2
66,66,0,941,1006,65,2
67,67,0,746,804,58,2
68,68,0,834,932,98,2
69,69,0,865,932,67,2
70,70,0,828,965,137,2
71,71,0,894,1011,117,2
72,72,0,874,1011,137,2
73,73,0,917,1054,137,2
74,74,0,993,1028,35,2
75,75,0,918,1055,137,2
76,76,0,818,955,137,2
77,77,0,984,1019,35,2
78,78,0,1002,1010,8,2
79,79,0,857,994,137,2
80,80,0,827,836,9,2
81,81,0,883,1020,137,2
82,82,0,1008,1042,34,2
83,83,0,954,1091,137,2
84,84,0,905,1042,137,2
85,85,0,838,975,137,2
86,86,0,934,946,12,2
87,87,0,872,940,68,2
88,88,0,918,922,4,2
89,89,0,844,981,137,2
90,90,0,805,928,123,2
91,91,0,922,1059,137,2
92,92,0,821,958,137,2
93,93,0,838,975,137,2
94,94,0,934,961,27,2
95,95,0,886,1023,137,2
96,96,0,934,1023,89,2
97,97,0,878,1010,132,2
98,98,0,935,1072,137,2
99,99,0,799,825,26,2
100,100,0,849,952,103,2
101,101,0,920,953,33,2
102,102,1,948,998,50,2
103,103,0,968,1105,137,2
104,104,0,908,996,88,2
105,105,0,828,965,137,2
106,106,0,897,1034,137,2
107,107,0,823,938,115,2
108,108,0,950,1008,58,2
109,109,0,1049,1186,137,2
110,110,0,878,1015,137,2
111,111,0,854,991,137,2
112,112,0,877,1014,137,2
113,113,0,820,955,135,2
114,114,0,899,1036,137,2
115,115,0,855,893,38,2
116,116,0,827,964,137,2
117,117,0,925,960,35,2
118,118,0,900,1037,137,2
119,119,0,935,948,13,2
120,120,0,1005,1053,48,2
121,121,0,855,992,137,2
122,122,0,920,992,72,2
123,123,0,810,895,85,2
124,124,0,792,857,65,2
125,125,0,882,1019,37,2
126,126,0,934,1071,137,2
127,127,0,910,1047,137,2
128,128,0,865,973,110,2
129,129,0,899,1036,137,2
130,130,0,982,1119,137,2
131,131,0,856,993,137,2
132,132,0,961,963,2,2
133,133,0,893,1030,137,2
134,134,0,861,998,137,2
135,135,0,829,932,103,2
136,136,0,882,1019,137,2
137,137,0,875,1012,137,2
138,138,0,833,970,137,2
139,139,0,972,1013,41,2
140,140,0,807,944,137,2
141,141,0,924,959,35,2
142,142,0,845,982,137,2
143,143,0,840,977,137,2
144,144,0,867,1004,137,2
145,145,0,881,913,32,2
146,146,0,901,917,16,2
147,147,0,944,947,3,2
148,148,0,821,824,3,2
149,149,0,811,898,87,2
150,150,0,1007,1014,7,2
151,151,0,912,1049,137,2
152,152,0,802,939,137,2
153,153,0,928,1065,137,2
154,154,0,911,938,27,2
155,155,0,847,899,52,2
156,156,0,1035,1172,137,2
157,157,0,893,973,80,2
158,158,0,922,971,49,2
159,159,0,977,985,8,2
160,160,0,941,944,3,2
161,161,0,869,1006,137,2
162,162,0,885,955,70,2
163,163,0,859,996,137,2
164,164,0,948,1085,137,2
165,165,0,890,1005,115,2
166,166,0,887,891,4,2
167,167,0,968,1105,137,2
168,168,0,927,989,62,2
169,169,0,997,1134,137,2
170,170,0,846,983,137,2
171,171,0,831,861,30,2
172,172,0,842,979,137,2
173,173,0,768,905,137,2
174,174,0,896,1033,137,2
175,175,0,894,1014,120,2
176,176,0,885,1022,137,2
177,177,0,822,959,137,2
178,178,0,927,954,27,2
179,179,0,897,904,7,2
180,180,0,848,985,137,2
181,181,0,912,1001,89,2
182,182,0,863,1000,137,2
183,183,0,813,950,137,2
184,184,0,802,939,137,2
185,185,0,956,1061,105,2
186,186,0,822,945,123,2
187,187,0,934,993,59,2
188,188,0,1026,1054,28,2
189,189,0,981,1114,133,2
190,190,0,934,1071,137,2
191,191,0,836,927,91,2
192,192,0,760,897,137,2
193,193,0,820,957,137,2
194,194,0,907,1044,137,2
195,195,0,979,1016,37,2
196,196,0,894,1031,137,2
197,197,0,852,989,137,2
198,198,0,948,971,23,2
199,199,0,813,950,137,2
200,200,0,902,1024,122,2
201,201,0,882,1019,137,2
202,202,0,815,952,137,2
203,203,1,972,1083,111,2
204,204,0,973,985,12,2
205,205,0,957,957,0,2
206,206,0,1010,1147,137,2
207,207,0,1070,1207,137,2
208,208,0,895,1032,137,2
209,209,0,818,860,42,2
210,210,0,864,1001,137,2
211,211,0,857,994,137,2
212,212,0,1028,1063,35,2
213,213,0,892,1029,137,2
214,214,0,769,906,137,2
215,215,0,883,1020,137,2
216,216,0,972,1109,137,2
217,217,0,965,1088,123,2
218,218,0,925,961,36,2
219,219,0,814,872,58,2
220,220,0,805,942,137,2
221,221,0,992,1010,18,2
222,222,0,943,1080,137,2
223,223,0,951,958,7,2
224,224,0,926,987,61,2
225,225,0,954,962,8,2
226,226,0,944,944,0,2
227,227,0,935,935,0,2
228,228,0,900,912,12,2
229,229,0,762,854,92,2
230,230,0,823,882,59,2
231,231,1,978,1010,32,2
232,232,1,966,1027,61,2
233,233,0,912,916,4,2
234,234,0,823,829,6,2
235,235,0,909,933,24,2
236,236,1,967,1041,74,2
237,237,1,851,905,54,2
238,238,1,843,861,18,2
239,239,1,963,1021,58,2
240,240,1,888,919,31,2
241,241,0,794,798,4,2
242,242,1,905,928,23,2
243,243,1,1039,1086,47,2
244,244,1,901,923,22,2
245,245,1,823,830,7,2
246,246,1,809,822,13,2
247,247,0,887,905,18,2
248,248,1,859,926,67,2
249,249,0,1004,1015,11,2
250,250,1,919,931,12,2
251,251,0,913,1050,137,2
252,252,0,810,812,2,2
253,253,0,841,978,137,2
254,254,0,875,1012,137,2
255,255,0,841,927,86,2
256,256,0,948,1012,64,2
257,257,1,859,995,136,2
258,258,0,820,957,137,2
259,259,0,860,997,137,2
260,260,0,917,948,31,2
261,261,0,936,1073,137,2
262,262,0,950,986,36,2
263,263,0,1013,1031,18,2
264,264,0,847,984,137,2
265,265,0,777,914,137,2
266,266,0,960,988,28,2
267,267,0,920,1057,137,2
268,268,0,935,1051,116,2
269,269,0,933,979,46,2
270,270,0,933,985,52,2
271,271,0,797,934,137,2
272,272,0,733,870,137,2
273,273,0,866,953,87,2
274,274,0,870,930,60,2
275,275,0,795,875,80,2
276,276,1,905,1005,100,2
277,277,0,796,891,95,2
278,278,0,965,1102,137,2
279,279,0,775,912,137,2
280,280,0,942,977,35,2
281,281,0,895,926,31,2
282,282,0,981,1038,57,2
283,283,0,991,1006,15,2
284,284,0,894,918,24,2
285,285,0,886,943,57,2
286,286,0,871,924,53,2
287,287,0,839,976,137,2
288,288,0,839,976,137,2
289,289,0,858,995,137,2
290,290,0,830,967,137,2
291,291,0,868,1005,137,2
292,292,0,831,925,94,2
293,293,0,783,888,105,2
294,294,0,925,1062,137,2
295,295,0,898,1035,137,2
296,296,0,910,1009,99,2
297,297,0,958,1008,50,2
298,298,0,866,1003,137,2
299,299,0,851,988,137,2
300,300,0,906,1043,137,2
301,301,1,958,1041,83,2
302,302,1,1003,1093,90,2
303,303,1,871,944,73,2
304,304,1,864,873,9,2
305,305,1,996,1073,77,2
306,306,1,1034,1068,34,2
307,307,1,873,897,24,2
308,308,1,984,1047,63,2
309,309,1,943,1011,68,2
310,310,1,1007,1019,12,2
311,311,1,935,1006,71,2
312,312,1,929,996,67,2
313,313,1,939,978,39,2
314,314,1,772,840,68,2
315,315,0,871,912,41,2
316,316,1,873,954,81,2
317,317,1,981,1018,37,2
318,318,0,894,927,33,2
319,319,1,994,1040,46,2
320,320,1,976,995,19,2
321,321,1,847,883,36,2
322,322,1,859,941,82,2
323,323,1,933,990,57,2
324,324,1,861,934,73,2
325,325,1,886,908,22,2
326,326,1,943,986,43,2
327,327,1,931,969,38,2
328,328,1,948,1019,71,2
329,329,1,955,992,37,2
330,330,1,1004,1023,19,2
331,331,1,828,895,67,2
332,332,1,835,845,10,2
333,333,0,868,870,2,2
334,334,1,988,1074,86,2
335,335,1,861,930,69,2
336,336,0,959,976,17,2
337,337,1,859,912,53,2
338,338,0,871,874,3,2
339,339,0,847,892,45,2
340,340,1,874,885,11,2
341,341,1,992,1044,52,2
342,342,1,1027,1072,45,2
343,343,1,857,901,44,2
344,344,1,994,1013,19,2
345,345,1,1041,1043,2,2
346,346,0,900,926,26,2
347,347,1,1096,1152,56,2
348,348,1,930,936,6,2
349,349,1,943,994,51,2
350,350,1,1024,1063,39,2
351,351,0,802,821,19,2
352,352,0,811,819,8,2
353,353,1,927,1001,74,2
354,354,1,967,975,8,2
355,355,1,943,982,39,2
356,356,0,840,905,65,2
357,357,1,979,1040,61,2
358,358,0,921,926,5,2
359,359,1,986,1030,44,2
360,360,1,1039,1132,93,2
361,361,1,968,990,22,2
362,362,1,955,990,35,2
363,363,1,837,911,74,2
364,364,1,861,915,54,2
365,365,1,967,983,16,2
366,366,1,782,909,127,1
367,367,1,1020,1128,108,1
368,368,1,856,969,113,1
369,369,1,915,957,42,1
370,370,1,863,983,120,1
371,371,1,906,1012,106,1
372,372,1,955,1055,100,1
373,373,1,943,1025,82,1
374,374,1,943,1043,100,1
375,375,1,837,945,108,1
376,376,1,966,1009,43,1
377,377,1,936,971,35,1
378,378,1,919,1033,114,1
379,379,1,852,869,17,1
380,380,1,1073,1139,66,1
381,381,1,925,1036,111,1
382,382,1,967,1085,118,1
383,383,0,806,943,137,1
384,384,0,969,1001,32,1
385,385,0,923,1060,137,1
386,386,0,865,1002,137,1
387,387,0,953,1031,78,1
388,388,0,871,945,74,1
389,389,0,982,1006,24,1
390,390,0,883,959,76,1
391,391,0,817,843,26,1
392,392,0,875,1012,137,1
393,393,0,821,956,135,1
394,394,0,936,1073,137,1
395,395,0,971,1107,136,1
396,396,0,830,940,110,1
397,397,0,885,911,26,1
398,398,0,894,1031,137,1
399,399,0,893,996,103,1
400,400,0,866,895,29,1
401,401,0,878,1015,137,1
402,402,0,820,957,137,1
403,403,0,1007,1043,36,1
404,404,0,879,1016,137,1
405,405,0,956,1093,137,1
406,406,1,854,989,135,1
407,407,0,890,1027,137,1
408,408,0,1041,1044,3,1
409,409,0,978,1005,27,1
410,410,0,836,973,137,1
411,411,0,938,1064,126,1
412,412,0,886,1023,137,1
413,413,0,876,1013,137,1
414,414,0,955,977,22,1
415,415,0,823,960,137,1
416,416,0,960,1047,87,1
417,417,0,843,943,100,1
418,418,0,856,951,95,1
419,419,0,847,984,137,1
420,420,0,1027,1058,31,1
421,421,0,988,1045,57,1
422,422,0,953,953,0,1
423,423,0,978,1018,40,1
424,424,0,981,1118,137,1
425,425,0,926,970,44,1
426,426,0,1036,1070,34,1
427,427,0,1016,1153,137,1
428,428,0,969,1106,137,1
429,429,0,900,936,36,1
430,430,0,898,906,8,1
431,431,0,846,866,20,1
432,432,1,964,1029,65,1
433,433,1,984,1053,69,1
434,434,1,1046,1080,34,1
435,435,1,871,872,1,1
436,436,1,847,893,46,1
437,437,0,962,966,4,1
438,438,1,853,894,41,1
439,439,1,967,985,18,1
440,440,1,1063,1094,31,1
441,441,1,856,927,71,1
442,442,1,865,948,83,1
443,443,1,1051,1059,8,1
444,444,1,1010,1012,2,1
445,445,1,878,911,33,1
446,446,1,1021,1094,73,1
447,447,0,959,972,13,1
448,448,1,921,993,72,1
449,449,1,836,876,40,1
450,450,1,919,993,74,1
451,451,1,751,777,26,1
452,452,1,906,966,60,1
453,453,1,835,907,72,1
454,454,1,946,1031,85,1
455,455,1,759,781,22,1
456,456,0,909,914,5,1
457,457,1,962,998,36,1
458,458,1,984,1022,38,1
459,459,1,891,932,41,1
460,460,1,835,898,63,1
461,461,1,1039,1060,21,1
462,462,1,1010,1044,34,1
