,subject,age,exercise,group
1,100,8.0,2.71,patient
2,100,10.0,1.94,patient
3,100,12.0,2.36,patient
4,100,14.0,1.54,patient
5,100,15.92,8.63,patient
6,101,8.0,0.14,patient
7,101,10.0,0.14,patient
8,101,12.0,0.0,patient
9,101,14.0,0.0,patient
10,101,16.67,5.08,patient
11,102,8.0,0.92,patient
12,102,10.0,1.82,patient
13,102,12.0,4.75,patient
15,102,15.08,24.72,patient
16,103,8.0,1.04,patient
17,103,10.0,2.9,patient
18,103,12.0,2.65,patient
20,103,14.08,6.86,patient
21,104,8.0,2.75,patient
22,104,10.0,6.62,patient
23,104,12.0,0.29,patient
25,104,15.42,12.37,patient
26,105,8.0,0.05,patient
27,105,10.0,0.0,patient
28,105,12.0,0.0,patient
29,105,14.0,0.25,patient
30,105,16.17,1.44,patient
31,106,8.0,0.0,patient
32,106,10.0,0.46,patient
33,106,12.0,0.12,patient
34,106,14.0,1.34,patient
35,106,16.33,4.83,patient
36,107,8.0,0.0,patient
37,107,10.0,0.12,patient
38,107,12.0,0.0,patient
39,107,14.0,4.14,patient
40,107,16.0,1.15,patient
41,108,8.0,1.25,patient
42,108,10.0,2.22,patient
43,108,12.0,2.71,patient
44,108,14.0,19.0,patient
45,108,16.33,4.53,patient
46,109,8.0,2.28,patient
47,109,10.0,1.15,patient
50,109,13.75,18.48,patient
51,110,8.0,0.76,patient
52,110,10.0,1.41,patient
53,110,12.0,1.04,patient
54,110,14.0,12.99,patient
55,110,16.58,2.9,patient
56,111,8.0,0.35,patient
57,111,10.0,1.2,patient
58,111,12.0,4.53,patient
60,111,15.25,14.01,patient
61,112,8.0,0.06,patient
62,112,10.0,0.0,patient
63,112,12.0,0.0,patient
64,112,14.0,0.38,patient
65,112,16.75,1.06,patient
66,113,8.0,0.33,patient
67,113,10.0,0.14,patient
68,113,12.0,3.28,patient
70,113,15.33,18.61,patient
71,114,8.0,1.06,patient
72,114,10.0,1.42,patient
73,114,12.0,0.17,patient
75,114,14.92,1.68,patient
76,115,8.0,0.23,patient
77,115,10.0,1.27,patient
78,115,12.0,2.84,patient
80,115,14.67,0.82,patient
81,116,8.0,4.69,patient
82,116,10.0,5.91,patient
83,116,12.0,4.5,patient
84,116,14.0,7.31,patient
85,116,16.5,11.49,patient
86,117,8.0,0.58,patient
87,117,10.0,1.46,patient
88,117,12.0,1.98,patient
89,117,14.0,2.1,patient
90,117,16.5,10.78,patient
91,118,8.0,0.29,patient
92,118,10.0,0.3,patient
93,118,12.0,0.66,patient
95,118,15.92,2.42,patient
96,119,8.0,0.38,patient
97,119,10.0,1.12,patient
98,119,12.0,1.33,patient
99,119,14.0,0.87,patient
100,119,16.08,9.0,patient
101,120,8.0,0.38,patient
102,120,10.0,0.0,patient
103,120,12.0,0.0,patient
104,120,14.0,0.0,patient
105,120,16.58,1.2,patient
106,121,8.0,0.16,patient
107,121,10.0,1.12,patient
108,121,12.0,11.36,patient
110,121,15.08,4.19,patient
111,122,8.0,0.0,patient
112,122,10.0,0.0,patient
113,122,12.0,1.04,patient
114,122,14.0,7.49,patient
115,122,16.33,4.71,patient
116,123,8.0,0.45,patient
117,123,10.0,0.0,patient
118,123,12.0,0.87,patient
120,123,15.5,0.0,patient
121,124,8.0,1.99,patient
122,124,10.0,0.63,patient
123,124,12.0,3.35,patient
125,124,13.75,4.25,patient
126,125,8.0,1.5,patient
127,125,10.0,2.02,patient
128,125,12.0,7.07,patient
130,125,14.08,3.39,patient
131,126,8.0,0.46,patient
132,126,10.0,0.58,patient
133,126,12.0,0.52,patient
135,126,14.25,3.46,patient
136,127,8.0,0.88,patient
137,127,10.0,0.69,patient
138,127,12.0,1.63,patient
139,127,14.0,2.76,patient
140,127,16.0,4.88,patient
141,128,8.0,1.62,patient
142,128,10.0,0.29,patient
145,128,13.5,0.14,patient
146,129,8.0,0.66,patient
147,129,10.0,1.11,patient
148,129,12.0,0.8,patient
150,129,15.08,10.66,patient
151,130,8.0,0.0,patient
152,130,10.0,0.29,patient
153,130,12.0,2.09,patient
154,130,14.0,3.88,patient
155,130,16.0,11.19,patient
156,132,8.0,0.0,patient
157,132,10.0,1.27,patient
160,132,13.08,5.29,patient
161,133,8.0,1.56,patient
162,133,10.0,2.31,patient
163,133,12.0,2.02,patient
164,133,14.0,1.62,patient
165,133,17.5,13.06,patient
166,134,8.0,5.24,patient
167,134,10.0,9.33,patient
168,134,12.0,14.59,patient
169,134,14.0,22.69,patient
170,134,16.5,21.01,patient
171,135,8.0,0.06,patient
172,135,10.0,0.17,patient
173,135,12.0,0.08,patient
174,135,14.0,0.0,patient
175,135,16.58,0.41,patient
176,136,8.0,1.84,patient
177,136,10.0,1.55,patient
178,136,12.0,3.83,patient
179,136,14.0,2.93,patient
180,136,17.0,3.35,patient
181,137,8.0,1.75,patient
182,137,10.0,0.0,patient
183,137,12.0,1.89,patient
185,137,14.0,1.45,patient
186,138,8.0,1.15,patient
187,138,10.0,0.8,patient
188,138,12.0,0.65,patient
190,138,14.58,1.48,patient
191,139,8.0,6.78,patient
192,139,10.0,7.77,patient
193,139,12.0,14.78,patient
194,139,14.0,10.81,patient
195,139,17.25,13.35,patient
196,140,8.0,4.79,patient
197,140,10.0,6.1,patient
198,140,12.0,6.44,patient
199,140,14.0,7.92,patient
200,140,17.42,6.14,patient
201,141,8.0,1.1,patient
202,141,10.0,0.04,patient
203,141,12.0,0.75,patient
204,141,14.0,0.75,patient
205,141,16.5,5.79,patient
206,142,8.0,6.17,patient
207,142,10.0,1.67,patient
208,142,12.0,0.87,patient
210,142,15.75,11.75,patient
211,143,8.0,3.23,patient
212,143,10.0,4.21,patient
213,143,12.0,8.45,patient
214,143,14.0,2.55,patient
215,143,16.75,6.12,patient
216,144,8.0,0.29,patient
217,144,10.0,1.35,patient
218,144,12.0,1.59,patient
219,144,14.0,4.66,patient
220,144,16.5,1.6,patient
221,145,8.0,0.87,patient
222,145,10.0,0.86,patient
223,145,12.0,1.95,patient
225,145,14.25,4.66,patient
226,146,8.0,0.14,patient
227,146,10.0,0.14,patient
228,146,12.0,0.29,patient
230,146,14.5,4.21,patient
231,147,8.0,0.0,patient
232,147,10.0,0.12,patient
235,147,13.42,2.57,patient
236,148,8.0,0.0,patient
237,148,10.0,0.29,patient
238,148,12.0,0.0,patient
239,148,14.0,0.0,patient
240,148,16.83,8.86,patient
241,149,8.0,0.3,patient
242,149,10.0,0.64,patient
245,149,12.25,3.63,patient
246,150,8.0,1.06,patient
247,150,10.0,3.84,patient
248,150,12.0,2.02,patient
249,150,14.0,7.01,patient
250,150,17.17,12.48,patient
251,151,8.0,0.0,patient
252,151,10.0,0.39,patient
253,151,12.0,0.24,patient
254,151,14.0,0.0,patient
255,151,17.67,0.0,patient
256,152,8.0,1.41,patient
257,152,10.0,4.3,patient
258,152,12.0,4.3,patient
259,152,14.0,5.65,patient
260,152,16.0,6.8,patient
261,153,8.0,1.12,patient
262,153,10.0,1.47,patient
263,153,12.0,2.02,patient
265,153,14.5,0.57,patient
266,154,8.0,0.88,patient
267,154,10.0,2.1,patient
268,154,12.0,2.68,patient
270,154,15.33,2.76,patient
271,155,8.0,2.83,patient
272,155,10.0,3.61,patient
275,155,13.42,4.19,patient
276,156,8.0,0.38,patient
277,156,10.0,0.26,patient
278,156,12.0,1.99,patient
280,156,14.0,6.41,patient
281,157,8.0,0.38,patient
282,157,10.0,0.0,patient
283,157,12.0,1.88,patient
284,157,14.0,19.79,patient
285,157,16.5,6.19,patient
286,158,8.0,0.0,patient
287,158,10.0,0.0,patient
290,158,12.17,0.2,patient
291,159,8.0,0.61,patient
292,159,10.0,1.1,patient
293,159,12.0,1.59,patient
295,159,14.42,1.06,patient
296,160,8.0,1.19,patient
297,160,10.0,10.99,patient
298,160,12.0,12.21,patient
299,160,14.0,16.75,patient
300,160,16.0,15.1,patient
301,161,8.0,0.12,patient
302,161,10.0,0.45,patient
303,161,12.0,0.0,patient
304,161,14.0,0.0,patient
305,161,16.33,0.87,patient
306,162,8.0,1.0,patient
307,162,10.0,1.19,patient
310,162,13.33,1.44,patient
311,163,8.0,9.12,patient
312,163,10.0,4.84,patient
313,163,12.0,4.76,patient
315,163,14.92,29.96,patient
316,164,8.0,1.02,patient
317,164,10.0,1.47,patient
318,164,12.0,2.11,patient
319,164,14.0,1.59,patient
320,164,16.17,4.1,patient
321,165,8.0,0.12,patient
322,165,10.0,0.52,patient
323,165,12.0,0.75,patient
325,165,15.75,4.01,patient
326,166,8.0,1.33,patient
327,166,10.0,2.65,patient
328,166,12.0,3.71,patient
329,166,14.0,7.32,patient
330,166,16.5,10.73,patient
331,167,8.0,4.59,patient
332,167,10.0,6.12,patient
333,167,12.0,8.12,patient
335,167,15.83,16.9,patient
336,168,8.0,0.61,patient
340,168,11.58,1.84,patient
341,169,8.0,0.2,patient
342,169,10.0,4.46,patient
345,169,13.75,14.83,patient
346,170,8.0,1.82,patient
347,170,10.0,0.2,patient
348,170,12.0,0.61,patient
349,170,14.0,0.0,patient
350,170,17.25,3.42,patient
351,171,8.0,0.51,patient
352,171,10.0,0.62,patient
353,171,12.0,0.34,patient
355,171,14.0,2.26,patient
356,172,8.0,0.9,patient
357,172,10.0,1.09,patient
358,172,12.0,4.63,patient
360,172,14.42,6.58,patient
361,173,8.0,1.04,patient
362,173,10.0,0.58,patient
363,173,12.0,0.6,patient
365,173,15.42,3.41,patient
366,174,8.0,0.35,patient
367,174,10.0,0.38,patient
370,174,13.5,3.38,patient
371,175,8.0,0.82,patient
372,175,10.0,0.75,patient
373,175,12.0,2.37,patient
374,175,14.0,1.33,patient
375,175,16.42,1.19,patient
376,176,8.0,1.42,patient
377,176,10.0,0.54,patient
378,176,12.0,0.0,patient
379,176,14.0,0.0,patient
380,176,16.0,0.48,patient
381,177,8.0,0.0,patient
382,177,10.0,1.25,patient
383,177,12.0,1.21,patient
385,177,14.67,2.74,patient
386,178,8.0,0.27,patient
387,178,10.0,0.0,patient
388,178,12.0,0.0,patient
390,178,14.25,12.48,patient
391,179,8.0,0.12,patient
392,179,10.0,0.55,patient
393,179,12.0,0.98,patient
394,179,14.0,0.35,patient
395,179,17.92,0.81,patient
396,180,8.0,3.27,patient
397,180,10.0,4.31,patient
398,180,12.0,5.77,patient
400,180,14.17,12.75,patient
401,181,8.0,1.38,patient
402,181,10.0,1.38,patient
403,181,12.0,1.0,patient
404,181,14.0,1.38,patient
405,181,15.92,5.2,patient
406,182,8.0,3.12,patient
407,182,10.0,2.47,patient
408,182,12.0,1.46,patient
410,182,15.25,10.95,patient
411,183,8.0,0.0,patient
412,183,10.0,0.0,patient
413,183,12.0,0.0,patient
415,183,14.17,1.48,patient
416,184,8.0,1.62,patient
417,184,10.0,3.5,patient
420,184,13.42,2.66,patient
421,185,8.0,0.43,patient
422,185,10.0,0.0,patient
423,185,12.0,0.0,patient
424,185,14.0,0.0,patient
425,185,17.0,3.5,patient
426,186,8.0,1.79,patient
427,186,10.0,2.57,patient
428,186,12.0,7.32,patient
430,186,15.0,13.19,patient
431,187,8.0,1.21,patient
432,187,10.0,2.67,patient
433,187,12.0,2.2,patient
435,187,15.17,6.12,patient
436,188,8.0,3.87,patient
437,188,10.0,1.62,patient
438,188,12.0,10.28,patient
440,188,14.5,10.9,patient
441,189,8.0,0.88,patient
442,189,10.0,0.0,patient
443,189,12.0,2.62,patient
444,189,14.0,2.15,patient
445,189,16.08,2.38,patient
446,190,8.0,1.61,patient
447,190,10.0,0.6,patient
448,190,12.0,3.47,patient
450,190,14.75,5.58,patient
456,192,8.0,0.49,patient
457,192,10.0,1.58,patient
458,192,12.0,0.67,patient
460,192,15.5,5.38,patient
461,193,8.0,2.49,patient
462,193,10.0,5.72,patient
465,193,12.83,12.48,patient
466,194,8.0,0.0,patient
467,194,10.0,0.0,patient
468,194,12.0,0.0,patient
470,194,15.83,0.49,patient
471,195,8.0,0.0,patient
472,195,10.0,0.67,patient
473,195,12.0,0.0,patient
475,195,15.0,1.92,patient
476,196,8.0,2.61,patient
477,196,10.0,4.15,patient
480,196,13.25,5.49,patient
481,198,8.0,0.0,patient
482,198,10.0,0.0,patient
483,198,12.0,2.77,patient
485,198,15.67,10.7,patient
486,199,8.0,2.59,patient
487,199,10.0,2.62,patient
488,199,12.0,4.15,patient
490,199,14.54,10.72,patient
491,200,8.0,3.23,control
492,200,10.0,5.65,control
493,200,12.0,0.66,control
494,200,14.0,7.54,control
495,200,17.0,3.58,control
496,201,8.0,0.17,control
497,201,10.0,0.0,control
500,201,13.0,1.01,control
501,202,8.0,0.29,control
502,202,10.0,0.43,control
505,202,12.0,1.01,control
506,203,8.0,2.03,control
507,203,10.0,2.99,control
508,203,12.0,3.5,control
510,203,14.75,2.02,control
511,204,8.0,1.17,control
512,204,10.0,5.54,control
513,204,12.0,4.96,control
515,204,14.5,6.9,control
516,205,8.0,0.46,control
517,205,10.0,0.0,control
518,205,12.0,0.71,control
519,205,14.0,1.85,control
520,205,16.42,0.0,control
521,206,8.0,0.89,control
522,206,10.0,0.89,control
525,206,12.08,1.03,control
526,207a,8.0,0.17,control
527,207a,10.0,0.0,control
528,207a,12.0,0.87,control
529,207a,14.0,1.15,control
530,207a,16.42,2.4,control
531,207b,8.0,0.0,control
532,207b,10.0,0.29,control
533,207b,12.0,0.87,control
535,207b,15.5,0.0,control
536,208,8.0,0.78,control
537,208,10.0,0.32,control
540,208,12.0,0.13,control
541,209,8.0,1.33,control
542,209,10.0,1.79,control
543,209,12.0,1.15,control
545,209,15.17,1.67,control
546,210,8.0,1.62,control
547,210,10.0,2.79,control
548,210,12.0,2.06,control
550,210,14.92,0.3,control
551,211,8.0,0.73,control
552,211,10.0,0.87,control
555,211,13.58,2.55,control
556,212,8.0,0.0,control
557,212,10.0,2.33,control
558,212,12.0,1.6,control
559,212,14.0,7.9,control
560,212,16.0,6.62,control
561,213,8.0,2.31,control
562,213,10.0,2.02,control
563,213,12.0,3.27,control
565,213,15.5,1.38,control
566,214,8.0,3.28,control
567,214,10.0,3.28,control
568,214,12.0,3.92,control
570,214,14.54,5.86,control
571,215,8.0,2.31,control
572,215,10.0,4.85,control
573,215,12.0,4.9,control
575,215,15.92,9.29,control
576,216,8.0,0.29,control
577,216,10.0,3.12,control
580,216,13.17,0.29,control
581,217,8.0,0.46,control
582,217,10.0,0.0,control
585,217,13.17,0.02,control
586,218,8.0,0.4,control
587,218,10.0,0.29,control
588,218,12.0,0.69,control
589,218,14.0,0.69,control
590,218,16.0,0.58,control
591,219,8.0,1.25,control
592,219,10.0,1.25,control
593,219,12.0,1.74,control
594,219,14.0,1.4,control
595,219,15.96,0.98,control
596,220,8.0,1.43,control
597,220,10.0,1.49,control
598,220,12.0,1.48,control
600,220,15.42,4.89,control
601,221,8.0,1.36,control
602,221,10.0,4.29,control
605,221,12.25,6.65,control
606,222,8.0,1.73,control
610,222,11.83,1.52,control
611,223,8.0,1.82,control
612,223,10.0,5.57,control
615,223,13.58,1.22,control
616,224,8.0,0.87,control
617,224,10.0,2.25,control
618,224,12.0,2.72,control
620,224,14.83,3.76,control
621,225,8.0,1.01,control
622,225,10.0,2.67,control
623,225,12.0,1.56,control
625,225,14.25,2.69,control
626,226,8.0,0.43,control
627,226,10.0,1.73,control
630,226,12.58,0.81,control
631,227,8.0,4.02,control
632,227,10.0,0.69,control
635,227,13.42,1.38,control
636,228,8.0,0.81,control
637,228,10.0,0.98,control
638,228,12.0,1.75,control
639,228,14.0,0.75,control
640,228,17.0,2.48,control
641,229a,8.0,0.43,control
642,229a,10.0,0.43,control
643,229a,12.0,0.0,control
645,229a,14.54,1.15,control
646,229b,8.0,0.0,control
647,229b,10.0,0.58,control
648,229b,12.0,0.0,control
649,229b,14.0,0.35,control
650,229b,17.13,2.69,control
651,230,8.0,0.24,control
652,230,10.0,0.15,control
655,230,12.0,0.56,control
656,231,8.0,1.03,control
657,231,10.0,0.52,control
658,231,12.0,2.58,control
660,231,15.0,3.06,control
661,232,8.0,1.36,control
662,232,10.0,0.92,control
663,232,12.0,0.0,control
664,232,14.0,0.06,control
665,232,17.92,1.28,control
666,233,8.0,0.95,control
667,233,10.0,2.33,control
668,233,12.0,1.82,control
669,233,14.0,1.54,control
670,233,16.0,2.92,control
671,234,8.0,0.92,control
672,234,10.0,0.69,control
675,234,13.0,0.0,control
676,235,8.0,2.31,control
677,235,10.0,1.88,control
680,235,12.46,2.08,control
681,236,8.0,1.27,control
682,236,10.0,1.67,control
683,236,12.0,1.33,control
684,236,14.0,2.04,control
685,236,16.38,6.75,control
686,237,8.0,1.76,control
687,237,10.0,2.6,control
688,237,12.0,2.48,control
689,237,14.0,0.23,control
690,237,16.33,2.13,control
691,238,8.0,1.67,control
692,238,10.0,6.56,control
693,238,12.0,6.73,control
694,238,14.0,7.79,control
695,238,16.17,3.98,control
696,239,8.0,0.87,control
697,239,10.0,1.85,control
700,239,13.0,2.08,control
701,240,8.0,0.96,control
702,240,10.0,0.84,control
705,240,12.25,1.28,control
706,241,8.0,0.0,control
707,241,10.0,1.23,control
710,241,13.25,8.52,control
711,242,8.0,0.38,control
712,242,10.0,2.77,control
715,242,12.08,3.08,control
716,243,8.0,6.98,control
717,243,10.0,11.54,control
718,243,12.0,7.85,control
720,243,14.08,7.08,control
721,244,8.0,0.69,control
722,244,10.0,0.98,control
723,244,12.0,0.0,control
724,244,14.0,0.0,control
725,244,17.17,0.8,control
726,245,8.0,0.29,control
727,245,10.0,0.81,control
728,245,12.0,0.0,control
729,245,14.0,1.02,control
730,245,17.13,1.35,control
731,246,8.0,0.43,control
732,246,10.0,0.72,control
733,246,12.0,1.12,control
735,246,15.17,0.09,control
736,247,8.0,1.15,control
737,247,10.0,1.85,control
738,247,12.0,1.85,control
740,247,15.0,0.46,control
741,248,8.0,6.32,control
742,248,10.0,3.87,control
745,248,13.58,2.88,control
746,249,8.0,2.24,control
747,249,10.0,3.0,control
748,249,12.0,3.92,control
749,249,14.0,5.54,control
750,249,17.0,4.73,control
751,250,8.0,2.0,control
752,250,10.0,2.62,control
753,250,12.0,3.62,control
755,250,15.0,4.54,control
756,251,8.0,1.15,control
757,251,10.0,1.15,control
758,251,12.0,0.0,control
760,251,14.58,0.0,control
761,252,8.0,0.87,control
762,252,10.0,1.92,control
765,252,12.33,2.51,control
766,253,8.0,0.14,control
767,253,10.0,0.0,control
768,253,12.0,0.46,control
769,253,14.0,2.77,control
770,253,16.42,2.15,control
771,254,8.0,0.29,control
772,254,10.0,0.0,control
775,254,12.33,0.0,control
776,255,8.0,0.88,control
777,255,10.0,0.88,control
778,255,12.0,0.85,control
780,255,14.17,1.79,control
781,255b,8.0,2.02,control
782,255b,10.0,1.15,control
783,255b,12.0,2.5,control
784,255b,14.0,1.88,control
785,255b,15.92,2.02,control
786,256,8.0,0.48,control
787,256,10.0,1.51,control
788,256,12.0,1.51,control
790,256,15.0,3.92,control
791,257,8.0,1.68,control
792,257,10.0,1.74,control
793,257,12.0,3.93,control
795,257,15.83,3.12,control
796,258,8.0,0.95,control
797,258,10.0,1.41,control
800,258,13.5,1.31,control
801,259,8.0,0.0,control
802,259,10.0,0.46,control
803,259,12.0,0.0,control
805,259,15.75,0.17,control
806,260,8.0,0.79,control
807,260,10.0,0.73,control
810,260,13.92,0.0,control
811,261,8.0,0.05,control
812,261,10.0,0.05,control
815,261,13.92,0.9,control
816,262,8.0,0.14,control
817,262,10.0,0.72,control
820,262,13.25,0.14,control
821,263,8.0,0.58,control
822,263,10.0,0.58,control
825,263,13.25,0.0,control
826,264,8.0,0.43,control
827,264,10.0,0.34,control
830,264,13.58,0.2,control
831,265,8.0,2.19,control
832,265,10.0,2.15,control
835,265,13.83,0.29,control
836,266,8.0,0.17,control
837,266,10.0,0.29,control
840,266,13.5,0.0,control
841,267,8.0,0.33,control
842,267,10.0,0.46,control
843,267,12.0,0.0,control
845,267,14.42,0.0,control
846,268,8.0,0.49,control
847,268,10.0,1.04,control
848,268,12.0,0.63,control
850,268,15.75,1.49,control
851,269,8.0,1.33,control
852,269,10.0,1.98,control
855,269,13.17,3.04,control
856,270,8.0,1.49,control
857,270,10.0,2.45,control
858,270,12.0,2.18,control
860,270,15.33,1.01,control
861,271,8.0,0.0,control
862,271,10.0,0.0,control
863,271,12.0,0.35,control
865,271,14.25,0.35,control
866,272,8.0,1.25,control
867,272,10.0,2.57,control
870,272,12.75,2.44,control
871,273a,8.0,0.29,control
872,273a,10.0,0.55,control
873,273a,12.0,0.55,control
875,273a,14.5,1.64,control
876,273b,8.0,0.0,control
877,273b,10.0,1.33,control
878,273b,12.0,1.19,control
879,273b,14.0,1.35,control
880,273b,16.67,0.29,control
881,274,8.0,1.66,control
882,274,10.0,1.23,control
885,274,12.75,2.13,control
886,275,8.0,0.23,control
887,275,10.0,0.81,control
888,275,12.0,1.05,control
889,275,14.0,0.82,control
890,275,16.0,0.7,control
891,276,8.0,0.52,control
892,276,10.0,0.63,control
893,276,12.0,0.34,control
895,276,14.38,0.53,control
896,277,8.0,0.73,control
897,277,10.0,0.21,control
898,277,12.0,0.12,control
900,277,14.25,0.67,control
901,278,8.0,4.73,control
902,278,10.0,0.0,control
905,278,12.42,0.52,control
906,279a,8.0,1.38,control
907,279a,10.0,0.52,control
910,279a,13.08,0.8,control
911,279b,8.0,0.38,control
912,279b,10.0,0.38,control
913,279b,12.0,0.0,control
915,279b,15.5,0.0,control
916,280a,8.0,0.75,control
917,280a,10.0,1.05,control
918,280a,12.0,0.17,control
920,280a,14.92,3.37,control
921,280b,8.0,0.63,control
922,280b,10.0,1.22,control
923,280b,12.0,0.98,control
924,280b,14.0,2.63,control
925,280b,17.0,1.92,control
926,281,8.0,3.5,control
927,281,10.0,3.23,control
928,281,12.0,4.31,control
929,281,14.0,4.31,control
930,281,16.13,5.38,control
931,282,8.0,0.12,control
932,282,10.0,0.12,control
933,282,12.0,0.26,control
934,282,14.0,0.0,control
935,282,16.0,1.17,control
936,283,8.0,0.5,control
937,283,10.0,0.92,control
940,283,13.58,3.17,control
941,284,8.0,0.92,control
942,284,10.0,0.92,control
943,284,12.0,0.0,control
944,284,14.0,0.0,control
945,284,16.96,0.0,control
946,285,8.0,0.72,control
947,285,10.0,0.72,control
950,285,13.21,1.54,control
951,286,8.0,1.1,control
952,286,10.0,1.1,control
953,286,12.0,0.35,control
954,286,14.0,0.4,control
955,286,17.0,0.29,control
956,300,8.0,0.17,patient
957,300,10.0,1.62,patient
958,300,12.0,0.17,patient
959,300,14.0,0.98,patient
960,300,16.5,6.5,patient
961,301,8.0,0.0,patient
962,301,10.0,0.24,patient
963,301,12.0,0.0,patient
964,301,14.0,0.14,patient
965,301,16.33,0.67,patient
966,302,8.0,0.38,patient
967,302,10.0,1.55,patient
968,302,12.0,1.48,patient
969,302,14.0,5.75,patient
970,302,16.25,11.26,patient
971,303,8.0,1.44,patient
972,303,10.0,4.07,patient
973,303,12.0,1.35,patient
974,303,14.0,0.0,patient
975,303,16.5,0.0,patient
976,304,8.0,3.23,patient
977,304,10.0,4.85,patient
978,304,12.0,8.31,patient
979,304,14.0,13.33,patient
980,304,16.17,17.03,patient
981,305,8.0,2.46,patient
982,305,10.0,4.31,patient
983,305,12.0,1.56,patient
984,305,14.0,1.5,patient
985,305,16.58,8.75,patient
986,306,8.0,0.17,patient
987,306,10.0,0.61,patient
988,306,12.0,0.52,patient
989,306,14.0,0.52,patient
990,306,16.17,2.62,patient
991,307,8.0,0.09,patient
992,307,10.0,0.58,patient
993,307,12.0,0.58,patient
995,307,14.67,4.0,patient
996,308,8.0,0.23,patient
997,308,10.0,0.58,patient
998,308,12.0,0.23,patient
1000,308,15.75,9.85,patient
1001,309,8.0,0.27,patient
1002,309,10.0,1.07,patient
1003,309,12.0,0.14,patient
1005,309,14.92,4.54,patient
1006,310,8.0,1.31,patient
1007,310,10.0,1.77,patient
1008,310,12.0,2.6,patient
1009,310,14.0,1.15,patient
1010,310,16.5,2.57,patient
1011,311,8.0,0.0,patient
1012,311,10.0,0.0,patient
1013,311,12.0,0.32,patient
1014,311,14.0,1.96,patient
1015,311,17.17,10.1,patient
1016,312,8.0,1.66,patient
1017,312,10.0,1.32,patient
1018,312,12.0,1.16,patient
1019,312,14.0,1.19,patient
1020,312,16.5,2.81,patient
1021,313,8.0,0.94,patient
1022,313,10.0,0.95,patient
1023,313,12.0,1.15,patient
1025,313,15.88,2.5,patient
1026,314,8.0,3.45,patient
1027,314,10.0,5.09,patient
1028,314,12.0,7.68,patient
1030,314,15.25,9.12,patient
1031,315,8.0,0.23,patient
1032,315,10.0,2.08,patient
1035,315,13.75,1.12,patient
1036,316,8.0,2.03,patient
1037,316,10.0,2.04,patient
1040,316,13.33,0.0,patient
1041,317,8.0,0.4,patient
1042,317,10.0,0.69,patient
1043,317,12.0,0.12,patient
1045,317,14.42,0.75,patient
1046,318,8.0,3.2,patient
1047,318,10.0,3.92,patient
1048,318,12.0,4.85,patient
1049,318,14.0,8.31,patient
1050,318,17.46,8.71,patient
1051,319,8.0,4.73,patient
1052,319,10.0,5.0,patient
1053,319,12.0,5.44,patient
1055,319,15.0,1.21,patient
1056,320,8.0,0.29,patient
1057,320,10.0,0.0,patient
1058,320,12.0,0.04,patient
1059,320,14.0,3.0,patient
1060,320,16.0,0.0,patient
1061,321,8.0,1.6,patient
1062,321,10.0,2.26,patient
1065,321,12.0,11.87,patient
1066,322,8.0,0.56,patient
1067,322,10.0,1.73,patient
1070,322,13.0,2.52,patient
1071,323,8.0,0.0,patient
1072,323,10.0,0.0,patient
1073,323,12.0,0.46,patient
1074,323,14.0,0.0,patient
1075,323,17.17,1.82,patient
1076,324,8.0,3.88,patient
1077,324,10.0,4.85,patient
1080,324,13.71,11.97,patient
1081,325,8.0,0.0,patient
1082,325,10.0,1.73,patient
1083,325,12.0,0.0,patient
1085,325,13.96,1.21,patient
1086,326,8.0,0.4,patient
1087,326,10.0,0.4,patient
1088,326,12.0,1.15,patient
1090,326,14.96,2.02,patient
1091,327,8.0,0.12,patient
1092,327,10.0,0.12,patient
1093,327,12.0,2.22,patient
1094,327,14.0,1.75,patient
1095,327,16.0,2.71,patient
1096,328,8.0,6.76,patient
1097,328,10.0,7.27,patient
1098,328,12.0,7.85,patient
1099,328,14.0,6.46,patient
1100,328,16.21,6.56,patient
1101,329,8.0,3.01,patient
1102,329,10.0,1.36,patient
1105,329,12.17,2.3,patient
1106,330,8.0,1.85,patient
1107,330,10.0,4.92,patient
1108,330,12.0,3.77,patient
1110,330,14.58,10.0,patient
1111,331,8.0,0.19,patient
1112,331,10.0,0.0,patient
1113,331,12.0,0.87,patient
1115,331,15.67,1.33,patient
1116,332,8.0,2.6,patient
1117,332,10.0,4.63,patient
1118,332,12.0,4.9,patient
1120,332,13.92,6.58,patient
1121,333,8.0,2.79,patient
1122,333,10.0,5.38,patient
1123,333,12.0,4.65,patient
1125,333,15.79,19.52,patient
1126,334,8.0,0.0,patient
1127,334,10.0,0.38,patient
1128,334,12.0,0.81,patient
1129,334,14.0,1.9,patient
1130,334,16.79,0.0,patient
1131,335,8.0,0.12,patient
1132,335,10.0,1.5,patient
1133,335,12.0,5.19,patient
1135,335,14.75,0.96,patient
1136,336,8.0,0.0,patient
1137,336,10.0,0.0,patient
1138,336,12.0,0.0,patient
1140,336,14.42,0.86,patient
1141,337,8.0,2.53,patient
1142,337,10.0,0.55,patient
1145,337,13.0,8.76,patient
1146,338,8.0,0.12,patient
1147,338,10.0,0.35,patient
1148,338,12.0,0.0,patient
1150,338,14.29,0.94,patient
1151,340,8.0,3.0,patient
1152,340,10.0,2.77,patient
1153,340,12.0,8.5,patient
1154,340,14.0,8.38,patient
1155,340,16.08,8.01,patient
1156,341,8.0,2.08,patient
1157,341,10.0,3.38,patient
1160,341,13.0,2.48,patient
