,art,fem,mar,kid5,phd,ment
1,0,Men,Married,0,2.51999998092651,7
2,0,Women,Single,0,2.04999995231628,6
3,0,Women,Single,0,3.75,6
4,0,Men,Married,1,1.17999994754791,3
5,0,Women,Single,0,3.75,26
6,0,Women,Married,2,3.58999991416931,2
7,0,Women,Single,0,3.19000005722046,3
8,0,Men,Married,2,2.96000003814697,4
9,0,Men,Single,0,4.61999988555908,6
10,0,Women,Married,0,1.25,0
11,0,Men,Single,0,2.96000003814697,14
12,0,Women,Single,0,0.754999995231628,13
13,0,Women,Married,1,3.69000005722046,3
14,0,Women,Married,0,3.40000009536743,4
15,0,Women,Married,0,1.78999996185303,0
16,0,Women,Single,0,3.08999991416931,1
17,0,Women,Married,0,2.0,7
18,0,Men,Married,2,4.28999996185303,13
19,0,Women,Single,0,3.35999989509583,7
20,0,Women,Single,0,4.28999996185303,9
21,0,Women,Married,0,2.25999999046326,6
22,0,Men,Married,3,2.96000003814697,3
23,0,Men,Married,1,4.28999996185303,5
24,0,Men,Married,1,2.85999989509583,4
25,0,Men,Married,3,2.75999999046326,1
26,0,Women,Married,0,1.51999998092651,3
27,0,Women,Married,1,3.53999996185303,8
28,0,Men,Married,1,4.28999996185303,3
29,0,Women,Single,0,3.08999991416931,0
30,0,Men,Married,0,2.3199999332428,3
31,0,Women,Single,0,2.39000010490417,0
32,0,Men,Married,0,4.28999996185303,8
33,0,Women,Single,0,1.50499999523163,13
34,0,Men,Single,0,2.09999990463257,0
35,0,Men,Married,1,1.51999998092651,0
36,0,Women,Single,0,2.0,0
37,0,Women,Single,0,1.75,0
38,0,Men,Single,0,4.28999996185303,9
39,0,Men,Married,1,1.22000002861023,2
40,0,Women,Married,0,3.75,5
41,0,Men,Single,0,4.28999996185303,9
42,0,Women,Married,1,2.85999989509583,3
43,0,Men,Single,0,3.92000007629395,5
44,0,Women,Married,1,3.35999989509583,3
45,0,Men,Single,0,2.09999990463257,6
46,0,Men,Married,1,1.17999994754791,0
47,0,Men,Married,0,2.5,1
48,0,Men,Married,0,3.35999989509583,25
49,0,Women,Single,0,4.53999996185303,14
50,0,Women,Married,0,3.92000007629395,8
51,0,Men,Single,0,4.53999996185303,5
52,0,Women,Married,2,1.97000002861023,0
53,0,Men,Married,2,2.96000003814697,12
54,0,Men,Married,0,4.28999996185303,8
55,0,Men,Married,1,2.25999999046326,2
56,0,Women,Single,0,2.11999988555908,11
57,0,Women,Single,0,3.21000003814697,2
58,0,Men,Married,1,3.15000009536743,1
59,0,Men,Married,1,3.92000007629395,1
60,0,Men,Single,0,2.96000003814697,0
61,0,Women,Single,0,2.85999989509583,6
62,0,Men,Married,1,2.09999990463257,0
63,0,Women,Single,0,3.75,4
64,0,Women,Married,0,3.53999996185303,2
65,0,Women,Married,0,2.53999996185303,1
66,0,Men,Married,1,2.75999999046326,3
67,0,Men,Married,0,4.53999996185303,10
68,0,Men,Married,0,1.67999994754791,6
69,0,Men,Married,1,2.20000004768372,0
70,0,Women,Single,0,1.00499999523163,0
71,0,Men,Single,0,2.11999988555908,2
72,0,Women,Married,2,2.57999992370605,0
73,0,Women,Married,0,1.78999996185303,1
74,0,Men,Single,0,4.28999996185303,2
75,0,Women,Married,0,1.27999997138977,4
76,0,Men,Married,2,2.57999992370605,5
77,0,Men,Married,2,2.11999988555908,0
78,0,Men,Married,1,2.21000003814697,1
79,0,Men,Married,1,2.25999999046326,5
80,0,Women,Single,0,3.21000003814697,5
81,0,Women,Single,0,2.09999990463257,2
82,0,Women,Married,1,3.53999996185303,1
83,0,Men,Married,1,3.40000009536743,18
84,0,Men,Married,0,2.21000003814697,6
85,0,Men,Married,0,2.21000003814697,19
86,0,Men,Married,2,0.920000016689301,1
87,0,Women,Single,0,4.28999996185303,35
88,0,Men,Married,2,3.15000009536743,6
89,0,Men,Married,0,4.28999996185303,19
90,0,Men,Married,1,2.50999999046326,8
91,0,Men,Married,1,4.28999996185303,1
92,0,Women,Married,0,2.75999999046326,0
93,0,Men,Married,0,1.41999995708466,3
94,0,Men,Married,0,2.21000003814697,19
95,0,Men,Single,0,4.1399998664856,5
96,0,Men,Married,0,1.51999998092651,7
97,0,Men,Single,0,4.61999988555908,8
98,0,Women,Single,0,3.61999988555908,7
99,0,Women,Married,2,3.75,4
100,0,Men,Married,0,4.28999996185303,8
101,0,Women,Single,0,3.75,5
102,0,Men,Married,1,2.09999990463257,0
103,0,Men,Married,2,1.39999997615814,7
104,0,Women,Married,0,3.19000005722046,4
105,0,Men,Married,2,1.80999994277954,1
106,0,Men,Married,1,3.15000009536743,2
107,0,Women,Married,0,3.75,7
108,0,Women,Single,0,2.04999995231628,6
109,0,Men,Married,3,2.21000003814697,3
110,0,Women,Married,2,3.35999989509583,2
111,0,Women,Married,0,3.47000002861023,11
112,0,Women,Single,0,2.11999988555908,0
113,0,Women,Married,1,3.35999989509583,2
114,0,Men,Married,0,2.53999996185303,5
115,0,Men,Married,2,2.15000009536743,4
116,0,Men,Married,1,4.53999996185303,3
117,0,Men,Married,0,1.67999994754791,4
118,0,Women,Married,1,2.54999995231628,0
119,0,Women,Single,0,2.11999988555908,11
120,0,Men,Married,1,3.47000002861023,2
121,0,Women,Married,0,3.47000002861023,1
122,0,Women,Single,0,3.35999989509583,9
123,0,Men,Married,1,2.11999988555908,10
124,0,Women,Single,0,2.09999990463257,1
125,0,Women,Single,0,4.28999996185303,1
126,0,Men,Married,1,2.85999989509583,13
127,0,Women,Married,1,4.28999996185303,9
128,0,Men,Married,0,3.21000003814697,2
129,0,Men,Single,0,2.09999990463257,0
130,0,Women,Married,0,1.80999994277954,5
131,0,Women,Single,0,2.51999998092651,2
132,0,Men,Married,1,3.35999989509583,23
133,0,Women,Married,0,4.53999996185303,4
134,0,Women,Married,1,4.28999996185303,4
135,0,Women,Single,0,2.11999988555908,9
136,0,Men,Married,2,4.61999988555908,30
137,0,Women,Married,1,3.58999991416931,14
138,0,Women,Single,0,3.58999991416931,4
139,0,Men,Married,3,2.85999989509583,1
140,0,Women,Single,0,1.50499999523163,3
141,0,Women,Married,1,2.5,0
142,0,Women,Married,0,4.61999988555908,0
143,0,Men,Single,0,2.5,0
144,0,Women,Married,1,3.35999989509583,3
145,0,Women,Single,0,2.0,2
146,0,Women,Married,2,3.41000008583069,5
147,0,Men,Married,0,2.09999990463257,0
148,0,Women,Single,0,2.0,2
149,0,Men,Married,0,3.35999989509583,2
150,0,Men,Married,3,3.58999991416931,7
151,0,Men,Single,0,2.14000010490417,2
152,0,Women,Married,0,3.58999991416931,12
153,0,Women,Single,0,2.39000010490417,10
154,0,Men,Married,3,4.53999996185303,11
155,0,Men,Single,0,2.96000003814697,2
156,0,Men,Married,1,2.21000003814697,5
157,0,Men,Married,2,3.69000005722046,5
158,0,Women,Married,0,1.77999997138977,1
159,0,Women,Single,0,2.85999989509583,11
160,0,Men,Married,0,2.85999989509583,8
161,0,Women,Married,0,2.57999992370605,3
162,0,Women,Single,0,3.75,1
163,0,Women,Married,1,1.22000002861023,11
164,0,Women,Single,0,2.09999990463257,9
165,0,Women,Single,0,3.58999991416931,18
166,0,Women,Single,0,3.53999996185303,5
167,0,Women,Single,0,2.85999989509583,16
168,0,Women,Married,0,1.86000001430511,6
169,0,Men,Married,0,2.96000003814697,0
170,0,Women,Married,0,3.69000005722046,7
171,0,Women,Married,0,3.69000005722046,2
172,0,Women,Married,0,4.28999996185303,1
173,0,Women,Single,0,2.51999998092651,1
174,0,Women,Single,0,1.75999999046326,10
175,0,Men,Married,2,2.3199999332428,2
176,0,Women,Single,0,3.69000005722046,2
177,0,Women,Single,0,3.75,14
178,0,Women,Single,0,4.28999996185303,5
179,0,Women,Married,2,4.53999996185303,6
180,0,Men,Married,1,2.09999990463257,0
181,0,Women,Married,1,2.53999996185303,0
182,0,Men,Married,1,2.21000003814697,19
183,0,Men,Single,0,4.53999996185303,8
184,0,Men,Married,1,2.09999990463257,12
185,0,Men,Single,0,2.25999999046326,5
186,0,Women,Married,1,4.61999988555908,15
187,0,Women,Single,0,2.75999999046326,4
188,0,Women,Single,0,4.28999996185303,12
189,0,Women,Single,0,0.754999995231628,0
190,0,Women,Married,0,1.83000004291534,2
191,0,Women,Single,0,1.78999996185303,0
192,0,Women,Married,1,4.28999996185303,6
193,0,Women,Single,0,2.5,0
194,0,Men,Married,0,2.14000010490417,1
195,0,Men,Married,2,3.40000009536743,13
196,0,Women,Single,0,2.86999988555908,15
197,0,Women,Married,0,2.96000003814697,0
198,0,Women,Married,2,3.19000005722046,0
199,0,Men,Married,1,3.69000005722046,16
200,0,Women,Married,2,1.25499999523163,0
201,0,Men,Married,2,4.1399998664856,12
202,0,Men,Married,1,2.39000010490417,5
203,0,Men,Married,2,3.92000007629395,2
204,0,Women,Single,0,2.96000003814697,4
205,0,Women,Married,0,2.11999988555908,2
206,0,Women,Married,2,2.11999988555908,1
207,0,Women,Married,0,2.60999989509583,3
208,0,Men,Single,0,4.28999996185303,0
209,0,Men,Married,3,2.85999989509583,7
210,0,Women,Married,0,2.39000010490417,0
211,0,Men,Married,2,3.33999991416931,1
212,0,Women,Single,0,3.61999988555908,8
213,0,Women,Married,1,3.58999991416931,8
214,0,Men,Married,2,4.53999996185303,1
215,0,Women,Married,0,3.58999991416931,1
216,0,Men,Single,0,4.28999996185303,9
217,0,Men,Married,0,1.51999998092651,4
218,0,Men,Married,0,4.28999996185303,6
219,0,Women,Married,0,4.61999988555908,5
220,0,Men,Married,1,4.28999996185303,13
221,0,Men,Married,0,2.50999999046326,3
222,0,Men,Single,0,2.85999989509583,3
223,0,Women,Married,0,2.96000003814697,8
224,0,Women,Married,0,3.69000005722046,3
225,0,Women,Married,0,3.47000002861023,2
226,0,Men,Married,2,4.28999996185303,15
227,0,Men,Single,0,4.28999996185303,0
228,0,Women,Single,0,3.92000007629395,1
229,0,Women,Married,0,2.0,6
230,0,Men,Married,0,2.3199999332428,4
231,0,Women,Married,1,2.0,9
232,0,Men,Married,1,1.67999994754791,27
233,0,Men,Single,0,3.47000002861023,0
234,0,Men,Married,0,2.20000004768372,2
235,0,Men,Married,1,2.11999988555908,10
236,0,Women,Single,0,1.39999997615814,14
237,0,Women,Single,0,3.35999989509583,3
238,0,Men,Married,2,4.28999996185303,24
239,0,Men,Married,1,2.09999990463257,0
240,0,Men,Single,0,4.28999996185303,5
241,0,Women,Single,0,4.28999996185303,0
242,0,Women,Single,0,2.82999992370605,1
243,0,Men,Married,1,2.57999992370605,6
244,0,Women,Married,0,3.15000009536743,7
245,0,Men,Single,0,4.28999996185303,2
246,0,Men,Single,0,2.96000003814697,0
247,0,Men,Married,2,3.58999991416931,5
248,0,Women,Single,0,2.39000010490417,15
249,0,Women,Single,0,1.25,2
250,0,Women,Single,0,2.75999999046326,1
251,0,Men,Married,0,3.40000009536743,13
252,0,Men,Single,0,4.28999996185303,7
253,0,Women,Single,0,3.69000005722046,4
254,0,Women,Married,0,2.85999989509583,13
255,0,Women,Single,0,4.28999996185303,3
256,0,Women,Single,0,4.1399998664856,2
257,0,Women,Married,0,2.39000010490417,2
258,0,Men,Married,2,2.85999989509583,11
259,0,Women,Married,0,2.96000003814697,7
260,0,Men,Single,0,3.58999991416931,8
261,0,Men,Married,1,1.80999994277954,5
262,0,Men,Married,1,4.28999996185303,2
263,0,Men,Married,1,2.09999990463257,0
264,0,Women,Single,0,3.19000005722046,0
265,0,Men,Married,2,4.28999996185303,2
266,0,Men,Married,0,4.28999996185303,2
267,0,Men,Married,2,3.40000009536743,0
268,0,Men,Single,0,4.28999996185303,35
269,0,Men,Married,2,2.3199999332428,5
270,0,Men,Single,0,1.67999994754791,5
271,0,Women,Married,0,2.57999992370605,0
272,0,Men,Married,0,3.69000005722046,3
273,0,Men,Married,2,3.41000008583069,7
274,0,Men,Married,0,2.3199999332428,0
275,0,Men,Married,1,3.69000005722046,8
276,1,Men,Married,0,2.53999996185303,4
277,1,Women,Married,1,1.75999999046326,4
278,1,Men,Married,1,4.28999996185303,13
279,1,Men,Married,3,2.09999990463257,0
280,1,Women,Married,1,3.08999991416931,12
281,1,Women,Single,0,3.35999989509583,6
282,1,Men,Married,0,2.09999990463257,0
283,1,Women,Married,1,3.75,7
284,1,Women,Single,0,2.14000010490417,6
285,1,Women,Single,0,4.28999996185303,22
286,1,Women,Single,0,2.0,2
287,1,Men,Married,0,2.0,4
288,1,Men,Married,1,2.0,16
289,1,Men,Married,1,2.60999989509583,6
290,1,Men,Married,0,4.25,12
291,1,Men,Single,0,2.35999989509583,14
292,1,Women,Married,0,4.28999996185303,11
293,1,Men,Married,0,2.09999990463257,2
294,1,Women,Married,0,2.86999988555908,5
295,1,Women,Married,0,3.47000002861023,3
296,1,Men,Married,0,1.77999997138977,1
297,1,Men,Married,0,4.1399998664856,15
298,1,Men,Married,3,4.28999996185303,0
299,1,Men,Single,0,4.28999996185303,3
300,1,Men,Single,0,1.80999994277954,10
301,1,Women,Single,0,2.3199999332428,15
302,1,Women,Married,0,2.60999989509583,7
303,1,Men,Married,0,1.67999994754791,34
304,1,Women,Married,0,3.19000005722046,3
305,1,Men,Married,1,3.58999991416931,5
306,1,Men,Married,0,2.5,0
307,1,Men,Single,0,3.40000009536743,6
308,1,Women,Single,0,2.25999999046326,4
309,1,Men,Single,0,3.40000009536743,12
310,1,Men,Married,1,3.92000007629395,0
311,1,Men,Married,2,2.96000003814697,0
312,1,Men,Single,0,4.28999996185303,15
313,1,Men,Married,0,4.28999996185303,11
314,1,Women,Married,1,3.3199999332428,24
315,1,Men,Single,0,1.86000001430511,15
316,1,Women,Single,0,2.86999988555908,6
317,1,Women,Married,0,1.63999998569489,22
318,1,Women,Single,0,2.25,7
319,1,Women,Single,0,2.09999990463257,8
320,1,Women,Married,0,4.28999996185303,6
321,1,Men,Married,0,1.75,3
322,1,Men,Married,0,2.96000003814697,8
323,1,Women,Single,0,2.25,4
324,1,Men,Married,2,4.25,20
325,1,Men,Married,2,2.55999994277954,22
326,1,Women,Single,0,3.19000005722046,11
327,1,Men,Married,2,3.92000007629395,2
328,1,Men,Married,1,1.77999997138977,77
329,1,Women,Married,0,3.40000009536743,14
330,1,Men,Married,1,1.74000000953674,4
331,1,Men,Single,0,4.28999996185303,6
332,1,Women,Single,0,2.0,6
333,1,Women,Married,0,2.86999988555908,18
334,1,Men,Married,0,4.28999996185303,6
335,1,Women,Married,0,3.19000005722046,2
336,1,Men,Married,1,1.22000002861023,1
337,1,Women,Married,2,3.53999996185303,17
338,1,Men,Married,1,4.28999996185303,1
339,1,Men,Married,1,4.61999988555908,3
340,1,Women,Single,0,2.0,6
341,1,Women,Single,0,3.58999991416931,3
342,1,Women,Single,0,3.19000005722046,6
343,1,Men,Married,1,3.40000009536743,2
344,1,Women,Married,0,1.27999997138977,2
345,1,Men,Married,2,1.74000000953674,4
346,1,Men,Married,1,2.25999999046326,1
347,1,Women,Married,0,3.58999991416931,5
348,1,Men,Married,1,4.61999988555908,16
349,1,Women,Single,0,1.39999997615814,2
350,1,Women,Single,0,0.920000016689301,4
351,1,Men,Married,1,2.39000010490417,3
352,1,Men,Married,0,2.25999999046326,1
353,1,Men,Married,2,2.85999989509583,7
354,1,Men,Married,2,2.75999999046326,8
355,1,Men,Married,1,1.62999999523163,8
356,1,Men,Married,2,4.28999996185303,12
357,1,Women,Single,0,1.39999997615814,3
358,1,Women,Married,0,2.11999988555908,0
359,1,Women,Married,1,2.60999989509583,6
360,1,Men,Married,0,1.79999995231628,1
361,1,Women,Married,0,4.28999996185303,21
362,1,Women,Single,0,3.69000005722046,18
363,1,Women,Married,0,4.61999988555908,16
364,1,Men,Single,0,2.15000009536743,10
365,1,Men,Married,2,2.09999990463257,0
366,1,Women,Married,0,2.0,5
367,1,Women,Single,0,1.25499999523163,0
368,1,Men,Married,2,1.75,2
369,1,Women,Single,0,3.84999990463257,2
370,1,Men,Single,0,4.25,4
371,1,Women,Single,0,3.47000002861023,3
372,1,Men,Married,1,3.92000007629395,8
373,1,Men,Married,2,2.50999999046326,3
374,1,Women,Single,0,1.39999997615814,12
375,1,Men,Married,1,2.0,11
376,1,Women,Single,0,2.0,10
377,1,Men,Single,0,4.28999996185303,2
378,1,Men,Single,0,3.35999989509583,10
379,1,Men,Married,0,4.61999988555908,1
380,1,Men,Married,1,2.55999994277954,16
381,1,Men,Married,0,4.61999988555908,18
382,1,Men,Married,0,3.58999991416931,10
383,1,Men,Married,2,4.28999996185303,6
384,1,Women,Single,0,3.58999991416931,8
385,1,Women,Single,0,4.28999996185303,6
386,1,Men,Married,0,3.19000005722046,3
387,1,Women,Married,0,3.58999991416931,1
388,1,Women,Married,0,2.96000003814697,19
389,1,Women,Single,0,2.57999992370605,2
390,1,Men,Married,3,2.96000003814697,6
391,1,Women,Married,0,4.53999996185303,13
392,1,Men,Married,1,4.53999996185303,10
393,1,Men,Married,2,2.5,4
394,1,Men,Married,0,1.67999994754791,8
395,1,Men,Married,0,2.3199999332428,4
396,1,Women,Married,3,3.19000005722046,9
397,1,Women,Single,0,2.21000003814697,2
398,1,Women,Married,0,1.25,5
399,1,Men,Single,0,4.1399998664856,5
400,1,Women,Married,0,4.61999988555908,4
401,1,Women,Single,0,4.53999996185303,37
402,1,Women,Married,0,3.15000009536743,9
403,1,Men,Single,0,4.28999996185303,11
404,1,Women,Married,0,1.95000004768372,3
405,1,Men,Single,0,2.0,9
406,1,Women,Married,0,4.53999996185303,2
407,1,Women,Married,2,2.57999992370605,2
408,1,Women,Married,0,3.84999990463257,29
409,1,Men,Married,1,3.41000008583069,10
410,1,Women,Married,1,2.25999999046326,9
411,1,Women,Single,0,4.25,2
412,1,Men,Married,1,3.58999991416931,6
413,1,Women,Married,1,2.11999988555908,9
414,1,Men,Married,0,2.96000003814697,7
415,1,Women,Single,0,2.51999998092651,0
416,1,Women,Single,0,2.25999999046326,4
417,1,Women,Single,0,4.53999996185303,9
418,1,Women,Married,2,2.85999989509583,7
419,1,Men,Married,0,4.53999996185303,2
420,1,Men,Married,0,3.58999991416931,12
421,1,Women,Married,0,4.61999988555908,18
422,1,Men,Married,3,1.66999995708466,3
423,1,Men,Married,2,1.75,1
424,1,Women,Married,1,2.82999992370605,5
425,1,Men,Married,3,3.15000009536743,11
426,1,Men,Married,1,3.58999991416931,9
427,1,Women,Single,0,3.75,24
428,1,Women,Single,0,2.04999995231628,17
429,1,Men,Married,0,4.28999996185303,0
430,1,Men,Married,2,4.28999996185303,0
431,1,Women,Married,0,2.39000010490417,7
432,1,Men,Married,1,4.53999996185303,3
433,1,Men,Married,0,2.3199999332428,4
434,1,Women,Single,0,4.28999996185303,25
435,1,Men,Married,1,3.69000005722046,5
436,1,Men,Single,0,4.28999996185303,9
437,1,Men,Single,0,3.92000007629395,2
438,1,Men,Married,0,2.75999999046326,5
439,1,Men,Single,0,2.75999999046326,6
440,1,Men,Married,2,3.61999988555908,4
441,1,Men,Married,1,4.28999996185303,14
442,1,Men,Single,0,2.86999988555908,12
443,1,Women,Married,1,2.39000010490417,9
444,1,Men,Single,0,4.28999996185303,14
445,1,Men,Married,0,1.77999997138977,4
446,1,Men,Married,1,2.09999990463257,8
447,1,Women,Married,0,2.25,3
448,1,Men,Married,1,2.25999999046326,5
449,1,Men,Married,0,1.86000001430511,5
450,1,Women,Single,0,3.92000007629395,4
451,1,Men,Married,0,4.34000015258789,10
452,1,Women,Single,0,3.35999989509583,4
453,1,Women,Single,0,2.50999999046326,1
454,1,Women,Single,0,3.75,21
455,1,Men,Married,1,4.53999996185303,45
456,1,Women,Single,0,1.62999999523163,8
457,1,Women,Single,0,4.61999988555908,10
458,1,Men,Married,0,1.51999998092651,2
459,1,Men,Married,0,2.54999995231628,11
460,1,Women,Married,0,1.17999994754791,1
461,1,Women,Married,2,3.08999991416931,9
462,1,Women,Single,0,4.61999988555908,5
463,1,Women,Married,0,2.3199999332428,1
464,1,Men,Single,0,2.04999995231628,3
465,1,Men,Married,0,4.28999996185303,1
466,1,Men,Single,0,3.40000009536743,2
467,1,Men,Single,0,4.28999996185303,10
468,1,Men,Married,1,3.58999991416931,2
469,1,Men,Single,0,3.35999989509583,5
470,1,Women,Single,0,2.04999995231628,13
471,1,Women,Married,0,3.58999991416931,32
472,1,Women,Single,0,3.84999990463257,18
473,1,Men,Single,0,3.35999989509583,0
474,1,Women,Married,0,1.75,0
475,1,Women,Married,0,3.47000002861023,3
476,1,Men,Married,1,2.60999989509583,4
477,1,Men,Single,0,2.75999999046326,4
478,1,Men,Married,2,4.28999996185303,9
479,1,Women,Single,0,1.39999997615814,3
480,1,Women,Married,0,4.61999988555908,18
481,1,Men,Married,1,2.85999989509583,17
482,1,Men,Married,1,2.85999989509583,17
483,1,Men,Married,0,2.85999989509583,39
484,1,Men,Single,0,2.0,7
485,1,Women,Married,0,1.75999999046326,8
486,1,Men,Married,0,2.5,0
487,1,Women,Single,0,4.28999996185303,17
488,1,Men,Single,0,2.55999994277954,16
489,1,Women,Married,1,3.53999996185303,14
490,1,Women,Married,0,3.69000005722046,1
491,1,Men,Single,0,2.86999988555908,5
492,1,Women,Single,0,1.65499997138977,0
493,1,Men,Married,1,4.34000015258789,4
494,1,Men,Married,0,3.53999996185303,11
495,1,Men,Married,2,4.28999996185303,10
496,1,Men,Married,0,1.80999994277954,0
497,1,Women,Single,0,3.40000009536743,7
498,1,Men,Married,1,1.80999994277954,5
499,1,Women,Single,0,3.19000005722046,18
500,1,Women,Married,1,2.3199999332428,5
501,1,Women,Single,0,4.53999996185303,19
502,1,Men,Married,1,4.28999996185303,2
503,1,Men,Married,1,2.85999989509583,2
504,1,Women,Married,1,2.85999989509583,2
505,1,Men,Married,1,1.22000002861023,0
506,1,Men,Married,0,2.09999990463257,0
507,1,Men,Married,1,1.67999994754791,12
508,1,Women,Single,0,3.35999989509583,34
509,1,Women,Married,0,2.86999988555908,15
510,1,Men,Married,1,3.47000002861023,1
511,1,Men,Single,0,2.75999999046326,7
512,1,Men,Married,1,3.53999996185303,21
513,1,Women,Married,0,1.95000004768372,11
514,1,Men,Married,1,3.58999991416931,19
515,1,Women,Single,0,3.19000005722046,3
516,1,Women,Single,0,2.75999999046326,2
517,1,Women,Married,2,4.28999996185303,13
518,1,Men,Married,2,3.19000005722046,5
519,1,Men,Married,0,2.96000003814697,0
520,1,Men,Married,1,2.75999999046326,7
521,1,Women,Married,0,1.80999994277954,11
522,2,Men,Married,0,3.35999989509583,4
523,2,Men,Single,0,3.08999991416931,14
524,2,Women,Single,0,3.75,8
525,2,Women,Married,0,4.53999996185303,10
526,2,Women,Single,0,1.62999999523163,6
527,2,Women,Married,0,3.08999991416931,2
528,2,Women,Single,0,3.69000005722046,4
529,2,Women,Single,0,2.11999988555908,2
530,2,Women,Single,0,2.25999999046326,3
531,2,Men,Married,1,4.28999996185303,2
532,2,Women,Married,1,1.74000000953674,4
533,2,Men,Married,2,2.96000003814697,8
534,2,Women,Single,0,2.57999992370605,5
535,2,Men,Married,1,4.53999996185303,10
536,2,Women,Single,0,4.61999988555908,12
537,2,Men,Married,1,4.28999996185303,13
538,2,Women,Single,0,4.53999996185303,13
539,2,Women,Married,0,3.58999991416931,0
540,2,Women,Single,0,4.28999996185303,5
541,2,Men,Single,0,3.69000005722046,26
542,2,Women,Single,0,3.21000003814697,0
543,2,Women,Married,1,3.47000002861023,11
544,2,Men,Single,0,4.53999996185303,37
545,2,Men,Married,0,1.95000004768372,4
546,2,Men,Married,2,2.96000003814697,46
547,2,Men,Married,1,4.53999996185303,53
548,2,Men,Married,0,3.40000009536743,9
549,2,Men,Married,0,2.09999990463257,4
550,2,Men,Married,2,4.28999996185303,8
551,2,Women,Single,0,3.75,5
552,2,Women,Single,0,2.04999995231628,2
553,2,Men,Married,1,2.5,2
554,2,Women,Married,1,4.61999988555908,17
555,2,Women,Married,0,1.79999995231628,10
556,2,Women,Single,0,3.08999991416931,0
557,2,Men,Single,0,4.28999996185303,10
558,2,Men,Married,2,1.79999995231628,6
559,2,Women,Married,0,3.58999991416931,5
560,2,Men,Married,0,2.75999999046326,3
561,2,Men,Married,0,4.1399998664856,16
562,2,Men,Single,0,3.58999991416931,3
563,2,Women,Single,0,4.53999996185303,12
564,2,Women,Married,0,0.920000016689301,0
565,2,Women,Single,0,4.28999996185303,15
566,2,Men,Married,1,2.39000010490417,4
567,2,Men,Married,0,1.17999994754791,0
568,2,Men,Married,2,4.53999996185303,2
569,2,Women,Married,2,3.84999990463257,47
570,2,Men,Married,2,2.96000003814697,21
571,2,Women,Married,0,3.35999989509583,8
572,2,Women,Married,0,3.19000005722046,5
573,2,Women,Married,1,3.69000005722046,15
574,2,Men,Married,0,1.62999999523163,8
575,2,Men,Married,0,1.72000002861023,1
576,2,Women,Married,0,2.57999992370605,5
577,2,Men,Married,0,1.51999998092651,5
578,2,Men,Single,0,2.85999989509583,4
579,2,Women,Married,2,1.22000002861023,4
580,2,Women,Single,0,2.53999996185303,4
581,2,Women,Single,0,3.35999989509583,4
582,2,Men,Married,2,2.86999988555908,20
583,2,Men,Married,1,3.15000009536743,7
584,2,Women,Single,0,4.61999988555908,14
585,2,Men,Married,1,1.75999999046326,7
586,2,Men,Married,1,1.51999998092651,3
587,2,Men,Single,0,4.28999996185303,5
588,2,Men,Married,2,4.28999996185303,10
589,2,Men,Married,1,2.55999994277954,5
590,2,Men,Single,0,4.53999996185303,29
591,2,Women,Married,0,1.86000001430511,5
592,2,Women,Single,0,4.28999996185303,1
593,2,Women,Married,0,3.92000007629395,7
594,2,Men,Single,0,2.25999999046326,2
595,2,Men,Married,1,4.28999996185303,14
596,2,Women,Married,1,3.69000005722046,10
597,2,Men,Married,2,1.97000002861023,0
598,2,Men,Married,1,3.19000005722046,10
599,2,Women,Single,0,4.53999996185303,5
600,2,Men,Single,0,4.28999996185303,25
601,2,Men,Married,0,2.82999992370605,1
602,2,Men,Married,3,4.34000015258789,7
603,2,Women,Single,0,3.35999989509583,3
604,2,Women,Single,0,3.41000008583069,14
605,2,Women,Single,0,2.85999989509583,3
606,2,Men,Married,0,4.28999996185303,24
607,2,Men,Married,1,2.75999999046326,8
608,2,Women,Married,0,3.75,0
609,2,Men,Married,1,4.28999996185303,12
610,2,Men,Married,2,2.21000003814697,12
611,2,Men,Married,0,3.53999996185303,21
612,2,Men,Married,0,2.96000003814697,2
613,2,Women,Married,0,2.11999988555908,2
614,2,Men,Single,0,2.39000010490417,4
615,2,Women,Single,0,3.19000005722046,5
616,2,Women,Single,0,1.97000002861023,8
617,2,Women,Married,0,4.53999996185303,9
618,2,Women,Single,0,2.54999995231628,36
619,2,Men,Married,0,1.75999999046326,0
620,2,Men,Married,2,4.34000015258789,17
621,2,Women,Married,0,2.51999998092651,16
622,2,Men,Married,1,2.55999994277954,7
623,2,Men,Single,0,4.53999996185303,10
624,2,Women,Married,0,1.39999997615814,0
625,2,Men,Married,2,3.3199999332428,27
626,2,Men,Married,0,2.50999999046326,5
627,2,Women,Married,2,2.57999992370605,3
628,2,Men,Married,2,3.53999996185303,16
629,2,Men,Married,0,4.53999996185303,11
630,2,Men,Single,0,4.28999996185303,17
631,2,Men,Married,0,4.34000015258789,5
632,2,Women,Married,1,3.47000002861023,4
633,2,Women,Single,0,3.47000002861023,5
634,2,Men,Married,2,2.5,5
635,2,Men,Married,3,2.0,8
636,2,Men,Single,0,3.92000007629395,10
637,2,Women,Married,0,4.61999988555908,23
638,2,Women,Single,0,3.08999991416931,6
639,2,Women,Single,0,2.3199999332428,4
640,2,Women,Single,0,4.28999996185303,21
641,2,Women,Single,0,3.35999989509583,7
642,2,Men,Married,0,3.69000005722046,5
643,2,Men,Married,0,4.28999996185303,17
644,2,Women,Single,0,3.58999991416931,11
645,2,Men,Married,0,4.28999996185303,13
646,2,Women,Married,1,3.21000003814697,7
647,2,Women,Single,0,2.25999999046326,8
648,2,Men,Married,0,2.5,0
649,2,Men,Single,0,2.25999999046326,3
650,2,Women,Married,0,3.75,4
651,2,Women,Single,0,4.28999996185303,4
652,2,Men,Married,0,3.19000005722046,11
653,2,Women,Married,1,2.0,7
654,2,Women,Married,0,3.08999991416931,1
655,2,Women,Married,1,3.58999991416931,2
656,2,Women,Married,0,4.34000015258789,11
657,2,Women,Single,0,2.86999988555908,9
658,2,Men,Married,0,2.09999990463257,2
659,2,Women,Single,0,2.82999992370605,26
660,2,Men,Married,1,2.09999990463257,3
661,2,Men,Married,1,1.77999997138977,1
662,2,Men,Married,0,2.50999999046326,0
663,2,Men,Married,1,2.51999998092651,10
664,2,Women,Married,1,3.40000009536743,4
665,2,Women,Married,1,3.08999991416931,3
666,2,Men,Married,0,4.28999996185303,13
667,2,Women,Married,0,2.96000003814697,8
668,2,Women,Married,2,3.58999991416931,11
669,2,Men,Single,0,4.53999996185303,55
670,2,Women,Married,0,3.58999991416931,11
671,2,Men,Married,1,3.42000007629395,3
672,2,Women,Married,1,4.28999996185303,4
673,2,Women,Single,0,3.19000005722046,4
674,2,Women,Married,1,4.28999996185303,11
675,2,Men,Married,0,4.61999988555908,3
676,2,Men,Married,2,1.86000001430511,6
677,2,Men,Married,0,4.61999988555908,8
678,2,Women,Married,2,4.53999996185303,48
679,2,Women,Married,0,3.75,8
680,2,Men,Married,0,1.75999999046326,0
681,2,Women,Married,0,3.41000008583069,31
682,2,Men,Married,0,2.54999995231628,24
683,2,Men,Married,1,1.25,2
684,2,Women,Married,0,1.48000001907349,9
685,2,Women,Married,0,2.82999992370605,3
686,2,Women,Married,0,4.28999996185303,6
687,2,Women,Single,0,3.19000005722046,10
688,2,Women,Single,0,1.39999997615814,0
689,2,Women,Married,2,3.21000003814697,2
690,2,Men,Single,0,4.61999988555908,9
691,2,Women,Married,0,1.45000004768372,7
692,2,Women,Married,1,3.33999991416931,4
693,2,Women,Single,0,4.53999996185303,23
694,2,Men,Married,2,4.28999996185303,30
695,2,Women,Single,0,3.69000005722046,7
696,2,Women,Single,0,2.57999992370605,2
697,2,Women,Married,1,4.53999996185303,7
698,2,Men,Married,1,4.53999996185303,6
699,2,Men,Single,0,4.28999996185303,9
700,3,Women,Single,0,4.28999996185303,12
701,3,Women,Single,0,3.75,0
702,3,Men,Single,0,4.61999988555908,8
703,3,Men,Married,2,4.53999996185303,31
704,3,Men,Married,0,3.08999991416931,5
705,3,Men,Married,1,1.95000004768372,14
706,3,Women,Married,1,3.58999991416931,3
707,3,Men,Married,1,2.60999989509583,5
708,3,Men,Single,0,2.86999988555908,12
709,3,Men,Single,0,4.28999996185303,30
710,3,Women,Married,0,3.41000008583069,19
711,3,Women,Married,1,2.3199999332428,5
712,3,Women,Married,0,2.11999988555908,3
713,3,Men,Married,0,4.53999996185303,37
714,3,Men,Married,0,2.96000003814697,8
715,3,Men,Single,0,2.86999988555908,12
716,3,Men,Married,0,2.3199999332428,4
717,3,Men,Married,2,1.79999995231628,6
718,3,Women,Single,0,2.39000010490417,11
719,3,Women,Married,1,4.61999988555908,14
720,3,Women,Single,0,4.28999996185303,10
721,3,Men,Married,0,4.53999996185303,5
722,3,Men,Single,0,3.58999991416931,16
723,3,Men,Married,2,4.28999996185303,0
724,3,Men,Married,1,2.96000003814697,5
725,3,Men,Married,2,4.28999996185303,25
726,3,Men,Married,1,4.28999996185303,18
727,3,Men,Married,1,2.53999996185303,6
728,3,Men,Single,0,3.92000007629395,0
729,3,Men,Single,0,2.3199999332428,8
730,3,Women,Single,0,4.61999988555908,22
731,3,Women,Married,0,3.75,6
732,3,Men,Married,2,1.95000004768372,3
733,3,Men,Married,1,1.79999995231628,4
734,3,Men,Married,0,2.75999999046326,8
735,3,Men,Single,0,3.58999991416931,7
736,3,Men,Married,0,4.25,20
737,3,Men,Married,2,2.82999992370605,7
738,3,Women,Single,0,2.51999998092651,4
739,3,Women,Married,0,1.17999994754791,0
740,3,Women,Married,0,3.35999989509583,11
741,3,Women,Married,0,4.28999996185303,21
742,3,Women,Married,1,4.61999988555908,49
743,3,Men,Single,0,2.82999992370605,8
744,3,Men,Married,0,3.69000005722046,24
745,3,Men,Married,0,2.25999999046326,12
746,3,Women,Single,0,2.04999995231628,5
747,3,Men,Married,1,4.28999996185303,19
748,3,Men,Married,0,1.41999995708466,3
749,3,Women,Married,2,1.88999998569489,16
750,3,Men,Married,0,3.69000005722046,26
751,3,Women,Married,0,2.96000003814697,22
752,3,Women,Married,1,1.86000001430511,1
753,3,Women,Married,0,2.25999999046326,6
754,3,Men,Married,0,4.28999996185303,15
755,3,Women,Married,0,3.15000009536743,4
756,3,Men,Married,0,2.60999989509583,0
757,3,Women,Single,0,4.53999996185303,3
758,3,Men,Married,1,2.21000003814697,10
759,3,Men,Married,0,1.77999997138977,0
760,3,Men,Married,1,3.61999988555908,5
761,3,Men,Married,0,3.92000007629395,0
762,3,Women,Married,0,4.61999988555908,10
763,3,Men,Married,0,2.60999989509583,5
764,3,Women,Married,1,3.35999989509583,3
765,3,Women,Married,0,3.69000005722046,12
766,3,Men,Married,0,3.47000002861023,14
767,3,Men,Married,0,1.25,4
768,3,Men,Married,0,4.61999988555908,18
769,3,Men,Married,1,3.58999991416931,14
770,3,Women,Single,0,3.35999989509583,2
771,3,Men,Married,0,4.28999996185303,38
772,3,Men,Single,0,3.53999996185303,12
773,3,Men,Married,2,2.57999992370605,2
774,3,Men,Single,0,1.51999998092651,3
775,3,Men,Married,0,3.47000002861023,8
776,3,Women,Married,0,4.61999988555908,14
777,3,Men,Single,0,3.53999996185303,25
778,3,Men,Married,2,2.09999990463257,4
779,3,Men,Married,2,1.37999999523163,8
780,3,Men,Married,1,3.08999991416931,5
781,3,Men,Married,3,2.85999989509583,3
782,3,Women,Single,0,4.28999996185303,5
783,3,Women,Married,1,1.22000002861023,3
784,4,Men,Married,0,2.82999992370605,5
785,4,Women,Married,0,4.53999996185303,16
786,4,Men,Married,0,4.28999996185303,22
787,4,Men,Single,0,4.28999996185303,7
788,4,Men,Married,0,3.53999996185303,9
789,4,Men,Single,0,2.51999998092651,6
790,4,Women,Single,0,1.39999997615814,3
791,4,Women,Married,0,4.34000015258789,6
792,4,Women,Married,1,2.50999999046326,2
793,4,Men,Married,0,4.28999996185303,2
794,4,Men,Married,1,2.96000003814697,0
795,4,Men,Single,0,3.84999990463257,47
796,4,Men,Single,0,4.53999996185303,5
797,4,Women,Married,0,3.40000009536743,5
798,4,Men,Single,0,3.41000008583069,21
799,4,Men,Married,1,2.96000003814697,57
800,4,Women,Married,0,3.53999996185303,5
801,4,Men,Married,2,1.72000002861023,2
802,4,Men,Married,2,2.85999989509583,15
803,4,Men,Married,2,4.53999996185303,66
804,4,Men,Married,1,1.75999999046326,11
805,4,Men,Married,2,1.86000001430511,15
806,4,Men,Married,0,3.47000002861023,4
807,4,Men,Single,0,3.41000008583069,7
808,4,Men,Married,0,1.80999994277954,10
809,4,Men,Married,2,2.04999995231628,13
810,4,Men,Single,0,4.61999988555908,18
811,4,Women,Married,0,2.25999999046326,3
812,4,Men,Married,1,1.86000001430511,47
813,4,Women,Married,1,4.28999996185303,4
814,4,Men,Married,2,3.53999996185303,2
815,4,Men,Married,0,4.28999996185303,30
816,4,Men,Married,0,2.53999996185303,11
817,4,Women,Married,0,4.25,13
818,4,Women,Single,0,2.5,10
819,4,Women,Married,1,3.53999996185303,12
820,4,Women,Married,0,3.19000005722046,8
821,4,Men,Married,2,4.53999996185303,21
822,4,Women,Single,0,2.85999989509583,39
823,4,Women,Married,0,2.57999992370605,14
824,4,Women,Married,0,1.27999997138977,4
825,4,Women,Married,0,3.21000003814697,14
826,4,Women,Single,0,2.86999988555908,6
827,4,Women,Single,0,3.33999991416931,11
828,4,Women,Single,0,3.15000009536743,8
829,4,Women,Single,0,2.3199999332428,8
830,4,Men,Single,0,4.28999996185303,19
831,4,Men,Single,0,3.69000005722046,7
832,4,Men,Married,1,2.54999995231628,21
833,4,Women,Single,0,4.61999988555908,3
834,4,Women,Married,0,2.35999989509583,5
835,4,Men,Married,1,4.25,29
836,4,Men,Married,1,4.28999996185303,5
837,4,Women,Married,0,3.19000005722046,7
838,4,Women,Single,0,3.19000005722046,3
839,4,Women,Single,0,2.55999994277954,23
840,4,Men,Married,0,1.75999999046326,7
841,4,Men,Married,1,2.57999992370605,25
842,4,Women,Married,0,3.41000008583069,4
843,4,Women,Single,0,3.58999991416931,9
844,4,Women,Married,0,1.77999997138977,4
845,4,Women,Single,0,3.75,3
846,4,Men,Married,2,3.69000005722046,16
847,4,Men,Married,0,3.61999988555908,5
848,4,Men,Married,0,1.50499999523163,4
849,4,Men,Married,2,2.57999992370605,6
850,4,Men,Single,0,2.86999988555908,15
851,5,Women,Married,0,2.25999999046326,16
852,5,Women,Single,0,3.75,13
853,5,Men,Married,2,3.84999990463257,15
854,5,Men,Married,1,3.15000009536743,5
855,5,Men,Married,1,3.15000009536743,27
856,5,Men,Married,0,4.34000015258789,6
857,5,Men,Married,0,4.25,12
858,5,Men,Single,0,3.35999989509583,11
859,5,Women,Single,0,3.58999991416931,14
860,5,Men,Married,1,2.57999992370605,25
861,5,Men,Married,1,3.58999991416931,21
862,5,Men,Married,1,2.96000003814697,4
863,5,Men,Married,0,4.53999996185303,13
864,5,Men,Married,0,4.28999996185303,30
865,5,Women,Single,0,2.86999988555908,12
866,5,Women,Married,0,4.53999996185303,15
867,5,Women,Married,1,3.84999990463257,1
868,5,Men,Married,0,2.5,4
869,5,Men,Married,1,3.47000002861023,0
870,5,Women,Married,0,2.85999989509583,24
871,5,Women,Married,0,4.61999988555908,0
872,5,Men,Married,1,4.53999996185303,53
873,5,Men,Married,0,1.25,2
874,5,Women,Married,0,3.21000003814697,19
875,5,Men,Married,1,1.75999999046326,11
876,5,Women,Single,0,2.57999992370605,6
877,5,Women,Single,0,3.61999988555908,3
878,6,Men,Married,1,4.61999988555908,8
879,6,Women,Married,0,2.09999990463257,36
880,6,Women,Married,2,1.86000001430511,38
881,6,Men,Married,0,4.34000015258789,9
882,6,Women,Married,0,4.28999996185303,24
883,6,Men,Married,2,2.50999999046326,11
884,6,Men,Married,1,2.96000003814697,13
885,6,Men,Single,0,4.28999996185303,18
886,6,Men,Single,0,3.40000009536743,14
887,6,Women,Single,0,4.53999996185303,12
888,6,Men,Married,1,3.84999990463257,16
889,6,Women,Single,0,3.15000009536743,9
890,6,Women,Single,0,4.53999996185303,15
891,6,Men,Single,0,3.47000002861023,6
892,6,Women,Married,0,4.28999996185303,1
893,6,Men,Single,0,1.97000002861023,4
894,6,Women,Single,0,3.3199999332428,6
895,7,Men,Married,0,3.58999991416931,1
896,7,Men,Single,0,2.53999996185303,6
897,7,Men,Single,0,3.41000008583069,20
898,7,Men,Married,1,1.97000002861023,0
899,7,Women,Single,0,3.15000009536743,9
900,7,Men,Single,0,4.61999988555908,15
901,7,Men,Single,0,4.53999996185303,42
902,7,Men,Married,0,3.69000005722046,9
903,7,Men,Single,0,4.34000015258789,19
904,7,Men,Single,0,4.28999996185303,19
905,7,Men,Married,1,3.58999991416931,27
906,7,Men,Single,0,3.69000005722046,19
907,8,Men,Married,0,2.50999999046326,11
908,9,Men,Married,1,2.96000003814697,23
909,9,Men,Married,1,1.86000001430511,47
910,10,Women,Married,0,3.58999991416931,18
911,11,Men,Married,2,2.85999989509583,7
912,12,Men,Married,1,4.28999996185303,35
913,12,Men,Married,1,1.86000001430511,5
914,16,Men,Married,0,1.74000000953674,21
915,19,Men,Married,0,1.86000001430511,42
