,DT1,DT2,DT3,DT4,DT5,DT6,DT7
1,0,0,0,0,0,0,0
2,0,0,0,0,0,0,0
3,0,0,0,0,0,0,0
4,0,0,0,0,0,0,0
5,0,0,0,0,0,0,0
6,0,1,0,0,0,0,0
7,0,2,2,0,2,2,0
8,2,3,3,2,3,3,3
9,0,0,0,0,3,0,0
10,3,3,2,1,3,3,0
11,1,0,3,3,3,1,3
12,0,1,2,0,1,0,0
13,0,3,1,0,0,3,0
14,1,3,2,2,1,3,0
15,0,3,3,2,3,2,2
16,0,0,0,0,0,0,0
17,0,2,3,2,3,2,0
18,0,0,3,0,3,1,3
19,3,3,3,3,3,2,0
20,0,0,0,0,0,0,0
21,2,3,3,3,2,3,2
22,0,0,0,0,2,1,0
23,0,3,0,0,3,0,0
24,3,0,0,0,2,0,0
25,0,0,0,0,0,0,0
26,0,0,0,0,0,0,0
27,3,3,3,3,3,3,3
28,0,0,0,0,0,0,0
29,0,0,0,0,0,0,0
30,0,0,0,0,3,0,0
31,0,3,3,3,3,3,3
32,0,0,0,0,0,0,0
33,1,1,2,0,2,3,3
34,0,0,1,0,0,0,0
35,0,0,0,0,0,0,0
36,2,3,3,0,3,3,3
37,0,3,3,0,3,3,3
38,0,0,0,0,0,0,0
39,0,3,1,0,2,2,0
40,0,0,0,0,0,0,0
41,0,0,1,0,0,0,0
42,2,3,1,2,1,3,0
43,0,0,0,0,0,0,0
44,0,3,3,0,3,3,3
45,0,3,2,0,3,3,1
46,0,3,0,0,0,0,0
47,2,3,3,0,3,3,1
48,0,3,0,0,3,0,0
49,0,0,0,0,2,2,0
50,0,0,0,0,0,0,0
51,0,2,1,0,2,2,0
52,0,0,0,0,0,0,0
53,0,0,0,0,0,0,0
54,1,2,1,0,2,0,0
55,0,0,0,0,0,0,0
56,0,3,1,1,3,0,0
57,0,2,0,0,0,1,0
58,1,3,3,0,3,3,3
59,0,0,0,0,0,0,0
60,0,0,0,0,0,0,0
61,0,0,2,0,3,0,0
62,1,0,0,0,0,0,0
63,0,0,0,0,0,0,0
64,2,3,0,0,3,2,0
65,1,0,0,0,0,0,0
66,0,0,0,0,0,0,0
67,1,3,2,2,2,3,1
68,0,0,0,0,0,0,0
69,0,2,1,0,2,3,0
70,0,0,0,0,0,0,0
71,0,0,0,0,0,0,0
72,1,3,2,2,3,2,0
73,2,3,3,2,3,3,2
74,0,0,3,0,2,1,0
75,0,0,0,0,0,0,0
76,2,3,3,0,3,3,3
77,0,0,0,0,0,0,0
78,0,0,3,0,3,3,2
79,2,1,0,0,3,0,0
80,0,0,0,0,0,0,0
81,0,2,1,0,0,1,3
82,0,0,0,0,0,0,0
83,0,0,0,0,0,1,1
84,0,0,0,0,0,0,0
85,0,0,0,0,3,0,0
86,0,0,0,0,0,0,0
87,0,0,0,0,2,2,2
88,0,0,0,0,0,0,0
89,0,0,0,0,0,0,0
90,0,2,2,0,3,3,1
91,0,0,0,0,0,0,0
92,3,0,0,0,0,0,0
93,3,2,3,0,2,0,0
94,0,0,0,0,0,0,0
95,0,0,1,0,0,0,0
96,0,0,0,0,0,0,0
97,0,0,0,0,0,0,0
98,0,0,0,0,0,0,0
99,0,2,2,0,2,1,0
100,1,2,3,0,3,3,2
101,0,0,0,0,0,0,0
102,1,3,3,3,3,3,3
103,2,3,3,3,3,3,3
104,0,3,3,0,3,3,3
105,0,0,1,0,0,0,0
106,2,3,3,2,3,3,2
107,0,0,0,0,0,0,0
108,0,0,0,0,0,0,1
109,1,1,0,0,0,1,1
110,2,2,1,0,0,1,0
111,0,3,3,2,3,1,2
112,0,0,0,0,1,0,0
113,0,0,0,0,0,0,0
114,0,3,0,1,2,2,0
115,0,0,0,0,0,0,0
116,3,3,3,2,3,3,2
117,1,0,0,0,0,0,0
118,0,0,0,0,0,0,0
119,2,2,2,0,3,2,2
120,0,0,3,2,3,2,0
121,0,0,0,0,0,0,0
122,0,1,1,0,1,1,0
123,0,3,3,0,3,3,3
124,0,1,0,0,0,1,0
125,1,1,0,0,0,0,0
126,1,2,2,0,3,2,1
127,1,3,3,0,0,0,0
128,0,1,0,0,2,2,2
129,1,2,2,0,3,2,1
130,1,2,3,0,3,0,3
131,1,0,0,0,0,1,0
132,0,0,0,0,0,0,0
133,0,2,0,1,0,0,0
134,1,3,3,0,3,3,3
135,3,0,3,0,0,3,3
136,0,0,0,0,0,0,0
137,0,0,0,0,0,0,0
138,0,2,0,0,0,3,0
139,0,2,0,0,2,2,0
140,0,3,3,0,3,3,3
141,2,0,3,0,3,3,3
142,1,0,0,0,0,0,0
143,0,1,2,0,0,0,0
144,0,2,2,1,2,2,2
145,0,0,0,0,0,0,0
146,0,3,3,1,3,3,2
147,1,0,0,0,0,0,0
148,0,0,3,0,0,0,0
149,0,2,3,2,2,2,0
150,0,3,3,0,3,2,1
151,0,0,0,0,0,0,0
152,0,0,0,0,0,0,0
153,2,2,3,2,3,3,3
154,2,0,0,0,0,0,0
155,0,0,0,0,0,0,0
156,0,0,0,0,0,0,0
157,0,0,0,0,0,0,0
158,0,0,0,0,1,2,0
159,1,3,3,2,3,3,3
160,0,1,0,0,0,0,0
161,0,0,0,0,0,0,0
162,0,0,0,0,1,0,0
163,0,0,0,0,0,0,0
164,0,3,0,1,0,2,0
165,0,1,0,0,0,0,0
166,1,0,1,0,1,0,0
167,0,0,0,0,1,0,0
168,0,0,0,0,0,0,0
169,0,3,2,3,3,3,0
170,0,0,0,2,1,1,0
171,2,2,2,1,1,2,0
172,0,0,0,0,0,0,0
173,1,0,0,0,0,0,0
174,0,0,2,0,1,0,1
175,0,0,0,0,0,0,0
176,0,0,2,0,0,0,0
177,0,0,0,0,0,0,0
178,0,3,0,0,0,0,0
179,0,3,2,0,1,0,0
180,1,3,2,1,3,3,1
181,0,0,0,0,0,0,0
182,0,0,0,0,0,0,0
183,0,0,0,0,0,0,0
184,0,0,0,0,0,0,0
185,2,1,3,0,0,0,0
186,1,1,0,0,0,0,0
187,0,0,0,0,0,0,0
188,2,0,1,0,3,0,1
189,0,0,0,0,2,0,0
190,0,0,0,0,1,3,0
191,0,0,0,0,0,0,0
