,y.net,lgdp2,mse2,fse2,fhe2,mhe2,lexp2,lintr2,gedy2,Iy2,gcony2,lblakp2,pol2,ttrad2
Algeria75,0.0415030398429979,7.3304052118444,0.132,0.067,0.005,0.022,3.87949981372259,0.1137605367626,0.03815,0.18982,0.06014,0.38225,0.08325,0.100145
Cameroon75,0.024243500680518,6.59167373200866,0.439,0.089,0.004,0.013,3.78872478908365,0.817124996171556,0.02675,0.06633,0.1255,0.04355,0.0,0.013976
Central_African_Rep.75,0.0071348080797466,6.43294009273918,0.176,0.017,0.005,0.015,3.68386691229039,1.40602881172479,0.0386,0.10182,0.27716,0.04355,0.1,-0.002062
Congo75,0.0464167036801284,6.93828448401696,0.748,0.324,0.052,0.14,3.87535902105655,0.0853497123442821,0.0489,0.13103,0.24286,0.04355,0.3385,0.016127
Ghana75,0.0012593183024826,6.76619171466035,0.551,0.135,0.008,0.034,3.83297979808769,0.496294036330575,0.04095,0.08459,0.08226,0.5031,0.15,0.0295465
Kenya75,0.0314173687898757,6.39024066706535,0.136,0.061,0.008,0.011,3.82428409112014,1.31825243314155,0.04285,0.20465,0.13513,0.23375,0.0075,-0.0195745
Liberia75,0.017145642692485,6.68710860786651,0.278,0.087,0.019,0.055,3.74242022104197,0.835788981387585,0.01815,0.11925,0.15651,0.04585,0.0,-0.0349675
Malawi75,0.0223644678861655,5.98896141688986,0.024,0.003,0.0,0.0,3.64805745959368,2.35401838316697,0.02285,0.12759,0.1407,0.2006,0.0,0.004256
Niger75,-0.0006622540760493,6.40687998606931,0.092,0.041,0.0,0.012,3.58351893845611,1.6142920442799,0.0089,0.07842,0.15305,0.04355,0.0,-0.0117785
Rwanda75,0.0590091951613806,5.82008293035236,0.145,0.072,0.005,0.024,3.86702563949741,1.92828445124476,0.0281,0.03112,0.12826,0.357,0.05,-0.030319
Senegal75,-0.001282068842906,7.00215595440362,0.132,0.114,0.019,0.024,3.69386699562498,0.562537660025305,0.0268,0.06551,0.15416,0.04355,0.0743,0.03502
Tanzania75,0.0331840811900994,5.91620206260743,0.344,0.114,0.054,0.155,3.72810016726722,1.38731700236211,0.02975,0.17079,0.19249,0.3843,0.00345,0.0
Togo75,0.0211696165473859,6.19847871649231,0.065,0.013,0.0,0.007,3.70376806660769,1.8710330389936,0.0245,0.17156,0.13814,0.04355,0.127,0.0693145
Tunisia75,0.0499402604100517,7.10249935577465,0.274,0.067,0.008,0.045,3.90801498403061,0.326120323525924,0.04645,0.19216,0.10473,0.2402,0.0,0.0430785
Uganda75,-0.0046194356987405,6.59441345974978,0.153,0.023,0.0,0.003,3.78418963391826,1.12200123585648,0.0265,0.12416,0.15505,0.50245,0.17385,-0.0041675
Zambia75,0.0119726869712612,6.98933526597456,0.376,0.119,0.013,0.042,3.75653810258775,0.438775440257364,0.0339,0.36883,0.25134,0.3945,0.0,-0.0318455
Zimbabwe75,0.0320454970648594,6.8596149036542,0.145,0.017,0.008,0.045,3.83297979808769,0.715629209790707,0.03365,0.22758,0.0246,0.19965,0.0,-0.03995
Canada75,0.0345550488537334,9.07577987858049,2.478,2.667,0.375,0.473,4.26829786934554,8.16802963707926,0.06115,0.25421,0.03498,0.0,0.0047,0.0146395
Costa_Rica75,0.0293247852112478,7.77233157516961,0.453,0.424,0.095,0.114,4.14313472639153,-0.0298378757188206,0.0502,0.16881,0.12395,0.25065,0.0,-0.0270875
Dominican_Rep.75,0.0473489739615201,7.10414409298753,0.287,0.195,0.024,0.054,3.98154906807676,0.247725865014302,0.0259,0.14669,0.07305,0.20295,0.16125,0.0652325
El_Salvador75,0.0153640345547236,7.4265490723973,0.287,0.229,0.012,0.033,3.958906591327,-0.001654392948903,0.0264,0.09045,0.11034,0.1483,0.05,-0.010536
Guatemala75,0.0230156361414188,7.47420480649612,0.174,0.146,0.01,0.037,3.85014760171006,-0.0545990755144286,0.01675,0.10492,0.04801,0.0,0.23575,-0.021441
Honduras75,0.0127168944184862,6.98841318199959,0.221,0.164,0.009,0.04,3.87120101090789,0.440288288645821,0.02775,0.15012,0.0919,0.0,0.05,-0.028768
Jamaica75,0.0319054460593798,7.65822752616135,0.338,0.389,0.017,0.037,4.15575319035074,-0.0883975840173352,0.03595,0.31232,0.03512,0.15645,0.0,0.024116
Mexico75,0.0335481775114408,8.10741881171997,0.484,0.207,0.022,0.097,4.06731588983418,-0.298854803335963,0.01985,0.18248,0.03669,0.0,0.0008575,0.0
Nicaragua75,0.0127083450793274,7.64060382639363,0.219,0.152,0.003,0.038,3.88362353090645,-0.220304108601054,0.02105,0.13926,0.02892,0.1731,0.0,-0.0170625
Panama75,0.0372709934719525,7.56216163122565,0.892,0.906,0.1,0.116,4.12390336446365,0.113320960427434,0.04465,0.27608,0.15727,0.0,0.21725,-0.0280305
United_States75,0.015493101541114,9.35262087923295,3.154,3.253,0.517,0.723,4.24849524204936,12.688375006908,0.05155,0.25086,0.00505,0.0,0.001499,-0.019166
Argentina75,0.0187113004063885,8.21959545417708,0.785,0.62,0.074,0.166,4.18052225846315,0.406002264396744,0.0221,0.1505,0.05959,0.1924,0.357475,-0.010536
Bolivia75,0.0309848367909041,7.1739583197568,1.683,0.969,0.101,0.149,3.77045944110636,-0.34007953978482,0.0317,0.24094,0.1163,0.22085,0.697275,0.015763
Brazil75,0.0636726999168347,7.51316354523408,0.674,0.515,0.027,0.095,4.02177386938726,0.0015844978515155,0.0171,0.22168,0.06464,0.08785,0.00107,-0.016508
Chile75,-0.0119238918829903,8.09101504171053,1.126,1.138,0.06,0.127,4.06388535473739,0.799840327505114,0.037,0.15381,0.12693,1.0348,0.1755,-0.0318455
Colombia75,0.0314003026751555,7.48493028328966,0.695,0.45,0.014,0.069,3.9963641538619,-0.0054745645492709,0.01495,0.17409,0.06211,0.1934,0.0,0.002062
Ecuador75,0.0523105133396053,7.34858753092759,0.512,0.369,0.026,0.099,4.00003388275086,0.0234376441574723,0.02945,0.24363,0.08855,0.1268,0.2,0.030228
Paraguay75,0.0262717060378717,7.17625453201714,0.548,0.299,0.029,0.085,4.16511363311031,0.0468616662673197,0.0172,0.10497,0.09864,0.1781,0.0,-0.028768
Peru75,0.0210080227042779,7.7848892956551,0.699,0.427,0.066,0.155,3.89589362349826,-0.0259560116388451,0.0353,0.2007,0.06286,0.28065,0.05,0.0022475
Uruguay75,0.0142987394210634,8.16791936295782,0.765,0.68,0.051,0.057,4.21064501791826,0.333613073745863,0.03025,0.14756,0.06218,0.1941,0.0891,-0.0340325
Venezuela75,-9.55305429185316e-05,8.89986721122359,0.462,0.281,0.031,0.106,4.11087386417331,-0.478081739485515,0.0347,0.17235,0.02962,0.0015,0.05,0.1119235
India75,0.0104429850164873,6.46925031679577,0.223,0.055,0.007,0.03,3.7796338173824,1.16562891029073,0.02435,0.17202,0.08899,0.3914,0.1505705,-0.0198455
Indonesia75,0.0463189292826005,6.37842618365159,0.232,0.065,0.002,0.017,3.75185425327532,1.30447192788227,0.0191,0.1165,0.04998,0.21175,0.2004425,0.0735705
Iran75,0.0538430217236043,7.98752447984877,0.318,0.102,0.006,0.054,3.8286413964891,-0.566585634029974,0.02515,0.1612,0.01,0.03055,0.0071525,0.1326875
Iraq75,0.0216320798109727,8.35819745992578,0.18,0.044,0.013,0.047,3.8286413964891,-1.12259294969737,0.046,0.06045,0.03996,0.13615,0.36035,0.140691
Israel75,0.0458778145981862,8.4046961601891,1.476,1.154,0.244,0.427,4.27666611901606,2.21801767456464,0.05515,0.31497,0.03599,0.1626,0.015875,-0.0156617
Japan75,0.063642978106011,8.41935983106747,1.91,1.56,0.055,0.366,4.23410650459726,2.79584191699613,0.0312,0.39079,0.04793,0.0,0.0004725,-0.019352
Jordan75,-0.0045491924467563,7.36137542897735,0.675,0.238,0.02,0.086,3.87949981372259,0.0262723853397374,0.0343,0.14697,0.04616,0.0391,0.33575,0.0247835
Korea75,0.0811466840860277,6.94215670569947,1.526,0.47,0.031,0.228,4.01096295328305,-0.458703951072049,0.02525,0.22026,0.04889,0.10975,0.151445,-0.006744
Malaysia75,0.0471609809559681,7.39817409297047,0.843,0.286,0.032,0.075,4.01818320125654,0.0015967338835608,0.0366,0.21499,0.06265,0.00995,0.0,-0.02318
Pakistan75,0.0035291084090086,6.76041469108343,0.512,0.185,0.026,0.067,3.78872478908365,0.48886588393734,0.0137,0.11447,0.08736,0.6103,0.154045,-0.002299
Philippines75,0.0278273125968271,7.11314210870709,0.759,0.547,0.239,0.273,3.9963641538619,-0.155493239167043,0.022,0.14296,0.10317,0.082,0.05885,-0.0268265
Sri_Lanka75,0.0108086325795571,7.0975488506148,1.537,0.91,0.011,0.028,4.14630430115281,-0.430681730661408,0.03365,0.12343,0.15601,0.72125,0.05,-0.0300105
Syria75,0.0601122087376924,7.57301725605255,0.303,0.085,0.009,0.055,3.93573953204546,-0.137730317012416,0.0321,0.14173,0.00627,0.112,0.25,0.0295465
Taiwan75,0.0613857059939804,7.47929963778283,1.36,0.423,0.035,0.214,4.18052225846315,0.0492175095272766,0.0245,0.24257,0.14652,0.06005,0.0534,-0.0210015
Thailand75,0.0397096858437648,7.02108396428914,0.382,0.137,0.02,0.049,3.98527346716774,0.299164154527252,0.02105,0.20037,0.06787,0.0005,0.1,-0.0115065
Austria75,0.0378120297765696,8.72485755588199,1.087,0.51,0.029,0.162,4.23700086262362,0.923395470147488,0.0355,0.29671,0.07906,0.0,0.0,0.0015295
Belgium75,0.0356135124983815,8.83287946027762,1.724,1.398,0.095,0.238,4.2570301444992,3.37613213835581,0.04445,0.28522,0.03721,0.0,0.0,-0.0006925
Cyprus75,0.0147284644834839,7.91388671485608,1.281,0.743,0.053,0.126,4.23700086262362,0.550640727710646,0.0293,0.32889,0.06856,0.0492,0.327,0.0021055
Denmark75,0.0185919425548681,9.04334083128001,1.28,1.286,0.455,0.468,4.28220629939167,3.97643212235919,0.0533,0.32587,0.07744,0.0,0.0,-0.0053705
Finland75,0.0390924003256416,8.79890749208823,0.382,0.397,0.126,0.162,4.22829253473184,-0.0269621854466153,0.0513,0.40422,0.04854,0.0,0.0,0.0024555
France75,0.0330985358941328,8.92518842937803,0.749,0.655,0.041,0.124,4.25985900069967,0.771294631077184,0.02915,0.31866,0.05143,0.0,0.00201,0.000389
Germany_West75,0.0231402219585561,8.99106433218846,0.67,0.451,0.048,0.107,4.24563400976833,0.323854006710655,0.02925,0.32742,0.06329,0.0,0.0032625,0.002072
Greece75,0.052778286136221,8.02747653086048,0.779,0.437,0.056,0.187,4.24276456734037,0.233276937460948,0.01695,0.3217,0.03965,0.0368,0.15,-0.020582
Ireland75,0.0399743375983318,8.25738565573044,1.301,1.533,0.103,0.18,4.25134831103177,1.71034535934072,0.03995,0.3026,0.07051,0.0,0.016,0.0024605
Italy75,0.037179109998111,8.65834547117212,1.184,0.756,0.037,0.122,4.24563400976833,1.27055391927265,0.03305,0.3254,0.05148,0.0,0.0,-0.022859
Netherlands75,0.0327623906434422,8.91072066195136,0.884,0.57,0.033,0.14,4.29045944114839,0.895541560882448,0.05505,0.31203,0.02573,0.0,0.0,-0.0088475
Norway75,0.0345053380590516,8.86007342433278,1.026,0.81,0.021,0.118,4.29592393562047,1.37245958198085,0.0487,0.36181,0.04619,0.0,0.0,0.007196
Spain75,0.0457114084519738,8.45212119467252,0.598,0.299,0.026,0.093,4.24276456734037,-0.057697406586634,0.0127,0.31082,0.04796,0.0,0.0014375,-0.0256765
Sweden75,0.02404724280397,9.14045424451202,2.629,2.228,0.21,0.27,4.29864502573483,7.41432255335257,0.0617,0.28345,0.07688,0.0,0.0,0.0033725
Switzerland75,0.0146257404564784,9.3439092638976,1.818,1.297,0.184,0.396,4.2710950739666,5.08879497279072,0.0339,0.32766,0.01384,0.0,0.0,0.0061395
United_Kingdom75,0.0201461219101684,8.90340751993226,1.036,1.151,0.041,0.123,4.26267987704132,1.92080288673605,0.04025,0.22599,0.08175,0.0,0.0517775,-0.01362
Australia75,0.0259065065653907,9.101417964752,2.541,2.353,0.088,0.207,4.26267987704132,6.93715677401669,0.03475,0.32721,0.02567,0.0,0.00795,-0.016126
New_Zealand75,0.0146759008062197,9.11151401766929,2.25,2.132,0.079,0.194,4.16200321069592,5.90819313749107,0.037,0.28656,0.06351,0.0,0.0,-0.042345
Algeria85,0.0244463764668558,7.74543561027438,0.276,0.074,0.007,0.037,3.97781074596615,-0.107101256850656,0.04365,0.30574,0.08498,0.93855,0.0,0.065657
Benin85,0.0010362787035546,6.9622434642662,0.119,0.042,0.003,0.01,3.79773385902602,1.54986729300605,0.04555,0.0623,0.15155,0.01045,0.05,-0.020972
Botswana85,0.0511714117827106,7.20785987143248,0.193,0.098,0.011,0.029,3.92395157629342,0.887646957465084,0.05245,0.27498,0.1636,0.2826,0.0,-0.0175
Cameroon85,0.0432718608706753,6.83410873881384,0.393,0.085,0.003,0.017,3.91999117507732,1.44564325705934,0.02265,0.10752,0.1237,0.01045,0.0,0.004793
Central_African_Rep.85,-0.0114047506471295,6.50428817353665,0.159,0.022,0.003,0.011,3.76584049525006,2.54594001866975,0.0383,0.05128,0.18311,0.01045,0.1,0.0268865
Congo85,0.0437467839194339,7.40245152081824,0.694,0.285,0.037,0.127,3.95508249488859,0.287485844253495,0.06295,0.12185,0.24262,0.01045,0.1185,0.0532805
Egypt85,0.0426942078777394,7.10085190894405,0.707,0.214,0.047,0.21,3.95508249488859,0.574892912246629,0.0406,0.07039,0.09796,0.415,0.55,0.0001895
Gambia85,-0.0107630664192365,6.53087762772588,0.314,0.119,0.003,0.011,3.61091791264422,2.37660896643387,0.03045,0.09472,0.14512,0.06065,0.0,-0.013944
Ghana85,-0.0146783120289546,6.77878489768518,1.189,0.344,0.004,0.031,3.90801498403061,0.581860886831725,0.02425,0.05671,0.16522,2.11695,0.05,-0.031083
Kenya85,-0.005542980493933,6.7044143549641,0.155,0.079,0.01,0.018,3.92789635458444,1.88968452019858,0.0548,0.15713,0.14696,0.1498,0.00365,0.006068
Liberia85,-0.0167722757372801,6.85856503479136,0.668,0.198,0.028,0.076,3.85439389259151,1.0685395438465,0.0413,0.09811,0.14109,0.1733,0.5,-0.021963
Malawi85,0.0,6.21260609575152,0.164,0.037,0.004,0.012,3.71357206670431,3.21989327268266,0.0238,0.1398,0.15223,0.5688,0.0,-0.0237855
Mauritius85,0.0140741629074746,8.18674278711352,0.764,0.442,0.024,0.095,4.14313472639153,-0.326991179372818,0.0425,0.11404,0.11009,0.0492,0.0,-0.0843645
Niger85,-0.0121736021142977,6.40025744530882,0.084,0.029,0.0,0.007,3.66356164612965,2.99802783834623,0.021,0.08908,0.15353,0.01045,0.05,-0.0445585
Rwanda85,0.0184238577783611,6.41017488196617,0.137,0.06,0.004,0.019,3.83729945923221,2.62614043530891,0.0258,0.04804,0.16506,0.36805,0.0,0.0205675
Senegal85,0.0021878721375807,6.98933526597456,0.242,0.113,0.017,0.04,3.77045944110636,1.3452915112079,0.0406,0.05466,0.14201,0.01045,0.0,-0.0416765
Sierra_Leone85,-0.0236203438428819,6.98378996525813,0.55,0.258,0.01,0.026,3.55534806148941,1.20413362429445,0.0329,0.01666,0.28044,0.2033,0.0,-0.0082115
Sudan85,0.0006839303650241,6.92755790627832,0.163,0.034,0.003,0.028,3.75653810258775,1.6146491653858,0.0403,0.03508,0.17499,0.5409,0.7,-0.022466
Tanzania85,-0.0134360694676197,6.24804287450843,0.257,0.088,0.034,0.098,3.8286413964891,2.60372174843313,0.0413,0.16518,0.21439,0.989,0.5,-0.013036
Togo85,0.0001643385743729,6.41017488196617,0.311,0.086,0.006,0.03,3.81109708683819,2.38816932235761,0.05495,0.24922,0.16083,0.01045,0.0,-0.09211
Tunisia85,0.0300585477287689,7.60190195987517,0.54,0.177,0.02,0.071,4.01096295328305,0.106871137428778,0.04695,0.17169,0.08664,0.06105,0.0,0.0191735
Uganda85,-0.0406181697175017,6.54821910276237,0.087,0.027,0.001,0.012,3.85014760171006,2.43261932707995,0.0185,0.0646,0.17584,1.85945,0.56295,0.0316695
Zaire85,-0.0353589620499195,6.3985949345352,0.128,0.022,0.001,0.014,3.8286413964891,2.73184593212393,0.03115,0.06535,0.12235,0.93925,0.7022325,-0.0074715
Zambia85,-0.0457490262097445,7.10906213568717,0.42,0.274,0.011,0.027,3.85439389259151,0.88118171937055,0.04765,0.16315,0.26367,0.6467,0.0,-0.033353
Zimbabwe85,-0.0108496510091264,7.1800698743028,0.22,0.065,0.006,0.04,3.94352167248752,0.929576439908357,0.052,0.15589,0.05181,0.7862,0.71605,-0.02405
Barbados85,0.0144830947878456,8.59230066390304,2.833,3.697,0.039,0.1,4.23988686751276,4.35031311176736,0.05325,0.14434,0.05583,0.0811,0.0,-0.1181765
Canada85,0.0239767102158233,9.42133036711782,3.363,3.386,0.693,0.881,4.29045944114839,11.2827000934159,0.06795,0.25993,0.03145,0.0,0.0,-0.0132535
Costa_Rica85,0.0023289361879898,8.0655794272821,0.758,0.69,0.183,0.207,4.21950770517611,-0.0233468331488961,0.0534,0.18641,0.13692,0.2093,0.0,-0.008922
Dominican_Rep.85,0.0060564411683051,7.57763383260273,0.534,0.463,0.073,0.115,4.09100566095659,0.0897419986595201,0.0181,0.19401,0.052,0.34635,0.6,-0.1134575
El_Salvador85,-0.0126048339797863,7.58018941794454,0.43,0.381,0.036,0.056,4.06388535473739,0.119717406885223,0.0323,0.09765,0.13698,0.4624,0.7385,-0.0276255
Guatemala85,-0.0075843541335257,7.70436116791031,0.261,0.21,0.017,0.063,3.98154906807676,-0.0320957234517881,0.01635,0.11276,0.05056,0.07505,0.67,-0.0240535
Honduras85,0.0056842450940391,7.11558212618445,0.319,0.252,0.014,0.054,3.98898404656427,0.847545173269898,0.0299,0.14691,0.1005,0.05035,0.6,0.010869
Jamaica85,-0.0314344136293615,7.97728198675515,0.646,0.817,0.046,0.066,4.21360798304892,-0.0967720565590676,0.05705,0.17735,0.07239,0.4447,0.5725,-0.077703
Mexico85,0.0130483884231598,8.44290058683438,0.795,0.293,0.037,0.192,4.13995507347415,-0.502124634099085,0.0241,0.19659,0.04839,0.11665,0.000745,0.0228375
Nicaragua85,-0.0383076894009934,7.7676872771869,0.324,0.247,0.034,0.1,3.9963641538619,-0.118434950761852,0.03515,0.11932,0.08846,0.8471,0.69525,-0.032034
Panama85,0.0188093149288883,7.93487156594518,1.187,1.272,0.18,0.199,4.19870457754634,0.230182066559619,0.0471,0.23397,0.18639,0.0,0.0,-0.010399
Trinidad_Tobago85,0.0196484856783705,8.97739897818186,1.22,0.998,0.037,0.087,4.19569705648239,0.54186099799497,0.03645,0.16711,0.02899,0.2872,0.0,0.017102
United_States85,0.0207133144998391,9.5075518946441,4.227,4.198,0.712,0.96,4.2710950739666,15.0421345030425,0.0578,0.22908,0.00847,0.0,0.5006925,-0.007004
Argentina85,-0.0141315527388741,8.40670845824097,0.936,0.902,0.132,0.203,4.21064501791826,0.191435351600835,0.0243,0.14665,0.0314,0.30845,0.701,-0.051991
Bolivia85,-0.0052507012509932,7.48380668766583,1.473,0.862,0.112,0.228,3.8416005411316,-0.0797047602613318,0.0313,0.18573,0.1369,0.4334,0.15,0.015963
Brazil85,0.0131833446008969,8.14989054440242,0.645,0.548,0.105,0.184,4.09100566095659,-0.254170796228144,0.02,0.2212,0.0585,0.267,0.0,-0.0433865
Chile85,0.0110935011356953,7.97177612288063,1.222,1.445,0.13,0.225,4.15261347034608,0.303729611009711,0.036,0.12818,0.11591,0.1334,0.5642,-0.049612
Colombia85,0.0171115994934919,7.79893331004122,1.143,1.013,0.061,0.164,4.09100566095659,0.0405604889289539,0.02195,0.17579,0.06381,0.04065,0.506225,0.0129855
Ecuador85,0.0095587514618555,7.87169266432364,0.745,0.63,0.058,0.158,4.07414185490458,-0.0850746091153863,0.03615,0.26468,0.10855,0.2412,0.1,0.047748
Guyana85,-0.0561240483662424,7.67600993202889,0.676,0.523,0.019,0.069,4.18357569595004,0.0052605544241972,0.064,0.20604,0.24157,0.75735,0.13275,-0.086632
Paraguay85,0.0283263152313745,7.43897159239586,0.768,0.575,0.065,0.127,4.18357569595004,0.0980954923738687,0.0129,0.18574,0.08355,0.3078,0.0,-0.018584
Peru85,-0.0178552539006076,7.99496952269788,1.129,0.772,0.161,0.289,4.01457959375324,0.0767368872246897,0.02695,0.21434,0.06579,0.13915,0.6,-0.048343
Uruguay85,-0.0086743244530588,8.31090675716845,1.134,1.214,0.231,0.192,4.23410650459726,0.555574265050815,0.02005,0.22899,0.08972,0.0479,0.0,-0.0180125
Venezuela85,-0.0193249426997975,8.8989119057944,0.85,0.752,0.109,0.206,4.19268046294296,-0.010972230643518,0.04655,0.23192,0.04434,0.1926,0.0038,0.0532185
Bangladesh85,0.0133019490898474,6.88448665204278,0.488,0.051,0.003,0.055,3.81109708683819,1.36787616145365,0.01055,0.03744,0.27633,0.64045,0.6506525,0.0168505
Hong_Kong85,0.0649164879525362,8.62443194208584,2.369,1.301,0.059,0.178,4.254193263164,1.9205558842512,0.0236,0.23435,0.02942,0.0,0.0,-0.020688
India85,0.0227602867510974,6.57368016696065,0.713,0.163,0.022,0.113,3.87949981372259,1.36386431796401,0.0287,0.18291,0.09502,0.1445,0.5002375,-0.037096
Indonesia85,0.0552262813630164,6.84161547647759,0.496,0.201,0.01,0.034,3.88362353090645,1.25878637898007,0.0132,0.23168,0.07673,0.03925,0.55,0.0333945
Iran85,-0.0227664062725527,8.52595469708481,0.811,0.223,0.018,0.081,4.02356438016105,-0.809963724106062,0.04495,0.26166,0.03047,0.80645,0.662425,0.057851
Iraq85,-0.0294060571452947,8.5745182580355,0.723,0.172,0.036,0.12,3.97029191355212,-0.97713458156072,0.0341,0.19027,0.07495,0.455,0.654075,0.0610305
Israel85,0.0111143732284159,8.86347430617095,1.837,1.531,0.431,0.61,4.2710950739666,3.02076105389203,0.06855,0.25469,0.01,0.1582,0.5,0.006528
Japan85,0.0337205594432673,9.05578961212758,2.121,1.828,0.067,0.423,4.29045944114839,3.58106537752707,0.04025,0.36366,0.03467,0.0,0.0004425,-0.0180535
Jordan85,0.0592503654780257,7.31588350450979,1.205,0.413,0.019,0.06,4.03600898520914,0.142032635465602,0.0489,0.24398,0.08116,0.0208,0.5,-0.066149
Korea85,0.0605042736628254,7.75362354655975,2.369,1.06,0.09,0.397,4.1174098351531,0.13306607254439,0.0281,0.30235,0.01312,0.0751,0.1513325,-0.022335
Malaysia85,0.0442351205118267,7.86978390253015,1.255,0.517,0.037,0.072,4.13995507347415,-0.0181494410748776,0.04995,0.2944,0.03972,0.003,0.054075,0.0148695
Pakistan85,0.0311719698937191,6.79570577517351,1.039,0.271,0.048,0.187,3.8416005411316,0.65042350877833,0.0156,0.10852,0.06656,0.26205,0.550705,-0.0373105
Philippines85,-0.0064291942416066,7.39141523467536,1.049,0.837,0.384,0.401,4.06044301054642,-0.179352976097338,0.01485,0.20392,0.11488,0.08695,0.80226,-0.060967
Singapore85,0.0486151957944672,8.51998927871824,1.427,0.817,0.052,0.136,4.22829253473184,0.452686504074697,0.0248,0.38843,0.00559,0.0015,0.0,0.007421
Sri_Lanka85,0.0468517744871312,7.20563517641036,2.022,1.438,0.024,0.047,4.14946386144318,-0.747284154932815,0.02465,0.21702,0.09976,0.24305,0.5,-0.0005235
Syria85,0.0138486682245492,8.17413934342947,0.761,0.2,0.033,0.15,4.04305126783455,-0.456526201894665,0.0282,0.19102,0.01,0.2084,0.5735,0.046662
Taiwan85,0.0570039787813442,8.09315669772264,1.629,0.738,0.075,0.255,4.24276456734037,0.335835126377965,0.0286,0.29348,0.11968,0.03905,0.0,-0.033169
Thailand85,0.037416810138625,7.41818082272679,0.451,0.219,0.053,0.092,4.0842942263686,0.324298895617051,0.02605,0.19545,0.07888,0.002,0.6511475,-0.0371355
Yemen85,0.0304930742092296,6.83947643822884,0.062,0.0,0.0,0.008,3.66867674679642,2.01029717081187,0.0365,0.14752,0.0419,0.11465,0.073025,0.0016
Austria85,0.0218188073417384,9.10297785364768,3.521,1.776,0.049,0.191,4.2570301444992,5.2147296625887,0.04835,0.27856,0.06697,0.0,0.0,-0.0105775
Belgium85,0.0145665060970359,9.18901458526143,2.161,1.794,0.172,0.359,4.26549281841793,3.9620398121355,0.05785,0.24159,0.02893,0.0,0.0,-0.0101175
Cyprus85,0.0709422970200224,8.06117135969092,2.345,1.87,0.202,0.315,4.26829786934554,1.08648729222779,0.03495,0.287,0.08169,0.06955,0.6,-0.0512245
Denmark85,0.0234481253622397,9.2292602568287,1.732,1.348,0.431,0.516,4.29592393562047,3.40580150626219,0.0595,0.25617,0.11058,0.0,0.0,-0.01092
Finland85,0.0213440612537511,9.18983149534464,0.946,0.949,0.195,0.267,4.2570301444992,0.745802022530767,0.0522,0.35998,0.06649,0.0,0.0,-0.013537
France85,0.0151869242489084,9.25617378831936,1.21,1.128,0.09,0.217,4.28220629939167,1.27099028787426,0.0422,0.28519,0.04854,0.0,0.000945,-0.0026775
Germany_West85,0.0214451468250651,9.22246655177402,0.776,0.575,0.088,0.272,4.25985900069967,-0.227449288262047,0.04075,0.27763,0.06348,0.0,0.0,-0.016365
Greece85,0.0174461198044565,8.5552593922227,1.22,0.821,0.125,0.311,4.28496492183075,0.560358261648454,0.02285,0.26671,0.03083,0.0656,0.55545,-0.009371
Ireland85,0.0226788439494216,8.65712903171375,1.567,1.585,0.127,0.234,4.26549281841793,1.61497049739401,0.0538,0.30055,0.06399,0.0,0.015275,-0.00451
Italy85,0.026592267622549,9.03013657115323,1.579,1.062,0.081,0.192,4.27666611901606,1.44286025310747,0.0277,0.27294,0.05824,0.0,0.0741,-0.007594
Malta85,0.0536341837779851,8.02256894698825,1.019,0.61,0.055,0.17,4.2570301444992,-0.0026001038755965,0.03725,0.23526,0.12082,0.0441,0.0,-0.013231
Netherlands85,0.0117826251801942,9.23834456838578,2.494,1.971,0.167,0.407,4.30406509320417,5.01134721464348,0.0669,0.23837,0.01424,0.0,0.0,0.0008605
Norway85,0.0357770041727871,9.2051268049233,4.151,3.861,0.164,0.332,4.30945594183905,10.188791481574,0.0592,0.3433,0.05419,0.0,0.0,0.030136
Portugal85,0.0139861430013903,8.38251828808963,0.694,0.362,0.035,0.096,4.21950770517611,-0.497398222455471,0.0367,0.25236,0.09219,0.10005,0.1,-0.0241535
Spain85,0.0019670133092606,8.90923527919226,1.147,0.611,0.073,0.206,4.28771595520264,0.252376426670623,0.02325,0.26745,0.04348,0.0,0.03525,-0.014232
Sweden85,0.01155696078802,9.38092667255172,2.664,2.788,0.26,0.362,4.31481788498043,7.24551583207574,0.07205,0.23665,0.10192,0.0,0.0,-0.0094305
Switzerland85,0.0139475968409988,9.49016666846238,1.453,1.232,0.038,0.209,4.29864502573483,2.00819460612736,0.046,0.29017,0.01436,0.0,0.0,0.003917
Turkey85,0.0074988486430915,7.95085485771999,0.609,0.228,0.018,0.094,4.05004430332552,-0.298647474275706,0.0312,0.26035,0.02151,0.16125,0.5582,-0.0352745
United_Kingdom85,0.0213159438359151,9.10486873903395,1.92,1.86,0.235,0.468,4.27666611901606,3.75211445568394,0.05305,0.19046,0.07219,0.0,0.1517775,0.014021
Australia85,0.0161890504885893,9.3604830304059,3.061,2.72,0.299,1.011,4.27388447605418,8.79445507478862,0.049,0.29621,0.03279,0.0,0.0,-0.0317105
New_Zealand85,0.0076406620500304,9.25827302573149,3.235,2.875,0.449,0.67,4.27666611901606,8.4798547874906,0.04705,0.25006,0.06585,0.0,0.0,0.003371
Papua_New_Guinea85,-0.0128912446768227,7.454719949364,0.136,0.048,0.004,0.015,3.86702563949741,0.469981935878068,0.07195,0.17171,0.22611,0.176,0.0,-0.001275
