,height,cubit
1,71,17.75
2,71,18.25
3,71,18.25
4,71,18.25
5,71,18.75
6,71,18.75
7,71,18.75
8,71,18.75
9,71,19.25
10,71,19.25
11,71,19.25
12,71,19.25
13,71,19.25
14,71,19.25
15,71,19.25
16,71,19.25
17,71,19.25
18,71,19.25
19,71,19.25
20,71,19.25
21,71,19.25
22,71,19.25
23,71,19.25
24,71,19.75
25,71,19.75
26,71,19.75
27,71,19.75
28,71,19.75
29,71,19.75
30,71,19.75
31,70,17.75
32,70,18.25
33,70,18.25
34,70,18.25
35,70,18.25
36,70,18.25
37,70,18.75
38,70,18.75
39,70,18.75
40,70,18.75
41,70,18.75
42,70,18.75
43,70,18.75
44,70,18.75
45,70,18.75
46,70,18.75
47,70,18.75
48,70,18.75
49,70,18.75
50,70,19.25
51,70,19.25
52,70,19.25
53,70,19.25
54,70,19.25
55,70,19.25
56,70,19.25
57,70,19.25
58,70,19.25
59,70,19.25
60,70,19.25
61,69,16.75
62,69,17.25
63,69,17.75
64,69,17.75
65,69,18.25
66,69,18.25
67,69,18.25
68,69,18.25
69,69,18.25
70,69,18.25
71,69,18.25
72,69,18.25
73,69,18.25
74,69,18.25
75,69,18.25
76,69,18.25
77,69,18.25
78,69,18.25
79,69,18.25
80,69,18.25
81,69,18.25
82,69,18.25
83,69,18.25
84,69,18.25
85,69,18.25
86,69,18.25
87,69,18.25
88,69,18.25
89,69,18.25
90,69,18.75
91,69,18.75
92,69,18.75
93,69,18.75
94,69,18.75
95,69,18.75
96,69,18.75
97,69,18.75
98,69,18.75
99,69,18.75
100,69,18.75
101,69,18.75
102,69,18.75
103,69,18.75
104,69,18.75
105,69,19.25
106,69,19.25
107,69,19.25
108,69,19.25
109,69,19.25
110,69,19.25
111,68,16.75
112,68,17.25
113,68,17.25
114,68,17.25
115,68,17.75
116,68,17.75
117,68,17.75
118,68,17.75
119,68,17.75
120,68,17.75
121,68,17.75
122,68,18.25
123,68,18.25
124,68,18.25
125,68,18.25
126,68,18.25
127,68,18.25
128,68,18.25
129,68,18.25
130,68,18.25
131,68,18.25
132,68,18.25
133,68,18.25
134,68,18.25
135,68,18.25
136,68,18.75
137,68,18.75
138,68,18.75
139,68,18.75
140,68,18.75
141,68,18.75
142,68,18.75
143,68,19.25
144,68,19.25
145,68,19.25
146,68,19.25
147,68,19.75
148,68,19.75
149,67,16.75
150,67,17.25
151,67,17.25
152,67,17.25
153,67,17.25
154,67,17.25
155,67,17.25
156,67,17.25
157,67,17.75
158,67,17.75
159,67,17.75
160,67,17.75
161,67,17.75
162,67,17.75
163,67,17.75
164,67,17.75
165,67,17.75
166,67,17.75
167,67,17.75
168,67,17.75
169,67,17.75
170,67,17.75
171,67,17.75
172,67,18.25
173,67,18.25
174,67,18.25
175,67,18.25
176,67,18.25
177,67,18.25
178,67,18.25
179,67,18.25
180,67,18.25
181,67,18.25
182,67,18.25
183,67,18.25
184,67,18.25
185,67,18.25
186,67,18.25
187,67,18.25
188,67,18.25
189,67,18.25
190,67,18.25
191,67,18.25
192,67,18.25
193,67,18.25
194,67,18.25
195,67,18.25
196,67,18.25
197,67,18.25
198,67,18.25
199,67,18.25
200,67,18.75
201,67,18.75
202,67,18.75
203,67,18.75
204,67,18.75
205,67,18.75
206,67,18.75
207,67,18.75
208,67,19.25
209,67,19.25
210,66,16.75
211,66,17.25
212,66,17.25
213,66,17.25
214,66,17.25
215,66,17.25
216,66,17.25
217,66,17.25
218,66,17.75
219,66,17.75
220,66,17.75
221,66,17.75
222,66,17.75
223,66,17.75
224,66,17.75
225,66,17.75
226,66,17.75
227,66,17.75
228,66,17.75
229,66,17.75
230,66,17.75
231,66,17.75
232,66,17.75
233,66,17.75
234,66,17.75
235,66,17.75
236,66,18.25
237,66,18.25
238,66,18.25
239,66,18.25
240,66,18.25
241,66,18.25
242,66,18.25
243,66,18.25
244,66,18.25
245,66,18.25
246,66,18.25
247,66,18.25
248,66,18.25
249,66,18.25
250,66,18.25
251,66,18.75
252,66,18.75
253,66,18.75
254,66,18.75
255,66,18.75
256,66,18.75
257,65,16.75
258,65,16.75
259,65,16.75
260,65,16.75
261,65,17.25
262,65,17.25
263,65,17.25
264,65,17.25
265,65,17.25
266,65,17.25
267,65,17.25
268,65,17.25
269,65,17.25
270,65,17.25
271,65,17.75
272,65,17.75
273,65,17.75
274,65,17.75
275,65,17.75
276,65,17.75
277,65,17.75
278,65,17.75
279,65,17.75
280,65,17.75
281,65,17.75
282,65,17.75
283,65,18.25
284,65,18.25
285,65,18.25
286,65,18.25
287,65,18.25
288,65,18.25
289,65,18.25
290,65,18.25
291,65,18.75
292,65,18.75
293,64,16.75
294,64,16.75
295,64,16.75
296,64,16.75
297,64,16.75
298,64,17.25
299,64,17.25
300,64,17.25
301,64,17.25
302,64,17.25
303,64,17.25
304,64,17.25
305,64,17.25
306,64,17.25
307,64,17.25
308,64,17.25
309,64,17.75
310,64,17.75
311,64,18.25
312,64,18.25
313,64,18.25
314,63,16.5
315,63,16.5
316,63,16.5
317,63,16.5
318,63,16.5
319,63,16.5
320,63,16.5
321,63,16.5
322,63,16.5
323,63,16.75
324,63,16.75
325,63,16.75
326,63,16.75
327,63,16.75
328,63,16.75
329,63,16.75
330,63,16.75
331,63,16.75
332,63,16.75
333,63,16.75
334,63,16.75
335,63,17.25
336,63,17.25
337,63,17.25
338,63,17.25
339,63,17.25
340,63,17.25
341,63,17.25
342,63,17.25
343,63,17.25
344,63,17.25
345,63,17.75
346,63,17.75
347,63,17.75
348,63,18.25
