,ipip,wage1992,prtyid,ideol,gender
1,3,0.614226460456848,7.0,5.0,1
2,4,0.674753963947296,5.0,5.0,1
3,4,0.267989993095398,7.0,6.0,1
4,1,0.261489987373352,1.0,4.0,1
5,3,0.109722658991814,2.0,1.76031398773193,1
6,4,0.464700013399124,5.0,3.0,0
7,3,0.673849999904633,3.0,5.0,1
8,5,0.532922327518463,4.0,2.0,1
9,2,0.600469946861267,1.0,1.0,1
10,4,0.785520017147064,2.0,3.0,1
11,3,0.367390006780624,5.0,2.0,0
12,3,0.387620002031326,7.0,4.0,0
13,2,0.394959986209869,2.81344485282898,3.64129209518433,1
14,3,0.312420010566711,5.0,2.78478455543518,1
15,4,1.13774001598358,4.0,4.0,0
16,3,0.600469946861267,7.0,6.0,1
17,3,0.461620002985001,6.0,4.0,0
18,3,0.785520017147064,1.0,4.72942161560059,0
19,3,0.408399999141693,5.0,3.0,1
20,5,0.518409967422485,7.0,4.0,1
21,2,0.267989993095398,3.0,2.0,0
22,3,0.265219986438751,3.0,4.41514348983765,1
23,4,0.614226460456848,3.0,5.0,1
24,3,0.476355999708176,4.0,3.0,0
25,5,0.52674674987793,7.0,6.0,1
26,3,0.277761608362198,3.0,6.0,1
27,2,0.581430017948151,5.0,5.59107351303101,1
28,3,0.408399999141693,2.0,4.28536224365234,1
29,5,0.261489987373352,4.0,3.28694152832031,1
30,3,0.538692891597748,5.0,5.31768941879272,1
31,5,0.267989993095398,1.0,4.20422458648682,1
32,5,0.408399999141693,6.0,5.18003034591675,0
33,4,0.440597921609879,6.0,4.0,1
34,3,0.394959986209869,2.0,4.0,1
35,3,0.511519968509674,1.0,2.74362277984619,0
36,3,0.785520017147064,6.0,4.51759815216064,0
37,5,0.785520017147064,5.0,6.0,0
38,3,0.614226460456848,4.0,4.76837301254272,0
39,3,0.673849999904633,5.0,6.0,0
40,2,0.65021002292633,2.0,3.0,1
41,3,0.592509984970093,5.0,5.0,0
42,3,0.644749999046326,6.0,3.0,1
43,4,0.267989993095398,6.0,5.0,0
44,5,0.614226460456848,2.0,5.0,0
45,3,0.62111485004425,1.0,4.0,1
46,3,0.701979994773865,2.0,3.0,1
47,5,0.427269995212555,6.0,6.0,1
48,3,0.189989998936653,6.0,4.0,1
49,3,0.511519968509674,2.0,2.93322658538818,0
50,4,0.518409967422485,7.0,7.0,0
51,5,0.335929989814758,5.0,4.0,1
52,2,0.65021002292633,1.0,2.0,0
53,3,0.592509984970093,7.0,4.0,0
54,4,0.367390006780624,4.0,4.0,0
55,5,0.387620002031326,5.0,4.90378427505493,0
56,3,0.785520017147064,6.0,3.0,0
57,3,0.320780009031296,1.0,6.0,1
58,3,0.394959986209869,7.0,6.0,1
59,5,0.785520017147064,7.0,6.0,1
60,5,0.267989993095398,2.0,2.0,0
61,3,0.414970010519028,7.0,6.0,0
62,5,0.309140026569366,4.0,3.0,0
63,4,0.406390011310577,1.0,2.0,1
64,3,0.673849999904633,7.0,6.0,1
65,5,0.511519968509674,1.0,2.0,0
66,3,0.614226460456848,2.0,2.0,0
67,3,0.261489987373352,2.0,4.90490818023682,1
68,4,0.600469946861267,1.0,5.0,1
69,5,0.785520017147064,7.0,7.0,0
70,5,0.509447515010834,1.0,5.0,1
71,3,0.364969998598099,5.0,5.0,0
72,3,0.320780009031296,7.2579140663147,7.0,1
73,3,0.336679995059967,2.0,3.75016260147095,0
74,5,0.390350013971329,3.0,4.0,0
75,3,0.785520017147064,7.0,4.0,0
76,3,0.446730017662048,5.0,4.0,0
77,3,0.365890830755234,7.0,6.0,1
78,1,0.309140026569366,7.0,4.0,0
79,2,0.408399999141693,7.0,4.0,1
80,3,0.592509984970093,7.0,2.0,0
81,3,0.662460029125214,1.0,2.0,0
82,2,0.267989993095398,2.0,4.19483613967896,1
83,5,0.592509984970093,3.0,5.0,0
84,3,0.903599977493286,2.0,2.0,0
85,5,0.477019995450974,5.0,4.38504552841187,0
86,3,0.545379996299744,5.0,6.43436098098755,0
87,5,0.688880026340485,5.0,6.0,1
88,5,0.309140026569366,2.0,5.69631099700928,0
89,2,0.265219986438751,4.0,3.73661828041077,0
90,4,0.592509984970093,1.0,2.0,1
91,3,0.701979994773865,7.0,6.0,1
92,3,0.903599977493286,5.0,5.0,0
93,3,0.408600002527237,1.0,3.71424007415771,0
94,3,0.785520017147064,1.0,2.0,1
95,1,0.529449999332428,1.0,4.0,0
96,4,0.320780009031296,7.0,2.0,1
97,5,0.364969998598099,5.0,3.0,1
98,3,0.361250013113022,2.0,2.46823763847351,1
99,5,0.662460029125214,4.0,4.96197509765625,0
100,3,0.673849999904633,4.0,5.0,1
101,4,0.425585001707077,5.0,4.0,1
102,3,0.532429993152618,1.0,6.13421583175659,0
103,3,0.440597921609879,1.0,2.0,0
104,4,0.367390006780624,4.0,2.73702335357666,0
105,3,0.785520017147064,5.0,5.0,0
106,4,0.688880026340485,2.0,5.0,0
107,4,0.385200023651123,4.0,5.4308910369873,0
108,4,0.309265941381454,3.0,6.0,1
109,5,0.701979994773865,6.0,4.0,0
110,3,0.401980012655258,1.0,4.0,0
111,3,0.177668660879135,5.0,7.4469575881958,1
112,3,0.343410015106201,2.0,3.43594098091125,1
113,2,0.65021002292633,4.0,3.0,1
114,1,0.462199747562408,7.0,6.0,0
115,3,0.343410015106201,4.0,4.0,0
116,3,0.785520017147064,6.0,5.0,0
117,4,0.592509984970093,1.0,4.0,0
118,3,0.175383105874062,1.0,6.0,0
119,4,0.351166784763336,4.0,4.0,1
120,3,0.424634009599686,2.0,2.81155467033386,1
121,3,0.673849999904633,3.0,0.490564346313477,0
122,1,0.688880026340485,2.0,4.0,1
123,3,0.364969998598099,1.0,4.27364349365234,1
124,3,0.320780009031296,3.0,3.0,1
125,3,0.281066924333572,3.0,3.0,1
126,5,0.609759986400604,6.0,2.0,1
127,4,0.320780009031296,1.0,3.17129445075989,1
128,5,0.400240004062653,6.0,5.0,1
129,3,0.600469946861267,3.0,4.0,1
130,5,0.518409967422485,3.0,4.0,1
131,3,0.600469946861267,2.0,4.0,1
132,5,0.785520017147064,7.0,4.46536731719971,0
133,5,0.785520017147064,5.0,5.0,0
134,5,0.451297104358673,4.0,6.0,1
135,5,0.539271235466003,4.67557907104492,6.5217490196228,1
136,3,0.644749999046326,1.0,6.0,0
137,3,0.320780009031296,6.0,5.0,1
138,1,0.385200023651123,1.0,3.0,1
139,3,0.665455162525177,7.0,5.0,1
140,3,0.315829992294312,2.0,3.57608103752136,1
141,4,0.785520017147064,3.0,3.0,0
142,3,0.518409967422485,7.0,6.0,1
143,5,0.614226460456848,7.0,6.0,0
144,3,1.10091006755829,6.0,5.0,0
145,4,0.600469946861267,6.0,5.0,1
146,3,0.600469946861267,2.0,4.0,1
147,3,0.785520017147064,5.0,6.79343557357788,1
148,5,0.414970010519028,7.0,4.0,0
149,4,0.36285999417305,6.0,4.0,0
150,3,0.65021002292633,4.0,4.0,0
151,4,0.464899986982346,4.0,2.82423543930054,1
152,5,0.785520017147064,5.0,4.0,1
153,3,0.785520017147064,2.0,2.0,0
154,3,0.785520017147064,1.0,3.0,1
155,4,0.785520017147064,7.0,5.0,0
156,3,0.600469946861267,5.0,6.5266432762146,0
157,5,0.511519968509674,4.0,4.14760875701904,0
158,5,0.551272451877594,5.0,4.0,0
159,4,0.673849999904633,5.0,6.0,0
160,3,0.785520017147064,6.0,5.0,0
161,4,0.673849999904633,6.0,5.0,0
162,3,0.614226460456848,6.0,6.0,0
163,3,0.720225930213928,7.0,6.0,0
164,2,0.793409943580627,5.0,6.0,0
165,3,0.701979994773865,2.0,5.0,0
166,5,0.320780009031296,1.0,5.81636810302734,1
167,3,0.487359970808029,3.0,3.0,0
168,4,0.394959986209869,4.0,5.0,1
169,5,0.529449999332428,3.0,2.54272317886353,0
170,4,0.320780009031296,1.0,4.0,1
171,5,0.785520017147064,2.0,6.0,0
172,3,0.609759986400604,2.0,4.0,1
173,3,0.614226460456848,3.0,2.0,0
174,4,0.267989993095398,1.0,3.0,1
175,4,0.394959986209869,4.0,4.0,1
176,5,0.785520017147064,3.0,4.0,0
177,3,0.614226460456848,5.0,6.0,0
178,3,0.65021002292633,7.0,6.0,0
179,5,0.343410015106201,4.0,3.57928490638733,1
180,3,0.8400399684906,6.0,4.0,0
181,5,0.267989993095398,7.0,5.0,1
182,3,0.267989993095398,1.0,4.0,1
183,5,0.552873373031616,1.0,6.40444278717041,1
184,5,0.65021002292633,5.0,6.0,1
185,4,0.312420010566711,2.0,3.0,1
186,4,0.511519968509674,3.0,5.0,0
187,5,0.785520017147064,7.0,5.0,0
188,2,-0.0416740030050278,2.0,4.0,1
189,1,0.487359970808029,5.0,3.0,0
190,5,0.614226460456848,6.0,3.0,1
191,1,0.402443557977676,7.0,6.0,1
192,5,0.265219986438751,5.0,4.0,1
193,3,0.343410015106201,2.0,0.832483291625977,1
194,1,0.320780009031296,3.0,1.0,0
195,3,0.785520017147064,6.0,4.0,0
196,3,0.793409943580627,2.0,5.0,0
197,4,0.120842352509499,5.0,3.61460757255554,1
198,4,0.903599977493286,7.0,4.0,1
199,3,0.414970010519028,7.0,7.0,0
200,5,0.407070010900497,1.0,5.94328880310059,1
201,3,0.8400399684906,5.0,6.0,0
202,3,0.673849999904633,1.0,5.0,0
203,3,0.529449999332428,5.0,4.0,1
204,1,0.267989993095398,3.0,4.6797046661377,1
205,5,0.785520017147064,6.0,3.98941969871521,0
206,3,0.785520017147064,7.0,6.0,0
207,3,0.688880026340485,5.0,4.0,1
208,5,0.390350013971329,3.0,7.0,0
209,3,0.381099998950958,4.0,2.4258017539978,0
210,3,0.461620002985001,1.0,4.0,0
211,4,0.394959986209869,3.0,4.0,1
212,4,0.65021002292633,7.0,6.0,0
213,1,0.673849999904633,7.0,6.0,1
214,3,0.509866118431091,5.0,5.0,1
215,3,0.581430017948151,3.0,2.19372463226318,0
216,4,0.511519968509674,3.0,2.0,0
217,3,0.0826074853539467,6.0,4.13231325149536,0
218,3,0.343410015106201,3.0,4.25622797012329,1
219,5,0.785520017147064,2.0,7.0,1
220,5,0.461620002985001,5.0,6.0,0
221,5,0.698559999465942,2.0,7.0,0
222,5,0.401980012655258,2.0,5.17086696624756,1
223,5,0.785520017147064,3.0,4.0,0
224,4,0.387620002031326,2.0,2.96238708496094,1
225,4,0.400240004062653,2.0,5.46819543838501,1
226,5,0.267989993095398,1.0,3.65392017364502,1
227,5,0.335929989814758,4.0,6.324631690979,0
228,1,0.520840048789978,6.0,4.0,0
229,2,0.600469946861267,4.0,4.0,0
230,3,0.673849999904633,1.0,2.0,0
231,3,0.394959986209869,3.0,2.0,1
232,5,0.394959986209869,6.0,6.0,1
233,5,0.401980012655258,3.0,5.0,1
234,3,0.673849999904633,1.0,5.0,1
235,3,0.614226460456848,3.0,1.0,0
236,4,0.457309991121292,3.0,4.0,0
237,4,0.394959986209869,7.0,5.0,1
238,5,0.600469946861267,2.0,4.0,1
239,3,0.407070010900497,2.0,4.0,1
240,4,0.701979994773865,7.0,4.0,1
241,3,0.903599977493286,4.0,5.0,0
242,3,0.315829992294312,6.0,4.29227495193481,0
243,5,0.387620002031326,1.0,2.0,1
244,5,0.614226460456848,1.0,6.0,0
245,4,0.315829992294312,4.0,4.0,0
246,3,0.312420010566711,5.0,3.50003838539124,1
247,2,0.600469946861267,4.0,3.0,1
248,4,0.343410015106201,2.0,5.17996740341187,0
249,4,0.367390006780624,4.8586573600769,6.26943445205688,0
250,4,0.440597921609879,2.0,4.0,0
251,5,0.343410015106201,3.0,4.0,1
252,2,0.400240004062653,1.0,4.0,1
253,2,0.320780009031296,7.0,5.0,1
254,3,0.414970010519028,5.0,5.0,0
255,5,0.903599977493286,7.0,5.0,0
256,4,0.600469946861267,6.0,3.0,1
257,5,0.903599977493286,5.0,5.0,0
258,3,0.609759986400604,5.0,3.0,1
259,3,0.394959986209869,6.0,4.14927959442139,1
260,4,0.632341802120209,6.0,5.0,0
261,3,0.401980012655258,3.0,3.39310908317566,0
262,5,0.208856374025345,2.0,6.0,1
263,2,0.688880026340485,2.0,2.0,1
264,2,0.592509984970093,4.0,6.0,0
265,4,0.464700013399124,1.0,2.0,1
266,4,0.688880026340485,7.0,4.0,1
267,3,0.408399999141693,2.0,5.0,0
268,3,1.10091006755829,6.0,5.0,0
269,5,0.614226460456848,7.0,6.0,0
270,3,0.267989993095398,4.0,4.11386251449585,1
271,5,0.408399999141693,1.0,1.95973300933838,1
272,3,0.408399999141693,3.0,4.80742359161377,1
273,3,0.477019995450974,2.0,5.00281047821045,0
274,3,0.487359970808029,4.0,3.0,0
275,3,0.343410015106201,3.0,6.0,1
276,3,0.65021002292633,3.0,2.0,1
277,4,0.284025818109512,2.0,2.27314186096191,1
278,3,0.446730017662048,3.0,2.0,0
279,5,0.600469946861267,5.0,6.0,1
280,5,0.267989993095398,4.07433080673218,3.9447774887085,0
281,3,0.600469946861267,2.0,3.0,1
282,2,0.498421847820282,1.0,2.13311457633972,1
283,5,0.518409967422485,7.0,5.0,0
284,4,0.36285999417305,5.0,4.87819337844849,0
285,5,0.414970010519028,4.0,4.24571323394775,0
286,4,0.400240004062653,5.0,4.89344310760498,1
287,3,0.785520017147064,5.0,3.93974471092224,1
288,3,0.777340054512024,7.0,7.0,0
289,4,0.600469946861267,2.0,4.0,1
290,2,0.785520017147064,7.0,6.0,0
291,4,0.614226460456848,2.0,5.30776929855347,1
292,5,0.401980012655258,2.0,3.28657126426697,0
293,3,0.309140026569366,7.0,4.30270576477051,1
294,4,0.477019995450974,2.0,5.00204706192017,0
295,3,0.394959986209869,1.0,1.0,1
296,5,0.381099998950958,2.0,4.0,1
297,4,0.293215334415436,1.0,7.0,1
298,5,0.446730017662048,4.0,3.0,1
299,2,0.785520017147064,6.0,4.0,1
300,4,0.343410015106201,4.0,2.0,1
301,5,0.427269995212555,2.0,7.0,0
302,4,0.688880026340485,2.0,4.0,1
303,3,0.785520017147064,6.0,5.0,1
304,4,0.511519968509674,2.0,5.0,0
305,4,0.440597921609879,1.0,3.75100612640381,0
306,4,0.785520017147064,3.0,3.0,0
307,3,0.427269995212555,1.0,1.3322137594223,0
308,4,0.407070010900497,3.0,2.0,1
309,3,0.343410015106201,4.0,4.0,0
310,4,0.267989993095398,2.0,4.0,0
311,3,0.267989993095398,1.0,1.84195160865784,1
312,4,0.394959986209869,3.0,2.80516481399536,1
313,3,0.343410015106201,6.0,4.0,1
314,4,0.343410015106201,2.0,4.0,0
315,5,0.592509984970093,2.0,4.0,0
316,3,0.3887699842453,7.0,6.34571981430054,0
317,5,0.737052321434021,7.0,6.0,0
318,4,0.461620002985001,1.0,3.96082234382629,0
319,2,0.394959986209869,4.0,4.0,1
320,5,0.614226460456848,5.0,4.0,1
321,5,0.673849999904633,6.0,4.0,1
322,3,0.673849999904633,7.0,6.0,0
323,3,0.785520017147064,7.0,6.0,0
324,3,0.394959986209869,3.0,5.15995454788208,1
325,5,0.414768576622009,3.0,5.9233455657959,1
326,3,0.343410015106201,6.0,6.0,1
327,4,0.400896817445755,6.0,2.0,1
328,4,0.592509984970093,1.0,3.8440215587616,0
329,3,0.487359970808029,2.0,2.0,0
330,1,0.263042360544205,4.0,1.0,1
331,3,0.614226460456848,3.0,2.0,1
332,5,0.267989993095398,3.0,4.0,1
333,4,0.501038551330566,6.0,5.0,0
334,3,0.540655851364136,2.0,4.0,1
335,3,0.464899986982346,6.0,6.0,1
336,4,0.320780009031296,7.0,6.0,1
337,3,0.529449999332428,1.0,3.0,0
338,2,0.600469946861267,7.0,6.0,1
339,4,0.414970010519028,7.0,6.0,0
340,5,0.387620002031326,5.0,6.0,1
341,3,0.62365996837616,1.0,4.71437549591064,0
342,4,0.785520017147064,4.0,5.84713983535767,0
343,3,0.673849999904633,5.0,5.80216598510742,1
344,3,0.267989993095398,4.0,2.52106666564941,1
345,3,0.461620002985001,1.0,1.0,0
346,5,0.474801003932953,7.0,6.0,1
347,3,0.701979994773865,6.0,5.0,0
348,5,0.600469946861267,4.0,3.94470906257629,1
349,3,0.267989993095398,1.0,6.0,1
350,5,0.364969998598099,5.0,3.0,1
351,4,0.343410015106201,1.0,4.0,1
352,2,0.387620002031326,6.0,4.61604118347168,1
353,3,0.520840048789978,4.0,5.85227632522583,0
354,4,0.614226460456848,3.0,3.0,0
355,5,0.400240004062653,7.0,6.0,0
356,3,0.785520017147064,6.0,6.0,0
357,5,0.65021002292633,1.0,4.0,1
358,5,0.903599977493286,3.0,4.0,0
359,3,0.400240004062653,6.0,4.0,1
360,5,0.73905998468399,5.0,5.01722383499146,1
361,2,0.364969998598099,2.0,3.69531607627869,1
362,5,0.464700013399124,3.0,2.0,1
363,3,0.903599977493286,5.0,3.0,1
364,5,0.315829992294312,1.0,3.37344861030579,1
365,4,0.511519968509674,5.0,5.4904055595398,0
366,2,0.205120116472244,6.0,4.0,1
367,4,0.315829992294312,3.0,3.0,1
368,3,0.400240004062653,6.0,4.0,1
369,5,0.407070010900497,3.0,4.0,1
370,4,0.335929989814758,2.0,1.0,0
371,4,0.304138690233231,4.0,4.0,1
372,3,0.22229677438736,3.0,3.15512681007385,1
373,4,0.320780009031296,5.0,4.63483190536499,1
374,3,0.600469946861267,2.0,4.0,1
375,3,0.446730017662048,1.0,4.0,0
376,5,0.343410015106201,2.0,2.11894941329956,1
377,4,1.13774001598358,1.0,1.0,0
378,3,0.518409967422485,1.0,4.0,0
379,5,0.8400399684906,7.0,7.0,0
380,1,0.408399999141693,3.0,2.0,1
381,5,0.369037300348282,2.0,4.29626703262329,1
382,3,0.785520017147064,5.0,4.4833459854126,0
383,5,0.545379996299744,4.0,4.0,0
384,3,0.309140026569366,3.0,4.0,0
385,3,0.400240004062653,5.0,4.0,1
386,3,0.315829992294312,2.20464444160461,4.81304836273193,0
387,4,0.903599977493286,5.0,5.0,0
388,3,0.189989998936653,4.0,4.46543645858765,1
389,2,0.367390006780624,4.0,4.0,0
390,5,0.315829992294312,7.0,6.0,0
391,5,0.267989993095398,2.0,1.0,1
392,3,0.390350013971329,4.0,3.0,0
393,5,0.440597921609879,5.0,7.0,0
394,2,0.343410015106201,1.0,2.0,1
395,3,0.785520017147064,2.0,3.0,1
396,3,0.606049120426178,2.0,4.45888042449951,1
397,3,0.65021002292633,7.0,3.73156404495239,1
398,3,0.315829992294312,1.0,3.0,1
399,3,0.673849999904633,4.0,6.0,0
400,2,0.315829992294312,3.0,2.0,0
401,2,0.261489987373352,2.0,5.0,1
402,3,0.584297716617584,5.0,5.0,1
403,3,0.267989993095398,4.0,3.92964339256287,1
404,3,0.559611141681671,6.0,5.0,0
405,4,0.394959986209869,6.0,5.37807178497314,1
406,4,0.614226460456848,4.0,4.0,0
407,1,0.461620002985001,5.0,5.0,0
408,1,0.903599977493286,6.0,5.0,0
409,4,0.461620002985001,1.0,1.0,0
410,5,0.777340054512024,5.0,5.0,0
411,3,0.903599977493286,5.0,5.0,0
412,4,0.265219986438751,3.0,3.91131520271301,0
413,3,0.267989993095398,7.0,4.0,1
414,4,0.777340054512024,3.0,3.0,0
415,3,0.644749999046326,2.0,2.0,0
416,3,0.614226460456848,7.0,6.0,1
417,4,0.785520017147064,7.0,6.0,0
418,4,0.320780009031296,1.0,4.0,1
419,3,0.487359970808029,2.0,3.3959743976593,0
420,3,0.75151002407074,1.0,2.93757390975952,0
421,5,0.392269968986511,3.0,3.35857391357422,1
422,3,0.545379996299744,5.0,6.0,0
423,3,0.644749999046326,7.0,5.0,1
424,3,0.799585342407227,1.0,2.0,1
425,5,0.688880026340485,6.0,3.0,0
426,4,0.644749999046326,3.0,3.0,0
427,3,0.785520017147064,3.0,2.0,1
428,4,0.414970010519028,1.0,6.0,0
429,3,0.401980012655258,4.0,5.55670642852783,1
430,4,0.285372883081436,2.0,2.81924867630005,1
431,3,0.8400399684906,1.0,3.0,1
432,3,0.374797612428665,6.0,6.0,1
433,3,0.394959986209869,5.0,5.04434490203857,1
434,3,0.167882934212685,3.0,4.99423408508301,1
435,4,0.609759986400604,3.0,3.0,0
436,3,0.511519968509674,3.0,4.0,0
437,3,0.367390006780624,2.0,3.0,1
438,3,0.8400399684906,4.0,3.0,0
439,4,0.598930716514587,3.0,2.0,1
440,3,0.320780009031296,1.0,3.76020669937134,1
441,5,0.592509984970093,6.0,5.0,1
442,3,0.592509984970093,6.0,5.0,0
443,3,0.644749999046326,2.0,2.0,1
444,5,0.903599977493286,5.0,5.0,0
445,2,0.701979994773865,5.0,5.0,0
446,1,0.461620002985001,4.0,4.0,0
447,4,0.487359970808029,5.0,6.0,0
448,4,0.673849999904633,2.0,3.0,1
449,2,0.614226460456848,4.0,4.0,0
450,3,0.36285999417305,4.0,4.0,0
451,3,0.559146046638489,4.0,4.0,1
452,3,0.581430017948151,4.0,4.0,0
453,5,0.343410015106201,2.0,3.37930274009705,1
454,3,0.609759986400604,5.0,6.0,1
455,4,0.600469946861267,2.0,5.0,1
456,2,0.343410015106201,3.0,3.0,1
457,5,0.408399999141693,5.0,4.0,1
458,3,0.511519968509674,3.0,4.00518941879272,0
459,5,0.189989998936653,3.0,5.0,1
460,5,0.614226460456848,4.0,4.74902153015137,1
461,3,0.688880026340485,6.0,4.0,1
462,5,0.315829992294312,1.0,6.14071655273438,1
463,3,0.785520017147064,4.0,4.0,0
464,3,0.408600002527237,1.0,3.1913001537323,1
465,3,0.267989993095398,5.0,3.0,1
466,4,0.43847069144249,7.0,3.0,0
467,4,0.511519968509674,4.0,3.03440308570862,0
468,5,0.335929989814758,2.0,4.78105878829956,0
469,5,0.401980012655258,1.0,2.0,1
470,4,0.688880026340485,1.0,4.47001171112061,1
471,1,0.189989998936653,1.0,5.52017259597778,1
472,1,0.84213000535965,2.0,1.0,0
473,3,0.434631526470184,6.0,5.0,1
474,4,0.267989993095398,2.0,4.39602899551392,1
475,4,0.350401669740677,4.0,3.48902893066406,1
476,4,0.394959986209869,6.0,6.0,1
477,5,0.511519968509674,2.0,5.0,0
478,5,0.347139686346054,7.0,4.0,1
479,5,0.614226460456848,5.0,7.0,0
480,1,0.343410015106201,2.0,4.0,0
481,3,0.785520017147064,4.0,4.0,1
482,4,0.343410015106201,4.0,5.0,1
483,4,0.440597921609879,4.0,5.12973356246948,0
484,3,0.315829992294312,2.0,2.0,0
485,5,0.532429993152618,4.0,4.0,0
486,3,0.320780009031296,3.0,3.55216407775879,1
487,1,0.336679995059967,6.0,5.0,0
488,4,0.394959986209869,7.0,3.0,1
489,4,0.390350013971329,4.0,5.3794093132019,0
490,1,0.793409943580627,3.0,4.0,0
491,3,0.673849999904633,5.0,4.0,0
492,5,0.400240004062653,4.0,4.0,0
493,5,0.614226460456848,6.0,5.0,0
494,5,0.532429993152618,5.0,6.0,1
495,4,0.408399999141693,2.0,5.39483499526978,0
496,3,0.343410015106201,5.0,5.84737157821655,0
497,1,0.644749999046326,6.0,6.0,0
498,3,0.8400399684906,4.0,2.82432961463928,1
499,3,0.457893252372742,5.0,4.0,1
500,3,0.417619258165359,2.0,7.0,1
501,3,0.464700013399124,5.0,4.0,1
502,3,0.581430017948151,5.0,5.0,0
503,3,0.312420010566711,3.0,3.81921172142029,1
504,3,0.320780009031296,1.0,4.72652769088745,1
505,3,0.408600002527237,1.0,3.62026047706604,1
506,4,0.267989993095398,4.0,5.0,1
507,5,0.267989993095398,2.0,4.0608172416687,1
508,3,0.785520017147064,3.0,2.0,0
509,2,0.427269995212555,2.0,6.0,0
510,5,0.408399999141693,1.18321752548218,3.0,0
511,3,0.394959986209869,3.0,4.0,1
512,5,0.267989993095398,6.0,4.0,0
513,3,0.614226460456848,7.0,5.0,0
514,5,0.518409967422485,5.0,7.0,0
515,3,0.84213000535965,3.0,2.0,1
516,4,0.312420010566711,1.0,4.0,1
517,5,0.312420010566711,2.0,4.0,1
518,3,0.394959986209869,2.0,4.0,1
519,4,0.609759986400604,5.0,4.0,1
520,5,0.468820005655289,2.11964464187622,4.0,1
521,4,0.385200023651123,3.0,4.0,0
522,4,1.13774001598358,2.0,3.0,0
523,3,0.532429993152618,7.0,6.0,0
524,3,0.614226460456848,2.0,4.0,0
525,4,0.644749999046326,3.0,4.0,1
526,4,0.320780009031296,2.0,1.43247222900391,1
527,5,0.609759986400604,2.0,5.51011657714844,1
528,4,0.343410015106201,3.0,5.0,0
529,4,0.662460029125214,4.0,3.0,0
530,5,0.600469946861267,3.0,4.0,1
531,2,0.320780009031296,1.0,2.0,0
532,2,0.312420010566711,3.0,4.0,0
533,4,0.62365996837616,1.0,4.0,0
534,3,0.600469946861267,6.30257844924927,4.0,1
535,3,0.614226460456848,5.0,4.0,0
536,3,0.227700740098953,5.0,2.83100843429565,1
537,3,0.189989998936653,2.0,6.0,1
538,3,0.408600002527237,1.0,3.0,1
539,3,0.401980012655258,5.0,3.82940196990967,1
540,3,0.261489987373352,5.0,6.0,1
541,5,0.511519968509674,2.0,3.23091673851013,0
542,4,0.407070010900497,3.0,4.0,1
543,3,0.311060339212418,6.0,4.59169292449951,1
544,5,0.532429993152618,6.0,6.0,1
545,3,0.461620002985001,5.0,4.67121648788452,0
546,3,0.486762195825577,4.0,5.0,1
547,1,0.671472132205963,2.0,3.04130482673645,0
548,3,0.335929989814758,5.0,4.0,0
549,4,0.343410015106201,2.0,2.0,1
550,4,0.614226460456848,1.0,2.0,0
551,4,0.614226460456848,1.0,2.0,0
552,3,0.8400399684906,7.0,6.0,0
553,4,0.487359970808029,2.0,3.0,0
554,4,0.532429993152618,7.0,4.0,1
555,4,0.464899986982346,2.0,5.2249698638916,0
556,4,0.408600002527237,3.0,4.0,0
557,3,0.401980012655258,5.0,5.0,0
558,4,0.701979994773865,3.0,3.51746153831482,0
559,3,0.387620002031326,5.0,7.0,1
560,1,0.312420010566711,2.0,6.0,1
561,3,0.312420010566711,5.0,4.0,1
562,5,0.600469946861267,7.0,2.0,0
563,5,0.532429993152618,7.0,6.0,0
564,3,0.408399999141693,1.0,3.0,0
565,4,0.511519968509674,1.0,7.0,0
566,3,0.662460029125214,6.0,4.0,0
567,5,0.364969998598099,6.0,2.8793203830719,1
568,3,0.343410015106201,5.0,5.38748598098755,0
569,1,0.656294763088226,3.0,2.0,1
570,3,0.511519968509674,4.0,5.57366609573364,0
571,4,0.673849999904633,4.0,5.40317630767822,1
572,4,0.315829992294312,7.0,4.0,0
573,3,0.427269995212555,7.0,2.0,0
574,4,0.343410015106201,2.0,5.0,1
575,3,0.408399999141693,3.0,5.0,1
576,3,0.315829992294312,3.0,4.0,1
577,5,0.539596259593964,6.0,6.0,1
578,3,0.401980012655258,4.0,5.0,0
579,5,0.408399999141693,4.0,4.0,1
580,5,0.401980012655258,1.0,3.66084933280945,1
581,4,0.288257867097855,3.0,4.0,0
582,5,0.292011886835098,6.0,5.0,1
583,5,0.315829992294312,4.0,4.0,0
584,5,0.394959986209869,5.0,6.0,1
585,3,0.461620002985001,6.0,5.0,0
586,4,0.189989998936653,2.0,4.3779501914978,1
587,4,0.302562892436981,1.0,2.0,1
588,5,0.398467570543289,1.0,4.0,1
589,3,0.673849999904633,5.0,5.0,1
590,4,0.511519968509674,4.0,6.3724193572998,0
591,3,0.387620002031326,6.0,5.0,0
592,3,0.592509984970093,2.0,4.0,0
593,3,0.267989993095398,4.0,4.0,1
594,5,0.785520017147064,6.0,6.0,0
595,3,0.36285999417305,2.0,1.45004844665527,1
596,5,0.408399999141693,5.0,6.0,0
597,4,0.267989993095398,6.0,7.0,1
598,1,0.350434333086014,5.0,4.0,1
599,5,0.614226460456848,6.0,5.0,1
600,5,0.401980012655258,3.0,4.15759325027466,1
601,3,0.903599977493286,6.0,4.0,0
602,4,0.407070010900497,3.0,6.0,1
603,2,0.457309991121292,6.0,4.42333602905273,0
604,2,0.644749999046326,5.0,4.0,0
605,4,0.62365996837616,7.0,6.0,0
606,4,0.267989993095398,2.0,7.0,1
607,3,0.414970010519028,5.0,2.0,0
608,4,0.50785905122757,6.0,5.0,0
609,3,0.609759986400604,7.0,4.58852529525757,1
610,3,0.785520017147064,1.0,4.0,1
611,4,0.903599977493286,6.0,3.0,0
612,1,0.609759986400604,3.0,6.0,1
613,5,0.62365996837616,2.0,4.0,0
614,3,0.257362097501755,2.51499557495117,0.737713575363159,1
615,3,0.400240004062653,1.0,2.0,1
616,4,0.614226460456848,7.0,6.0,1
617,5,0.614226460456848,2.0,4.0,0
618,4,0.518409967422485,1.0,4.0,0
619,1,0.785520017147064,5.0,4.0,0
620,5,0.614226460456848,6.0,3.0,1
621,4,0.427269995212555,3.0,4.40495014190674,0
622,3,0.521999061107635,5.0,4.0,1
623,5,0.267989993095398,4.0,4.0,0
624,3,0.903599977493286,4.0,4.0,0
625,5,0.688880026340485,6.0,4.0,1
626,5,0.312420010566711,6.0,4.0,1
627,3,0.532429993152618,1.0,5.0,0
628,4,0.673849999904633,6.0,4.0,1
629,3,0.309140026569366,4.0,5.93531608581543,0
630,3,0.785520017147064,6.0,5.0,1
631,4,0.600469946861267,5.0,7.0,1
632,5,0.221289843320847,1.0,4.0,1
633,4,0.487359970808029,5.0,4.9804892539978,0
634,4,0.560933232307434,5.0,3.0,0
635,4,0.785520017147064,6.0,7.0,0
636,1,0.644749999046326,3.0,2.0,0
637,1,0.309140026569366,5.0,5.0,0
638,4,0.673849999904633,3.0,2.0,0
639,5,0.532429993152618,2.0,1.96779584884644,0
640,5,0.315829992294312,1.0,4.28234386444092,1
641,3,0.440597921609879,4.0,7.0,0
642,3,0.343410015106201,5.0,6.0,1
643,3,0.320780009031296,2.0,4.43929719924927,1
644,5,0.364969998598099,1.0,6.0,1
645,5,0.661948442459106,2.0,1.0,1
646,4,0.519009828567505,5.0,5.0,1
647,3,0.464700013399124,5.0,4.91514539718628,1
648,3,0.487359970808029,7.0,6.7803316116333,0
649,3,0.461620002985001,7.0,4.0,0
650,5,0.315829992294312,1.0,7.0,0
651,2,0.84213000535965,3.0,1.0,1
652,3,0.314452230930328,3.0,3.89386129379272,1
653,3,0.600469946861267,6.0,4.0,1
654,3,0.487359970808029,4.0,5.0,0
655,3,0.487359970808029,1.0,4.0,0
656,3,0.785520017147064,6.0,4.0,0
657,4,0.343410015106201,3.0,4.0,1
658,5,0.774982333183289,6.0,6.0,1
659,3,0.387620002031326,4.0,1.89278388023376,1
660,5,0.614226460456848,6.0,5.0,1
661,3,0.343410015106201,2.0,3.0,0
662,5,0.315829992294312,2.0,4.0,0
663,5,0.785520017147064,7.0,5.0,0
664,3,0.532429993152618,6.0,4.0,1
665,1,0.635304033756256,7.0,6.0,1
666,3,0.903599977493286,2.0,3.0,0
667,3,0.343410015106201,5.0,6.0,0
668,3,0.261489987373352,3.0,2.51877307891846,1
669,3,0.688880026340485,5.0,3.0,1
670,4,0.400240004062653,5.0,5.69054698944092,1
671,3,0.65021002292633,2.0,3.0,1
672,3,0.506669819355011,4.0,5.21563911437988,1
673,3,0.560619652271271,1.0,3.0,1
674,3,0.785520017147064,3.0,2.0,1
675,3,0.401980012655258,4.0,4.0,0
676,3,0.390350013971329,2.0,6.0,0
677,3,0.026164960116148,6.0,5.26210308074951,1
678,3,0.785520017147064,6.0,6.0,0
679,3,0.84213000535965,2.0,3.0,1
680,1,0.320780009031296,1.0,4.0,1
681,4,0.0316915735602379,2.0,3.0,0
682,3,0.785520017147064,3.0,3.0,0
683,3,0.461620002985001,1.0,2.63447594642639,1
684,3,0.511519968509674,7.0,7.0,0
685,3,0.36285999417305,3.0,5.0,1
686,4,0.793409943580627,2.0,2.0,1
687,3,0.477019995450974,1.0,4.0,0
688,3,0.614226460456848,5.0,5.0,0
689,3,0.381099998950958,-0.357584923505783,1.67144370079041,1
690,4,0.367390006780624,2.0,4.0,0
691,2,0.644749999046326,2.0,4.0,0
692,3,0.600469946861267,5.0,6.0,0
693,3,0.408399999141693,4.0,4.0,1
694,3,0.600469946861267,2.0,4.0,1
695,5,0.614226460456848,4.0,4.0,0
696,5,0.614226460456848,6.0,4.4210000038147,0
697,4,0.487790405750275,5.0,4.0,1
698,5,0.318367272615433,6.0,4.0,1
699,4,0.475648939609528,1.0,5.5469856262207,1
700,2,0.267989993095398,2.0,2.65048670768738,1
701,2,0.394959986209869,2.0,3.0,1
702,2,0.407070010900497,5.0,2.49910163879395,1
703,3,0.394959986209869,5.0,3.0,1
704,3,0.394959986209869,3.0,3.0,1
705,4,0.785520017147064,6.0,6.0,0
706,5,0.487359970808029,7.0,3.0,0
707,5,0.404377937316895,3.0,4.0,1
708,5,0.401980012655258,1.0,1.0,0
709,3,0.343410015106201,5.0,3.0,1
710,4,0.8400399684906,3.0,4.0,0
711,4,0.785520017147064,2.0,4.0,0
712,5,0.592509984970093,4.0,6.0,0
713,4,0.417596906423569,6.0,4.0,1
714,5,0.785520017147064,6.0,4.0,0
715,5,0.394959986209869,2.0,4.0,1
716,3,0.84213000535965,3.0,3.0,0
717,3,0.394959986209869,5.54289484024048,5.21801233291626,1
718,4,0.628077983856201,7.0,5.0,1
719,5,0.494225233793259,6.0,4.49646711349487,1
720,3,0.312420010566711,2.0,5.0,1
721,3,0.359252244234085,3.0,3.73452687263489,1
722,4,0.446730017662048,2.0,4.0,0
723,3,0.581430017948151,2.0,3.0,0
724,3,0.609759986400604,1.0,2.0,1
725,4,0.394959986209869,2.0,3.37191009521484,1
726,3,0.688880026340485,4.0,4.0,1
727,5,0.511519968509674,1.0,6.0,0
728,3,0.688880026340485,1.0,2.0,0
729,3,0.644749999046326,4.0,3.0,0
730,5,0.592509984970093,4.0,4.0,0
731,5,0.320780009031296,2.0,3.26285624504089,1
732,5,0.785520017147064,6.0,6.0,0
733,4,0.600469946861267,5.0,3.0,1
734,4,0.511519968509674,6.0,6.0,0
735,3,0.903599977493286,6.0,5.0,0
736,3,0.785520017147064,1.0,2.0,1
737,3,0.532429993152618,3.0,1.0,0
738,3,0.65021002292633,4.0,4.0,1
739,5,0.614226460456848,2.0,3.0,1
740,5,0.511519968509674,1.0,7.0,0
741,1,0.218387693166733,5.0,3.47313857078552,1
742,4,0.440597921609879,3.0,4.58781814575195,0
743,3,0.267989993095398,6.0,4.0,1
744,3,0.785520017147064,2.0,4.0,1
745,5,0.692411422729492,2.0,4.0,1
746,3,1.13774001598358,3.0,4.0,0
747,3,0.320780009031296,6.0,7.8465256690979,1
748,5,0.532429993152618,1.0,4.0,1
749,5,0.600469946861267,5.0,6.0,1
750,1,0.785520017147064,5.0,5.0,0
751,3,0.785520017147064,5.0,5.0,1
752,3,0.556646347045898,3.0,3.83575582504272,1
753,5,0.688880026340485,6.0,5.0,0
754,2,0.400240004062653,2.0,4.0,1
755,3,0.688880026340485,5.0,5.0,1
756,5,0.673849999904633,6.0,5.0,1
757,3,0.407070010900497,7.0,5.0,1
758,3,0.785520017147064,5.0,6.0,1
759,4,1.10091006755829,6.0,5.0,0
760,4,0.401980012655258,7.0,2.0,0
761,5,0.600469946861267,6.0,5.0,0
762,3,0.614226460456848,2.0,5.0,0
763,3,0.343410015106201,1.0,3.0,1
764,3,0.75911033153534,1.0,2.0,1
765,5,0.785520017147064,7.0,5.0,1
766,5,0.609759986400604,5.0,4.0,1
767,2,0.65021002292633,3.0,2.0,0
768,2,1.13774001598358,1.0,2.0,0
769,3,0.407070010900497,4.0,3.31329798698425,1
770,4,0.3887699842453,2.0,4.0,0
771,4,0.65021002292633,5.0,6.0,0
772,4,0.903599977493286,4.0,4.0,0
773,2,0.406390011310577,2.0,1.00460040569305,1
774,3,0.357941329479218,1.0,2.0,1
775,2,0.609759986400604,2.0,2.0,1
776,5,0.592509984970093,7.0,7.01957559585571,0
777,3,0.688880026340485,3.0,5.0,1
778,5,0.701979994773865,5.0,5.0,0
779,2,1.10091006755829,1.0,1.0,1
780,5,0.408600002527237,2.0,3.42028427124023,1
781,1,0.414970010519028,5.0,6.0,0
782,4,0.364969998598099,6.0,4.0,1
783,4,0.673849999904633,4.0,4.0,1
784,4,0.267989993095398,1.0,5.0,1
785,5,0.477019995450974,6.0,2.0,0
786,5,0.309140026569366,5.0,5.0,0
787,3,0.394959986209869,2.0,2.0,1
788,4,0.592509984970093,1.0,3.67738175392151,0
789,3,0.785520017147064,2.0,5.35192012786865,0
790,4,0.785520017147064,6.0,3.0,1
791,5,0.52087539434433,1.0,2.57998585700989,1
792,3,0.644749999046326,1.0,4.0,1
793,3,0.785520017147064,4.0,4.0,0
794,2,0.320780009031296,7.0,6.0,1
795,3,0.679231524467468,2.0,4.0,1
796,5,0.407070010900497,1.0,5.0,1
797,5,0.600469946861267,1.0,4.0,1
798,4,0.600469946861267,6.0,4.0,1
799,3,0.407070010900497,4.0,4.0,1
800,2,0.688880026340485,5.0,5.0,1
801,2,0.320780009031296,1.0,6.0,1
802,2,0.588622570037842,6.0,5.0,1
803,5,0.785520017147064,1.0,4.0,0
804,5,0.62365996837616,5.0,4.0,0
805,3,0.320780009031296,5.0,4.56063985824585,1
806,5,0.340220004320145,7.0,4.0,1
807,5,0.785520017147064,1.0,2.0,0
808,1,0.532429993152618,7.0,4.0,0
809,3,0.614226460456848,2.0,2.0,1
810,2,0.261489987373352,3.0,2.66893219947815,1
811,4,0.532429993152618,1.0,2.0,0
812,3,0.400240004062653,5.0,4.0,1
813,5,0.785520017147064,7.0,5.0,0
814,2,0.320780009031296,1.0,2.0,0
815,3,0.328473567962646,4.0,4.0,1
816,4,0.267989993095398,1.0,3.0,1
817,3,0.386619985103607,5.0,4.0,0
818,3,0.427269995212555,6.0,5.0,1
819,3,0.132970705628395,6.0,3.12591671943665,1
820,4,0.394959986209869,5.0,4.0,1
821,3,0.644749999046326,7.0,6.0,1
822,4,0.408399999141693,2.0,4.0,0
823,4,0.461620002985001,5.0,4.0,0
824,3,0.785520017147064,7.0,6.37699127197266,0
825,1,0.429800182580948,1.0,5.0,1
826,3,0.46580970287323,3.0,4.0,1
827,5,0.532429993152618,1.0,7.04178857803345,0
828,4,0.785520017147064,4.0,5.0,0
829,3,0.609759986400604,7.0,5.0,0
830,3,0.785520017147064,7.0,5.0,0
831,5,0.57738322019577,6.0,4.0,1
832,1,0.84213000535965,2.0,1.0,1
833,1,0.581430017948151,2.0,4.19772291183472,1
834,5,0.408600002527237,2.0,1.0,1
835,3,0.394959986209869,3.0,3.19109487533569,1
836,4,0.807094752788544,7.0,6.0,1
837,4,0.312420010566711,3.0,4.32284069061279,1
838,3,0.461620002985001,2.0,2.67043399810791,0
839,4,0.673849999904633,4.0,2.0,1
840,5,0.309140026569366,7.0,5.0,0
841,5,0.390350013971329,1.0,6.0,0
842,5,0.785520017147064,7.0,4.0,0
843,3,0.427269995212555,7.0,5.0,1
844,3,0.673849999904633,6.0,5.0,1
845,5,0.412963688373566,4.0,2.0,0
846,5,0.785520017147064,5.0,5.0,0
847,5,0.785520017147064,1.0,3.0,0
848,3,0.600469946861267,1.0,2.0,1
849,3,0.343410015106201,6.0,4.0,1
850,3,0.267989993095398,3.0,4.0,1
851,4,0.520840048789978,3.0,5.0,0
852,5,0.511519968509674,4.0,4.0,0
853,4,0.401980012655258,4.0,6.0,0
854,3,0.592509984970093,7.0,6.0,0
855,5,0.62978994846344,4.0,5.18206071853638,0
856,3,0.261489987373352,3.0,4.07417964935303,1
857,3,0.351714789867401,3.0,2.90618681907654,1
858,3,0.688880026340485,3.0,3.56826043128967,1
859,3,0.460534811019897,2.0,5.0,1
860,4,0.609759986400604,7.0,6.0,1
861,4,0.62365996837616,4.0,6.0,0
862,3,0.527765572071075,2.0,4.75979852676392,1
863,3,0.401980012655258,1.0,3.0,0
864,3,0.673849999904633,4.0,5.0,0
865,4,0.343410015106201,7.0,4.0,1
866,5,0.529449999332428,1.0,2.0,1
867,5,0.400240004062653,1.0,4.0,1
868,3,0.322671890258789,2.0,5.0,0
869,2,0.785520017147064,2.0,3.0,1
870,3,0.614226460456848,6.0,4.0,0
871,4,0.320780009031296,3.0,1.0,1
872,3,0.755437135696411,2.0,2.69797778129578,1
873,4,0.532429993152618,3.0,4.0,0
874,3,0.446730017662048,7.0,4.0,0
875,5,0.65021002292633,1.0,4.0,0
876,3,0.688880026340485,7.0,5.0,0
877,5,0.464700013399124,3.0,3.28601837158203,1
878,3,0.688880026340485,6.0,6.0,1
879,3,0.446730017662048,5.0,5.0,0
880,4,0.320780009031296,3.0,3.38284587860107,1
881,3,0.785520017147064,1.0,4.0,0
882,3,1.13774001598358,3.0,3.0,0
883,5,0.408600002527237,1.0,5.05861520767212,1
884,3,0.644749999046326,5.0,5.0,0
885,3,0.312420010566711,3.0,4.45470857620239,1
886,4,0.158909603953362,5.0,4.0,0
887,4,0.414970010519028,1.0,4.0,0
888,3,0.511519968509674,4.0,4.0,0
889,4,0.600469946861267,6.0,3.5437183380127,0
890,3,0.536454796791077,4.0,4.0,1
891,4,0.394959986209869,2.0,4.0,1
892,3,0.903599977493286,7.0,4.0,0
893,4,0.673849999904633,7.0,7.0,0
894,2,0.600469946861267,3.0,2.0,1
895,4,0.267989993095398,4.0,3.97210907936096,1
896,3,1.10091006755829,3.0,2.0,0
897,3,0.62365996837616,1.0,4.0,0
898,3,0.785520017147064,6.0,5.0,0
899,4,0.614287912845612,4.0,3.0,1
900,5,0.592509984970093,7.0,7.0,0
901,4,0.477019995450974,4.0,5.98841524124146,0
902,4,0.401980012655258,4.0,5.93901443481445,1
903,3,0.600469946861267,1.0,2.0,1
904,3,0.62365996837616,7.0,6.0,0
905,3,0.267989993095398,2.0,2.9765202999115,1
906,4,0.662460029125214,5.0,6.0,0
907,5,0.461620002985001,3.0,4.73839426040649,0
908,3,0.62365996837616,6.0,4.0,0
909,3,0.460766106843948,4.0,3.0,1
910,2,0.477019995450974,6.0,3.0,0
911,3,0.487359970808029,2.0,4.64277315139771,0
912,5,0.600469946861267,2.0,2.0,1
913,5,0.390350013971329,3.0,5.36110782623291,0
914,3,0.673849999904633,1.0,2.0,0
915,5,0.640781223773956,6.0,4.0,1
916,4,0.499779343605042,2.0,5.04529047012329,1
917,3,0.464700013399124,1.0,4.0,1
918,4,0.662460029125214,4.0,5.0,0
919,4,0.614226460456848,6.0,5.0,1
920,5,0.464899986982346,1.0,4.0,0
921,3,0.401980012655258,2.0,3.0,0
922,2,0.903599977493286,2.0,4.0,0
923,1,0.609759986400604,6.0,5.0,1
924,3,0.673849999904633,6.0,3.0,1
925,4,0.785520017147064,2.0,2.0,0
926,5,0.401980012655258,3.0,4.71786022186279,0
927,4,0.312420010566711,3.0,2.0,1
928,4,0.785520017147064,2.0,3.8185887336731,1
929,3,0.320780009031296,1.0,7.0,1
930,1,0.267989993095398,1.0,2.0,0
931,3,0.688880026340485,2.0,5.0,1
932,3,0.394959986209869,2.0,3.0,1
933,4,0.592509984970093,6.0,5.0,0
934,4,0.394959986209869,4.0,5.34845113754272,1
935,3,0.673849999904633,5.0,5.0,0
936,5,0.614226460456848,4.0,5.75803184509277,1
937,4,0.65021002292633,4.0,3.0,0
938,3,0.464700013399124,7.0,5.0,1
939,3,0.394959986209869,3.0,3.0,1
940,3,0.487359970808029,3.0,5.0,0
941,4,0.427269995212555,1.56566023826599,3.63748359680176,1
942,3,0.65021002292633,3.0,2.0,0
943,3,0.400240004062653,2.0,4.0,0
944,4,0.532429993152618,2.0,3.18223810195923,0
945,5,0.267989993095398,4.0,2.0,1
946,3,0.265219986438751,5.0,4.0,0
947,3,0.673849999904633,2.0,5.0,0
948,4,0.427269995212555,5.0,5.0,0
949,3,0.464899986982346,1.0,5.0,1
950,3,0.315829992294312,1.0,5.0,1
951,5,0.511519968509674,5.0,4.75885963439941,0
952,3,0.340220004320145,6.0,6.89856004714966,0
953,5,0.151615083217621,4.0,4.26280927658081,1
954,3,0.356948524713516,4.0,2.0,1
955,4,0.3887699842453,5.0,2.0,0
956,3,0.461620002985001,1.0,5.0,0
957,3,0.793409943580627,3.0,3.0,0
958,3,0.407070010900497,3.0,4.0,1
959,5,0.785520017147064,3.0,1.0,1
960,3,0.673849999904633,2.0,4.0,1
961,3,0.320780009031296,6.0,5.0,1
962,4,0.84213000535965,4.0,5.0,0
963,3,0.343410015106201,2.0,4.0,1
964,4,0.464899986982346,6.02079439163208,3.50115537643433,1
965,2,0.343410015106201,2.0,4.0,1
966,5,0.688880026340485,3.0,4.0,1
967,3,0.394959986209869,4.0,3.97953104972839,1
968,5,0.614226460456848,3.0,5.50510215759277,0
969,5,0.408399999141693,1.0,2.0,1
970,3,0.614226460456848,3.0,4.0,1
971,5,0.461620002985001,5.0,4.0,0
972,3,0.554013967514038,5.0,6.0,0
973,3,0.614226460456848,3.0,4.0,0
974,3,0.394959986209869,4.0,4.0,1
975,4,0.320780009031296,1.0,5.0,1
976,2,0.600469946861267,3.0,1.0,0
977,3,0.267989993095398,7.0,3.80836868286133,0
978,4,0.413259595632553,1.0,2.68213129043579,1
979,2,0.623979806900024,3.0,3.0,1
980,5,0.600469946861267,4.0,4.0,1
981,3,0.343410015106201,3.0,2.66378688812256,1
982,5,0.369098246097565,4.0,3.09501767158508,1
983,3,0.414970010519028,5.0,5.0,0
984,4,0.394959986209869,4.0,6.05101776123047,1
985,3,0.537585854530334,3.0,5.0,1
986,3,0.320780009031296,1.0,1.28272461891174,1
987,3,0.903599977493286,5.0,5.0,0
988,5,0.335929989814758,6.0,2.0,0
989,5,0.461620002985001,2.0,4.0,0
990,4,0.222702503204346,7.0,6.0,1
991,4,0.477019995450974,1.0,2.0,0
992,5,0.343410015106201,1.0,5.0,1
993,5,0.551801562309265,2.0,4.0,1
994,3,0.777340054512024,1.0,2.0,1
995,4,0.8400399684906,4.0,4.0,0
996,4,0.701979994773865,4.0,3.0,1
997,5,0.394959986209869,3.0,4.0,1
998,5,0.785520017147064,2.0,2.0,0
999,3,0.8400399684906,5.0,4.0,0
1000,4,0.387620002031326,2.0,3.0,1
1001,4,0.600469946861267,3.0,4.0,0
1002,3,0.320780009031296,3.0,1.0,0
1003,5,0.457309991121292,2.0,2.81412506103516,0
1004,5,0.352994054555893,7.0,3.98159193992615,1
1005,4,0.320780009031296,5.0,5.73258590698242,1
1006,3,0.785520017147064,2.0,3.07633805274963,1
1007,3,0.343410015106201,1.0,4.34022092819214,1
1008,3,0.401980012655258,3.0,2.0,0
1009,1,0.343410015106201,6.0,5.92454433441162,1
1010,3,0.785520017147064,2.0,3.0,0
1011,2,0.315829992294312,1.0,4.0,1
1012,4,0.394959986209869,4.0,2.59261274337769,1
1013,2,0.600469946861267,1.0,2.09480857849121,1
1014,5,0.688880026340485,4.0,7.0,1
1015,2,0.518409967422485,2.0,2.0,1
1016,3,0.701979994773865,7.0,7.0,0
1017,5,0.309140026569366,5.0,2.52533602714539,0
1018,5,0.600469946861267,2.0,6.0,0
1019,1,0.600469946861267,3.0,4.0,1
1020,3,0.189989998936653,1.0,2.0,1
1021,4,0.315829992294312,1.0,2.0,1
1022,2,0.487359970808029,6.0,4.0,0
1023,4,0.343410015106201,1.0,2.0,1
1024,3,0.461620002985001,6.0,4.0,0
1025,3,0.673849999904633,1.0,3.0,1
1026,3,0.416694968938828,2.0,4.0,1
1027,3,0.673849999904633,2.0,4.0,0
1028,3,0.609759986400604,7.0,5.0,1
1029,3,0.193326205015182,3.0,3.0,1
1030,4,0.614226460456848,2.0,5.0,1
1031,2,0.387620002031326,4.0,4.0,0
1032,1,0.320780009031296,3.0,3.0,0
1033,4,0.517017245292664,2.0,4.0,1
1034,3,0.545379996299744,1.0,4.0,0
1035,5,0.401980012655258,4.0,5.0,1
1036,5,0.628267347812653,7.0,6.0,0
1037,1,0.181255176663399,2.0,3.4393196105957,1
1038,5,0.189989998936653,2.01444625854492,6.17034769058228,1
1039,4,0.464700013399124,4.0,3.0,1
1040,4,0.609759986400604,5.0,6.0,1
1041,5,0.394959986209869,7.0,7.0,1
1042,4,0.340220004320145,1.0,3.0,0
1043,3,0.614226460456848,5.0,4.0,0
1044,4,0.785520017147064,3.0,4.0,0
1045,5,0.408600002527237,1.0,5.08981418609619,1
1046,2,0.320780009031296,7.0,6.0,1
1047,5,0.461620002985001,1.0,3.92726302146912,0
1048,2,0.609759986400604,7.0,4.0,1
1049,3,0.39943727850914,3.0,6.0,1
1050,4,0.65021002292633,6.0,4.0,1
1051,4,0.547326922416687,7.0,7.0,0
1052,5,0.414970010519028,4.0,5.0,0
1053,3,0.414970010519028,6.0,3.44617319107056,0
1054,4,0.614226460456848,5.0,4.62293863296509,1
1055,3,0.407070010900497,3.0,4.0583233833313,1
1056,2,0.29844069480896,7.0,4.0,1
1057,5,0.785520017147064,5.0,5.0,1
1058,5,0.785520017147064,7.0,7.0,0
1059,5,0.532429993152618,2.0,4.0,0
1060,3,0.673849999904633,1.0,4.0,0
1061,4,0.65021002292633,2.0,6.0,1
1062,5,0.511519968509674,4.0,6.0,0
1063,5,0.414970010519028,1.0,4.0,0
1064,4,0.407070010900497,7.0,6.0,0
1065,3,0.408399999141693,2.0,7.0,1
1066,3,0.600469946861267,2.0,2.0,1
1067,4,0.532429993152618,1.0,6.0,1
1068,4,0.785520017147064,6.0,6.0,0
1069,1,0.309140026569366,1.0,4.0,0
1070,2,0.673849999904633,4.0,4.0,1
1071,3,0.464700013399124,7.0,7.0,1
1072,4,0.400240004062653,6.0,5.0,1
1073,4,0.785520017147064,2.0,4.16432857513428,0
1074,4,0.785520017147064,6.0,4.0,0
1075,3,0.688880026340485,6.0,5.0,1
1076,3,0.785520017147064,7.0,6.0,0
1077,4,0.339776456356049,1.0,5.0,1
1078,3,0.592509984970093,5.0,6.0,0
1079,5,0.407070010900497,1.0,5.0,0
1080,3,0.3577840924263,2.0,6.0,1
1081,3,0.464700013399124,6.0,3.0,1
1082,5,0.673849999904633,7.0,4.0,1
1083,3,0.320780009031296,7.0,6.0,0
1084,3,0.406390011310577,5.0,5.0,1
1085,5,0.518409967422485,6.0,4.0,1
1086,5,0.427269995212555,4.0,3.68232798576355,0
1087,4,0.8400399684906,2.0,5.0,1
1088,5,0.673849999904633,3.0,4.0,0
1089,4,0.265219986438751,3.0,2.0,0
1090,4,0.785520017147064,2.0,3.0,0
1091,4,0.785520017147064,5.0,6.40460538864136,1
1092,4,0.701979994773865,6.0,4.0,1
1093,4,0.614226460456848,3.0,4.0,1
1094,3,0.511519968509674,5.0,3.0,0
1095,3,0.511519968509674,7.0,6.0,0
1096,3,0.390350013971329,6.0,5.55123472213745,0
1097,3,0.785520017147064,1.0,2.0,1
1098,3,0.785520017147064,6.0,5.0,0
1099,3,0.600469946861267,2.0,2.0,1
1100,4,0.701979994773865,3.0,1.0,1
1101,4,0.688880026340485,3.0,4.0,1
1102,3,0.400240004062653,4.0,4.0,1
1103,3,0.623320877552032,2.0,2.0,0
1104,5,0.511519968509674,4.0,4.0,0
1105,3,0.614226460456848,4.0,5.0,0
1106,4,0.614226460456848,6.0,5.0,0
1107,4,0.697481691837311,3.0,5.0,0
1108,3,0.219824627041817,1.0,2.82282257080078,1
1109,3,0.575664699077606,5.0,7.0,1
1110,4,0.785520017147064,2.0,4.0,1
1111,3,0.785520017147064,5.0,4.0,0
1112,3,0.261489987373352,1.0,4.68440103530884,1
1113,1,0.261489987373352,1.0,2.68645429611206,1
1114,3,0.477019995450974,4.0,4.0,0
1115,3,0.320780009031296,5.0,4.0,1
1116,4,0.511519968509674,2.0,5.0,0
1117,3,0.614226460456848,6.0,6.0,0
1118,3,0.614226460456848,6.0,6.0,1
1119,3,0.614226460456848,5.0,3.0,0
1120,3,0.600469946861267,7.0,7.0,1
1121,4,0.315829992294312,3.0,2.0,0
1122,3,0.903599977493286,6.0,5.0,0
1123,5,0.400240004062653,6.0,4.0,1
1124,5,0.343410015106201,1.0,3.0,1
1125,4,0.662460029125214,7.0,5.0,0
1126,1,0.777340054512024,3.0,2.0,1
1127,4,0.407070010900497,3.0,5.0,1
1128,3,0.343410015106201,1.0,4.0,0
1129,5,0.390350013971329,7.0,5.62756013870239,0
1130,3,0.520909309387207,2.0,4.0,1
1131,3,0.335929989814758,5.0,5.0,0
1132,3,0.407070010900497,3.0,5.0,1
1133,5,0.614226460456848,6.0,4.0,0
1134,3,0.184227809309959,6.0,5.26853132247925,1
1135,5,0.400240004062653,5.0,5.43729162216187,1
1136,4,0.270607680082321,1.0,4.0,1
1137,3,0.600469946861267,4.0,4.96018409729004,1
1138,5,0.600469946861267,1.0,5.0,1
1139,5,0.62365996837616,3.0,4.0,0
1140,3,0.477019995450974,5.0,3.0,0
1141,4,0.785520017147064,4.0,4.0,0
1142,3,0.673849999904633,2.0,3.0,0
1143,4,0.315829992294312,4.0,5.0,0
1144,2,0.189989998936653,1.0,3.0,1
1145,5,0.532429993152618,6.0,3.0,0
1146,4,0.400240004062653,7.0,7.0,1
1147,5,0.400240004062653,6.0,3.0,1
1148,5,0.477019995450974,1.0,2.3981614112854,0
1149,3,0.305387228727341,7.0,4.57209491729736,1
1150,3,0.386619985103607,3.0,5.53643321990967,0
1151,3,0.487359970808029,2.0,6.0,0
1152,3,0.401980012655258,2.0,4.0,0
1153,3,0.785520017147064,1.0,3.0,0
1154,4,0.487359970808029,2.0,2.0,0
1155,4,0.552335441112518,3.0,4.75357723236084,1
1156,3,0.600469946861267,2.0,2.88738512992859,1
1157,4,0.407070010900497,6.0,5.0,1
1158,3,0.414970010519028,7.0,4.0,0
1159,4,0.335929989814758,3.0,5.0,0
1160,4,0.343410015106201,1.0,2.0,1
1161,3,0.62365996837616,1.0,2.0,0
1162,3,0.367390006780624,4.0,4.07343530654907,0
1163,1,0.267989993095398,1.0,3.94098567962646,1
1164,5,0.461620002985001,1.0,1.0,0
1165,4,0.592509984970093,4.0,5.71417999267578,0
1166,3,0.265219986438751,2.0,2.39824962615967,0
1167,3,0.532539963722229,1.0,4.0,0
1168,3,0.606409788131714,3.0,4.0,1
1169,4,0.811451494693756,4.0,3.0,1
1170,3,0.785520017147064,6.0,4.49413347244263,1
1171,3,0.340220004320145,2.0,2.82776594161987,1
1172,3,0.673849999904633,1.0,4.0,1
1173,5,0.267989993095398,1.0,3.0,0
1174,3,0.446730017662048,1.0,2.0,1
1175,3,0.427269995212555,1.0,3.0,0
1176,5,0.265219986438751,1.0,4.0,1
1177,4,0.785520017147064,3.0,4.0,1
1178,4,0.532429993152618,6.0,4.0,0
1179,5,0.614226460456848,5.0,7.0,0
1180,5,0.785520017147064,6.0,5.0,1
1181,4,0.464700013399124,6.0,5.0,1
1182,3,0.688880026340485,3.0,4.0,0
1183,5,0.518409967422485,3.0,4.0,1
1184,4,0.427269995212555,2.0,5.0,0
1185,4,0.309969514608383,6.0,4.33082485198975,1
1186,5,0.400240004062653,1.0,3.0,1
1187,4,0.427269995212555,1.0,5.0,0
1188,3,0.65021002292633,1.0,3.0,1
1189,2,0.581430017948151,2.0,5.0,0
1190,3,0.414970010519028,6.0,5.62126684188843,0
1191,5,0.414970010519028,7.0,6.0,0
1192,2,0.267989993095398,3.0,6.0,1
1193,4,0.364969998598099,2.0,3.0,1
1194,5,0.394959986209869,3.0,4.0,1
1195,3,0.407070010900497,3.0,1.64495313167572,1
1196,3,0.614226460456848,3.0,5.25106573104858,0
1197,4,0.439313650131226,2.0,4.94880771636963,1
1198,4,0.440597921609879,4.0,5.11251640319824,0
1199,4,0.62365996837616,1.0,4.0,0
1200,3,0.394959986209869,2.0,4.0,1
1201,5,0.511519968509674,2.0,5.84215354919434,0
1202,4,0.343410015106201,4.0,4.0,1
1203,2,0.267989993095398,1.0,1.0,0
1204,3,0.62365996837616,6.0,4.0,0
1205,3,0.277874290943146,2.0,3.62104797363281,1
1206,3,0.394959986209869,1.0,2.0,1
1207,5,0.341296195983887,3.0,4.0,1
1208,3,0.52778035402298,6.0,6.0,1
1209,3,0.785520017147064,2.0,6.0,0
1210,2,0.532539963722229,5.0,6.0,0
1211,3,0.903599977493286,7.0,6.0,0
1212,3,0.487359970808029,1.0,3.16951274871826,0
1213,5,0.312420010566711,3.0,5.0,1
1214,3,0.529449999332428,1.0,2.0,1
1215,3,0.315829992294312,3.0,3.53340411186218,1
1216,3,0.592509984970093,6.0,3.0,0
1217,3,0.368962943553925,1.71263861656189,5.16096115112305,1
1218,5,0.581430017948151,5.0,5.0,0
1219,5,0.320780009031296,4.0,4.0,1
1220,3,0.400240004062653,7.0,4.0,1
1221,5,0.315391063690186,1.0,3.0,1
1222,5,0.785520017147064,2.0,3.0,0
1223,3,0.785520017147064,4.0,3.69744873046875,0
1224,4,0.320780009031296,1.0,3.81774115562439,1
1225,5,0.343410015106201,7.0,5.0,1
1226,3,0.349567860364914,6.0,5.0,1
1227,1,0.595108866691589,7.0,5.46110200881958,1
1228,3,0.475032299757004,4.0,7.0,1
1229,4,0.528099238872528,7.0,5.0,1
1230,4,0.315829992294312,1.0,5.0,0
1231,1,0.343410015106201,2.0,2.0,1
1232,4,0.446730017662048,6.0,4.0,1
1233,4,0.320780009031296,2.0,4.73079347610474,1
1234,5,0.426508188247681,3.0,5.0,1
1235,2,0.408600002527237,7.0,7.0,1
1236,3,0.529449999332428,1.0,6.0,0
1237,4,0.394959986209869,1.0,2.0,1
1238,3,0.461620002985001,4.0,3.00378441810608,0
1239,3,0.265219986438751,1.0,4.9688401222229,1
1240,4,0.614226460456848,3.0,5.0,1
1241,3,0.344437599182129,4.0,6.36282587051392,1
1242,4,0.65021002292633,7.0,5.0,0
1243,4,0.30683645606041,2.0,1.26946127414703,1
1244,3,0.401980012655258,3.09741950035095,4.81203079223633,1
1245,4,0.451355427503586,7.0,6.0,1
1246,5,0.592509984970093,5.0,5.0,0
1247,4,0.62365996837616,4.0,2.55615520477295,0
1248,4,0.381099998950958,7.0,6.0,0
1249,4,0.511519968509674,6.0,4.0,0
1250,4,0.261489987373352,5.0,5.0,0
1251,1,0.38215759396553,7.0,4.0,1
1252,5,0.532429993152618,7.0,6.0,0
1253,3,0.518409967422485,2.0,3.0,1
1254,5,0.696053743362427,1.0,4.0,1
1255,4,0.3887699842453,2.0,3.0,0
1256,3,0.614226460456848,5.0,5.0,1
1257,3,0.343410015106201,3.0,4.0,1
1258,3,0.36285999417305,1.0,3.86406755447388,0
1259,3,0.267989993095398,4.0,5.65235710144043,1
1260,4,0.701979994773865,2.0,5.0,0
1261,5,0.785520017147064,2.0,2.0,0
1262,5,0.903599977493286,5.0,5.0,0
1263,5,0.401980012655258,2.0,4.0,1
1264,4,0.701979994773865,7.0,6.0,0
1265,5,0.189989998936653,1.0,2.0,1
1266,3,0.464043259620667,6.0,3.72933721542358,0
1267,2,0.407070010900497,1.0,4.0,1
1268,4,0.688880026340485,6.0,3.0,1
1269,4,0.320780009031296,2.0,1.57246768474579,1
1270,2,0.600469946861267,3.0,2.0,0
1271,4,0.520178377628326,4.0,4.0,0
1272,3,0.481878966093063,2.0,5.0,1
1273,4,0.267989993095398,5.0,6.0,1
1274,4,0.793409943580627,7.0,5.0,1
1275,2,0.518409967422485,3.0,3.0,1
1276,4,0.189989998936653,1.0,3.0,1
1277,5,0.335929989814758,1.0,3.0,1
1278,3,0.408399999141693,4.0,4.0,0
1279,4,0.785520017147064,5.0,5.0,0
1280,3,0.401980012655258,6.0,6.0,0
1281,1,0.440597921609879,6.0,4.0,0
1282,3,0.785520017147064,4.0,4.0,0
1283,3,0.688880026340485,7.0,4.0,1
1284,5,0.335929989814758,7.0,5.0,0
1285,5,0.267989993095398,4.0,4.0,1
1286,5,0.477019995450974,5.0,5.0,0
1287,3,0.701979994773865,7.0,6.0,0
1288,3,0.355544656515121,2.0,4.0,1
1289,3,0.701979994773865,4.0,3.75215911865234,0
1290,4,0.389861553907394,1.0,5.0,1
1291,4,0.903599977493286,5.0,6.0,0
1292,4,0.673849999904633,2.0,0.676270306110382,1
1293,4,0.511519968509674,6.0,4.0,0
1294,5,0.490233957767487,4.0,5.04488849639893,1
1295,5,0.265219986438751,6.0,4.0,0
1296,3,0.461620002985001,2.0,1.0,0
1297,5,0.785520017147064,7.0,4.0,0
1298,4,0.414970010519028,7.0,6.0,1
1299,3,0.903599977493286,7.0,5.0,0
1300,5,0.785520017147064,7.0,4.95178747177124,0
1301,3,0.688880026340485,6.0,5.0,0
1302,4,0.573216080665588,2.0,6.0,1
1303,4,0.332384765148163,2.0,3.66198492050171,1
1304,3,0.600469946861267,1.0,5.0,0
1305,3,0.461620002985001,1.0,2.0,0
1306,3,0.414970010519028,2.0,2.44585561752319,1
1307,3,0.777340054512024,2.0,3.0,1
1308,3,0.312420010566711,1.0,6.0,1
1309,5,0.261489987373352,1.0,6.0,1
1310,3,0.267989993095398,2.0,3.21184039115906,1
1311,4,0.408399999141693,6.0,4.0,0
1312,4,0.343410015106201,6.0,4.0,1
1313,4,0.315829992294312,1.0,5.0,1
1314,4,0.364969998598099,5.0,3.0,1
1315,5,0.457309991121292,6.0,3.71237850189209,0
1316,3,0.785520017147064,1.0,4.52901029586792,0
1317,3,0.186986967921257,7.0,5.79714059829712,1
1318,4,0.785520017147064,5.0,5.0,0
1319,3,0.449606776237488,3.0,4.0,1
1320,5,0.414970010519028,5.0,4.48778390884399,1
1321,5,0.401980012655258,5.0,2.99163722991943,0
1322,4,0.414970010519028,6.0,6.20542430877686,0
1323,3,0.189989998936653,3.0,3.44380927085876,1
1324,4,0.312420010566711,1.0,4.0,1
1325,3,0.62365996837616,2.0,4.0,0
1326,3,0.594172239303589,6.0,3.0,1
1327,5,0.367390006780624,2.0,4.0,0
1328,4,0.367390006780624,2.0,4.0,1
1329,5,0.315829992294312,2.0,5.62874889373779,1
1330,4,0.401980012655258,2.0,3.48160457611084,0
1331,4,0.271915525197983,6.0,6.21618795394897,1
1332,5,0.320780009031296,2.0,1.76974713802338,1
1333,2,0.518409967422485,2.0,3.0,1
1334,3,0.487359970808029,6.0,5.0,0
1335,4,0.267989993095398,2.0,3.0,0
1336,4,0.8400399684906,7.0,6.0,0
1337,5,0.785520017147064,4.0,4.90222835540771,1
1338,4,0.267989993095398,1.0,5.0,1
1339,3,0.511519968509674,6.0,5.0,0
1340,3,0.457309991121292,5.0,5.27914524078369,0
1341,3,0.394959986209869,3.0,3.0,1
1342,3,0.870388448238373,2.0,2.0,1
1343,5,0.261489987373352,5.0,3.4983537197113,1
1344,5,0.440597921609879,4.0,4.92986249923706,0
1345,5,0.201127722859383,7.0,4.0,1
1346,3,0.407070010900497,3.0,4.0,1
1347,5,0.394959986209869,4.0,4.0,1
1348,3,0.400240004062653,7.0,5.0,1
1349,5,0.511519968509674,2.0,4.0,0
1350,5,0.394959986209869,3.0,4.0,1
1351,4,0.367390006780624,1.0,4.0,1
1352,4,0.464899986982346,3.0,2.0,1
1353,3,0.394959986209869,4.0,4.0,1
1354,3,0.532429993152618,3.0,1.0,0
1355,3,0.343410015106201,4.0,5.0,0
1356,4,0.662460029125214,1.0,4.0,0
1357,5,0.464700013399124,3.0,5.0,1
1358,5,0.388742238283157,1.0,3.23302841186523,1
1359,5,0.407070010900497,7.0,6.0,0
1360,4,0.592509984970093,5.0,5.97722721099854,0
1361,4,0.785520017147064,6.0,3.0,0
1362,4,0.903599977493286,7.0,6.0,0
1363,3,0.343410015106201,3.0,5.0,0
1364,5,0.36285999417305,3.0,4.0,0
1365,5,0.320780009031296,2.0,4.0,1
1366,5,0.387620002031326,6.0,4.15601825714111,1
1367,3,0.265219986438751,5.38482809066772,4.04859733581543,0
1368,3,0.688880026340485,3.0,4.0,1
1369,5,0.477019995450974,3.0,1.8431384563446,0
1370,4,0.600469946861267,5.0,5.0,0
1371,5,0.427269995212555,6.0,6.0,1
1372,5,0.532429993152618,6.0,6.0,0
1373,5,0.464700013399124,1.0,6.0,1
1374,3,0.315829992294312,1.0,3.45104455947876,1
1375,3,0.785520017147064,6.0,3.0,1
1376,4,0.511519968509674,4.0,4.0,0
1377,5,0.614226460456848,7.0,6.0,0
1378,5,0.785520017147064,1.0,4.0,0
1379,4,0.58827418088913,1.0,4.0,1
1380,5,0.488050609827042,4.0,2.0,0
1381,4,0.600469946861267,6.0,7.0,0
1382,3,0.662460029125214,1.0,4.69380474090576,0
1383,5,0.62365996837616,3.0,4.0,0
1384,1,0.401980012655258,1.0,4.0,0
1385,3,0.394959986209869,2.0,5.0,1
1386,3,0.189989998936653,7.0,4.32063579559326,1
1387,4,0.315829992294312,4.0,3.09327697753906,0
1388,5,0.414970010519028,2.0,6.0,1
1389,5,0.267989993095398,6.0,6.55374813079834,1
1390,5,0.320780009031296,6.0,5.0,1
1391,4,0.609759986400604,3.0,3.0,1
1392,3,0.267989993095398,1.0,2.0,1
1393,3,0.320780009031296,4.0,2.0,0
1394,4,1.10091006755829,3.0,2.0,0
1395,3,0.65021002292633,5.0,5.0,1
1396,2,1.10091006755829,1.0,2.0,1
1397,3,0.581430017948151,4.0,4.0,0
1398,3,0.343410015106201,2.0,5.0,1
1399,3,0.414970010519028,7.0,2.74285483360291,0
1400,4,0.400240004062653,2.0,5.06652879714966,1
1401,3,0.343410015106201,7.0,5.0,1
1402,4,0.600469946861267,2.0,5.0,0
1403,5,0.461620002985001,2.0,6.0,1
1404,1,0.62365996837616,7.0,5.0,0
1405,3,0.65021002292633,1.0,3.0,0
1406,3,0.49789172410965,1.0,2.0,1
1407,1,0.407070010900497,2.0,4.0,1
1408,3,0.532429993152618,1.0,2.0,0
1409,4,0.688880026340485,3.0,3.4369421005249,1
1410,4,0.785520017147064,3.0,4.0,1
1411,4,0.267989993095398,1.0,2.62052989006042,1
1412,4,0.381099998950958,7.0,4.0,0
1413,3,0.518409967422485,5.0,6.0,0
1414,5,0.364969998598099,2.0,3.0,1
1415,3,0.320780009031296,7.0,5.71745204925537,1
1416,4,0.394959986209869,2.0,4.0,1
1417,5,0.261489987373352,3.0,4.42935943603516,1
1418,5,0.408399999141693,1.0,5.0,1
1419,4,0.427269995212555,2.0,4.60270643234253,0
1420,3,0.609759986400604,2.0,3.0,1
1421,3,0.487359970808029,7.0,6.0,1
1422,3,0.394528567790985,3.0,4.0,1
1423,3,0.427269995212555,3.0,4.42727613449097,1
1424,3,0.532429993152618,2.0,3.0,0
1425,3,0.407070010900497,5.0,6.0,1
1426,4,0.312420010566711,5.0,6.0,1
1427,3,0.461620002985001,7.0,4.92169380187988,0
1428,5,0.300926089286804,6.0,4.69152927398682,1
1429,5,0.614226460456848,6.0,6.0,0
1430,2,0.903599977493286,7.0,5.0,0
1431,3,0.694432973861694,5.0,4.0,1
1432,3,0.387620002031326,3.0,3.59441208839417,1
1433,3,0.315829992294312,7.0,5.3309326171875,1
1434,3,0.785520017147064,1.0,4.0,1
1435,3,0.487359970808029,6.0,6.0,0
1436,4,0.408399999141693,2.0,2.0,0
1437,4,0.394959986209869,2.0,6.0,1
1438,3,0.600469946861267,3.0,2.0,0
1439,2,0.534112691879272,3.0,3.24096298217773,1
1440,4,0.511519968509674,4.0,4.0,0
1441,4,0.600469946861267,7.0,6.0,0
1442,5,0.614226460456848,7.0,6.0,0
1443,5,0.464700013399124,4.0,2.27360796928406,1
1444,5,0.315829992294312,3.0,3.97400212287903,1
1445,5,0.390350013971329,5.0,6.0,0
1446,3,0.644749999046326,4.0,5.37482357025146,1
1447,3,0.603359460830688,2.0,2.0,1
1448,3,0.343410015106201,4.0,4.0,1
1449,3,0.401980012655258,1.0,5.51577758789062,1
1450,5,0.785520017147064,2.0,4.0,0
1451,3,0.62365996837616,1.0,3.25948524475098,0
1452,5,0.315829992294312,7.0,6.0,1
1453,5,0.903599977493286,7.0,6.0,0
1454,4,0.242261305451393,6.0,6.75464582443237,1
1455,3,0.785520017147064,7.0,6.0,0
1456,5,0.451938837766647,1.0,4.0,1
1457,4,0.265219986438751,1.0,4.0,0
1458,3,0.785520017147064,5.0,4.0,0
1459,3,0.400240004062653,3.0,4.0,1
1460,3,0.62365996837616,6.0,6.0,0
1461,3,0.592509984970093,3.0,1.0,0
1462,4,0.254826545715332,6.0,5.63229274749756,1
1463,4,0.785520017147064,3.0,3.6939537525177,1
1464,4,0.511519968509674,3.0,4.0,0
1465,5,0.461620002985001,4.0,4.0,0
1466,3,0.701979994773865,1.0,4.0,0
1467,2,0.65021002292633,3.0,3.0,1
1468,2,0.0584226958453655,6.0,4.49116086959839,1
1469,3,0.315829992294312,1.0,2.0,0
1470,4,0.315829992294312,2.0,5.18459701538086,0
1471,5,0.385200023651123,1.0,3.15822100639343,0
1472,2,1.10091006755829,2.0,4.0,0
1473,2,1.10091006755829,3.0,2.0,0
1474,5,0.511519968509674,2.0,3.4662070274353,0
1475,4,0.592509984970093,1.0,4.0,0
1476,3,0.343410015106201,0.74694436788559,5.12058258056641,1
1477,3,0.461620002985001,4.0,3.69831943511963,1
1478,3,0.390350013971329,5.0,4.0,0
1479,5,0.698559999465942,5.0,2.0,0
1480,4,0.265219986438751,6.0,4.49377298355103,0
1481,4,0.461620002985001,6.0,5.06672239303589,0
1482,4,0.408399999141693,6.0,6.0,0
1483,5,0.518923759460449,2.0,5.0,1
1484,3,0.551323533058167,2.0,2.16079783439636,1
1485,3,0.614226460456848,5.0,5.0,0
1486,4,0.65021002292633,2.0,2.0,0
1487,5,0.267989993095398,5.0,7.0,1
1488,3,0.315829992294312,5.0,4.0,1
1489,5,0.267989993095398,2.0,4.0,1
1490,3,0.785520017147064,6.0,4.0,0
1491,4,0.355151623487473,4.0,3.0,1
1492,3,0.701979994773865,1.0,6.0,0
1493,4,0.267989993095398,6.0,5.85486793518066,1
1494,5,0.511519968509674,6.0,6.0,0
1495,5,0.609759986400604,3.0,5.0,1
1496,4,0.65021002292633,7.0,6.0,1
1497,3,0.785520017147064,5.0,6.0,0
1498,5,0.320780009031296,3.0,5.07123470306396,1
1499,4,0.351794511079788,1.0,7.0,1
1500,3,0.407070010900497,1.0,6.45490789413452,1
1501,5,0.467339843511581,3.0,2.0,1
1502,5,0.8400399684906,4.3431658744812,5.22522783279419,0
1503,3,1.10091006755829,2.0,4.0,0
1504,4,0.673849999904633,6.0,3.54533433914185,1
1505,1,0.343410015106201,4.0,3.6867995262146,1
1506,5,0.394959986209869,5.0,6.0,1
1507,3,0.614226460456848,7.0,6.0,0
1508,5,0.614226460456848,7.0,7.0,0
1509,4,0.408399999141693,3.0,4.87844324111938,0
1510,5,0.407070010900497,7.0,6.0,1
1511,4,0.785520017147064,1.0,4.0,1
1512,3,0.785520017147064,1.0,6.0,0
1513,3,0.701979994773865,4.0,4.0,0
1514,3,0.343410015106201,3.0,3.0,0
1515,3,0.335929989814758,5.0,3.0,0
1516,4,0.8400399684906,7.0,5.0,1
1517,5,0.599166035652161,2.0,3.0,0
1518,5,0.903599977493286,6.0,5.0,0
1519,3,0.8400399684906,4.0,5.89791440963745,0
1520,3,0.592509984970093,1.0,2.95906281471252,1
1521,5,0.785520017147064,1.0,3.0,0
1522,5,0.785520017147064,7.0,5.0,0
1523,4,0.62365996837616,6.0,5.0,0
1524,3,0.315829992294312,5.0,4.0,1
1525,3,0.381099998950958,5.0,2.65973401069641,0
1526,3,0.468820005655289,6.0,6.0,0
1527,5,0.614226460456848,1.0,1.0,1
1528,5,0.609759986400604,2.0,4.0,1
1529,4,0.65021002292633,2.0,3.0,0
1530,3,0.315829992294312,1.0,5.33496570587158,1
1531,3,0.401980012655258,1.0,7.0,0
1532,4,0.414970010519028,6.0,4.0,0
1533,4,0.400240004062653,6.0,3.0,1
1534,3,0.343410015106201,4.0,2.42800211906433,1
1535,4,0.511519968509674,3.0,4.0,0
1536,4,0.608733773231506,1.0,4.0,1
1537,3,0.394959986209869,6.0,4.0,1
1538,4,0.478972375392914,2.81043791770935,1.95309126377106,1
1539,3,0.511519968509674,3.0,6.0,0
1540,5,0.367390006780624,1.0,5.0,0
1541,3,0.431751847267151,2.0,3.81561613082886,1
1542,5,0.414970010519028,1.0,2.62811923027039,0
1543,5,0.401980012655258,2.0,4.0,1
1544,3,0.65021002292633,3.0,3.0,1
1545,4,0.364969998598099,3.0,3.0,1
1546,3,0.440349936485291,5.0,5.0,0
1547,3,0.446730017662048,7.0,6.0,1
1548,3,0.464700013399124,5.0,4.0,1
1549,3,0.518409967422485,1.0,2.0,0
1550,3,0.394959986209869,7.0,6.0,1
1551,5,0.367390006780624,2.0,5.0,0
1552,5,0.688880026340485,2.0,4.9094090461731,1
1553,3,0.592509984970093,6.0,3.32819890975952,0
1554,2,0.267989993095398,1.0,2.59287071228027,1
1555,4,0.265219986438751,7.0,5.0,1
1556,2,0.367390006780624,2.35297107696533,3.58265376091003,0
1557,5,0.580733716487885,4.0,3.15869307518005,1
1558,5,0.673849999904633,4.0,5.0,1
1559,5,0.401980012655258,5.0,2.92279815673828,1
1560,3,0.385200023651123,7.0,2.0,0
1561,3,0.777340054512024,2.0,2.0,0
1562,4,0.401980012655258,5.0,4.95153093338013,1
1563,4,0.407070010900497,3.0,4.0,1
1564,4,1.10091006755829,5.0,3.0,1
1565,3,0.785520017147064,6.0,4.15780305862427,1
1566,5,0.381099998950958,6.0,4.93748998641968,1
1567,3,0.407070010900497,6.0,6.0,1
1568,3,0.673849999904633,3.0,4.0,1
1569,4,0.600469946861267,1.0,3.0,1
1570,5,0.427269995212555,2.0,3.8664116859436,1
1571,3,0.364969998598099,3.0,4.0,0
1572,3,0.518409967422485,1.0,3.0,0
1573,4,0.267989993095398,3.0,4.0,0
1574,3,0.614226460456848,2.0,4.0,1
1575,2,0.518409967422485,4.0,4.0,0
1576,3,0.785520017147064,7.0,7.0,0
1577,3,0.600469946861267,2.0,3.0,0
1578,5,1.10091006755829,6.0,6.0,0
1579,3,0.320780009031296,4.0,3.0,1
1580,3,0.787334382534027,4.0,4.0,1
1581,3,0.315829992294312,1.0,3.0,0
1582,3,0.267989993095398,1.0,3.0,1
1583,3,0.701979994773865,6.0,4.0,0
1584,3,0.414970010519028,5.0,2.0,0
1585,2,0.785520017147064,7.0,6.0,0
1586,3,0.267989993095398,1.0,4.0,1
1587,4,0.511519968509674,2.0,5.0,1
1588,3,0.511519968509674,2.0,6.0,0
1589,5,0.029693515971303,3.0,4.66585969924927,1
1590,4,0.312420010566711,2.0,6.0,1
1591,5,0.261489987373352,2.0,2.0,0
1592,4,0.390350013971329,7.0,4.0,0
1593,4,0.487359970808029,3.0,4.73208999633789,0
1594,4,0.312420010566711,2.0,6.0,1
1595,4,0.600469946861267,2.0,5.0,0
1596,2,0.267989993095398,2.0,6.0,1
1597,4,0.309140026569366,1.0,2.86491942405701,0
1598,1,0.261489987373352,1.0,3.0,1
1599,3,0.62365996837616,6.0,4.0,0
1600,3,0.592509984970093,7.0,5.0,0
1601,4,0.4317487180233,5.0,5.0,1
1602,4,0.592509984970093,2.0,6.56554555892944,0
1603,5,0.785520017147064,2.0,6.80196237564087,0
1604,3,0.532429993152618,5.0,5.0,0
1605,4,0.265219986438751,7.0,4.0,0
1606,3,0.72835773229599,5.0,5.0,0
1607,5,0.701979994773865,7.0,6.0,0
1608,3,0.673849999904633,1.0,3.0,1
1609,3,0.315829992294312,7.0,3.0,1
1610,5,0.673849999904633,6.0,4.0,1
1611,4,0.477019995450974,2.0,3.38484120368958,0
1612,4,0.364969998598099,6.0,5.0,1
1613,5,0.673849999904633,2.0,2.0,0
1614,3,0.267989993095398,2.80908703804016,4.04535102844238,1
1615,5,0.1778274923563,2.0,5.0,1
1616,4,0.649063050746918,2.0,6.0,1
1617,3,0.592509984970093,1.0,2.0,0
1618,5,0.427394360303879,7.0,6.0,1
1619,3,0.189989998936653,1.0,4.0,1
1620,4,0.592509984970093,7.0,6.0,0
1621,3,0.427269995212555,4.0,2.6545729637146,0
1622,4,0.317844688892365,3.0,3.88245439529419,1
1623,4,0.785520017147064,5.0,5.0,0
1624,5,0.62365996837616,1.0,5.0,0
1625,2,0.673849999904633,2.0,3.0,0
1626,3,1.13774001598358,5.0,3.0,0
1627,3,0.600469946861267,4.0,3.0,1
1628,3,0.267989993095398,1.0,2.42016506195068,0
1629,3,0.394959986209869,4.0,4.08639621734619,1
1630,4,0.62365996837616,7.0,6.0,0
1631,3,0.385200023651123,1.0,4.66959190368652,0
1632,5,0.394959986209869,2.0,3.0,1
1633,4,0.335929989814758,7.0,4.0,0
1634,4,0.364969998598099,1.0,4.0,0
1635,3,0.36285999417305,4.0,3.0,1
1636,3,0.903599977493286,1.0,2.0,0
1637,3,0.600469946861267,7.0,4.0,1
1638,4,0.487359970808029,6.0,5.0,0
1639,3,0.343410015106201,7.0,6.0,0
1640,5,0.464899986982346,1.0,5.07457256317139,0
1641,5,0.487359970808029,3.0,4.0,0
1642,3,0.614226460456848,7.0,4.0,0
1643,3,0.785520017147064,6.0,7.0,1
1644,5,0.403993159532547,4.0,4.0,1
1645,2,1.13774001598358,1.0,2.0,1
1646,3,0.408399999141693,1.0,4.0,0
1647,4,0.407070010900497,5.0,4.0,1
1648,3,0.614226460456848,6.0,5.0,0
1649,3,0.609759986400604,6.0,4.0,1
1650,4,0.495886206626892,5.0,4.0,1
1651,5,0.688880026340485,2.0,3.55521893501282,1
1652,3,0.520840048789978,2.0,4.0,0
1653,3,0.673849999904633,1.0,2.0,0
1654,5,0.609759986400604,5.0,6.9137659072876,1
1655,4,0.267989993095398,5.0,4.0,1
1656,4,0.659771144390106,7.0,5.0,1
1657,3,0.267989993095398,4.0,3.0,0
1658,4,0.614226460456848,6.0,5.0,0
1659,4,0.261489987373352,1.0,4.0,1
1660,3,0.673849999904633,4.0,7.0,1
1661,3,0.394959986209869,2.0,4.0,1
1662,2,0.394959986209869,6.0,6.0,0
1663,3,0.777340054512024,2.0,3.0,0
1664,4,0.600469946861267,2.0,5.0,1
1665,3,0.461620002985001,5.0,6.0,0
1666,3,0.189989998936653,6.0,4.1247296333313,1
1667,3,0.267989993095398,2.0,4.0,0
1668,3,0.343410015106201,3.0,3.17194223403931,1
1669,5,0.65021002292633,5.0,5.0,0
1670,4,0.394959986209869,7.0,4.0,1
1671,2,0.903599977493286,3.0,4.0,1
1672,2,0.417277216911316,1.0,1.0,1
1673,5,0.4736407995224,2.0,4.0,0
1674,4,0.407070010900497,6.0,3.0,1
1675,3,0.511519968509674,6.0,4.0,0
1676,3,0.537726581096649,3.0,3.14273810386658,1
1677,4,0.343410015106201,6.0,4.0,1
1678,4,0.75151002407074,4.0,6.0,0
1679,5,0.600469946861267,6.0,5.0,1
1680,4,0.65021002292633,7.0,3.32304167747498,0
1681,4,0.414970010519028,4.0,5.0,0
1682,1,0.0502467155456543,3.0,3.13740754127502,1
1683,2,0.597217798233032,-0.684886634349823,3.18179225921631,1
1684,4,0.415246903896332,3.58209705352783,5.37789630889893,1
1685,5,0.189989998936653,4.0,2.96540999412537,1
1686,4,0.505626082420349,4.0,3.41617226600647,1
1687,4,0.592509984970093,1.0,4.0,0
1688,3,0.390350013971329,1.0,4.68985652923584,0
1689,5,0.315829992294312,4.0,4.45180940628052,1
1690,3,0.487359970808029,6.0,6.0,0
1691,3,0.785520017147064,1.0,3.27818560600281,1
1692,4,0.312420010566711,1.0,3.27749705314636,1
1693,4,0.343410015106201,3.0,5.0,1
1694,3,0.165575534105301,4.0,3.0,1
1695,4,0.673849999904633,2.0,4.0,1
1696,1,0.688880026340485,4.0,4.0,1
1697,2,0.65021002292633,1.0,1.0,0
1698,3,0.8400399684906,6.0,5.0,0
1699,4,0.36285999417305,3.0,4.0,0
1700,3,0.387620002031326,2.0,4.0,1
1701,3,0.65021002292633,3.0,2.0,1
1702,3,0.377360999584198,2.0,4.0,1
1703,5,0.408399999141693,3.0,4.0,1
1704,2,0.315829992294312,3.0,2.0,0
1705,1,0.903599977493286,6.0,6.0,0
1706,1,0.545379996299744,2.0,5.0,0
1707,2,0.394959986209869,3.0,2.0,1
1708,2,0.903599977493286,4.0,4.0,0
1709,4,0.401980012655258,5.0,5.0,0
1710,3,0.0829808339476585,1.0,3.43928980827332,1
1711,3,0.785520017147064,2.0,3.0,0
1712,3,0.335929989814758,3.0,6.22873401641846,0
1713,3,0.785520017147064,3.0,5.0,1
1714,2,0.623648524284363,2.0,2.69573903083801,1
1715,5,0.785520017147064,6.0,5.0,0
1716,3,0.464899986982346,1.0,1.50920069217682,1
1717,4,0.464700013399124,6.0,4.51240348815918,1
1718,4,0.204354628920555,5.0,6.19154644012451,1
1719,5,0.201784744858742,2.0,6.0,1
1720,4,0.343410015106201,2.0,3.0,0
1721,4,0.532429993152618,4.0,4.0,1
1722,3,0.414970010519028,7.0,6.0,0
1723,4,0.673849999904633,7.0,3.64838051795959,1
1724,4,0.785520017147064,3.0,2.0,1
1725,4,0.581430017948151,3.0,4.87239217758179,0
1726,3,1.13774001598358,1.0,2.0,0
1727,5,0.0335582494735718,1.48554062843323,4.0036563873291,1
1728,5,0.390350013971329,1.0,3.24056077003479,0
1729,2,1.13774001598358,3.0,2.0,0
1730,4,0.343410015106201,6.0,6.0,1
1731,2,0.487359970808029,6.0,6.0,0
1732,3,0.785520017147064,7.0,4.0,0
1733,4,0.381099998950958,2.86316752433777,5.0,0
1734,3,0.261489987373352,5.0,6.0,1
1735,4,0.461620002985001,1.0,5.556800365448,0
1736,2,1.10091006755829,7.0,6.0,0
1737,2,0.281128942966461,7.0,5.0,1
1738,3,0.189989998936653,4.0,5.14454507827759,1
1739,5,0.400240004062653,2.0,4.0,1
1740,3,0.414970010519028,2.0,3.24045014381409,0
1741,3,0.321222513914108,6.0,6.0,1
1742,3,0.903599977493286,2.0,4.0,0
1743,3,0.408600002527237,5.0,5.6002779006958,1
1744,4,0.267989993095398,6.0,5.04248571395874,1
1745,3,0.249791786074638,4.0,1.94352805614471,1
1746,4,0.464700013399124,4.0,5.35954427719116,1
1747,3,0.600469946861267,1.0,2.0,1
1748,3,0.394959986209869,1.0,4.0,1
1749,5,0.464700013399124,2.0,4.2769889831543,1
1750,3,0.343410015106201,3.0,0.776784777641296,1
1751,4,0.461620002985001,1.0,3.0,0
1752,4,0.464700013399124,1.0,7.0,1
1753,5,0.394959986209869,5.0,6.0,1
1754,3,0.903599977493286,2.0,5.0,0
1755,5,0.673849999904633,5.0,5.0,1
1756,3,0.401980012655258,3.0,4.0,0
1757,3,0.673849999904633,5.0,6.0,1
1758,4,0.785520017147064,6.0,6.0,0
1759,3,0.777340054512024,3.0,4.0,0
1760,3,0.688880026340485,2.0,4.0,1
1761,5,0.511519968509674,3.0,4.0,0
1762,4,0.609759986400604,2.0,3.78509259223938,1
1763,3,0.394959986209869,6.0,1.56131231784821,1
1764,1,0.405982077121735,6.0,5.58568859100342,1
1765,3,0.408600002527237,1.0,3.67685794830322,1
1766,3,0.511519968509674,5.0,6.0,0
1767,3,0.814967393875122,5.0,6.0,1
1768,5,0.261489987373352,1.0,2.44204092025757,1
1769,1,0.763073682785034,2.0,4.0,1
1770,3,0.401980012655258,4.0,2.0,0
1771,5,0.511519968509674,7.0,6.0,0
1772,3,0.65021002292633,2.0,2.0,1
1773,3,0.632962584495544,7.0,6.0,1
1774,5,0.312420010566711,4.0,7.0,0
1775,5,0.785520017147064,4.0,4.0,0
1776,2,0.511866569519043,4.0,4.68496751785278,1
1777,3,0.367390006780624,5.0,5.0,0
1778,3,0.88811045885086,6.0,5.0,0
1779,3,0.785520017147064,2.0,4.0,1
1780,3,0.440595388412476,1.0,3.24567198753357,0
1781,4,0.595576465129852,6.0,3.0,1
1782,3,0.805919229984283,6.0,6.0,1
1783,1,0.592509984970093,7.0,4.0,1
1784,2,0.394959986209869,4.0,5.0,1
1785,3,0.464700013399124,6.0,4.0,1
1786,2,0.65021002292633,1.0,2.0,0
1787,5,0.367390006780624,1.0,3.0,0
1788,5,0.320780009031296,2.0,6.0,1
1789,5,0.267989993095398,1.0,3.67263007164001,1
1790,3,0.394959986209869,6.0,2.40192151069641,1
1791,3,0.487742632627487,6.0,6.0,1
1792,4,0.446730017662048,7.0,6.0,0
1793,4,0.614226460456848,5.0,6.0,0
1794,3,0.534533023834229,1.0,3.0,1
1795,5,0.385200023651123,1.0,4.1330451965332,0
1796,1,0.337406188249588,6.0,4.0,1
1797,3,0.394959986209869,1.0,4.0045371055603,1
1798,3,0.511519968509674,4.0,2.0,0
1799,3,0.461620002985001,4.0,5.0,0
1800,5,0.312420010566711,2.0,1.18700957298279,1
1801,5,0.600469946861267,6.0,5.0,1
1802,4,0.701979994773865,1.0,2.0,0
1803,3,0.785520017147064,2.0,3.0,1
1804,3,0.785520017147064,1.0,3.6070339679718,1
1805,4,0.57090550661087,6.40834379196167,6.48278474807739,0
1806,3,0.394959986209869,1.0,4.0,1
1807,4,0.448041617870331,5.0,6.0,1
1808,2,0.315829992294312,2.0,3.0,0
1809,3,0.487359970808029,6.0,5.0,1
1810,3,0.315829992294312,1.0,2.0,1
1811,3,0.331314325332642,1.0,4.0,1
1812,5,0.785520017147064,3.0,5.0,1
1813,3,0.614226460456848,4.0,5.0,1
1814,4,0.477019995450974,4.0,5.0,0
1815,4,0.8400399684906,6.0,5.0,0
1816,4,0.614226460456848,3.0,2.0,0
1817,2,0.343410015106201,3.0,5.0,0
1818,3,0.336679995059967,2.0,3.0,0
1819,3,0.785520017147064,6.0,5.0,0
1820,3,0.414970010519028,3.0,5.92008447647095,0
1821,5,0.673849999904633,6.0,4.0,0
1822,5,0.511519968509674,4.0,4.0,0
1823,5,0.260601431131363,2.0,4.0,1
1824,4,0.414970010519028,7.0,4.80265092849731,0
1825,5,0.464700013399124,4.0,5.91217994689941,1
1826,4,0.367390006780624,3.0,2.41473460197449,0
1827,3,0.521653532981873,2.0,4.49493503570557,1
1828,4,0.609759986400604,2.0,4.0,0
1829,5,0.785520017147064,1.0,3.0,1
1830,1,0.510382413864136,5.0,3.95230889320374,1
1831,5,0.555346131324768,2.0,5.79744100570679,1
1832,3,0.625393450260162,1.0,4.09554052352905,1
1833,5,0.427269995212555,2.0,4.0,0
1834,4,0.407070010900497,6.0,6.0,1
1835,3,0.315829992294312,1.0,3.55471515655518,1
1836,5,0.785520017147064,1.0,4.0,0
1837,3,0.614226460456848,7.0,5.0,1
1838,3,0.592509984970093,6.0,9.17507839202881,0
1839,3,0.265219986438751,4.0,5.0,0
1840,4,0.532429993152618,7.0,7.0,0
1841,3,0.673849999904633,4.0,1.80497145652771,1
1842,4,0.62978994846344,1.0,4.20836973190308,1
1843,3,0.65021002292633,1.0,4.0,0
1844,4,0.315829992294312,3.0,6.24361371994019,0
1845,3,0.461620002985001,6.0,6.41767168045044,0
1846,3,0.785520017147064,6.0,6.67161798477173,0
1847,2,0.343410015106201,2.0,1.0,1
1848,4,0.267989993095398,5.0,5.67069053649902,1
1849,3,0.673849999904633,4.0,4.0,0
1850,4,0.511519968509674,3.0,5.0,0
1851,5,0.785520017147064,5.0,3.0,0
1852,2,0.427269995212555,1.0,3.57744336128235,1
1853,3,0.785520017147064,5.0,5.0,0
1854,3,0.785520017147064,2.0,4.0,1
1855,3,0.407070010900497,4.0,4.0,1
1856,4,0.490656405687332,2.0,3.74326229095459,1
1857,4,0.315829992294312,6.0,7.1148099899292,1
1858,3,0.785520017147064,2.0,5.0,0
1859,5,0.401980012655258,1.0,4.28420782089233,0
1860,5,0.511519968509674,3.0,6.0,0
1861,5,0.265219986438751,6.0,4.0,1
1862,5,0.696004748344421,7.0,6.0,1
1863,3,0.261489987373352,2.0,4.27001047134399,1
1864,4,0.688880026340485,2.0,5.0,1
1865,3,0.407070010900497,1.0,4.0,1
1866,4,0.315829992294312,6.0,6.0,0
1867,3,0.785520017147064,2.0,5.0,1
1868,3,0.489828109741211,2.0,6.0,1
1869,3,0.189989998936653,4.0,3.80442476272583,1
1870,3,0.407070010900497,4.0,3.0,1
1871,3,0.522845268249512,5.0,4.0,1
1872,5,0.315829992294312,2.0,7.0,0
1873,3,0.785520017147064,3.0,5.0,1
1874,3,0.343410015106201,3.0,3.29701042175293,1
1875,1,0.487359970808029,2.0,2.0,0
1876,3,0.592509984970093,5.0,4.0,0
1877,3,0.785520017147064,7.0,6.0,0
1878,5,0.542131245136261,6.0,4.0,1
1879,4,0.320780009031296,3.0,1.0,0
1880,3,0.378744691610336,2.0,4.0,1
1881,2,0.315829992294312,1.0,5.24876022338867,1
1882,4,0.394959986209869,6.0,3.0,1
1883,3,0.487359970808029,2.0,3.11882877349854,0
1884,5,0.785520017147064,1.0,5.0,0
1885,3,0.320780009031296,2.0,3.41791725158691,1
1886,3,0.614226460456848,1.0,3.89857816696167,1
1887,3,0.793409943580627,1.0,3.0,1
1888,3,0.511519968509674,3.0,3.0,0
1889,1,0.189989998936653,2.0,5.03618097305298,1
1890,3,0.785520017147064,7.0,6.0,0
1891,3,0.343410015106201,0.84016352891922,4.38775825500488,1
1892,4,0.312420010566711,5.0,6.0,0
1893,3,0.600469946861267,3.0,4.0,0
1894,4,0.600469946861267,2.0,4.0,0
1895,5,0.511519968509674,3.0,3.0,0
1896,4,0.701979994773865,5.0,4.0,1
1897,3,0.592509984970093,4.0,3.39056515693665,0
1898,5,0.384740561246872,6.0,6.47972059249878,1
1899,5,0.320780009031296,1.19985258579254,5.0,1
1900,4,0.556682169437408,6.0,4.7675929069519,1
1901,4,0.414970010519028,5.0,7.0,0
1902,4,0.261489987373352,4.0,5.10385608673096,1
1903,5,0.570874571800232,1.0,6.45427131652832,1
1904,4,0.84213000535965,3.0,3.0,0
1905,4,0.394959986209869,2.0,6.97644901275635,1
1906,5,0.611717462539673,3.0,7.27538824081421,1
1907,5,0.511519968509674,2.0,4.0,0
1908,5,0.320780009031296,6.0,5.0,0
1909,3,0.446730017662048,5.0,3.28885793685913,1
1910,5,0.62365996837616,3.0,2.0,1
1911,5,0.367390006780624,2.0,2.80654168128967,0
1912,3,0.600469946861267,3.0,4.0,1
1913,4,0.600469946861267,1.0,3.0,0
1914,3,0.401980012655258,4.0,4.55171918869019,1
1915,2,0.320780009031296,6.0,5.32516288757324,1
1916,5,0.592509984970093,5.0,5.71026754379272,0
1917,3,0.372666746377945,2.0,3.0,1
1918,5,0.309140026569366,6.0,5.0,0
1919,3,0.414970010519028,7.0,5.98177909851074,0
1920,3,0.390350013971329,5.0,4.0,0
1921,3,0.614226460456848,5.0,5.0,0
1922,3,0.600469946861267,2.0,4.0,1
1923,2,0.644749999046326,1.0,2.0,0
1924,3,0.785520017147064,3.0,2.0,0
1925,5,0.401980012655258,4.0,4.38581323623657,0
1926,2,0.414970010519028,3.0,5.0,0
1927,5,0.574633479118347,6.0,5.0,1
1928,5,0.676977872848511,6.0,6.0,0
1929,5,0.401980012655258,3.0,4.0,1
1930,5,0.673849999904633,5.0,4.0,1
1931,3,0.688880026340485,1.0,4.0,1
1932,5,0.427269995212555,1.0,5.0,0
1933,3,0.487359970808029,1.0,3.17198181152344,0
1934,5,0.408399999141693,1.0,1.40418481826782,0
1935,2,0.65021002292633,3.0,4.0,1
1936,3,0.261489987373352,4.0,3.46421527862549,0
1937,5,0.267989993095398,3.0,3.0,1
1938,5,0.673849999904633,2.0,5.0,0
1939,4,0.662460029125214,3.0,5.61549234390259,0
1940,3,0.408399999141693,5.0,6.0,0
1941,4,0.394959986209869,7.0,4.0,1
1942,5,0.464899986982346,3.0,2.0,1
1943,3,0.785520017147064,5.0,6.0,0
1944,3,0.785520017147064,2.0,5.0,0
1945,4,0.62295937538147,4.0,2.0,1
1946,3,0.267989993095398,2.0,7.0,1
1947,3,0.600469946861267,3.0,3.0,1
1948,5,0.206970125436783,5.0,6.46538352966309,1
1949,5,0.267989993095398,4.0,3.66263556480408,1
1950,3,0.261489987373352,1.0,4.05929374694824,1
1951,3,0.673849999904633,7.0,6.0,1
1952,3,0.511519968509674,1.0,3.0,0
1953,3,0.511519968509674,4.0,3.68301630020142,0
1954,5,0.312420010566711,6.0,6.0,1
1955,5,0.315829992294312,3.0,6.0,1
1956,4,0.477019995450974,6.0,4.0,0
1957,5,0.571309864521027,6.0,3.94827723503113,1
1958,3,0.267989993095398,3.84521198272705,4.81231689453125,1
1959,2,0.414970010519028,5.0,6.0,0
1960,5,0.312420010566711,1.0,4.0,1
1961,4,0.400240004062653,2.0,4.0,1
1962,1,0.427269995212555,2.0,5.61843729019165,1
1963,3,0.903599977493286,6.0,5.0,0
1964,5,0.545396268367767,6.0,5.0,1
1965,4,0.315829992294312,3.0,6.0,1
1966,3,0.261489987373352,1.0,2.8538510799408,1
1967,5,0.394959986209869,3.0,4.66110992431641,1
1968,3,0.381099998950958,2.0,2.0,0
1969,5,0.267989993095398,1.0,1.0,0
1970,4,0.84213000535965,3.0,3.0,1
1971,5,0.785520017147064,5.0,5.1509690284729,0
1972,4,0.511519968509674,5.0,5.0,0
1973,4,0.518409967422485,5.0,4.0,1
1974,1,0.291388422250748,3.0,3.32035493850708,1
1975,4,0.265219986438751,1.0,1.29387736320496,1
1976,3,0.343410015106201,6.0,4.0,1
1977,3,0.261489987373352,6.0,5.03970956802368,1
1978,4,0.261489987373352,2.0,2.7191915512085,1
1979,4,0.511519968509674,4.0,5.51065492630005,0
1980,3,0.343410015106201,3.0,2.0,1
1981,3,0.430403470993042,1.0,3.0,1
1982,5,0.501938581466675,3.0,3.97313475608826,1
1983,5,0.785520017147064,4.0,3.65985369682312,1
1984,4,0.394959986209869,4.0,4.10112237930298,1
1985,4,0.785520017147064,4.0,2.0,1
1986,4,0.267989993095398,2.0,1.0,1
1987,5,0.315829992294312,1.0,3.79834294319153,0
1988,5,0.381099998950958,3.0,2.0,0
1989,4,0.267989993095398,1.0,2.0,1
1990,2,0.267989993095398,3.0,7.0,0
1991,3,0.532429993152618,5.0,4.0,0
1992,3,0.903599977493286,1.0,4.0,0
1993,2,0.785520017147064,6.0,5.57615375518799,1
1994,3,0.477019995450974,4.0,5.88094854354858,1
1995,3,0.464700013399124,1.0,6.0,1
1996,3,0.335929989814758,1.0,3.0,0
1997,3,0.343410015106201,5.0,3.0,1
1998,2,0.496664136648178,6.0,3.0,1
1999,3,0.440597921609879,2.0,1.0,0
2000,4,0.785520017147064,4.0,5.78357934951782,0
2001,3,0.487359970808029,2.0,2.8613612651825,0
2002,3,0.487359970808029,1.0,6.0,0
2003,3,0.785520017147064,6.0,4.0,0
2004,2,0.658071517944336,1.0,4.0,1
2005,5,0.407070010900497,7.0,5.0,1
2006,5,0.343410015106201,1.0,6.47130489349365,1
2007,2,0.461620002985001,1.0,2.0,0
2008,4,0.477019995450974,3.0,4.0,0
2009,4,0.688880026340485,1.0,4.0,1
2010,5,0.414970010519028,2.0,5.0,0
2011,2,0.407070010900497,6.0,5.0,1
2012,3,0.407070010900497,1.0,3.18822765350342,1
2013,4,0.614226460456848,5.0,3.06273150444031,1
2014,3,0.673849999904633,4.0,4.0,1
2015,3,0.614226460456848,2.0,4.15103483200073,0
2016,4,0.400240004062653,2.0,3.52302622795105,1
2017,5,0.408600002527237,7.0,5.0,0
2018,3,0.688880026340485,1.0,4.0,1
2019,3,0.903599977493286,6.0,5.0,0
2020,3,0.427269995212555,5.0,4.0,0
2021,5,0.62978994846344,4.0,4.0,0
2022,4,0.265219986438751,6.0,3.0,1
2023,5,0.267989993095398,2.0,3.18270993232727,0
2024,3,0.673849999904633,5.0,3.0,0
2025,3,0.529449999332428,6.0,3.76610374450684,1
2026,3,0.340220004320145,3.0,3.56758785247803,1
2027,5,0.532429993152618,6.0,4.45601463317871,0
2028,3,0.267989993095398,3.0,2.0,1
2029,5,0.511519968509674,6.0,4.0,0
2030,3,0.487359970808029,6.0,5.54357624053955,0
2031,5,0.461620002985001,3.0,4.0,0
2032,3,0.84213000535965,1.0,2.0,0
2033,5,0.408399999141693,3.0,5.71082067489624,1
2034,2,0.691992938518524,3.0,6.0,0
2035,5,0.673849999904633,5.0,4.306565284729,1
2036,2,1.10091006755829,2.0,3.0,1
2037,3,0.500843703746796,7.0,6.0,1
2038,4,0.614226460456848,2.0,4.0,0
2039,3,0.464700013399124,3.0,2.0,1
2040,3,0.261489987373352,3.0,1.0,0
2041,5,0.62978994846344,1.0,4.77324914932251,0
2042,3,0.261489987373352,1.0,6.0,1
2043,5,0.343410015106201,2.0,3.09504580497742,1
2044,5,0.461620002985001,3.0,3.42289185523987,0
2045,5,0.400240004062653,4.0,4.0,1
2046,4,0.518409967422485,5.0,6.0,1
2047,5,0.208913221955299,1.0,3.05683088302612,1
2048,4,0.267989993095398,1.0,4.7025842666626,1
2049,4,0.532429993152618,2.0,5.0,0
2050,5,0.357134431600571,1.33094918727875,5.71142292022705,0
2051,3,0.464899986982346,2.0,4.20223426818848,1
2052,3,0.487359970808029,5.0,4.50364065170288,0
2053,5,0.785520017147064,6.0,5.0,0
2054,3,0.336679995059967,1.0,2.0,0
2055,5,0.532429993152618,3.0,4.0,0
2056,4,0.427269995212555,3.0,4.69833850860596,1
2057,4,0.184282451868057,6.0,5.54153394699097,1
2058,3,0.614226460456848,5.0,5.0,1
2059,3,0.315829992294312,4.0,1.0,1
2060,3,0.446730017662048,3.0,5.24553871154785,1
2061,3,0.320780009031296,2.0,4.0,1
2062,2,0.785520017147064,1.0,3.0,0
2063,3,0.477019995450974,1.0,3.18197059631348,0
2064,5,0.673849999904633,2.0,2.0,1
2065,2,1.10091006755829,4.0,4.0,0
2066,4,0.518409967422485,3.0,3.0,0
2067,5,0.600469946861267,3.0,3.0,1
2068,2,0.532429993152618,2.0,3.0,0
2069,3,0.600469946861267,5.0,4.0,1
2070,2,0.487359970808029,3.0,3.91380715370178,0
2071,2,0.600469946861267,3.0,2.0,1
2072,5,0.394959986209869,2.0,2.69215822219849,1
2073,5,0.394959986209869,4.0,4.16276407241821,1
2074,4,0.394959986209869,7.0,6.0,1
2075,5,0.394959986209869,2.0,4.32595109939575,1
2076,3,0.609759986400604,6.0,3.0,1
2077,4,0.267989993095398,6.0,4.0,1
2078,4,0.600469946861267,7.0,5.0,1
2079,4,0.581430017948151,3.0,3.0,0
2080,3,0.265219986438751,7.0,7.1545090675354,0
2081,5,0.477019995450974,5.0,3.01908707618713,0
2082,3,0.414970010519028,6.0,6.0,0
2083,3,0.511519968509674,7.0,4.0,0
2084,5,0.461620002985001,7.0,6.0,0
2085,4,0.461620002985001,6.0,4.0,0
2086,3,0.785520017147064,1.0,2.0,1
2087,1,0.487359970808029,1.0,4.96166658401489,0
2088,4,0.320780009031296,5.0,7.0,1
2089,3,0.600469946861267,6.0,6.0,0
2090,3,0.62365996837616,5.0,3.0,0
2091,3,0.688880026340485,3.0,3.0,1
2092,3,0.47802323102951,2.0,2.4206371307373,1
2093,5,0.427269995212555,4.0,6.0,0
2094,3,0.267989993095398,1.0,4.4802417755127,1
2095,3,0.600469946861267,1.0,2.0,0
2096,3,0.394959986209869,6.0,6.0,1
2097,3,0.498094022274017,6.0,7.17658281326294,1
2098,5,0.309140026569366,3.0,5.26459550857544,0
2099,3,0.461620002985001,4.0,3.0,0
2100,3,0.320780009031296,1.0,0.784939587116241,1
2101,3,0.265219986438751,2.0,3.74098825454712,1
2102,3,0.427269995212555,5.0,5.0,1
2103,5,0.487359970808029,7.0,4.92624998092651,0
2104,2,0.408399999141693,3.0,5.0,0
2105,3,0.785520017147064,6.0,6.0,1
2106,4,0.483619421720505,1.0,4.0,1
2107,4,0.343410015106201,7.0,4.0,0
2108,4,0.151655092835426,3.0,4.70939922332764,1
2109,4,0.673849999904633,6.0,5.0,0
2110,4,0.335929989814758,4.0,5.0,0
2111,5,0.600469946861267,3.0,2.0,1
2112,3,0.592509984970093,7.0,4.0,1
2113,4,0.592509984970093,1.0,2.9557957649231,0
2114,4,0.267989993095398,2.0,5.0,1
2115,5,0.418933600187302,3.0,2.06742548942566,1
2116,4,0.644749999046326,6.0,6.43957233428955,0
2117,3,0.408399999141693,3.0,3.0,1
2118,4,0.189989998936653,7.0,6.0,1
2119,5,0.592509984970093,4.0,5.25784254074097,0
2120,4,0.785520017147064,7.0,6.0,1
2121,5,0.267989993095398,7.0,5.0,1
2122,4,0.701979994773865,3.0,5.0,0
2123,3,0.688880026340485,2.0,4.0,1
2124,4,0.785520017147064,6.0,5.0,0
2125,3,1.10091006755829,1.0,2.0,1
2126,4,0.785520017147064,1.0,3.0,0
2127,5,0.532429993152618,7.0,5.0,0
2128,3,0.62365996837616,2.0,4.80438041687012,0
2129,3,0.461620002985001,1.0,2.0,0
2130,3,0.443432986736298,1.0,1.0,1
2131,5,0.785520017147064,6.0,4.0,1
2132,3,0.341689974069595,5.0,4.0,1
2133,3,0.673849999904633,6.0,4.0,0
2134,3,0.8400399684906,5.0,6.0,0
2135,5,0.487359970808029,4.0,3.0,0
2136,3,0.527199923992157,3.0,5.0,0
2137,3,0.62978994846344,5.0,5.0,0
2138,3,0.446730017662048,3.0,5.0,1
2139,5,0.75151002407074,1.0,1.0,0
2140,3,0.414970010519028,7.0,6.0,0
2141,2,0.518409967422485,1.0,1.0,1
2142,3,0.364969998598099,1.0,2.0,1
2143,3,0.446730017662048,2.0,5.55535078048706,1
2144,4,0.785520017147064,2.0,3.0,0
2145,5,0.785520017147064,2.0,2.0,1
2146,3,0.673849999904633,5.0,4.32237148284912,0
2147,5,0.511519968509674,5.0,5.0,0
2148,4,0.518409967422485,7.0,6.0,1
2149,3,0.609759986400604,6.0,6.0,0
2150,1,0.343410015106201,2.0,3.0,1
2151,3,0.343410015106201,4.0,5.0,1
2152,5,0.380937486886978,6.0,5.92014837265015,1
2153,4,0.511519968509674,7.0,6.0,0
2154,3,0.267989993095398,1.0,3.0,0
2155,3,0.614226460456848,1.0,6.0,0
2156,4,0.414970010519028,2.0,4.0,0
2157,4,0.343410015106201,2.0,2.0,1
2158,5,0.427269995212555,3.0,6.0,0
2159,5,0.320780009031296,6.0,5.0,1
2160,4,0.532539963722229,6.0,5.50208711624146,1
2161,5,0.614226460456848,2.0,3.0,1
2162,5,0.545379996299744,1.0,5.0,1
2163,3,0.414970010519028,7.0,5.0,0
2164,4,0.461620002985001,3.0,3.0,0
2165,3,0.517913579940796,6.0,5.0,1
2166,5,0.385200023651123,4.0,5.0,0
2167,3,0.385200023651123,5.0,5.52356052398682,1
2168,3,0.592509984970093,3.0,3.0,0
2169,2,0.529449999332428,1.0,4.0,1
2170,3,0.408399999141693,2.0,3.91143488883972,0
2171,5,0.487359970808029,6.0,6.0,0
2172,1,0.464700013399124,6.0,6.0,1
2173,4,0.777340054512024,6.0,4.0,1
2174,3,0.633426785469055,6.0,5.0,1
2175,3,0.487359970808029,1.0,3.49350953102112,0
2176,4,0.382567763328552,7.0,4.0,1
2177,5,0.832573771476746,6.0,5.0,1
2178,3,0.65021002292633,5.0,4.0,0
2179,5,0.511519968509674,7.0,4.0,0
2180,4,0.785520017147064,6.0,5.0,0
2181,5,0.614226460456848,3.0,1.76125228404999,1
2182,3,0.511519968509674,4.0,3.0,0
2183,5,0.320780009031296,6.0,2.61280417442322,1
2184,4,0.464700013399124,2.0,5.0,1
2185,1,0.414970010519028,7.0,4.0,1
2186,4,0.414970010519028,3.0,5.0,0
2187,5,0.408399999141693,4.0,5.0,0
2188,3,0.673849999904633,5.0,6.0,1
2189,4,0.414970010519028,3.12194323539734,3.0,0
2190,4,0.62365996837616,1.0,5.0,0
2191,2,0.785520017147064,2.0,4.0,1
2192,3,0.688880026340485,3.0,6.0,1
2193,3,0.364969998598099,1.0,5.0,1
2194,2,0.673849999904633,7.0,6.0,0
2195,2,0.673849999904633,1.0,2.0,1
2196,3,0.614226460456848,2.0,4.0,0
2197,3,0.673849999904633,1.0,3.0,0
2198,3,0.267989993095398,1.0,6.0,1
2199,1,0.644749999046326,6.0,5.0,0
2200,3,0.234837308526039,4.0,4.0,1
2201,3,0.561132729053497,6.0,4.0,1
2202,4,0.688448548316956,3.0,4.0,1
2203,3,0.390350013971329,2.0,6.0,0
2204,5,0.343410015106201,5.0,4.0,0
2205,3,0.189989998936653,4.96649217605591,5.505530834198,1
2206,5,0.532429993152618,1.0,2.0,0
2207,3,0.903599977493286,6.0,4.0,0
2208,5,0.414970010519028,3.0,4.0,0
2209,3,0.367390006780624,6.0,6.17424821853638,1
2210,5,0.511519968509674,6.0,7.0,0
2211,5,0.364969998598099,4.0,4.0,1
2212,4,0.320780009031296,7.0,6.0,1
2213,3,0.432838290929794,4.0,5.54340982437134,1
2214,4,0.673849999904633,3.0,5.0,1
2215,5,0.530167937278748,3.0,3.82186770439148,0
2216,1,0.688880026340485,6.0,4.85644817352295,1
2217,3,0.387620002031326,5.0,5.0,0
2218,2,0.609759986400604,5.0,3.0,1
2219,2,0.320780009031296,1.0,3.04278087615967,1
2220,1,0.688880026340485,1.0,4.0,1
2221,2,0.364969998598099,5.0,5.29625558853149,1
2222,3,0.592509984970093,2.0,2.60157942771912,0
2223,2,0.62365996837616,3.0,3.0,0
2224,3,0.785520017147064,6.0,5.0,0
2225,5,0.520840048789978,2.0,2.0,0
2226,5,0.461620002985001,1.0,3.0,0
2227,3,0.252714961767197,3.0,4.0,1
2228,5,0.367390006780624,6.0,4.0,0
2229,4,0.414970010519028,1.0,4.0,0
2230,4,0.0323486849665642,7.16389846801758,5.04670286178589,1
2231,4,0.477019995450974,6.0,4.0,0
2232,4,0.274883061647415,1.0,3.0,1
2233,5,0.785520017147064,1.0,3.0,1
2234,5,0.414970010519028,4.0,5.04243469238281,1
2235,1,0.65021002292633,4.0,5.0,0
2236,5,0.408600002527237,3.0,4.0,1
2237,2,1.13774001598358,3.0,2.0,0
2238,1,0.265219986438751,3.0,1.0,1
2239,2,0.394959986209869,2.0,3.47663831710815,1
2240,5,0.353616714477539,3.0,4.31355381011963,1
2241,4,0.477019995450974,5.0,4.70226573944092,0
2242,3,0.461620002985001,6.0,5.0,0
2243,5,0.785520017147064,2.0,5.49985933303833,0
2244,2,0.600469946861267,2.0,2.0,1
2245,2,1.13774001598358,3.0,4.0,0
2246,4,0.401980012655258,4.0,3.57292485237122,0
2247,3,0.511519968509674,3.0,4.11076211929321,0
2248,4,0.320780009031296,6.0,5.0,0
2249,3,0.600469946861267,7.0,6.0,1
2250,4,0.275197297334671,1.57548713684082,0.825833261013031,1
2251,3,0.600469946861267,6.0,4.0,1
2252,2,0.189989998936653,2.0,2.4753041267395,1
2253,4,0.628767549991608,7.0,5.0,0
2254,4,0.408399999141693,6.0,4.0,0
2255,3,0.394959986209869,3.0,2.19756650924683,1
2256,3,0.419330835342407,7.0,6.0,1
2257,4,0.698559999465942,4.0,3.26664185523987,1
2258,4,0.785520017147064,3.0,4.0,1
2259,5,0.267989993095398,2.0,4.02538108825684,1
2260,5,0.8400399684906,7.0,5.0,1
2261,4,0.408399999141693,4.0,4.0,0
2262,3,0.644749999046326,6.0,5.0,0
2263,3,0.785520017147064,2.0,4.0,0
2264,5,0.600469946861267,1.0,1.0,1
2265,4,0.267989993095398,5.0,6.0,1
2266,5,0.408600002527237,2.0,1.0,1
2267,3,0.464700013399124,2.0,2.95743942260742,1
2268,2,0.400240004062653,4.0,6.0,1
2269,3,0.614226460456848,2.0,2.14431548118591,0
2270,5,0.343410015106201,3.0,3.47410082817078,1
2271,3,0.387620002031326,2.0,2.0,1
2272,4,0.477019995450974,3.0,6.0,0
2273,4,0.367390006780624,1.0,4.09738254547119,0
2274,4,0.260566204786301,5.0,4.0,1
2275,3,0.364969998598099,2.0,4.35859680175781,1
2276,3,0.588451027870178,7.0,6.0,1
2277,4,0.785520017147064,7.0,6.0,1
2278,4,0.335929989814758,6.0,5.0,1
2279,5,0.267989993095398,2.0,4.0,0
2280,3,0.36285999417305,4.0,7.0,1
2281,3,0.315829992294312,1.0,3.23365473747253,1
2282,4,0.614226460456848,3.0,1.0,0
2283,4,0.644749999046326,2.0,3.36602807044983,0
2284,3,0.364969998598099,1.0,2.0,1
2285,4,0.785520017147064,1.0,2.0,1
2286,5,0.265219986438751,2.0,3.6106288433075,0
2287,3,0.662460029125214,7.0,5.0,0
2288,4,0.407070010900497,6.0,6.0,1
2289,5,0.634272456169128,3.0,3.59025955200195,1
2290,4,0.315829992294312,1.0,4.64047145843506,0
2291,5,0.903599977493286,6.0,6.0,0
2292,2,0.62365996837616,5.88278388977051,3.8631603717804,0
2293,4,0.785520017147064,7.0,5.0,0
2294,3,0.673849999904633,6.0,5.0,0
2295,2,0.903599977493286,2.0,2.0,1
2296,4,0.265219986438751,6.0,4.0,1
2297,3,0.903599977493286,7.0,6.0,0
2298,5,0.75241494178772,6.0,4.0,1
2299,5,0.464700013399124,5.0,4.0,1
2300,4,0.532429993152618,7.0,6.0,0
2301,5,0.78692752122879,1.0,3.0,1
2302,3,0.511519968509674,4.0,4.72023057937622,0
2303,3,0.477019995450974,3.0,4.35678100585938,0
2304,4,0.62365996837616,5.0,3.00922513008118,0
2305,3,0.785520017147064,1.0,5.0,1
2306,3,0.785520017147064,7.0,6.0,0
2307,3,0.265219986438751,2.92153573036194,5.3349142074585,0
2308,4,0.267989993095398,3.0,3.60546875,1
2309,3,0.65021002292633,2.0,3.0,1
2310,5,0.36285999417305,2.0,5.0,0
2311,4,0.785520017147064,7.0,6.0,0
2312,3,0.336679995059967,1.0,7.0,1
2313,3,0.394959986209869,1.0,4.0,1
2314,5,0.600469946861267,3.0,5.0,0
2315,5,0.785520017147064,3.0,3.0,1
2316,3,0.461620002985001,1.0,3.0,0
2317,4,0.511519968509674,5.0,4.0,0
2318,4,0.8400399684906,4.0,5.0,0
2319,4,0.688880026340485,6.0,5.0,1
2320,3,0.614226460456848,2.0,4.0,1
2321,4,0.261489987373352,1.0,4.0,1
2322,5,0.785520017147064,5.0,4.0,1
2323,2,0.785520017147064,3.0,3.0,0
2324,3,0.407070010900497,1.0,4.0,1
2325,3,0.511519968509674,5.29663372039795,4.0,0
2326,4,0.320780009031296,4.0,3.0,1
2327,3,0.309140026569366,7.0,6.0,0
2328,2,0.673849999904633,2.0,5.0,1
2329,5,0.487359970808029,6.0,4.0,0
2330,5,0.40527731180191,2.0,3.36195254325867,1
2331,4,0.427269995212555,2.0,4.98395919799805,1
2332,3,0.506111741065979,1.0,1.0,0
2333,4,0.9941828250885,7.0,6.0,0
2334,3,0.367390006780624,4.0,3.94492959976196,1
2335,5,0.343410015106201,1.0,1.0,1
2336,4,0.461620002985001,1.0,5.59125471115112,1
2337,4,0.693720400333405,5.0,2.0,1
2338,3,0.65021002292633,3.0,2.0,0
2339,4,0.614226460456848,1.0,4.0,0
2340,1,0.518409967422485,4.0,6.0,0
2341,4,0.614226460456848,1.0,1.20307564735413,1
2342,4,0.785520017147064,4.0,5.0,1
2343,3,0.461620002985001,2.0,0.28610947728157,1
2344,5,0.511519968509674,6.0,4.0,0
2345,5,0.312420010566711,2.0,2.0,1
2346,4,0.487359970808029,1.0,2.70826601982117,0
2347,5,0.581430017948151,5.0,6.0,0
2348,4,0.31362646818161,1.0,4.0,1
2349,4,0.600469946861267,1.0,4.0,1
2350,5,0.785520017147064,4.0,4.0,1
2351,3,0.390350013971329,5.0,4.0,0
2352,4,0.511519968509674,5.0,4.0,0
2353,3,0.315829992294312,1.0,2.04467177391052,1
2354,4,0.400240004062653,4.0,3.0,1
2355,3,0.343410015106201,7.0,6.0,1
2356,5,0.487359970808029,6.0,4.0,0
2357,5,0.511519968509674,6.0,4.0,0
2358,3,0.592509984970093,5.0,3.02027869224548,0
2359,3,0.461620002985001,1.0,6.0,0
2360,4,0.609759986400604,7.0,4.0,1
2361,3,0.312420010566711,1.0,3.0,0
2362,5,0.84213000535965,7.0,4.0,1
2363,3,0.315829992294312,1.0,4.35743379592896,0
2364,3,0.785520017147064,5.0,5.0,0
2365,3,0.401980012655258,1.0,3.0,0
2366,3,0.267989993095398,3.0,3.0,1
2367,5,0.785520017147064,1.0,3.60445189476013,0
2368,5,0.65021002292633,5.0,6.0,0
2369,3,0.400240004062653,3.0,6.0,1
2370,3,0.335929989814758,6.0,2.25497579574585,0
2371,2,0.673849999904633,1.0,3.0,1
2372,2,0.673849999904633,6.0,2.0,1
2373,5,0.477019995450974,7.0,3.27503037452698,0
2374,5,0.36285999417305,2.0,2.0,0
2375,2,0.673849999904633,6.0,6.0,0
2376,4,0.461620002985001,2.0,4.0,0
2377,3,0.267989993095398,7.0,4.0,1
2378,3,0.267989993095398,5.0,4.0,0
2379,3,0.320780009031296,5.0,3.47834444046021,1
2380,3,0.407070010900497,7.0,6.35996389389038,0
2381,3,0.253658086061478,6.0,5.16273164749146,1
2382,3,0.400240004062653,1.0,6.0,1
2383,4,0.343410015106201,3.0,6.0,0
2384,5,0.511519968509674,1.0,2.0,0
2385,1,0.312420010566711,1.0,1.0,1
2386,5,0.320780009031296,1.0,2.0,1
2387,5,0.688880026340485,5.0,5.0,1
2388,4,1.10091006755829,7.0,6.0,0
2389,3,1.10091006755829,5.0,6.0,1
2390,3,0.644749999046326,3.0,3.0,0
2391,5,0.673849999904633,7.0,5.0,1
2392,3,0.785520017147064,5.0,6.0,0
2393,5,0.440597921609879,1.0,1.0,1
2394,4,0.903599977493286,4.0,2.0,0
2395,5,0.785520017147064,6.0,4.71176052093506,1
2396,5,0.785520017147064,1.0,2.81097841262817,1
2397,2,0.673849999904633,1.0,2.0,0
2398,3,0.312420010566711,5.0,6.0,1
2399,3,0.511519968509674,2.0,5.0,0
2400,4,0.394959986209869,5.0,5.0,1
2401,5,0.461620002985001,1.0,2.77986121177673,0
2402,3,0.464700013399124,1.0,4.44518852233887,1
2403,5,0.793409943580627,3.0,3.0,0
2404,3,0.390350013971329,1.0,7.0,0
2405,5,0.532429993152618,4.0,6.0,0
2406,3,0.153151139616966,4.0,2.0,0
2407,4,0.364969998598099,2.0,3.0,1
2408,4,0.267989993095398,5.0,5.0,0
2409,5,0.609759986400604,3.0,2.46803855895996,1
2410,3,0.432603031396866,2.0,5.0,1
2411,5,0.320780009031296,4.0,6.0,1
2412,5,0.367390006780624,2.0,4.08954811096191,0
2413,4,0.262208253145218,4.0,2.44665431976318,1
2414,4,0.401980012655258,2.0,4.0,0
2415,4,0.265219986438751,6.0,7.0,1
2416,3,0.511519968509674,2.0,2.0,0
2417,5,0.309140026569366,4.29108333587646,6.22799348831177,1
2418,5,0.400240004062653,3.0,3.90212750434875,1
2419,3,0.75151002407074,5.0,6.0,0
2420,3,0.600469946861267,6.0,6.0,1
2421,5,0.609759986400604,4.0,5.0,1
2422,4,0.51561975479126,4.0,5.0,1
2423,5,0.267989993095398,4.0,1.69133698940277,1
2424,3,0.265219986438751,6.0,5.00843143463135,0
2425,3,0.394959986209869,1.0,2.0,1
2426,3,0.600469946861267,3.0,4.0,0
2427,4,0.367390006780624,6.0,5.0,1
2428,4,0.461620002985001,6.0,5.83501386642456,0
2429,5,0.381099998950958,1.0,4.0,0
2430,3,0.408399999141693,5.0,6.0,0
2431,3,0.315829992294312,4.0,2.0,1
2432,3,0.785520017147064,1.0,2.0,1
2433,4,0.652140259742737,7.0,4.0,1
2434,4,0.394959986209869,5.0,4.88559722900391,1
2435,5,0.261489987373352,2.0,2.86733317375183,1
2436,4,0.400240004062653,4.0,5.0,1
2437,5,0.644749999046326,1.0,3.0,1
2438,4,0.673849999904633,7.0,7.0,0
2439,4,0.267989993095398,3.0,4.0,1
2440,3,0.55454671382904,3.0,3.36538100242615,1
2441,2,0.394959986209869,2.0,3.83691358566284,1
2442,5,0.343410015106201,3.0,4.0,1
2443,5,0.487359970808029,2.0,5.02059125900269,1
2444,5,0.65021002292633,7.0,6.0,1
2445,4,0.364969998598099,1.0,6.0,1
2446,4,0.785520017147064,2.0,4.96794748306274,0
2447,3,0.600469946861267,1.0,2.0,1
2448,3,0.592509984970093,2.0,4.0,1
2449,3,0.62978994846344,5.0,6.0,0
2450,4,0.394959986209869,4.0,2.34945631027222,1
2451,5,0.532429993152618,4.0,5.0,0
2452,5,0.581430017948151,7.0,5.0,0
2453,5,0.592509984970093,2.0,3.0,1
2454,3,0.408399999141693,7.0,4.0,0
2455,2,0.394959986209869,6.0,4.0,0
2456,4,0.511519968509674,5.0,5.0,0
2457,4,0.614226460456848,6.0,5.0,0
2458,5,0.592509984970093,4.0,7.0,0
2459,2,0.401980012655258,1.0,4.44860601425171,1
2460,3,0.903599977493286,3.0,5.0,0
2461,4,0.785520017147064,2.0,5.0,1
2462,5,0.290273934602737,1.0,3.14786171913147,1
2463,5,0.401980012655258,1.0,2.0,1
2464,3,0.461620002985001,4.0,3.82639265060425,0
2465,4,0.267989993095398,2.0,4.0,1
2466,1,0.461620002985001,1.0,3.55814862251282,0
2467,3,0.785520017147064,7.0,6.0,0
2468,4,0.600469946861267,2.0,4.0,1
2469,3,0.200736612081528,3.0,4.0,1
2470,3,0.785520017147064,5.0,3.84228610992432,1
2471,3,0.688880026340485,1.0,3.0,1
2472,4,0.62978994846344,2.0,3.0,0
2473,3,0.785520017147064,1.0,0.779948651790619,1
2474,5,0.387620002031326,1.0,1.0,1
2475,2,0.312420010566711,4.0,5.8676815032959,1
2476,3,0.717095911502838,1.0,4.0,1
2477,3,0.329634815454483,1.0,6.0,1
2478,3,0.267989993095398,1.0,4.70997333526611,0
2479,3,0.592509984970093,2.0,2.17622017860413,0
2480,4,0.609759986400604,7.0,5.0,1
2481,5,0.312420010566711,1.0,6.0,1
2482,4,0.785520017147064,2.0,3.0,0
2483,5,0.538463473320007,4.0,4.0,0
2484,3,0.466820597648621,6.0,3.0,1
2485,4,0.673849999904633,6.0,6.0,1
