,y1,y2,y3,y4,y5,y6,y7,y8,x1,x2,x3
1,2.5,0.0,3.333333,0.0,1.25,0.0,3.72636,3.333333,4.442651,3.637586,2.557615
2,1.25,0.0,3.333333,0.0,6.25,1.1,6.666666,0.736999,5.384495,5.062595,3.568079
3,7.5,8.8,9.999998,9.199991,8.75,8.094061,9.999998,8.211809,5.961005,6.25575,5.224433
4,8.9,8.8,9.999998,9.199991,8.907948,8.127979,9.999998,4.615086,6.285998,7.567863,6.267495
5,10.0,3.333333,9.999998,6.666666,7.5,3.333333,9.999998,6.666666,5.863631,6.818924,4.573679
6,7.5,3.333333,6.666666,6.666666,6.25,1.1,6.666666,0.3685,5.533389,5.135798,3.89227
7,7.5,3.333333,6.666666,6.666666,5.0,2.233333,8.271257,1.485166,5.308268,5.075174,3.316213
8,7.5,2.233333,9.999998,1.496333,6.25,3.333333,9.999998,6.666666,5.347108,4.85203,4.263183
9,2.5,3.333333,3.333333,3.333333,6.25,3.333333,3.333333,3.333333,5.521461,5.241747,4.115168
10,10.0,6.666666,9.999998,8.899991,8.75,6.666666,9.999998,10.0,5.828946,5.370638,4.446216
11,7.5,3.333333,9.999998,6.666666,8.75,3.333333,9.999998,6.666666,5.916202,6.423247,3.791545
12,7.5,3.333333,6.666666,6.666666,8.75,3.333333,6.666666,6.666666,5.398163,6.246107,4.535708
13,7.5,3.333333,9.999998,6.666666,7.5,3.333333,6.666666,10.0,6.622736,7.872074,4.906154
14,7.5,7.766664,9.999998,6.666666,7.5,0.0,9.999998,0.0,5.204007,5.225747,4.561047
15,7.5,9.999998,3.333333,10.0,7.5,6.666666,9.999998,10.0,5.509388,6.202536,4.586286
16,7.5,9.999998,9.999998,7.766666,7.5,1.1,6.666666,6.666666,5.26269,5.820083,3.948911
17,2.5,3.333333,6.666666,6.666666,5.0,1.1,6.666666,0.3685,4.70048,5.023881,4.394491
18,1.25,0.0,3.333333,3.333333,1.25,3.333333,3.333333,3.333333,5.209486,4.465908,4.510268
19,10.0,9.999998,9.999998,10.0,8.75,9.999998,9.999998,10.0,5.916202,6.732211,5.829084
20,7.5,3.333299,3.333333,6.666666,7.5,2.233299,6.666666,2.948164,6.523562,6.992096,6.424591
21,10.0,9.999998,9.999998,10.0,10.0,9.999998,9.999998,10.0,6.238325,6.746412,5.741711
22,1.25,0.0,0.0,0.0,2.5,0.0,0.0,0.0,5.976351,6.712956,5.948168
23,2.5,0.0,3.333333,3.333333,2.5,0.0,3.333333,3.333333,5.631212,5.937536,5.686755
24,7.5,6.666666,9.999998,10.0,7.5,6.666666,9.999998,7.766666,6.033086,6.09357,4.611429
25,8.5,9.999998,6.666666,6.666666,8.75,9.999998,7.351018,6.666666,6.196444,6.704414,5.475261
26,6.1,0.0,5.4,3.333333,0.0,0.0,4.696028,3.333333,4.248495,2.70805,1.74083
27,3.3,0.0,6.666666,3.333333,6.25,0.0,6.666666,3.333333,5.141664,4.564348,2.255134
28,2.9,3.333333,6.666666,3.333333,2.385559,0.0,3.177568,1.116666,4.174387,3.688879,3.046927
29,9.2,0.0,9.9,3.333333,7.60966,0.0,8.118828,3.333333,4.382027,2.890372,1.711279
30,6.9,0.0,6.666666,3.333333,4.226033,0.0,0.0,0.0,4.290459,1.609438,1.001674
31,2.9,0.0,3.333333,3.333333,5.0,0.0,3.333333,3.333333,4.934474,4.234107,1.418971
32,2.0,0.0,0.0,0.0,0.0,0.0,0.0,0.0,3.850148,1.94591,2.345229
33,5.0,0.0,3.333333,3.333333,5.0,0.0,3.333333,3.333333,5.181784,4.394449,3.167167
34,5.0,0.0,9.999998,3.333333,0.0,0.0,3.333333,0.74437,5.062595,4.59512,3.83497
35,4.1,9.999998,4.7,6.666666,3.75,0.0,7.827667,6.666666,4.691348,4.143135,2.255134
36,6.3,9.999998,9.999998,6.666666,6.25,2.233333,6.666666,2.955702,4.248495,3.367296,3.217506
37,5.2,4.999998,6.6,3.333333,3.633403,1.1,3.314128,3.333333,5.56452,5.236442,2.677633
38,5.0,3.333333,6.4,6.666666,2.844997,0.0,4.429657,1.485166,4.727388,3.610918,1.418971
39,3.1,4.999998,4.2,5.0,3.75,0.0,6.164304,3.333333,4.143135,2.302585,1.418971
40,4.1,9.999998,6.666666,3.333333,5.0,0.0,4.938089,2.233333,4.317488,4.955827,4.249888
41,5.0,9.999998,6.666666,1.666666,5.0,0.0,6.666666,0.3685,5.141664,4.430817,3.046927
42,5.0,7.7,6.666666,8.399997,6.25,4.358243,9.999998,4.141377,4.488636,3.465736,2.013579
43,5.0,6.2,9.999998,6.060997,5.0,2.782771,6.666666,4.974739,4.615121,4.941642,2.255134
44,5.6,4.9,0.0,0.0,6.555647,4.055463,6.666666,3.821796,3.850148,2.397895,1.74083
45,5.7,4.8,0.0,0.0,6.555647,4.055463,0.0,0.0,3.970292,2.397895,1.050741
46,7.5,9.999998,7.9,6.666666,3.75,9.999998,7.631891,6.666666,3.78419,3.091042,2.113313
47,2.5,0.0,6.666666,3.333333,2.5,0.0,0.0,0.0,3.806662,2.079442,2.137561
48,8.9,9.999998,9.7,6.666666,5.0,9.999998,9.556024,6.666666,4.532599,3.610918,1.587802
49,7.6,0.0,10.0,0.0,5.0,1.1,6.666666,1.099999,5.117994,4.934474,3.83497
50,7.8,9.999998,6.666666,6.666666,5.0,3.333333,6.666666,6.666666,5.049856,5.111988,4.38149
51,2.5,0.0,6.666666,3.333333,5.0,0.0,6.666666,3.333333,5.393628,5.638355,4.169451
52,3.8,0.0,5.1,0.0,3.75,0.0,6.666666,1.485166,4.477337,3.931826,2.474671
53,5.0,3.333333,3.333333,2.233333,5.0,3.333333,6.666666,5.566663,5.257495,5.840642,5.001796
54,6.25,3.333333,9.999998,2.955702,6.25,5.566663,9.999998,6.666666,5.379897,5.505332,3.299937
55,1.25,0.0,3.333333,0.0,2.5,0.0,0.0,0.0,5.298317,6.274762,4.38149
56,1.25,0.0,4.7,0.736999,2.5,0.0,3.333333,3.333333,4.859812,5.669881,3.537416
57,1.25,0.0,6.666666,0.0,2.5,0.0,5.228375,0.0,4.969813,5.56452,4.510268
58,7.5,7.766664,9.999998,6.666666,7.5,3.333333,9.999998,6.666666,6.011267,6.253829,5.001796
59,2.5,0.0,6.666666,4.433333,5.0,0.0,6.666666,1.485166,5.075174,5.252273,5.350708
60,7.5,9.999998,9.999998,10.0,8.75,9.999998,9.999998,10.0,6.736967,7.125283,6.330518
61,1.25,0.0,0.0,0.0,1.25,0.0,0.0,0.0,5.225747,5.451038,3.167167
62,1.25,0.0,0.0,0.0,0.0,0.0,0.0,0.0,4.025352,1.791759,2.657972
63,2.5,0.0,0.0,0.0,0.0,0.0,6.666666,2.948164,4.234107,2.70805,2.474671
64,6.25,2.233299,6.666666,2.970332,3.75,3.333299,6.666666,3.333333,4.644391,5.56452,3.046927
65,7.5,9.999998,9.999998,10.0,7.5,9.999998,9.999998,10.0,4.418841,4.941642,3.380653
66,5.0,0.0,6.1,0.0,5.0,3.333333,9.999998,3.333333,4.26268,4.219508,4.368462
67,7.5,9.999998,9.999998,10.0,3.75,9.999998,9.999998,10.0,4.875197,4.70048,3.83497
68,4.9,2.233333,9.999998,0.0,5.0,0.0,3.621989,3.333333,4.189655,1.386294,1.418971
69,5.0,0.0,8.2,0.0,5.0,0.0,0.0,0.0,4.521789,4.127134,2.113313
70,2.9,3.333333,6.666666,3.333333,2.5,3.333333,6.666666,3.333333,4.65396,3.555348,1.881917
71,5.4,9.999998,6.666666,3.333333,3.75,6.666666,6.666666,1.485166,4.477337,3.091042,1.987909
72,7.5,8.8,9.999998,6.066666,7.5,6.666666,9.999998,6.666666,5.337538,5.631212,3.491004
73,7.5,7.0,9.999998,6.852998,7.5,6.34834,6.666666,7.508044,6.12905,6.403574,5.001796
74,10.0,6.666666,9.999998,10.0,10.0,6.666666,9.999998,10.0,5.003946,4.962845,3.976994
75,3.75,3.333333,0.0,0.0,1.25,3.333333,0.0,0.0,4.488636,4.89784,2.867566
