,patient,time1,infect1,time2,infect2,age,gender,gn,an,pkd
1,1,16,1,8,1,28.0,0,0,0,0
2,2,13,0,23,1,48.0,1,1,0,0
3,3,22,1,28,1,32.0,0,0,0,0
4,4,318,1,447,1,31.5,1,0,0,0
5,5,30,1,12,1,10.0,0,0,0,0
6,6,24,1,245,1,16.5,1,0,0,0
7,7,9,1,7,1,51.0,0,1,0,0
8,8,30,1,511,1,55.5,1,1,0,0
9,9,53,1,196,1,69.0,1,0,1,0
10,10,154,1,15,1,51.5,0,1,0,0
11,11,7,1,33,1,44.0,1,0,1,0
12,12,141,1,8,0,34.0,1,0,0,0
13,13,38,1,96,1,35.0,1,0,1,0
14,14,70,0,149,0,42.0,1,0,1,0
15,15,536,1,25,0,17.0,1,0,0,0
16,16,4,0,17,1,60.0,0,0,1,0
17,17,185,1,177,1,60.0,1,0,0,0
18,18,114,1,292,1,43.5,1,0,0,0
19,19,159,0,22,0,53.0,1,1,0,0
20,20,108,0,15,1,44.0,1,0,0,0
21,21,562,1,152,1,46.5,0,0,0,1
22,22,24,0,402,1,30.0,1,0,0,0
23,23,66,1,13,1,62.5,1,0,1,0
24,24,39,1,46,0,42.5,1,0,1,0
25,25,40,1,12,1,43.0,0,0,1,0
26,26,113,0,201,1,57.5,1,0,1,0
27,27,132,1,156,1,10.0,1,1,0,0
28,28,34,1,30,1,52.0,1,0,1,0
29,29,2,1,25,1,53.0,0,1,0,0
30,30,26,1,130,1,54.0,1,1,0,0
31,31,27,1,58,1,56.0,1,0,1,0
32,32,5,0,43,1,50.5,1,0,1,0
33,33,152,1,30,1,57.0,1,0,0,1
34,34,190,1,5,0,44.5,1,1,0,0
35,35,119,1,8,1,22.0,1,0,0,0
36,36,54,0,16,0,42.0,1,0,0,0
37,37,6,0,78,1,52.0,1,0,0,1
38,38,8,0,63,1,60.0,0,0,0,1
