,group,t0,t0.5,t1,t1.5,t2,t3,t4,t5
1,control,4.3,3.3,3.0,2.6,2.2,2.5,3.4,4.4
2,control,3.7,2.6,2.6,1.9,2.9,3.2,3.1,3.9
3,control,4.0,4.1,3.1,2.3,2.9,3.1,3.9,4.0
4,control,3.6,3.0,2.2,2.8,2.9,3.9,3.8,4.0
5,control,4.1,3.8,2.1,3.0,3.6,3.4,3.6,3.7
6,control,3.8,2.2,2.0,2.6,3.8,3.6,3.0,3.5
7,control,3.8,3.0,2.4,2.5,3.1,3.4,3.5,3.7
8,control,4.4,3.9,2.8,2.1,3.6,3.8,4.0,3.9
9,control,5.0,4.0,3.4,3.4,3.3,3.6,4.0,4.3
10,control,3.7,3.1,2.9,2.2,1.5,2.3,2.7,2.8
11,control,3.7,2.6,2.6,2.3,2.9,2.2,3.1,3.9
12,control,4.4,3.7,3.1,3.2,3.7,4.3,3.9,4.8
13,control,4.7,3.1,3.2,3.3,3.2,4.2,3.7,4.3
14,control,4.3,3.3,3.0,2.6,2.2,2.5,2.4,3.4
15,control,5.0,4.9,4.1,3.7,3.7,4.1,4.7,4.9
16,control,4.6,4.4,3.9,3.9,3.7,4.2,4.8,5.0
17,control,4.3,3.9,3.1,3.1,3.1,3.1,3.6,4.0
18,control,3.1,3.1,3.3,2.6,2.6,1.9,2.3,2.7
19,control,4.8,5.0,2.9,2.8,2.2,3.1,3.5,3.6
20,control,3.7,3.1,3.3,2.8,2.9,3.6,4.3,4.4
21,obese,5.4,4.7,3.9,4.1,2.8,3.7,3.5,3.7
22,obese,3.0,2.5,2.3,2.2,2.1,2.6,3.2,3.5
23,obese,4.9,5.0,4.1,3.7,3.7,4.1,4.7,4.9
24,obese,4.8,4.3,4.7,4.6,4.7,3.7,3.6,3.9
25,obese,4.4,4.2,4.2,3.4,3.5,3.4,3.8,4.0
26,obese,4.9,4.3,4.0,4.0,3.3,4.1,4.2,4.3
27,obese,5.1,4.1,4.6,4.1,3.4,4.2,4.4,4.9
28,obese,4.8,4.6,4.6,4.4,4.1,4.0,3.8,3.8
29,obese,4.2,3.5,3.8,3.6,3.3,3.1,3.5,3.9
30,obese,6.6,6.1,5.2,4.1,4.3,3.8,4.2,4.8
31,obese,3.6,3.4,3.1,2.8,2.1,2.4,2.5,3.5
32,obese,4.5,4.0,3.7,3.3,2.4,2.3,3.1,3.3
33,obese,4.6,4.4,3.8,3.8,3.8,3.6,3.8,3.8
