,date,Seats,Uncontested,ALPSeats,LPSeats,NPSeats,OtherSeats,ALP,ALP2PP,LP,NP,DLP,Dem,Green,Hanson,Com,AP,Informal,Turnout
1,1949-12-10,121,0,47,55,19,0,45.98,49.0,39.39,10.87,0.0,0.0,1.74,0.0,0.0,0.0,1.99,95.97
2,1951-04-28,121,3,52,52,17,0,47.63,49.3,40.62,9.72,0.0,0.0,1.74,0.0,1.0,0.0,1.9,96.0
3,1954-05-29,122,7,57,47,17,0,50.03,50.7,38.31,8.52,0.0,0.0,1.74,0.0,1.2,0.0,1.35,96.09
4,1955-12-10,122,10,47,57,18,0,44.63,45.8,39.73,7.9,5.17,0.0,1.74,0.0,1.2,0.0,2.88,95.0
5,1958-11-22,122,0,45,58,19,0,42.81,45.9,37.23,9.32,9.41,0.0,1.74,0.0,0.0,0.0,2.87,95.48
6,1961-12-09,122,0,60,45,17,0,47.9,50.5,33.58,8.51,8.71,0.0,1.74,0.0,0.0,0.0,2.57,95.27
7,1963-11-30,122,0,50,52,20,0,45.47,47.4,37.09,8.94,7.44,0.0,1.74,0.0,0.0,0.0,1.82,95.73
8,1966-11-26,124,0,41,61,21,1,39.98,43.1,40.14,9.84,7.31,0.0,1.74,0.0,0.0,0.0,3.1,95.13
9,1969-10-25,125,0,59,46,20,0,46.95,50.2,34.77,8.56,6.02,0.0,1.74,0.0,0.0,0.88,2.54,94.97
10,1972-12-02,125,0,67,38,20,0,49.59,52.7,32.04,9.44,5.25,0.0,1.74,0.0,0.0,2.42,2.17,95.38
11,1974-05-18,127,0,66,40,21,0,49.3,51.7,34.95,9.96,1.42,0.0,1.74,0.0,0.0,2.33,1.92,95.42
12,1975-12-13,127,0,36,68,23,0,42.84,44.3,41.8,11.25,1.32,0.0,1.74,0.0,0.0,0.43,1.89,95.39
13,1977-12-10,124,0,38,67,19,0,39.65,45.4,38.09,10.01,1.4,9.38,1.74,0.0,0.0,0.0,2.52,95.08
14,1980-10-18,125,0,51,54,20,0,45.15,49.6,37.43,8.97,0.3,6.57,1.74,0.0,0.0,0.0,2.45,94.35
15,1983-03-05,125,0,75,33,17,0,49.48,53.2,34.36,9.21,0.2,5.03,1.74,0.0,0.0,0.0,2.09,94.64
16,1984-12-01,148,0,82,45,21,0,47.55,51.8,34.38,10.63,0.6,5.45,1.74,0.0,0.0,0.0,6.78,94.19
17,1987-07-11,148,0,86,43,19,0,45.83,50.8,34.55,11.52,0.0,6.03,1.74,0.0,0.0,0.0,4.94,93.84
18,1990-03-24,148,0,78,55,14,1,39.44,49.9,35.04,8.42,0.0,11.26,1.74,0.0,0.0,0.0,3.19,95.31
19,1993-03-13,147,0,80,49,16,2,44.92,51.4,37.1,7.17,0.0,3.75,1.74,0.0,0.0,0.0,2.97,95.75
20,1996-03-02,148,0,49,76,18,5,38.75,46.4,39.04,8.21,0.0,6.76,1.74,0.0,0.0,0.0,3.2,95.77
21,1998-10-03,148,0,67,64,16,1,40.1,51.0,33.89,5.6,0.0,5.13,2.14,8.43,0.0,0.0,3.78,94.99
22,2001-11-10,150,0,65,69,14,3,37.84,49.0,37.08,5.93,0.0,5.41,4.96,4.34,0.0,0.0,4.81,95.39
23,2004-10-09,150,0,60,75,12,3,37.64,47.26,40.47,5.89,0.0,1.24,7.19,0.0,0.0,0.0,5.18,94.32
24,2007-11-24,150,0,83,55,10,2,43.38,52.7,36.28,5.49,0.05,0.72,7.79,0.26,0.0,0.0,3.95,94.76
