,X.coord,Y.coord,Band.1,Band.2,Band.3
1,59,1,157.2,-150.5,30.02
2,60,1,52.12,-72.61,-6.376
3,61,1,-188.1,-82.81,-55.63
4,62,1,-17.1,10.09,-21.23
5,52,2,18.39,-22.43,86.39
6,53,2,-144.2,-120.3,106.7
7,54,2,-237.7,-82.14,20.73
8,55,2,-116.7,10.5,27.39
9,56,2,43.04,117.1,11.82
10,57,2,177.3,228.3,34.54
11,58,2,76.51,86.84,-8.204
12,59,2,-36.91,-19.83,-71.71
13,60,2,-278.0,-39.25,-16.08
14,61,2,-244.0,-85.1,-34.69
15,48,3,42.43,-137.1,-63.81
16,49,3,-51.09,24.73,22.7
17,50,3,-33.53,155.6,-7.471
18,51,3,113.9,59.05,-49.18
19,52,3,-89.92,-111.4,-40.38
20,53,3,-217.4,-241.5,39.69
21,54,3,-69.33,-239.6,-41.37
22,55,3,-3.508,-15.11,-61.59
23,56,3,-42.44,57.61,1.668
24,57,3,154.5,138.9,79.86
25,58,3,-42.71,52.37,-0.0672
26,59,3,-294.4,80.55,-117.3
27,60,3,-234.1,140.6,-60.89
28,61,3,129.9,140.9,-35.87
29,47,4,177.7,83.21,-71.2
30,48,4,-53.52,-65.6,-77.23
31,49,4,-255.3,-36.08,-8.238
32,50,4,-124.9,-84.3,8.011
33,51,4,-2.784,-211.2,-38.98
34,52,4,50.17,-82.96,-111.8
35,53,4,175.1,-12.48,-11.98
36,54,4,104.2,-90.44,-47.77
37,55,4,-128.9,-29.26,-31.0
38,56,4,-162.0,-24.44,-4.869
39,57,4,123.6,55.75,28.61
40,58,4,-71.45,-27.99,2.671
41,59,4,-264.3,43.1,-55.17
42,60,4,122.7,169.2,-79.42
43,47,5,-70.69,92.08,7.156
44,48,5,-162.2,-66.66,7.813
45,49,5,-219.0,-126.1,-43.49
46,50,5,-80.18,-11.53,-57.0
47,51,5,-26.69,-139.5,-15.08
48,52,5,190.8,-53.28,-65.83
49,53,5,77.71,51.25,2.625
50,54,5,-130.0,96.59,-1.34
51,55,5,-252.2,46.63,85.08
52,56,5,-78.35,-67.2,65.55
53,57,5,143.7,66.98,3.547
54,58,5,126.2,104.4,9.617
55,59,5,-11.6,95.56,20.31
56,46,6,-21.52,-92.33,-73.23
57,47,6,-128.7,-6.363,-2.136
58,48,6,-39.56,9.579,47.61
59,49,6,-105.4,-118.2,-31.4
60,50,6,-9.658,175.7,-22.09
61,51,6,-5.646,220.3,-22.59
62,52,6,85.9,57.25,-23.5
63,53,6,-268.8,-59.99,27.68
64,54,6,-289.3,-71.24,1.044
65,55,6,-212.3,-58.93,109.6
66,56,6,3.163,-56.92,91.09
67,57,6,82.29,107.7,49.27
68,58,6,174.6,226.4,12.32
69,59,6,34.04,318.7,6.005
70,46,7,4.287,-134.0,-38.38
71,47,7,83.03,-88.1,-32.69
72,48,7,2.395,167.3,-25.83
73,49,7,-242.8,24.96,40.4
74,50,7,-130.3,153.2,82.24
75,51,7,-101.9,223.2,-37.26
76,52,7,-140.9,126.5,-35.27
77,53,7,-308.6,-69.53,55.15
78,54,7,-97.4,-237.5,33.39
79,55,7,-3.342,-67.8,64.91
80,56,7,17.73,21.05,23.68
81,57,7,17.11,99.85,69.37
82,58,7,63.0,199.7,5.371
83,45,8,-56.06,-81.8,-90.88
84,46,8,136.2,94.41,-21.2
85,47,8,160.7,4.203,17.84
86,48,8,-159.0,169.3,7.214
87,49,8,-331.1,159.8,37.36
88,50,8,-228.6,74.75,79.5
89,51,8,-112.8,35.35,-17.24
90,52,8,-33.68,172.1,-34.45
91,53,8,60.48,198.0,61.98
92,54,8,20.75,-16.79,86.63
93,55,8,14.57,6.128,63.61
94,56,8,-106.3,-18.26,-9.923
95,57,8,-58.53,49.1,-0.6611
96,58,8,-4.464,78.52,47.94
97,45,9,27.68,59.61,-78.52
98,46,9,5.506,235.3,-41.5
99,47,9,-107.2,85.87,66.67
100,48,9,-258.2,-7.3,115.3
101,49,9,-136.5,-81.32,-9.729
102,50,9,-132.2,28.62,-8.899
103,51,9,2.836,19.38,5.989
104,52,9,153.0,133.9,1.552
105,53,9,202.9,261.9,57.82
106,54,9,-158.8,81.02,72.99
107,55,9,-52.4,12.8,89.79
108,56,9,-39.9,28.0,50.88
109,57,9,49.2,150.2,-8.537
110,44,10,-60.64,-188.0,104.8
111,45,10,-39.4,70.95,38.06
112,46,10,-209.3,103.2,-6.67
113,47,10,-153.0,-123.1,47.58
114,48,10,-0.5782,-121.6,119.8
115,49,10,77.26,-170.2,-26.7
116,50,10,-26.88,136.4,-66.35
117,51,10,8.536,127.6,-42.13
118,52,10,-16.19,-13.05,11.3
119,53,10,-115.9,82.58,53.42
120,54,10,-290.9,39.86,24.36
121,55,10,35.52,-22.86,71.57
122,56,10,90.47,135.3,118.9
123,44,11,-156.4,-214.9,-0.6055
124,45,11,-84.09,-32.86,33.56
125,46,11,-99.73,-26.56,112.7
126,47,11,182.7,-23.56,10.98
127,48,11,337.0,153.2,-69.43
128,49,11,139.7,37.68,-90.92
129,50,11,-3.025,182.7,-61.67
130,51,11,43.96,152.6,-157.1
131,52,11,-115.6,-34.54,-65.46
132,53,11,-169.1,19.16,61.84
133,54,11,-121.9,-8.486,26.11
134,55,11,183.7,-52.72,14.18
135,56,11,121.8,197.2,105.4
136,43,12,-212.5,54.8,83.94
137,44,12,-113.8,-70.63,-22.42
138,45,12,141.0,63.58,-17.87
139,46,12,173.5,73.92,77.36
140,47,12,185.3,239.4,12.0
141,48,12,76.69,250.7,-63.78
142,49,12,-48.8,22.02,-80.71
143,50,12,-79.88,51.59,-42.68
144,51,12,23.14,23.17,-96.81
145,52,12,22.79,-32.66,-31.15
146,53,12,103.2,82.77,29.34
147,54,12,35.16,27.25,4.124
148,55,12,33.95,10.57,75.64
149,58,12,226.8,410.2,-71.73
150,43,13,-155.8,160.9,81.72
151,44,13,-74.2,104.9,53.98
152,45,13,107.0,93.12,32.9
153,46,13,-55.6,111.0,-21.75
154,47,13,-198.5,198.6,-6.35
155,48,13,-122.3,116.1,20.01
156,49,13,-60.14,-12.66,-84.06
157,50,13,-100.8,-2.459,-71.51
158,51,13,-25.08,31.65,78.9
159,52,13,76.15,5.436,78.59
160,53,13,74.26,90.38,-13.95
161,54,13,-13.48,81.92,-12.92
162,55,13,43.46,117.5,178.7
163,57,13,284.3,308.6,98.58
164,58,13,374.9,546.5,39.99
165,59,13,111.2,221.1,-21.41
166,42,14,50.71,167.7,-59.3
167,43,14,-61.89,262.3,-24.69
168,44,14,-94.35,180.7,47.87
169,45,14,-71.25,91.01,86.65
170,46,14,-226.1,-5.103,14.95
171,47,14,-246.9,-55.13,31.92
172,48,14,77.7,-33.1,38.11
173,49,14,98.23,-71.09,-101.1
174,50,14,12.03,-17.63,-119.6
175,51,14,-0.8398,48.35,11.81
176,52,14,-25.55,-9.851,67.35
177,53,14,-176.6,58.6,23.66
178,54,14,-49.11,70.22,-9.972
179,56,14,230.3,-11.08,128.6
180,57,14,240.3,325.3,110.8
181,58,14,383.2,402.5,23.01
182,59,14,54.6,-74.57,13.8
183,60,14,-267.4,-17.81,108.1
184,42,15,59.6,261.1,-18.36
185,43,15,-1.889,257.3,-66.91
186,44,15,-130.4,108.5,-29.46
187,45,15,-100.9,184.9,20.6
188,46,15,97.79,180.9,62.32
189,47,15,130.4,-99.35,21.46
190,48,15,161.9,-64.14,-64.24
191,49,15,64.58,-79.79,-60.91
192,50,15,-2.095,-76.36,-22.37
193,51,15,-69.26,64.61,-48.06
194,52,15,-120.8,10.33,-26.88
195,53,15,-87.22,11.55,29.34
196,56,15,120.4,-141.6,91.47
197,57,15,43.25,65.36,88.27
198,58,15,-1.918,-10.52,4.667
199,59,15,-320.0,-238.5,3.958
200,60,15,10.28,-43.12,168.5
201,61,15,274.0,4.042,116.4
202,41,16,0.1911,128.1,101.6
203,42,16,46.08,157.0,72.18
204,43,16,8.188,129.1,41.97
205,44,16,-147.5,-154.4,17.75
206,45,16,-81.98,65.96,56.79
207,46,16,201.1,316.6,42.78
208,47,16,165.3,-86.25,-22.9
209,48,16,-68.52,-64.29,-102.1
210,49,16,-132.7,-40.64,-13.59
211,50,16,-86.5,-65.07,73.12
212,51,16,-62.75,136.3,16.6
213,52,16,-3.675,120.5,-45.99
214,53,16,164.4,64.71,7.982
215,55,16,143.7,-185.4,-21.71
216,56,16,42.14,-158.3,14.53
217,57,16,6.318,6.405,47.7
218,58,16,-101.2,-119.0,81.19
219,59,16,-409.9,-278.3,-0.517
220,60,16,-240.6,-86.44,-13.84
221,61,16,160.3,49.21,22.06
222,62,16,5.747,42.07,29.98
223,63,16,0.4105,-46.19,12.55
224,41,17,23.58,70.26,109.9
225,42,17,68.68,73.18,22.4
226,43,17,-53.15,64.48,82.27
227,44,17,-133.3,-87.24,119.4
228,45,17,-53.59,-4.639,87.4
229,46,17,-30.83,259.8,6.66
230,47,17,-26.7,-8.688,1.401
231,48,17,-121.5,-65.45,-15.35
232,49,17,-77.56,-2.071,-15.05
233,50,17,-88.92,118.0,35.62
234,51,17,-15.62,260.2,76.55
235,52,17,89.98,273.7,68.17
236,54,17,-37.98,-149.5,39.18
237,55,17,-31.46,-499.6,94.29
238,56,17,53.65,-450.3,117.6
239,57,17,147.9,111.7,77.46
240,58,17,114.6,204.7,61.98
241,59,17,-147.6,39.1,-42.45
242,60,17,-469.9,54.33,-134.1
243,61,17,-239.4,77.27,-38.32
244,62,17,-23.41,-82.23,74.54
245,63,17,91.19,-110.0,31.33
246,64,17,250.7,-10.61,-68.61
247,40,18,176.2,-120.9,36.48
248,41,18,246.5,108.1,98.59
249,42,18,97.69,130.0,3.55
250,43,18,-146.7,101.2,-4.936
251,44,18,-223.8,1.651,85.4
252,45,18,-58.3,45.9,64.64
253,46,18,-124.3,182.1,45.09
254,47,18,39.64,74.69,48.07
255,48,18,143.1,14.18,85.29
256,49,18,142.2,-12.93,60.37
257,50,18,-31.63,117.2,27.91
258,51,18,-28.77,287.4,13.25
259,52,18,-44.99,173.8,83.11
260,54,18,8.24,-104.5,21.93
261,55,18,107.9,-476.6,83.96
262,56,18,122.6,-412.0,246.3
263,57,18,197.4,299.9,188.1
264,58,18,187.5,426.6,40.86
265,59,18,-41.42,221.2,-14.06
266,60,18,-118.7,108.8,22.15
267,61,18,-64.28,-32.08,-4.578
268,62,18,106.2,-47.71,1.257
269,63,18,166.7,-0.81,-12.87
270,64,18,268.4,2.338,-44.06
271,65,18,173.7,27.71,-62.3
272,40,19,248.4,-42.88,-30.8
273,41,19,211.3,177.8,84.61
274,42,19,73.32,298.9,94.91
275,43,19,-9.096,108.1,11.3
276,44,19,-204.3,-205.5,10.48
277,45,19,-33.17,-112.9,29.59
278,46,19,105.0,176.4,77.73
279,47,19,258.4,221.6,40.91
280,48,19,226.1,112.0,24.6
281,49,19,84.01,-29.31,53.78
282,50,19,-52.29,49.03,42.26
283,51,19,-62.95,96.26,9.804
284,53,19,26.77,10.68,155.6
285,54,19,358.2,201.8,31.42
286,55,19,379.7,79.89,-24.97
287,56,19,253.4,147.1,159.5
288,57,19,123.1,421.0,179.4
289,58,19,29.06,296.7,65.3
290,59,19,-160.4,65.19,27.2
291,60,19,75.61,119.4,87.18
292,61,19,275.7,10.86,52.54
293,62,19,149.2,13.21,-52.31
294,63,19,-16.58,29.63,-118.4
295,64,19,124.7,52.1,-26.22
296,65,19,183.4,201.4,126.8
297,66,19,13.54,74.55,72.39
298,39,20,128.1,17.1,-24.33
299,40,20,-40.1,-55.47,-31.52
300,41,20,48.76,-6.413,48.5
301,42,20,207.6,172.5,78.13
302,43,20,255.1,75.67,10.27
303,44,20,44.63,-252.6,-13.62
304,45,20,118.4,-256.6,-22.73
305,46,20,187.2,204.8,63.97
306,47,20,156.2,246.6,70.54
307,48,20,-79.17,62.28,19.63
308,49,20,-17.7,-120.0,64.07
309,50,20,47.19,-10.82,35.37
310,52,20,119.8,-132.4,41.63
311,53,20,322.8,212.3,73.42
312,54,20,235.6,336.1,5.162
313,55,20,7.098,186.6,-12.76
314,56,20,87.5,274.6,82.68
315,57,20,37.6,258.0,13.58
316,58,20,-78.3,156.9,-4.731
317,59,20,-105.2,19.74,19.04
318,60,20,-169.5,136.9,4.562
319,61,20,69.23,108.2,34.79
320,62,20,99.82,-0.1744,51.5
321,63,20,-90.6,-125.9,-69.81
322,64,20,9.271,-32.39,-39.16
323,65,20,267.1,345.9,128.1
324,66,20,333.5,324.2,82.95
325,39,21,-4.351,5.032,-41.53
326,40,21,-216.7,-162.5,-12.3
327,41,21,54.44,-205.9,47.73
328,42,21,289.2,58.5,-49.64
329,43,21,250.3,152.0,-83.96
330,44,21,157.5,-81.78,33.64
331,45,21,121.2,-187.7,0.4552
332,46,21,-23.29,106.5,44.22
333,47,21,-25.18,119.9,94.63
334,48,21,-68.05,41.71,85.73
335,49,21,119.2,1.604,11.61
336,50,21,160.8,90.99,-56.72
337,52,21,233.4,61.67,121.8
338,53,21,215.9,179.6,17.97
339,54,21,-45.67,228.6,-59.65
340,55,21,-201.6,24.92,-11.48
341,56,21,-47.02,-37.86,58.68
342,57,21,-123.9,-25.3,-77.13
343,58,21,-120.5,242.6,-65.73
344,59,21,97.48,185.2,14.8
345,60,21,-75.09,121.0,59.98
346,61,21,-10.81,90.42,66.3
347,62,21,330.0,55.99,85.91
348,63,21,218.9,-44.01,15.81
349,64,21,112.5,-8.037,19.83
350,65,21,312.2,227.0,56.49
351,66,21,475.9,325.8,28.01
352,38,22,-2.021,22.38,43.62
353,39,22,45.94,-65.29,-46.74
354,40,22,63.67,-203.9,11.19
355,41,22,140.0,-42.0,95.25
356,42,22,208.9,222.4,-44.89
357,43,22,76.66,200.8,-155.4
358,44,22,41.08,43.88,-53.7
359,45,22,-56.97,-103.4,63.99
360,46,22,-121.2,20.45,123.1
361,47,22,70.13,49.0,55.39
362,48,22,215.0,162.7,38.97
363,49,22,248.8,198.0,30.04
364,51,22,277.3,400.5,-50.02
365,52,22,81.87,185.4,72.71
366,53,22,-121.6,-15.88,136.9
367,54,22,-135.4,-0.3408,40.69
368,55,22,65.82,91.29,-57.82
369,56,22,176.8,-92.02,75.38
370,57,22,-153.0,-114.1,41.86
371,58,22,-167.8,134.6,-13.17
372,59,22,95.21,108.9,-1.881
373,60,22,301.3,145.5,150.4
374,61,22,352.3,100.8,84.99
375,62,22,474.6,85.02,-42.27
376,63,22,261.5,63.77,-21.34
377,64,22,90.51,47.62,116.3
378,65,22,55.45,136.5,109.5
379,37,23,111.0,275.6,108.2
380,38,23,-82.02,128.4,77.65
381,39,23,80.03,13.42,-5.767
382,40,23,273.9,-46.64,-15.34
383,41,23,74.19,255.7,90.03
384,42,23,67.15,321.0,9.943
385,43,23,-88.36,45.51,-55.45
386,44,23,-185.4,-15.42,-67.71
387,45,23,-69.08,-76.45,27.74
388,46,23,123.7,152.9,111.1
389,47,23,228.9,115.4,2.394
390,48,23,237.6,133.1,-25.39
391,49,23,131.3,182.8,62.34
392,50,23,49.31,229.6,18.23
393,51,23,97.35,177.3,-48.01
394,52,23,115.6,153.4,-11.92
395,53,23,85.61,133.1,63.02
396,54,23,42.5,10.23,69.04
397,55,23,265.1,187.4,-34.77
398,56,23,243.5,-34.99,73.34
399,57,23,-141.4,-304.5,108.1
400,58,23,-183.8,-135.0,58.9
401,59,23,-73.35,23.15,-12.03
402,60,23,156.1,18.77,103.5
403,61,23,340.8,3.661,84.3
404,62,23,282.7,73.47,-45.87
405,63,23,74.89,33.17,-62.08
406,64,23,61.11,-82.79,84.08
407,65,23,24.58,-58.8,172.8
408,37,24,142.3,134.9,59.58
409,38,24,-77.24,163.0,-0.1929
410,39,24,-107.4,74.68,-37.86
411,40,24,20.13,28.0,-40.32
412,41,24,-160.1,138.5,26.11
413,42,24,51.91,45.46,-5.6
414,43,24,141.6,-100.9,29.2
415,44,24,36.36,-60.6,23.36
416,45,24,133.9,-59.58,-49.42
417,46,24,211.7,252.8,-2.421
418,47,24,77.58,171.5,-2.275
419,48,24,-83.06,94.46,22.3
420,50,24,60.85,198.3,-21.1
421,51,24,199.1,148.3,-65.32
422,52,24,432.5,187.7,-90.58
423,53,24,291.6,212.4,-65.89
424,54,24,-62.03,37.23,39.31
425,55,24,69.65,78.22,61.31
426,56,24,103.1,-130.6,54.39
427,57,24,-89.76,-328.8,24.3
428,58,24,-77.21,-29.32,35.4
429,59,24,39.72,222.7,69.24
430,60,24,-122.3,-110.1,142.2
431,61,24,-80.7,-197.0,149.4
432,62,24,77.2,184.3,26.12
433,63,24,188.2,105.0,8.348
434,64,24,384.2,-138.0,68.67
435,65,24,264.0,-19.35,98.57
436,36,25,84.06,284.2,51.52
437,37,25,42.93,168.6,82.41
438,38,25,-106.1,72.03,-26.89
439,39,25,-226.5,-113.7,-76.65
440,40,25,-88.06,-177.1,51.25
441,41,25,-31.52,-1.101,109.0
442,42,25,110.8,-15.79,-25.65
443,43,25,277.3,-53.3,-22.11
444,44,25,305.4,62.76,50.39
445,45,25,224.7,-27.96,-33.67
446,46,25,72.71,167.7,-64.07
447,47,25,-48.01,64.97,13.49
448,49,25,-148.6,91.97,4.913
449,50,25,43.16,320.8,-103.6
450,51,25,507.4,507.2,-244.5
451,52,25,625.7,455.3,-238.6
452,53,25,114.0,71.8,-28.13
453,54,25,-143.6,-147.4,78.19
454,55,25,21.46,-131.6,118.4
455,56,25,161.6,11.03,56.23
456,57,25,7.991,131.4,-8.846
457,58,25,-26.77,214.6,-49.3
458,59,25,81.03,203.4,5.479
459,60,25,-263.1,-78.31,90.86
460,61,25,-313.4,-79.25,123.8
461,62,25,266.3,356.8,35.91
462,63,25,503.5,333.5,72.87
463,64,25,500.4,126.5,67.17
464,65,25,190.8,137.9,-9.924
465,36,26,52.61,432.8,6.058
466,37,26,13.3,140.8,41.33
467,38,26,-48.54,-43.41,8.097
468,39,26,42.13,-162.2,-3.031
469,40,26,251.9,-200.8,102.3
470,41,26,231.3,51.09,210.8
471,42,26,130.9,68.51,16.91
472,43,26,153.2,16.94,-107.9
473,44,26,163.4,68.23,-8.513
474,45,26,84.77,-59.06,-4.795
475,46,26,62.39,117.1,34.95
476,47,26,62.49,89.47,80.22
477,48,26,-13.91,99.25,165.6
478,49,26,-122.2,75.67,134.3
479,50,26,73.12,58.17,-15.44
480,51,26,307.2,135.6,-332.0
481,52,26,388.4,291.1,-345.7
482,53,26,36.99,72.66,-7.813
483,54,26,-12.14,-145.0,45.59
484,55,26,-59.27,-203.9,52.71
485,56,26,16.82,-12.96,42.88
486,57,26,-49.92,72.68,80.18
487,58,26,-106.7,59.78,13.11
488,59,26,-106.8,74.93,-45.38
489,60,26,-177.9,83.26,48.62
490,61,26,-121.6,41.57,171.4
491,62,26,258.7,217.9,104.7
492,63,26,312.7,292.0,43.91
493,64,26,291.3,177.0,16.76
494,65,26,-55.06,82.59,-17.26
495,35,27,24.96,197.0,48.92
496,36,27,113.1,270.9,13.08
497,37,27,135.2,151.6,-59.15
498,38,27,99.27,40.99,-38.21
499,39,27,111.8,-88.4,16.73
500,40,27,314.4,-66.8,20.98
501,41,27,136.6,125.4,133.1
502,42,27,57.02,11.66,25.31
503,43,27,88.86,-64.35,-30.75
504,44,27,103.4,-22.26,-48.63
505,45,27,87.07,-79.32,-66.65
506,46,27,229.1,257.5,46.53
507,49,27,-291.1,-160.7,150.1
508,50,27,-144.9,-513.7,41.12
509,51,27,24.9,-567.3,-128.6
510,52,27,342.9,28.79,-166.3
511,53,27,203.5,306.7,-12.34
512,54,27,175.3,255.4,20.26
513,55,27,-170.3,2.835,65.78
514,56,27,-252.9,-118.6,91.52
515,57,27,-133.1,-265.4,157.9
516,58,27,-143.7,-268.6,212.7
517,59,27,-129.8,-142.8,96.4
518,60,27,-35.35,45.9,25.02
519,61,27,50.67,61.07,122.5
520,62,27,95.59,-10.5,145.8
521,63,27,-40.89,25.62,-1.581
522,64,27,-48.75,-0.7775,-27.61
523,35,28,86.95,-10.02,22.4
524,36,28,135.8,172.6,14.17
525,37,28,222.9,382.6,-69.89
526,38,28,261.8,290.3,-117.7
527,39,28,119.3,-70.55,-20.41
528,40,28,179.4,-80.48,8.38
529,41,28,78.31,145.3,64.66
530,42,28,136.2,13.15,-35.84
531,43,28,83.25,-44.25,65.39
532,44,28,132.7,157.6,26.16
533,45,28,94.62,90.9,-86.64
534,46,28,132.7,293.6,-55.69
535,51,28,-7.151,-1109.0,-135.9
536,52,28,341.7,-28.05,-121.2
537,53,28,258.2,445.7,-64.07
538,54,28,165.0,412.4,39.08
539,55,28,-181.0,69.62,78.9
540,56,28,-169.6,-99.51,60.42
541,57,28,97.05,0.0682,126.2
542,58,28,150.5,15.88,316.5
543,59,28,53.6,-132.0,195.3
544,60,28,-137.6,-10.79,26.77
545,61,28,-118.2,-60.6,50.03
546,62,28,175.7,-211.2,98.25
547,63,28,284.1,-24.76,15.34
548,64,28,132.3,49.81,-42.66
549,34,29,134.4,26.31,-130.2
550,35,29,66.64,81.02,-98.51
551,36,29,-7.274,276.3,2.165
552,37,29,89.23,525.9,76.24
553,38,29,88.96,278.2,-27.25
554,39,29,12.24,-196.5,-6.385
555,40,29,221.4,-69.46,-60.93
556,41,29,204.6,187.8,71.28
557,42,29,172.0,134.2,46.85
558,43,29,-50.44,97.26,62.98
559,44,29,42.75,234.8,25.36
560,45,29,-68.81,115.7,26.27
561,52,29,202.3,-166.5,-62.72
562,53,29,138.2,440.9,-70.8
563,54,29,129.4,322.7,-30.96
564,55,29,-47.43,-59.36,-57.23
565,56,29,19.18,-39.57,-31.69
566,57,29,143.5,270.3,87.84
567,58,29,304.6,127.0,128.4
568,59,29,219.5,-178.8,-7.43
569,60,29,-200.5,-142.8,-4.126
570,61,29,-232.3,-218.9,61.35
571,62,29,222.3,-213.9,20.22
572,63,29,527.3,78.34,34.31
573,64,29,254.1,316.6,8.493
574,34,30,-22.23,111.9,-65.66
575,35,30,83.05,309.3,-79.53
576,36,30,131.3,394.4,-35.75
577,37,30,94.71,287.4,104.8
578,38,30,-24.67,-96.19,49.57
579,39,30,45.21,-174.3,74.49
580,40,30,371.7,118.0,-56.99
581,41,30,252.0,218.9,31.54
582,42,30,120.8,161.4,92.77
583,43,30,-89.48,-11.59,80.34
584,44,30,-19.7,8.765,4.546
585,54,30,165.1,398.7,-95.19
586,55,30,4.52,-17.42,-44.14
587,56,30,-68.44,-73.87,14.75
588,57,30,92.72,-37.6,111.5
589,58,30,232.5,-161.9,91.01
590,59,30,226.4,-176.8,-56.96
591,60,30,25.79,-200.0,-83.55
592,61,30,-136.1,-223.9,-4.879
593,62,30,-16.61,-121.8,-100.5
594,63,30,276.4,178.9,-115.0
595,64,30,56.06,302.4,-5.807
596,65,30,-80.91,49.57,36.77
597,33,31,-135.9,33.2,298.7
598,34,31,51.5,59.59,68.1
599,35,31,323.5,162.2,59.17
600,36,31,397.1,306.9,-14.05
601,37,31,258.9,175.8,56.44
602,38,31,105.3,-33.27,34.56
603,39,31,72.67,150.1,119.3
604,40,31,189.6,113.5,15.75
605,41,31,115.0,27.03,10.49
606,42,31,147.1,24.89,70.96
607,43,31,106.1,-75.86,56.74
608,44,31,149.5,-56.15,-15.23
609,55,31,-161.5,27.35,38.73
610,56,31,-146.4,-27.57,73.01
611,57,31,166.6,-254.2,42.58
612,58,31,224.6,-177.4,101.9
613,59,31,249.6,81.79,99.33
614,60,31,228.3,-51.06,-39.22
615,61,31,15.05,-235.0,-24.17
616,62,31,-208.8,-133.6,-67.06
617,63,31,-41.85,-26.13,-116.3
618,64,31,-132.4,15.55,-66.71
619,65,31,-64.27,92.1,-7.047
620,33,32,-64.89,-252.4,194.0
621,34,32,178.4,-288.6,48.63
622,35,32,352.0,-90.21,15.33
623,36,32,415.2,272.8,62.8
624,37,32,298.9,324.5,115.3
625,38,32,100.2,119.3,37.31
626,39,32,22.62,152.6,64.29
627,40,32,53.7,35.79,47.71
628,41,32,113.8,-60.68,19.61
629,42,32,61.85,-73.55,24.38
630,43,32,98.5,56.87,6.48
631,55,32,-326.0,-24.8,36.17
632,56,32,-65.31,54.26,106.6
633,57,32,280.3,-85.44,35.08
634,58,32,395.1,10.07,90.41
635,59,32,362.7,88.24,162.0
636,60,32,95.43,-218.3,38.5
637,61,32,-40.53,-371.5,10.41
638,62,32,-65.39,-220.7,-0.2613
639,63,32,-19.37,-220.7,-47.5
640,64,32,-69.34,-38.62,-69.48
641,65,32,48.64,258.9,-61.57
642,66,32,22.39,137.5,-77.2
643,32,33,-535.1,154.2,270.6
644,33,33,-230.5,-174.1,37.6
645,34,33,-74.41,-165.4,-37.7
646,35,33,97.62,123.3,-12.18
647,36,33,293.0,442.6,72.31
648,37,33,288.1,279.9,124.0
649,38,33,-5.345,-108.1,103.2
650,39,33,48.31,-162.2,22.81
651,40,33,164.5,62.31,-0.7374
652,41,33,164.6,110.0,-53.97
653,42,33,-243.4,-271.2,-39.21
654,43,33,-175.9,-493.6,-81.31
655,55,33,-262.8,59.6,-33.78
656,56,33,53.88,89.88,91.88
657,57,33,146.2,116.6,111.6
658,58,33,273.6,29.46,68.36
659,59,33,202.6,23.71,7.726
660,60,33,2.23,-107.2,-9.414
661,61,33,-24.58,-296.6,14.92
662,62,33,80.63,-299.6,-72.34
663,63,33,-17.84,-80.25,-115.9
664,64,33,-39.05,103.3,-20.0
665,65,33,-64.68,97.77,0.152
666,66,33,-200.7,-269.7,-39.47
667,67,33,-346.6,-298.6,-90.58
668,74,33,-198.3,-71.66,-43.71
669,32,34,-390.5,51.16,292.6
670,33,34,-263.9,108.1,28.6
671,34,34,-262.1,124.4,-33.47
672,35,34,-170.9,111.8,34.82
673,36,34,18.33,169.5,96.53
674,37,34,316.5,62.89,66.53
675,38,34,207.0,-172.9,97.14
676,39,34,102.2,-134.5,91.34
677,40,34,64.76,126.1,-12.64
678,41,34,45.57,77.33,-84.29
679,42,34,-289.0,-474.3,-51.68
680,54,34,-175.8,3.808,71.62
681,55,34,-347.9,129.3,-60.3
682,56,34,-27.35,3.164,-2.28
683,57,34,22.7,-42.6,114.8
684,58,34,44.67,-5.016,72.82
685,59,34,70.9,149.3,-51.78
686,60,34,147.6,41.56,-20.29
687,61,34,-21.25,-191.4,38.01
688,62,34,-198.2,-424.8,-16.47
689,63,34,-252.6,-147.0,-118.8
690,64,34,-132.9,96.32,-53.41
691,65,34,-224.0,-94.01,5.566
692,66,34,-153.2,-507.1,33.94
693,67,34,-0.453,-482.0,-14.63
694,72,34,-176.6,158.1,-49.48
695,73,34,15.3,23.42,45.21
696,31,35,25.43,53.17,125.8
697,32,35,11.84,75.9,243.0
698,33,35,92.45,135.2,79.03
699,34,35,45.08,108.0,19.14
700,35,35,-57.11,-171.2,65.94
701,36,35,-68.14,-82.63,127.5
702,37,35,167.1,26.44,30.29
703,38,35,227.7,-16.69,-54.89
704,39,35,-19.69,-24.74,30.43
705,40,35,-206.8,27.41,43.56
706,41,35,-77.02,-105.2,-5.319
707,54,35,-188.4,-24.03,131.0
708,55,35,-326.2,21.84,3.911
709,56,35,-145.7,-35.72,-12.73
710,57,35,132.3,-18.34,41.3
711,58,35,46.02,187.7,20.37
712,59,35,243.0,386.5,-58.14
713,60,35,199.4,246.6,-68.43
714,61,35,-100.1,52.08,-1.004
715,62,35,-392.3,-335.5,74.99
716,63,35,-384.1,-230.1,20.98
717,64,35,-136.4,-33.08,12.83
718,65,35,113.8,-136.4,-61.58
719,66,35,230.2,-157.7,-60.15
720,67,35,160.2,-181.4,-86.07
721,68,35,-199.5,-244.3,-119.9
722,70,35,-269.8,-32.11,4.259
723,71,35,-314.0,-186.0,-64.05
724,72,35,-183.7,-105.9,37.82
725,73,35,200.9,-57.45,26.85
726,31,36,180.7,88.87,-43.66
727,32,36,49.83,-68.53,38.35
728,33,36,170.7,-39.69,51.26
729,34,36,232.5,205.0,74.8
730,35,36,67.25,68.6,80.25
731,36,36,85.06,3.082,76.49
732,37,36,42.75,-39.86,26.01
733,38,36,57.02,-54.98,-79.85
734,39,36,-46.59,-16.01,-97.3
735,40,36,-176.9,39.7,-2.404
736,41,36,-89.14,-21.72,62.69
737,54,36,-173.9,-352.8,190.4
738,55,36,-85.05,-245.9,-11.52
739,56,36,-162.8,-103.7,3.211
740,57,36,26.87,137.0,56.96
741,58,36,-164.7,294.7,-23.14
742,59,36,-28.29,215.0,-27.04
743,60,36,-89.97,49.36,-23.86
744,61,36,-182.1,101.1,-60.12
745,62,36,-144.6,-114.6,-56.05
746,63,36,-234.7,-90.48,32.32
747,64,36,-281.5,-6.574,60.06
748,65,36,54.17,-166.5,-118.6
749,66,36,139.7,-68.15,-178.9
750,67,36,-117.4,66.0,-78.54
751,68,36,-401.7,-309.8,-79.44
752,69,36,-208.8,-226.7,-68.7
753,70,36,-138.5,-69.6,-16.32
754,71,36,-146.4,-176.9,-27.26
755,72,36,-136.9,-31.24,39.86
756,73,36,139.1,80.66,-30.12
757,30,37,-192.7,-220.0,38.98
758,31,37,228.0,-72.12,-47.96
759,32,37,168.6,-136.5,-66.32
760,33,37,114.0,25.15,-55.06
761,34,37,98.63,408.3,7.784
762,35,37,37.53,312.2,22.52
763,36,37,163.2,-108.8,-23.17
764,37,37,49.03,-305.8,-36.95
765,38,37,34.99,-20.91,-22.22
766,39,37,44.32,124.5,-56.9
767,40,37,-116.4,120.9,-8.471
768,54,37,20.22,-263.8,79.59
769,55,37,31.04,-276.5,-72.59
770,56,37,-78.81,-161.6,-61.43
771,57,37,-42.42,68.35,90.78
772,58,37,-229.5,224.6,70.86
773,59,37,-190.5,-5.963,109.6
774,60,37,-39.49,-220.5,60.36
775,61,37,-38.31,-94.84,-66.99
776,62,37,-50.45,-70.93,-109.0
777,63,37,-246.4,51.37,-32.86
778,64,37,-368.7,118.4,18.56
779,65,37,-199.5,-282.5,-39.05
780,66,37,-88.64,-450.4,-122.9
781,67,37,-120.9,-81.3,-71.9
782,68,37,-88.33,-161.1,-8.166
783,69,37,-106.3,-97.58,-2.309
784,70,37,-171.6,5.092,-33.0
785,71,37,-64.94,-70.62,-47.8
786,72,37,-142.7,-26.65,-48.33
787,30,38,-198.8,-66.01,26.72
788,31,38,61.47,42.51,95.44
789,32,38,130.4,9.001,45.46
790,33,38,201.3,147.1,-6.458
791,34,38,121.1,361.2,22.46
792,35,38,64.19,265.0,52.39
793,36,38,155.1,-165.7,-2.601
794,37,38,137.5,-299.6,-65.51
795,38,38,172.2,80.09,-38.34
796,39,38,116.8,217.4,-33.03
797,40,38,-166.1,126.4,9.748
798,54,38,-42.62,-185.3,-63.72
799,55,38,-8.066,-168.7,-87.19
800,56,38,28.75,-254.7,-87.46
801,57,38,-11.36,-222.6,80.67
802,58,38,187.9,165.7,250.4
803,59,38,375.8,43.58,348.6
804,60,38,234.4,-395.7,137.6
805,61,38,-32.42,-254.0,-85.2
806,62,38,-327.1,-89.86,-80.28
807,63,38,-429.0,58.97,-47.22
808,64,38,-292.9,151.3,-8.318
809,65,38,-48.12,-11.86,17.65
810,66,38,170.0,-317.2,-40.17
811,67,38,166.4,-134.5,-86.73
812,68,38,140.3,72.14,-38.31
813,69,38,-142.3,82.15,4.681
814,70,38,-325.6,12.03,-13.75
815,71,38,-196.7,-83.12,-45.94
816,72,38,-179.8,-135.1,-117.5
817,29,39,-44.15,204.4,72.21
818,30,39,-297.3,223.5,78.08
819,31,39,-88.64,78.07,101.0
820,32,39,-15.66,-55.91,5.309
821,33,39,227.4,72.86,70.96
822,34,39,290.5,284.6,98.45
823,35,39,149.5,306.2,76.18
824,36,39,65.06,-170.6,93.75
825,37,39,93.8,-268.6,18.34
826,38,39,149.3,-59.07,-70.46
827,39,39,124.6,47.94,-115.4
828,54,39,-279.0,-270.8,-40.11
829,55,39,13.77,-297.5,-33.97
830,56,39,102.3,-334.7,-0.1923
831,57,39,127.8,-143.4,146.1
832,58,39,533.2,217.5,400.8
833,59,39,432.0,-222.8,401.6
834,60,39,-133.0,-766.4,88.27
835,61,39,-169.7,-425.7,-27.5
836,62,39,-271.6,-94.49,-38.93
837,63,39,-439.2,18.46,-15.36
838,64,39,-237.7,83.45,-24.25
839,65,39,185.6,98.02,-48.08
840,66,39,344.4,-72.15,-75.01
841,67,39,-18.8,-208.0,-68.82
842,68,39,-150.5,-21.25,-78.72
843,69,39,-363.4,-49.46,-68.01
844,70,39,-357.5,-116.0,-3.069
845,71,39,-201.9,-131.9,22.42
846,72,39,10.04,-179.1,-70.57
847,29,40,-148.1,140.2,-62.66
848,30,40,-215.1,38.73,70.15
849,31,40,51.13,-23.44,58.9
850,32,40,-18.79,-4.987,-71.73
851,33,40,-122.0,109.9,16.12
852,34,40,-7.191,317.6,85.21
853,35,40,19.55,323.0,68.91
854,36,40,-90.03,-191.2,56.14
855,37,40,-42.57,-241.7,13.62
856,38,40,53.66,-230.5,-25.74
857,53,40,-90.59,-133.4,83.55
858,54,40,-79.75,-150.6,3.582
859,55,40,249.9,-260.9,-59.54
860,56,40,193.6,-278.4,0.3446
861,57,40,-3.527,-115.3,190.2
862,58,40,448.2,274.1,435.8
863,59,40,188.5,-131.7,319.5
864,60,40,-291.1,-695.3,1.424
865,61,40,30.91,-369.5,-62.42
866,62,40,84.56,44.05,-170.1
867,63,40,-314.1,139.6,-86.96
868,64,40,-319.8,58.04,1.169
869,65,40,-117.4,-153.3,-9.558
870,66,40,-75.69,-230.9,-67.8
871,67,40,-233.8,-211.3,-52.18
872,68,40,-98.82,-66.35,-99.8
873,69,40,-157.0,-181.5,-105.6
874,70,40,-32.79,-220.0,-61.86
875,71,40,56.88,-25.77,-23.04
876,28,41,-307.3,-37.33,85.85
877,29,41,-123.8,-151.0,-92.55
878,30,41,-12.86,-42.46,13.23
879,31,41,284.0,37.66,60.75
880,32,41,236.8,20.66,-46.08
881,33,41,-113.6,128.0,-40.96
882,34,41,-211.3,172.8,-8.815
883,35,41,-155.0,49.53,34.56
884,36,41,-86.3,-215.6,-33.01
885,37,41,-30.05,-119.3,-75.96
886,38,41,87.32,6.061,-20.71
887,53,41,207.9,22.49,-73.46
888,54,41,130.1,-59.14,-85.73
889,55,41,162.9,-227.4,-101.7
890,56,41,173.0,-209.6,-54.99
891,57,41,-172.9,-219.2,124.7
892,58,41,-53.1,162.1,312.4
893,59,41,-107.3,85.47,191.5
894,60,41,-112.5,-408.1,-123.4
895,61,41,89.62,-172.6,-122.3
896,62,41,4.931,104.5,-136.7
897,63,41,-234.3,71.3,-134.7
898,64,41,-204.3,-30.96,-38.01
899,65,41,-277.0,-466.5,65.73
900,66,41,-352.9,-515.8,5.343
901,67,41,-255.8,-258.4,-82.52
902,68,41,23.39,-96.94,-81.97
903,69,41,-116.5,-184.4,0.4579
904,70,41,-119.7,-247.6,-61.12
905,71,41,48.08,-31.17,-131.9
906,28,42,-90.59,-150.0,27.45
907,29,42,-5.107,-92.69,-72.21
908,30,42,6.264,50.08,-59.49
909,31,42,156.2,53.12,-11.49
910,32,42,190.6,-86.64,-61.44
911,33,42,94.41,-41.34,-18.7
912,34,42,-82.24,-42.71,7.508
913,35,42,-80.09,-197.1,41.01
914,36,42,14.43,-264.9,-13.36
915,37,42,-52.91,-145.1,-60.74
916,53,42,55.37,-118.6,-152.9
917,54,42,-46.24,-81.0,-94.69
918,55,42,33.3,-146.3,-60.03
919,56,42,21.94,-117.2,-43.72
920,57,42,-280.6,-171.4,44.64
921,58,42,-373.2,-31.98,153.5
922,59,42,-413.3,-146.3,103.9
923,60,42,-183.3,-363.2,-99.74
924,61,42,-161.2,-76.69,-125.1
925,62,42,-304.3,51.46,-99.76
926,63,42,-60.83,-72.18,-117.0
927,64,42,73.84,-137.7,-25.08
928,65,42,-85.27,-438.4,64.72
929,66,42,-1.472,-382.8,-42.77
930,67,42,-190.8,-223.4,-88.57
931,68,42,-158.6,-155.6,-44.51
932,69,42,-198.4,-247.8,13.03
933,70,42,-207.1,-337.4,-73.82
934,71,42,-151.0,-195.1,-81.01
935,28,43,-14.68,192.2,50.68
936,29,43,-21.68,143.7,-10.73
937,30,43,-140.6,40.57,-45.29
938,31,43,-147.2,-161.1,-51.9
939,32,43,-0.5413,-320.8,-155.9
940,33,43,117.1,-236.1,-84.42
941,34,43,31.99,-143.7,47.45
942,35,43,23.22,-119.9,17.76
943,36,43,19.31,-114.7,14.02
944,37,43,-69.46,-233.0,49.65
945,54,43,66.79,87.46,-105.4
946,55,43,136.4,20.46,-68.22
947,56,43,-104.6,81.67,35.8
948,57,43,-322.8,39.72,57.49
949,58,43,-307.7,-80.61,36.36
950,59,43,-408.3,-216.0,122.7
951,60,43,-324.1,-247.3,24.99
952,61,43,-266.8,30.68,-123.4
953,62,43,-252.0,195.3,-163.5
954,63,43,118.3,34.8,-94.96
955,64,43,125.5,-138.2,38.87
956,65,43,-147.6,-375.3,116.4
957,66,43,-42.69,-349.9,11.84
958,67,43,-283.9,-190.6,20.86
959,68,43,-174.2,-26.26,-67.27
960,69,43,50.36,-45.86,-121.7
961,70,43,71.0,-87.4,-94.58
962,28,44,2.327,285.5,63.67
963,29,44,-24.57,114.5,-19.42
964,30,44,-60.88,121.1,-92.11
965,31,44,-190.0,15.3,-26.24
966,32,44,-78.57,-151.8,-110.2
967,33,44,25.57,-107.3,-121.2
968,34,44,70.84,-164.9,7.079
969,35,44,52.91,-92.58,4.089
970,36,44,25.35,-29.59,39.12
971,55,44,-31.79,136.9,-54.24
972,56,44,-77.64,192.6,62.84
973,57,44,-7.355,252.6,85.93
974,58,44,-25.04,-59.46,-17.48
975,59,44,-200.4,-139.6,63.89
976,60,44,-192.9,-12.04,43.14
977,61,44,-111.1,116.9,-20.61
978,62,44,-142.0,218.3,-60.43
979,63,44,-140.3,120.7,-109.5
980,64,44,-170.8,-66.59,2.138
981,65,44,-246.9,-295.8,146.7
982,66,44,-215.2,-317.6,83.23
983,67,44,-248.7,-192.2,23.96
984,68,44,15.6,70.4,-132.1
985,69,44,125.9,102.4,-138.4
986,70,44,18.39,95.28,-75.42
987,28,45,201.8,63.51,-5.787
988,29,45,203.3,193.9,-69.73
989,30,45,207.3,366.6,-175.3
990,31,45,28.42,362.4,-105.7
991,32,45,3.288,-25.32,-92.47
992,33,45,74.84,28.26,-119.8
993,34,45,86.5,-187.0,-45.04
994,35,45,-15.18,-237.5,-11.95
995,57,45,109.2,237.1,-38.93
996,58,45,71.87,116.2,-78.52
997,59,45,4.801,28.22,63.68
998,60,45,-30.2,94.57,130.4
999,61,45,-41.92,46.84,88.34
1000,62,45,-135.1,-11.1,34.14
1001,63,45,-331.8,51.44,-70.29
1002,64,45,-282.5,61.66,-65.47
1003,65,45,-57.02,59.36,-0.1551
1004,66,45,2.402,2.033,-0.1731
1005,67,45,-126.0,-13.34,1.895
1006,68,45,-70.77,32.72,-94.93
1007,69,45,-123.9,-38.55,-72.66
1008,70,45,-75.37,39.58,15.15
1009,28,46,144.3,-10.9,-17.48
1010,29,46,73.12,326.3,12.2
1011,30,46,74.44,253.0,-58.42
1012,31,46,-85.09,192.8,-140.9
1013,32,46,-56.37,-125.0,-74.02
1014,33,46,250.2,-12.6,-74.22
1015,34,46,128.2,-127.8,-72.1
1016,35,46,-83.02,-91.4,-42.7
1017,58,46,-59.88,254.4,-126.3
1018,59,46,-20.23,170.2,-1.381
1019,60,46,-95.57,51.62,130.8
1020,61,46,-77.56,-91.66,88.16
1021,62,46,39.23,-94.32,-2.343
1022,63,46,-120.0,57.27,48.79
1023,64,46,-199.5,158.9,-32.25
1024,65,46,-93.64,202.6,-95.33
1025,66,46,-75.13,101.4,-76.04
1026,67,46,-296.4,36.83,25.31
1027,68,46,-226.1,-105.0,-55.96
1028,69,46,-66.39,-157.6,-170.5
1029,27,47,314.2,-259.2,20.29
1030,28,47,-31.75,67.29,32.47
1031,29,47,-6.054,186.4,-10.38
1032,30,47,90.7,126.0,-16.5
1033,31,47,-56.14,42.83,-42.44
1034,32,47,25.58,-199.6,-15.03
1035,33,47,157.4,-42.66,-66.25
1036,34,47,-26.53,-35.48,-56.64
1037,60,47,-72.83,169.4,43.72
1038,61,47,-95.39,9.612,37.0
1039,62,47,4.312,-55.66,-34.96
1040,63,47,-38.6,-47.97,116.8
1041,64,47,-295.1,12.34,53.93
1042,65,47,-311.9,101.4,-13.68
1043,66,47,-156.5,0.5998,-17.39
1044,67,47,-162.1,-22.53,3.478
1045,68,47,-56.14,-89.84,-41.63
1046,69,47,-78.27,-118.0,-191.5
1047,27,48,232.3,-149.2,-45.95
1048,28,48,-24.28,-92.07,13.73
1049,29,48,28.19,-41.22,-41.37
1050,30,48,161.6,149.0,-21.01
1051,31,48,100.1,155.8,-12.93
1052,32,48,122.8,-179.6,16.04
1053,33,48,17.74,-243.4,-11.25
1054,34,48,-158.0,-196.9,-91.14
1055,61,48,-174.4,-18.68,-10.25
1056,62,48,-251.6,5.265,-13.65
1057,63,48,-68.43,-150.7,15.02
1058,64,48,-184.6,-125.4,-24.31
1059,65,48,-158.2,159.6,10.34
1060,66,48,-7.066,-52.35,65.11
1061,67,48,55.19,-99.3,-9.133
1062,68,48,-10.29,-40.32,-41.35
1063,69,48,-184.6,-82.71,-49.7
1064,27,49,38.12,-410.6,-10.35
1065,28,49,-38.31,-249.0,107.2
1066,29,49,-7.876,-36.87,88.08
1067,30,49,20.94,20.45,15.42
1068,31,49,-38.17,44.77,-85.47
1069,32,49,-25.39,-225.2,-35.94
1070,33,49,92.72,-337.6,0.9587
1071,62,49,-316.1,-81.41,-22.57
1072,63,49,-2.294,-78.37,-26.65
1073,64,49,66.84,-41.98,-35.84
1074,65,49,156.6,278.6,8.952
1075,66,49,181.9,89.87,16.39
1076,67,49,-71.04,-47.61,11.66
1077,68,49,-216.4,-71.4,-53.73
1078,27,50,-60.71,-295.8,58.54
1079,28,50,-145.5,-5.408,101.9
1080,29,50,-59.7,-30.43,36.78
1081,30,50,-135.3,-203.9,-6.822
1082,31,50,-29.96,-104.3,-82.36
1083,32,50,-94.87,-208.0,-64.8
1084,61,50,-160.2,-147.6,5.221
1085,62,50,-128.7,-81.82,-9.542
1086,63,50,8.565,-68.92,78.77
1087,64,50,103.0,-5.273,39.86
1088,65,50,134.9,262.7,40.32
1089,66,50,44.91,155.9,-5.085
1090,67,50,-75.91,-19.41,43.7
1091,68,50,-47.32,-102.1,-3.714
1092,27,51,-168.6,-108.2,72.24
1093,28,51,-90.95,-13.53,11.01
1094,29,51,65.59,-81.66,-71.35
1095,30,51,-111.5,-88.62,-20.8
1096,31,51,-28.49,-82.37,-26.47
1097,32,51,-160.5,-96.57,9.858
1098,61,51,85.89,-8.486,-9.848
1099,62,51,-156.1,-208.5,30.82
1100,63,51,-146.5,-294.4,50.86
1101,64,51,109.3,-19.17,-42.93
1102,65,51,143.9,203.7,-0.2667
1103,66,51,-21.79,168.7,37.94
1104,67,51,44.24,63.04,46.41
1105,68,51,62.34,-28.51,56.17
1106,27,52,-61.84,-119.3,-61.31
1107,28,52,29.95,-25.72,-81.16
1108,29,52,223.6,131.0,-73.21
1109,30,52,176.8,74.35,-50.22
1110,31,52,20.7,-164.4,-105.7
1111,60,52,128.3,115.3,-28.71
1112,61,52,-54.82,-41.05,3.19
1113,62,52,-297.4,-442.5,-32.15
1114,63,52,-168.9,-387.6,-3.816
1115,64,52,116.2,-12.76,-27.18
1116,65,52,177.3,189.4,-34.69
1117,66,52,71.35,302.4,44.96
1118,67,52,4.461,108.1,116.1
1119,27,53,-34.79,-203.7,-80.28
1120,28,53,60.92,119.1,-74.07
1121,29,53,263.5,204.4,-53.3
1122,30,53,166.7,-71.8,-23.69
1123,31,53,-4.57,-418.7,-95.88
1124,60,53,88.26,106.4,-1.408
1125,61,53,-95.9,-118.9,-25.35
1126,62,53,-124.5,-219.7,-103.8
1127,63,53,-53.25,-59.22,-30.29
1128,64,53,65.95,98.94,42.52
1129,65,53,169.8,160.0,1.856
1130,66,53,76.8,223.1,36.14
1131,67,53,-70.45,17.28,74.07
1132,27,54,-77.99,-296.3,-98.24
1133,28,54,18.86,-206.2,5.799
1134,29,54,105.9,-105.5,-67.06
1135,30,54,15.98,-156.5,-118.9
1136,59,54,489.7,112.7,-19.62
1137,60,54,309.1,72.64,-16.52
1138,61,54,-33.24,-17.15,-3.842
1139,62,54,-80.49,97.52,-86.76
1140,63,54,-64.45,206.5,-132.7
1141,64,54,-78.03,26.43,-64.26
1142,65,54,-40.06,-0.8553,1.381
1143,66,54,0.1975,35.15,46.04
1144,67,54,101.5,6.581,14.69
1145,27,55,-24.49,-347.7,-150.8
1146,28,55,-10.97,-315.7,-25.12
1147,29,55,-33.14,-167.8,-6.029
1148,59,55,429.7,203.8,17.73
1149,60,55,272.2,127.4,6.328
1150,61,55,-261.0,130.0,1.886
1151,62,55,-336.1,108.3,-16.33
1152,63,55,-150.4,100.4,-92.19
1153,64,55,-170.1,-32.48,-92.21
1154,65,55,-75.89,-27.77,-33.45
1155,66,55,11.36,103.6,43.53
1156,27,56,69.47,-218.5,-72.69
1157,28,56,-28.83,-85.25,-58.25
1158,29,56,-137.0,-29.57,-21.63
1159,58,56,44.67,457.3,-22.14
1160,59,56,202.1,222.4,-14.84
1161,60,56,267.0,95.34,0.5165
1162,61,56,-181.0,138.5,16.1
1163,62,56,-330.6,45.69,36.62
1164,63,56,-235.8,122.4,-2.925
1165,64,56,-228.3,253.7,17.38
1166,65,56,-87.04,145.5,5.002
1167,66,56,34.18,168.6,23.23
1168,27,57,35.84,-14.92,-11.83
1169,28,57,18.38,57.82,40.24
1170,58,57,-131.2,233.6,68.14
1171,59,57,43.38,139.5,-52.1
1172,60,57,320.8,69.86,-42.36
1173,61,57,19.31,231.8,51.81
1174,62,57,-253.0,115.1,91.79
1175,63,57,-297.8,117.5,7.619
1176,64,57,-209.4,192.3,68.37
1177,65,57,-233.7,-46.54,120.1
1178,66,57,-162.7,-97.56,174.5
1179,26,58,0.4801,-74.38,-66.3
1180,27,58,-12.08,-87.98,-94.82
1181,28,58,66.14,52.62,27.71
1182,57,58,-207.3,134.0,-23.39
1183,58,58,-361.7,13.77,123.7
1184,59,58,-241.0,109.3,23.31
1185,60,58,50.39,70.63,-43.23
1186,61,58,34.12,255.4,59.48
1187,62,58,-172.9,119.4,139.0
1188,63,58,-175.3,-2.202,-2.711
1189,64,58,-28.2,-56.24,-15.99
1190,65,58,-133.8,-299.1,66.31
1191,26,59,98.19,-129.8,-52.04
1192,27,59,-47.67,-170.8,-44.37
1193,57,59,-430.3,78.91,6.502
1194,58,59,-382.4,-132.7,93.34
1195,59,59,-347.7,-10.88,68.78
1196,60,59,-43.19,82.99,36.53
1197,61,59,130.1,168.0,-4.471
1198,62,59,-49.38,63.62,41.23
1199,63,59,-75.87,92.6,54.06
1200,64,59,51.93,-62.39,27.05
1201,65,59,9.275,-193.9,-42.34
1202,26,60,145.9,181.5,-137.9
1203,57,60,-134.9,-94.46,9.252
1204,58,60,37.02,-159.0,-31.85
1205,59,60,60.08,-0.794,17.68
1206,60,60,216.3,117.3,129.1
1207,61,60,255.4,206.0,38.42
1208,62,60,-30.57,139.1,-41.91
1209,63,60,-69.53,142.0,16.85
1210,64,60,15.94,-3.169,9.725
1211,65,60,43.93,-47.52,5.995
1212,26,61,-22.19,216.7,-57.51
1213,56,61,11.17,250.8,46.05
1214,57,61,133.2,142.4,-94.31
1215,58,61,262.3,179.2,-87.94
1216,59,61,376.1,177.1,-26.12
1217,60,61,366.4,127.1,136.1
1218,61,61,167.0,285.7,135.1
1219,62,61,-76.56,236.6,38.54
1220,63,61,-66.64,107.7,16.43
1221,64,61,11.28,28.43,-44.71
1222,56,62,162.8,465.6,6.557
1223,57,62,142.1,605.7,-78.19
1224,58,62,81.08,509.0,-97.46
1225,59,62,77.72,184.1,-59.86
1226,60,62,36.46,28.37,124.1
1227,61,62,63.63,231.6,157.5
1228,62,62,159.6,267.5,86.64
1229,63,62,106.3,203.7,91.32
1230,64,62,128.8,34.51,61.92
1231,55,63,95.73,72.2,17.45
1232,56,63,153.3,592.8,0.2993
1233,57,63,220.5,598.5,14.73
1234,58,63,74.59,276.6,-27.11
1235,59,63,14.44,-25.82,-67.94
1236,60,63,-0.1946,-150.2,53.55
1237,61,63,50.75,200.9,119.7
1238,62,63,209.7,441.5,70.91
1239,63,63,51.57,337.2,27.46
1240,55,64,-200.6,-173.1,22.45
1241,56,64,49.98,149.0,-31.42
1242,57,64,255.7,231.6,56.79
1243,58,64,77.79,60.38,75.07
1244,59,64,70.23,-96.71,28.39
1245,60,64,194.1,-191.7,20.96
1246,61,64,71.6,141.3,71.58
1247,62,64,77.94,390.6,45.2
1248,63,64,46.39,208.9,-31.03
1249,54,65,-302.2,-589.4,102.8
1250,55,65,-222.5,-543.5,84.76
1251,56,65,-20.47,-207.0,64.02
1252,57,65,172.5,73.81,52.71
1253,58,65,54.78,140.0,-19.32
1254,59,65,-29.8,-32.76,38.86
1255,60,65,97.78,-124.2,68.21
1256,61,65,118.6,31.35,48.83
1257,62,65,220.4,168.2,24.44
1258,54,66,-121.2,-332.6,159.3
1259,55,66,-215.4,-464.6,114.6
1260,56,66,48.5,-106.8,101.6
1261,57,66,109.7,60.36,61.24
1262,58,66,-56.0,162.4,-25.47
1263,59,66,-5.466,-1.043,-45.41
1264,60,66,124.9,-34.53,-31.57
1265,61,66,190.6,87.56,70.37
1266,62,66,280.7,38.03,30.63
1267,53,67,252.3,673.3,50.47
1268,54,67,-153.7,75.42,134.9
1269,55,67,-203.1,-239.3,103.1
1270,56,67,154.4,-96.83,99.5
1271,57,67,123.7,-77.64,84.67
1272,58,67,-67.22,60.36,66.88
1273,59,67,-18.94,83.3,-2.162
1274,60,67,-25.13,47.32,-106.0
1275,61,67,28.13,261.9,-72.66
1276,53,68,82.18,293.6,28.14
1277,54,68,-136.3,-68.22,-4.383
1278,55,68,-98.67,-141.2,58.63
1279,56,68,127.2,-46.43,90.78
1280,57,68,139.7,14.37,61.46
1281,58,68,90.13,-28.48,89.29
1282,59,68,-87.5,20.47,95.16
1283,60,68,-76.94,123.5,-6.784
1284,61,68,112.4,305.3,-67.63
1285,52,69,-92.72,-301.8,43.17
1286,53,69,151.6,-22.83,47.28
1287,54,69,103.4,-46.21,-14.85
1288,55,69,-86.84,-12.91,-41.85
1289,56,69,3.951,107.2,-24.49
1290,57,69,79.7,120.7,34.28
1291,58,69,126.3,-123.2,59.83
1292,59,69,-70.72,-117.1,26.21
1293,60,69,113.9,82.23,50.49
1294,52,70,4.449,3.769,26.49
1295,53,70,209.4,78.59,76.48
1296,54,70,200.7,32.76,28.45
1297,55,70,37.83,-19.21,-74.68
1298,56,70,107.3,57.48,-62.62
1299,57,70,129.4,38.3,-14.4
1300,58,70,241.3,-88.31,-35.04
1301,59,70,-0.3558,1.145,-64.6
1302,60,70,-32.83,60.08,25.69
1303,51,71,-148.4,458.0,-88.59
1304,52,71,238.2,403.8,111.1
1305,53,71,350.1,151.3,80.23
1306,54,71,195.1,-69.93,23.52
1307,55,71,44.17,-28.83,-56.77
1308,56,71,173.7,88.47,10.66
1309,57,71,112.6,23.97,-0.4552
1310,58,71,152.0,-73.33,-53.99
1311,59,71,-144.6,-65.76,-0.4929
1312,51,72,-69.44,176.3,-49.58
1313,52,72,347.4,230.2,88.81
1314,53,72,222.0,36.06,82.3
1315,54,72,104.4,84.52,19.67
1316,55,72,-37.25,128.8,-42.88
1317,56,72,103.7,98.16,59.46
1318,57,72,115.2,42.25,42.48
1319,58,72,73.12,-214.9,-24.23
1320,59,72,-234.3,-407.0,16.27
1321,50,73,-308.2,-341.3,23.42
1322,51,73,-77.94,5.493,59.77
1323,52,73,290.4,57.39,136.2
1324,53,73,-86.28,-95.18,88.45
1325,54,73,-222.4,188.9,67.66
1326,55,73,-7.801,219.9,58.49
1327,56,73,184.6,-10.42,83.48
1328,57,73,171.3,14.74,63.87
1329,58,73,243.2,-127.5,6.581
1330,50,74,-36.35,-4.7,65.49
1331,51,74,-20.09,-42.58,121.3
1332,52,74,8.711,20.37,94.49
1333,53,74,-107.2,-76.04,-4.929
1334,54,74,-74.87,-38.42,45.79
1335,55,74,145.6,145.0,34.52
1336,56,74,214.4,110.7,111.2
1337,57,74,70.1,93.61,141.1
1338,58,74,135.0,-61.21,50.39
1339,49,75,50.56,22.78,156.7
1340,50,75,158.9,72.53,-30.28
1341,51,75,-19.64,-87.98,10.67
1342,52,75,-172.2,128.8,27.52
1343,53,75,-109.9,249.9,6.348
1344,54,75,-22.04,7.021,85.47
1345,55,75,68.15,33.36,-25.45
1346,56,75,94.34,103.8,109.9
1347,57,75,28.62,-49.84,251.0
1348,49,76,223.1,3.808,128.0
1349,50,76,5.156,29.36,7.444
1350,51,76,-97.34,5.644,91.31
1351,52,76,-41.41,220.1,96.92
1352,53,76,-201.6,271.5,-6.76
1353,54,76,-171.6,1.139,28.76
1354,55,76,-207.8,-154.7,-66.38
1355,56,76,-273.9,-58.59,-19.76
1356,57,76,-48.28,-79.12,145.4
1357,48,77,239.7,-534.1,91.36
1358,49,77,171.6,150.1,174.2
1359,50,77,-148.2,-17.68,156.7
1360,51,77,-124.8,-110.4,125.7
1361,52,77,123.2,104.3,67.7
1362,53,77,61.07,130.5,-47.09
1363,54,77,71.25,102.8,-59.34
1364,55,77,-229.6,-43.04,-60.15
1365,56,77,-380.3,86.18,-25.21
1366,48,78,384.4,-71.67,41.22
1367,49,78,71.59,212.7,144.6
1368,50,78,-228.6,36.44,162.0
1369,51,78,-148.6,-59.9,87.24
1370,52,78,163.6,38.55,-6.195
1371,53,78,223.2,68.5,-19.2
1372,54,78,160.0,149.5,10.25
1373,55,78,-129.0,166.1,9.187
1374,56,78,-47.64,236.1,34.35
1375,47,79,644.5,298.5,-5.218
1376,48,79,464.1,316.9,-40.29
1377,49,79,142.0,187.0,87.08
1378,50,79,-206.6,115.0,140.5
1379,51,79,-168.6,112.8,157.5
1380,52,79,201.4,14.53,71.77
1381,53,79,200.1,-75.5,31.34
1382,54,79,193.0,-20.09,58.02
1383,55,79,-68.84,-24.66,58.02
1384,47,80,112.5,257.4,-15.91
1385,48,80,140.0,122.1,32.72
1386,49,80,-12.02,128.6,112.5
1387,50,80,-77.6,88.97,85.57
1388,51,80,-48.23,20.25,38.28
1389,52,80,184.5,-185.8,81.05
1390,53,80,111.4,-169.6,54.31
1391,54,80,274.5,-101.0,-49.98
1392,55,80,75.79,9.851,-59.09
1393,46,81,191.3,410.4,103.8
1394,47,81,-42.68,382.9,63.48
1395,48,81,-81.82,20.95,63.58
1396,49,81,-35.24,-35.56,57.73
1397,50,81,55.06,15.05,30.77
1398,51,81,85.55,-104.1,-8.087
1399,52,81,205.8,-288.9,13.7
1400,53,81,114.3,-87.31,7.886
1401,54,81,180.0,128.2,-70.16
1402,46,82,222.6,-98.6,169.7
1403,47,82,116.1,292.7,144.4
1404,48,82,64.59,117.6,42.84
1405,49,82,-0.1055,-33.05,-70.32
1406,50,82,105.7,60.63,-48.48
1407,51,82,200.2,-77.82,51.81
1408,52,82,256.4,-223.9,-28.28
1409,53,82,73.52,-200.0,-80.28
1410,54,82,173.5,-85.08,-46.79
1411,46,83,-104.8,-317.8,227.1
1412,47,83,10.83,97.39,75.58
1413,48,83,130.6,139.6,-12.58
1414,49,83,5.593,65.65,-93.76
1415,50,83,36.82,127.6,-121.6
1416,51,83,123.3,-93.56,19.22
1417,52,83,252.6,-306.1,-0.0245
1418,53,83,27.0,-267.6,-58.83
1419,45,84,-574.7,-328.6,133.2
1420,46,84,-229.9,-229.8,145.2
1421,47,84,-122.4,-151.0,52.1
1422,48,84,-7.735,-110.4,-54.63
1423,49,84,-28.68,-47.94,-57.85
1424,50,84,-3.093,43.04,-64.03
1425,51,84,-124.9,-169.6,20.05
1426,52,84,-40.48,-380.4,-12.72
1427,53,84,-163.1,-212.3,-76.75
1428,45,85,-398.7,-87.29,21.01
1429,46,85,-187.2,-303.4,-14.9
1430,47,85,-38.67,-164.8,4.899
1431,48,85,79.89,-114.0,-47.17
1432,49,85,-25.29,-178.5,-47.72
1433,50,85,140.0,69.15,-51.04
1434,51,85,194.6,27.04,53.32
1435,52,85,-41.47,-261.7,65.96
1436,44,86,118.4,-116.2,161.9
1437,45,86,-10.77,50.0,65.63
1438,46,86,13.43,-122.2,-42.69
1439,47,86,34.5,35.77,-42.7
1440,48,86,81.78,15.14,-12.21
1441,49,86,21.16,-208.3,-4.532
1442,50,86,327.2,157.8,-59.76
1443,51,86,618.7,306.1,32.88
1444,52,86,270.5,-127.8,108.1
1445,44,87,157.0,57.34,-7.622
1446,45,87,180.9,65.06,-2.654
1447,46,87,88.28,-40.88,-13.9
1448,47,87,-50.59,-61.89,29.3
1449,48,87,27.77,-35.91,40.91
1450,49,87,51.84,-109.8,44.6
1451,50,87,213.8,162.4,35.03
1452,51,87,268.6,234.5,103.2
1453,43,88,77.93,145.3,-173.6
1454,44,88,309.0,131.5,-50.41
1455,45,88,221.5,-37.84,57.5
1456,46,88,52.56,-165.8,40.49
1457,47,88,4.538,-168.9,11.89
1458,48,88,91.67,64.56,32.62
1459,49,88,19.02,45.3,29.16
1460,50,88,71.26,142.3,-0.0537
1461,51,88,35.47,162.5,45.8
1462,43,89,30.05,35.66,-80.88
1463,44,89,288.9,107.9,17.28
1464,45,89,237.8,-13.51,106.6
1465,46,89,54.7,-52.6,102.1
1466,47,89,45.34,23.83,-17.71
1467,48,89,45.51,175.1,0.9568
1468,49,89,50.19,82.73,58.34
1469,50,89,145.7,48.81,-19.38
1470,42,90,238.4,251.3,-87.26
1471,43,90,-137.8,-9.656,48.19
1472,44,90,5.058,186.6,48.81
1473,45,90,82.82,116.6,-18.04
1474,46,90,21.73,-10.61,22.59
1475,47,90,86.08,-6.569,21.73
1476,48,90,53.54,-22.89,50.12
1477,49,90,40.46,-28.22,72.49
1478,50,90,162.2,-16.48,0.5558
1479,42,91,331.0,193.6,-19.54
1480,43,91,-202.9,-54.09,23.69
1481,44,91,-171.2,87.54,23.93
1482,45,91,-106.1,-92.39,5.973
1483,46,91,-25.35,-287.3,-51.42
1484,47,91,-17.22,-112.1,-15.7
1485,48,91,-18.67,7.537,75.49
1486,49,91,-40.19,107.6,124.8
1487,41,92,100.7,105.1,-101.3
1488,42,92,89.42,39.41,20.48
1489,43,92,-63.1,24.37,1.194
1490,44,92,-106.3,-115.1,6.318
1491,45,92,-26.39,-214.5,26.59
1492,46,92,63.22,-290.0,-33.84
1493,47,92,-103.2,-129.8,1.701
1494,48,92,-144.7,22.63,-16.11
1495,49,92,-80.39,76.11,93.11
1496,41,93,158.1,63.27,-4.078
1497,42,93,96.64,89.16,-56.26
1498,43,93,10.53,142.6,4.025
1499,44,93,-66.03,-126.0,73.16
1500,45,93,10.86,-202.0,5.747
1501,46,93,39.04,-269.9,-15.72
1502,47,93,-16.68,-277.6,40.16
1503,48,93,51.97,-20.4,-90.1
1504,40,94,641.3,366.1,98.63
1505,41,94,118.5,187.4,51.19
1506,42,94,32.11,115.0,-31.25
1507,43,94,29.86,100.3,22.7
1508,44,94,-19.08,-71.24,90.67
1509,45,94,102.9,-132.3,53.65
1510,46,94,268.4,14.21,137.0
1511,47,94,18.17,-14.46,173.3
1512,40,95,331.7,140.4,118.9
1513,41,95,108.1,-58.41,23.99
1514,42,95,13.38,-29.59,-42.79
1515,43,95,8.682,128.5,31.64
1516,44,95,46.07,87.48,40.82
1517,45,95,302.2,-6.176,21.17
1518,46,95,656.8,265.6,101.5
1519,47,95,137.1,244.0,157.1
1520,41,96,196.3,-212.9,-54.09
1521,42,96,34.5,-75.46,-162.4
1522,43,96,33.96,205.9,-62.06
1523,44,96,100.6,211.8,20.36
1524,45,96,151.1,-68.67,49.2
1525,46,96,383.4,-112.1,8.972
1526,42,97,200.5,-170.4,-138.8
1527,43,97,197.0,-19.28,-76.21
1528,44,97,146.7,274.5,-6.888
1529,45,97,-4.58,76.97,57.85
1530,42,98,125.8,-80.86,-89.18
1531,43,98,134.9,-82.83,-16.03
1532,44,98,84.23,237.3,37.06
1533,45,98,-51.49,109.9,-20.3
1534,43,99,8.311,-187.3,-17.33
1535,44,99,-58.16,-80.31,20.09
1536,63,4,89.21,-102.9,105.4
1537,63,5,14.96,-177.7,125.2
1538,64,5,26.19,142.9,26.15
1539,65,5,-54.22,311.7,-9.829
1540,66,5,82.1,260.5,49.72
1541,63,6,23.69,137.9,72.83
1542,64,6,-239.4,218.2,53.26
1543,65,6,-1118.0,-397.3,135.5
1544,66,6,-649.0,-715.2,174.4
1545,67,6,-218.1,-189.0,89.17
1546,63,7,-427.7,474.2,-0.9503
1547,64,7,-1321.0,672.4,-26.54
1548,65,7,-6297.0,788.4,-93.98
1549,66,7,-5902.0,-245.1,14.55
1550,67,7,-1107.0,-125.2,56.02
1551,63,8,-549.0,275.1,-43.71
1552,64,8,-1432.0,529.9,-75.51
1553,65,8,-6151.0,1212.0,-249.4
1554,66,8,-5968.0,372.6,-39.85
1555,67,8,-1174.0,40.93,123.5
1556,64,9,-286.9,41.34,35.8
1557,65,9,-1032.0,139.0,-12.67
1558,66,9,-1146.0,-36.93,287.0
1559,69,26,-150.9,57.63,-15.51
1560,68,27,15.38,-41.26,9.579
1561,69,27,-198.0,-674.5,22.93
1562,70,27,152.4,-650.4,87.48
1563,67,28,46.09,300.0,-35.3
1564,68,28,-1053.0,366.7,-119.4
1565,69,28,-3764.0,-1313.0,-37.04
1566,70,28,-2496.0,-2204.0,115.5
1567,71,28,-536.7,-380.2,19.12
1568,67,29,-264.3,325.4,-8.869
1569,68,29,-1381.0,388.7,-90.37
1570,69,29,-4702.0,-729.4,-306.0
1571,70,29,-3293.0,-1610.0,-119.5
1572,68,30,-105.3,-103.3,-57.32
1573,69,30,-457.8,-513.5,-197.7
