,event,mag,station,dist,accel
1,1,7.0,117,12.0,0.359
2,2,7.4,1083,148.0,0.014
3,2,7.4,1095,42.0,0.196
4,2,7.4,283,85.0,0.135
5,2,7.4,135,107.0,0.062
6,2,7.4,475,109.0,0.054
7,2,7.4,113,156.0,0.014
8,2,7.4,1008,224.0,0.018
9,2,7.4,1028,293.0,0.01
10,2,7.4,2001,359.0,0.004
11,2,7.4,117,370.0,0.004
12,3,5.3,1117,8.0,0.127
13,4,6.1,1438,16.1,0.411
14,4,6.1,1083,63.6,0.018
15,4,6.1,1013,6.6,0.509
16,4,6.1,1014,9.3,0.467
17,4,6.1,1015,13.0,0.279
18,4,6.1,1016,17.3,0.072
19,4,6.1,1095,105.0,0.012
20,4,6.1,1011,112.0,0.006
21,4,6.1,1028,123.0,0.003
22,5,6.6,270,105.0,0.018
23,5,6.6,280,122.0,0.048
24,5,6.6,116,141.0,0.011
25,5,6.6,266,200.0,0.007
26,5,6.6,117,45.0,0.142
27,5,6.6,113,130.0,0.031
28,5,6.6,112,147.0,0.006
29,5,6.6,130,187.0,0.01
30,5,6.6,475,197.0,0.01
31,5,6.6,269,203.0,0.006
32,5,6.6,135,211.0,0.013
33,6,5.6,1093,62.0,0.005
34,7,5.7,1093,62.0,0.003
35,8,5.3,111,19.0,0.086
36,8,5.3,116,21.0,0.179
37,8,5.3,290,13.0,0.205
38,8,5.3,112,22.0,0.073
39,8,5.3,113,29.0,0.045
40,9,6.6,128,17.0,0.374
41,9,6.6,126,19.6,0.2
42,9,6.6,127,20.2,0.147
43,9,6.6,141,21.1,0.188
44,9,6.6,266,21.9,0.204
45,9,6.6,110,24.2,0.335
46,9,6.6,1027,66.0,0.057
47,9,6.6,111,87.0,0.021
48,9,6.6,125,23.4,0.152
49,9,6.6,135,24.6,0.217
50,9,6.6,475,25.7,0.114
51,9,6.6,262,28.6,0.15
52,9,6.6,269,37.4,0.148
53,9,6.6,1052,46.7,0.112
54,9,6.6,411,56.9,0.043
55,9,6.6,290,60.7,0.057
56,9,6.6,130,61.4,0.03
57,9,6.6,272,62.0,0.027
58,9,6.6,1096,64.0,0.028
59,9,6.6,1102,82.0,0.034
60,9,6.6,112,88.0,0.03
61,9,6.6,113,91.0,0.039
62,10,5.3,1028,31.0,0.03
63,11,7.7,2714,45.0,0.11
64,11,7.7,2708,145.0,0.01
65,11,7.7,2715,300.0,0.01
66,12,6.2,3501,5.0,0.39
67,13,5.6,655,50.0,0.031
68,13,5.6,272,16.0,0.13
69,14,5.2,1032,17.0,0.011
70,14,5.2,1377,8.0,0.12
71,14,5.2,1028,10.0,0.17
72,14,5.2,1250,10.0,0.14
73,15,6.0,1051,8.0,0.11
74,15,6.0,1293,32.0,0.04
75,15,6.0,1291,30.0,0.07
76,15,6.0,1292,31.0,0.08
77,16,5.1,283,2.9,0.21
78,16,5.1,885,3.2,0.39
79,16,5.1,,7.6,0.28
80,17,7.6,2734,25.4,0.16
81,17,7.6,,32.9,0.064
82,17,7.6,2728,92.2,0.09
83,18,5.8,1413,1.2,0.42
84,18,5.8,1445,1.6,0.23
85,18,5.8,1408,9.1,0.13
86,18,5.8,1411,3.7,0.26
87,18,5.8,1410,5.3,0.27
88,18,5.8,1409,7.4,0.26
89,18,5.8,1377,17.9,0.11
90,18,5.8,1492,19.2,0.12
91,18,5.8,1251,23.4,0.038
92,18,5.8,1422,30.0,0.044
93,18,5.8,1376,38.9,0.046
94,19,6.5,,23.5,0.17
95,19,6.5,286,26.0,0.21
96,19,6.5,,0.5,0.32
97,19,6.5,5028,0.6,0.52
98,19,6.5,942,1.3,0.72
99,19,6.5,,1.4,0.32
100,19,6.5,5054,2.6,0.81
101,19,6.5,958,3.8,0.64
102,19,6.5,952,4.0,0.56
103,19,6.5,5165,5.1,0.51
104,19,6.5,117,6.2,0.4
105,19,6.5,955,6.8,0.61
106,19,6.5,5055,7.5,0.26
107,19,6.5,,7.6,0.24
108,19,6.5,,8.4,0.46
109,19,6.5,5060,8.5,0.22
110,19,6.5,412,8.5,0.23
111,19,6.5,5053,10.6,0.28
112,19,6.5,5058,12.6,0.38
113,19,6.5,5057,12.7,0.27
114,19,6.5,,12.9,0.31
115,19,6.5,5051,14.0,0.2
116,19,6.5,,15.0,0.11
117,19,6.5,5115,16.0,0.43
118,19,6.5,,17.7,0.27
119,19,6.5,931,18.0,0.15
120,19,6.5,5056,22.0,0.15
121,19,6.5,5059,22.0,0.15
122,19,6.5,5061,23.0,0.13
123,19,6.5,,23.2,0.19
124,19,6.5,5062,29.0,0.13
125,19,6.5,5052,32.0,0.066
126,19,6.5,,32.7,0.35
127,19,6.5,724,36.0,0.1
128,19,6.5,,43.5,0.16
129,19,6.5,5066,49.0,0.14
130,19,6.5,5050,60.0,0.049
131,19,6.5,2316,64.0,0.034
132,20,5.0,5055,7.5,0.264
133,20,5.0,942,8.8,0.263
134,20,5.0,5028,8.9,0.23
135,20,5.0,5165,9.4,0.147
136,20,5.0,952,9.7,0.286
137,20,5.0,958,9.7,0.157
138,20,5.0,955,10.5,0.237
139,20,5.0,117,10.5,0.133
140,20,5.0,412,12.0,0.055
141,20,5.0,5053,12.2,0.097
142,20,5.0,5054,12.8,0.129
143,20,5.0,5058,14.6,0.192
144,20,5.0,5057,14.9,0.147
145,20,5.0,5115,17.6,0.154
146,20,5.0,5056,23.9,0.06
147,20,5.0,5060,25.0,0.057
148,21,5.8,1030,10.8,0.12
149,21,5.8,1418,15.7,0.154
150,21,5.8,1383,16.7,0.052
151,21,5.8,1308,20.8,0.045
152,21,5.8,1298,28.5,0.086
153,21,5.8,1299,33.1,0.056
154,21,5.8,1219,40.3,0.065
155,22,5.5,,4.0,0.259
156,22,5.5,,10.1,0.267
157,22,5.5,1030,11.1,0.071
158,22,5.5,1418,17.7,0.275
159,22,5.5,1383,22.5,0.058
160,22,5.5,,26.5,0.026
161,22,5.5,1299,29.0,0.039
162,22,5.5,1308,30.9,0.112
163,22,5.5,1219,37.8,0.065
164,22,5.5,1456,48.3,0.026
165,23,5.3,5045,5.8,0.123
166,23,5.3,5044,12.0,0.133
167,23,5.3,5160,12.1,0.073
168,23,5.3,5043,20.5,0.097
169,23,5.3,5047,20.5,0.096
170,23,5.3,c168,25.3,0.23
171,23,5.3,5068,35.9,0.082
172,23,5.3,c118,36.1,0.11
173,23,5.3,5042,36.3,0.11
174,23,5.3,5067,38.5,0.094
175,23,5.3,5049,41.4,0.04
176,23,5.3,c204,43.6,0.05
177,23,5.3,5070,44.4,0.022
178,23,5.3,c266,46.1,0.07
179,23,5.3,c203,47.1,0.08
180,23,5.3,5069,47.7,0.033
181,23,5.3,5073,49.2,0.017
182,23,5.3,5072,53.1,0.022
