,r500
1,-0.0117265
2,0.0024544
3,0.0110516
4,0.0190512
5,-0.0055657
6,-0.0043148
7,-0.0126518
8,0.0061444
9,0.0059467
10,0.0067873
11,-0.0009554
12,0.001035
13,0.0084783
14,0.0166664
15,-0.0036538
16,0.0065981
17,0.0088581
18,-0.0074665
19,0.0072364
20,-0.0127371
21,-0.0185837
22,-0.0224908
23,0.015422
24,0.0132232
25,0.007523
26,0.0096341
27,0.0183871
28,-0.0055571
29,0.0049496
30,-0.0046443
31,-0.0057399
32,0.0132664
33,-7.57e-05
34,0.0126451
35,-0.0111313
36,-0.0053083
37,0.0082536
38,-0.0058234
39,0.0006066
40,-0.0182832
41,0.0024674
42,-0.0152876
43,0.0013285
44,-0.0010939
45,-0.012746
46,0.0093002
47,0.0122414
48,0.0175908
49,-0.0185988
50,0.0020923
51,0.0023196
52,0.0136537
53,0.025053
54,0.0140182
55,0.0048239
56,0.0043652
57,0.0140568
58,-0.0045918
59,0.00959
60,-0.0092305
61,-0.0057674
62,0.0073477
63,0.0060108
64,0.0024939
65,-0.0238372
66,-0.0017507
67,-0.0019
68,-0.0016838
69,-0.0181144
70,-0.0258479
71,-0.0009958
72,-0.0171605
73,-0.0070417
74,0.014576
75,0.0017009
76,0.0088445
77,0.0173825
78,0.0008274
79,0.0052494
80,0.0154374
81,-0.0035414
82,0.0042776
83,0.0050652
84,-0.0113403
85,0.0022193
86,0.0031724
87,0.0042631
88,0.0118845
89,0.0010866
90,-0.0222557
91,-0.015067
92,0.0031515
93,0.0002996
94,-0.0017241
95,0.0013495
96,0.0056035
97,0.0040894
98,-0.0029724
99,-0.0204503
100,-0.0022052
101,-0.0084092
102,-0.0002303
103,-0.0029992
104,0.00981
105,-0.0059665
106,-0.0007675
107,-0.005312
108,-0.0205887
109,0.0121394
110,0.0010115
111,0.0080552
112,0.007455
113,-0.010236
114,-0.0002321
115,-0.0077676
116,-0.005944
117,-0.0039299
118,0.0065152
119,0.0052285
120,-0.0146618
121,-0.000237
122,0.0060647
123,0.000314
124,0.0088313
125,0.0122189
126,0.0089529
127,0.0056214
128,-0.0110448
129,0.0022952
130,-0.0071322
131,-0.0006159
132,0.009733
133,-0.0050463
134,-0.0039169
135,0.0246269
136,-0.0006008
137,0.0117257
138,-0.005659
139,0.0022376
140,-0.0056784
141,0.0046348
142,0.0119362
143,-0.0075455
144,0.0179562
145,-0.0061453
146,-0.0119594
147,-0.0027516
148,0.0127277
149,0.0041824
150,-0.0018322
151,-0.0061072
152,-0.0115806
153,-0.0001493
154,0.0029826
155,0.0026768
156,-0.0011888
157,-0.0101622
158,-0.0035361
159,0.0111674
160,0.0039424
161,0.0055525
162,-0.0090478
163,-0.0006707
164,-0.0014921
165,0.0089193
166,0.0025127
167,-0.0085246
168,-0.0095745
169,-0.0018055
170,-0.0006779
171,-0.0155666
172,-0.0026821
173,0.0035236
174,0.0067823
175,-7.6e-05
176,-0.0149217
177,0.0077564
178,-0.0013013
179,0.0055762
180,0.0067565
181,0.0027955
182,-0.003401
183,-0.0006816
184,-0.0018957
185,-0.0031929
186,0.0109051
187,0.0075036
188,-0.002395
189,-0.0064652
190,-0.0013585
191,-0.0136108
192,0.0006888
193,0.0019108
194,0.0095753
195,0.0001513
196,-0.0020438
197,0.0026486
198,0.0107492
199,-0.0019458
200,0.0008985
201,-0.0109875
202,0.0088146
203,-0.0126813
204,0.0047744
205,-0.0024222
206,0.0105542
207,-0.0051878
208,0.0011301
209,-0.0018842
210,-0.0050671
211,-0.0051691
212,-0.0110354
213,-0.0087458
214,-0.0099216
215,0.0068073
216,0.0006236
217,0.0076081
218,0.0005412
219,0.0020849
220,7.71e-05
221,0.0044636
222,0.0008443
223,0.0032172
224,-0.0157241
225,-0.0029565
226,-0.0094728
227,0.0021216
228,0.0082858
229,0.0111474
230,-0.0058678
231,0.0001549
232,0.0065594
233,0.0069751
234,-0.0033665
235,0.0053505
236,0.0112944
237,-0.0002262
238,-0.0067325
239,0.0059783
240,0.0098353
241,-0.0033676
242,0.0008242
243,-0.0076692
244,-0.0096319
245,-0.0084951
246,0.0029163
247,0.0015315
248,-0.0112343
249,-0.029288
250,-0.0029526
251,-0.0013595
252,-0.0116716
253,0.0046044
254,-0.0104509
255,0.0018714
256,0.0038132
257,-0.0183881
258,-0.0096971
259,-0.0175598
260,0.0035536
261,0.014589
262,0.0121615
263,-0.0078425
264,-0.0074034
265,-0.0075428
266,-0.0145753
267,-0.0076261
268,0.0083941
269,-0.004788
270,-0.0088668
271,-0.0055493
272,-0.0196687
273,0.0241799
274,0.0035426
275,0.0020679
276,0.0077167
277,0.0192867
278,0.0012559
279,-0.0010046
280,0.0159538
281,0.0082096
282,-0.0070562
283,-0.0019781
284,-0.0035539
285,-0.0165293
286,0.0076307
287,-0.0043533
288,-0.0017634
289,0.0108669
290,-0.0014976
291,-0.0038375
292,-0.0087307
293,-0.0037168
294,0.0095179
295,0.0013404
296,-0.0032703
297,0.0234914
298,0.0187742
299,0.0048193
300,-0.0004809
301,-0.0096666
302,-0.0070672
303,0.0050415
304,-0.004797
305,0.0017914
306,0.0021941
307,-0.0124154
308,-0.0118227
309,0.0075397
310,-0.0073734
311,0.0037349
312,0.0082502
313,-0.0009042
314,0.0155852
315,0.0043626
316,0.0083488
317,0.0100224
318,-0.0019806
319,-0.0112446
320,0.0034426
321,0.00907
322,-0.0085107
323,-0.0029599
324,0.0052737
325,0.0018313
326,-0.0062241
327,-0.0173594
328,0.0017089
329,-0.0046453
330,0.0057017
331,0.0071221
332,-0.0053368
333,-0.0037365
334,-0.0046495
335,0.0018787
336,-0.0022058
337,-0.0049193
338,0.0051646
339,0.0020421
340,0.0015492
341,-0.02216
342,-0.0072734
343,-0.0020999
344,0.0051996
345,-0.0234429
346,-0.0041188
347,-0.012285
348,0.0057287
349,0.0068142
350,0.0076215
351,-0.010721
352,-0.0060543
353,0.0041555
354,-0.0032017
355,0.00026
356,-0.0019081
357,0.0047634
358,0.0271047
359,0.0123685
360,-0.0220011
361,0.0019509
362,-0.0130498
363,-0.0005152
364,0.0071893
365,-0.0226841
366,-0.0083221
367,0.0085837
368,-0.0020079
369,-0.000437
370,-0.0028016
371,-0.0032492
372,0.0011428
373,-0.0052854
374,-0.0145014
375,-0.0007172
376,0.0174242
377,-0.002294
378,-0.0008837
379,0.0017666
380,-0.0055755
381,-0.0157427
382,-0.0094204
383,-0.0049266
384,-0.0184609
385,0.0137857
386,0.0053153
387,-0.0004571
388,-0.0068817
389,0.0077043
390,-0.0015544
391,-0.0018318
392,0.0111224
393,0.0028066
394,0.0193398
395,0.0068929
396,-0.005121
397,0.0021222
398,-0.0112815
399,0.0032108
400,-0.0002672
401,-0.002765
402,0.016213
403,0.0116204
404,-0.0033935
405,0.0054761
406,0.0008665
407,0.0065608
408,-0.0018948
409,-8.62e-05
410,-0.0013804
411,0.0044793
412,0.0039458
413,-0.0009421
414,-0.0108556
415,0.0024226
416,0.0126231
417,0.0122971
418,0.0052123
419,-0.0106214
420,-0.0062909
421,-0.0096834
422,0.0026659
423,0.0031726
424,0.0055492
425,0.0017862
426,0.0085467
427,0.0066345
428,-0.0091655
429,0.0087469
430,-0.0020956
431,-0.0080037
432,-0.0017779
433,-0.0110771
434,-0.0074823
435,-0.0082348
436,-0.0026146
437,0.0026146
438,-0.0008708
439,-0.0034033
440,-0.0113403
441,-0.0039864
442,-0.0069476
443,-0.0017892
444,0.0032183
445,-0.0016079
446,-0.0159499
447,0.0002725
448,-0.0044596
449,-0.0058549
450,0.0056725
451,0.0147614
452,-0.0115734
453,-0.0024585
454,-0.0075037
455,-0.0117339
456,-0.0029784
457,-0.000746
458,0.0102089
459,0.0168471
460,-0.0028186
461,-0.0063023
462,0.0102098
463,-0.0004536
464,-0.005459
465,-0.0082448
466,-0.0097986
467,-0.0033498
468,-0.0006527
469,0.0028871
470,0.0120172
471,0.0067766
472,-0.0010958
473,0.0090046
474,0.0002716
475,0.0054166
476,-0.0030658
477,0.0072885
478,-0.0010764
479,0.0004487
480,-0.0026949
481,-0.0073128
482,-0.0084627
483,-0.015657
484,-9.28e-05
485,-0.0058657
486,0.0174948
487,-0.0106085
488,-0.0157969
489,-0.009276
490,-0.0138845
491,-0.0060932
492,-0.002331
493,-0.0023364
494,-0.0017559
495,0.0138655
496,0.0023084
497,0.0464589
498,-0.0046882
499,0.0057881
500,0.0347501
501,0.0269732
502,-0.0066537
503,0.0192347
504,0.0082159
505,-0.0122211
506,0.0046854
507,0.0156009
508,-0.010599
509,0.0170213
510,0.019757
511,-0.0107356
512,0.0068153
513,-0.0018839
514,-0.0082325
515,0.0104437
516,0.0070107
517,0.0096205
518,-0.0041925
519,-0.0099059
520,-0.0003265
521,0.0191606
522,-0.0071524
523,-0.0014528
524,-0.0039655
525,0.0024297
526,-0.0030787
527,-0.01315
528,-0.009998
529,0.0127895
530,-0.0037785
531,0.0038605
532,0.0321867
533,0.022217
534,0.0173181
535,0.0257622
536,-0.0002231
537,0.0167439
538,-0.0157774
539,-0.0074588
540,0.0233825
541,-0.0010977
542,0.0192167
543,-0.0012217
544,-0.0013673
545,-0.040786
546,0.0086632
547,0.0059312
548,-0.0125713
549,0.0008979
550,0.0130769
551,0.014801
552,0.0383839
553,-0.007165
554,0.002183
555,-0.0121728
556,0.0182041
557,-0.0130905
558,0.0042415
559,-0.0158559
560,-0.0180798
561,-0.0118188
562,0.0183653
563,0.0029681
564,-0.0095875
565,-0.0206467
566,-0.0096576
567,0.0071212
568,0.0074416
569,-0.0050543
570,0.0318279
571,0.0012984
572,0.0007206
573,-0.0009369
574,0.0219648
575,0.0066786
576,-0.0063965
577,-0.0128457
578,-0.0030762
579,0.0027189
580,-0.0184616
581,-0.0157726
582,0.0004436
583,0.0160567
584,-0.0089864
585,0.0170994
586,0.0015859
587,0.0063903
588,0.0174534
589,-0.0099665
590,0.0033332
591,-0.0064638
592,0.0022066
593,-0.016489
594,0.0215247
595,0.0043062
596,0.0230488
597,-0.0006197
598,0.0109605
599,-0.0068362
600,0.0062229
601,-0.0065659
602,0.0062932
603,0.0004091
604,-0.0021152
605,-0.0077485
606,0.0069969
607,-0.0168199
608,-0.027343
609,0.0126368
610,-0.0014826
611,0.0191042
612,0.0016622
613,0.0054519
614,-0.0162357
615,0.0018869
616,0.0071655
617,0.0129478
618,0.0053912
619,-0.0084066
620,-0.004816
621,0.0170944
622,0.000881
623,0.0087001
624,-0.004172
625,-0.0058838
626,6.78e-05
627,0.003791
628,-0.0171737
629,0.0089644
630,0.0189621
631,0.0009354
632,-0.0112829
633,0.0188672
634,0.0093674
635,0.007718
636,0.0012372
637,0.0
638,-0.0158072
639,0.0105877
640,-0.007024
641,-0.0036959
642,-0.0027146
643,0.0035077
644,-0.01036
645,-0.0014029
646,0.0020702
647,0.0085689
648,-0.0035117
649,0.0141697
650,0.003658
651,-0.0045746
652,-0.0053855
653,-0.0017137
654,0.0118042
655,-0.0028072
656,0.0003922
657,-0.0074121
658,-0.0056119
659,0.0047556
660,0.0071567
661,0.0148709
662,0.0043736
663,0.0060783
664,0.0085112
665,0.0040396
666,0.0062169
667,-0.0064689
668,0.0125229
669,-0.0041152
670,0.0023091
671,-0.0100869
672,0.0187143
673,-0.0022893
674,0.0093098
675,0.0089807
676,-0.014149
677,0.0014178
678,0.0059573
679,0.0059221
680,0.0110177
681,-0.0017475
682,0.000844
683,-0.0059835
684,-0.0043134
685,0.0039496
686,-0.009138
687,0.0018954
688,-0.0026913
689,-0.0078707
690,0.0009256
691,0.0079246
692,0.0128281
693,0.0040392
694,-0.0044017
695,-0.006183
696,-0.0126665
697,0.0009848
698,0.0087588
699,0.0026797
700,0.0024905
701,-0.0125765
702,-0.0087003
703,0.0029085
704,0.0052387
705,0.0131902
706,0.0041771
707,0.0095597
708,0.0120147
709,-5.91e-05
710,-0.0006506
711,0.0088942
712,0.0026938
713,-0.0024593
714,-0.0009972
715,-0.0114503
716,-0.0166401
717,0.0057776
718,0.0087827
719,0.0047475
720,-0.0137703
721,0.0112213
722,-0.0054756
723,-0.0028688
724,0.0061458
725,-0.0154661
726,-0.000423
727,0.0033186
728,-0.0104149
729,-0.0020717
730,0.0053531
731,0.0266986
732,-0.0013595
733,-0.0010061
734,0.0037823
735,0.0048252
736,-0.0163346
737,-0.0153327
738,-0.0151407
739,-0.0032039
740,-0.0001852
741,0.0087879
742,-0.012994
743,0.0025382
744,-0.0159545
745,0.0059503
746,0.0087668
747,6.19e-05
748,0.0037688
749,0.0095131
750,-0.0018342
751,0.0114391
752,-0.0105828
753,0.0026257
754,0.002193
755,-0.0095993
756,-0.0093822
757,-0.0025459
758,0.0080501
759,0.0006782
760,0.0020318
761,0.0111323
762,-0.0010346
763,0.0046776
764,0.0173635
765,0.0004169
766,-0.0011319
767,-0.0050793
768,-0.0086643
769,-0.0041177
770,0.0033923
771,-0.0059441
772,0.0112517
773,0.008267
774,0.0096774
775,-0.0049754
776,0.0079842
777,-0.0014738
778,0.0032982
779,-0.0096899
780,-0.0024967
781,-0.0046534
782,-0.0069607
783,-0.0016271
784,0.0028307
785,0.0088022
786,0.015029
787,0.0030491
788,0.0107731
789,-0.01347
790,-0.0041768
791,0.0014727
792,-0.0001177
793,0.0033501
794,-0.0154923
795,-0.0064566
796,0.0014983
797,-0.0061875
798,0.000241
799,0.0028876
800,-0.0065693
801,-0.0032705
802,-0.0089577
803,0.0011012
804,0.0005501
805,0.0073064
806,-0.0084682
807,-0.0061984
808,-0.0032681
809,-0.0009269
810,0.0135697
811,0.0026798
812,0.0113699
813,0.0017424
814,-0.0073508
815,0.0043447
816,0.000301
817,-0.0062798
818,0.0057982
819,0.0047463
820,0.000719
821,0.0013168
822,-0.0038356
823,0.0081926
824,-0.0090336
825,0.0005407
826,-0.0063267
827,0.0019927
828,-0.0018114
829,0.0026556
830,-0.0042886
831,-0.0006661
832,0.0032052
833,-0.0041749
834,-0.0097484
835,-0.0102155
836,0.0044436
837,-0.0004312
838,-0.0019734
839,0.0095836
840,-0.0017746
841,-0.0003063
842,0.0093909
843,0.0035141
844,-0.0029073
845,0.0004245
846,-0.0054108
847,0.0165653
848,0.0120982
849,0.0027803
850,-0.0022473
851,-0.0056405
852,-0.0009531
853,-0.0002384
854,-0.0043612
855,0.0009575
856,0.0038805
857,-0.0016697
858,-0.0030485
859,-0.0049813
860,-0.0080948
861,0.006469
862,-0.006651
863,-0.0036465
864,-0.0018283
865,-0.0065482
866,0.00331
867,-0.0041085
868,0.0038025
869,-0.0151112
870,-0.017744
871,0.0041664
872,-0.0183736
873,-0.0027629
874,0.0056461
875,-0.0086748
876,0.0106562
877,-0.0023013
878,-0.0007683
879,-0.002501
880,-0.0070881
881,-0.0021363
882,-0.0001296
883,0.020655
884,0.0113003
885,-0.0156906
886,0.0015292
887,0.0071689
888,0.0066157
889,-0.0085139
890,-0.0104413
891,-0.0108102
892,0.0040031
893,-0.0054274
894,0.0128104
895,0.0028104
896,-6.38e-05
897,0.0040741
898,0.011747
899,-0.0093992
900,0.0068217
901,-0.0012598
902,-0.0124942
903,0.0010844
904,-0.001212
905,0.0040131
906,0.0162687
907,-0.0022542
908,-0.0021337
909,-0.0075672
910,-0.0020276
911,-0.0007614
912,-0.0159962
913,0.002834
914,-0.000193
915,0.0026982
916,-0.0055972
917,0.0174596
918,-0.0026663
919,0.0063999
920,0.0040972
921,-0.0067536
922,0.0007597
923,-0.0077505
924,0.0079403
925,0.0037891
926,0.0103465
927,-0.002561
928,0.0010002
929,0.0101328
930,0.0013598
931,-0.004333
932,-0.01305
933,0.00226
934,0.0065627
935,-0.0025575
936,-0.0006873
937,-0.0094823
938,-0.006266
939,0.0031696
940,-6.33e-05
941,-0.0090285
942,-0.0050584
943,-0.0067631
944,-0.0055086
945,-0.0047552
946,-0.012616
947,0.0025755
948,-0.0088106
949,0.0003991
950,0.0013293
951,0.0177101
952,0.0071526
953,-0.0044807
954,0.0088123
955,-0.0005808
956,0.0016124
957,-0.0136913
958,-0.0057003
959,-0.0003943
960,-0.0115035
961,-0.0090843
962,0.017955
963,0.005783
964,0.0145067
965,-0.0021335
966,-0.0003237
967,-0.0031774
968,-0.0082171
969,-0.0070314
970,0.0078823
971,0.0022221
972,0.0001306
973,0.0032584
974,-0.0061346
975,-0.0034098
976,0.0073299
977,-0.0030694
978,-0.015357
979,-0.0035264
980,0.0056495
981,0.0047607
982,0.0051319
983,-0.0064521
984,-0.0068264
985,-0.0054681
986,-0.0040201
987,-0.0076154
988,0.0068094
989,0.0083638
990,0.0073688
991,-0.0066362
992,0.0031245
993,0.0224463
994,0.0250598
995,0.0272228
996,0.0015387
997,0.0006763
998,-0.0059175
999,0.0231609
1000,-0.0007252
1001,6.05e-05
1002,-0.006124
1003,-0.0099017
1004,0.0059406
1005,0.0022567
1006,0.004862
1007,0.0173698
1008,-0.0045985
1009,0.0003591
1010,0.0023309
1011,-0.0064082
1012,0.0057513
1013,-0.0017937
1014,-0.0029967
1015,0.0004801
1016,-0.0108579
1017,-0.0035848
1018,0.008244
1019,-0.0077571
1020,-0.0006694
1021,0.001156
1022,0.0013976
1023,0.0196026
1024,0.0049893
1025,0.0005331
1026,-0.0072507
1027,-0.004244
1028,0.0031698
1029,-0.0108064
1030,-0.0023569
1031,0.002055
1032,0.0039771
1033,0.0040811
1034,-0.0051642
1035,-0.0089502
1036,-0.0062765
1037,-0.0070546
1038,0.0029506
1039,-0.0014742
1040,-0.0033866
1041,-0.0028413
1042,0.0027179
1043,0.0041245
1044,0.0085638
1045,0.0096379
1046,-0.00599
1047,-0.0038915
1048,0.0238393
1049,-0.0008332
1050,-0.0035787
1051,-0.0016146
1052,0.0006581
1053,-0.0053372
1054,-0.006152
1055,-0.0030903
1056,0.012424
1057,-0.0045055
1058,0.0083938
1059,-0.000418
1060,0.0069048
1061,0.0107969
1062,-0.0073032
1063,-0.0029007
1064,-0.0064232
1065,-0.001433
1066,-0.0083401
1067,0.0001205
1068,-0.0006026
1069,-0.0108489
1070,-0.0061125
1071,0.0065999
1072,0.0020688
1073,0.0144825
1074,-0.0082414
1075,0.00446
1076,-0.0076666
1077,-0.0067492
1078,-0.0020153
1079,-0.0046569
1080,0.0034335
1081,-0.0078653
1082,0.0040633
1083,-0.0030767
1084,0.0035067
1085,0.0014728
1086,-0.0027019
1087,-0.0050549
1088,0.0054237
1089,0.005639
1090,0.027133
1091,-0.0056671
1092,-0.0046771
1093,-0.0052427
1094,0.007524
1095,-0.0017405
1096,-0.0043345
1097,0.0030722
1098,0.0058771
1099,-0.0112445
1100,-0.0049101
1101,-0.0053619
1102,0.0034155
1103,-0.0015233
1104,0.0072303
1105,0.0187717
1106,-0.0023794
1107,0.0153658
1108,0.0017579
1109,0.0022222
1110,-0.0026907
1111,0.0034498
1112,0.0225662
1113,0.0014257
1114,0.0103181
1115,-0.0033332
1116,0.0036152
1117,0.0002819
1118,0.0100396
1119,0.0011155
1120,0.001337
1121,-0.0055826
1122,0.0095828
1123,0.0014406
1124,-0.0009971
1125,0.0076743
1126,0.0020329
1127,-0.0092639
1128,0.000277
1129,0.0153338
1130,-0.00514
1131,-0.0044504
1132,-0.0014879
1133,-0.0008276
1134,-0.0053127
1135,-0.0047834
1136,-0.0007251
1137,0.0107659
1138,-0.0025423
1139,0.0025975
1140,0.0112512
1141,-0.0064059
1142,0.0009333
1143,-0.0087082
1144,-0.0063305
1145,-0.0022866
1146,-0.0017324
1147,0.0048542
1148,-0.0082158
1149,-0.0019661
1150,-0.0073934
1151,0.0019807
1152,0.0149265
1153,-0.0025654
1154,0.0015066
1155,-0.00173
1156,-0.0059942
1157,0.0025814
1158,0.0062017
1159,0.0
1160,0.0062188
1161,0.0033708
1162,-0.0040907
1163,-0.0078968
1164,-0.0004468
1165,-0.0056013
1166,0.0010106
1167,0.0067668
1168,0.0042824
1169,0.0019405
1170,0.0021026
1171,0.0015464
1172,0.0026455
1173,-0.0046342
1174,0.0014919
1175,-0.0022664
1176,0.0065089
1177,0.0020871
1178,0.0063989
1179,-0.0068379
1180,-0.0085445
1181,-0.0044388
1182,-0.0081519
1183,0.0035816
1184,0.0059595
1185,-0.0004999
1186,0.0042689
1187,-0.0007748
1188,0.0071717
1189,0.0128893
1190,0.0017892
1191,-0.0040165
1192,0.0036373
1193,0.0059969
1194,0.0094889
1195,0.0121972
1196,-0.0004218
1197,-0.0057113
1198,-0.0051042
1199,0.0036713
1200,-0.0022863
1201,-0.0009586
1202,0.0003729
1203,0.0095416
1204,-0.0012141
1205,0.0037959
1206,0.0006312
1207,0.0047217
1208,-0.0072491
1209,-0.0008966
1210,-0.0024832
1211,-0.0075933
1212,-0.0122273
1213,0.0095052
1214,-0.0030511
1215,0.0043331
1216,-0.0037971
1217,0.0005357
1218,0.0153056
1219,-0.002429
1220,0.0031144
1221,0.0016851
1222,0.0061371
1223,0.0032369
1224,0.0030186
1225,-0.002185
1226,-0.0029208
1227,0.0055734
1228,-0.0030693
1229,-0.0045955
1230,0.0068854
1231,0.0029587
1232,0.0018124
1233,-0.0029533
1234,0.0103243
1235,0.0047647
1236,-0.0065123
1237,0.003851
1238,-0.0040053
1239,-0.0093048
1240,-0.0050504
1241,0.0025023
1242,0.0017687
1243,-0.0146599
1244,0.001739
1245,0.0051989
1246,0.0062136
1247,-0.0032848
1248,-0.0045014
1249,-0.0142124
1250,-0.0013312
1251,0.006744
1252,-0.0033398
1253,-0.0036707
1254,-0.0017603
1255,0.0005871
1256,-0.0008007
1257,-0.0062139
1258,0.0015034
1259,0.0090798
1260,0.0057258
1261,-0.0095613
1262,-0.0010146
1263,0.0007477
1264,0.0042087
1265,0.0038734
1266,0.0005294
1267,-0.0015892
1268,-0.0038243
1269,-0.0028779
1270,-0.0005338
1271,0.0051663
1272,5.31e-05
1273,-0.0071972
1274,-0.0100557
1275,-0.0072684
1276,-0.0042553
1277,-0.000164
1278,-0.0083462
1279,0.001928
1280,0.009203
1281,-0.0073337
1282,0.0122835
1283,-0.0091574
1284,-0.0107907
1285,0.0034811
1286,0.0043482
1287,0.016288
1288,-0.0054723
1289,0.0016286
1290,-0.0062028
1291,-0.0073955
1292,0.0
1293,0.0035676
1294,0.0014235
1295,0.0081731
1296,0.0112776
1297,-0.0015573
1298,0.0101589
1299,-0.0017038
1300,-0.0033093
1301,-0.0004278
1302,0.00576
1303,0.0055684
1304,-0.0031251
1305,-0.0052125
1306,0.001279
1307,0.0077987
1308,0.0044292
1309,-0.0013162
1310,0.0089682
1311,-0.001463
1312,0.0058391
1313,0.0020253
1314,-0.0007266
1315,0.0056945
1316,0.0182609
1317,0.0039963
1318,-0.0049598
1319,0.0098951
1320,-0.0047839
1321,0.003024
1322,-0.0002013
1323,0.0016094
1324,0.0120881
1325,0.000546
1326,-0.0058228
1327,0.0015959
1328,0.0092756
1329,-0.0018285
1330,-0.0084942
1331,0.0019934
1332,0.0166387
1333,-0.0017152
1334,-0.0043749
1335,0.006188
1336,0.0006852
1337,0.00935
1338,0.0020337
1339,0.0153605
1340,0.0099065
1341,-0.0064826
1342,-0.0039956
1343,0.0010004
1344,0.004371
1345,-0.011299
1346,-0.0068798
1347,0.0024591
1348,0.0093947
1349,0.0050443
1350,0.0028913
1351,-0.008031
1352,0.006136
1353,-0.0010913
1354,0.014843
1355,-0.0276472
1356,-0.0089838
1357,-0.000728
1358,0.0036832
1359,-0.0003871
1360,0.0078092
1361,0.00436
1362,-0.003592
1363,-0.0042794
1364,-0.0084197
1365,-0.0112394
1366,0.0037279
1367,0.0106166
1368,0.0046397
1369,0.0116013
1370,0.0022852
1371,-0.0045756
1372,0.011636
1373,0.0102411
1374,-0.0054833
1375,0.0007516
1376,0.0024389
1377,0.0050931
1378,0.0077995
1379,-0.0014809
1380,0.0002315
1381,0.0065995
1382,0.0107971
1383,0.0121663
1384,-0.0121663
1385,0.0111318
1386,0.0107422
1387,-0.0012473
1388,-0.0024546
1389,0.0011165
1390,0.0121117
1391,0.0006612
1392,-0.0066322
1393,-0.0046243
1394,-0.0008917
1395,0.0042287
1396,0.0019525
1397,0.0044676
1398,0.0223022
1399,0.003662
1400,0.0027913
1401,0.014306
1402,-0.0079793
1403,0.0047189
1404,-0.0007637
1405,0.0039819
1406,-0.013835
1407,0.0087065
1408,-0.0025955
1409,0.0109318
1410,0.0070129
1411,-0.000293
1412,-0.015864
1413,0.0024212
1414,-0.0138411
1415,-0.0163938
1416,-0.0002624
1417,0.0211628
1418,0.0009844
1419,0.0114423
1420,-0.0019474
1421,0.0054938
1422,0.0018947
1423,0.0187108
1424,0.0033385
1425,-0.0026781
1426,0.0096897
1427,-0.0095247
1428,-0.0027676
1429,0.0011162
1430,0.001115
1431,0.0032553
1432,-0.0106289
1433,-0.0209658
1434,-0.0015297
1435,-0.0015746
1436,0.0124441
1437,-0.0020633
1438,-0.0049016
1439,0.0044378
1440,0.0030317
1441,-0.0011358
1442,-0.0049368
1443,0.0047684
1444,-0.013179
1445,-0.0071492
1446,0.0018886
1447,0.0124013
1448,-0.0027992
1449,0.0196402
1450,0.0051094
1451,0.0139891
1452,0.007652
1453,0.0054589
1454,-0.0025438
1455,-0.0093829
1456,0.0019162
1457,-0.0064154
1458,0.0069855
1459,8.14e-05
1460,-0.0235169
1461,-0.0015849
1462,0.0064488
1463,0.0014919
1464,0.0173646
1465,0.0016672
1466,-0.0072582
1467,0.0026158
1468,-0.0038033
1469,0.0142389
1470,-0.0093341
1471,0.0071909
1472,0.0076619
1473,-0.0007636
1474,0.0034515
1475,0.0049556
1476,0.0047725
1477,0.0026152
1478,-0.0035679
1479,-0.031262
1480,-0.010131
1481,0.0050784
1482,0.0007822
1483,-0.0032562
1484,-0.0171137
1485,-0.0188657
1486,0.005761
1487,0.0045003
1488,0.0012277
1489,-0.0005078
1490,0.0081785
1491,0.0020552
1492,-0.0030213
1493,0.0094946
1494,-0.017681
1495,-0.0062054
1496,0.0086599
1497,-0.0019885
1498,-0.0051377
1499,0.004587
1500,0.0043973
1501,-0.0008019
1502,0.0008441
1503,-0.0006752
1504,0.0159146
1505,0.0111147
1506,0.0094063
1507,0.0023581
1508,0.0036482
1509,0.0009302
1510,-0.0035231
1511,0.0131379
1512,-0.0004004
1513,0.0020806
1514,-0.0095583
1515,0.0200946
1516,0.0018177
1517,-0.0018177
1518,0.0003559
1519,-0.0175894
1520,0.0062575
1521,0.0148839
1522,-0.0133256
1523,-0.009346
1524,-0.0018959
1525,-0.002466
1526,-0.0493651
1527,-0.019278
1528,0.0054906
1529,-0.000949
1530,-0.0001726
1531,0.0027156
1532,-0.0003875
1533,0.0116024
1534,0.0031449
1535,0.002585
1536,-0.0190132
1537,0.0017239
1538,-0.0100403
1539,0.0061141
1540,0.0098082
1541,0.0013689
1542,-0.0008981
1543,0.0045679
1544,-0.0015772
1545,0.0096373
1546,-0.003513
1547,-0.00157
1548,0.0018244
1549,-0.0022916
1550,0.0144676
1551,0.0030523
1552,-0.0028848
1553,-0.0120892
1554,-0.0003815
1555,0.0016097
1556,0.0127015
1557,-0.0042719
1558,0.0021382
1559,0.0020501
1560,0.0069971
1561,0.0114311
1562,0.0011073
1563,0.0074319
1564,0.001626
1565,0.0015423
1566,-0.0028835
1567,-0.0004068
1568,0.0014637
1569,0.0038523
1570,-0.0017824
1571,-0.014786
1572,0.0061125
1573,-0.0053309
1574,-0.0267938
1575,0.0037096
1576,0.0183032
1577,0.0155773
1578,0.0064869
1579,0.0029055
1580,0.0024148
1581,0.0018073
1582,-0.0006824
1583,0.0196806
1584,-0.0005907
1585,-0.0031564
1586,-0.0074571
1587,-3.98e-05
1588,-0.0075134
1589,0.0067168
1590,-0.0111796
1591,-0.0033097
1592,0.0034708
1593,0.0073457
1594,-0.0099679
1595,-0.0031557
1596,0.0118831
1597,-0.003932
1598,-0.0096951
1599,0.0016224
1600,0.0006887
1601,-0.009154
1602,-0.0053274
1603,-0.004943
1604,0.0175192
1605,0.0230236
1606,0.0023368
1607,0.0100373
1608,0.0076082
1609,0.0056201
1610,0.0060498
1611,-0.0013455
1612,0.010295
1613,0.0107929
1614,0.0029712
1615,0.0114261
1616,-0.0011145
1617,-0.0044703
1618,0.0224098
1619,-0.0140073
1620,-0.0018158
1621,0.0152388
1622,0.0060093
1623,-0.004221
1624,-0.0005836
1625,0.0086099
1626,-0.0016653
1627,0.0131384
1628,0.0054208
1629,-0.0039915
1630,-0.006736
1631,-0.0111709
1632,0.0089395
1633,-0.006942
1634,0.0146945
1635,0.0204894
1636,-0.0002452
1637,0.0005254
1638,-0.0003152
1639,-0.0109183
1640,0.0017691
1641,0.0039515
1642,-0.003704
1643,0.004408
1644,-0.0042313
1645,0.0039498
1646,0.0157143
1647,0.0065615
1648,0.0004818
1649,-0.0081526
1650,0.0088404
1651,-0.0018927
1652,0.0031297
1653,-0.0045775
1654,-0.0057428
1655,0.0146033
1656,0.0010594
1657,0.0044304
1658,0.013812
1659,0.0099779
1660,0.0015926
1661,-0.0041859
1662,0.0018293
1663,-0.0160791
1664,-0.0236801
1665,0.0086074
1666,0.0023284
1667,0.0042661
1668,0.0228277
1669,0.0051132
1670,-0.0175736
1671,0.0019194
1672,-0.0149125
1673,-0.0012642
1674,-0.0237682
1675,-0.0228772
1676,0.0187372
1677,0.0086462
1678,-0.0028621
1679,0.024105
1680,-0.0202675
1681,-0.0012892
1682,-0.0186513
1683,0.001136
1684,0.0023744
1685,0.0072653
1686,0.0132304
1687,-0.0011451
1688,0.0046069
1689,0.0204556
1690,0.0004401
1691,-0.0025755
1692,-0.0045572
1693,-0.0061545
1694,0.0059159
1695,0.0023158
1696,0.000884
1697,-0.0234164
1698,-0.0027174
1699,-0.0248304
1700,-0.0050553
1701,0.0070203
1702,0.0070777
1703,0.024333
1704,-0.0013152
1705,0.0070062
1706,-0.0022725
1707,-0.0009311
1708,-0.0047381
1709,0.017219
1710,0.005505
1711,-0.0055731
1712,0.0110817
1713,0.0018855
1714,0.0006389
1715,0.0042268
1716,0.0096278
1717,0.0050268
1718,0.0053298
1719,0.0001641
1720,0.0028829
1721,0.0041785
1722,0.0086926
1723,-0.0039477
1724,-0.0051359
1725,0.0068528
1726,-0.005843
1727,0.0024063
1728,-0.0127145
1729,-0.0035258
1730,0.0088405
1731,-0.0023258
1732,0.0081004
1733,0.0028911
1734,-0.0024683
1735,0.0027601
1736,-0.002435
1737,0.0098657
1738,-0.0008372
1739,0.007318
1740,0.0060259
1741,-0.0102241
1742,-0.0091622
1743,-0.0002593
1744,-0.0021419
1745,0.004732
1746,0.0044522
1747,0.0053934
1748,0.0105737
1749,0.0075746
1750,0.0019161
1751,-0.0034264
1752,-0.0041968
1753,0.0069327
1754,0.0113969
1755,0.0028213
1756,0.0153613
1757,0.0160294
1758,-0.002734
1759,0.0067762
1760,-0.0019742
1761,0.0003592
1762,-0.0146529
1763,0.00176
1764,0.0150754
1765,0.0031607
1766,-0.0076805
1767,0.0102672
1768,-0.0065541
1769,-0.0095804
1770,-0.0131833
1771,0.0084039
1772,-0.0195965
1773,-0.0053327
1774,-0.0045802
1775,-0.0110221
1776,-0.0099642
1777,0.0011474
1778,0.0101736
1779,0.0151776
1780,0.0034105
1781,-0.0166665
1782,-0.0091053
1783,0.0002223
1784,-0.0002223
1785,-0.0138154
1786,0.0284446
1787,0.0052756
1788,-0.0045872
1789,0.0013753
1790,0.0094505
1791,-0.004683
1792,0.0004351
1793,0.0169759
1794,0.0022276
1795,3.05e-05
1796,-0.027377
1797,-0.0021325
1798,-0.0138456
1799,-0.0098844
1800,-0.0054154
1801,0.0164451
1802,-0.0299821
1803,-0.0237037
1804,-0.0539666
1805,-0.2280063
1806,0.0519535
1807,0.0870888
1808,-0.0399951
1809,-0.0001209
1810,-0.0864182
1811,0.0239564
1812,0.0003859
1813,0.0480795
1814,0.0282764
1815,0.015605
1816,-0.0194649
1817,-0.0074433
1818,0.02193
1819,-0.0161227
1820,-0.0293388
1821,-0.0172972
1822,0.0120609
1823,0.0270391
1824,-0.0116558
1825,0.0045084
1826,-0.0151902
1827,0.0102746
1828,-0.0226534
1829,0.0080905
1830,0.0040826
1831,0.0138954
1832,-0.0093377
1833,-0.0155234
1834,-0.0426718
1835,0.0073546
1836,0.0062305
1837,-0.0359346
1838,-0.0057445
1839,0.0213846
1840,0.026529
1841,0.0168007
1842,-0.0225214
1843,0.0074645
1844,0.0287763
1845,0.0025155
1846,0.0215132
1847,-0.0207721
1848,0.0251161
1849,0.001524
1850,0.0016417
1851,0.0127608
1852,-0.0045133
1853,-0.0259264
1854,-0.0039987
1855,0.0132807
1856,-0.0031114
1857,0.0351904
1858,0.0104554
1859,0.0010048
1860,0.0083853
1861,-0.0700002
1862,0.0165818
1863,-0.0083991
1864,0.0015879
1865,0.0002847
1866,0.0247839
1867,-0.0006747
1868,-0.0102156
1869,-0.0271996
1870,0.0020998
1871,0.0137246
1872,0.0227415
1873,-0.010364
1874,-0.0007616
1875,0.0155572
1876,0.0148133
1877,-0.007928
1878,0.0020759
1879,-0.0132343
1880,0.0
1881,-0.0049685
1882,-0.0074391
1883,0.0104629
1884,0.0194349
1885,-0.0027701
1886,0.0065423
1887,0.0085031
1888,-0.002389
1889,-0.0050279
1890,0.0142442
1891,0.0152872
1892,-0.0023367
1893,-0.0022287
1894,-0.0108364
1895,0.0033585
1896,0.0202164
1897,-0.0022428
1898,0.0028401
1899,-0.0003732
1900,-0.0021675
1901,0.0002992
1902,0.0076377
1903,-0.0013742
1904,-0.0195915
1905,0.0041605
1906,0.0053829
1907,-0.0009014
1908,0.0094245
1909,0.0095209
1910,-0.0003688
1911,-0.0088172
1912,0.000372
1913,0.0002603
1914,-0.0208928
1915,-0.0185496
1916,-0.0017423
1917,0.0077587
1918,-0.00772
1919,0.0031724
1920,-0.0108743
1921,0.0094054
1922,0.0266428
1923,0.0025205
1924,0.012211
1925,0.0027058
1926,0.0044688
1927,0.0006631
1928,-0.0444267
1929,7.7e-05
1930,-0.0021581
1931,-0.0049891
1932,-0.0070034
1933,0.0011706
1934,0.0144032
1935,0.0088787
1936,0.0055852
1937,-0.0004927
1938,-0.0045212
1939,-0.0048861
1940,0.0008797
1941,0.0054903
1942,-0.0102424
1943,-0.0058947
1944,-0.0050749
1945,-0.0036574
1946,0.004201
1947,-0.0168716
1948,0.0021295
1949,0.0114761
1950,0.0074881
1951,-0.012916
1952,-0.0159454
1953,0.004842
1954,0.0017801
1955,-0.0086931
1956,0.0106279
1957,0.0009857
1958,0.0034226
1959,-0.0047633
1960,0.0339068
1961,0.0171319
1962,-0.0051126
1963,0.0042123
1964,0.0022493
1965,-0.0070648
1966,0.0236647
1967,-0.0048364
1968,0.0038783
1969,0.0006265
1970,0.0105546
1971,0.0004738
1972,-0.0171629
1973,0.0033676
1974,-0.006449
1975,0.0100998
1976,0.0145801
1977,-0.0030519
1978,-0.0037915
1979,-0.0173533
1980,0.0119696
1981,-0.0048961
1982,0.0092566
1983,-0.0063087
1984,0.014683
1985,-0.0137636
1986,-0.0009194
1987,-0.0064969
1988,0.0019609
1989,-0.0103285
1990,0.0057719
1991,0.0034842
1992,0.0066014
1993,-0.0056768
1994,-0.0075699
1995,0.0056828
1996,-0.0124475
1997,-0.0119211
1998,0.0044682
1999,0.001925
2000,-0.0101955
2001,0.0133204
2002,0.0223041
2003,0.0006982
2004,-0.0005512
2005,0.0033759
2006,-0.0038539
2007,-0.0028725
2008,-0.0043243
2009,-0.0130112
2010,-0.017374
2011,0.0032403
2012,-0.0007615
2013,-0.0148111
2014,0.0072027
2015,0.0008056
2016,0.0009966
2017,-0.0030311
2018,-0.012606
2019,0.000428
2020,0.0155921
2021,-0.0078043
2022,0.002236
2023,0.0101531
2024,0.0006859
2025,-0.0037784
2026,-0.0121955
2027,0.0234504
2028,0.0041881
2029,0.0010537
2030,3.76e-05
2031,0.0036041
2032,-0.0013876
2033,0.0035962
2034,0.0070053
2035,-0.0043912
2036,0.0093545
2037,-0.0067845
2038,0.0033794
2039,0.0015929
2040,-0.0036341
2041,0.0021524
2042,-0.0032675
2043,-0.0023085
2044,0.0030521
2045,0.0129601
2046,-0.0024977
2047,-0.0019511
2048,-0.0028044
2049,0.0045716
2050,0.0019476
2051,0.020638
2052,0.0006112
2053,-0.0011148
2054,-0.0143142
2055,0.0045157
2056,0.0010169
2057,0.0032976
2058,0.0106876
2059,-0.0086637
2060,0.0211136
2061,0.0027536
2062,-0.0048769
2063,0.0003542
2064,-0.0035476
2065,-0.0146782
2066,0.0044979
2067,0.0015785
2068,0.0003226
2069,0.0
2070,0.0005016
2071,-0.0104049
2072,-0.0086508
2073,0.0044438
2074,-0.0066365
2075,0.0013162
2076,-0.0213077
2077,-0.0007468
2078,0.0023132
2079,-0.0169878
2080,0.00299
2081,0.0070046
2082,-0.0009762
2083,0.0037494
2084,0.0066765
2085,-0.0066017
2086,0.0052625
2087,0.0083776
2088,0.0102829
2089,-0.0044307
2090,-0.0024986
2091,0.0114132
2092,0.0096287
2093,0.0019434
2094,-0.0056247
2095,0.0016619
2096,-0.0018427
2097,-0.0007597
2098,-0.0036257
2099,-0.0037483
2100,0.0073016
2101,0.0094381
2102,-0.0051763
2103,-0.0003244
2104,-0.0018403
2105,0.0036053
2106,-0.0037498
2107,0.0009027
2108,0.0083382
2109,-0.006031
2110,-0.0087157
2111,0.0148541
2112,0.0020735
2113,0.0023543
2114,0.0011039
2115,-0.0021377
2116,0.0057967
2117,0.0041049
2118,0.002469
2119,0.0009507
2120,-0.0020786
2121,0.0104548
2122,0.0012905
2123,-0.0009415
2124,-0.0074589
2125,0.0139272
2126,0.0022506
2127,0.0087806
2128,0.0072757
2129,0.0039741
2130,0.0083719
2131,-0.0012783
2132,-0.0008419
2133,0.0004379
2134,-0.0031365
2135,0.0120538
2136,-0.0032761
2137,-0.0087102
2138,-0.0137398
2139,0.0017791
2140,-0.0024985
2141,0.0082929
2142,0.0019353
2143,0.0065927
2144,-0.0026318
2145,-0.0172779
2146,0.0039111
2147,-0.0169899
2148,0.0024002
2149,0.0036069
2150,-0.0060767
2151,0.0098431
2152,0.0042331
2153,0.0123894
2154,-0.0031936
2155,0.0007143
2156,-0.0005102
2157,-0.0035787
2158,0.0082965
2159,-0.0006097
2160,0.0051706
2161,0.0092937
2162,-0.0228
2163,-0.009509
2164,0.0048516
2165,-0.0028875
2166,-0.0052117
2167,0.005487
2168,0.0035042
2169,0.002603
2170,0.0005813
2171,0.0080015
2172,0.0051416
2173,-0.0036505
2174,0.0031443
2175,-0.003212
2176,0.0063128
2177,-0.0001683
2178,0.004634
2179,0.0016737
2180,-0.0087002
2181,0.0165957
2182,0.0011939
2183,0.014151
2184,0.0036858
2185,-0.0031304
2186,0.0111076
2187,-0.0029759
2188,-0.0063045
2189,0.0005866
2190,0.0085968
2191,0.0001938
2192,-0.0016808
2193,-0.0032402
2194,0.0001298
2195,-0.0012664
2196,-0.00052
2197,-0.0052476
2198,-0.0026506
2199,0.0019968
2200,0.0037536
2201,0.0221984
2202,0.0073651
2203,-0.0027873
2204,0.0069537
2205,0.0015422
2206,0.0102315
2207,0.0023009
2208,-0.0114323
2209,0.0025727
2210,9.4e-05
2211,0.0075536
2212,-0.0079296
2213,0.0045968
2214,0.0045137
2215,0.0109655
2216,-0.0107792
2217,0.0068393
2218,0.0083233
2219,-0.0006119
2220,-0.0001836
2221,-0.0013784
2222,-0.0071676
2223,-0.000247
2224,-0.0116477
2225,0.0039599
2226,0.001679
2227,-0.0019902
2228,-0.0023998
2229,0.005725
2230,0.0174688
2231,-0.0042774
2232,0.005618
2233,-0.0080398
2234,-0.0189939
2235,-0.005332
2236,0.0039234
2237,0.0044072
2238,0.0028341
2239,0.0103952
2240,0.006626
2241,0.0052146
2242,0.0031279
2243,0.0004547
2244,0.0056815
2245,0.0018065
2246,-0.0032842
2247,0.013132
2248,-0.0066344
2249,0.0071406
2250,-0.006661
2251,0.0006292
2252,0.0124122
2253,0.0115877
2254,0.0004677
2255,0.0114207
2256,-0.0067553
2257,0.0017149
2258,0.001161
2259,-0.0023814
2260,0.0158369
2261,-0.0001717
2262,-0.0069224
2263,0.0037688
2264,-0.0101301
2265,-0.0048852
2266,0.0047981
2267,0.0027521
2268,-0.0035067
2269,0.0045765
2270,-0.0156112
2271,0.0015252
2272,0.010235
2273,0.0195921
2274,-0.0028488
2275,0.0044691
2276,-0.0064109
2277,0.0023127
2278,0.0022789
2279,0.0064665
2280,-0.0033131
2281,-0.0094615
2282,-0.0025516
2283,0.0011763
2284,-0.003159
2285,0.002987
2286,-0.0093351
2287,-0.0066801
2288,0.0055215
2289,0.0048281
2290,-0.0005193
2291,-0.0002309
2292,-0.0022249
2293,0.0038975
2294,-0.0081588
2295,0.0002905
2296,0.0022337
2297,0.0100909
2298,0.0015765
2299,0.0049142
2300,0.0108848
2301,0.0062671
2302,8.4e-05
2303,0.0050576
2304,0.0028389
2305,-0.0018639
2306,-0.0059767
2307,-0.004492
2308,-0.0631232
2309,0.0272005
2310,-0.0049415
2311,0.0017572
2312,0.0155906
2313,8.64e-05
2314,-0.0067342
2315,-0.0032824
2316,-0.0034975
2317,-0.0134329
2318,-0.0085292
2319,2.98e-05
2320,0.0156644
2321,0.0024649
2322,-0.0080038
2323,-0.002544
2324,-0.0149504
2325,0.0065926
2326,0.0099264
2327,-0.0046834
2328,0.0074889
2329,0.0013262
2330,-0.0046049
2331,0.0075163
2332,0.0001175
2333,0.0030197
2334,-0.0066377
2335,0.000707
2336,0.0068085
2337,0.0060069
2338,0.0047565
2339,0.0004628
2340,-0.0062956
2341,0.0069317
2342,0.0133217
2343,0.0022221
2344,-0.0052212
2345,-0.0029507
2346,-0.0027581
2347,0.0031597
2348,-0.0003729
2349,0.0090535
2350,0.0028958
2351,-0.0051728
2352,-0.0022537
2353,-0.018593
2354,-0.0035852
2355,0.001109
2356,0.0056427
2357,0.0076279
2358,-0.0017573
2359,0.0057503
2360,0.0053182
2361,0.0077549
2362,0.017642
2363,-0.0025889
2364,-0.0086503
2365,-0.0098041
2366,0.0045043
2367,-0.0118567
2368,-0.0066291
2369,0.0035066
2370,-0.0249846
2371,-0.0086568
2372,0.0110661
2373,-0.0098799
2374,0.0023387
2375,0.0028346
2376,-0.026199
2377,0.0037161
2378,-0.0040794
2379,-0.0127375
2380,-0.0008591
2381,-0.0018433
2382,-0.00685
2383,0.0187105
2384,-0.0008816
2385,0.0064574
2386,0.0028064
2387,-0.0066212
2388,0.0123304
2389,-0.0023698
2390,0.0019803
2391,-0.0106676
2392,0.0028437
2393,0.0029863
2394,0.008637
2395,-0.0065008
2396,-0.0143182
2397,-0.0009761
2398,-0.0060303
2399,-0.0047703
2400,0.0138478
2401,0.004826
2402,0.0049234
2403,0.0025578
2404,0.0083798
2405,-0.0053789
2406,0.0124765
2407,-0.0029042
2408,0.0098049
2409,-0.0069006
2410,0.0021874
2411,-0.007915
2412,0.0025859
2413,0.0035559
2414,0.0112946
2415,0.0047269
2416,-0.0057218
2417,-0.005372
2418,-0.0121117
2419,0.0046666
2420,0.0012151
2421,0.0113971
2422,0.0014631
2423,-0.0035443
2424,-0.0024973
2425,-0.0036544
2426,0.0144798
2427,-0.0074482
2428,-0.001056
2429,-0.0019095
2430,0.003786
2431,0.0020485
2432,-0.0004386
2433,0.0070527
2434,0.001161
2435,-0.0001741
2436,-0.0115554
2437,-0.0077489
2438,-0.0088235
2439,-0.0122193
2440,-0.0020865
2441,0.0050424
2442,0.0026769
2443,-0.0115102
2444,0.0051219
2445,0.0043737
2446,0.0066894
2447,0.0032535
2448,0.0083685
2449,0.0063042
2450,0.0043367
2451,0.0024822
2452,0.0027961
2453,0.0235129
2454,0.0077821
2455,-0.0013258
2456,-0.0007906
2457,0.0013268
2458,0.0004795
2459,0.0094298
2460,0.0012004
2461,0.0023965
2462,-0.0024523
2463,-0.0107436
2464,0.016974
2465,0.0005821
2466,0.0010248
2467,0.0053286
2468,0.0116077
2469,-0.0020707
2470,-0.0045927
2471,-0.0049718
2472,-0.0123017
2473,0.0081073
2474,0.0126946
2475,-0.0036928
2476,-0.005496
2477,2.76e-05
2478,-0.0167553
2479,0.0044454
2480,0.0017559
2481,0.0038078
2482,-0.0140804
2483,-0.0088169
2484,-0.0007099
2485,0.0087105
2486,0.0069869
2487,0.0010899
2488,0.0042366
2489,0.0017229
2490,-0.0125169
2491,0.007674
2492,0.0030643
2493,-0.0084636
2494,0.0132087
2495,0.0115872
2496,0.0051041
2497,0.004455
2498,-0.0038834
2499,-0.0090197
2500,0.0030156
2501,-0.0102074
2502,-0.0175756
2503,0.00135
2504,0.0036472
2505,-0.00331
2506,-0.0069642
2507,0.0059521
2508,0.0016861
2509,-0.0017705
2510,-0.0114287
2511,-0.0190143
2512,-0.0307109
2513,0.0011954
2514,0.0104579
2515,0.0046883
2516,-0.0130876
2517,0.0098465
2518,0.0016219
2519,0.0019722
2520,-0.0228131
2521,-0.0138138
2522,0.0020721
2523,-0.0204506
2524,-0.0166355
2525,-0.030438
2526,0.0143883
2527,0.0313795
2528,-0.0003111
2529,0.00883
2530,-0.0170482
2531,0.0120076
2532,0.0016418
2533,0.0040156
2534,-0.012189
2535,0.0091325
2536,-0.0054881
2537,-0.0018361
2538,0.0046614
2539,-0.0121338
2540,-0.005728
2541,0.0029625
2542,0.0026085
2543,-0.0062973
2544,-0.016304
2545,-0.0005138
2546,-0.021986
2547,0.0121083
2548,-0.0104351
2549,-0.0134979
2550,0.0167379
2551,0.0286337
2552,0.0008569
2553,-0.0121608
2554,0.004134
2555,-0.0038129
2556,0.0063362
2557,-0.027096
2558,-0.015558
2559,-0.0165482
2560,0.015349
2561,0.0106091
2562,-0.0143156
2563,-0.0005354
2564,0.0230945
2565,0.0218054
2566,0.00727
2567,-0.0076541
2568,0.000768
2569,-0.0078039
2570,-0.01776
2571,-0.0093309
2572,0.0071955
2573,-0.0001973
2574,0.0098852
2575,0.0156094
2576,0.0087479
2577,-0.0094857
2578,-0.0181667
2579,0.005215
2580,0.0197319
2581,0.0181301
2582,-0.0056816
2583,0.0085571
2584,-0.0106054
2585,0.0003154
2586,0.0069761
2587,-0.0127001
2588,0.0022809
2589,-0.0029471
2590,0.0044648
2591,0.005011
2592,-0.0004717
2593,-0.0048237
2594,0.0181641
2595,0.0058176
2596,0.0069183
2597,0.0108798
2598,-0.0025797
2599,-0.0040194
2600,0.0034722
2601,-0.0074772
2602,0.0114221
2603,-0.0025776
2604,-0.0076811
2605,-0.0024508
2606,0.0122854
2607,0.0004544
2608,-0.0002423
2609,0.0049254
2610,-0.0055921
2611,0.0028755
2612,-0.0077677
2613,0.001309
2614,0.0045528
2615,-0.0114823
2616,-0.0140048
2617,-0.0028309
2618,-0.0174726
2619,-0.0017134
2620,-0.0108879
2621,0.0097122
2622,0.0022231
2623,-0.0087301
2624,0.0039603
2625,0.0077473
2626,0.0366421
2627,0.0129054
2628,-0.0035279
2629,-0.0083413
2630,0.0057705
2631,0.0137448
2632,0.0038459
2633,-0.000119
2634,-0.0005656
2635,0.0149837
2636,0.0088196
2637,-0.0025619
2638,0.0153028
2639,0.0083477
2640,0.0192018
2641,-0.0043382
2642,0.0079065
2643,0.0253609
2644,-0.0083915
2645,0.0095846
2646,-0.0130928
2647,0.0132012
2648,0.0008938
2649,-0.0115722
2650,-0.0004657
2651,0.0018614
2652,0.0043935
2653,-0.0121908
2654,0.0134969
2655,-0.0018236
2656,0.0092199
2657,-0.0030819
2658,0.0198117
2659,-0.001461
2660,-0.0006914
2661,-0.0025571
2662,-0.0053215
2663,-0.0078871
2664,0.0121946
2665,-0.0028607
2666,0.0002409
2667,-0.0039694
2668,-0.0149455
2669,0.0036215
2670,-0.0036487
2671,0.0024521
2672,0.0063745
2673,0.0173433
2674,-0.0025278
2675,-0.0003464
2676,-0.0105022
2677,0.0218442
2678,-0.0014767
2679,0.0021879
2680,-0.0116802
2681,0.0087531
2682,-0.0135601
2683,-0.0010982
2684,0.0119344
2685,0.0073085
2686,0.0020746
2687,0.0167275
2688,0.0072744
2689,-0.0051097
2690,-0.011027
2691,-0.0084951
2692,0.002124
2693,0.002616
2694,-0.0092125
2695,-0.0006066
2696,-0.0142427
2697,0.0045126
2698,0.0130752
2699,0.0006046
2700,0.0007356
2701,-0.0018925
2702,-0.0072881
2703,0.0031489
2704,0.012445
2705,-0.0197901
2706,0.002711
2707,-0.0137366
2708,-0.0082412
2709,0.0097738
2710,0.0005372
2711,-0.0002954
2712,0.0082127
2713,0.0022354
2714,-0.0032483
2715,0.0066981
2716,0.0117194
2717,0.002223
2718,0.0108348
2719,0.0073894
2720,-0.0045508
2721,-0.000825
2722,-0.0068579
2723,-0.0037985
2724,-0.0110084
2725,-0.0022691
2726,0.0065296
2727,-0.0116142
2728,0.0025985
2729,0.0122646
2730,-0.0056662
2731,-0.0040595
2732,-0.0092878
2733,0.0008794
2734,0.0061872
2735,-0.0181923
2736,-0.0010249
2737,0.0027757
2738,0.0075336
2739,-0.0086915
2740,0.0180493
2741,-0.0011914
2742,-0.0110283
2743,0.0020069
2744,0.0102658
2745,-0.0048538
2746,-0.0009842
2747,0.0032682
2748,0.0086633
2749,0.0056121
2750,-0.0022253
2751,-0.000944
2752,0.0109322
2753,-0.0029886
2754,-0.0034937
2755,-0.0090779
2756,-0.0020579
2757,0.0061085
2758,-7.88e-05
2759,0.0058109
2760,0.0091968
2761,0.0028922
2762,-0.0017808
2763,0.000155
2764,-0.0054905
2765,0.0143361
2766,-0.0001536
2767,-0.00318
2768,-0.0056669
2769,0.0023222
2770,0.004115
2771,0.0007184
2772,-0.001463
2773,-0.0096786
2774,-0.0239103
2775,0.0078318
2776,0.0289883
2777,0.0018928
2778,0.0072311
2779,-0.0008122
2780,-0.0020079
2781,0.0090668
2782,-0.0004287
2783,-0.0026266
