,ALP.B,ALT.B,AST.B,TBL.B,ALP.M,ALT.M,AST.M,TBL.M,dose
1,80,13,14,12.654,87,22,22,23.085,A
2,37,15,16,6.498,37,25,23,8.037,A
3,52,10,13,4.788,55,10,13,6.498,A
4,36,13,13,6.84,35,11,12,8.037,A
5,39,18,12,14.364,37,21,15,16.758,A
6,48,8,13,6.156,50,8,13,5.985,A
7,71,12,18,9.063,74,10,15,7.524,A
8,81,13,16,10.773,89,17,13,7.866,A
9,77,18,19,7.353,83,21,22,8.379,A
10,38,13,14,7.182,36,16,17,7.866,A
11,56,10,15,7.866,58,13,18,8.208,A
12,33,28,21,8.721,32,27,27,13.338,A
13,64,10,15,13.338,78,14,16,15.732,A
14,70,13,13,7.866,78,18,15,8.208,A
15,43,12,12,11.628,43,13,13,14.706,A
16,45,28,16,10.089,51,41,23,15.39,A
17,59,15,23,5.301,60,14,22,7.866,A
18,42,7,12,9.918,47,8,12,7.353,A
19,59,11,14,7.353,50,13,13,9.918,A
20,45,13,12,7.182,51,14,15,7.866,A
21,47,13,12,8.892,54,18,18,8.208,A
22,53,11,12,10.602,52,16,12,10.602,A
23,39,17,15,8.721,43,16,13,10.26,A
24,99,15,15,7.353,105,16,16,6.498,A
25,57,19,19,8.721,58,29,23,10.26,A
26,44,11,14,6.327,44,14,15,7.011,A
27,87,22,18,10.773,95,26,22,9.918,A
28,68,17,15,10.773,69,17,15,16.416,A
29,74,7,13,6.669,82,6,12,6.156,A
30,49,15,12,16.416,46,14,12,17.271,A
31,51,9,14,15.732,55,13,18,14.364,A
32,67,23,21,6.669,66,16,19,10.089,A
33,54,10,12,6.156,62,16,14,6.84,A
34,59,16,26,11.628,58,16,17,12.654,A
35,74,16,13,7.182,81,13,13,8.892,A
36,34,11,17,6.156,31,15,17,7.524,A
37,47,10,13,10.602,46,9,10,11.799,A
38,49,12,14,5.985,49,10,13,6.84,A
39,45,13,19,11.457,51,16,29,9.576,A
40,51,12,12,6.669,49,17,17,12.312,A
41,64,9,16,5.643,68,8,15,7.011,A
42,61,17,18,9.063,58,18,22,16.416,A
43,94,53,28,14.535,99,54,33,11.286,A
44,73,9,11,6.327,83,11,14,4.788,A
45,56,19,14,10.089,56,17,13,10.089,A
46,99,11,21,6.498,93,14,25,9.576,A
47,63,15,18,6.669,59,12,15,4.788,A
48,41,15,14,7.695,49,15,14,5.472,A
49,48,18,18,9.918,49,12,12,6.498,A
50,57,10,12,7.524,52,9,11,7.866,A
51,64,21,16,8.892,62,36,18,7.011,A
52,79,20,17,8.55,87,30,19,12.141,A
53,50,8,12,9.576,50,10,15,6.156,A
54,54,6,13,6.84,63,7,12,7.695,A
55,62,21,18,6.498,61,16,18,5.301,A
56,55,11,11,7.353,56,10,9,4.617,A
57,59,16,17,7.524,63,18,18,6.84,A
58,38,11,15,6.669,43,10,13,4.617,A
59,44,7,13,9.576,46,9,13,11.286,A
60,71,24,16,5.985,71,39,29,8.037,A
61,67,15,11,8.208,67,24,19,11.286,A
62,83,15,18,8.721,87,15,16,9.405,A
63,62,11,11,5.301,66,13,16,5.814,A
64,52,31,21,9.918,52,40,27,12.483,A
65,61,16,12,9.747,68,18,15,9.405,A
66,69,17,15,5.985,88,13,14,5.472,A
67,44,12,20,9.918,50,18,26,10.602,A
68,47,15,18,11.115,54,22,25,12.483,A
69,45,19,15,12.996,43,23,17,14.193,A
70,44,14,15,10.944,51,36,37,8.892,A
71,57,21,15,9.576,62,24,15,10.944,A
72,57,11,17,5.814,57,17,24,6.84,A
73,36,13,17,9.234,33,16,19,14.877,A
74,84,13,15,6.327,79,13,17,7.695,A
75,65,21,18,5.301,63,24,16,4.788,A
76,43,7,16,12.654,43,8,18,12.141,A
77,63,21,17,7.695,58,17,17,6.84,A
78,49,18,17,8.721,44,22,21,8.892,A
79,70,8,12,8.55,74,9,13,9.576,A
80,29,12,14,9.576,32,14,12,7.182,A
81,43,6,16,19.323,44,8,15,10.944,A
82,79,15,21,5.985,79,22,30,5.985,A
83,70,18,14,7.524,84,19,15,6.327,A
84,52,14,18,6.498,50,14,18,7.695,A
85,70,12,16,10.089,83,17,20,8.721,A
86,36,19,23,9.576,40,17,19,8.379,A
87,41,15,14,8.037,44,11,13,7.353,A
88,61,11,15,12.483,66,14,19,16.929,A
89,93,27,21,15.732,101,18,16,13.851,A
90,54,11,14,11.115,50,9,12,14.706,A
91,55,11,15,9.234,59,11,16,10.773,A
92,34,20,17,11.97,34,13,21,8.55,A
93,62,17,16,9.747,66,26,22,10.602,A
94,29,14,14,9.576,34,24,19,12.141,A
95,95,20,18,12.825,97,16,19,13.68,A
96,50,18,23,8.721,48,22,27,12.312,A
97,52,17,17,6.156,63,20,19,7.011,A
98,36,14,13,6.156,39,21,19,8.037,A
99,54,26,19,7.011,55,40,27,7.353,A
100,64,7,17,7.353,66,7,14,7.011,A
101,99,15,11,12.141,95,15,13,13.509,A
102,76,18,18,14.877,70,24,24,21.717,A
103,70,21,20,12.312,82,25,22,8.379,A
104,65,17,17,14.364,63,15,16,11.457,A
105,43,19,20,11.115,40,23,21,11.115,A
106,53,19,14,8.208,56,22,17,10.944,A
107,68,31,25,9.576,69,32,21,9.918,A
108,44,18,16,7.182,54,19,14,7.353,A
109,54,8,12,7.866,53,12,15,9.234,A
110,61,14,18,8.208,59,13,17,9.063,A
111,35,14,11,7.353,35,29,21,10.089,A
112,42,17,12,6.327,46,17,12,7.695,A
113,70,17,18,7.695,75,16,18,6.156,A
114,74,14,19,10.944,80,17,18,5.985,A
115,36,27,31,8.55,39,25,32,16.245,A
116,51,13,18,5.643,52,14,17,6.84,A
117,37,13,15,14.364,36,17,16,9.405,A
118,33,11,14,6.84,34,15,15,8.037,A
119,32,7,12,8.037,35,12,17,7.866,A
120,46,10,17,10.431,47,13,18,8.721,A
121,34,10,16,4.275,35,9,16,5.13,A
122,37,10,16,8.037,43,20,25,7.524,A
123,67,12,13,7.182,72,16,13,8.55,A
124,74,11,18,9.405,75,12,18,11.799,A
125,38,12,13,7.182,42,13,14,7.011,A
126,65,16,18,8.721,67,8,13,7.182,A
127,50,12,13,10.944,63,18,23,7.011,A
128,40,30,26,11.799,43,32,20,11.115,A
129,36,13,14,6.156,42,11,12,6.84,A
130,72,10,11,6.156,75,8,9,7.182,A
131,52,19,18,10.944,56,15,18,12.825,A
132,71,10,13,8.721,86,14,15,5.472,A
133,65,13,17,8.721,74,16,18,8.208,A
134,65,18,14,8.55,72,13,14,11.286,A
135,41,26,19,10.602,42,24,24,13.338,A
136,81,9,13,8.721,82,12,15,12.654,A
137,42,29,31,21.888,48,29,23,23.085,A
138,51,31,21,14.706,57,32,19,16.587,A
139,54,16,15,6.669,53,20,17,8.892,A
140,80,18,23,5.472,92,11,19,6.156,A
141,51,21,20,10.089,60,19,19,12.312,A
142,47,13,20,9.234,48,14,21,6.498,A
143,69,12,18,11.457,78,25,22,11.799,A
144,46,11,13,8.55,48,15,19,10.773,A
145,40,16,13,4.104,42,10,12,3.249,A
146,107,19,24,5.472,101,19,27,8.379,A
147,65,16,15,7.866,66,14,17,5.472,A
148,65,21,16,8.037,62,16,19,8.208,A
149,34,8,14,8.379,35,8,16,9.405,A
150,48,17,16,9.234,51,15,13,7.866,A
151,86,14,17,8.208,99,17,19,7.866,A
152,49,16,27,8.208,63,15,24,7.524,A
153,78,31,25,10.431,78,31,26,8.892,B
154,49,12,17,8.208,58,27,28,8.379,B
155,64,10,14,8.208,66,12,16,7.524,B
156,71,12,14,5.643,64,11,12,5.814,B
157,65,19,18,11.457,67,21,19,17.442,B
158,61,15,20,9.405,67,23,29,11.457,B
159,50,9,13,7.695,50,11,13,10.089,B
160,50,13,19,9.918,48,19,27,9.747,B
161,54,20,18,12.654,50,26,19,13.338,B
162,46,21,18,8.892,56,23,19,17.1,B
163,48,10,12,8.721,50,13,15,9.234,B
164,57,17,14,11.97,59,18,17,10.773,B
165,65,12,15,9.747,72,16,17,10.602,B
166,64,18,18,8.037,76,17,16,8.037,B
167,37,18,13,16.587,38,21,19,14.193,B
168,62,17,15,11.97,63,15,13,13.68,B
169,32,14,22,7.524,39,18,21,8.55,B
170,85,18,15,6.156,85,18,17,5.814,B
171,51,30,19,12.483,47,50,27,14.364,B
172,53,14,14,7.695,54,15,14,8.379,B
173,43,11,17,11.628,48,13,17,14.535,B
174,53,12,18,5.643,50,12,17,7.011,B
175,49,23,15,8.892,64,20,18,8.892,B
176,54,19,17,10.602,55,16,18,11.628,B
177,54,21,15,8.379,66,37,28,14.022,B
178,50,25,23,9.918,59,45,33,11.97,B
179,50,12,17,16.929,50,20,18,20.52,B
180,62,29,24,12.141,65,39,35,8.55,B
181,47,19,19,5.985,56,29,21,7.866,B
182,43,9,13,13.338,44,8,14,9.918,B
183,35,10,12,7.695,45,43,35,8.037,B
184,45,8,15,4.617,50,8,15,4.275,B
185,43,16,14,16.587,42,17,13,14.022,B
186,42,20,23,10.431,46,20,19,9.063,B
187,61,12,17,10.431,72,16,21,12.141,B
188,58,12,14,5.472,63,14,13,6.669,B
189,71,8,13,20.007,77,7,12,23.256,B
190,32,7,11,10.431,36,10,13,13.338,B
191,54,24,19,7.011,53,13,13,5.643,B
192,49,13,14,9.405,60,36,31,8.55,B
193,45,11,17,11.115,49,11,13,11.115,B
194,58,18,31,10.089,64,22,29,10.089,B
195,64,13,12,8.379,72,21,15,9.063,B
196,45,21,21,9.918,47,19,20,6.498,B
197,67,10,13,15.048,70,19,18,14.364,B
198,63,15,14,6.669,59,20,16,8.55,B
199,62,13,15,7.524,63,15,17,7.011,B
200,35,11,21,13.167,37,15,16,12.141,B
201,60,14,16,4.104,70,13,14,3.42,B
202,39,12,16,9.747,36,16,20,11.115,B
203,57,18,16,10.431,71,12,16,14.193,B
204,53,11,22,14.022,60,14,19,25.992,B
205,29,6,11,8.55,31,7,14,10.431,B
206,75,20,15,7.353,83,26,19,9.405,B
207,71,17,16,10.602,82,22,16,13.68,B
208,59,13,14,16.074,63,17,19,15.561,B
209,56,10,17,10.431,53,17,17,8.208,B
210,54,14,17,9.918,59,14,18,14.364,B
211,37,10,13,10.089,40,14,14,9.747,B
212,30,9,15,9.234,34,12,16,8.55,B
213,35,44,28,9.576,41,32,23,10.26,B
214,73,14,13,8.721,80,17,18,7.866,B
215,60,37,19,7.524,71,63,29,9.234,B
216,41,16,17,12.483,44,16,18,15.39,B
217,50,11,13,12.312,50,13,13,15.048,B
218,64,13,14,7.524,63,10,9,8.208,B
219,52,198,104,7.866,60,30,24,9.747,B
220,99,15,20,9.234,109,17,21,5.985,B
221,56,13,12,13.68,67,16,15,10.773,B
222,66,10,17,10.431,68,11,18,10.431,B
223,71,18,16,9.234,75,16,14,6.84,B
224,46,10,15,8.037,45,16,17,7.011,B
225,48,11,14,8.379,65,10,12,7.353,B
226,44,10,10,5.472,43,12,12,4.446,B
227,71,20,18,5.13,71,22,20,11.799,B
228,83,29,17,9.747,179,78,56,12.483,B
229,56,10,20,4.959,59,16,28,7.011,B
230,65,25,20,7.524,66,27,19,8.037,B
231,64,34,26,8.55,77,32,25,7.182,B
232,57,16,19,7.524,58,18,19,6.327,B
233,29,25,19,10.944,32,33,23,15.048,B
234,49,9,16,8.037,51,10,15,9.918,B
235,48,9,13,7.353,53,11,15,8.892,B
236,46,24,18,12.141,52,42,21,11.97,B
237,45,17,21,23.598,45,13,17,21.033,B
238,63,15,23,24.111,68,14,16,18.297,B
239,46,11,16,10.431,52,11,13,14.877,B
240,72,10,19,7.353,74,11,21,8.892,B
241,34,12,12,8.721,37,16,19,8.892,B
242,77,16,16,7.524,78,12,15,8.721,B
243,66,11,14,4.959,1,2,13,7.524,B
244,65,14,19,10.773,66,22,26,10.089,B
245,60,16,16,10.26,62,16,17,11.97,B
246,44,10,9,7.011,49,11,10,8.55,B
247,59,16,18,6.84,53,16,14,10.602,B
248,62,12,13,8.892,65,19,15,12.996,B
249,27,10,16,4.617,27,12,20,3.762,B
250,49,10,16,7.182,47,7,12,7.524,B
251,43,11,16,12.141,46,13,17,11.457,B
252,55,12,11,7.353,70,13,13,4.959,B
253,71,4,7,8.892,66,10,11,8.379,B
254,87,12,11,7.695,95,16,12,7.011,B
255,45,9,13,6.156,50,10,13,8.208,B
256,52,27,21,9.576,46,22,23,15.048,B
257,40,18,17,7.011,40,24,21,9.063,B
258,74,14,16,12.825,83,11,16,7.182,B
259,53,16,17,9.405,47,13,15,14.193,B
260,94,11,14,11.628,106,11,14,14.706,B
261,88,25,18,6.327,95,16,15,8.379,B
262,15,5,11,9.576,14,10,19,9.234,B
263,59,11,10,7.695,83,13,15,14.364,B
264,47,8,18,8.892,34,7,19,10.602,B
265,58,25,17,9.234,66,30,17,8.55,B
266,44,10,11,17.613,50,18,12,8.208,B
267,65,16,13,6.156,58,14,13,6.669,B
268,62,7,7,5.301,48,8,7,4.275,B
269,69,12,12,7.182,63,18,17,8.721,B
270,55,17,21,25.65,49,19,19,25.137,B
271,48,13,14,11.115,53,17,15,11.286,B
272,43,14,14,7.524,50,14,15,8.892,B
273,39,15,14,8.037,48,16,13,9.576,B
274,61,10,16,6.156,47,6,10,5.301,B
275,52,9,12,13.509,54,16,15,13.338,B
276,51,17,20,17.442,58,19,21,20.178,B
277,50,29,21,15.219,51,37,23,16.245,B
278,62,21,20,9.576,61,17,18,16.929,B
279,49,10,14,7.011,50,12,13,7.695,B
280,45,17,15,7.353,48,27,20,7.695,B
281,62,9,14,8.379,63,10,15,10.431,B
282,50,14,15,6.498,43,12,17,9.918,B
283,52,10,13,13.509,55,10,15,16.929,B
284,51,7,12,4.104,63,7,10,5.643,B
285,45,13,15,4.788,42,16,17,5.643,B
286,78,12,19,7.866,84,14,22,5.814,B
287,37,7,12,11.115,48,11,15,20.862,B
288,38,14,15,10.089,53,12,15,11.97,B
289,35,11,13,17.613,38,17,16,15.219,B
290,62,16,14,6.327,58,12,13,7.695,B
291,52,24,16,5.643,59,31,19,6.156,B
292,49,16,16,11.457,53,35,28,10.26,B
293,46,11,12,9.918,49,11,14,14.877,B
294,54,11,13,7.353,55,13,14,8.379,B
295,34,13,14,10.26,35,14,14,8.55,B
296,62,6,5,6.156,71,11,6,5.985,B
297,87,16,17,12.996,87,16,14,9.747,B
298,44,10,15,6.84,49,9,15,8.892,B
299,55,8,14,4.275,59,10,15,7.011,B
300,46,24,25,13.167,44,39,29,12.825,B
301,45,10,13,16.758,47,13,16,28.728,C
302,42,13,13,15.561,51,26,19,10.602,C
303,56,21,15,9.918,56,22,17,4.959,C
304,54,7,15,11.115,50,8,14,15.903,C
305,38,16,17,12.483,50,19,22,16.587,C
306,49,26,17,12.312,54,24,20,13.338,C
307,55,9,14,9.576,61,16,17,8.379,C
308,52,10,14,7.524,53,17,17,8.55,C
309,81,13,13,7.695,76,11,13,8.55,C
310,47,12,13,6.156,51,18,18,7.524,C
311,66,10,12,5.472,71,13,17,12.654,C
312,27,8,12,6.327,35,7,12,9.063,C
313,51,15,20,6.327,64,15,20,6.327,C
314,55,19,20,13.68,54,19,18,17.613,C
315,54,11,15,12.654,54,14,15,14.364,C
316,85,14,15,8.379,104,21,18,15.048,C
317,68,12,16,7.866,74,12,14,7.182,C
318,83,13,17,6.669,81,12,15,6.327,C
319,57,16,21,12.312,56,32,27,15.903,C
320,51,16,17,10.944,63,23,25,14.877,C
321,61,23,19,5.13,56,19,19,7.182,C
322,43,10,10,11.286,53,13,12,14.535,C
323,69,31,18,16.587,74,31,16,4.959,C
324,39,25,21,10.602,42,36,22,14.364,C
325,63,13,12,7.182,66,19,17,11.457,C
326,72,6,14,6.84,65,6,13,4.275,C
327,38,15,14,7.011,38,18,19,5.814,C
328,69,13,11,11.457,61,22,19,8.037,C
329,68,13,12,7.353,77,19,15,7.353,C
330,61,15,16,5.985,79,20,21,8.208,C
331,76,19,11,6.498,77,20,11,8.892,C
332,46,15,15,5.985,54,23,18,7.866,C
333,50,13,18,6.327,59,11,15,7.011,C
334,56,16,11,7.011,59,21,13,8.037,C
335,58,11,13,24.111,80,12,13,42.75,C
336,54,13,16,10.602,61,18,16,11.628,C
337,43,8,10,7.866,69,20,19,8.721,C
338,48,27,14,9.747,71,32,18,9.747,C
339,82,16,16,7.011,75,21,18,11.115,C
340,46,14,14,4.617,53,16,18,5.985,C
341,71,11,15,6.498,82,15,20,5.985,C
342,43,9,15,8.721,46,15,21,7.011,C
343,54,16,14,8.379,54,22,19,9.405,C
344,58,12,17,6.156,59,14,17,8.721,C
345,66,13,13,5.643,70,10,12,7.182,C
346,36,16,14,10.602,40,25,17,13.851,C
347,47,34,19,9.918,62,66,33,15.39,C
348,30,22,15,12.996,29,33,21,11.799,C
349,69,10,21,8.037,65,19,27,9.234,C
350,47,28,20,7.524,53,26,18,9.063,C
351,47,14,13,7.866,51,24,21,8.721,C
352,82,15,17,14.364,92,41,20,20.349,C
353,40,17,20,9.063,45,15,20,9.747,C
354,66,54,53,9.918,73,25,25,7.353,C
355,74,15,18,8.037,82,12,14,13.338,C
356,48,8,12,14.193,56,11,12,13.167,C
357,78,8,14,8.037,90,9,13,6.84,C
358,52,25,13,7.866,58,29,12,7.353,C
359,36,15,16,14.364,39,22,19,14.706,C
360,68,10,11,5.985,74,14,14,7.011,C
361,70,18,16,8.721,68,19,18,8.037,C
362,34,21,20,15.561,38,33,28,10.26,C
363,55,7,11,6.669,67,9,13,5.814,C
364,61,12,14,8.892,59,16,18,8.892,C
365,49,14,14,10.26,46,17,18,16.758,C
366,39,16,23,11.286,45,21,22,9.234,C
367,54,10,15,11.457,57,11,17,10.26,C
368,51,9,13,6.156,61,11,12,6.156,C
369,41,17,18,8.379,44,21,19,10.602,C
370,51,9,13,8.037,130,36,17,8.721,C
371,53,16,20,9.234,54,25,28,12.141,C
372,47,10,12,9.576,49,8,12,9.063,C
373,54,18,14,11.115,56,24,18,15.048,C
374,36,15,21,11.115,37,26,28,7.182,C
375,52,11,13,9.576,58,9,13,10.089,C
376,52,12,12,7.524,47,18,15,13.167,C
377,53,15,15,9.234,53,17,16,6.84,C
378,46,16,17,7.182,44,18,14,8.721,C
379,33,11,14,11.97,35,15,19,10.944,C
380,68,40,24,9.063,72,48,51,10.089,C
381,65,24,20,7.011,64,32,21,7.011,C
382,68,21,19,5.814,71,27,23,9.918,C
383,62,12,13,15.903,61,13,16,18.297,C
384,55,30,18,8.379,57,25,19,8.208,C
385,41,14,18,6.498,43,24,25,5.643,C
386,73,15,14,7.695,80,36,22,11.457,C
387,56,31,21,9.747,67,38,21,16.245,C
388,37,7,14,10.089,41,11,16,8.208,C
389,66,15,15,8.892,86,19,16,9.405,C
390,47,22,21,9.747,48,34,26,7.182,C
391,57,20,15,6.156,83,71,44,8.037,C
392,63,8,10,7.524,80,17,19,10.602,C
393,36,20,17,11.97,39,22,18,12.825,C
394,38,11,14,10.602,43,11,14,9.576,C
395,41,7,11,10.602,47,8,10,11.286,C
396,47,16,16,9.576,59,32,21,10.602,C
397,57,9,17,5.643,68,10,13,6.327,C
398,71,19,16,5.301,77,19,16,8.037,C
399,36,8,12,2.736,39,9,12,5.301,C
400,56,17,14,9.405,66,21,10,11.97,C
401,105,14,19,14.022,164,19,19,17.784,C
402,46,8,18,7.011,51,17,22,5.985,C
403,66,9,15,7.182,71,10,15,5.301,C
404,58,15,25,7.695,52,14,15,8.721,C
405,61,11,14,17.442,65,16,14,14.022,C
406,47,10,15,17.613,61,9,12,22.914,C
407,57,9,12,11.628,56,13,15,11.799,C
408,61,16,12,6.498,69,13,10,13.68,C
409,76,15,14,8.55,81,17,15,7.524,C
410,80,16,15,4.959,91,17,16,7.866,C
411,49,11,14,8.721,56,16,17,9.405,C
412,59,11,15,7.182,64,37,31,8.892,C
413,41,10,12,5.814,59,16,17,7.524,C
414,50,14,12,5.985,55,8,12,6.498,C
415,58,11,13,7.353,68,14,17,9.405,C
416,51,22,18,18.126,48,18,17,20.007,C
417,37,14,15,16.416,37,8,14,18.468,C
418,45,12,21,23.256,41,13,22,37.791,C
419,74,21,18,10.773,83,20,15,12.825,C
420,63,8,15,8.892,77,10,18,13.167,C
421,86,6,9,4.959,100,6,10,6.498,C
422,36,5,8,8.379,36,8,10,6.327,C
423,68,15,15,4.959,64,15,15,8.037,C
424,81,24,26,8.379,110,44,30,8.892,C
425,68,15,14,5.643,79,17,16,9.747,C
426,55,20,18,9.405,63,23,19,11.115,C
427,29,6,11,5.814,33,6,14,6.669,C
428,43,16,15,9.405,50,22,19,9.063,C
429,46,14,19,12.141,51,17,21,10.944,C
430,86,15,17,5.814,84,25,22,6.84,C
431,23,10,15,5.301,22,13,17,5.814,C
432,42,37,21,9.063,45,40,23,13.338,C
433,60,17,16,7.182,71,25,20,7.353,C
434,71,10,11,12.312,71,16,19,11.115,C
435,59,13,15,9.576,65,11,13,10.773,C
436,49,9,11,10.089,58,9,13,12.483,C
437,52,11,22,6.498,54,14,18,5.814,C
438,35,16,13,13.338,36,14,13,15.903,C
439,49,25,13,10.773,55,40,21,9.918,C
440,72,25,17,8.208,83,38,22,12.996,C
441,51,25,16,10.944,50,30,17,11.457,C
442,39,8,12,10.089,50,15,14,15.903,C
443,47,17,13,12.141,52,25,21,13.851,C
444,74,19,15,11.628,104,17,12,15.219,C
445,53,9,14,10.602,50,11,15,10.26,C
446,64,11,19,8.379,60,13,21,8.892,C
447,41,10,11,4.959,44,14,12,5.985,C
448,43,30,34,11.799,62,25,27,9.063,C
449,35,13,14,8.721,41,17,12,14.364,D
450,49,26,18,10.944,69,38,24,17.613,D
451,36,12,15,12.654,43,16,18,16.587,D
452,33,9,11,8.55,53,11,14,11.115,D
453,42,19,16,13.509,57,24,23,16.074,D
454,59,12,16,10.089,84,17,17,12.996,D
455,61,15,14,7.353,74,14,14,7.353,D
456,49,14,13,8.55,52,13,13,9.063,D
457,35,11,12,20.862,65,13,15,16.074,D
458,38,15,15,10.431,51,44,30,14.535,D
459,30,22,18,4.617,33,17,17,7.353,D
460,58,18,15,12.141,69,20,18,14.022,D
461,59,22,22,9.405,71,31,29,9.234,D
462,34,15,20,8.379,35,20,19,7.524,D
463,50,8,14,7.182,49,14,13,9.234,D
464,54,17,20,10.431,59,33,27,10.26,D
465,35,27,16,20.349,32,29,21,17.442,D
466,42,11,15,11.628,47,15,19,8.892,D
467,50,13,17,9.063,65,38,21,11.115,D
468,74,9,15,6.498,83,7,12,10.26,D
469,55,29,21,9.405,56,23,21,12.141,D
470,53,26,25,8.037,52,21,23,12.141,D
471,77,19,20,9.063,89,31,25,13.167,D
472,53,19,15,8.55,65,25,17,11.457,D
473,54,18,20,24.111,62,25,25,21.546,D
474,38,21,20,9.918,39,22,17,10.089,D
475,61,10,12,8.037,73,16,15,7.866,D
476,48,16,14,7.182,56,20,19,10.602,D
477,62,17,17,11.115,78,29,19,17.613,D
478,60,19,17,19.152,74,27,19,19.323,D
479,54,21,16,17.955,54,39,25,23.427,D
480,56,16,25,7.353,66,21,25,9.405,D
481,78,13,19,7.182,115,36,31,9.234,D
482,71,9,15,5.985,105,12,20,9.747,D
483,67,23,16,6.498,146,324,250,6.84,D
484,117,19,16,10.089,136,29,16,11.115,D
485,47,13,16,9.405,51,19,19,9.063,D
486,61,11,12,16.587,67,19,15,12.996,D
487,54,11,20,5.985,53,16,19,6.669,D
488,58,11,18,7.524,60,16,22,14.193,D
489,45,19,18,11.97,49,42,29,11.799,D
490,55,21,20,22.743,56,31,25,35.568,D
491,66,15,17,13.338,71,28,35,12.654,D
492,67,13,12,8.892,66,16,11,11.286,D
493,50,21,18,6.669,70,27,19,12.312,D
494,35,15,18,6.84,56,19,21,10.26,D
495,28,18,14,11.97,34,17,16,15.048,D
496,48,9,13,10.773,52,25,22,15.048,D
497,48,22,17,16.074,48,19,15,14.364,D
498,70,32,18,10.431,110,101,43,10.431,D
499,42,13,14,12.483,47,11,15,11.115,D
500,43,25,19,17.442,52,28,18,16.587,D
501,32,18,18,7.011,44,25,27,9.918,D
502,73,15,19,4.617,76,16,19,9.405,D
503,78,15,15,13.338,82,28,22,16.929,D
504,45,8,13,6.669,51,11,13,9.063,D
505,42,15,16,10.431,53,16,16,6.498,D
506,53,11,21,6.327,55,10,19,9.063,D
507,57,6,27,6.84,69,11,22,8.379,D
508,32,31,19,13.167,41,38,26,13.509,D
509,44,17,9,6.498,49,18,13,6.156,D
510,51,13,16,22.914,245,277,154,29.754,D
511,43,18,16,11.286,43,24,21,19.323,D
512,102,11,15,4.446,119,11,19,4.275,D
513,55,34,26,6.327,58,33,25,8.55,D
514,66,11,16,7.182,125,90,70,13.338,D
515,46,9,16,8.721,48,9,15,10.26,D
516,99,9,16,3.249,96,12,18,4.275,D
517,52,15,15,12.654,59,47,30,14.877,D
518,47,13,17,9.234,47,22,21,11.286,D
519,39,6,15,13.338,47,7,18,11.115,D
520,45,10,10,9.063,62,28,18,8.208,D
521,49,12,14,7.011,50,22,21,11.115,D
522,71,22,21,7.866,81,21,18,7.866,D
523,48,9,13,5.814,59,9,11,5.472,D
524,44,29,30,13.338,47,28,31,15.561,D
525,47,12,15,8.379,53,16,16,14.535,D
526,90,10,15,16.587,159,45,38,19.323,D
527,69,34,18,10.602,74,32,18,8.037,D
528,72,14,17,11.799,77,22,21,14.364,D
529,46,22,17,9.405,53,39,24,9.918,D
530,71,15,12,5.472,72,14,15,7.524,D
531,37,15,17,7.353,43,22,22,13.167,D
532,41,9,10,6.327,57,21,19,7.353,D
533,63,10,14,15.732,76,9,13,16.245,D
534,42,20,16,12.825,47,29,20,14.535,D
535,47,26,19,14.022,1,18,29,14.022,D
536,52,13,14,6.669,59,21,19,7.011,D
537,42,9,12,6.84,45,10,15,7.524,D
538,47,12,15,18.81,55,25,19,15.048,D
539,50,15,16,7.695,51,22,19,9.063,D
540,48,24,20,11.286,50,22,16,11.286,D
541,41,19,16,8.892,50,21,15,11.457,D
542,64,38,21,7.524,78,28,19,9.405,D
543,44,12,11,10.089,47,16,14,11.286,D
544,56,20,15,6.669,73,35,24,6.327,D
545,49,14,19,6.327,53,22,23,7.695,D
546,38,18,17,10.431,50,44,23,6.498,D
547,59,9,17,6.84,66,11,15,6.84,D
548,51,10,10,12.996,59,18,16,27.36,D
549,80,13,17,13.167,107,41,35,15.048,D
550,55,9,13,8.379,67,11,12,10.26,D
551,50,13,17,16.245,56,19,19,12.483,D
552,76,11,17,10.089,90,22,22,19.494,D
553,69,18,15,12.483,71,19,15,12.483,D
554,49,15,19,9.576,54,28,26,9.747,D
555,47,9,12,6.156,54,13,19,7.182,D
556,83,12,18,7.695,81,14,18,9.234,D
557,55,14,20,6.498,68,23,26,8.55,D
558,51,19,20,10.089,57,15,17,9.576,D
559,41,24,18,8.892,44,30,20,9.234,D
560,67,22,19,6.156,77,16,15,9.063,D
561,123,22,21,7.353,341,196,113,9.063,D
562,42,12,17,8.55,45,15,19,7.695,D
563,69,9,11,5.13,90,27,23,5.472,D
564,68,18,14,14.535,71,21,15,16.929,D
565,79,11,13,7.695,97,19,20,17.784,D
566,45,21,33,7.011,55,10,13,8.55,D
567,76,13,14,7.353,163,27,23,8.037,D
568,43,25,18,12.996,47,24,16,11.286,D
569,49,25,17,9.576,54,38,20,13.851,D
570,55,20,25,5.13,55,17,23,4.446,D
571,46,32,22,14.877,49,48,26,13.68,D
572,50,11,10,12.825,64,11,11,13.851,D
573,77,9,12,17.1,108,30,23,20.007,D
574,47,8,12,4.788,63,10,16,8.037,D
575,40,17,19,9.918,38,24,21,17.1,D
576,49,7,11,6.669,58,11,13,10.431,D
577,31,15,10,6.84,38,16,10,8.55,D
578,61,17,19,8.379,65,16,19,10.602,D
579,46,8,12,7.695,53,14,14,10.602,D
580,53,14,14,10.26,54,11,12,12.141,D
581,41,12,16,10.944,53,20,27,11.115,D
582,40,27,22,4.617,46,37,24,5.472,D
583,58,9,12,7.353,59,8,12,10.089,D
584,90,10,13,6.669,77,15,16,12.312,D
585,38,14,13,12.141,38,36,20,18.81,D
586,43,9,16,13.338,101,36,27,16.929,D
587,92,18,20,7.695,113,16,18,8.379,D
588,34,22,22,6.669,39,31,29,7.524,D
589,43,19,15,27.531,49,17,17,39.843,D
590,37,35,17,12.141,34,36,21,21.033,D
591,43,12,13,4.959,53,14,14,5.814,D
592,44,10,12,6.498,61,18,19,11.628,D
593,75,19,20,3.933,77,36,35,3.933,D
594,129,19,17,5.985,85,22,16,7.695,D
595,41,16,14,6.327,49,16,13,16.416,D
596,56,13,14,7.011,62,21,18,11.799,D
597,40,15,16,8.55,43,20,17,8.721,D
598,71,11,12,6.669,64,13,13,6.669,D
599,38,17,18,9.747,45,37,27,7.524,D
600,64,9,10,7.182,65,9,12,6.84,D
601,46,10,17,13.167,53,11,15,16.245,D
602,52,22,21,7.353,59,43,27,10.089,D
603,57,11,15,5.472,91,21,23,7.695,D
604,55,11,14,7.866,67,23,18,7.695,D
605,50,15,18,11.286,66,28,25,15.048,D
606,61,14,14,6.84,72,11,12,9.576,D
