,vote,dem,rep,female,persfinance,natlecon,clintondis,bushdis,perotdis
1,Bush,0,1,1,1,0,4.0804,0.1024,0.2601
2,Bush,0,1,1,0,-1,4.0804,0.1024,0.2601
3,Clinton,1,0,1,0,-1,1.0404,1.7424,0.2401
4,Bush,0,1,0,0,-1,0.0004,5.3824,2.2201
5,Clinton,0,0,1,0,-1,0.9604,11.022,6.2001
6,Clinton,1,0,1,-1,-1,3.9204,18.662,12.18
7,Perot,1,0,1,1,0,0.0004,5.3824,2.2201
8,Bush,0,1,0,0,0,1.0404,1.7424,0.2401
9,Bush,0,1,1,1,-1,9.1204,0.4624,2.2801
10,Perot,0,1,0,0,0,1.0404,1.7424,0.2401
11,Clinton,0,0,0,0,-1,0.0004,5.3824,2.2201
12,Bush,0,1,1,0,0,9.1204,0.4624,2.2801
13,Perot,1,0,1,0,-1,9.1204,0.4624,2.2801
14,Perot,0,1,1,1,1,1.0404,1.7424,0.2401
15,Bush,0,1,0,-1,-1,9.1204,0.4624,2.2801
16,Clinton,1,0,1,-1,-1,0.0004,5.3824,2.2201
17,Perot,0,1,1,1,-1,0.0004,5.3824,2.2201
18,Clinton,0,1,0,-1,-1,4.0804,0.1024,0.2601
19,Clinton,1,0,1,-1,-1,0.0004,5.3824,2.2201
20,Perot,0,1,1,1,-1,9.1204,0.4624,2.2801
21,Bush,0,1,1,0,-1,1.0404,1.7424,0.2401
22,Bush,0,1,0,1,1,16.16,2.8224,6.3001
23,Clinton,1,0,0,1,-1,0.9604,11.022,6.2001
24,Bush,0,1,0,1,-1,0.0004,5.3824,2.2201
25,Bush,0,1,1,1,0,9.1204,0.4624,2.2801
26,Bush,0,1,1,-1,-1,9.1204,0.4624,2.2801
27,Bush,0,1,1,0,-1,9.1204,0.4624,2.2801
28,Perot,1,0,0,-1,-1,0.9604,11.022,6.2001
29,Clinton,1,0,1,-1,-1,4.0804,0.1024,0.2601
30,Bush,0,1,0,1,1,16.16,2.8224,6.3001
31,Bush,0,1,0,1,0,4.0804,0.1024,0.2601
32,Bush,0,1,0,1,-1,1.0404,1.7424,0.2401
33,Clinton,0,1,0,-1,0,1.0404,1.7424,0.2401
34,Bush,0,1,0,1,-1,0.9604,11.022,6.2001
35,Clinton,1,0,0,1,-1,0.9604,11.022,6.2001
36,Clinton,1,0,0,-1,-1,4.0804,0.1024,0.2601
37,Clinton,1,0,0,1,0,0.9604,11.022,6.2001
38,Bush,0,1,1,-1,-1,9.1204,0.4624,2.2801
39,Clinton,1,0,1,-1,-1,0.9604,11.022,6.2001
40,Bush,0,1,1,1,0,9.1204,0.4624,2.2801
41,Bush,0,1,0,0,0,4.0804,0.1024,0.2601
42,Clinton,1,0,1,-1,-1,0.9604,11.022,6.2001
43,Clinton,1,0,0,-1,-1,1.0404,1.7424,0.2401
44,Bush,0,1,1,1,-1,0.9604,11.022,6.2001
45,Clinton,1,0,0,0,-1,0.9604,11.022,6.2001
46,Perot,0,1,0,0,0,4.0804,0.1024,0.2601
47,Bush,1,0,0,1,0,4.0804,0.1024,0.2601
48,Clinton,1,0,1,0,-1,9.1204,0.4624,2.2801
49,Bush,0,1,0,1,-1,1.0404,1.7424,0.2401
50,Perot,0,1,0,0,0,4.0804,0.1024,0.2601
51,Clinton,1,0,0,-1,-1,1.0404,1.7424,0.2401
52,Clinton,1,0,1,-1,-1,1.0404,1.7424,0.2401
53,Clinton,1,0,1,0,-1,0.0004,5.3824,2.2201
54,Bush,0,1,1,0,-1,0.9604,11.022,6.2001
55,Bush,0,1,1,1,-1,4.0804,0.1024,0.2601
56,Clinton,1,0,1,-1,-1,1.0404,1.7424,0.2401
57,Clinton,1,0,1,0,-1,1.0404,1.7424,0.2401
58,Perot,0,1,0,1,1,4.0804,0.1024,0.2601
59,Clinton,0,0,1,0,-1,9.1204,0.4624,2.2801
60,Bush,1,0,0,1,-1,9.1204,0.4624,2.2801
61,Bush,0,1,1,1,-1,4.0804,0.1024,0.2601
62,Bush,0,1,1,1,0,4.0804,0.1024,0.2601
63,Clinton,1,0,0,0,0,0.0004,5.3824,2.2201
64,Bush,0,1,1,-1,-1,9.1204,0.4624,2.2801
65,Bush,0,1,0,1,-1,9.1204,0.4624,2.2801
66,Bush,0,1,0,0,0,4.0804,0.1024,0.2601
67,Clinton,1,0,1,1,-1,1.0404,1.7424,0.2401
68,Bush,0,1,0,-1,-1,1.0404,1.7424,0.2401
69,Clinton,0,0,0,0,-1,1.0404,1.7424,0.2401
70,Perot,0,1,1,1,0,1.0404,1.7424,0.2401
71,Bush,0,1,0,-1,0,4.0804,0.1024,0.2601
72,Bush,0,1,0,0,0,1.0404,1.7424,0.2401
73,Bush,0,1,0,-1,-1,9.1204,0.4624,2.2801
74,Bush,0,1,0,1,0,4.0804,0.1024,0.2601
75,Bush,0,1,0,1,1,9.1204,0.4624,2.2801
76,Perot,0,1,0,0,0,9.1204,0.4624,2.2801
77,Clinton,1,0,0,-1,-1,4.0804,0.1024,0.2601
78,Clinton,1,0,1,1,-1,1.0404,1.7424,0.2401
79,Clinton,1,0,0,-1,-1,0.9604,11.022,6.2001
80,Clinton,1,0,1,1,-1,0.0004,5.3824,2.2201
81,Bush,0,0,1,0,-1,1.0404,1.7424,0.2401
82,Perot,1,0,0,0,-1,1.0404,1.7424,0.2401
83,Bush,0,1,0,-1,0,9.1204,0.4624,2.2801
84,Clinton,0,1,0,1,0,1.0404,1.7424,0.2401
85,Clinton,1,0,1,-1,-1,1.0404,1.7424,0.2401
86,Clinton,1,0,1,-1,-1,0.0004,5.3824,2.2201
87,Perot,0,1,1,0,-1,0.0004,5.3824,2.2201
88,Clinton,1,0,0,1,0,3.9204,18.662,12.18
89,Clinton,1,0,0,0,-1,4.0804,0.1024,0.2601
90,Bush,0,1,0,0,0,16.16,2.8224,6.3001
91,Bush,0,1,0,0,-1,9.1204,0.4624,2.2801
92,Clinton,1,0,0,0,-1,4.0804,0.1024,0.2601
93,Bush,0,1,0,0,0,9.1204,0.4624,2.2801
94,Bush,0,1,1,0,0,1.0404,1.7424,0.2401
95,Clinton,1,0,0,0,-1,1.0404,1.7424,0.2401
96,Bush,1,0,1,-1,-1,1.0404,1.7424,0.2401
97,Bush,0,1,0,1,-1,9.1204,0.4624,2.2801
98,Perot,0,1,1,0,0,9.1204,0.4624,2.2801
99,Clinton,1,0,0,1,0,0.9604,11.022,6.2001
100,Clinton,1,0,1,-1,-1,0.9604,11.022,6.2001
101,Bush,0,1,1,1,-1,9.1204,0.4624,2.2801
102,Clinton,1,0,1,1,-1,4.0804,0.1024,0.2601
103,Clinton,1,0,0,1,-1,3.9204,18.662,12.18
104,Bush,0,1,1,1,-1,4.0804,0.1024,0.2601
105,Clinton,1,0,1,1,-1,1.0404,1.7424,0.2401
106,Bush,0,0,0,-1,-1,4.0804,0.1024,0.2601
107,Clinton,1,0,1,1,-1,0.9604,11.022,6.2001
108,Clinton,0,0,1,1,0,0.0004,5.3824,2.2201
109,Clinton,1,0,1,-1,-1,1.0404,1.7424,0.2401
110,Bush,0,1,0,0,-1,4.0804,0.1024,0.2601
111,Perot,0,1,0,1,0,4.0804,0.1024,0.2601
112,Clinton,0,1,0,0,-1,4.0804,0.1024,0.2601
113,Clinton,1,0,1,-1,-1,0.9604,11.022,6.2001
114,Perot,0,0,0,-1,-1,9.1204,0.4624,2.2801
115,Clinton,1,0,1,0,-1,0.9604,11.022,6.2001
116,Clinton,1,0,0,-1,0,4.0804,0.1024,0.2601
117,Perot,0,1,0,-1,0,9.1204,0.4624,2.2801
118,Bush,1,0,1,-1,-1,9.1204,0.4624,2.2801
119,Clinton,1,0,1,-1,-1,0.9604,11.022,6.2001
120,Clinton,1,0,1,1,-1,0.0004,5.3824,2.2201
121,Bush,0,1,0,0,-1,4.0804,0.1024,0.2601
122,Clinton,0,1,0,-1,-1,16.16,2.8224,6.3001
123,Clinton,1,0,1,-1,-1,1.0404,1.7424,0.2401
124,Clinton,1,0,1,0,-1,3.9204,18.662,12.18
125,Clinton,0,0,1,1,-1,0.0004,5.3824,2.2201
126,Bush,0,1,1,1,-1,1.0404,1.7424,0.2401
127,Clinton,0,0,1,1,0,0.9604,11.022,6.2001
128,Clinton,1,0,1,1,-1,1.0404,1.7424,0.2401
129,Bush,0,1,1,-1,-1,4.0804,0.1024,0.2601
130,Perot,1,0,0,0,-1,0.0004,5.3824,2.2201
131,Perot,1,0,1,1,-1,0.9604,11.022,6.2001
132,Clinton,0,0,0,-1,-1,1.0404,1.7424,0.2401
133,Clinton,1,0,0,0,-1,1.0404,1.7424,0.2401
134,Clinton,0,1,1,0,-1,1.0404,1.7424,0.2401
135,Bush,1,0,0,0,-1,1.0404,1.7424,0.2401
136,Clinton,1,0,0,0,-1,1.0404,1.7424,0.2401
137,Bush,0,1,0,1,1,9.1204,0.4624,2.2801
138,Bush,0,1,1,0,-1,1.0404,1.7424,0.2401
139,Bush,0,1,0,1,-1,9.1204,0.4624,2.2801
140,Clinton,1,0,0,1,0,0.9604,11.022,6.2001
141,Clinton,1,0,1,0,-1,0.9604,11.022,6.2001
142,Perot,1,0,1,-1,-1,1.0404,1.7424,0.2401
143,Clinton,1,0,1,0,-1,1.0404,1.7424,0.2401
144,Bush,0,1,1,1,-1,9.1204,0.4624,2.2801
145,Bush,0,1,1,1,0,9.1204,0.4624,2.2801
146,Bush,0,1,1,0,-1,9.1204,0.4624,2.2801
147,Bush,0,1,0,0,0,9.1204,0.4624,2.2801
148,Bush,0,1,1,1,0,9.1204,0.4624,2.2801
149,Bush,0,1,1,0,-1,9.1204,0.4624,2.2801
150,Perot,0,1,0,1,1,4.0804,0.1024,0.2601
151,Bush,0,1,1,-1,-1,0.0004,5.3824,2.2201
152,Clinton,1,0,1,-1,-1,1.0404,1.7424,0.2401
153,Clinton,1,0,0,-1,0,0.0004,5.3824,2.2201
154,Perot,0,1,0,1,-1,9.1204,0.4624,2.2801
155,Clinton,1,0,1,-1,0,1.0404,1.7424,0.2401
156,Perot,1,0,0,1,-1,1.0404,1.7424,0.2401
157,Clinton,0,1,1,-1,-1,1.0404,1.7424,0.2401
158,Perot,1,0,1,-1,-1,0.9604,11.022,6.2001
159,Bush,0,1,1,-1,-1,1.0404,1.7424,0.2401
160,Perot,1,0,0,1,-1,3.9204,18.662,12.18
161,Bush,1,0,1,1,1,1.0404,1.7424,0.2401
162,Clinton,1,0,0,0,-1,1.0404,1.7424,0.2401
163,Clinton,1,0,0,-1,0,1.0404,1.7424,0.2401
164,Bush,0,1,0,0,0,16.16,2.8224,6.3001
165,Clinton,1,0,1,1,-1,0.9604,11.022,6.2001
166,Clinton,1,0,0,0,-1,1.0404,1.7424,0.2401
167,Bush,0,1,1,-1,-1,1.0404,1.7424,0.2401
168,Bush,0,1,0,1,-1,9.1204,0.4624,2.2801
169,Clinton,1,0,1,-1,-1,3.9204,18.662,12.18
170,Bush,0,1,0,1,0,16.16,2.8224,6.3001
171,Perot,1,0,1,-1,-1,0.9604,11.022,6.2001
172,Bush,1,0,1,-1,-1,0.0004,5.3824,2.2201
173,Bush,1,0,1,-1,-1,4.0804,0.1024,0.2601
174,Clinton,0,1,1,1,-1,4.0804,0.1024,0.2601
175,Bush,0,1,0,-1,-1,4.0804,0.1024,0.2601
176,Perot,0,1,0,0,-1,4.0804,0.1024,0.2601
177,Clinton,0,1,0,-1,-1,4.0804,0.1024,0.2601
178,Clinton,1,0,0,-1,-1,3.9204,18.662,12.18
179,Perot,0,1,0,-1,-1,4.0804,0.1024,0.2601
180,Bush,0,1,0,0,0,4.0804,0.1024,0.2601
181,Clinton,1,0,0,1,0,0.0004,5.3824,2.2201
182,Clinton,1,0,0,1,0,0.9604,11.022,6.2001
183,Bush,0,1,1,0,1,9.1204,0.4624,2.2801
184,Bush,0,1,0,1,0,9.1204,0.4624,2.2801
185,Bush,0,1,0,0,-1,9.1204,0.4624,2.2801
186,Clinton,1,0,1,0,-1,0.9604,11.022,6.2001
187,Clinton,1,0,0,1,-1,0.0004,5.3824,2.2201
188,Clinton,1,0,1,1,-1,0.9604,11.022,6.2001
189,Perot,1,0,0,0,-1,9.1204,0.4624,2.2801
190,Clinton,1,0,1,-1,-1,0.0004,5.3824,2.2201
191,Bush,0,1,1,1,0,9.1204,0.4624,2.2801
192,Clinton,1,0,0,-1,-1,0.0004,5.3824,2.2201
193,Clinton,1,0,1,1,-1,0.0004,5.3824,2.2201
194,Bush,0,1,1,0,-1,4.0804,0.1024,0.2601
195,Bush,0,1,0,0,-1,4.0804,0.1024,0.2601
196,Clinton,1,0,1,0,0,0.9604,11.022,6.2001
197,Perot,0,1,0,0,0,4.0804,0.1024,0.2601
198,Perot,1,0,1,-1,-1,0.0004,5.3824,2.2201
199,Perot,0,0,0,1,0,1.0404,1.7424,0.2401
200,Bush,0,0,1,0,-1,1.0404,1.7424,0.2401
201,Perot,0,0,0,-1,-1,1.0404,1.7424,0.2401
202,Bush,0,1,1,1,-1,9.1204,0.4624,2.2801
203,Bush,0,1,1,0,1,1.0404,1.7424,0.2401
204,Perot,0,0,0,-1,-1,1.0404,1.7424,0.2401
205,Perot,0,1,1,1,-1,0.0004,5.3824,2.2201
206,Bush,0,1,0,1,1,0.0004,5.3824,2.2201
207,Clinton,1,0,0,-1,-1,3.9204,18.662,12.18
208,Bush,0,1,1,0,-1,4.0804,0.1024,0.2601
209,Bush,0,1,1,0,0,9.1204,0.4624,2.2801
210,Perot,1,0,0,1,1,4.0804,0.1024,0.2601
211,Bush,0,1,1,0,0,1.0404,1.7424,0.2401
212,Bush,0,1,0,1,0,16.16,2.8224,6.3001
213,Clinton,1,0,0,1,-1,1.0404,1.7424,0.2401
214,Bush,0,0,1,1,0,4.0804,0.1024,0.2601
215,Clinton,1,0,0,-1,-1,0.9604,11.022,6.2001
216,Bush,0,0,0,-1,-1,1.0404,1.7424,0.2401
217,Perot,0,1,0,-1,0,4.0804,0.1024,0.2601
218,Bush,0,1,1,0,0,0.0004,5.3824,2.2201
219,Clinton,1,0,0,1,0,1.0404,1.7424,0.2401
220,Bush,0,1,0,1,1,1.0404,1.7424,0.2401
221,Bush,0,0,0,-1,-1,1.0404,1.7424,0.2401
222,Perot,0,1,0,0,-1,4.0804,0.1024,0.2601
223,Bush,0,1,1,1,-1,9.1204,0.4624,2.2801
224,Bush,0,1,0,1,0,9.1204,0.4624,2.2801
225,Bush,0,1,1,0,-1,1.0404,1.7424,0.2401
226,Perot,1,0,0,0,-1,0.9604,11.022,6.2001
227,Clinton,1,0,1,-1,-1,1.0404,1.7424,0.2401
228,Perot,0,1,0,1,0,1.0404,1.7424,0.2401
229,Bush,0,1,0,0,0,4.0804,0.1024,0.2601
230,Bush,0,1,0,1,-1,16.16,2.8224,6.3001
231,Clinton,1,0,1,1,0,0.9604,11.022,6.2001
232,Clinton,1,0,1,-1,-1,1.0404,1.7424,0.2401
233,Clinton,1,0,1,-1,0,1.0404,1.7424,0.2401
234,Clinton,1,0,1,0,-1,1.0404,1.7424,0.2401
235,Bush,0,1,1,1,-1,1.0404,1.7424,0.2401
236,Bush,0,1,0,0,-1,9.1204,0.4624,2.2801
237,Perot,1,0,0,-1,-1,1.0404,1.7424,0.2401
238,Clinton,1,0,1,-1,-1,1.0404,1.7424,0.2401
239,Clinton,1,0,0,0,-1,1.0404,1.7424,0.2401
240,Bush,0,1,0,0,-1,1.0404,1.7424,0.2401
241,Clinton,1,0,1,-1,-1,0.0004,5.3824,2.2201
242,Bush,0,1,1,0,-1,9.1204,0.4624,2.2801
243,Clinton,1,0,1,-1,-1,0.9604,11.022,6.2001
244,Clinton,1,0,0,1,-1,0.9604,11.022,6.2001
245,Bush,0,1,0,0,1,9.1204,0.4624,2.2801
246,Bush,0,1,1,0,-1,1.0404,1.7424,0.2401
247,Perot,0,1,1,0,-1,16.16,2.8224,6.3001
248,Bush,0,1,0,0,-1,0.9604,11.022,6.2001
249,Bush,0,1,0,1,0,9.1204,0.4624,2.2801
250,Clinton,1,0,0,0,-1,0.0004,5.3824,2.2201
251,Bush,0,1,0,0,-1,1.0404,1.7424,0.2401
252,Clinton,1,0,1,0,-1,0.9604,11.022,6.2001
253,Clinton,1,0,1,1,-1,4.0804,0.1024,0.2601
254,Perot,0,0,0,1,-1,4.0804,0.1024,0.2601
255,Perot,0,0,1,0,-1,1.0404,1.7424,0.2401
256,Clinton,1,0,0,0,-1,1.0404,1.7424,0.2401
257,Bush,0,1,1,1,-1,4.0804,0.1024,0.2601
258,Bush,0,1,1,1,-1,9.1204,0.4624,2.2801
259,Clinton,1,0,1,0,-1,0.9604,11.022,6.2001
260,Perot,0,1,1,1,-1,4.0804,0.1024,0.2601
261,Perot,0,1,0,1,0,4.0804,0.1024,0.2601
262,Perot,1,0,0,0,0,1.0404,1.7424,0.2401
263,Bush,0,1,0,-1,-1,9.1204,0.4624,2.2801
264,Perot,0,1,1,-1,-1,16.16,2.8224,6.3001
265,Bush,0,1,1,1,0,4.0804,0.1024,0.2601
266,Bush,0,1,0,-1,-1,1.0404,1.7424,0.2401
267,Bush,0,1,0,1,-1,1.0404,1.7424,0.2401
268,Bush,0,1,0,0,0,9.1204,0.4624,2.2801
269,Perot,1,0,1,1,-1,16.16,2.8224,6.3001
270,Bush,0,1,0,1,-1,0.9604,11.022,6.2001
271,Bush,0,1,0,0,0,4.0804,0.1024,0.2601
272,Clinton,1,0,1,-1,0,1.0404,1.7424,0.2401
273,Clinton,1,0,1,-1,-1,9.1204,0.4624,2.2801
274,Clinton,1,0,1,0,0,0.9604,11.022,6.2001
275,Bush,0,1,1,-1,-1,9.1204,0.4624,2.2801
276,Perot,0,0,0,0,0,1.0404,1.7424,0.2401
277,Perot,0,0,0,-1,-1,1.0404,1.7424,0.2401
278,Bush,0,1,1,0,-1,1.0404,1.7424,0.2401
279,Clinton,1,0,0,-1,-1,4.0804,0.1024,0.2601
280,Bush,0,1,1,-1,-1,4.0804,0.1024,0.2601
281,Bush,0,1,1,-1,-1,16.16,2.8224,6.3001
282,Clinton,1,0,1,-1,-1,1.0404,1.7424,0.2401
283,Bush,0,1,0,-1,-1,4.0804,0.1024,0.2601
284,Clinton,1,0,0,-1,0,0.9604,11.022,6.2001
285,Clinton,1,0,1,-1,-1,3.9204,18.662,12.18
286,Bush,0,1,0,0,0,1.0404,1.7424,0.2401
287,Clinton,1,0,0,0,0,16.16,2.8224,6.3001
288,Clinton,1,0,0,0,-1,1.0404,1.7424,0.2401
289,Bush,0,1,0,1,-1,1.0404,1.7424,0.2401
290,Bush,0,1,1,-1,-1,9.1204,0.4624,2.2801
291,Bush,0,1,1,0,-1,4.0804,0.1024,0.2601
292,Clinton,1,0,0,0,-1,1.0404,1.7424,0.2401
293,Bush,0,1,0,1,0,4.0804,0.1024,0.2601
294,Bush,0,1,1,1,-1,9.1204,0.4624,2.2801
295,Clinton,1,0,0,1,-1,0.0004,5.3824,2.2201
296,Bush,0,1,0,1,1,9.1204,0.4624,2.2801
297,Clinton,1,0,1,-1,-1,0.0004,5.3824,2.2201
298,Clinton,1,0,1,1,-1,0.9604,11.022,6.2001
299,Clinton,0,0,0,1,0,1.0404,1.7424,0.2401
300,Bush,0,1,0,1,-1,9.1204,0.4624,2.2801
301,Clinton,1,0,1,1,-1,0.0004,5.3824,2.2201
302,Clinton,1,0,1,-1,-1,1.0404,1.7424,0.2401
303,Clinton,1,0,0,1,-1,0.0004,5.3824,2.2201
304,Perot,1,0,0,1,-1,0.0004,5.3824,2.2201
305,Bush,0,1,0,0,-1,16.16,2.8224,6.3001
306,Clinton,1,0,1,1,-1,0.9604,11.022,6.2001
307,Bush,0,1,0,0,-1,4.0804,0.1024,0.2601
308,Clinton,1,0,0,0,-1,1.0404,1.7424,0.2401
309,Bush,0,1,1,-1,-1,1.0404,1.7424,0.2401
310,Bush,0,1,1,0,0,0.0004,5.3824,2.2201
311,Perot,1,0,1,1,0,0.0004,5.3824,2.2201
312,Perot,0,1,0,0,-1,9.1204,0.4624,2.2801
313,Perot,1,0,1,1,-1,1.0404,1.7424,0.2401
314,Clinton,1,0,0,1,-1,3.9204,18.662,12.18
315,Clinton,0,1,1,-1,-1,0.0004,5.3824,2.2201
316,Clinton,1,0,0,-1,-1,1.0404,1.7424,0.2401
317,Perot,0,0,0,0,-1,9.1204,0.4624,2.2801
318,Perot,0,1,1,1,0,1.0404,1.7424,0.2401
319,Clinton,0,1,0,-1,-1,1.0404,1.7424,0.2401
320,Clinton,1,0,0,0,0,0.0004,5.3824,2.2201
321,Clinton,1,0,1,-1,-1,4.0804,0.1024,0.2601
322,Clinton,1,0,0,1,-1,0.0004,5.3824,2.2201
323,Clinton,1,0,1,0,-1,0.9604,11.022,6.2001
324,Perot,0,0,1,1,-1,1.0404,1.7424,0.2401
325,Clinton,1,0,0,-1,-1,9.1204,0.4624,2.2801
326,Clinton,1,0,0,-1,0,0.9604,11.022,6.2001
327,Clinton,0,0,0,-1,-1,0.0004,5.3824,2.2201
328,Perot,0,1,1,-1,-1,0.0004,5.3824,2.2201
329,Bush,0,1,0,1,1,4.0804,0.1024,0.2601
330,Clinton,1,0,1,-1,-1,0.9604,11.022,6.2001
331,Clinton,1,0,0,-1,-1,3.9204,18.662,12.18
332,Clinton,1,0,1,-1,-1,0.0004,5.3824,2.2201
333,Bush,0,1,1,0,1,1.0404,1.7424,0.2401
334,Clinton,1,0,1,-1,-1,1.0404,1.7424,0.2401
335,Clinton,1,0,1,-1,-1,1.0404,1.7424,0.2401
336,Bush,0,1,1,1,-1,9.1204,0.4624,2.2801
337,Clinton,0,1,1,1,-1,4.0804,0.1024,0.2601
338,Clinton,1,0,1,1,-1,1.0404,1.7424,0.2401
339,Bush,0,1,1,0,0,4.0804,0.1024,0.2601
340,Bush,0,1,1,1,0,4.0804,0.1024,0.2601
341,Bush,0,1,1,0,-1,4.0804,0.1024,0.2601
342,Perot,0,1,0,1,-1,4.0804,0.1024,0.2601
343,Bush,0,1,0,1,-1,4.0804,0.1024,0.2601
344,Clinton,1,0,1,1,-1,0.0004,5.3824,2.2201
345,Clinton,1,0,1,-1,-1,0.9604,11.022,6.2001
346,Perot,0,1,1,1,-1,4.0804,0.1024,0.2601
347,Bush,0,1,1,-1,-1,1.0404,1.7424,0.2401
348,Clinton,1,0,0,0,-1,0.9604,11.022,6.2001
349,Clinton,1,0,0,0,0,0.9604,11.022,6.2001
350,Bush,0,1,0,0,-1,9.1204,0.4624,2.2801
351,Clinton,1,0,1,-1,-1,0.9604,11.022,6.2001
352,Clinton,1,0,1,-1,-1,0.9604,11.022,6.2001
353,Bush,0,1,0,1,0,4.0804,0.1024,0.2601
354,Clinton,1,0,1,-1,-1,3.9204,18.662,12.18
355,Bush,0,1,1,-1,0,1.0404,1.7424,0.2401
356,Clinton,1,0,1,0,-1,4.0804,0.1024,0.2601
357,Perot,0,1,0,-1,-1,0.9604,11.022,6.2001
358,Clinton,0,1,1,1,-1,0.0004,5.3824,2.2201
359,Clinton,0,0,0,-1,-1,1.0404,1.7424,0.2401
360,Clinton,1,0,1,0,-1,4.0804,0.1024,0.2601
361,Bush,0,1,1,-1,0,4.0804,0.1024,0.2601
362,Clinton,1,0,0,0,-1,1.0404,1.7424,0.2401
363,Bush,0,1,0,1,-1,1.0404,1.7424,0.2401
364,Bush,0,1,0,0,-1,1.0404,1.7424,0.2401
365,Clinton,0,1,1,-1,-1,1.0404,1.7424,0.2401
366,Clinton,1,0,0,-1,-1,0.9604,11.022,6.2001
367,Clinton,1,0,1,0,-1,0.0004,5.3824,2.2201
368,Perot,0,1,0,0,0,1.0404,1.7424,0.2401
369,Bush,0,1,1,0,0,4.0804,0.1024,0.2601
370,Perot,0,1,1,-1,-1,1.0404,1.7424,0.2401
371,Bush,0,1,1,1,1,9.1204,0.4624,2.2801
372,Clinton,1,0,0,0,-1,1.0404,1.7424,0.2401
373,Perot,0,1,0,-1,-1,1.0404,1.7424,0.2401
374,Clinton,1,0,1,-1,-1,4.0804,0.1024,0.2601
375,Bush,0,1,0,1,1,4.0804,0.1024,0.2601
376,Bush,0,1,0,0,-1,4.0804,0.1024,0.2601
377,Bush,0,1,1,0,-1,9.1204,0.4624,2.2801
378,Clinton,0,0,1,0,-1,0.9604,11.022,6.2001
379,Clinton,1,0,0,-1,-1,9.1204,0.4624,2.2801
380,Bush,0,1,1,1,1,4.0804,0.1024,0.2601
381,Clinton,0,0,0,1,-1,0.9604,11.022,6.2001
382,Clinton,1,0,1,1,-1,0.9604,11.022,6.2001
383,Perot,1,0,0,0,-1,4.0804,0.1024,0.2601
384,Perot,0,0,0,-1,-1,1.0404,1.7424,0.2401
385,Bush,0,1,0,1,-1,9.1204,0.4624,2.2801
386,Bush,0,1,1,0,0,9.1204,0.4624,2.2801
387,Clinton,1,0,0,-1,-1,0.0004,5.3824,2.2201
388,Perot,0,0,0,0,-1,4.0804,0.1024,0.2601
389,Bush,0,1,1,0,-1,1.0404,1.7424,0.2401
390,Clinton,1,0,1,-1,-1,1.0404,1.7424,0.2401
391,Perot,1,0,1,1,-1,3.9204,18.662,12.18
392,Perot,1,0,0,-1,0,1.0404,1.7424,0.2401
393,Bush,0,1,0,1,-1,1.0404,1.7424,0.2401
394,Clinton,1,0,0,1,-1,1.0404,1.7424,0.2401
395,Bush,0,1,0,1,-1,4.0804,0.1024,0.2601
396,Bush,0,1,0,1,-1,4.0804,0.1024,0.2601
397,Bush,0,1,0,0,0,4.0804,0.1024,0.2601
398,Clinton,0,0,0,-1,-1,1.0404,1.7424,0.2401
399,Perot,0,0,1,0,-1,1.0404,1.7424,0.2401
400,Bush,0,1,0,1,-1,1.0404,1.7424,0.2401
401,Clinton,1,0,0,0,0,0.9604,11.022,6.2001
402,Clinton,1,0,0,1,-1,1.0404,1.7424,0.2401
403,Clinton,0,0,1,-1,-1,0.0004,5.3824,2.2201
404,Clinton,1,0,0,0,-1,0.9604,11.022,6.2001
405,Perot,0,0,0,-1,-1,4.0804,0.1024,0.2601
406,Perot,1,0,0,-1,-1,0.0004,5.3824,2.2201
407,Clinton,1,0,0,0,-1,1.0404,1.7424,0.2401
408,Perot,0,1,1,-1,-1,0.0004,5.3824,2.2201
409,Clinton,1,0,0,0,0,0.9604,11.022,6.2001
410,Perot,1,0,1,-1,-1,16.16,2.8224,6.3001
411,Clinton,1,0,1,1,-1,4.0804,0.1024,0.2601
412,Clinton,1,0,1,-1,0,0.0004,5.3824,2.2201
413,Bush,0,1,1,1,-1,4.0804,0.1024,0.2601
414,Clinton,1,0,0,1,-1,0.9604,11.022,6.2001
415,Clinton,1,0,0,1,-1,1.0404,1.7424,0.2401
416,Bush,0,1,0,-1,-1,1.0404,1.7424,0.2401
417,Bush,1,0,0,0,1,4.0804,0.1024,0.2601
418,Clinton,1,0,1,1,-1,4.0804,0.1024,0.2601
419,Clinton,0,0,0,0,-1,4.0804,0.1024,0.2601
420,Clinton,1,0,1,-1,-1,1.0404,1.7424,0.2401
421,Clinton,1,0,1,1,0,1.0404,1.7424,0.2401
422,Clinton,1,0,1,-1,-1,1.0404,1.7424,0.2401
423,Bush,0,1,0,1,0,1.0404,1.7424,0.2401
424,Bush,0,1,0,1,0,9.1204,0.4624,2.2801
425,Clinton,1,0,1,-1,-1,0.0004,5.3824,2.2201
426,Clinton,0,0,1,-1,-1,1.0404,1.7424,0.2401
427,Perot,0,1,0,-1,-1,4.0804,0.1024,0.2601
428,Clinton,1,0,1,0,-1,4.0804,0.1024,0.2601
429,Bush,0,1,0,1,-1,4.0804,0.1024,0.2601
430,Clinton,0,1,0,0,-1,0.9604,11.022,6.2001
431,Clinton,1,0,0,-1,-1,1.0404,1.7424,0.2401
432,Clinton,1,0,1,1,0,0.9604,11.022,6.2001
433,Clinton,1,0,1,1,-1,0.0004,5.3824,2.2201
434,Perot,1,0,0,1,0,1.0404,1.7424,0.2401
435,Clinton,1,0,0,-1,-1,3.9204,18.662,12.18
436,Clinton,1,0,0,0,-1,0.0004,5.3824,2.2201
437,Clinton,0,0,1,1,0,16.16,2.8224,6.3001
438,Bush,0,1,0,1,0,16.16,2.8224,6.3001
439,Bush,0,1,0,1,1,1.0404,1.7424,0.2401
440,Clinton,1,0,1,1,0,0.0004,5.3824,2.2201
441,Perot,0,1,1,1,-1,4.0804,0.1024,0.2601
442,Bush,1,0,1,-1,-1,4.0804,0.1024,0.2601
443,Clinton,1,0,0,-1,-1,0.0004,5.3824,2.2201
444,Perot,0,0,1,0,-1,4.0804,0.1024,0.2601
445,Perot,0,1,0,-1,0,9.1204,0.4624,2.2801
446,Bush,0,0,1,1,-1,0.0004,5.3824,2.2201
447,Bush,0,1,1,-1,-1,9.1204,0.4624,2.2801
448,Perot,1,0,0,-1,-1,1.0404,1.7424,0.2401
449,Bush,0,1,1,-1,0,9.1204,0.4624,2.2801
450,Clinton,1,0,1,0,0,9.1204,0.4624,2.2801
451,Bush,0,1,0,1,-1,16.16,2.8224,6.3001
452,Clinton,1,0,0,-1,-1,1.0404,1.7424,0.2401
453,Clinton,1,0,1,-1,-1,9.1204,0.4624,2.2801
454,Clinton,1,0,0,-1,-1,1.0404,1.7424,0.2401
455,Bush,0,1,0,0,-1,9.1204,0.4624,2.2801
456,Clinton,1,0,1,-1,-1,16.16,2.8224,6.3001
457,Clinton,1,0,1,0,-1,0.9604,11.022,6.2001
458,Clinton,1,0,1,0,-1,9.1204,0.4624,2.2801
459,Bush,0,1,0,-1,0,9.1204,0.4624,2.2801
460,Clinton,1,0,0,-1,-1,1.0404,1.7424,0.2401
461,Bush,0,1,1,-1,0,4.0804,0.1024,0.2601
462,Clinton,1,0,1,-1,0,4.0804,0.1024,0.2601
463,Perot,0,1,1,-1,-1,0.0004,5.3824,2.2201
464,Perot,0,1,1,0,-1,1.0404,1.7424,0.2401
465,Perot,0,1,0,0,-1,9.1204,0.4624,2.2801
466,Perot,0,1,0,1,0,9.1204,0.4624,2.2801
467,Clinton,0,1,0,0,-1,4.0804,0.1024,0.2601
468,Clinton,1,0,1,1,-1,0.9604,11.022,6.2001
469,Perot,1,0,1,-1,-1,3.9204,18.662,12.18
470,Clinton,1,0,1,1,-1,1.0404,1.7424,0.2401
471,Perot,0,0,1,0,0,1.0404,1.7424,0.2401
472,Clinton,1,0,0,0,-1,0.9604,11.022,6.2001
473,Perot,0,0,0,1,-1,1.0404,1.7424,0.2401
474,Bush,0,1,1,0,-1,16.16,2.8224,6.3001
475,Bush,0,1,0,1,-1,1.0404,1.7424,0.2401
476,Bush,0,1,1,1,1,1.0404,1.7424,0.2401
477,Bush,0,1,1,0,1,9.1204,0.4624,2.2801
478,Clinton,0,1,0,1,-1,0.0004,5.3824,2.2201
479,Clinton,1,0,1,-1,-1,0.0004,5.3824,2.2201
480,Perot,1,0,1,-1,-1,4.0804,0.1024,0.2601
481,Clinton,1,0,0,0,-1,1.0404,1.7424,0.2401
482,Clinton,0,1,0,-1,-1,4.0804,0.1024,0.2601
483,Clinton,1,0,1,-1,-1,4.0804,0.1024,0.2601
484,Bush,0,1,0,-1,-1,1.0404,1.7424,0.2401
485,Clinton,1,0,1,0,-1,1.0404,1.7424,0.2401
486,Clinton,1,0,1,-1,-1,4.0804,0.1024,0.2601
487,Clinton,1,0,0,0,-1,1.0404,1.7424,0.2401
488,Bush,0,1,0,1,0,0.0004,5.3824,2.2201
489,Perot,0,0,0,-1,-1,1.0404,1.7424,0.2401
490,Clinton,1,0,1,1,1,0.0004,5.3824,2.2201
491,Bush,0,1,1,0,-1,16.16,2.8224,6.3001
492,Bush,0,1,1,0,-1,0.0004,5.3824,2.2201
493,Clinton,1,0,0,0,-1,0.0004,5.3824,2.2201
494,Perot,1,0,0,0,-1,0.9604,11.022,6.2001
495,Perot,0,1,0,1,-1,1.0404,1.7424,0.2401
496,Clinton,1,0,1,-1,-1,0.9604,11.022,6.2001
497,Clinton,1,0,0,0,-1,0.9604,11.022,6.2001
498,Clinton,1,0,0,-1,-1,1.0404,1.7424,0.2401
499,Bush,1,0,1,0,-1,1.0404,1.7424,0.2401
500,Bush,0,0,1,0,-1,0.0004,5.3824,2.2201
501,Clinton,1,0,0,-1,-1,0.0004,5.3824,2.2201
502,Clinton,1,0,1,-1,-1,0.9604,11.022,6.2001
503,Clinton,1,0,1,0,-1,1.0404,1.7424,0.2401
504,Bush,0,1,0,1,0,1.0404,1.7424,0.2401
505,Perot,0,1,0,0,-1,16.16,2.8224,6.3001
506,Clinton,0,1,1,1,-1,4.0804,0.1024,0.2601
507,Perot,0,1,1,1,-1,4.0804,0.1024,0.2601
508,Clinton,1,0,0,0,-1,1.0404,1.7424,0.2401
509,Clinton,1,0,1,-1,-1,0.0004,5.3824,2.2201
510,Perot,1,0,0,1,0,4.0804,0.1024,0.2601
511,Perot,0,1,0,1,-1,9.1204,0.4624,2.2801
512,Perot,1,0,1,-1,-1,9.1204,0.4624,2.2801
513,Clinton,1,0,1,0,-1,1.0404,1.7424,0.2401
514,Clinton,1,0,0,-1,-1,3.9204,18.662,12.18
515,Bush,0,1,0,0,0,1.0404,1.7424,0.2401
516,Clinton,1,0,1,0,-1,0.9604,11.022,6.2001
517,Clinton,1,0,1,0,0,1.0404,1.7424,0.2401
518,Bush,0,1,1,1,-1,9.1204,0.4624,2.2801
519,Perot,1,0,0,0,-1,9.1204,0.4624,2.2801
520,Perot,0,1,0,1,-1,9.1204,0.4624,2.2801
521,Bush,0,1,0,1,0,9.1204,0.4624,2.2801
522,Clinton,1,0,1,0,-1,0.9604,11.022,6.2001
523,Perot,0,1,0,1,1,4.0804,0.1024,0.2601
524,Perot,0,0,1,-1,0,1.0404,1.7424,0.2401
525,Bush,0,1,1,-1,0,1.0404,1.7424,0.2401
526,Clinton,1,0,1,1,-1,0.9604,11.022,6.2001
527,Perot,0,1,1,0,-1,1.0404,1.7424,0.2401
528,Clinton,1,0,1,-1,-1,4.0804,0.1024,0.2601
529,Clinton,1,0,0,0,-1,9.1204,0.4624,2.2801
530,Clinton,1,0,1,-1,-1,0.9604,11.022,6.2001
531,Perot,0,1,0,0,0,4.0804,0.1024,0.2601
532,Bush,0,1,0,1,0,9.1204,0.4624,2.2801
533,Bush,0,1,0,-1,-1,9.1204,0.4624,2.2801
534,Clinton,1,0,1,0,-1,0.0004,5.3824,2.2201
535,Clinton,1,0,1,1,-1,1.0404,1.7424,0.2401
536,Clinton,1,0,0,-1,-1,0.0004,5.3824,2.2201
537,Bush,0,1,1,1,0,4.0804,0.1024,0.2601
538,Perot,1,0,1,1,0,1.0404,1.7424,0.2401
539,Clinton,1,0,0,-1,0,4.0804,0.1024,0.2601
540,Clinton,1,0,0,1,-1,0.9604,11.022,6.2001
541,Perot,0,1,0,1,-1,4.0804,0.1024,0.2601
542,Perot,0,1,1,1,-1,0.0004,5.3824,2.2201
543,Perot,1,0,0,-1,-1,0.9604,11.022,6.2001
544,Bush,0,1,1,-1,-1,9.1204,0.4624,2.2801
545,Clinton,1,0,1,0,-1,0.0004,5.3824,2.2201
546,Clinton,1,0,1,0,-1,0.0004,5.3824,2.2201
547,Perot,1,0,1,0,-1,0.0004,5.3824,2.2201
548,Perot,0,0,0,-1,-1,1.0404,1.7424,0.2401
549,Perot,0,0,0,0,0,1.0404,1.7424,0.2401
550,Perot,0,1,1,-1,-1,1.0404,1.7424,0.2401
551,Clinton,0,0,1,1,-1,1.0404,1.7424,0.2401
552,Bush,0,1,0,1,0,4.0804,0.1024,0.2601
553,Bush,0,1,0,1,1,9.1204,0.4624,2.2801
554,Clinton,1,0,1,0,-1,4.0804,0.1024,0.2601
555,Bush,0,1,0,0,-1,9.1204,0.4624,2.2801
556,Bush,0,1,0,0,0,1.0404,1.7424,0.2401
557,Bush,0,1,0,0,-1,1.0404,1.7424,0.2401
558,Perot,1,0,0,1,-1,3.9204,18.662,12.18
559,Bush,0,1,0,0,0,4.0804,0.1024,0.2601
560,Bush,0,1,0,0,-1,4.0804,0.1024,0.2601
561,Clinton,1,0,0,0,-1,0.9604,11.022,6.2001
562,Clinton,1,0,1,0,0,9.1204,0.4624,2.2801
563,Bush,0,1,1,-1,-1,1.0404,1.7424,0.2401
564,Clinton,1,0,1,0,-1,4.0804,0.1024,0.2601
565,Clinton,1,0,1,-1,-1,1.0404,1.7424,0.2401
566,Clinton,1,0,1,0,-1,1.0404,1.7424,0.2401
567,Clinton,1,0,0,0,-1,1.0404,1.7424,0.2401
568,Perot,1,0,0,0,-1,1.0404,1.7424,0.2401
569,Bush,0,1,0,0,0,4.0804,0.1024,0.2601
570,Clinton,1,0,0,0,1,0.0004,5.3824,2.2201
571,Bush,0,1,0,1,-1,9.1204,0.4624,2.2801
572,Clinton,1,0,1,0,-1,4.0804,0.1024,0.2601
573,Clinton,1,0,1,0,-1,0.0004,5.3824,2.2201
574,Clinton,1,0,1,-1,-1,0.9604,11.022,6.2001
575,Clinton,1,0,1,-1,-1,1.0404,1.7424,0.2401
576,Perot,0,0,1,-1,-1,1.0404,1.7424,0.2401
577,Bush,0,1,1,1,1,4.0804,0.1024,0.2601
578,Clinton,1,0,0,0,-1,1.0404,1.7424,0.2401
579,Clinton,1,0,1,-1,-1,1.0404,1.7424,0.2401
580,Clinton,0,0,0,1,0,4.0804,0.1024,0.2601
581,Clinton,1,0,0,-1,-1,1.0404,1.7424,0.2401
582,Bush,0,1,0,1,0,9.1204,0.4624,2.2801
583,Clinton,1,0,0,-1,-1,1.0404,1.7424,0.2401
584,Perot,1,0,1,1,-1,1.0404,1.7424,0.2401
585,Clinton,0,1,0,0,0,4.0804,0.1024,0.2601
586,Perot,0,1,1,-1,-1,9.1204,0.4624,2.2801
587,Bush,0,1,0,0,-1,9.1204,0.4624,2.2801
588,Clinton,1,0,1,-1,-1,9.1204,0.4624,2.2801
589,Perot,0,1,1,-1,-1,0.0004,5.3824,2.2201
590,Clinton,0,0,0,-1,-1,1.0404,1.7424,0.2401
591,Bush,0,1,0,0,0,9.1204,0.4624,2.2801
592,Clinton,1,0,0,-1,-1,1.0404,1.7424,0.2401
593,Clinton,1,0,1,-1,-1,1.0404,1.7424,0.2401
594,Clinton,0,0,0,0,-1,0.9604,11.022,6.2001
595,Bush,0,1,0,0,0,16.16,2.8224,6.3001
596,Clinton,1,0,0,-1,-1,1.0404,1.7424,0.2401
597,Bush,1,0,1,1,1,4.0804,0.1024,0.2601
598,Bush,1,0,1,-1,0,9.1204,0.4624,2.2801
599,Bush,0,1,1,-1,-1,4.0804,0.1024,0.2601
600,Bush,0,1,1,0,-1,4.0804,0.1024,0.2601
601,Clinton,1,0,1,0,-1,0.9604,11.022,6.2001
602,Clinton,0,0,0,-1,-1,1.0404,1.7424,0.2401
603,Clinton,1,0,1,1,-1,4.0804,0.1024,0.2601
604,Bush,0,1,1,-1,0,4.0804,0.1024,0.2601
605,Clinton,1,0,0,1,-1,0.0004,5.3824,2.2201
606,Bush,0,1,0,-1,0,1.0404,1.7424,0.2401
607,Bush,0,1,1,0,0,9.1204,0.4624,2.2801
608,Perot,0,1,0,1,-1,9.1204,0.4624,2.2801
609,Bush,0,1,0,1,-1,4.0804,0.1024,0.2601
610,Clinton,1,0,1,0,-1,1.0404,1.7424,0.2401
611,Bush,0,1,0,1,0,9.1204,0.4624,2.2801
612,Perot,1,0,0,-1,0,0.9604,11.022,6.2001
613,Bush,1,0,1,0,-1,9.1204,0.4624,2.2801
614,Perot,1,0,0,1,-1,0.9604,11.022,6.2001
615,Bush,0,1,0,0,-1,9.1204,0.4624,2.2801
616,Bush,0,1,0,1,1,9.1204,0.4624,2.2801
617,Bush,0,1,0,0,1,9.1204,0.4624,2.2801
618,Bush,0,1,1,1,-1,9.1204,0.4624,2.2801
619,Bush,0,1,0,0,-1,9.1204,0.4624,2.2801
620,Perot,0,1,0,0,-1,1.0404,1.7424,0.2401
621,Clinton,1,0,1,0,0,1.0404,1.7424,0.2401
622,Clinton,1,0,0,-1,-1,3.9204,18.662,12.18
623,Clinton,1,0,0,-1,-1,1.0404,1.7424,0.2401
624,Perot,0,0,0,-1,-1,1.0404,1.7424,0.2401
625,Clinton,1,0,0,0,-1,1.0404,1.7424,0.2401
626,Clinton,1,0,0,-1,-1,0.9604,11.022,6.2001
627,Perot,0,1,0,-1,-1,1.0404,1.7424,0.2401
628,Bush,0,1,0,1,0,9.1204,0.4624,2.2801
629,Bush,0,1,0,1,-1,4.0804,0.1024,0.2601
630,Clinton,1,0,0,1,-1,0.9604,11.022,6.2001
631,Bush,1,0,0,1,0,9.1204,0.4624,2.2801
632,Bush,0,1,0,0,-1,9.1204,0.4624,2.2801
633,Clinton,1,0,1,0,-1,0.9604,11.022,6.2001
634,Bush,0,1,0,1,-1,16.16,2.8224,6.3001
635,Bush,0,1,1,0,0,9.1204,0.4624,2.2801
636,Clinton,1,0,1,0,0,1.0404,1.7424,0.2401
637,Clinton,1,0,0,-1,-1,9.1204,0.4624,2.2801
638,Clinton,0,0,0,0,0,1.0404,1.7424,0.2401
639,Clinton,1,0,0,-1,0,0.0004,5.3824,2.2201
640,Bush,0,1,0,-1,-1,4.0804,0.1024,0.2601
641,Perot,0,1,0,1,0,9.1204,0.4624,2.2801
642,Clinton,1,0,0,1,-1,0.0004,5.3824,2.2201
643,Clinton,1,0,0,-1,-1,16.16,2.8224,6.3001
644,Clinton,0,1,1,-1,-1,0.0004,5.3824,2.2201
645,Perot,1,0,0,-1,-1,1.0404,1.7424,0.2401
646,Perot,1,0,1,0,-1,1.0404,1.7424,0.2401
647,Clinton,1,0,1,-1,-1,0.0004,5.3824,2.2201
648,Perot,0,1,0,-1,0,4.0804,0.1024,0.2601
649,Bush,0,1,1,-1,0,9.1204,0.4624,2.2801
650,Perot,0,1,1,1,0,1.0404,1.7424,0.2401
651,Clinton,1,0,0,1,-1,0.9604,11.022,6.2001
652,Clinton,1,0,0,1,0,4.0804,0.1024,0.2601
653,Perot,0,1,0,0,0,0.9604,11.022,6.2001
654,Clinton,1,0,1,0,-1,1.0404,1.7424,0.2401
655,Clinton,1,0,0,-1,-1,1.0404,1.7424,0.2401
656,Clinton,1,0,0,-1,-1,0.0004,5.3824,2.2201
657,Clinton,1,0,1,1,-1,1.0404,1.7424,0.2401
658,Clinton,0,0,0,0,-1,1.0404,1.7424,0.2401
659,Clinton,1,0,0,1,-1,0.0004,5.3824,2.2201
660,Bush,0,1,0,-1,-1,9.1204,0.4624,2.2801
661,Bush,0,1,0,1,-1,0.9604,11.022,6.2001
662,Clinton,1,0,1,0,-1,1.0404,1.7424,0.2401
663,Clinton,1,0,1,0,-1,4.0804,0.1024,0.2601
664,Clinton,1,0,1,-1,-1,9.1204,0.4624,2.2801
665,Perot,1,0,0,-1,-1,4.0804,0.1024,0.2601
666,Clinton,1,0,1,0,-1,9.1204,0.4624,2.2801
667,Clinton,1,0,1,-1,-1,0.0004,5.3824,2.2201
668,Bush,0,1,0,0,0,4.0804,0.1024,0.2601
669,Bush,0,1,0,1,0,9.1204,0.4624,2.2801
670,Clinton,1,0,1,1,-1,0.0004,5.3824,2.2201
671,Clinton,0,1,1,1,0,0.0004,5.3824,2.2201
672,Perot,0,1,1,1,-1,4.0804,0.1024,0.2601
673,Clinton,1,0,1,1,-1,9.1204,0.4624,2.2801
674,Clinton,1,0,0,0,-1,0.9604,11.022,6.2001
675,Clinton,1,0,1,-1,-1,1.0404,1.7424,0.2401
676,Perot,0,1,0,-1,-1,4.0804,0.1024,0.2601
677,Perot,1,0,0,-1,-1,0.0004,5.3824,2.2201
678,Perot,0,1,0,-1,-1,0.0004,5.3824,2.2201
679,Bush,0,1,0,1,-1,9.1204,0.4624,2.2801
680,Clinton,1,0,0,0,-1,1.0404,1.7424,0.2401
681,Clinton,1,0,0,-1,-1,0.9604,11.022,6.2001
682,Perot,0,1,1,0,-1,1.0404,1.7424,0.2401
683,Perot,0,1,1,1,-1,16.16,2.8224,6.3001
684,Perot,0,0,1,1,-1,1.0404,1.7424,0.2401
685,Clinton,1,0,0,-1,-1,1.0404,1.7424,0.2401
686,Perot,0,1,1,0,-1,1.0404,1.7424,0.2401
687,Bush,0,1,1,0,-1,1.0404,1.7424,0.2401
688,Bush,0,1,1,0,-1,1.0404,1.7424,0.2401
689,Clinton,0,1,0,1,-1,9.1204,0.4624,2.2801
690,Bush,0,1,0,0,0,9.1204,0.4624,2.2801
691,Bush,0,1,1,-1,0,1.0404,1.7424,0.2401
692,Perot,1,0,1,0,0,1.0404,1.7424,0.2401
693,Clinton,1,0,1,-1,-1,3.9204,18.662,12.18
694,Clinton,0,0,0,-1,-1,4.0804,0.1024,0.2601
695,Clinton,1,0,1,0,-1,1.0404,1.7424,0.2401
696,Clinton,0,0,1,-1,-1,1.0404,1.7424,0.2401
697,Clinton,1,0,0,-1,-1,3.9204,18.662,12.18
698,Bush,0,1,0,1,0,4.0804,0.1024,0.2601
699,Clinton,1,0,1,1,-1,0.9604,11.022,6.2001
700,Bush,1,0,1,0,-1,1.0404,1.7424,0.2401
701,Clinton,1,0,0,-1,-1,0.9604,11.022,6.2001
702,Perot,0,1,0,0,-1,9.1204,0.4624,2.2801
703,Clinton,1,0,0,1,-1,4.0804,0.1024,0.2601
704,Clinton,0,0,0,-1,-1,1.0404,1.7424,0.2401
705,Perot,1,0,0,0,-1,0.0004,5.3824,2.2201
706,Perot,0,1,0,-1,-1,4.0804,0.1024,0.2601
707,Clinton,1,0,0,-1,-1,0.0004,5.3824,2.2201
708,Bush,0,1,0,0,0,9.1204,0.4624,2.2801
709,Clinton,1,0,1,1,-1,0.9604,11.022,6.2001
710,Clinton,1,0,0,1,-1,0.9604,11.022,6.2001
711,Clinton,1,0,0,-1,0,0.9604,11.022,6.2001
712,Bush,0,1,1,-1,-1,9.1204,0.4624,2.2801
713,Perot,0,1,0,-1,-1,9.1204,0.4624,2.2801
714,Clinton,0,1,1,-1,0,9.1204,0.4624,2.2801
715,Bush,0,1,0,0,-1,9.1204,0.4624,2.2801
716,Bush,0,1,1,0,-1,4.0804,0.1024,0.2601
717,Perot,1,0,1,-1,-1,1.0404,1.7424,0.2401
718,Perot,1,0,0,1,0,1.0404,1.7424,0.2401
719,Clinton,1,0,1,0,-1,0.9604,11.022,6.2001
720,Clinton,1,0,1,0,-1,1.0404,1.7424,0.2401
721,Clinton,1,0,1,-1,-1,16.16,2.8224,6.3001
722,Bush,0,1,1,1,-1,9.1204,0.4624,2.2801
723,Clinton,1,0,0,-1,-1,4.0804,0.1024,0.2601
724,Clinton,1,0,0,-1,-1,1.0404,1.7424,0.2401
725,Bush,0,1,1,1,-1,9.1204,0.4624,2.2801
726,Clinton,1,0,0,0,-1,1.0404,1.7424,0.2401
727,Perot,1,0,1,1,0,1.0404,1.7424,0.2401
728,Bush,0,1,0,-1,-1,9.1204,0.4624,2.2801
729,Clinton,1,0,1,1,-1,0.9604,11.022,6.2001
730,Bush,0,1,0,1,-1,4.0804,0.1024,0.2601
731,Perot,0,1,1,1,-1,0.0004,5.3824,2.2201
732,Bush,0,1,1,0,0,1.0404,1.7424,0.2401
733,Clinton,0,0,1,0,-1,4.0804,0.1024,0.2601
734,Clinton,1,0,0,1,-1,0.9604,11.022,6.2001
735,Clinton,1,0,0,-1,-1,0.0004,5.3824,2.2201
736,Bush,0,1,0,0,1,9.1204,0.4624,2.2801
737,Bush,0,1,0,0,-1,9.1204,0.4624,2.2801
738,Clinton,1,0,1,-1,-1,0.0004,5.3824,2.2201
739,Perot,0,1,1,-1,1,4.0804,0.1024,0.2601
740,Perot,1,0,1,-1,-1,0.0004,5.3824,2.2201
741,Clinton,1,0,1,0,-1,1.0404,1.7424,0.2401
742,Bush,1,0,1,1,1,4.0804,0.1024,0.2601
743,Bush,0,0,1,-1,-1,4.0804,0.1024,0.2601
744,Bush,0,1,0,1,0,4.0804,0.1024,0.2601
745,Clinton,1,0,0,-1,0,0.9604,11.022,6.2001
746,Bush,0,1,0,1,-1,4.0804,0.1024,0.2601
747,Bush,0,1,0,0,-1,1.0404,1.7424,0.2401
748,Clinton,1,0,1,1,-1,0.0004,5.3824,2.2201
749,Bush,0,1,1,0,-1,9.1204,0.4624,2.2801
750,Clinton,1,0,0,-1,-1,1.0404,1.7424,0.2401
751,Bush,0,0,0,-1,-1,4.0804,0.1024,0.2601
752,Bush,0,1,0,-1,0,16.16,2.8224,6.3001
753,Clinton,0,1,0,-1,-1,0.0004,5.3824,2.2201
754,Clinton,1,0,1,1,-1,1.0404,1.7424,0.2401
755,Clinton,1,0,0,0,-1,4.0804,0.1024,0.2601
756,Clinton,1,0,1,0,-1,1.0404,1.7424,0.2401
757,Clinton,1,0,1,-1,-1,4.0804,0.1024,0.2601
758,Bush,1,0,1,-1,-1,4.0804,0.1024,0.2601
759,Perot,0,1,0,-1,0,1.0404,1.7424,0.2401
760,Bush,0,1,0,1,1,9.1204,0.4624,2.2801
761,Clinton,0,1,1,-1,-1,1.0404,1.7424,0.2401
762,Clinton,1,0,1,1,-1,0.0004,5.3824,2.2201
763,Perot,1,0,0,0,-1,0.0004,5.3824,2.2201
764,Bush,0,1,0,1,0,9.1204,0.4624,2.2801
765,Clinton,1,0,0,1,0,1.0404,1.7424,0.2401
766,Clinton,1,0,0,0,-1,1.0404,1.7424,0.2401
767,Perot,0,1,1,1,0,1.0404,1.7424,0.2401
768,Clinton,1,0,0,0,-1,0.0004,5.3824,2.2201
769,Perot,1,0,0,-1,-1,1.0404,1.7424,0.2401
770,Bush,0,1,0,1,-1,4.0804,0.1024,0.2601
771,Perot,1,0,1,-1,-1,0.0004,5.3824,2.2201
772,Bush,1,0,1,1,-1,1.0404,1.7424,0.2401
773,Clinton,1,0,0,-1,-1,0.9604,11.022,6.2001
774,Clinton,1,0,0,1,-1,0.9604,11.022,6.2001
775,Clinton,1,0,0,-1,-1,4.0804,0.1024,0.2601
776,Clinton,1,0,1,-1,-1,1.0404,1.7424,0.2401
777,Clinton,1,0,0,0,-1,4.0804,0.1024,0.2601
778,Perot,1,0,0,1,-1,4.0804,0.1024,0.2601
779,Bush,0,1,0,1,1,9.1204,0.4624,2.2801
780,Perot,0,1,0,0,-1,9.1204,0.4624,2.2801
781,Perot,1,0,0,-1,0,4.0804,0.1024,0.2601
782,Clinton,1,0,1,0,-1,0.0004,5.3824,2.2201
783,Clinton,1,0,0,-1,-1,0.0004,5.3824,2.2201
784,Clinton,1,0,1,-1,0,9.1204,0.4624,2.2801
785,Clinton,0,1,0,1,-1,4.0804,0.1024,0.2601
786,Clinton,1,0,0,1,-1,0.9604,11.022,6.2001
787,Clinton,1,0,0,1,-1,3.9204,18.662,12.18
788,Bush,0,1,1,-1,-1,1.0404,1.7424,0.2401
789,Clinton,1,0,1,0,-1,0.9604,11.022,6.2001
790,Clinton,1,0,1,-1,-1,0.9604,11.022,6.2001
791,Perot,0,1,0,0,0,1.0404,1.7424,0.2401
792,Clinton,1,0,0,1,-1,1.0404,1.7424,0.2401
793,Perot,0,1,1,-1,-1,0.0004,5.3824,2.2201
794,Bush,0,1,0,1,0,1.0404,1.7424,0.2401
795,Perot,1,0,0,0,0,1.0404,1.7424,0.2401
796,Bush,1,0,1,-1,-1,1.0404,1.7424,0.2401
797,Clinton,1,0,0,0,-1,4.0804,0.1024,0.2601
798,Perot,0,0,1,0,-1,1.0404,1.7424,0.2401
799,Perot,0,1,0,1,-1,4.0804,0.1024,0.2601
800,Bush,0,0,0,-1,0,1.0404,1.7424,0.2401
801,Clinton,1,0,1,1,0,0.9604,11.022,6.2001
802,Perot,1,0,0,1,0,1.0404,1.7424,0.2401
803,Clinton,1,0,1,-1,-1,0.9604,11.022,6.2001
804,Bush,0,0,1,-1,-1,1.0404,1.7424,0.2401
805,Perot,1,0,0,1,1,4.0804,0.1024,0.2601
806,Clinton,1,0,0,-1,-1,0.9604,11.022,6.2001
807,Clinton,1,0,1,0,-1,0.9604,11.022,6.2001
808,Clinton,1,0,1,0,-1,0.0004,5.3824,2.2201
809,Clinton,1,0,0,1,-1,0.0004,5.3824,2.2201
810,Bush,0,1,1,-1,-1,1.0404,1.7424,0.2401
811,Clinton,1,0,1,0,-1,0.9604,11.022,6.2001
812,Bush,0,1,1,1,-1,0.0004,5.3824,2.2201
813,Bush,0,1,0,1,0,9.1204,0.4624,2.2801
814,Perot,0,1,0,-1,-1,1.0404,1.7424,0.2401
815,Clinton,1,0,1,-1,-1,0.9604,11.022,6.2001
816,Bush,0,1,0,-1,-1,9.1204,0.4624,2.2801
817,Clinton,0,0,0,1,1,9.1204,0.4624,2.2801
818,Bush,0,1,1,0,-1,9.1204,0.4624,2.2801
819,Bush,0,1,1,1,-1,9.1204,0.4624,2.2801
820,Perot,1,0,1,0,-1,1.0404,1.7424,0.2401
821,Clinton,1,0,1,1,-1,0.0004,5.3824,2.2201
822,Bush,0,1,1,0,0,9.1204,0.4624,2.2801
823,Clinton,1,0,0,0,-1,4.0804,0.1024,0.2601
824,Clinton,1,0,1,0,-1,1.0404,1.7424,0.2401
825,Bush,0,1,0,1,0,4.0804,0.1024,0.2601
826,Clinton,1,0,0,0,1,0.9604,11.022,6.2001
827,Bush,0,1,0,0,-1,9.1204,0.4624,2.2801
828,Bush,0,1,0,-1,-1,9.1204,0.4624,2.2801
829,Clinton,1,0,1,0,-1,3.9204,18.662,12.18
830,Clinton,1,0,1,-1,-1,0.9604,11.022,6.2001
831,Clinton,1,0,1,1,-1,0.9604,11.022,6.2001
832,Bush,0,1,0,1,0,9.1204,0.4624,2.2801
833,Clinton,1,0,0,0,-1,0.0004,5.3824,2.2201
834,Bush,1,0,0,1,1,9.1204,0.4624,2.2801
835,Clinton,1,0,0,1,-1,1.0404,1.7424,0.2401
836,Clinton,1,0,1,0,0,4.0804,0.1024,0.2601
837,Bush,0,1,0,0,-1,4.0804,0.1024,0.2601
838,Clinton,1,0,0,-1,1,0.0004,5.3824,2.2201
839,Perot,1,0,0,0,-1,0.0004,5.3824,2.2201
840,Bush,0,1,0,0,0,1.0404,1.7424,0.2401
841,Bush,0,1,0,0,0,1.0404,1.7424,0.2401
842,Clinton,0,1,1,0,-1,1.0404,1.7424,0.2401
843,Bush,0,1,0,1,0,9.1204,0.4624,2.2801
844,Clinton,1,0,1,0,0,0.9604,11.022,6.2001
845,Perot,0,1,1,0,0,1.0404,1.7424,0.2401
846,Clinton,1,0,1,0,-1,1.0404,1.7424,0.2401
847,Clinton,1,0,0,0,-1,0.9604,11.022,6.2001
848,Clinton,1,0,0,-1,-1,0.0004,5.3824,2.2201
849,Bush,0,1,0,0,0,1.0404,1.7424,0.2401
850,Clinton,1,0,1,-1,-1,0.0004,5.3824,2.2201
851,Clinton,1,0,1,-1,-1,0.0004,5.3824,2.2201
852,Perot,0,0,0,1,-1,4.0804,0.1024,0.2601
853,Clinton,1,0,1,0,-1,0.9604,11.022,6.2001
854,Bush,0,1,1,-1,0,1.0404,1.7424,0.2401
855,Bush,0,1,1,0,0,9.1204,0.4624,2.2801
856,Clinton,1,0,0,1,-1,1.0404,1.7424,0.2401
857,Bush,0,1,1,0,0,9.1204,0.4624,2.2801
858,Clinton,1,0,1,1,-1,0.9604,11.022,6.2001
859,Bush,0,1,0,0,0,4.0804,0.1024,0.2601
860,Clinton,1,0,1,1,-1,0.9604,11.022,6.2001
861,Bush,0,1,0,1,0,9.1204,0.4624,2.2801
862,Bush,0,1,0,1,-1,9.1204,0.4624,2.2801
863,Clinton,1,0,0,-1,-1,4.0804,0.1024,0.2601
864,Perot,1,0,0,1,-1,4.0804,0.1024,0.2601
865,Perot,0,1,0,1,-1,1.0404,1.7424,0.2401
866,Perot,0,0,0,0,0,4.0804,0.1024,0.2601
867,Clinton,1,0,0,-1,-1,0.0004,5.3824,2.2201
868,Bush,0,1,0,-1,1,9.1204,0.4624,2.2801
869,Clinton,1,0,0,0,-1,0.9604,11.022,6.2001
870,Perot,0,0,1,-1,-1,4.0804,0.1024,0.2601
871,Bush,0,1,0,1,1,1.0404,1.7424,0.2401
872,Clinton,1,0,1,1,-1,0.9604,11.022,6.2001
873,Perot,0,1,0,-1,-1,1.0404,1.7424,0.2401
874,Perot,0,0,1,1,0,0.0004,5.3824,2.2201
875,Bush,0,1,1,0,-1,9.1204,0.4624,2.2801
876,Perot,0,1,0,1,1,1.0404,1.7424,0.2401
877,Bush,1,0,0,1,-1,9.1204,0.4624,2.2801
878,Clinton,1,0,0,-1,-1,0.0004,5.3824,2.2201
879,Perot,0,1,0,1,-1,4.0804,0.1024,0.2601
880,Clinton,1,0,0,1,-1,0.0004,5.3824,2.2201
881,Clinton,1,0,1,0,-1,0.0004,5.3824,2.2201
882,Clinton,1,0,1,1,-1,9.1204,0.4624,2.2801
883,Clinton,1,0,1,-1,-1,3.9204,18.662,12.18
884,Clinton,1,0,1,-1,-1,0.9604,11.022,6.2001
885,Bush,0,1,0,0,0,9.1204,0.4624,2.2801
886,Clinton,1,0,0,-1,0,0.0004,5.3824,2.2201
887,Clinton,1,0,0,1,-1,0.9604,11.022,6.2001
888,Bush,0,1,1,1,0,9.1204,0.4624,2.2801
889,Clinton,1,0,0,-1,-1,1.0404,1.7424,0.2401
890,Perot,0,0,1,-1,-1,0.9604,11.022,6.2001
891,Clinton,1,0,1,-1,-1,0.9604,11.022,6.2001
892,Bush,0,1,1,-1,-1,1.0404,1.7424,0.2401
893,Clinton,1,0,1,0,0,0.0004,5.3824,2.2201
894,Clinton,1,0,1,-1,-1,1.0404,1.7424,0.2401
895,Clinton,1,0,1,-1,-1,9.1204,0.4624,2.2801
896,Perot,1,0,1,0,-1,1.0404,1.7424,0.2401
897,Bush,0,1,0,0,0,9.1204,0.4624,2.2801
898,Perot,0,0,0,-1,-1,4.0804,0.1024,0.2601
899,Perot,0,1,0,-1,-1,4.0804,0.1024,0.2601
900,Clinton,0,1,0,-1,-1,1.0404,1.7424,0.2401
901,Clinton,0,1,0,1,-1,4.0804,0.1024,0.2601
902,Bush,1,0,1,1,0,4.0804,0.1024,0.2601
903,Bush,0,1,0,-1,-1,9.1204,0.4624,2.2801
904,Clinton,1,0,1,0,-1,1.0404,1.7424,0.2401
905,Clinton,1,0,1,0,-1,1.0404,1.7424,0.2401
906,Perot,1,0,0,-1,-1,0.0004,5.3824,2.2201
907,Clinton,1,0,1,-1,-1,9.1204,0.4624,2.2801
908,Bush,0,1,1,1,-1,4.0804,0.1024,0.2601
909,Bush,0,0,0,0,-1,1.0404,1.7424,0.2401
