,Expt,Run,Speed
1,1,1,850
2,1,2,740
3,1,3,900
4,1,4,1070
5,1,5,930
6,1,6,850
7,1,7,950
8,1,8,980
9,1,9,980
10,1,10,880
11,1,11,1000
12,1,12,980
13,1,13,930
14,1,14,650
15,1,15,760
16,1,16,810
17,1,17,1000
18,1,18,1000
19,1,19,960
20,1,20,960
21,2,1,960
22,2,2,940
23,2,3,960
24,2,4,940
25,2,5,880
26,2,6,800
27,2,7,850
28,2,8,880
29,2,9,900
30,2,10,840
31,2,11,830
32,2,12,790
33,2,13,810
34,2,14,880
35,2,15,880
36,2,16,830
37,2,17,800
38,2,18,790
39,2,19,760
40,2,20,800
41,3,1,880
42,3,2,880
43,3,3,880
44,3,4,860
45,3,5,720
46,3,6,720
47,3,7,620
48,3,8,860
49,3,9,970
50,3,10,950
51,3,11,880
52,3,12,910
53,3,13,850
54,3,14,870
55,3,15,840
56,3,16,840
57,3,17,850
58,3,18,840
59,3,19,840
60,3,20,840
61,4,1,890
62,4,2,810
63,4,3,810
64,4,4,820
65,4,5,800
66,4,6,770
67,4,7,760
68,4,8,740
69,4,9,750
70,4,10,760
71,4,11,910
72,4,12,920
73,4,13,890
74,4,14,860
75,4,15,880
76,4,16,720
77,4,17,840
78,4,18,850
79,4,19,850
80,4,20,780
81,5,1,890
82,5,2,840
83,5,3,780
84,5,4,810
85,5,5,760
86,5,6,810
87,5,7,790
88,5,8,810
89,5,9,820
90,5,10,850
91,5,11,870
92,5,12,870
93,5,13,810
94,5,14,740
95,5,15,810
96,5,16,940
97,5,17,950
98,5,18,800
99,5,19,810
100,5,20,870
