,wfood,wfuel,wcloth,walc,wtrans,wother,totexp,income,age,children
1,0.4272,0.1342,0.0,0.0106,0.1458,0.2822,50,130,25,2
2,0.3739,0.1686,0.0091,0.0825,0.1215,0.2444,90,150,39,2
3,0.1941,0.4056,0.0012,0.0513,0.2063,0.1415,180,230,47,2
4,0.4438,0.1258,0.0539,0.0397,0.0652,0.2716,80,100,33,2
5,0.3331,0.0824,0.0399,0.1571,0.2403,0.1473,90,100,31,1
6,0.3752,0.0481,0.117,0.021,0.0955,0.3431,70,70,24,1
7,0.2568,0.0909,0.0453,0.0153,0.0227,0.5689,140,190,46,1
8,0.4533,0.2105,0.1131,0.0161,0.0,0.207,50,100,25,1
9,0.3279,0.1053,0.1671,0.0293,0.0433,0.3272,100,260,30,1
10,0.4608,0.0612,0.023,0.0338,0.1901,0.231,90,110,41,1
11,0.3447,0.0392,0.2547,0.0,0.0672,0.2942,100,100,48,2
12,0.4491,0.0541,0.1617,0.1133,0.0397,0.1821,100,100,24,1
13,0.4439,0.1023,0.0018,0.057,0.119,0.2759,80,100,28,2
14,0.209,0.2156,0.0728,0.0,0.2824,0.2202,40,120,31,2
15,0.2706,0.0441,0.201,0.0986,0.1037,0.2821,70,70,32,1
16,0.5536,0.1011,0.0501,0.0011,0.1981,0.0961,70,130,47,2
17,0.5195,0.081,0.0722,0.1354,0.0799,0.1119,50,90,32,2
18,0.2396,0.0383,0.0727,0.1182,0.1889,0.3423,150,140,38,2
19,0.2846,0.0405,0.1511,0.0,0.1235,0.4003,120,140,45,1
20,0.3472,0.0684,0.0454,0.0248,0.2555,0.2587,50,130,28,1
21,0.4715,0.0478,0.0931,0.0991,0.0608,0.2276,80,90,29,1
22,0.3284,0.0842,0.0246,0.0548,0.281,0.227,70,100,34,1
23,0.4574,0.1023,0.0506,0.0753,0.1062,0.2082,140,260,43,2
24,0.3102,0.0748,0.1451,0.0494,0.1319,0.2886,100,250,33,1
25,0.3429,0.1121,0.0054,0.1143,0.1074,0.3179,60,150,47,2
26,0.1851,0.2185,0.018,0.0087,0.1496,0.42,80,200,53,2
27,0.4079,0.1361,0.2388,0.041,0.0224,0.1539,50,130,29,2
28,0.5911,0.2189,0.0392,0.009,0.0068,0.1351,70,170,40,2
29,0.4152,0.095,0.0788,0.0237,0.1268,0.2604,60,120,33,2
30,0.3459,0.0739,0.3875,0.0029,0.0886,0.1011,90,110,57,1
31,0.4885,0.0973,0.0077,0.0309,0.0911,0.2845,100,130,43,2
32,0.4478,0.1679,0.0085,0.1314,0.057,0.1874,50,60,32,1
33,0.4094,0.1293,0.131,0.0,0.0426,0.2877,60,100,25,2
34,0.4934,0.0888,0.1428,0.0354,0.0,0.2397,90,150,29,2
35,0.2901,0.0496,0.0458,0.1176,0.2903,0.2066,150,140,38,2
36,0.2663,0.0815,0.2943,0.0405,0.0983,0.2191,120,200,34,2
37,0.3813,0.1058,0.0662,0.1055,0.0681,0.2731,160,210,36,2
38,0.4107,0.1127,0.153,0.0517,0.0608,0.2111,90,140,50,1
39,0.434,0.061,0.2702,0.05,0.0739,0.1108,80,120,28,1
40,0.3216,0.0873,0.1808,0.0816,0.1345,0.1942,100,170,34,2
41,0.3827,0.0733,0.1046,0.005,0.1388,0.2956,70,120,23,2
42,0.3867,0.1562,0.0033,0.0244,0.2595,0.17,100,100,47,2
43,0.393,0.0975,0.0058,0.0,0.0737,0.43,70,210,36,2
44,0.3586,0.1278,0.0419,0.075,0.1851,0.2116,110,150,44,1
45,0.285,0.1005,0.0662,0.0,0.031,0.5172,60,100,20,1
46,0.3926,0.1081,0.0542,0.1326,0.1295,0.183,90,140,35,2
47,0.3527,0.2433,0.1605,0.0525,0.0,0.191,70,70,23,1
48,0.345,0.1207,0.1109,0.0932,0.1256,0.2047,60,130,29,1
49,0.2629,0.0919,0.0,0.0087,0.2688,0.3677,140,200,32,2
50,0.3875,0.0531,0.0796,0.1217,0.2036,0.1545,80,110,35,2
51,0.2917,0.0966,0.1156,0.1295,0.1624,0.2043,80,170,26,1
52,0.3149,0.1078,0.1846,0.0674,0.1825,0.1429,100,80,30,2
53,0.175,0.0488,0.2889,0.0571,0.1013,0.3288,140,140,30,1
54,0.3749,0.0948,0.161,0.0286,0.2258,0.115,90,110,29,1
55,0.1839,0.0611,0.0928,0.0046,0.0771,0.5805,190,170,49,1
56,0.2186,0.0637,0.2845,0.022,0.0041,0.4072,280,340,41,2
57,0.4155,0.0655,0.1902,0.046,0.1114,0.1715,100,130,47,2
58,0.3472,0.272,0.1102,0.0185,0.0,0.2522,80,90,24,1
59,0.4649,0.1221,0.0517,0.0,0.013,0.3484,90,110,51,1
60,0.2423,0.0783,0.1495,0.0183,0.2831,0.2285,110,140,35,2
61,0.4419,0.1118,0.106,0.0,0.0644,0.2759,60,90,47,1
62,0.354,0.0403,0.1012,0.1488,0.0968,0.259,130,150,29,1
63,0.4502,0.0873,0.0254,0.0,0.1168,0.3203,100,110,29,2
64,0.3358,0.0885,0.2637,0.0308,0.0121,0.2692,80,130,38,2
65,0.3719,0.1238,0.0155,0.0264,0.1704,0.292,90,140,38,2
66,0.6465,0.1456,0.0049,0.0905,0.0175,0.095,40,70,32,2
67,0.5217,0.1501,0.1491,0.0,0.012,0.1671,50,90,29,2
68,0.3585,0.0949,0.0834,0.0,0.0303,0.4329,70,130,34,2
69,0.277,0.1057,0.0098,0.2525,0.117,0.238,90,150,26,2
70,0.5348,0.0653,0.198,0.0473,0.0372,0.1173,130,110,33,2
71,0.4984,0.1373,0.0147,0.1072,0.0761,0.1663,40,80,47,1
72,0.4223,0.0995,0.1582,0.0666,0.0008,0.2526,90,80,28,2
73,0.4533,0.0674,0.0596,0.0,0.0435,0.3763,130,90,25,1
74,0.4202,0.0594,0.0419,0.0465,0.1888,0.2431,70,90,28,2
75,0.4362,0.0823,0.1914,0.0313,0.134,0.1248,110,150,40,2
76,0.3533,0.0906,0.02,0.2029,0.0061,0.3271,80,160,24,1
77,0.1946,0.2067,0.0927,0.1957,0.0461,0.2643,360,220,41,1
78,0.5833,0.1343,0.0217,0.0332,0.0443,0.1833,60,90,33,1
79,0.3788,0.0935,0.2294,0.0387,0.1496,0.11,90,200,32,2
80,0.0954,0.0382,0.0017,0.0279,0.7638,0.0729,310,270,36,1
81,0.1541,0.0884,0.2278,0.0332,0.0381,0.4583,170,130,52,1
82,0.3933,0.0417,0.1393,0.0679,0.2598,0.098,210,120,38,1
83,0.3059,0.1931,0.0144,0.0378,0.3145,0.1343,70,130,30,1
84,0.3127,0.0945,0.0451,0.0087,0.3588,0.1802,100,100,46,2
85,0.4432,0.2583,0.0,0.0,0.0,0.2985,40,70,29,1
86,0.545,0.168,0.0168,0.0511,0.0,0.219,40,80,28,1
87,0.4724,0.0722,0.0306,0.0,0.2516,0.1732,50,100,59,1
88,0.44,0.102,0.0038,0.2166,0.1364,0.1012,90,110,39,1
89,0.3212,0.0577,0.2158,0.0774,0.146,0.1819,120,230,44,2
90,0.3942,0.0848,0.137,0.0577,0.1153,0.2111,70,110,34,2
91,0.3527,0.0689,0.0717,0.0022,0.2124,0.2921,70,60,37,2
92,0.2806,0.1874,0.0834,0.0027,0.0282,0.4177,140,360,35,2
93,0.5766,0.0553,0.0446,0.1269,0.0962,0.1004,80,130,26,2
94,0.3694,0.2302,0.0,0.0618,0.0326,0.306,70,110,30,2
95,0.3057,0.1468,0.168,0.156,0.0918,0.1317,100,110,34,1
96,0.4299,0.1245,0.0,0.0934,0.1941,0.158,60,120,36,1
97,0.1694,0.0229,0.0856,0.0684,0.452,0.2017,230,190,36,2
98,0.3738,0.0778,0.0674,0.0841,0.2191,0.1779,70,100,32,2
99,0.2685,0.0943,0.3036,0.0207,0.1421,0.1708,120,250,40,2
100,0.4645,0.1171,0.0985,0.0013,0.0634,0.2552,70,90,53,1
101,0.5164,0.1006,0.1172,0.0262,0.0369,0.2027,70,90,30,2
102,0.3427,0.0725,0.003,0.2306,0.0131,0.3382,80,80,32,1
103,0.2412,0.1117,0.0184,0.0409,0.1504,0.4374,160,140,45,1
104,0.3644,0.1523,0.0456,0.0777,0.223,0.1369,70,130,30,2
105,0.3697,0.0785,0.0693,0.092,0.0561,0.3344,60,90,26,2
106,0.3834,0.0557,0.1423,0.2379,0.0046,0.176,80,170,25,2
107,0.4053,0.0996,0.0213,0.0464,0.2569,0.1705,110,160,32,2
108,0.2957,0.0636,0.0363,0.0102,0.385,0.2092,90,70,30,2
109,0.2762,0.0779,0.1034,0.1348,0.1667,0.241,130,250,32,1
110,0.2976,0.08,0.0755,0.0414,0.2213,0.2842,90,120,32,2
111,0.4156,0.0691,0.0,0.0154,0.2691,0.2308,90,110,25,2
112,0.3124,0.0574,0.1856,0.1422,0.0807,0.2217,90,90,29,1
113,0.431,0.2278,0.0049,0.1296,0.0271,0.1797,70,40,24,2
114,0.3437,0.0684,0.2395,0.0664,0.1597,0.1223,130,180,57,1
115,0.4042,0.0545,0.2728,0.0741,0.028,0.1665,90,100,34,2
116,0.4542,0.1594,0.0613,0.0578,0.0222,0.245,60,100,27,1
117,0.3216,0.0812,0.0863,0.0807,0.1601,0.2701,70,90,33,2
118,0.5014,0.1507,0.1169,0.0,0.1151,0.116,50,110,30,2
119,0.2488,0.0487,0.3933,0.153,0.0476,0.1085,110,160,50,1
120,0.4533,0.1632,0.0453,0.0,0.0503,0.2879,70,120,42,1
121,0.2205,0.0339,0.2002,0.0287,0.0508,0.4659,160,320,35,1
122,0.2249,0.0955,0.1613,0.1783,0.206,0.1342,70,120,30,2
123,0.3389,0.146,0.0616,0.1115,0.1062,0.2357,90,100,27,1
124,0.4056,0.1756,0.083,0.207,0.04,0.0888,50,60,21,1
125,0.398,0.026,0.0623,0.0943,0.0111,0.4084,60,100,19,1
126,0.601,0.0702,0.0054,0.0,0.0521,0.2713,40,60,37,1
127,0.3364,0.0587,0.1744,0.0635,0.0821,0.285,70,100,31,2
128,0.3838,0.2053,0.1345,0.0,0.0165,0.2598,50,80,31,1
129,0.3929,0.1633,0.0493,0.0582,0.1531,0.1832,70,140,28,1
130,0.4722,0.0549,0.0579,0.0483,0.1561,0.2106,70,170,21,1
131,0.3017,0.1462,0.0545,0.0988,0.019,0.3799,80,160,41,1
132,0.378,0.0671,0.2106,0.1356,0.0224,0.1863,80,100,28,2
133,0.3477,0.1874,0.1114,0.1163,0.0973,0.14,70,100,32,2
134,0.3629,0.1274,0.1848,0.0999,0.0364,0.1886,80,90,24,2
135,0.4101,0.0921,0.194,0.0221,0.1984,0.0833,100,100,39,2
136,0.3658,0.0879,0.0842,0.0665,0.157,0.2386,80,100,49,1
137,0.3106,0.0993,0.1344,0.1294,0.066,0.2604,110,110,42,2
138,0.4269,0.0737,0.1353,0.1055,0.1154,0.1431,150,180,42,2
139,0.5405,0.1061,0.1261,0.0298,0.0841,0.1134,90,120,25,2
140,0.3847,0.0398,0.0825,0.166,0.0162,0.3108,70,130,29,2
141,0.391,0.0315,0.1731,0.0709,0.1433,0.1902,100,130,45,2
142,0.3065,0.0532,0.114,0.0,0.4263,0.1001,150,140,53,2
143,0.4999,0.1236,0.0985,0.0,0.0943,0.1837,70,130,36,1
144,0.3992,0.0325,0.0447,0.2527,0.012,0.2588,60,90,52,1
145,0.2944,0.0945,0.0167,0.0755,0.1769,0.3421,100,170,31,2
146,0.4522,0.0981,0.144,0.0,0.0418,0.2638,70,80,53,2
147,0.2772,0.1126,0.2382,0.0639,0.0237,0.2843,50,160,27,1
148,0.3962,0.1057,0.0126,0.2099,0.0424,0.2332,70,170,33,2
149,0.261,0.1012,0.1297,0.0923,0.0906,0.3252,130,130,49,1
150,0.2807,0.0614,0.3082,0.0148,0.1399,0.195,90,190,33,2
151,0.4399,0.1655,0.0,0.0868,0.1068,0.2011,70,240,38,1
152,0.1945,0.0893,0.0452,0.1071,0.1136,0.4504,100,200,41,1
153,0.5701,0.1619,0.0004,0.0023,0.1338,0.1315,60,130,34,2
154,0.4398,0.074,0.0134,0.0,0.1349,0.3379,80,140,36,2
155,0.359,0.0369,0.1747,0.0771,0.1848,0.1674,230,230,47,1
156,0.3636,0.0437,0.0319,0.1559,0.1618,0.2431,90,130,25,2
157,0.5982,0.1397,0.1465,0.0365,0.0235,0.0556,60,120,35,2
158,0.1851,0.0695,0.0317,0.0678,0.1135,0.5324,90,110,41,1
159,0.323,0.0847,0.011,0.1004,0.2948,0.1861,80,140,26,1
160,0.5488,0.1076,0.0,0.0,0.0885,0.2551,60,80,32,2
161,0.328,0.1249,0.0981,0.1659,0.0565,0.2265,70,150,38,2
162,0.2709,0.0845,0.0872,0.2678,0.0726,0.2169,70,120,34,1
163,0.2599,0.0995,0.131,0.0,0.1395,0.3701,130,260,48,2
164,0.3497,0.0754,0.1583,0.0541,0.1518,0.2106,60,80,24,1
165,0.3484,0.0965,0.0371,0.1964,0.0173,0.3043,110,280,32,2
166,0.3238,0.0873,0.1875,0.059,0.0994,0.243,120,120,36,2
167,0.4954,0.1153,0.0645,0.1871,0.0431,0.0947,120,100,40,2
168,0.4322,0.1055,0.1037,0.0757,0.1934,0.0895,80,120,31,2
169,0.2263,0.0817,0.0639,0.1365,0.3032,0.1884,150,160,33,2
170,0.3794,0.1053,0.1647,0.0809,0.0996,0.1702,130,170,33,1
171,0.4905,0.1009,0.0952,0.0076,0.0457,0.2602,70,100,40,2
172,0.4193,0.077,0.1739,0.0269,0.1293,0.1736,90,160,37,2
173,0.3539,0.1611,0.0714,0.0013,0.162,0.2503,100,150,48,2
174,0.2525,0.0876,0.0717,0.0951,0.1921,0.3009,80,120,41,1
175,0.3542,0.026,0.2046,0.0106,0.0219,0.3827,100,80,55,2
176,0.4954,0.0395,0.0499,0.0472,0.1516,0.2164,170,290,31,2
177,0.2534,0.1677,0.026,0.1609,0.056,0.3359,100,230,37,2
178,0.4168,0.1281,0.097,0.012,0.0061,0.34,80,110,37,2
179,0.2711,0.0531,0.0599,0.244,0.1121,0.2598,80,90,24,1
180,0.3652,0.1704,0.0806,0.0,0.1362,0.2476,80,130,34,2
181,0.2524,0.3335,0.0861,0.0097,0.1072,0.2112,180,280,40,2
182,0.3118,0.0469,0.1077,0.0068,0.3952,0.1315,220,220,33,1
183,0.5008,0.0804,0.1823,0.0896,0.0545,0.0925,80,120,47,2
184,0.3932,0.1361,0.1086,0.0973,0.0628,0.2019,110,190,43,2
185,0.4222,0.1058,0.0883,0.0,0.1992,0.1845,90,140,26,2
186,0.2935,0.0498,0.051,0.0261,0.3964,0.1832,110,120,36,2
187,0.2829,0.0586,0.1519,0.1148,0.1058,0.2859,120,120,35,2
188,0.3064,0.2128,0.0398,0.1372,0.1754,0.1283,170,170,35,1
189,0.3179,0.1526,0.1463,0.0,0.0218,0.3613,60,80,37,2
190,0.3115,0.3907,0.0,0.0315,0.0,0.2663,50,220,34,1
191,0.349,0.134,0.0155,0.0544,0.2982,0.1489,60,110,26,1
192,0.2732,0.123,0.078,0.0261,0.351,0.1487,130,150,34,2
193,0.2379,0.1176,0.1368,0.0753,0.1529,0.2795,90,130,30,2
194,0.2649,0.0982,0.2587,0.0318,0.0656,0.2808,140,100,37,2
195,0.4293,0.092,0.003,0.1244,0.1577,0.1935,70,120,28,2
196,0.6198,0.0679,0.1253,0.0,0.0,0.187,90,80,31,2
197,0.2304,0.0315,0.3148,0.1431,0.1051,0.1751,190,160,52,1
198,0.3047,0.0666,0.0033,0.0528,0.1569,0.4157,50,110,33,2
199,0.3369,0.0847,0.0252,0.0,0.0103,0.5429,80,120,36,2
200,0.4712,0.1725,0.0509,0.0661,0.0801,0.1591,70,130,33,2
201,0.3133,0.1498,0.0621,0.1012,0.14,0.2336,90,120,33,2
202,0.4675,0.0961,0.0109,0.0878,0.0158,0.3218,80,110,40,2
203,0.4443,0.0907,0.0205,0.131,0.0736,0.2399,80,140,30,1
204,0.2289,0.1062,0.0932,0.1035,0.2401,0.2281,80,140,33,2
205,0.5017,0.0843,0.0738,0.1323,0.1256,0.0823,70,110,25,2
206,0.2027,0.0526,0.1237,0.0259,0.1495,0.4455,190,200,41,1
207,0.3768,0.1477,0.0,0.0062,0.1526,0.3167,50,120,33,1
208,0.3379,0.0611,0.0245,0.0336,0.1568,0.386,60,100,28,1
209,0.3324,0.0479,0.0136,0.1424,0.1215,0.3422,110,160,35,2
210,0.1835,0.0849,0.0517,0.0297,0.0785,0.5717,150,140,35,2
211,0.2276,0.0868,0.0173,0.0806,0.4713,0.1163,90,110,26,1
212,0.2553,0.1555,0.2086,0.0928,0.0692,0.2186,100,220,37,2
213,0.4138,0.1335,0.0991,0.0302,0.0126,0.3107,60,80,31,2
214,0.328,0.0726,0.0264,0.0316,0.0765,0.4648,110,120,37,2
215,0.2864,0.1532,0.1863,0.0425,0.1564,0.1752,80,120,37,2
216,0.3427,0.0732,0.0129,0.2666,0.0003,0.3043,140,120,41,2
217,0.2955,0.0898,0.0247,0.1761,0.1408,0.2729,100,100,30,1
218,0.338,0.0772,0.0751,0.159,0.0848,0.2659,120,130,34,2
219,0.4854,0.1069,0.1545,0.047,0.0147,0.1915,70,80,30,2
220,0.1651,0.0658,0.0447,0.0367,0.6134,0.0744,120,120,33,1
221,0.4313,0.1545,0.057,0.0,0.0579,0.2993,50,90,28,1
222,0.5303,0.1495,0.0233,0.0241,0.0402,0.2326,60,280,33,2
223,0.3351,0.0649,0.2344,0.0113,0.1192,0.2351,90,120,30,2
224,0.4342,0.1,0.2543,0.0072,0.0646,0.1397,100,180,48,2
225,0.4325,0.1712,0.0054,0.0615,0.0,0.3293,60,190,29,1
226,0.1622,0.0909,0.259,0.0157,0.3182,0.154,110,120,32,2
227,0.3918,0.0872,0.0888,0.0416,0.2383,0.1523,70,110,27,1
228,0.2994,0.2069,0.0076,0.0405,0.1488,0.2969,60,150,24,1
229,0.3198,0.0459,0.0,0.1318,0.1477,0.3547,120,140,30,1
230,0.2924,0.0871,0.1498,0.0343,0.2473,0.1891,160,160,41,2
231,0.3762,0.0819,0.1533,0.0179,0.0665,0.3043,70,120,48,2
232,0.3412,0.1531,0.0369,0.0167,0.2184,0.2337,60,100,31,1
233,0.481,0.0789,0.1174,0.0129,0.0914,0.2184,100,160,55,1
234,0.5358,0.0531,0.0935,0.0361,0.0,0.2815,60,160,30,2
235,0.3227,0.1036,0.0128,0.1774,0.2076,0.176,90,80,27,2
236,0.4738,0.1659,0.0,0.0,0.254,0.1063,40,90,43,1
237,0.3529,0.0671,0.1243,0.0461,0.0,0.4096,60,90,35,2
238,0.4066,0.1631,0.0673,0.0034,0.1327,0.2268,70,150,37,2
239,0.1704,0.0329,0.2385,0.2147,0.1154,0.2282,190,130,25,2
240,0.5611,0.1583,0.0,0.0997,0.0131,0.1677,40,80,50,1
241,0.4024,0.0943,0.009,0.1366,0.1719,0.1857,70,100,39,1
242,0.3764,0.0503,0.0612,0.1369,0.1459,0.2292,100,90,44,2
243,0.2423,0.0644,0.0395,0.013,0.4396,0.2012,110,110,41,2
244,0.4081,0.0536,0.1426,0.1239,0.0668,0.2049,130,180,30,2
245,0.388,0.1112,0.1055,0.1044,0.1177,0.1731,70,120,34,2
246,0.3655,0.1129,0.1012,0.0,0.2681,0.1523,110,190,33,1
247,0.3862,0.065,0.2756,0.0164,0.1139,0.1429,110,100,39,1
248,0.2942,0.0688,0.055,0.1632,0.2485,0.1703,80,150,43,1
249,0.4118,0.1429,0.0542,0.0814,0.1215,0.1882,60,80,43,1
250,0.1976,0.1641,0.1584,0.0289,0.3735,0.0774,80,110,34,1
251,0.2167,0.1373,0.1196,0.0142,0.2133,0.299,100,140,38,1
252,0.1803,0.0719,0.1759,0.0147,0.039,0.5182,150,140,43,2
253,0.6184,0.1244,0.0,0.1029,0.0063,0.148,70,90,29,1
254,0.2957,0.101,0.0483,0.0202,0.2939,0.241,150,140,32,2
255,0.3868,0.0503,0.1092,0.2126,0.094,0.147,90,180,44,1
256,0.3422,0.1082,0.0317,0.0,0.3031,0.2149,70,140,31,2
257,0.4151,0.0506,0.0253,0.0657,0.1454,0.2979,90,100,37,2
258,0.2723,0.0925,0.12,0.1573,0.1401,0.2178,100,150,35,2
259,0.2055,0.0973,0.0497,0.0684,0.4239,0.1552,160,180,30,1
260,0.1528,0.4347,0.003,0.0264,0.0471,0.336,150,260,27,2
261,0.2608,0.0395,0.2278,0.0095,0.0611,0.4013,100,100,24,2
262,0.3067,0.0856,0.1715,0.0347,0.0817,0.3197,120,160,31,2
263,0.2899,0.2136,0.0787,0.0213,0.1054,0.291,60,100,24,1
264,0.5925,0.1267,0.0,0.1024,0.0,0.1784,40,60,49,2
265,0.3692,0.0782,0.0805,0.0602,0.1312,0.2807,80,160,28,1
266,0.246,0.0834,0.1438,0.0663,0.16,0.3005,100,140,37,1
267,0.3976,0.1932,0.0992,0.0,0.1134,0.1966,80,100,40,2
268,0.3399,0.0954,0.1458,0.0907,0.0979,0.2302,90,160,25,2
269,0.2668,0.1005,0.0451,0.0461,0.2821,0.2594,110,130,43,1
270,0.5079,0.1006,0.0791,0.0581,0.1504,0.104,70,110,31,2
271,0.3389,0.1148,0.0769,0.136,0.1368,0.1967,90,100,36,2
272,0.3986,0.2007,0.0,0.0,0.2188,0.1818,50,100,22,2
273,0.3601,0.0597,0.0861,0.0078,0.0866,0.3997,120,180,37,1
274,0.4083,0.0972,0.0032,0.0742,0.1195,0.2977,80,180,42,1
275,0.3177,0.1257,0.1735,0.0,0.2212,0.1619,70,100,37,2
276,0.2243,0.0904,0.0907,0.0333,0.13,0.4314,150,170,51,2
277,0.589,0.0813,0.04,0.0079,0.0992,0.1824,100,170,39,2
278,0.3631,0.1877,0.1325,0.0622,0.1362,0.1184,70,130,38,2
279,0.3653,0.1436,0.0332,0.142,0.1209,0.195,60,120,36,1
280,0.266,0.0889,0.0839,0.0067,0.0493,0.5052,130,140,34,2
281,0.2549,0.0877,0.1406,0.2351,0.0533,0.2285,190,290,38,2
282,0.4558,0.0537,0.2199,0.016,0.0716,0.1832,90,120,44,2
283,0.2926,0.0668,0.1409,0.1132,0.1111,0.2754,100,150,29,1
284,0.3027,0.109,0.0365,0.0363,0.2497,0.2658,90,120,41,2
285,0.3956,0.1256,0.0499,0.0,0.2474,0.1816,70,90,41,1
286,0.43,0.1299,0.254,0.0025,0.0054,0.1782,70,90,32,2
287,0.3398,0.1439,0.0054,0.02,0.2983,0.1927,60,100,29,1
288,0.323,0.0907,0.0459,0.0782,0.3213,0.1409,60,100,30,1
289,0.3591,0.0752,0.2309,0.092,0.1467,0.096,110,170,35,2
290,0.5934,0.0855,0.0039,0.0251,0.1019,0.1902,70,90,54,1
291,0.3603,0.1902,0.0558,0.0,0.1802,0.2135,60,110,25,1
292,0.3594,0.0701,0.0306,0.1736,0.1378,0.2285,120,190,43,1
293,0.3454,0.1214,0.0241,0.0,0.1167,0.3924,90,30,37,2
294,0.3599,0.0929,0.0074,0.1086,0.0813,0.35,70,90,40,1
295,0.4153,0.1522,0.0247,0.0,0.1406,0.2672,80,120,30,2
296,0.3472,0.1304,0.0255,0.0,0.0615,0.4354,70,100,35,1
297,0.4277,0.108,0.0739,0.0,0.1432,0.2471,50,90,25,2
298,0.5257,0.0678,0.0278,0.0587,0.2009,0.1192,80,140,57,2
299,0.3569,0.0837,0.1066,0.1212,0.0913,0.2402,90,80,32,2
300,0.579,0.0357,0.0036,0.2092,0.0686,0.1039,80,70,53,1
301,0.3392,0.0442,0.2119,0.1259,0.0937,0.185,100,120,27,2
302,0.2691,0.138,0.1293,0.0304,0.0839,0.3493,90,100,31,2
303,0.4022,0.0866,0.1089,0.0884,0.1749,0.1389,100,110,40,1
304,0.4398,0.0835,0.0316,0.0,0.0408,0.4043,100,110,55,1
305,0.3427,0.0962,0.0332,0.1488,0.087,0.2922,100,140,36,2
306,0.3085,0.1018,0.0735,0.0282,0.1982,0.2899,80,130,32,1
307,0.3808,0.1821,0.171,0.0775,0.0115,0.1772,60,70,33,2
308,0.1811,0.1137,0.0957,0.0231,0.5096,0.0768,110,130,38,1
309,0.1105,0.1295,0.2256,0.0696,0.1763,0.2885,70,130,31,1
310,0.2841,0.0699,0.1929,0.0206,0.1363,0.2962,130,160,35,1
311,0.2443,0.1289,0.031,0.0603,0.308,0.2274,50,60,32,1
312,0.3611,0.1299,0.0058,0.0275,0.2563,0.2194,100,180,42,2
313,0.1965,0.192,0.099,0.1915,0.1103,0.2109,90,30,34,1
314,0.4904,0.0504,0.0215,0.0266,0.2576,0.1534,60,130,36,2
315,0.0652,0.0225,0.067,0.0456,0.1165,0.6833,290,170,32,1
316,0.2948,0.249,0.0185,0.0,0.2608,0.1769,50,100,28,1
317,0.332,0.039,0.008,0.1475,0.1339,0.3397,190,510,35,1
318,0.443,0.1747,0.1803,0.0133,0.0482,0.1407,60,130,44,2
319,0.4557,0.2511,0.089,0.0352,0.0453,0.1238,50,70,28,1
320,0.4041,0.0816,0.0624,0.1057,0.1684,0.1777,50,90,38,2
321,0.3828,0.112,0.0039,0.0945,0.0697,0.3371,60,80,32,2
322,0.4461,0.1041,0.0931,0.0,0.0092,0.3475,110,100,32,2
323,0.3396,0.0547,0.2183,0.0483,0.1624,0.1767,80,90,27,2
324,0.3824,0.0927,0.0143,0.1223,0.201,0.1873,70,80,35,2
325,0.3482,0.1161,0.0345,0.0412,0.3479,0.1121,140,150,32,2
326,0.4756,0.1928,0.0671,0.0575,0.0,0.2069,50,120,29,1
327,0.3522,0.0436,0.3472,0.0364,0.0634,0.1573,120,130,50,2
328,0.3152,0.1649,0.1578,0.0873,0.082,0.1928,50,60,37,1
329,0.3531,0.04,0.2345,0.1798,0.0209,0.1717,80,90,34,2
330,0.3299,0.1241,0.1626,0.0475,0.1339,0.2021,90,130,27,1
331,0.3935,0.1028,0.0958,0.0373,0.2484,0.1222,90,110,45,1
332,0.2736,0.0835,0.2317,0.0648,0.1329,0.2135,60,60,28,1
333,0.3898,0.152,0.0051,0.0248,0.2103,0.2179,60,110,30,2
334,0.3488,0.0859,0.0097,0.1823,0.157,0.2163,90,190,55,1
335,0.5098,0.163,0.105,0.0,0.0354,0.1868,50,100,26,2
336,0.594,0.1085,0.0076,0.0759,0.0582,0.1559,90,120,45,2
337,0.4356,0.1564,0.0,0.0,0.0771,0.3308,40,90,30,2
338,0.4385,0.1181,0.0503,0.0521,0.1039,0.2371,50,70,24,2
339,0.2708,0.1246,0.1922,0.0716,0.1028,0.2379,70,100,30,2
340,0.3593,0.1177,0.1527,0.063,0.1721,0.1351,100,170,41,2
341,0.3326,0.2484,0.0946,0.0,0.0103,0.314,50,140,26,2
342,0.3677,0.0398,0.3358,0.0996,0.0231,0.134,90,130,38,1
343,0.4268,0.0808,0.041,0.0249,0.1603,0.2662,70,70,30,2
344,0.3489,0.1054,0.0501,0.023,0.145,0.3276,110,190,54,2
345,0.2919,0.1137,0.3022,0.0,0.1367,0.1554,120,310,39,2
346,0.3352,0.1359,0.2068,0.0529,0.1094,0.1598,70,120,31,1
347,0.2928,0.0792,0.2739,0.0856,0.1455,0.123,80,100,25,1
348,0.3324,0.0764,0.1492,0.0592,0.1056,0.2773,110,110,57,1
349,0.423,0.1269,0.127,0.0652,0.0005,0.2574,70,60,25,1
350,0.4254,0.069,0.1206,0.1247,0.007,0.2533,110,340,39,2
351,0.3877,0.1186,0.0407,0.0,0.1945,0.2585,70,110,41,1
352,0.329,0.1175,0.0987,0.0,0.0,0.4548,60,80,26,2
353,0.482,0.0718,0.098,0.0222,0.1714,0.1547,80,150,49,2
354,0.1496,0.2601,0.2278,0.0187,0.0717,0.272,60,120,36,2
355,0.2524,0.063,0.4057,0.0,0.1166,0.1623,160,150,54,2
356,0.4303,0.1031,0.0283,0.0586,0.141,0.2387,70,110,33,1
357,0.3269,0.0562,0.2279,0.1548,0.0978,0.1364,90,130,33,1
358,0.2305,0.0348,0.0022,0.1654,0.1002,0.4668,110,160,56,1
359,0.5143,0.0459,0.0021,0.0472,0.0113,0.3792,50,80,30,2
360,0.485,0.0551,0.1774,0.0857,0.0552,0.1416,90,100,22,1
361,0.4371,0.0262,0.0897,0.1718,0.0369,0.2383,70,140,20,1
362,0.2861,0.2675,0.1733,0.0,0.127,0.1461,70,70,57,1
363,0.4239,0.04,0.0281,0.0,0.1684,0.3396,70,100,25,1
364,0.1944,0.0878,0.0785,0.0176,0.4701,0.1516,110,120,36,2
365,0.3101,0.1136,0.0264,0.1229,0.0498,0.3772,80,100,40,2
366,0.491,0.1059,0.0816,0.0491,0.0497,0.2226,80,100,29,1
367,0.2305,0.1478,0.1732,0.0,0.09,0.3584,80,120,34,2
368,0.5644,0.0645,0.2212,0.0,0.0038,0.1462,80,60,22,1
369,0.2951,0.1391,0.1285,0.0312,0.1319,0.2741,100,160,44,1
370,0.5477,0.1168,0.0,0.0718,0.1289,0.1348,50,140,60,1
371,0.2691,0.067,0.1788,0.0,0.2111,0.2741,50,90,35,1
372,0.2352,0.0429,0.334,0.0074,0.2293,0.1512,120,180,36,1
373,0.5765,0.1224,0.0401,0.0773,0.0512,0.1325,70,320,40,2
374,0.1386,0.0498,0.0196,0.0348,0.5481,0.209,190,160,32,1
375,0.4069,0.0752,0.1217,0.0449,0.1411,0.2101,100,130,38,2
376,0.5294,0.0657,0.1516,0.0349,0.1656,0.0528,100,90,33,2
377,0.4601,0.1195,0.0105,0.1466,0.0653,0.1981,70,100,45,1
378,0.554,0.1042,0.0556,0.027,0.1085,0.1507,40,120,25,1
379,0.2694,0.0569,0.1451,0.1778,0.0745,0.2763,150,130,34,2
380,0.5394,0.1077,0.0482,0.0038,0.0738,0.2271,60,100,40,2
381,0.5044,0.1047,0.0395,0.0928,0.0442,0.2143,50,90,36,1
382,0.4057,0.1036,0.0693,0.1173,0.1715,0.1326,60,80,22,1
383,0.1686,0.042,0.0069,0.0191,0.6373,0.126,80,100,35,1
384,0.3623,0.103,0.0856,0.1369,0.1345,0.1778,90,150,25,1
385,0.353,0.0745,0.1761,0.0209,0.1199,0.2555,100,130,34,2
386,0.2026,0.0401,0.1004,0.0152,0.5392,0.1024,250,150,35,2
387,0.3108,0.0732,0.2709,0.0606,0.1354,0.1491,100,180,42,2
388,0.3707,0.1461,0.1397,0.0111,0.1303,0.2021,70,250,34,1
389,0.1683,0.1548,0.0804,0.0,0.2175,0.379,70,200,41,2
390,0.2466,0.094,0.1061,0.0656,0.2011,0.2867,70,110,38,2
391,0.1925,0.082,0.2733,0.0285,0.1814,0.2422,150,180,35,2
392,0.3583,0.1455,0.2905,0.0099,0.0027,0.1929,80,160,39,1
393,0.3359,0.0597,0.2035,0.1983,0.0,0.2026,80,100,35,2
394,0.4535,0.0245,0.1251,0.0469,0.0519,0.298,90,80,40,2
395,0.4845,0.0587,0.1241,0.0202,0.0822,0.2304,110,170,42,2
396,0.4577,0.0791,0.0981,0.0,0.1133,0.2518,50,30,53,1
397,0.4242,0.1019,0.0085,0.0652,0.056,0.3441,50,100,24,1
398,0.2974,0.1075,0.1777,0.0656,0.1171,0.2347,90,100,30,2
399,0.2908,0.0543,0.164,0.0477,0.1871,0.2561,110,110,27,1
400,0.4308,0.118,0.0,0.0067,0.1853,0.2591,50,90,54,2
401,0.2635,0.0748,0.1037,0.1538,0.1111,0.293,90,130,40,2
402,0.2914,0.0648,0.0275,0.0737,0.1276,0.415,130,150,36,2
403,0.3219,0.1062,0.0308,0.019,0.2595,0.2627,80,120,35,2
404,0.3179,0.0718,0.0495,0.0212,0.0916,0.448,110,170,44,2
405,0.3658,0.0803,0.0879,0.1178,0.1667,0.1815,60,140,60,1
406,0.4193,0.1095,0.0436,0.04,0.0548,0.3327,90,140,28,2
407,0.3322,0.1124,0.2345,0.0305,0.1068,0.1836,110,130,39,2
408,0.2755,0.1272,0.2118,0.0,0.2717,0.1137,70,110,48,1
409,0.3995,0.0717,0.1671,0.1148,0.044,0.2029,100,100,38,2
410,0.4412,0.0919,0.043,0.039,0.1124,0.2725,80,120,38,2
411,0.2167,0.1859,0.0,0.0537,0.0163,0.5274,90,210,42,2
412,0.468,0.1191,0.0094,0.0244,0.0838,0.2953,100,90,44,2
413,0.4914,0.057,0.0899,0.0586,0.106,0.1971,80,90,53,2
414,0.3053,0.0784,0.1994,0.02,0.2844,0.1125,70,60,30,2
415,0.323,0.0891,0.0878,0.1258,0.0912,0.2831,100,120,30,2
416,0.4124,0.1031,0.01,0.0154,0.0302,0.4288,70,110,34,2
417,0.4983,0.1102,0.0035,0.068,0.1687,0.1513,60,80,57,1
418,0.486,0.0638,0.032,0.0,0.0832,0.3351,70,90,59,2
419,0.2906,0.0495,0.1326,0.0848,0.2262,0.2163,80,150,36,1
420,0.3834,0.0873,0.0131,0.1287,0.0993,0.2882,80,130,42,1
421,0.4949,0.244,0.0744,0.0,0.0375,0.1493,60,90,32,1
422,0.3092,0.1219,0.0705,0.0,0.1003,0.3982,50,110,36,1
423,0.3324,0.0561,0.1424,0.0686,0.0786,0.322,100,130,20,2
424,0.2919,0.0604,0.2661,0.1162,0.0487,0.2168,120,160,38,1
425,0.395,0.0382,0.1269,0.0719,0.2244,0.1437,120,160,34,2
426,0.4426,0.1362,0.0039,0.0475,0.1647,0.2052,70,110,32,2
427,0.3548,0.0544,0.1201,0.165,0.1774,0.1284,80,180,42,1
428,0.3749,0.0976,0.0108,0.014,0.0476,0.4552,70,100,37,2
429,0.4992,0.1581,0.0389,0.0208,0.0833,0.1997,50,90,54,1
430,0.4575,0.0466,0.0892,0.0723,0.1297,0.2049,90,100,37,2
431,0.5408,0.0701,0.033,0.0,0.0303,0.3258,50,80,32,1
432,0.4072,0.0795,0.0295,0.0113,0.1649,0.3075,80,60,28,2
433,0.45,0.0563,0.0517,0.0997,0.0319,0.3104,70,160,30,2
434,0.3413,0.0814,0.0498,0.0447,0.1796,0.3032,120,140,39,2
435,0.4418,0.1401,0.0542,0.0,0.1539,0.2099,60,60,41,2
436,0.3266,0.0574,0.069,0.0,0.0263,0.5206,80,70,41,1
437,0.3844,0.087,0.307,0.024,0.0316,0.1659,130,170,38,2
438,0.3728,0.1362,0.1726,0.0,0.066,0.2524,70,120,41,1
439,0.251,0.0555,0.1367,0.2106,0.0946,0.2517,70,120,25,1
440,0.2315,0.0355,0.1939,0.0,0.1599,0.3792,70,110,46,1
441,0.3956,0.031,0.1939,0.0,0.0565,0.323,80,100,39,2
442,0.4211,0.1082,0.0145,0.0256,0.0982,0.3323,140,220,35,2
443,0.2742,0.1893,0.3252,0.0048,0.1306,0.0758,110,80,39,1
444,0.1889,0.0439,0.0241,0.0216,0.0817,0.6398,140,120,28,2
445,0.4803,0.143,0.055,0.0057,0.1561,0.1598,60,110,31,2
446,0.5072,0.1064,0.0287,0.0374,0.1665,0.1538,50,110,34,2
447,0.4627,0.0973,0.0651,0.099,0.155,0.1209,80,160,34,2
448,0.1869,0.3529,0.0393,0.0,0.0,0.4209,130,1110,50,1
449,0.1194,0.0608,0.1118,0.0506,0.0097,0.6477,270,300,41,1
450,0.478,0.1081,0.0328,0.0067,0.1616,0.2129,80,120,35,2
451,0.2401,0.0341,0.137,0.2277,0.1966,0.1645,110,130,33,1
452,0.3369,0.0719,0.2926,0.0342,0.1557,0.1087,120,120,37,2
453,0.3611,0.0947,0.1177,0.0879,0.1673,0.1712,110,150,43,1
454,0.402,0.1054,0.0234,0.0292,0.196,0.244,80,90,27,1
455,0.3111,0.081,0.066,0.2067,0.0444,0.2908,80,190,55,1
456,0.2689,0.0789,0.2948,0.0,0.1036,0.2538,100,80,60,1
457,0.1158,0.0443,0.1543,0.0213,0.1239,0.5404,200,90,25,1
458,0.2544,0.0347,0.3283,0.1237,0.0758,0.183,150,170,49,2
459,0.4369,0.0967,0.0,0.0861,0.096,0.2844,70,20,37,2
460,0.5553,0.0574,0.0544,0.0524,0.047,0.2335,60,120,24,1
461,0.1507,0.0108,0.0075,0.1291,0.0005,0.7014,190,130,38,2
462,0.4968,0.2057,0.0,0.0,0.1193,0.1782,60,110,38,1
463,0.2693,0.0855,0.301,0.006,0.1331,0.205,150,170,40,2
464,0.3363,0.0443,0.0116,0.3529,0.0005,0.2544,80,100,28,1
465,0.3686,0.1166,0.0114,0.0989,0.1322,0.2722,90,140,34,2
466,0.3259,0.053,0.4293,0.0,0.1093,0.0825,120,120,42,2
467,0.2673,0.0839,0.3883,0.0121,0.092,0.1565,120,140,38,2
468,0.5679,0.0537,0.0553,0.0578,0.1283,0.1369,70,140,38,2
469,0.4209,0.163,0.0217,0.1886,0.0,0.2058,70,130,24,2
470,0.5027,0.0639,0.0527,0.1243,0.0,0.2564,80,100,24,1
471,0.3872,0.2184,0.1686,0.0,0.0,0.2258,100,220,39,1
472,0.3768,0.0782,0.0272,0.0257,0.2431,0.2491,80,160,36,2
473,0.2204,0.0294,0.22,0.167,0.1024,0.2609,160,80,27,1
474,0.3434,0.1136,0.1388,0.0,0.2351,0.1691,90,140,39,2
475,0.5174,0.1031,0.1021,0.0058,0.1176,0.154,70,130,46,2
476,0.2853,0.0512,0.2824,0.0774,0.0818,0.2219,230,240,36,2
477,0.3139,0.2257,0.0189,0.0,0.2113,0.2302,60,120,35,1
478,0.2914,0.1136,0.1566,0.0046,0.262,0.1718,120,190,37,2
479,0.5166,0.0419,0.1158,0.0886,0.1176,0.1195,80,160,30,2
480,0.3948,0.1452,0.0946,0.0956,0.1654,0.1043,80,110,29,2
481,0.4704,0.0514,0.1186,0.0397,0.0317,0.2882,120,260,45,2
482,0.122,0.0174,0.0605,0.0517,0.6046,0.1438,320,180,45,1
483,0.2495,0.0746,0.0102,0.0,0.4754,0.1903,100,110,27,2
484,0.3548,0.0638,0.0345,0.0414,0.0945,0.411,110,120,39,2
485,0.1882,0.0461,0.0731,0.0263,0.0492,0.6172,190,280,40,1
486,0.3021,0.0605,0.2002,0.1224,0.0974,0.2174,130,200,40,2
487,0.4626,0.1478,0.0853,0.092,0.0,0.2123,60,130,33,2
488,0.2478,0.0467,0.2052,0.0504,0.115,0.3349,150,170,37,2
489,0.306,0.0989,0.1642,0.0119,0.1302,0.2889,90,110,34,2
490,0.3053,0.0762,0.0418,0.0469,0.0186,0.5112,120,120,39,2
491,0.5723,0.1536,0.0051,0.0,0.1055,0.1636,50,100,30,1
492,0.2924,0.0559,0.0617,0.0703,0.0922,0.4274,130,150,32,2
493,0.5411,0.116,0.0052,0.0,0.0966,0.2411,50,90,37,1
494,0.5003,0.137,0.0117,0.027,0.1422,0.1818,60,100,40,2
495,0.5119,0.1265,0.1409,0.0,0.0328,0.188,50,40,30,2
496,0.3864,0.0992,0.0355,0.0139,0.3017,0.1634,80,180,42,2
497,0.2975,0.0707,0.2354,0.0845,0.0622,0.2498,100,160,26,1
498,0.2979,0.0914,0.012,0.0748,0.3799,0.144,80,130,37,1
499,0.3723,0.0501,0.0202,0.0208,0.3276,0.2089,70,80,38,2
500,0.4346,0.0486,0.0727,0.0682,0.1401,0.2358,70,90,35,2
501,0.4123,0.2445,0.0219,0.022,0.1906,0.1087,70,120,36,2
502,0.5025,0.1775,0.0069,0.018,0.008,0.2871,60,90,39,2
503,0.3488,0.1691,0.1284,0.0319,0.0517,0.2701,70,90,29,2
504,0.423,0.1695,0.004,0.0715,0.0549,0.2771,90,140,42,2
505,0.2453,0.0214,0.0017,0.0391,0.4638,0.2288,90,120,38,2
506,0.271,0.1084,0.3018,0.0265,0.1534,0.1388,150,150,32,2
507,0.3454,0.0384,0.0645,0.0255,0.3133,0.2128,110,190,39,2
508,0.4243,0.0868,0.0681,0.0299,0.1063,0.2847,90,90,25,2
509,0.3669,0.1116,0.1285,0.0,0.1559,0.2372,110,140,57,2
510,0.423,0.0298,0.0886,0.0388,0.2565,0.1633,160,120,46,2
511,0.2693,0.0795,0.2214,0.0517,0.0239,0.3542,110,120,21,1
512,0.499,0.1483,0.0338,0.029,0.116,0.1739,70,100,39,2
513,0.3841,0.1508,0.1649,0.036,0.1091,0.1552,80,130,35,1
514,0.4171,0.1417,0.1013,0.0155,0.0349,0.2894,60,70,26,1
515,0.2488,0.0541,0.0494,0.0389,0.211,0.3978,100,110,26,1
516,0.2403,0.095,0.2073,0.0166,0.1055,0.3354,80,120,43,1
517,0.2751,0.0178,0.0993,0.2011,0.1034,0.3033,100,90,33,1
518,0.2779,0.066,0.4169,0.0124,0.0979,0.1289,100,140,38,2
519,0.1982,0.0635,0.434,0.0511,0.0095,0.2438,110,150,27,1
520,0.4409,0.2781,0.0,0.0804,0.1149,0.0857,80,60,40,2
521,0.3092,0.0869,0.1194,0.0875,0.1515,0.2455,100,140,40,2
522,0.3849,0.1596,0.1113,0.1006,0.062,0.1816,90,120,27,2
523,0.4089,0.2078,0.1014,0.0029,0.1051,0.1739,80,110,41,2
524,0.513,0.1381,0.0583,0.0,0.0229,0.2677,60,100,28,2
525,0.4494,0.1082,0.1235,0.0283,0.1511,0.1395,80,120,52,1
526,0.3781,0.0219,0.3414,0.0,0.1399,0.1188,120,70,37,2
527,0.3814,0.1186,0.0052,0.0546,0.0795,0.3606,110,140,35,2
528,0.2628,0.1072,0.1332,0.0,0.3017,0.1952,70,120,35,2
529,0.3794,0.143,0.0092,0.0504,0.1368,0.2811,60,100,25,2
530,0.2786,0.086,0.0144,0.173,0.3624,0.0856,90,120,37,2
531,0.4128,0.0993,0.1371,0.0815,0.1396,0.1298,110,190,46,2
532,0.4947,0.0842,0.0157,0.0,0.1611,0.2444,90,140,36,2
533,0.3988,0.1484,0.0631,0.0546,0.0142,0.3209,50,100,28,1
534,0.3904,0.0571,0.1298,0.0744,0.133,0.2153,150,150,47,2
535,0.2431,0.1151,0.0482,0.2649,0.1128,0.2159,90,110,21,1
536,0.3599,0.1322,0.1672,0.0101,0.1364,0.1942,100,130,29,2
537,0.2366,0.0917,0.2472,0.0,0.2968,0.1277,100,30,27,2
538,0.558,0.17,0.0,0.013,0.0194,0.2396,50,80,39,2
539,0.4479,0.0881,0.0857,0.1405,0.1569,0.0809,80,120,27,1
540,0.1859,0.0872,0.1746,0.0222,0.2513,0.2788,140,150,32,2
541,0.4491,0.0876,0.0881,0.0192,0.1629,0.1931,90,70,31,2
542,0.2286,0.0705,0.0314,0.2101,0.1362,0.3232,110,130,30,2
543,0.3614,0.1205,0.0472,0.0863,0.0334,0.3513,80,110,25,2
544,0.2554,0.1206,0.0593,0.1808,0.1217,0.2621,120,90,22,1
545,0.2872,0.0727,0.1313,0.0629,0.2038,0.2421,160,210,33,2
546,0.6098,0.0875,0.0042,0.0503,0.0271,0.2211,50,120,32,1
547,0.387,0.1267,0.0,0.0,0.2216,0.2647,70,80,33,2
548,0.4306,0.1008,0.2277,0.0,0.1528,0.0881,50,110,34,1
549,0.789,0.0644,0.0021,0.0469,0.0481,0.0495,40,110,34,1
550,0.3861,0.2815,0.0023,0.0286,0.1446,0.1568,70,80,28,2
551,0.3178,0.0875,0.0696,0.0132,0.0615,0.4504,100,110,31,2
552,0.1886,0.101,0.3152,0.0444,0.2228,0.1278,120,130,51,1
553,0.4904,0.0944,0.1185,0.007,0.1023,0.1874,90,150,38,2
554,0.355,0.1098,0.1557,0.0067,0.1485,0.2243,90,210,45,1
555,0.4152,0.1457,0.0531,0.0445,0.0087,0.3329,70,110,27,2
556,0.4255,0.1548,0.2338,0.0,0.0,0.1859,60,120,36,2
557,0.4838,0.0694,0.1215,0.0291,0.0753,0.2209,80,110,28,2
558,0.5036,0.0876,0.0536,0.0171,0.1493,0.1889,100,50,40,2
559,0.4598,0.0369,0.2163,0.0,0.1926,0.0944,100,110,34,2
560,0.2682,0.0665,0.1253,0.0261,0.1499,0.3639,140,110,37,2
561,0.3999,0.1028,0.1033,0.0727,0.1512,0.1701,40,120,42,1
562,0.4836,0.0992,0.0277,0.0344,0.2439,0.1111,70,90,26,2
563,0.3255,0.1208,0.1105,0.0123,0.2147,0.2163,80,120,45,1
564,0.2718,0.0669,0.0321,0.0767,0.2431,0.3094,120,170,47,1
565,0.296,0.0578,0.3703,0.026,0.0297,0.2202,210,170,37,2
566,0.6155,0.048,0.0693,0.0,0.0252,0.2421,60,100,33,1
567,0.3499,0.1116,0.1924,0.125,0.0315,0.1895,60,110,29,1
568,0.3228,0.102,0.0048,0.085,0.3108,0.1746,90,100,25,1
569,0.2696,0.0275,0.2136,0.0,0.248,0.2413,130,100,33,2
570,0.4229,0.0933,0.0,0.0163,0.112,0.3556,70,120,49,1
571,0.205,0.0543,0.0134,0.0085,0.3647,0.3542,190,200,29,1
572,0.2685,0.117,0.327,0.0023,0.1105,0.1747,110,140,28,1
573,0.2964,0.2095,0.0079,0.1737,0.0477,0.265,60,80,25,2
574,0.3964,0.0893,0.0906,0.0151,0.2973,0.1114,70,80,34,1
575,0.3855,0.1724,0.0137,0.0023,0.2632,0.1629,100,120,38,1
576,0.4148,0.0956,0.0,0.0,0.2766,0.213,50,110,52,1
577,0.351,0.1531,0.1324,0.0,0.158,0.2055,60,100,40,1
578,0.4774,0.0403,0.2193,0.0,0.0928,0.1703,90,100,39,2
579,0.4735,0.111,0.1358,0.0269,0.0402,0.2126,70,100,28,1
580,0.429,0.1225,0.0574,0.019,0.0798,0.2923,60,160,40,2
581,0.2173,0.0263,0.1613,0.4281,0.0799,0.0871,150,120,40,2
582,0.2683,0.1582,0.0128,0.0,0.2955,0.2651,50,150,34,1
583,0.3426,0.1999,0.1385,0.0048,0.1545,0.1597,60,140,30,2
584,0.4138,0.1498,0.0171,0.1024,0.1276,0.1893,50,80,36,2
585,0.3321,0.0479,0.3181,0.0434,0.0231,0.2354,140,200,38,1
586,0.4021,0.0657,0.0593,0.0754,0.0832,0.3144,90,90,37,2
587,0.3954,0.0613,0.0,0.0071,0.3136,0.2226,70,130,40,2
588,0.3211,0.0815,0.1879,0.027,0.0845,0.298,110,120,37,2
589,0.3646,0.0615,0.2261,0.0379,0.0966,0.2133,90,110,37,2
590,0.5205,0.0773,0.0339,0.0019,0.1528,0.2136,70,100,50,1
591,0.4574,0.1615,0.0659,0.0626,0.0162,0.2363,80,110,31,2
592,0.3998,0.0554,0.0881,0.1335,0.0,0.3233,100,150,34,2
593,0.4474,0.1044,0.0297,0.0,0.2836,0.1349,60,140,34,1
594,0.4123,0.0914,0.0463,0.0423,0.1324,0.2752,90,90,28,2
595,0.3593,0.1533,0.2694,0.0051,0.0481,0.1647,90,80,41,2
596,0.4041,0.1333,0.1568,0.0224,0.0336,0.2499,120,100,37,2
597,0.3242,0.0659,0.0395,0.0428,0.1905,0.3372,90,120,47,2
598,0.4261,0.1423,0.0937,0.0288,0.0,0.309,80,110,41,2
599,0.3571,0.0773,0.1088,0.0364,0.1652,0.2553,110,210,38,1
600,0.3502,0.117,0.0413,0.064,0.1664,0.261,70,140,37,1
601,0.4289,0.0852,0.0539,0.0205,0.2119,0.1996,90,120,31,2
602,0.4743,0.2177,0.0221,0.0094,0.0043,0.2721,70,90,29,1
603,0.3821,0.0979,0.1333,0.0081,0.1051,0.2735,90,140,34,1
604,0.345,0.1342,0.1506,0.0102,0.1826,0.1774,50,70,33,1
605,0.3525,0.0777,0.1911,0.0334,0.0799,0.2656,90,100,32,2
606,0.3297,0.1722,0.0028,0.0597,0.2075,0.2281,60,100,27,2
607,0.3371,0.1656,0.0798,0.1008,0.1101,0.2066,80,90,44,1
608,0.4033,0.1296,0.0461,0.0146,0.0565,0.3499,100,130,36,2
609,0.4155,0.0851,0.0135,0.0017,0.2586,0.2256,80,130,32,2
610,0.6017,0.201,0.0102,0.0,0.0,0.1872,50,90,44,1
611,0.6097,0.0259,0.0457,0.1344,0.0356,0.1488,100,150,26,1
612,0.5865,0.1774,0.0054,0.0199,0.1452,0.0656,40,70,29,1
613,0.4613,0.0877,0.099,0.0,0.1398,0.2122,60,130,41,1
614,0.4124,0.0394,0.0133,0.0783,0.2658,0.1907,100,270,53,1
615,0.3444,0.0554,0.0881,0.0127,0.0012,0.4981,110,160,31,2
616,0.378,0.0844,0.1171,0.0199,0.0834,0.3172,130,200,48,2
617,0.4081,0.0484,0.0183,0.2024,0.0989,0.2239,90,90,26,2
618,0.3394,0.0903,0.1291,0.0,0.0119,0.4292,70,40,35,1
619,0.526,0.0728,0.0412,0.0,0.1086,0.2515,100,160,37,2
620,0.4397,0.1928,0.02,0.023,0.1772,0.1473,70,90,30,1
621,0.3458,0.0638,0.0028,0.0111,0.2547,0.3218,80,40,27,2
622,0.528,0.0627,0.0314,0.0248,0.1009,0.2523,50,90,24,2
623,0.3468,0.1092,0.2163,0.1288,0.1153,0.0836,150,190,36,2
624,0.3368,0.0761,0.1608,0.0177,0.1525,0.2561,90,140,37,2
625,0.371,0.0582,0.0722,0.0166,0.1721,0.3099,130,120,48,1
626,0.3056,0.0761,0.0584,0.058,0.1273,0.3746,100,130,34,2
627,0.4298,0.0515,0.0582,0.0478,0.224,0.1887,70,110,25,2
628,0.512,0.0579,0.0956,0.0666,0.0376,0.2303,60,110,35,2
629,0.5535,0.0911,0.0233,0.1002,0.0473,0.1846,110,210,27,1
630,0.4732,0.0553,0.1609,0.0209,0.0807,0.2091,100,130,50,2
631,0.3346,0.055,0.0942,0.0205,0.0547,0.4409,140,190,45,2
632,0.4539,0.0861,0.2269,0.0188,0.1301,0.0843,90,150,35,2
633,0.2529,0.0651,0.165,0.0934,0.1145,0.3091,120,150,30,1
634,0.4095,0.0661,0.191,0.0168,0.1032,0.2133,100,160,43,2
635,0.4761,0.0806,0.0494,0.0099,0.2631,0.1208,80,150,41,2
636,0.3407,0.1071,0.088,0.0375,0.3486,0.078,60,100,28,2
637,0.2447,0.0795,0.0,0.0878,0.1949,0.3931,140,200,30,1
638,0.2753,0.0144,0.1344,0.0048,0.3681,0.2029,180,140,43,2
639,0.2799,0.0714,0.1025,0.0,0.2796,0.2666,150,140,34,2
640,0.2426,0.2282,0.0,0.0,0.0819,0.4472,110,200,45,2
641,0.6113,0.1161,0.0362,0.0345,0.0168,0.1851,40,110,35,2
642,0.3358,0.0959,0.0148,0.0104,0.0015,0.5417,70,90,32,1
643,0.4102,0.104,0.2505,0.011,0.0144,0.2099,100,150,37,2
644,0.3961,0.0584,0.0114,0.3563,0.0437,0.134,120,150,33,2
645,0.3632,0.1296,0.0888,0.0267,0.2446,0.1471,60,90,37,2
646,0.296,0.1039,0.0974,0.0215,0.3292,0.152,130,140,30,1
647,0.3529,0.0465,0.0769,0.1553,0.0861,0.2822,130,120,37,2
648,0.2126,0.0468,0.2404,0.0,0.2313,0.2689,110,110,48,1
649,0.3369,0.0453,0.1119,0.0413,0.2456,0.2191,160,160,46,2
650,0.3695,0.0798,0.2758,0.15,0.0167,0.1082,120,100,42,2
651,0.3032,0.0555,0.2433,0.0173,0.1556,0.2251,150,180,30,1
652,0.3245,0.0642,0.131,0.0311,0.2032,0.246,70,110,27,1
653,0.4544,0.1681,0.1184,0.0,0.0542,0.2049,60,200,47,2
654,0.3897,0.1836,0.0,0.1111,0.0,0.3156,50,110,26,1
655,0.2598,0.1137,0.1461,0.1223,0.1174,0.2407,80,110,30,2
656,0.1773,0.1409,0.0666,0.0321,0.4168,0.1663,80,100,37,1
657,0.1443,0.0744,0.1734,0.0091,0.2439,0.355,220,430,40,2
658,0.2734,0.16,0.0098,0.0,0.213,0.3438,130,150,47,1
659,0.2508,0.1238,0.0755,0.0151,0.2134,0.3214,80,200,35,1
660,0.4232,0.0735,0.0972,0.0,0.1289,0.2772,80,100,45,2
661,0.5411,0.079,0.0,0.0,0.2343,0.1457,50,130,40,1
662,0.2729,0.0327,0.4282,0.0153,0.089,0.1619,80,140,32,2
663,0.3764,0.0273,0.0721,0.0775,0.1796,0.2671,80,140,27,2
664,0.2522,0.0943,0.0658,0.0,0.3568,0.2308,100,130,38,1
665,0.4397,0.1397,0.1143,0.0,0.1143,0.1921,70,110,36,2
666,0.462,0.1637,0.086,0.0214,0.0825,0.1843,110,190,36,2
667,0.4755,0.0582,0.2098,0.0369,0.1035,0.1161,110,130,32,2
668,0.4494,0.0606,0.1157,0.0672,0.1204,0.1867,110,150,32,2
669,0.4446,0.0526,0.1302,0.0542,0.0999,0.2185,80,150,28,1
670,0.5062,0.0996,0.0855,0.011,0.0274,0.2703,70,160,40,2
671,0.3628,0.1292,0.0451,0.0,0.3557,0.1072,100,70,37,1
672,0.2586,0.1748,0.235,0.0988,0.0823,0.1505,100,160,34,2
673,0.4237,0.1016,0.1038,0.0,0.1127,0.2582,100,220,47,2
674,0.1019,0.39,0.2097,0.0,0.0,0.2984,50,260,33,2
675,0.3465,0.2173,0.0,0.0,0.2918,0.1443,40,100,29,2
676,0.3675,0.0403,0.0842,0.0085,0.1688,0.3307,100,70,33,2
677,0.396,0.0725,0.0858,0.0715,0.0843,0.2898,100,120,40,2
678,0.3414,0.1133,0.26,0.0157,0.1376,0.132,100,170,35,2
679,0.3072,0.1255,0.0867,0.0115,0.1473,0.3218,130,240,48,2
680,0.2808,0.0323,0.0296,0.0932,0.1419,0.4223,260,200,48,2
681,0.4801,0.0748,0.0572,0.0986,0.0056,0.2839,100,150,49,1
682,0.4598,0.1643,0.0112,0.021,0.1575,0.1862,80,190,34,2
683,0.4168,0.0711,0.0524,0.0656,0.1775,0.2166,140,160,45,1
684,0.195,0.0885,0.0676,0.0176,0.2358,0.3955,90,150,34,1
685,0.4115,0.1069,0.1697,0.1172,0.033,0.1617,70,130,29,2
686,0.535,0.1271,0.1498,0.0036,0.0005,0.184,80,110,36,2
687,0.3746,0.0845,0.1566,0.0,0.1948,0.1896,80,90,43,2
688,0.4986,0.1352,0.0677,0.0501,0.126,0.1225,120,50,36,2
689,0.4302,0.1213,0.009,0.2254,0.0,0.214,70,190,38,2
690,0.5217,0.0926,0.0142,0.04,0.1693,0.1622,80,140,54,2
691,0.2714,0.1101,0.0596,0.0,0.2436,0.3152,130,210,33,1
692,0.3952,0.1653,0.1096,0.0,0.1098,0.2201,90,110,45,1
693,0.1651,0.0587,0.3897,0.0,0.2717,0.1148,150,130,34,2
694,0.195,0.0995,0.4039,0.077,0.0517,0.173,210,320,49,1
695,0.347,0.0777,0.2443,0.0188,0.1369,0.1753,120,150,32,2
696,0.2976,0.0752,0.0616,0.0381,0.2159,0.3116,70,100,27,2
697,0.4604,0.0726,0.0602,0.1704,0.0869,0.1495,160,150,38,2
698,0.3593,0.1227,0.1741,0.0169,0.1723,0.1547,120,210,34,2
699,0.3095,0.064,0.2704,0.0105,0.1488,0.1968,100,150,34,2
700,0.4232,0.0914,0.1163,0.0218,0.0929,0.2544,100,160,33,2
701,0.3826,0.0921,0.0387,0.0,0.3189,0.1676,80,80,42,2
702,0.077,0.0391,0.1991,0.0164,0.2175,0.4509,190,170,39,1
703,0.3304,0.0801,0.0239,0.0072,0.0879,0.4705,90,130,31,2
704,0.3945,0.1268,0.0213,0.1818,0.0142,0.2615,70,90,32,1
705,0.2051,0.0407,0.3842,0.0424,0.2103,0.1172,110,140,30,1
706,0.389,0.0388,0.1591,0.002,0.1185,0.2926,170,150,45,1
707,0.4323,0.1089,0.0322,0.1134,0.1361,0.1771,90,160,38,2
708,0.5111,0.1037,0.0579,0.0049,0.0897,0.2327,70,150,38,2
709,0.3492,0.1589,0.1565,0.0121,0.003,0.3203,80,80,28,2
710,0.1279,0.0662,0.0561,0.0721,0.4114,0.2662,110,90,25,2
711,0.3985,0.0683,0.2043,0.0395,0.075,0.2145,110,110,28,2
712,0.4766,0.0965,0.0713,0.1391,0.0413,0.1753,60,140,33,2
713,0.3876,0.1107,0.0043,0.0478,0.1975,0.2522,90,130,32,2
714,0.2218,0.071,0.1927,0.0,0.1256,0.3888,130,220,49,1
715,0.4682,0.1085,0.1074,0.0,0.1094,0.2066,70,130,46,2
716,0.2687,0.0401,0.0854,0.0068,0.1632,0.4358,130,210,44,2
717,0.3571,0.0417,0.0861,0.2384,0.0776,0.1992,100,170,40,2
718,0.5424,0.1478,0.0,0.0258,0.0493,0.2346,60,150,36,2
719,0.3819,0.1721,0.0,0.0354,0.1408,0.2699,90,160,32,2
720,0.3829,0.0826,0.0691,0.1049,0.2393,0.1212,90,220,40,2
721,0.2254,0.0772,0.1442,0.0216,0.4372,0.0944,90,100,34,2
722,0.4335,0.1103,0.1295,0.0,0.1382,0.1884,110,150,36,2
723,0.451,0.0482,0.0,0.0,0.1739,0.3269,60,200,49,1
724,0.1715,0.0914,0.0086,0.0037,0.5517,0.1731,80,120,38,2
725,0.3712,0.0756,0.1283,0.1212,0.1112,0.1925,140,190,42,2
726,0.3819,0.2002,0.0231,0.0377,0.1824,0.1746,60,90,36,2
727,0.3742,0.1048,0.0172,0.1278,0.0988,0.2772,90,120,32,2
728,0.3422,0.0881,0.0267,0.0205,0.3155,0.207,110,240,44,2
729,0.3338,0.1877,0.0623,0.0155,0.1417,0.2589,110,210,43,1
730,0.3414,0.0965,0.1982,0.0053,0.0036,0.355,170,120,37,2
731,0.2177,0.076,0.0851,0.0416,0.4806,0.099,170,110,34,2
732,0.3912,0.0902,0.1302,0.0147,0.1415,0.2322,90,110,29,2
733,0.357,0.0476,0.0353,0.0762,0.3546,0.1293,120,110,32,1
734,0.4808,0.0722,0.1034,0.0242,0.1744,0.145,80,130,33,2
735,0.4626,0.08,0.1111,0.027,0.1642,0.1551,80,130,36,1
736,0.4229,0.0643,0.0678,0.1297,0.0316,0.2836,120,180,40,2
737,0.3094,0.0994,0.0197,0.0,0.4296,0.1418,110,130,43,2
738,0.2119,0.0879,0.0337,0.0234,0.2536,0.3896,110,220,52,1
739,0.4931,0.1179,0.0048,0.0,0.2199,0.1643,60,110,36,2
740,0.3017,0.0929,0.1665,0.0586,0.162,0.2182,120,120,36,2
741,0.4722,0.191,0.0416,0.022,0.1072,0.1661,60,90,35,2
742,0.2732,0.0939,0.0656,0.0498,0.3905,0.1271,90,200,43,2
743,0.309,0.0615,0.1603,0.0909,0.1233,0.255,90,90,38,2
744,0.4695,0.1164,0.0698,0.0,0.1862,0.1581,110,70,54,2
745,0.3069,0.3324,0.02,0.0,0.0821,0.2586,80,100,46,1
746,0.3291,0.078,0.0907,0.0,0.187,0.3152,120,200,40,2
747,0.4692,0.0924,0.0935,0.1,0.0051,0.2398,50,80,37,1
748,0.3116,0.0618,0.0947,0.1231,0.0,0.4088,70,340,53,1
749,0.2644,0.0385,0.0988,0.0607,0.2528,0.2849,160,220,38,2
750,0.3747,0.1457,0.1147,0.0307,0.0913,0.2427,50,80,25,1
751,0.4134,0.0515,0.3009,0.0957,0.0354,0.1031,80,60,27,1
752,0.3486,0.0607,0.1472,0.0596,0.1354,0.2485,90,110,35,2
753,0.2644,0.0597,0.3911,0.0,0.192,0.0928,130,150,50,2
754,0.2894,0.0543,0.1041,0.0545,0.1387,0.359,90,200,38,1
755,0.1981,0.0427,0.0277,0.0416,0.3532,0.3367,300,310,37,2
756,0.1516,0.0637,0.1816,0.0447,0.2367,0.3217,140,180,31,1
757,0.3772,0.0313,0.1376,0.0838,0.011,0.359,170,630,41,2
758,0.5094,0.1056,0.0396,0.0,0.1548,0.1907,90,100,46,1
759,0.2707,0.0569,0.0288,0.0452,0.1362,0.4623,60,80,24,1
760,0.4396,0.0955,0.0742,0.0571,0.0483,0.2853,80,90,32,2
761,0.3357,0.1497,0.127,0.0228,0.1175,0.2474,50,20,25,1
762,0.224,0.0532,0.0,0.0363,0.5621,0.1244,130,150,33,2
763,0.4503,0.1078,0.0619,0.0696,0.1552,0.1551,60,90,35,2
764,0.2651,0.2449,0.0832,0.034,0.1153,0.2575,70,140,36,2
765,0.4231,0.0595,0.1752,0.0685,0.0599,0.2139,90,160,37,2
766,0.4537,0.0845,0.0072,0.046,0.2416,0.167,70,140,33,2
767,0.5979,0.1395,0.0,0.1465,0.0043,0.1118,80,130,30,2
768,0.3424,0.073,0.2805,0.0504,0.0703,0.1833,110,140,45,2
769,0.2406,0.0875,0.1672,0.081,0.1682,0.2555,100,110,36,1
770,0.4097,0.2023,0.0081,0.0431,0.0985,0.2382,120,130,38,2
771,0.4041,0.1017,0.1357,0.0,0.1077,0.2508,90,180,43,2
772,0.4421,0.0934,0.0348,0.0293,0.1236,0.2769,60,90,29,2
773,0.445,0.0389,0.1628,0.0,0.1563,0.1969,100,130,45,2
774,0.2998,0.1014,0.3721,0.0431,0.0456,0.138,80,60,22,1
775,0.503,0.1387,0.0625,0.1003,0.0165,0.1789,180,240,36,2
776,0.3947,0.0785,0.1381,0.035,0.0107,0.3429,110,130,36,2
777,0.438,0.1296,0.1706,0.0756,0.1061,0.08,90,70,27,2
778,0.373,0.0627,0.0,0.0,0.2838,0.2804,50,70,28,1
779,0.3005,0.025,0.0403,0.0446,0.1516,0.438,100,120,37,2
780,0.3724,0.056,0.1397,0.0243,0.2633,0.1443,120,160,34,2
781,0.3032,0.0649,0.0985,0.1331,0.1535,0.2468,150,300,32,2
782,0.3258,0.0674,0.3093,0.0,0.146,0.1516,80,120,33,2
783,0.3738,0.0561,0.2034,0.0,0.001,0.3657,100,150,39,2
784,0.3774,0.074,0.0689,0.0593,0.1745,0.2459,80,160,32,2
785,0.4214,0.0741,0.1126,0.1435,0.1009,0.1475,120,200,30,2
786,0.1652,0.1058,0.2445,0.0692,0.1938,0.2214,60,150,38,2
787,0.3073,0.0243,0.0195,0.3347,0.0357,0.2785,100,70,20,1
788,0.4082,0.05,0.0237,0.0,0.1043,0.4138,80,80,29,1
789,0.4034,0.1037,0.044,0.2025,0.0055,0.2409,80,110,35,2
790,0.2936,0.0778,0.2673,0.0068,0.1835,0.1709,90,140,54,1
791,0.3067,0.0881,0.0083,0.0449,0.2721,0.2799,90,80,35,2
792,0.3667,0.0728,0.057,0.1365,0.0748,0.2921,90,130,31,2
793,0.3359,0.0839,0.0,0.022,0.1551,0.403,60,100,37,2
794,0.3606,0.058,0.0546,0.071,0.3594,0.0963,100,160,49,1
795,0.3023,0.0542,0.011,0.0429,0.0427,0.5469,80,200,27,1
796,0.4051,0.063,0.2702,0.0257,0.1069,0.1291,90,150,39,1
797,0.2203,0.0165,0.3519,0.078,0.0963,0.237,170,200,36,2
798,0.3527,0.0719,0.1101,0.0731,0.1037,0.2885,90,150,53,2
799,0.3168,0.0388,0.0079,0.0,0.5158,0.1207,100,270,35,2
800,0.3806,0.0673,0.107,0.0131,0.1612,0.2707,70,100,35,2
801,0.4555,0.0807,0.0944,0.0858,0.0055,0.2782,150,80,31,2
802,0.5201,0.0818,0.0324,0.1125,0.0077,0.2454,60,120,43,1
803,0.4013,0.0768,0.1894,0.1067,0.0409,0.1849,70,100,24,2
804,0.2401,0.0408,0.2239,0.0528,0.1849,0.2575,100,110,34,1
805,0.2394,0.0369,0.1534,0.0514,0.257,0.2619,130,190,26,1
806,0.2365,0.071,0.0995,0.0234,0.1571,0.4126,70,100,32,1
807,0.3211,0.2013,0.0888,0.0066,0.0614,0.3207,80,110,43,1
808,0.3045,0.0343,0.129,0.0359,0.1698,0.3266,80,120,31,1
809,0.4012,0.1697,0.1075,0.0358,0.0899,0.196,60,90,26,2
810,0.3633,0.0615,0.1035,0.0731,0.0458,0.3528,70,60,29,2
811,0.3259,0.0509,0.0878,0.1165,0.2,0.2189,150,140,30,2
812,0.1937,0.0654,0.5035,0.0243,0.0443,0.1688,180,80,44,1
813,0.3612,0.0315,0.0812,0.165,0.0595,0.3015,120,140,37,2
814,0.3809,0.1068,0.0444,0.137,0.0399,0.291,70,120,37,2
815,0.367,0.1038,0.0,0.0317,0.2194,0.2782,70,100,23,1
816,0.5025,0.1038,0.0123,0.0616,0.053,0.2668,70,100,28,2
817,0.1715,0.0904,0.2948,0.0153,0.1252,0.3028,80,140,43,2
818,0.1256,0.0467,0.0691,0.1513,0.261,0.3463,150,120,24,1
819,0.403,0.0838,0.0572,0.154,0.0392,0.2629,90,190,54,1
820,0.2176,0.1407,0.021,0.1223,0.0768,0.4216,70,120,28,2
821,0.253,0.0331,0.0625,0.0036,0.0968,0.5509,130,130,32,2
822,0.3166,0.0477,0.1818,0.0,0.189,0.2648,120,120,36,2
823,0.5307,0.032,0.1027,0.0,0.1853,0.1493,110,120,37,2
824,0.491,0.0365,0.1743,0.0441,0.0943,0.1599,50,80,42,1
825,0.3612,0.1454,0.0275,0.0185,0.1652,0.2821,50,90,23,1
826,0.4214,0.0706,0.1977,0.0614,0.0945,0.1544,60,90,31,1
827,0.3333,0.1205,0.0677,0.0388,0.0847,0.3551,90,200,39,2
828,0.4819,0.0923,0.042,0.1029,0.0635,0.2174,90,190,44,2
829,0.2777,0.0359,0.3106,0.1864,0.0375,0.1519,110,190,25,1
830,0.4707,0.1032,0.0,0.0397,0.2531,0.1333,110,140,36,2
831,0.2861,0.037,0.1211,0.0,0.3218,0.2341,90,100,32,2
832,0.2463,0.0699,0.1125,0.089,0.0972,0.3851,100,90,38,1
833,0.4736,0.0894,0.11,0.1199,0.0648,0.1424,40,100,26,1
834,0.1911,0.0317,0.0036,0.0298,0.0792,0.6646,170,140,26,1
835,0.5053,0.026,0.0623,0.0514,0.1031,0.2519,100,100,32,2
836,0.1949,0.0,0.4381,0.0,0.0401,0.327,120,100,43,2
837,0.2453,0.1009,0.0248,0.0774,0.3584,0.1932,70,110,28,1
838,0.2936,0.1241,0.0477,0.1323,0.0559,0.3464,60,100,23,2
839,0.4156,0.1822,0.0668,0.0,0.1198,0.2156,60,110,34,2
840,0.6327,0.1608,0.0,0.0,0.0746,0.1318,30,70,24,1
841,0.3829,0.0597,0.0536,0.0644,0.0912,0.3482,80,70,28,2
842,0.3735,0.2052,0.021,0.1556,0.0458,0.1989,40,60,24,1
843,0.2378,0.0782,0.0396,0.0568,0.2725,0.3152,120,170,40,1
844,0.2614,0.0511,0.0493,0.192,0.2115,0.2347,90,150,31,1
845,0.2068,0.0148,0.362,0.0407,0.0154,0.3603,260,100,25,2
846,0.323,0.0967,0.2331,0.0436,0.1476,0.1561,50,80,26,1
847,0.3945,0.072,0.1566,0.1004,0.0042,0.2722,120,120,32,2
848,0.537,0.0755,0.009,0.0334,0.1175,0.2276,90,130,34,1
849,0.4944,0.0629,0.1053,0.0271,0.0276,0.2826,120,160,34,2
850,0.4383,0.1124,0.1557,0.0537,0.0077,0.2322,60,160,38,1
851,0.3391,0.0602,0.0791,0.0548,0.052,0.4147,60,80,45,1
852,0.4608,0.1252,0.1404,0.0031,0.107,0.1634,100,110,39,2
853,0.2041,0.1263,0.2086,0.074,0.2342,0.1529,200,190,33,2
854,0.3204,0.2993,0.041,0.0181,0.1367,0.1845,110,210,36,2
855,0.405,0.08,0.1234,0.044,0.1818,0.1658,100,140,35,2
856,0.2369,0.1417,0.1163,0.0412,0.0262,0.4377,130,250,35,2
857,0.2333,0.0435,0.217,0.0747,0.2362,0.1952,130,130,24,1
858,0.4344,0.025,0.1714,0.0174,0.1438,0.2079,80,100,42,1
859,0.2917,0.0711,0.1611,0.1225,0.0243,0.3294,120,90,34,2
860,0.3562,0.1363,0.0781,0.0185,0.1452,0.2657,40,110,31,2
861,0.2675,0.1279,0.0783,0.0658,0.0705,0.3901,130,230,32,1
862,0.4811,0.0494,0.0,0.0672,0.1241,0.2781,70,80,45,1
863,0.429,0.0506,0.2178,0.0072,0.0093,0.286,90,140,42,1
864,0.5094,0.0714,0.169,0.0174,0.0706,0.1622,60,130,32,2
865,0.3327,0.0477,0.0141,0.0242,0.3054,0.2759,70,100,32,2
866,0.5056,0.0556,0.1072,0.0766,0.0005,0.2546,80,110,23,2
867,0.3406,0.0859,0.0671,0.0108,0.1887,0.3069,190,120,50,1
868,0.2111,0.0569,0.1516,0.0999,0.0886,0.3919,110,120,23,1
869,0.3088,0.074,0.3622,0.0317,0.046,0.1773,100,200,42,2
870,0.432,0.0656,0.2153,0.0195,0.0079,0.2597,90,90,58,1
871,0.3553,0.1286,0.0038,0.268,0.0217,0.2225,50,90,28,1
872,0.5568,0.0762,0.0845,0.0,0.0,0.2826,80,300,38,2
873,0.5186,0.0885,0.004,0.0,0.1945,0.1944,60,70,40,2
874,0.2933,0.0683,0.0,0.0486,0.0655,0.5242,60,130,34,2
875,0.3667,0.0421,0.0573,0.0488,0.2264,0.2587,100,130,29,2
876,0.2668,0.1284,0.1859,0.1016,0.0422,0.2752,80,120,38,2
877,0.531,0.0876,0.1162,0.0,0.1282,0.1369,70,130,27,1
878,0.5669,0.1249,0.0,0.0,0.0116,0.2967,40,80,48,1
879,0.3578,0.2457,0.0381,0.1459,0.019,0.1935,100,110,31,1
880,0.3795,0.0547,0.0642,0.0592,0.2133,0.2291,80,100,31,2
881,0.3978,0.0456,0.2645,0.0478,0.0679,0.1764,100,120,44,2
882,0.3371,0.1275,0.1988,0.0515,0.0473,0.2379,150,160,26,2
883,0.1984,0.0318,0.2198,0.1927,0.0696,0.2876,160,200,45,1
884,0.2973,0.0531,0.3612,0.0949,0.0764,0.117,90,130,22,2
885,0.3687,0.0592,0.024,0.1531,0.0596,0.3354,100,180,31,2
886,0.349,0.0443,0.0978,0.1178,0.1858,0.2054,120,90,23,2
887,0.3531,0.038,0.0996,0.0578,0.1254,0.3261,100,90,26,1
888,0.3684,0.0599,0.1653,0.157,0.0609,0.1884,130,150,34,1
889,0.4404,0.1064,0.0117,0.0442,0.1413,0.256,70,120,48,1
890,0.3243,0.115,0.0164,0.1933,0.1819,0.169,110,180,37,2
891,0.2477,0.0853,0.1303,0.0623,0.1207,0.3536,100,110,41,2
892,0.2044,0.075,0.0094,0.3288,0.1374,0.245,80,90,25,1
893,0.355,0.0764,0.052,0.0669,0.0912,0.3584,140,220,38,2
894,0.1344,0.0777,0.0251,0.0085,0.4146,0.3397,120,90,40,1
895,0.3549,0.0688,0.2327,0.0663,0.0248,0.2525,80,130,31,2
896,0.3851,0.0437,0.0824,0.177,0.1165,0.1952,100,110,27,1
897,0.2594,0.0519,0.2497,0.0935,0.0759,0.2696,100,110,24,1
898,0.4983,0.1359,0.0,0.1649,0.0779,0.123,80,330,38,2
899,0.2873,0.0501,0.1905,0.1992,0.0128,0.2601,90,120,29,1
900,0.1982,0.0388,0.1797,0.0843,0.1829,0.3161,130,160,40,2
901,0.396,0.0819,0.0646,0.0,0.0644,0.393,50,160,32,2
902,0.5154,0.0751,0.1574,0.0708,0.024,0.1572,80,90,37,2
903,0.2818,0.126,0.0267,0.1058,0.2232,0.2365,130,330,36,1
904,0.4256,0.0583,0.1614,0.0568,0.0037,0.2942,70,100,34,2
905,0.2599,0.0639,0.008,0.0,0.1401,0.5281,60,170,43,1
906,0.3318,0.0362,0.0991,0.0459,0.0745,0.4125,140,210,35,2
907,0.267,0.0558,0.0853,0.2148,0.046,0.3312,70,110,33,2
908,0.1752,0.058,0.132,0.0,0.2353,0.3996,70,70,37,1
909,0.2329,0.1222,0.0019,0.2824,0.0087,0.352,60,90,30,2
910,0.3741,0.0713,0.0503,0.2003,0.0739,0.2302,70,110,28,2
911,0.3428,0.1006,0.0386,0.0554,0.1629,0.2997,90,90,44,2
912,0.3339,0.0594,0.0062,0.0916,0.053,0.4559,100,150,33,2
913,0.3703,0.0537,0.1685,0.0568,0.0569,0.2937,70,150,38,1
914,0.191,0.0443,0.2202,0.0246,0.3163,0.2036,160,130,31,2
915,0.3376,0.065,0.0019,0.1911,0.1056,0.2987,110,130,39,2
916,0.199,0.0641,0.0408,0.2234,0.2612,0.2115,90,110,25,1
917,0.3864,0.0674,0.0306,0.2073,0.089,0.2193,90,160,35,2
918,0.2896,0.0637,0.1546,0.1317,0.1091,0.2513,70,140,38,1
919,0.23,0.2977,0.0285,0.0141,0.003,0.4268,70,130,36,2
920,0.1815,0.0761,0.1199,0.3952,0.0293,0.1979,70,90,43,1
921,0.5406,0.1531,0.0,0.0164,0.1184,0.1716,70,140,57,1
922,0.5215,0.0862,0.1388,0.0241,0.0236,0.2058,50,100,30,2
923,0.395,0.1047,0.0,0.08,0.2556,0.1647,50,80,27,1
924,0.4102,0.0696,0.1261,0.0,0.0452,0.3489,70,90,36,2
925,0.2412,0.0655,0.3058,0.2791,0.0007,0.1077,160,70,27,1
926,0.2581,0.0452,0.284,0.11,0.0077,0.2951,80,90,27,1
927,0.2214,0.0472,0.0649,0.3227,0.1304,0.2134,140,150,30,2
928,0.3333,0.04,0.1306,0.0039,0.2884,0.2038,150,150,38,2
929,0.382,0.0612,0.0,0.0462,0.196,0.3146,60,130,43,1
930,0.3664,0.0963,0.1833,0.015,0.2337,0.1053,60,70,25,2
931,0.2498,0.1298,0.0193,0.1435,0.0894,0.3682,80,100,38,1
932,0.1339,0.0626,0.1555,0.0648,0.2644,0.3188,170,160,35,2
933,0.3324,0.1186,0.0243,0.0342,0.2043,0.2862,50,120,24,1
934,0.5185,0.0732,0.0461,0.0783,0.0137,0.2702,90,150,32,2
935,0.2115,0.0956,0.1784,0.0942,0.177,0.2433,130,160,33,1
936,0.4328,0.0528,0.1752,0.0529,0.0797,0.2068,110,130,45,1
937,0.4696,0.0262,0.1707,0.0,0.0207,0.3128,70,110,23,1
938,0.2327,0.0311,0.2214,0.0759,0.0117,0.4272,120,140,21,1
939,0.308,0.0282,0.0259,0.2053,0.0069,0.4257,100,100,24,1
940,0.1984,0.0207,0.1913,0.09,0.0662,0.4334,130,150,27,2
941,0.4342,0.1155,0.0759,0.0,0.1702,0.2042,50,80,40,2
942,0.2694,0.0476,0.261,0.0437,0.0956,0.2827,70,90,32,2
943,0.201,0.0741,0.2882,0.0779,0.0693,0.2896,120,200,32,2
944,0.4019,0.0352,0.182,0.0,0.0464,0.3346,90,110,44,2
945,0.2442,0.1713,0.1289,0.0104,0.1393,0.3058,60,110,31,2
946,0.3507,0.1134,0.0749,0.1261,0.0167,0.3182,100,200,43,2
947,0.5806,0.0516,0.055,0.0,0.0987,0.2141,90,110,28,2
948,0.4426,0.0529,0.0574,0.1206,0.1778,0.1487,130,130,29,2
949,0.4034,0.0521,0.0502,0.0923,0.0838,0.3181,100,30,52,2
950,0.2186,0.0645,0.1183,0.0828,0.0564,0.4594,180,200,36,2
951,0.2434,0.0672,0.1753,0.063,0.1587,0.2924,110,130,35,2
952,0.2913,0.0778,0.1099,0.0176,0.2955,0.2078,140,130,48,1
953,0.5896,0.0888,0.0592,0.0511,0.0678,0.1435,50,110,35,2
954,0.2626,0.0471,0.1557,0.0108,0.3581,0.1657,90,70,39,2
955,0.4051,0.0866,0.1664,0.0168,0.1608,0.1642,60,150,36,2
956,0.406,0.058,0.176,0.1129,0.054,0.1932,90,130,37,2
957,0.3105,0.0718,0.1892,0.0325,0.1944,0.2016,80,110,34,2
958,0.383,0.0778,0.1523,0.0964,0.1448,0.1457,70,80,27,2
959,0.3347,0.1251,0.0799,0.0,0.2698,0.1905,90,100,35,2
960,0.2284,0.1899,0.0212,0.0336,0.1926,0.3343,50,70,24,1
961,0.4934,0.0695,0.0955,0.0454,0.0266,0.2696,90,90,35,2
962,0.3176,0.0753,0.0728,0.0657,0.1071,0.3615,60,100,27,2
963,0.4043,0.147,0.0822,0.0583,0.1819,0.1262,80,120,36,1
964,0.4797,0.0894,0.0204,0.0,0.2148,0.1958,50,130,36,1
965,0.2807,0.1714,0.118,0.0869,0.1798,0.1631,80,110,32,1
966,0.4394,0.1206,0.0078,0.1233,0.1621,0.1468,80,110,32,2
967,0.3847,0.1476,0.0552,0.0756,0.0182,0.3187,60,100,34,2
968,0.3517,0.0393,0.2315,0.1079,0.0289,0.2407,170,150,34,2
969,0.3309,0.0324,0.2306,0.0899,0.0007,0.3155,190,100,26,2
970,0.2352,0.0285,0.428,0.0052,0.0968,0.2063,250,140,49,2
971,0.2853,0.0416,0.0345,0.2276,0.1766,0.2343,100,150,35,1
972,0.5903,0.0371,0.0517,0.0119,0.0683,0.2407,90,120,44,2
973,0.4538,0.1061,0.1254,0.0611,0.0994,0.1541,80,90,26,1
974,0.2427,0.0372,0.0164,0.0312,0.0687,0.6038,170,300,38,2
975,0.1321,0.0672,0.3321,0.0735,0.1385,0.2567,190,130,33,2
976,0.4247,0.0585,0.0764,0.0,0.2479,0.1925,120,160,44,2
977,0.31,0.0452,0.0604,0.2919,0.0379,0.2545,90,80,28,1
978,0.3418,0.089,0.1145,0.15,0.0453,0.2595,130,90,37,2
979,0.3047,0.0458,0.1076,0.0573,0.122,0.3627,120,120,32,2
980,0.2758,0.1025,0.2357,0.1156,0.0014,0.2689,230,190,49,1
981,0.3699,0.0824,0.0,0.1241,0.1334,0.2902,110,190,45,2
982,0.3243,0.1512,0.0743,0.0393,0.097,0.314,70,70,36,1
983,0.4146,0.0528,0.1091,0.0061,0.0737,0.3438,80,160,37,2
984,0.4132,0.1001,0.2973,0.0658,0.0007,0.1229,70,140,34,2
985,0.4075,0.0613,0.0464,0.0766,0.0873,0.321,80,120,34,2
986,0.2371,0.0444,0.1207,0.0381,0.1578,0.402,100,160,41,2
987,0.5804,0.0656,0.0378,0.1103,0.0,0.2059,40,130,27,2
988,0.3293,0.0753,0.0692,0.2328,0.1473,0.146,90,100,29,1
989,0.4646,0.1311,0.0,0.0,0.154,0.2502,50,130,48,1
990,0.1946,0.0935,0.007,0.2516,0.3187,0.1346,100,140,47,1
991,0.3961,0.1131,0.0884,0.0507,0.0991,0.2526,100,140,40,2
992,0.2225,0.0729,0.2602,0.1214,0.1193,0.2036,100,150,36,1
993,0.3435,0.0531,0.167,0.0161,0.0656,0.3547,110,140,39,2
994,0.2418,0.0564,0.0789,0.088,0.1951,0.3398,100,250,33,2
995,0.1673,0.0334,0.264,0.0961,0.0,0.4393,250,150,28,2
996,0.5267,0.1239,0.074,0.0,0.1673,0.1081,40,120,35,2
997,0.173,0.0705,0.1178,0.1568,0.0584,0.4236,160,280,37,2
998,0.3005,0.1724,0.1485,0.097,0.0597,0.2218,150,140,49,2
999,0.4851,0.0819,0.1105,0.0863,0.1117,0.1245,140,160,38,2
1000,0.4177,0.1276,0.0495,0.0113,0.0626,0.3314,70,110,27,2
1001,0.3989,0.0614,0.1431,0.0284,0.1014,0.2668,100,130,43,2
1002,0.3257,0.0574,0.0192,0.134,0.1067,0.3569,60,130,20,1
1003,0.4385,0.1144,0.0281,0.0,0.1463,0.2726,70,120,47,1
1004,0.3631,0.1051,0.0449,0.0106,0.2728,0.2034,70,80,22,2
1005,0.4088,0.1068,0.0057,0.1498,0.1151,0.2137,50,80,49,2
1006,0.3431,0.0341,0.1692,0.0837,0.0617,0.3084,120,160,34,1
1007,0.4032,0.1824,0.0,0.007,0.1153,0.2921,60,130,32,2
1008,0.3192,0.0303,0.0266,0.2259,0.1617,0.2364,140,140,38,1
1009,0.1482,0.0373,0.0538,0.1091,0.051,0.6006,280,340,45,1
1010,0.2002,0.0238,0.1888,0.1623,0.113,0.3119,160,110,23,1
1011,0.3314,0.0817,0.0079,0.0694,0.2735,0.2361,100,160,29,1
1012,0.2367,0.0373,0.3188,0.0,0.2596,0.1477,100,160,29,1
1013,0.1512,0.0157,0.7602,0.0357,0.0,0.0373,160,90,38,2
1014,0.4124,0.1051,0.0937,0.1434,0.1399,0.1056,100,190,25,1
1015,0.2837,0.114,0.0261,0.0701,0.1544,0.3516,90,110,29,2
1016,0.3945,0.1224,0.0119,0.0783,0.1671,0.2257,80,110,28,1
1017,0.418,0.0584,0.0501,0.0317,0.1475,0.2942,70,120,22,2
1018,0.3473,0.1133,0.0032,0.0,0.2078,0.3283,90,140,51,1
1019,0.4311,0.0877,0.0588,0.0477,0.0498,0.3249,60,140,28,1
1020,0.4924,0.1176,0.0416,0.1087,0.0,0.2397,60,90,28,2
1021,0.5048,0.0614,0.1294,0.0384,0.1224,0.1437,150,180,35,1
1022,0.2773,0.063,0.1868,0.0,0.1168,0.3561,130,160,56,1
1023,0.2655,0.0439,0.1612,0.2012,0.0301,0.2981,160,140,36,2
1024,0.2085,0.0371,0.2364,0.1453,0.1389,0.2339,150,120,29,2
1025,0.1964,0.0973,0.0,0.2069,0.167,0.3324,50,130,29,1
1026,0.4589,0.1481,0.0517,0.1756,0.0017,0.164,70,210,47,2
1027,0.2397,0.0399,0.3128,0.0801,0.1917,0.1359,160,140,28,1
1028,0.1951,0.0293,0.3284,0.0477,0.1373,0.2622,170,180,29,1
1029,0.2173,0.0478,0.1852,0.086,0.2763,0.1874,110,170,45,1
1030,0.2805,0.107,0.0982,0.0374,0.2631,0.2138,60,80,27,1
1031,0.4597,0.0556,0.2266,0.0,0.125,0.1331,80,90,43,2
1032,0.2683,0.1797,0.1059,0.0188,0.1101,0.3171,60,400,28,1
1033,0.2851,0.0767,0.0804,0.0157,0.1862,0.356,110,200,36,1
1034,0.2832,0.1683,0.1844,0.0301,0.1859,0.1481,100,130,42,2
1035,0.1761,0.0358,0.2679,0.0381,0.0794,0.4027,200,90,36,1
1036,0.1851,0.0485,0.1386,0.313,0.1361,0.1787,160,140,28,2
1037,0.4073,0.0815,0.0411,0.0345,0.119,0.3166,90,130,39,2
1038,0.3732,0.04,0.012,0.1447,0.1301,0.3,80,130,33,2
1039,0.2469,0.0947,0.1118,0.0775,0.0642,0.405,110,180,37,2
1040,0.3616,0.059,0.195,0.0,0.1613,0.2231,80,90,25,1
1041,0.512,0.1338,0.0661,0.0058,0.0802,0.2021,50,70,38,2
1042,0.2961,0.0684,0.0354,0.0023,0.3165,0.2813,200,270,49,2
1043,0.3674,0.0446,0.0145,0.0117,0.2379,0.3239,140,200,33,1
1044,0.2762,0.0372,0.2622,0.0617,0.1597,0.203,140,100,34,2
1045,0.2934,0.0921,0.1661,0.0085,0.2155,0.2245,100,150,40,2
1046,0.3585,0.0711,0.0735,0.0499,0.3023,0.1448,90,150,31,2
1047,0.3381,0.0836,0.022,0.0,0.34,0.2163,90,120,29,2
1048,0.1587,0.0423,0.1125,0.0014,0.1973,0.4878,140,230,41,2
1049,0.3775,0.0791,0.1985,0.0044,0.0878,0.2527,120,200,44,2
1050,0.5759,0.0462,0.0,0.008,0.1945,0.1753,120,170,35,2
1051,0.5003,0.0551,0.0563,0.0239,0.0888,0.2756,80,110,28,2
1052,0.2908,0.043,0.1319,0.0421,0.3056,0.1866,110,80,35,1
1053,0.2523,0.049,0.0,0.0221,0.4965,0.1801,110,140,36,2
1054,0.3778,0.0503,0.0335,0.0427,0.2094,0.2863,150,130,41,2
1055,0.272,0.1832,0.0673,0.3158,0.0074,0.1542,70,100,27,1
1056,0.3109,0.0538,0.2093,0.137,0.1005,0.1885,100,130,27,1
1057,0.2296,0.0331,0.0285,0.0254,0.4802,0.2031,170,220,49,2
1058,0.2617,0.1572,0.0484,0.2111,0.0743,0.2473,130,160,34,2
1059,0.3204,0.2052,0.0225,0.0965,0.1723,0.183,90,100,35,2
1060,0.2969,0.0429,0.1932,0.03,0.1711,0.2659,90,100,30,2
1061,0.4929,0.0842,0.0411,0.2215,0.0266,0.1338,110,160,36,2
1062,0.3016,0.0783,0.1723,0.0765,0.1085,0.2628,180,210,38,2
1063,0.2624,0.041,0.3913,0.0126,0.0972,0.1955,60,90,34,2
1064,0.3311,0.0858,0.1613,0.0162,0.0712,0.3343,150,150,34,2
1065,0.2016,0.1143,0.0259,0.0574,0.0824,0.5184,60,90,28,2
1066,0.2392,0.0864,0.1851,0.0514,0.0492,0.3887,70,160,36,2
1067,0.6586,0.0526,0.047,0.0601,0.0679,0.1138,90,90,34,2
1068,0.41,0.0777,0.1259,0.0393,0.1419,0.2053,80,120,45,1
1069,0.3928,0.1237,0.0453,0.0129,0.2034,0.2218,120,220,34,2
1070,0.3736,0.0625,0.0088,0.104,0.1567,0.2946,90,120,46,2
1071,0.2809,0.0722,0.3873,0.0661,0.048,0.1456,160,200,41,1
1072,0.3913,0.0612,0.2734,0.0383,0.1002,0.1356,90,120,28,2
1073,0.5891,0.0497,0.1921,0.0132,0.0091,0.1468,110,120,32,2
1074,0.5191,0.0552,0.0595,0.0664,0.0275,0.2723,140,160,52,1
1075,0.4464,0.0571,0.1781,0.0174,0.1526,0.1485,70,100,36,2
1076,0.178,0.0982,0.2069,0.0946,0.1873,0.2351,90,110,34,1
1077,0.2962,0.0508,0.1684,0.1284,0.0936,0.2625,150,170,50,1
1078,0.5603,0.0597,0.0764,0.0048,0.1187,0.1802,70,140,40,2
1079,0.2913,0.1213,0.0054,0.0,0.0584,0.5236,100,200,34,1
1080,0.1501,0.0587,0.0148,0.0,0.4553,0.3211,100,180,39,1
1081,0.3316,0.1045,0.0788,0.0273,0.1156,0.3422,80,60,35,2
1082,0.4283,0.0527,0.0802,0.0,0.1455,0.2934,90,100,44,2
1083,0.3123,0.029,0.1065,0.0756,0.0261,0.4505,130,150,36,2
1084,0.3472,0.093,0.0508,0.0625,0.1908,0.2557,120,190,35,2
1085,0.264,0.0552,0.0848,0.1823,0.0663,0.3475,170,200,33,1
1086,0.3137,0.0979,0.1533,0.022,0.0436,0.3695,90,160,31,2
1087,0.2566,0.1149,0.2415,0.0424,0.0424,0.3021,90,130,30,1
1088,0.1625,0.0263,0.266,0.0565,0.2685,0.2203,210,140,27,1
1089,0.4881,0.0499,0.0099,0.0516,0.16,0.2404,90,160,41,2
1090,0.1997,0.0352,0.1241,0.0501,0.1217,0.4692,130,40,36,2
1091,0.2033,0.0644,0.4789,0.0595,0.0682,0.1257,150,120,44,2
1092,0.3386,0.069,0.0808,0.0037,0.162,0.3459,130,150,31,2
1093,0.281,0.0431,0.0945,0.0261,0.2481,0.3072,140,180,41,2
1094,0.4444,0.0992,0.0361,0.0065,0.2111,0.2027,60,80,37,2
1095,0.3858,0.0521,0.0705,0.0383,0.0736,0.3796,80,130,40,2
1096,0.3294,0.0994,0.0501,0.0032,0.2129,0.3049,90,70,37,2
1097,0.219,0.0713,0.116,0.0556,0.1742,0.3638,100,190,33,2
1098,0.4027,0.0428,0.0431,0.1374,0.2537,0.1204,110,180,36,1
1099,0.3261,0.0726,0.1342,0.0,0.0404,0.4268,120,100,50,2
1100,0.2409,0.0458,0.1683,0.0987,0.1406,0.3056,130,160,36,2
1101,0.1839,0.1075,0.073,0.0,0.1261,0.5095,120,200,34,1
1102,0.1847,0.0145,0.0174,0.0351,0.5821,0.1661,180,100,29,2
1103,0.3776,0.0472,0.1268,0.0267,0.0217,0.4,120,130,47,2
1104,0.6147,0.1266,0.0,0.0206,0.067,0.1711,40,130,41,2
1105,0.3018,0.0295,0.0112,0.0856,0.1009,0.471,90,110,37,1
1106,0.4516,0.0612,0.1245,0.0,0.1717,0.1911,60,130,25,1
1107,0.4154,0.0573,0.1679,0.0662,0.0953,0.1981,110,180,46,2
1108,0.2993,0.1321,0.0743,0.069,0.0119,0.4135,100,170,60,1
1109,0.3541,0.0612,0.0067,0.0,0.1701,0.4079,80,110,34,2
1110,0.2154,0.0384,0.3573,0.1096,0.0727,0.2067,200,180,35,2
1111,0.479,0.0847,0.0,0.0509,0.0973,0.2881,80,160,42,2
1112,0.3159,0.0372,0.1575,0.1304,0.0987,0.2602,160,200,31,1
1113,0.3971,0.0251,0.1123,0.0661,0.2015,0.1978,140,230,45,2
1114,0.4016,0.1069,0.062,0.0939,0.1417,0.1939,60,90,25,1
1115,0.4251,0.1355,0.0439,0.0308,0.1713,0.1933,110,150,35,2
1116,0.3054,0.1078,0.2444,0.0947,0.0244,0.2233,70,120,37,1
1117,0.3509,0.0704,0.2151,0.0,0.0561,0.3074,100,100,39,2
1118,0.3826,0.0469,0.1262,0.1547,0.0621,0.2276,130,220,33,2
1119,0.3775,0.0463,0.2311,0.1197,0.0782,0.1472,100,150,42,2
1120,0.3653,0.0378,0.209,0.0177,0.1523,0.2178,100,130,30,2
1121,0.4323,0.0541,0.0549,0.0597,0.1182,0.2807,100,130,28,2
1122,0.4745,0.0709,0.0108,0.005,0.305,0.1337,60,100,41,1
1123,0.4073,0.0648,0.2635,0.0361,0.081,0.1473,100,120,33,2
1124,0.5104,0.0,0.0412,0.0369,0.279,0.1324,50,70,25,2
1125,0.4188,0.0634,0.0921,0.0653,0.1529,0.2076,90,200,43,2
1126,0.3319,0.0408,0.163,0.1029,0.0881,0.2733,110,190,33,2
1127,0.319,0.0321,0.1324,0.2103,0.0016,0.3046,60,70,28,2
1128,0.2872,0.0599,0.1125,0.1043,0.0867,0.3492,90,140,45,1
1129,0.2995,0.0642,0.1047,0.0,0.2598,0.2718,100,110,34,1
1130,0.3638,0.0768,0.0485,0.1881,0.0303,0.2925,80,90,33,1
1131,0.5193,0.0768,0.0063,0.0,0.3004,0.0972,60,130,51,1
1132,0.4168,0.1171,0.0073,0.071,0.0625,0.3254,80,120,39,2
1133,0.2937,0.0332,0.0,0.0688,0.049,0.5552,120,200,43,2
1134,0.4282,0.0361,0.0953,0.0989,0.0755,0.266,140,110,40,2
1135,0.1843,0.0462,0.0488,0.0367,0.1223,0.5616,190,190,43,2
1136,0.3307,0.0503,0.1418,0.102,0.1964,0.1787,70,110,32,2
1137,0.4636,0.0512,0.0,0.0397,0.0041,0.4414,60,100,29,1
1138,0.3607,0.2336,0.0244,0.1953,0.0886,0.0974,140,180,37,2
1139,0.3756,0.088,0.1109,0.0412,0.1435,0.2408,60,90,31,1
1140,0.3219,0.0677,0.1532,0.1574,0.0937,0.206,140,140,37,2
1141,0.3896,0.0846,0.06,0.1123,0.0175,0.336,50,130,28,1
1142,0.437,0.0763,0.044,0.0564,0.1514,0.235,70,100,26,2
1143,0.4332,0.1282,0.081,0.0,0.2258,0.1317,60,80,37,2
1144,0.4191,0.1627,0.0,0.0284,0.0,0.3899,30,120,49,1
1145,0.121,0.0306,0.1512,0.0,0.6235,0.0737,240,160,51,2
1146,0.0894,0.0605,0.0204,0.0232,0.0,0.8066,140,120,29,2
1147,0.4239,0.0458,0.0691,0.177,0.1227,0.1614,70,120,33,2
1148,0.4602,0.0459,0.231,0.0034,0.0549,0.2046,70,130,44,2
1149,0.4624,0.0484,0.0143,0.0,0.0952,0.3798,70,100,26,1
1150,0.4434,0.091,0.0,0.0475,0.2637,0.1543,40,110,23,1
1151,0.4188,0.0231,0.1356,0.0098,0.0238,0.3889,100,180,42,2
1152,0.3084,0.0603,0.0708,0.0565,0.2539,0.2502,100,120,43,1
1153,0.2816,0.1317,0.2209,0.0858,0.0162,0.2638,100,130,38,2
1154,0.332,0.0533,0.3643,0.0824,0.0216,0.1464,140,120,26,1
1155,0.5244,0.0785,0.0405,0.0,0.0783,0.2783,60,150,28,1
1156,0.2306,0.0718,0.261,0.1372,0.0631,0.2363,70,100,29,1
1157,0.3217,0.0576,0.3136,0.0122,0.125,0.17,80,90,33,1
1158,0.304,0.0862,0.0322,0.0338,0.223,0.3209,70,100,28,1
1159,0.4823,0.1084,0.0,0.0,0.1429,0.2664,50,140,40,2
1160,0.2267,0.049,0.2243,0.0881,0.1776,0.2344,100,160,27,1
1161,0.2503,0.0537,0.1164,0.0804,0.118,0.3813,120,160,42,1
1162,0.1973,0.0379,0.352,0.0173,0.1003,0.2951,160,110,28,2
1163,0.3491,0.0525,0.0763,0.0461,0.2152,0.2608,90,120,33,2
1164,0.2428,0.0391,0.129,0.1601,0.1974,0.2315,120,190,42,1
1165,0.4108,0.0522,0.0044,0.1254,0.0054,0.4018,70,100,30,1
1166,0.3379,0.0494,0.1303,0.0071,0.3338,0.1415,70,180,33,1
1167,0.3365,0.1347,0.1323,0.0387,0.0502,0.3076,60,80,32,2
1168,0.2213,0.2232,0.0,0.117,0.1051,0.3334,60,190,31,1
1169,0.367,0.1246,0.1454,0.0318,0.0613,0.2699,80,110,32,1
1170,0.2835,0.069,0.3624,0.0516,0.026,0.2075,170,330,44,2
1171,0.2154,0.1121,0.172,0.0986,0.0325,0.3695,110,280,36,2
1172,0.4319,0.0671,0.1033,0.0,0.0179,0.3797,60,110,31,2
1173,0.5688,0.0272,0.0711,0.077,0.0637,0.1923,150,70,29,2
1174,0.3423,0.1166,0.0,0.0,0.2048,0.3364,40,120,31,2
1175,0.4205,0.0671,0.0,0.0268,0.2252,0.2604,50,110,29,1
1176,0.1408,0.0262,0.3622,0.1296,0.0238,0.3174,190,150,26,1
1177,0.329,0.1158,0.0663,0.0903,0.1199,0.2786,70,110,24,2
1178,0.4373,0.0574,0.1479,0.0,0.0751,0.2822,70,100,39,2
1179,0.2491,0.0327,0.0806,0.1772,0.2565,0.204,80,70,23,2
1180,0.344,0.0357,0.0,0.154,0.0884,0.3779,90,70,38,1
1181,0.2991,0.0368,0.1547,0.1053,0.1235,0.2805,120,160,30,1
1182,0.3411,0.0542,0.0876,0.0758,0.1494,0.2919,120,110,33,2
1183,0.2801,0.0663,0.1518,0.1093,0.1249,0.2676,80,120,34,2
1184,0.4955,0.0694,0.1438,0.0217,0.0,0.2695,80,120,36,2
1185,0.3926,0.0639,0.0466,0.04,0.1023,0.3547,130,250,52,1
1186,0.4309,0.059,0.0342,0.0973,0.1662,0.2123,60,130,27,2
1187,0.1289,0.0176,0.6155,0.0219,0.125,0.091,390,350,35,1
1188,0.3465,0.1137,0.19,0.1286,0.0327,0.1885,160,320,46,1
1189,0.4728,0.0585,0.0106,0.1019,0.1047,0.2515,70,100,39,2
1190,0.1416,0.4803,0.2177,0.0016,0.0232,0.1355,120,170,50,2
1191,0.38,0.0499,0.174,0.1418,0.0405,0.2138,140,330,38,2
1192,0.4226,0.1065,0.0484,0.035,0.1383,0.2492,90,130,49,1
1193,0.3052,0.0708,0.1871,0.0972,0.1458,0.1939,190,350,45,1
1194,0.3338,0.1858,0.1122,0.1137,0.0144,0.2401,110,100,24,2
1195,0.3798,0.0344,0.0677,0.0459,0.3505,0.1217,110,180,40,2
1196,0.3897,0.0327,0.0653,0.1809,0.002,0.3295,60,100,32,1
1197,0.2825,0.0349,0.0801,0.2757,0.2363,0.0904,140,170,51,2
1198,0.4439,0.0351,0.0779,0.0593,0.094,0.2897,330,160,55,2
1199,0.3062,0.1303,0.0184,0.0591,0.17,0.316,70,140,39,1
1200,0.3138,0.1095,0.1719,0.184,0.0045,0.2164,110,460,28,1
1201,0.5556,0.0556,0.0,0.0058,0.0858,0.2972,40,100,34,2
1202,0.5085,0.0604,0.1491,0.0,0.0994,0.1826,40,120,35,1
1203,0.3072,0.0337,0.3208,0.103,0.0274,0.2079,190,250,38,1
1204,0.499,0.0849,0.046,0.0,0.023,0.3472,60,150,41,2
1205,0.5868,0.0599,0.0,0.0,0.0879,0.2655,60,130,60,1
1206,0.2655,0.0314,0.3157,0.0979,0.0837,0.2058,150,110,43,2
1207,0.3979,0.1101,0.0,0.0,0.166,0.326,70,140,32,2
1208,0.3492,0.0634,0.0344,0.1856,0.1633,0.2041,80,160,33,2
1209,0.453,0.1659,0.0057,0.0,0.0,0.3754,60,100,29,2
1210,0.4608,0.1466,0.0,0.025,0.0,0.3676,90,260,59,2
1211,0.3352,0.0593,0.0362,0.0501,0.0462,0.473,70,90,23,1
1212,0.2046,0.0766,0.0763,0.0189,0.1796,0.4441,110,190,38,1
1213,0.3628,0.0343,0.1267,0.0125,0.1956,0.2681,150,120,29,2
1214,0.3332,0.0886,0.0695,0.0863,0.1461,0.2765,120,180,43,1
1215,0.4516,0.0399,0.0,0.2082,0.0206,0.2798,90,110,39,2
1216,0.2816,0.1101,0.1473,0.0424,0.2062,0.2124,140,180,39,1
1217,0.2511,0.2016,0.1923,0.0687,0.1358,0.1505,90,140,28,1
1218,0.3018,0.0954,0.2847,0.0285,0.1429,0.1468,90,150,41,2
1219,0.4914,0.0634,0.0745,0.0246,0.0548,0.2914,40,80,30,1
1220,0.2035,0.036,0.1615,0.0136,0.5057,0.0797,130,110,32,2
1221,0.4411,0.1006,0.1738,0.0,0.0369,0.2477,60,100,55,2
1222,0.2616,0.0295,0.2082,0.0654,0.1458,0.2895,130,90,32,2
1223,0.6567,0.08,0.1155,0.0162,0.0,0.1316,70,110,36,2
1224,0.3752,0.0271,0.1863,0.0206,0.2267,0.1641,90,150,44,1
1225,0.251,0.119,0.017,0.0307,0.1171,0.4651,290,360,36,2
1226,0.1102,0.0305,0.0,0.013,0.7383,0.108,140,130,29,2
1227,0.2839,0.1608,0.145,0.1188,0.0646,0.2269,90,90,22,1
1228,0.4087,0.0837,0.136,0.19,0.0175,0.1641,150,230,42,2
1229,0.2414,0.0809,0.1345,0.0,0.1661,0.3771,80,80,30,1
1230,0.3379,0.0915,0.0678,0.0,0.2634,0.2394,110,160,37,2
1231,0.5788,0.1083,0.1197,0.0214,0.0,0.1717,80,200,39,2
1232,0.4675,0.1145,0.1736,0.0,0.0776,0.1669,70,100,42,2
1233,0.3359,0.0403,0.2642,0.0607,0.1712,0.1278,190,200,56,1
1234,0.1297,0.0661,0.0531,0.0215,0.1174,0.6122,80,110,33,2
1235,0.3105,0.0625,0.3034,0.0808,0.0004,0.2424,90,130,36,1
1236,0.4307,0.0341,0.1731,0.0,0.1367,0.2254,80,90,31,2
1237,0.2965,0.0594,0.1145,0.0484,0.2211,0.26,110,120,39,2
1238,0.3877,0.1692,0.0122,0.0254,0.1894,0.216,90,150,36,1
1239,0.309,0.1235,0.1586,0.0967,0.0673,0.245,100,50,49,1
1240,0.313,0.0511,0.1803,0.0064,0.0921,0.3571,120,110,32,2
1241,0.4807,0.0455,0.0738,0.0676,0.0,0.3323,140,120,33,2
1242,0.3181,0.0473,0.11,0.179,0.1429,0.2027,90,140,41,2
1243,0.5917,0.0857,0.0613,0.0063,0.0697,0.1853,80,140,38,2
1244,0.2142,0.035,0.4454,0.1369,0.0721,0.0964,100,120,24,1
1245,0.5188,0.2392,0.0354,0.0,0.0075,0.199,60,80,26,1
1246,0.2903,0.1774,0.1184,0.1061,0.0401,0.2677,100,110,33,2
1247,0.3106,0.0529,0.216,0.0955,0.2206,0.1045,190,280,36,2
1248,0.451,0.1263,0.0029,0.0194,0.2666,0.1338,60,70,38,2
1249,0.2242,0.038,0.1445,0.0363,0.2532,0.3037,210,160,37,2
1250,0.2923,0.062,0.1153,0.1108,0.2259,0.1936,150,150,36,1
1251,0.5419,0.1469,0.0,0.0,0.0188,0.2923,40,60,25,2
1252,0.4406,0.0697,0.1706,0.0176,0.198,0.1035,110,140,48,2
1253,0.2522,0.0574,0.105,0.1567,0.0363,0.3924,90,90,24,1
1254,0.2713,0.0492,0.3499,0.0079,0.0798,0.2418,130,120,46,1
1255,0.2395,0.0612,0.0112,0.0612,0.3886,0.2382,80,100,29,1
1256,0.4426,0.0672,0.0578,0.0,0.0575,0.3749,60,160,34,2
1257,0.6188,0.0784,0.0512,0.0097,0.0342,0.2078,80,100,42,1
1258,0.3965,0.0567,0.0721,0.0241,0.239,0.2117,100,160,28,2
1259,0.4015,0.0812,0.3145,0.0265,0.0337,0.1425,140,190,36,2
1260,0.3085,0.0671,0.0612,0.2613,0.027,0.2747,80,140,39,2
1261,0.374,0.0561,0.221,0.0146,0.1658,0.1686,80,100,36,1
1262,0.2566,0.037,0.0,0.0112,0.2357,0.4594,70,100,30,2
1263,0.3852,0.1237,0.0358,0.1331,0.14,0.182,70,110,27,1
1264,0.245,0.033,0.2305,0.0242,0.2073,0.26,100,120,24,1
1265,0.3688,0.0804,0.1592,0.0384,0.1156,0.2376,80,120,45,1
1266,0.3594,0.0432,0.0786,0.0519,0.0756,0.3912,130,120,38,2
1267,0.4491,0.0519,0.0755,0.1562,0.0039,0.2635,130,100,36,2
1268,0.2367,0.0382,0.1184,0.0156,0.0992,0.492,120,110,37,1
1269,0.2847,0.0273,0.2754,0.014,0.1069,0.2916,170,110,51,1
1270,0.2701,0.1812,0.0748,0.1584,0.1015,0.214,90,100,39,2
1271,0.4431,0.0675,0.1196,0.1771,0.0328,0.1599,140,210,32,1
1272,0.349,0.2142,0.08,0.0924,0.0039,0.2605,130,70,25,1
1273,0.2971,0.0805,0.1648,0.0341,0.1095,0.314,170,150,41,2
1274,0.3704,0.1259,0.02,0.0583,0.1212,0.3042,60,90,27,1
1275,0.3377,0.0639,0.0,0.033,0.1446,0.4208,60,130,33,2
1276,0.354,0.0429,0.0766,0.2334,0.0847,0.2084,170,210,36,2
1277,0.2714,0.0808,0.0363,0.0278,0.1881,0.3956,120,130,49,2
1278,0.2906,0.1167,0.2508,0.0591,0.0542,0.2285,70,140,38,2
1279,0.3352,0.0668,0.3349,0.0,0.0858,0.1774,70,80,28,1
1280,0.3837,0.0424,0.1539,0.0149,0.0021,0.403,70,140,46,2
1281,0.2802,0.1086,0.0879,0.0316,0.1513,0.3405,50,130,35,2
1282,0.2382,0.0573,0.3341,0.0632,0.0433,0.2639,110,150,33,2
1283,0.5502,0.1273,0.0062,0.0579,0.0,0.2584,80,140,38,2
1284,0.48,0.0465,0.0241,0.0719,0.2934,0.0841,70,120,31,2
1285,0.2614,0.0259,0.105,0.0,0.1209,0.4868,250,140,35,2
1286,0.3886,0.09,0.0577,0.0,0.1696,0.294,70,160,45,1
1287,0.4639,0.0824,0.0807,0.068,0.1809,0.124,80,150,27,2
1288,0.4264,0.0564,0.0,0.0,0.4087,0.1085,110,180,23,1
1289,0.3634,0.0723,0.262,0.0,0.1975,0.1048,40,110,37,1
1290,0.3756,0.0517,0.1258,0.0503,0.066,0.3306,100,100,30,2
1291,0.2419,0.0767,0.0916,0.0,0.0384,0.5514,100,70,36,2
1292,0.5535,0.1023,0.0625,0.1526,0.0023,0.1268,60,110,43,2
1293,0.4259,0.0326,0.0987,0.0544,0.0349,0.3535,170,200,40,2
1294,0.3435,0.0238,0.2052,0.178,0.0132,0.2363,170,110,35,2
1295,0.2634,0.0497,0.0555,0.0,0.381,0.2504,80,130,50,1
1296,0.1818,0.0249,0.0,0.0,0.2121,0.5812,110,210,48,2
1297,0.4119,0.0528,0.0051,0.0136,0.0766,0.4401,110,150,51,1
1298,0.4545,0.1468,0.1943,0.0314,0.0,0.1731,70,180,27,1
1299,0.2292,0.0605,0.1136,0.0606,0.1188,0.4173,270,270,49,1
1300,0.2914,0.049,0.1246,0.0455,0.1223,0.3672,240,190,33,2
1301,0.2519,0.0926,0.0719,0.0166,0.231,0.3359,70,210,35,1
1302,0.3961,0.0671,0.1495,0.0232,0.1342,0.2298,110,140,42,2
1303,0.2006,0.05,0.3718,0.0,0.0686,0.3091,60,110,37,2
1304,0.4444,0.0525,0.1912,0.0291,0.1295,0.1534,70,100,29,2
1305,0.2712,0.2647,0.0,0.0,0.0036,0.4605,80,110,42,2
1306,0.3388,0.0265,0.1827,0.1263,0.1092,0.2165,190,150,39,2
1307,0.1793,0.0195,0.1989,0.0294,0.0826,0.4903,160,140,43,2
1308,0.2979,0.0792,0.3034,0.0,0.1649,0.1546,90,100,27,1
1309,0.2521,0.1428,0.0738,0.1415,0.2267,0.1632,100,70,42,2
1310,0.5644,0.1076,0.025,0.0602,0.0026,0.2401,80,110,37,2
1311,0.2406,0.0327,0.0337,0.0067,0.1423,0.544,180,250,42,1
1312,0.3815,0.0624,0.025,0.0,0.3699,0.1612,100,160,46,2
1313,0.302,0.0692,0.1438,0.1912,0.1833,0.1105,110,130,45,1
1314,0.2483,0.1542,0.0221,0.0,0.0046,0.5708,60,100,30,1
1315,0.3821,0.0599,0.0012,0.0,0.1915,0.3653,80,110,28,2
1316,0.3931,0.1089,0.0022,0.064,0.0599,0.3719,80,140,40,2
1317,0.5547,0.0748,0.0,0.0497,0.0,0.3208,60,170,33,2
1318,0.2249,0.0597,0.1171,0.0189,0.3508,0.2286,80,110,31,2
1319,0.2533,0.0452,0.0685,0.0,0.2699,0.3631,90,100,23,1
1320,0.2344,0.0774,0.0,0.0347,0.2536,0.3999,70,140,30,2
1321,0.548,0.1144,0.01,0.0,0.0402,0.2874,100,110,38,1
1322,0.2036,0.0504,0.1035,0.0047,0.2012,0.4366,190,260,45,1
1323,0.3653,0.0712,0.0,0.0097,0.1853,0.3685,50,110,47,2
1324,0.4616,0.0563,0.3053,0.0,0.0058,0.171,60,110,50,1
1325,0.3898,0.0425,0.1827,0.0,0.2441,0.1408,80,160,36,2
1326,0.3769,0.0561,0.1154,0.0585,0.1142,0.2789,90,180,39,2
1327,0.4442,0.0535,0.1969,0.0331,0.1357,0.1367,110,180,26,2
1328,0.3459,0.0682,0.0946,0.0627,0.1787,0.2498,80,130,28,1
1329,0.2445,0.0788,0.1306,0.1197,0.0955,0.3309,130,140,41,1
1330,0.3746,0.0497,0.1006,0.0,0.1315,0.3437,110,90,51,2
1331,0.3021,0.0782,0.0752,0.1129,0.1215,0.3101,130,150,28,2
1332,0.2642,0.0598,0.0682,0.3733,0.0286,0.2059,150,180,34,2
1333,0.3517,0.0586,0.0062,0.0597,0.2174,0.3065,80,190,32,1
1334,0.4578,0.1908,0.0,0.0,0.0044,0.3469,70,60,25,1
1335,0.3692,0.0906,0.0046,0.0363,0.1019,0.3975,80,90,31,2
1336,0.3461,0.0601,0.0526,0.0038,0.1125,0.4249,100,140,32,2
1337,0.5216,0.0524,0.0378,0.0699,0.2331,0.0852,80,110,33,2
1338,0.3959,0.0488,0.1534,0.0689,0.0745,0.2585,120,170,42,2
1339,0.3981,0.0486,0.0438,0.1168,0.0673,0.3254,70,120,36,2
1340,0.2317,0.0298,0.178,0.0,0.1738,0.3867,160,200,32,2
1341,0.2992,0.0516,0.231,0.0345,0.0926,0.2911,130,220,45,2
1342,0.2704,0.1302,0.0169,0.0348,0.3833,0.1644,70,90,23,1
1343,0.4061,0.1164,0.0658,0.1489,0.0119,0.2509,80,100,26,1
1344,0.1695,0.0486,0.1863,0.0276,0.1801,0.388,170,450,42,2
1345,0.2691,0.0747,0.0856,0.0473,0.3832,0.1401,100,120,45,1
1346,0.242,0.0658,0.1431,0.0437,0.0492,0.4562,160,150,37,1
1347,0.1605,0.1027,0.0271,0.0771,0.0374,0.5952,110,200,35,2
1348,0.549,0.0637,0.0498,0.1346,0.0948,0.1081,120,140,58,2
1349,0.3783,0.3101,0.0682,0.0091,0.0506,0.1837,110,80,43,2
1350,0.3473,0.0464,0.1253,0.0339,0.3069,0.1402,260,160,33,2
1351,0.3136,0.0262,0.1556,0.0293,0.1396,0.3356,180,120,26,2
1352,0.3913,0.039,0.1132,0.0705,0.1075,0.2785,150,120,26,2
1353,0.3481,0.055,0.1179,0.1355,0.0591,0.2844,190,120,42,2
1354,0.3049,0.0947,0.3404,0.0,0.1028,0.1572,110,100,29,2
1355,0.6057,0.0686,0.0,0.0158,0.0327,0.2772,50,90,23,1
1356,0.4202,0.0907,0.0659,0.0,0.3062,0.117,70,180,33,2
1357,0.4845,0.0832,0.0572,0.1457,0.1563,0.0731,60,80,23,1
1358,0.3311,0.1393,0.1118,0.0,0.1898,0.2281,80,170,46,1
1359,0.2621,0.0625,0.1492,0.0929,0.2395,0.1938,110,130,35,2
1360,0.3886,0.1197,0.0164,0.0078,0.0889,0.3786,60,110,26,1
1361,0.2361,0.0479,0.0936,0.0298,0.1225,0.4701,130,170,45,1
1362,0.5952,0.1443,0.0,0.0121,0.0839,0.1645,60,90,36,1
1363,0.2785,0.0452,0.2092,0.0881,0.0089,0.3701,100,110,37,2
1364,0.5297,0.1524,0.0265,0.137,0.0,0.1544,40,70,27,2
1365,0.325,0.0523,0.1368,0.043,0.067,0.376,80,160,37,2
1366,0.3887,0.0561,0.0247,0.0187,0.3011,0.2107,100,140,42,2
1367,0.4637,0.0666,0.0,0.0683,0.0428,0.3586,70,110,35,2
1368,0.2665,0.0826,0.1978,0.1167,0.0769,0.2595,110,160,32,1
1369,0.3369,0.0855,0.1244,0.0101,0.1453,0.2978,90,150,37,2
1370,0.1971,0.1142,0.1198,0.0369,0.3142,0.2179,90,260,33,1
1371,0.5644,0.0609,0.035,0.0329,0.1275,0.1792,50,120,37,1
1372,0.2643,0.0959,0.0,0.2029,0.0881,0.3488,70,140,36,1
1373,0.34,0.073,0.0767,0.0159,0.3517,0.1427,40,100,37,1
1374,0.3602,0.0538,0.1265,0.1045,0.1404,0.2145,90,100,31,1
1375,0.3873,0.0683,0.0527,0.0,0.2902,0.2015,50,80,27,1
1376,0.1966,0.048,0.2224,0.106,0.0905,0.3366,150,110,51,1
1377,0.2863,0.0487,0.0045,0.0432,0.2421,0.3753,60,90,31,2
1378,0.3793,0.0583,0.0768,0.0,0.3091,0.1765,110,180,37,2
1379,0.2946,0.041,0.0035,0.3013,0.0856,0.274,130,420,35,1
1380,0.3176,0.0447,0.1941,0.033,0.0949,0.3157,120,230,33,2
1381,0.3874,0.0677,0.1878,0.03,0.1472,0.1798,100,160,36,1
1382,0.2055,0.0302,0.0837,0.028,0.3039,0.3487,90,140,32,2
1383,0.3173,0.0493,0.2087,0.0667,0.1497,0.2084,70,100,35,1
1384,0.2394,0.047,0.1523,0.1238,0.231,0.2066,100,140,32,1
1385,0.1843,0.0358,0.0026,0.2303,0.0222,0.5249,270,290,34,2
1386,0.4384,0.0421,0.2892,0.0,0.0469,0.1833,100,90,57,1
1387,0.2842,0.0564,0.0038,0.0266,0.0725,0.5564,150,240,50,2
1388,0.4658,0.0645,0.0713,0.0211,0.1133,0.264,70,80,41,1
1389,0.4741,0.1242,0.0094,0.1145,0.066,0.2118,110,130,48,2
1390,0.3761,0.1684,0.0656,0.0062,0.2697,0.114,80,90,32,2
1391,0.4093,0.1801,0.1082,0.0541,0.0,0.2484,60,70,24,2
1392,0.4699,0.0621,0.1262,0.0152,0.1495,0.177,70,90,29,1
1393,0.4571,0.11,0.1319,0.0,0.0051,0.2959,70,90,35,2
1394,0.4167,0.0612,0.1906,0.0796,0.1234,0.1287,150,170,37,2
1395,0.3174,0.0518,0.2457,0.0,0.2289,0.1562,110,70,30,2
1396,0.4885,0.0838,0.0,0.0729,0.0342,0.3206,60,100,33,2
1397,0.3921,0.0935,0.1707,0.0419,0.125,0.1768,90,110,41,2
1398,0.2969,0.0517,0.1759,0.0,0.3525,0.123,160,220,39,2
1399,0.374,0.0563,0.135,0.0078,0.1776,0.2493,80,130,44,2
1400,0.2352,0.076,0.0862,0.0213,0.1561,0.4253,120,190,45,2
1401,0.5134,0.0837,0.0419,0.2579,0.067,0.0361,60,30,20,1
1402,0.1916,0.0546,0.1765,0.0201,0.1679,0.3894,120,240,36,2
1403,0.1903,0.0658,0.0925,0.0078,0.3585,0.285,70,170,40,2
1404,0.1455,0.0426,0.4824,0.0,0.0389,0.2906,200,170,33,2
1405,0.4264,0.104,0.0034,0.0355,0.124,0.3068,60,70,29,2
1406,0.4948,0.0877,0.1255,0.0904,0.0086,0.1929,60,130,27,1
1407,0.4963,0.0869,0.0044,0.0946,0.044,0.2738,50,60,39,1
1408,0.4248,0.0724,0.1952,0.03,0.027,0.2506,80,200,33,1
1409,0.3636,0.0551,0.0538,0.103,0.2115,0.2128,90,100,38,2
1410,0.3997,0.0697,0.091,0.0366,0.0096,0.3934,60,100,32,2
1411,0.2145,0.0525,0.243,0.0233,0.1219,0.3447,210,250,35,1
1412,0.2146,0.1034,0.0455,0.2614,0.1151,0.26,90,120,26,2
1413,0.201,0.0846,0.141,0.013,0.0529,0.5074,190,270,37,2
1414,0.2973,0.0572,0.1804,0.0062,0.0321,0.4268,110,250,38,2
1415,0.0854,0.0147,0.0714,0.015,0.5948,0.2188,320,160,33,2
1416,0.3032,0.0985,0.1858,0.0,0.1023,0.3102,100,420,36,1
1417,0.4155,0.0735,0.0289,0.1249,0.0906,0.2666,100,130,39,2
1418,0.3379,0.0946,0.1689,0.0136,0.0955,0.2894,90,130,55,1
1419,0.3394,0.0728,0.1712,0.0361,0.047,0.3335,80,90,29,1
1420,0.4797,0.0797,0.0,0.0327,0.0964,0.3115,70,110,31,2
1421,0.3188,0.0507,0.0576,0.0,0.4291,0.1438,90,100,43,1
1422,0.4093,0.0863,0.2003,0.0488,0.0846,0.1707,140,170,44,2
1423,0.3754,0.0914,0.0396,0.1102,0.1102,0.2731,60,110,31,2
1424,0.3273,0.0499,0.1115,0.0589,0.1191,0.3333,120,170,23,1
1425,0.4971,0.0512,0.0167,0.0629,0.0757,0.2964,80,120,40,1
1426,0.3045,0.0945,0.1045,0.11,0.0587,0.3277,110,180,44,2
1427,0.4384,0.0695,0.0341,0.0,0.0946,0.3633,100,160,38,2
1428,0.2896,0.0626,0.0,0.1273,0.2877,0.2328,100,180,52,1
1429,0.4051,0.065,0.1231,0.0151,0.0828,0.3089,90,140,33,2
1430,0.347,0.2207,0.0506,0.1343,0.0575,0.1899,70,170,29,1
1431,0.2375,0.0357,0.1288,0.0739,0.0791,0.4449,140,250,36,2
1432,0.2243,0.0295,0.3873,0.0,0.1815,0.1773,180,110,31,2
1433,0.4476,0.1014,0.2335,0.0038,0.0198,0.1938,160,230,43,2
1434,0.3552,0.0656,0.0719,0.0745,0.1879,0.2449,70,120,43,1
1435,0.2566,0.0283,0.2019,0.0642,0.0472,0.4017,240,120,45,1
1436,0.2279,0.0399,0.3601,0.0362,0.2148,0.1212,90,200,33,2
1437,0.3426,0.0543,0.1015,0.0347,0.1706,0.2963,110,130,34,1
1438,0.3551,0.0443,0.0655,0.0779,0.3125,0.1448,160,220,33,2
1439,0.2722,0.1998,0.1856,0.0076,0.0091,0.3256,100,120,37,2
1440,0.3906,0.1264,0.0,0.033,0.2014,0.2486,100,120,39,2
1441,0.4348,0.1423,0.0107,0.1132,0.1185,0.1805,80,80,25,2
1442,0.2693,0.0773,0.2918,0.0056,0.04,0.3159,90,150,40,2
1443,0.1965,0.0871,0.099,0.0955,0.1445,0.3775,200,330,55,2
1444,0.251,0.1513,0.0972,0.0586,0.1976,0.2442,80,100,32,2
1445,0.4268,0.049,0.1368,0.006,0.1792,0.2022,90,150,40,2
1446,0.3119,0.0503,0.0315,0.0544,0.1691,0.3829,120,190,46,1
1447,0.3938,0.0415,0.141,0.0585,0.1359,0.2293,90,140,31,1
1448,0.2115,0.0482,0.3747,0.1107,0.063,0.1919,110,140,31,1
1449,0.4295,0.1353,0.025,0.1104,0.0982,0.2015,140,200,41,1
1450,0.3415,0.1008,0.0671,0.0554,0.1345,0.3007,60,160,32,2
1451,0.2382,0.0877,0.2153,0.1039,0.0373,0.3176,220,110,31,2
1452,0.4138,0.0485,0.0206,0.0672,0.1226,0.3273,160,150,39,2
1453,0.4923,0.0789,0.0196,0.0275,0.162,0.2197,70,170,35,2
1454,0.6039,0.1273,0.032,0.0079,0.0626,0.1662,50,130,31,2
1455,0.3496,0.1288,0.0745,0.0894,0.0612,0.2966,80,110,34,2
1456,0.3439,0.1584,0.1465,0.0475,0.0268,0.2769,130,160,40,2
1457,0.2607,0.1343,0.1965,0.0,0.2265,0.1819,90,80,33,2
1458,0.2291,0.1244,0.1284,0.0206,0.2708,0.2267,90,160,46,1
1459,0.3305,0.0506,0.1329,0.0451,0.0793,0.3615,90,90,35,2
1460,0.2737,0.0692,0.0,0.0652,0.2187,0.3732,110,180,41,2
1461,0.1874,0.1256,0.0764,0.0,0.2947,0.3159,40,100,26,1
1462,0.4515,0.05,0.0028,0.0492,0.225,0.2215,60,120,27,2
1463,0.451,0.0924,0.0105,0.1785,0.0779,0.1897,120,230,40,2
1464,0.2001,0.0701,0.2763,0.0316,0.1251,0.2969,120,120,34,1
1465,0.178,0.1717,0.0,0.0625,0.3442,0.2436,90,140,34,1
1466,0.3274,0.086,0.1138,0.0214,0.1608,0.2906,80,60,60,1
1467,0.4046,0.2903,0.0109,0.0492,0.026,0.2191,60,40,19,1
1468,0.5052,0.1301,0.0247,0.0732,0.0112,0.2556,60,120,30,2
1469,0.2944,0.0655,0.0334,0.0329,0.4015,0.1722,70,100,29,2
1470,0.275,0.0831,0.1162,0.135,0.1243,0.2665,120,130,42,1
1471,0.302,0.1145,0.0292,0.0544,0.2712,0.2287,70,120,32,1
1472,0.3839,0.0566,0.0782,0.0,0.1807,0.3007,100,120,25,2
1473,0.3083,0.0606,0.1205,0.066,0.0765,0.3681,100,150,39,2
1474,0.4802,0.1167,0.0122,0.0497,0.1014,0.2399,70,110,37,2
1475,0.4556,0.0637,0.1349,0.0528,0.1257,0.1672,80,100,37,2
1476,0.2464,0.1042,0.0258,0.0133,0.2352,0.375,80,130,37,2
1477,0.4184,0.0,0.0201,0.0399,0.2054,0.3162,90,100,42,1
1478,0.3638,0.0666,0.2029,0.0049,0.0459,0.3158,80,140,31,2
1479,0.2761,0.07,0.0811,0.0853,0.2309,0.2566,130,140,40,1
1480,0.3043,0.0744,0.1291,0.035,0.0233,0.4339,130,120,40,1
1481,0.4383,0.1449,0.0492,0.0139,0.0564,0.2973,50,110,25,2
1482,0.3616,0.0503,0.0248,0.0066,0.2347,0.322,70,110,29,1
1483,0.3126,0.0958,0.2538,0.0522,0.0929,0.1926,120,150,32,2
1484,0.1829,0.1208,0.0347,0.0516,0.4034,0.2066,100,80,40,1
1485,0.2792,0.1394,0.0,0.0835,0.1432,0.3547,60,120,32,2
1486,0.4055,0.1167,0.1072,0.0,0.1192,0.2513,60,90,43,1
1487,0.2396,0.0659,0.1481,0.0704,0.2433,0.2326,130,160,37,2
1488,0.4385,0.0701,0.0233,0.1559,0.1897,0.1225,90,110,48,1
1489,0.303,0.0549,0.173,0.0176,0.1116,0.3398,90,110,35,2
1490,0.1563,0.108,0.3352,0.0064,0.1649,0.2293,50,100,41,1
1491,0.2415,0.0497,0.1821,0.1003,0.1268,0.2995,210,110,36,2
1492,0.4625,0.0719,0.031,0.1867,0.0644,0.1836,50,80,27,2
1493,0.3742,0.0534,0.1103,0.0,0.2224,0.2397,70,140,35,2
1494,0.456,0.1254,0.1106,0.0211,0.0926,0.1943,90,100,35,2
1495,0.2331,0.0961,0.1131,0.0614,0.1469,0.3495,150,230,32,2
1496,0.2567,0.1354,0.1292,0.0518,0.0719,0.355,210,170,53,1
1497,0.3401,0.1143,0.2737,0.0356,0.0027,0.2335,70,120,26,2
1498,0.4445,0.0865,0.0,0.0144,0.3198,0.1348,50,120,42,2
1499,0.3882,0.1881,0.0346,0.0561,0.0068,0.3261,40,100,32,2
1500,0.346,0.092,0.1544,0.0325,0.1437,0.2314,130,170,34,2
1501,0.3904,0.1292,0.0674,0.0,0.1009,0.3119,50,130,34,2
1502,0.4719,0.1642,0.043,0.1203,0.1298,0.0708,110,80,46,2
1503,0.2555,0.0412,0.0119,0.0564,0.1202,0.5149,140,170,40,2
1504,0.5301,0.1289,0.0726,0.0474,0.1168,0.1041,110,110,39,2
1505,0.3876,0.1072,0.0114,0.065,0.2385,0.1902,190,180,47,2
1506,0.1623,0.0587,0.3681,0.0648,0.0914,0.2547,160,110,26,1
1507,0.3336,0.0341,0.1715,0.068,0.0512,0.3416,140,130,42,2
1508,0.0571,0.0454,0.0315,0.003,0.6805,0.1824,270,150,34,1
1509,0.4226,0.1154,0.0089,0.1305,0.0617,0.2609,50,110,31,1
1510,0.4048,0.1617,0.0402,0.0272,0.0821,0.284,60,90,37,2
1511,0.2544,0.0473,0.174,0.2425,0.0963,0.1856,100,130,24,1
1512,0.5297,0.0554,0.0899,0.2362,0.0335,0.0553,60,90,21,1
1513,0.2849,0.146,0.2391,0.1108,0.0788,0.1404,190,70,34,2
1514,0.6218,0.1584,0.0,0.0,0.0,0.2197,40,50,47,1
1515,0.4106,0.0402,0.0054,0.07,0.2256,0.2483,90,120,29,2
1516,0.2787,0.1066,0.0176,0.0,0.2196,0.3775,70,90,34,2
1517,0.3298,0.0759,0.2566,0.0292,0.1309,0.1777,100,260,38,2
1518,0.6061,0.0459,0.0787,0.0679,0.0259,0.1755,130,160,44,2
1519,0.1885,0.0328,0.1279,0.2162,0.1575,0.2771,140,140,27,1
