,longitude,latitude,number,early,late
1,-94.5,46.1,1,0,1
2,-93.0,46.6,2,0,2
3,-94.6,48.5,1,1,0
4,-92.9,46.6,2,0,2
5,-95.9,48.8,1,0,1
6,-92.7,47.1,1,0,1
7,-94.2,48.0,2,0,2
8,-95.6,46.8,1,0,1
9,-96.3,48.6,3,2,1
10,-91.4,47.2,1,0,1
11,-95.7,48.6,1,0,1
12,-96.6,48.8,1,0,1
13,-96.3,48.6,1,1,0
14,-96.1,48.5,1,0,1
15,-93.7,47.2,1,0,1
16,-94.0,47.4,1,0,1
17,-94.1,48.0,1,0,1
18,-95.6,47.4,1,0,1
19,-94.5,48.5,1,1,0
20,-95.5,47.9,2,2,0
21,-94.8,46.7,4,0,4
22,-93.7,47.0,4,0,4
23,-93.7,47.0,1,0,1
24,-92.9,46.9,1,0,1
25,-95.4,47.3,1,1,0
26,-94.9,47.8,1,0,1
27,-94.8,47.9,2,1,1
28,-93.0,47.9,3,1,2
29,-91.8,47.0,1,0,1
30,-95.8,48.6,7,7,0
31,-95.5,48.6,3,1,2
32,-93.4,47.5,1,0,1
33,-94.5,46.8,1,0,1
34,-92.7,46.0,1,0,1
35,-94.6,48.5,1,1,0
36,-94.5,48.0,2,2,0
37,-94.4,47.8,30,14,16
38,-93.3,48.4,1,0,1
39,-94.1,48.4,1,0,1
40,-94.5,46.6,1,0,1
41,-93.4,46.7,1,0,1
42,-93.0,48.3,15,7,8
43,-96.3,48.7,2,2,0
44,-93.5,48.3,1,1,0
45,-95.9,48.9,1,0,1
46,-94.9,48.7,1,1,0
47,-93.5,46.6,1,0,1
48,-96.5,48.5,1,0,1
49,-95.1,47.7,1,1,0
50,-93.0,47.1,1,0,1
51,-93.0,46.4,1,0,1
52,-95.6,47.8,1,1,0
53,-95.6,48.3,6,5,1
54,-96.7,48.9,1,0,1
55,-96.6,48.8,2,2,0
56,-96.6,48.8,1,0,1
57,-95.3,48.8,2,0,2
58,-94.4,48.7,3,0,3
59,-95.4,48.9,1,1,0
60,-96.4,48.0,1,0,1
61,-94.7,47.3,1,0,1
62,-92.6,46.0,3,0,3
63,-91.9,47.0,1,1,0
64,-92.9,46.8,1,1,0
65,-92.8,46.6,1,0,1
66,-92.7,46.4,1,0,1
67,-95.2,47.7,1,1,0
68,-94.7,48.7,1,1,0
69,-93.4,46.6,3,0,3
70,-92.6,47.2,3,1,2
71,-93.9,48.6,3,3,0
72,-95.4,47.1,1,1,0
73,-92.5,46.8,1,0,1
74,-94.1,47.9,2,0,2
75,-94.2,47.9,1,0,1
76,-92.0,44.2,1,1,0
77,-95.2,47.8,1,1,0
78,-96.6,48.8,1,1,0
79,-92.8,47.9,1,1,0
80,-95.4,48.9,1,1,0
81,-95.4,48.9,1,1,0
82,-93.6,46.7,2,0,2
83,-95.5,48.2,2,2,0
84,-93.5,48.5,2,0,2
85,-94.4,48.7,2,2,0
86,-96.2,48.9,1,1,0
87,-96.1,48.8,1,0,1
88,-92.8,47.9,1,0,1
89,-93.9,47.4,2,0,2
90,-94.8,47.7,7,2,5
91,-94.6,47.9,1,1,0
92,-94.2,47.9,6,3,3
93,-94.4,47.7,1,1,0
94,-93.0,46.8,1,0,1
95,-92.9,46.9,2,0,2
96,-91.6,47.1,1,0,1
97,-92.4,47.4,1,0,1
98,-96.0,48.6,10,8,2
99,-96.6,48.9,1,0,1
100,-94.5,47.9,5,1,4
101,-94.8,48.8,3,1,2
102,-95.4,47.3,1,1,0
103,-94.6,47.9,1,1,0
104,-94.4,47.6,1,0,1
105,-95.7,47.3,1,0,1
106,-91.7,47.2,1,1,0
107,-95.1,47.7,2,2,0
108,-93.8,46.1,1,0,1
109,-92.8,46.6,1,0,1
110,-93.8,47.2,1,0,1
111,-92.7,47.8,1,1,0
112,-92.9,46.8,1,0,1
113,-95.6,48.8,4,0,4
114,-94.7,46.5,1,0,1
115,-96.0,48.8,1,1,0
116,-92.5,47.4,1,0,1
117,-94.6,47.7,2,0,2
118,-94.7,47.8,15,7,8
119,-93.7,46.8,1,1,0
120,-91.5,47.4,2,2,0
121,-95.5,48.4,2,0,2
122,-94.5,48.2,3,1,2
123,-95.6,48.0,1,0,1
124,-95.7,48.2,11,5,6
125,-95.5,47.0,1,1,0
126,-95.7,48.0,1,0,1
127,-94.7,48.5,1,1,0
128,-93.4,46.5,3,0,3
129,-96.6,48.8,4,0,4
130,-96.0,48.6,2,1,1
131,-95.2,47.3,1,0,1
132,-92.8,46.0,1,1,0
133,-94.3,48.7,2,0,2
134,-93.6,46.8,3,2,1
135,-95.1,47.5,2,0,2
136,-94.4,46.5,1,0,1
137,-95.6,48.7,1,1,0
138,-95.7,48.8,2,0,2
139,-95.6,48.7,3,3,0
140,-92.2,47.4,1,0,1
141,-92.8,47.3,1,0,1
142,-95.5,48.8,1,1,0
143,-94.5,48.5,5,5,0
144,-94.4,48.6,1,0,1
145,-94.7,46.5,1,0,1
146,-93.6,45.9,2,0,2
147,-92.9,47.1,1,0,1
148,-95.3,48.9,1,0,1
149,-92.9,46.6,1,0,1
150,-94.6,46.7,1,0,1
151,-92.6,46.1,3,0,3
152,-92.6,46.1,1,0,1
153,-93.4,46.7,1,0,1
154,-95.5,48.9,2,0,2
155,-92.9,46.7,1,1,0
156,-94.3,46.9,1,0,1
157,-94.4,46.7,1,0,1
158,-95.4,48.9,1,1,0
159,-94.6,47.9,3,2,1
160,-94.5,47.0,1,0,1
161,-96.0,48.6,1,1,0
162,-95.8,48.7,17,8,9
163,-95.4,48.9,2,0,2
164,-95.7,48.4,2,0,2
165,-94.5,46.5,5,0,5
166,-93.0,46.8,1,0,1
167,-92.6,46.4,3,0,3
168,-92.3,47.3,1,0,1
169,-92.9,46.7,2,1,1
170,-92.9,46.6,2,0,2
171,-96.7,48.9,1,0,1
172,-92.9,46.6,1,0,1
173,-94.5,47.5,1,0,1
174,-94.6,47.7,1,1,0
175,-92.1,47.0,3,0,3
176,-93.1,47.6,1,0,1
177,-95.5,48.3,1,0,1
178,-94.3,46.7,1,0,1
179,-95.1,46.6,1,0,1
180,-94.5,46.7,1,0,1
181,-95.9,48.4,1,0,1
182,-96.0,48.6,1,1,0
183,-94.2,47.9,2,0,2
184,-94.7,48.0,1,0,1
185,-92.5,46.5,1,0,1
186,-93.5,48.3,1,0,1
187,-94.9,47.7,1,1,0
188,-92.8,47.1,3,0,3
189,-95.5,47.5,2,1,1
190,-92.5,47.6,1,0,1
191,-93.7,46.6,2,1,1
192,-94.3,47.7,1,1,0
193,-94.7,46.7,1,0,1
194,-94.8,46.8,1,0,1
195,-94.6,47.9,1,1,0
196,-92.8,46.9,1,0,1
197,-92.9,46.4,1,0,1
198,-94.3,46.6,4,2,2
199,-92.9,46.4,1,0,1
200,-96.6,48.9,3,3,0
201,-96.5,49.0,1,1,0
202,-92.2,47.4,2,2,0
203,-94.2,47.9,1,1,0
204,-94.4,48.2,2,2,0
205,-94.5,48.2,10,4,6
206,-95.0,47.2,1,0,1
207,-96.7,48.8,1,0,1
208,-95.7,48.3,1,0,1
209,-91.4,47.2,2,2,0
210,-94.1,47.0,1,0,1
211,-93.3,48.4,3,1,2
212,-95.5,48.9,2,1,1
213,-94.2,48.0,1,1,0
214,-94.5,48.1,9,5,4
215,-94.5,48.1,1,1,0
216,-96.5,48.5,1,0,1
217,-93.1,46.7,1,0,1
218,-95.6,48.6,2,2,0
219,-96.0,48.6,4,4,0
220,-95.1,47.6,1,0,1
221,-95.5,48.9,3,1,2
222,-94.5,48.7,3,0,3
223,-93.6,47.9,1,0,1
224,-94.4,47.9,14,8,6
225,-94.3,47.9,1,1,0
226,-94.4,48.0,10,4,6
227,-95.8,48.4,4,0,4
228,-94.1,46.3,1,1,0
229,-96.8,48.9,2,1,1
230,-95.3,47.0,1,0,1
231,-95.4,47.8,3,2,1
232,-92.9,46.6,1,0,1
233,-93.5,48.5,1,0,1
234,-93.9,46.0,3,0,3
235,-94.0,46.0,1,0,1
236,-94.6,47.9,1,1,0
237,-94.8,47.8,2,0,2
238,-95.5,47.8,6,0,6
239,-93.3,47.1,5,1,4
240,-93.8,46.9,2,0,2
241,-91.9,47.9,1,1,0
242,-93.7,48.4,1,0,1
243,-94.9,47.8,1,0,1
244,-94.9,47.8,1,0,1
245,-93.3,47.0,2,2,0
246,-95.1,47.5,5,2,3
247,-95.9,48.7,1,0,1
248,-95.5,48.6,1,1,0
249,-94.0,47.8,3,1,2
250,-94.7,48.0,1,1,0
251,-94.4,47.9,1,1,0
252,-94.6,47.9,1,1,0
253,-96.4,48.5,1,0,1
254,-95.8,47.8,1,0,1
255,-92.6,46.1,5,0,5
256,-96.0,48.2,1,0,1
257,-92.3,46.9,3,3,0
258,-95.6,48.3,2,0,2
259,-95.6,48.3,1,1,0
260,-95.7,48.3,1,1,0
261,-95.4,48.3,2,2,0
262,-95.4,48.8,2,1,1
263,-93.7,46.6,1,0,1
264,-94.7,47.8,2,1,1
265,-94.3,48.0,1,0,1
266,-96.6,48.8,1,1,0
267,-92.6,47.0,1,0,1
268,-95.9,46.6,1,0,1
269,-92.9,46.6,1,0,1
270,-92.6,46.7,2,0,2
271,-96.0,48.6,5,0,5
272,-93.4,46.8,1,0,1
273,-96.6,48.6,1,0,1
274,-94.9,48.9,3,2,1
275,-95.1,47.6,1,0,1
276,-92.5,46.9,1,0,1
277,-92.3,47.4,1,0,1
278,-93.1,46.0,1,0,1
279,-95.8,48.6,4,1,3
280,-93.6,47.8,1,0,1
281,-93.6,48.4,1,0,1
282,-93.6,48.5,1,1,0
283,-92.7,47.0,1,0,1
284,-94.9,47.8,2,2,0
285,-94.6,47.9,1,1,0
286,-92.7,47.9,1,1,0
287,-92.8,47.7,2,2,0
288,-93.9,47.5,2,0,2
289,-94.6,47.8,1,1,0
290,-95.0,48.8,1,0,1
291,-94.8,47.2,1,0,1
292,-95.3,46.7,1,0,1
293,-94.5,48.5,1,1,0
294,-92.8,46.7,2,2,0
295,-93.1,46.1,1,0,1
296,-95.3,46.7,1,0,1
297,-95.9,48.4,4,0,4
298,-95.0,47.6,4,4,0
299,-95.3,47.1,3,1,2
300,-95.4,48.8,5,5,0
301,-93.6,47.9,1,0,1
302,-92.7,46.8,1,0,1
303,-93.4,47.0,1,0,1
304,-93.7,47.9,1,1,0
305,-94.6,48.0,1,0,1
306,-95.8,48.3,2,2,0
307,-93.6,47.8,13,9,4
308,-96.5,48.7,5,0,5
309,-93.2,47.2,14,8,6
310,-91.9,47.0,2,0,2
311,-93.8,47.0,1,0,1
312,-94.1,47.8,2,1,1
313,-93.6,46.7,1,0,1
314,-94.7,47.9,1,0,1
315,-92.8,46.7,1,0,1
316,-94.7,48.5,1,1,0
317,-95.4,49.0,1,1,0
318,-92.8,47.7,2,2,0
319,-93.2,46.3,6,4,2
320,-95.2,48.2,3,2,1
321,-94.6,48.5,1,1,0
322,-94.6,46.5,1,0,1
323,-93.5,47.7,1,0,1
324,-96.3,48.5,1,0,1
325,-92.9,46.7,1,0,1
326,-94.8,47.8,2,1,1
327,-93.0,47.9,1,0,1
328,-93.8,48.4,6,1,5
329,-92.6,46.1,1,0,1
330,-95.6,48.3,1,0,1
331,-93.6,47.8,3,1,2
332,-91.2,47.3,1,0,1
333,-92.9,46.2,1,0,1
334,-92.3,47.7,3,3,0
335,-95.6,48.5,3,2,1
336,-95.2,46.8,1,1,0
337,-94.0,47.7,2,2,0
338,-93.8,47.3,1,0,1
339,-95.8,48.4,1,0,1
340,-94.3,46.7,3,0,3
341,-94.2,48.0,4,4,0
342,-93.5,46.8,3,1,2
343,-94.7,48.0,1,1,0
344,-96.4,48.9,26,24,2
345,-92.7,47.2,4,1,3
346,-95.7,48.5,1,0,1
347,-92.8,48.0,3,0,3
348,-95.1,47.7,2,1,1
349,-95.6,48.5,1,0,1
350,-94.2,47.9,1,0,1
351,-92.2,47.4,1,0,1
352,-93.5,46.4,2,0,2
353,-95.6,48.7,2,2,0
354,-94.1,47.9,1,0,1
355,-95.8,47.8,1,1,0
356,-94.6,46.5,1,0,1
357,-95.5,47.4,1,0,1
358,-95.4,47.4,1,0,1
359,-96.6,48.7,1,0,1
360,-93.6,46.9,1,0,1
361,-93.8,45.9,1,0,1
362,-93.3,47.2,1,0,1
363,-95.0,47.7,1,1,0
364,-96.0,48.6,1,1,0
365,-96.2,48.7,2,1,1
366,-96.9,49.0,1,1,0
367,-95.2,47.6,1,1,0
368,-94.7,47.9,1,0,1
369,-96.5,48.9,2,2,0
370,-92.8,47.2,1,0,1
371,-92.5,47.4,2,2,0
372,-95.4,47.4,2,1,1
373,-95.4,47.1,3,1,2
374,-96.0,48.7,1,0,1
375,-94.2,48.0,2,0,2
376,-94.2,47.9,1,0,1
377,-94.5,47.9,1,1,0
378,-92.8,46.7,1,1,0
379,-92.7,47.4,2,0,2
380,-95.6,47.8,1,0,1
381,-94.5,47.6,4,1,3
382,-95.9,48.6,2,2,0
383,-95.9,48.6,3,3,0
384,-96.6,48.7,1,1,0
385,-94.2,47.9,1,0,1
386,-94.5,47.9,2,2,0
387,-93.1,46.4,1,0,1
388,-94.4,46.6,1,0,1
389,-93.9,46.0,3,0,3
390,-94.8,47.7,1,1,0
391,-95.2,47.6,1,0,1
392,-93.6,47.4,3,3,0
393,-92.3,47.8,1,1,0
394,-94.5,46.6,1,0,1
395,-93.6,46.8,1,0,1
396,-94.5,48.0,2,2,0
397,-94.4,47.9,4,4,0
398,-94.4,47.9,1,1,0
399,-94.2,48.0,1,1,0
400,-93.6,45.9,1,0,1
401,-92.6,47.4,2,0,2
402,-93.8,46.6,1,0,1
403,-94.7,46.8,1,0,1
404,-93.6,46.8,4,0,4
405,-93.8,46.8,2,0,2
406,-94.2,47.2,2,1,1
407,-93.5,47.9,12,5,7
408,-94.8,46.6,2,0,2
409,-95.9,48.2,1,0,1
410,-94.5,47.7,1,0,1
411,-94.5,47.9,5,3,2
412,-96.5,48.9,5,3,2
413,-94.6,46.6,1,0,1
414,-93.5,47.9,1,0,1
415,-92.1,47.0,2,0,2
416,-93.5,46.4,5,2,3
417,-93.6,46.4,1,0,1
418,-94.6,47.3,1,0,1
419,-94.5,46.6,2,0,2
420,-94.3,46.8,2,0,2
421,-95.4,46.8,1,0,1
422,-93.5,46.7,2,0,2
423,-93.8,47.2,1,0,1
424,-92.6,46.5,1,0,1
425,-94.1,47.8,2,1,1
426,-95.8,47.8,1,1,0
427,-96.0,48.6,6,1,5
428,-92.9,47.8,1,0,1
429,-93.9,48.5,1,0,1
430,-94.8,47.9,1,0,1
431,-94.8,47.8,2,2,0
432,-96.6,48.8,4,1,3
433,-92.8,47.8,3,2,1
434,-92.6,46.3,1,0,1
