,times,accel,strata,v
1,2.4,0.0,1,3.7
2,2.6,-1.3,1,3.7
3,3.2,-2.7,1,3.7
4,3.6,0.0,1,3.7
5,4.0,-2.7,1,3.7
6,6.2,-2.7,1,3.7
7,6.6,-2.7,1,3.7
8,6.8,-1.3,1,3.7
9,7.8,-2.7,1,3.7
10,8.2,-2.7,1,3.7
11,8.8,-1.3,1,3.7
13,9.6,-2.7,1,3.7
14,10.0,-2.7,1,3.7
15,10.2,-5.4,1,3.7
16,10.6,-2.7,1,3.7
17,11.0,-5.4,1,3.7
18,11.4,0.0,1,3.7
19,13.2,-2.7,2,607.0
20,13.6,-2.7,2,607.0
21,13.8,0.0,2,607.0
22,14.6,-13.3,2,607.0
28,14.8,-2.7,2,607.0
29,15.4,-22.8,2,607.0
33,15.6,-40.2,2,607.0
35,15.8,-21.5,2,607.0
37,16.0,-42.9,2,607.0
39,16.2,-21.5,2,607.0
42,16.4,-5.4,2,607.0
44,16.6,-59.0,2,607.0
45,16.8,-71.0,2,607.0
48,17.6,-37.5,2,607.0
52,17.8,-99.1,2,607.0
54,18.6,-112.5,2,607.0
56,19.2,-123.1,2,607.0
57,19.4,-85.6,2,607.0
59,19.6,-127.2,2,607.0
60,20.2,-123.1,2,607.0
61,20.4,-117.9,2,607.0
62,21.2,-134.0,2,607.0
63,21.4,-101.9,2,607.0
64,21.8,-108.4,2,607.0
65,22.0,-123.1,2,607.0
66,23.2,-123.1,2,607.0
67,23.4,-128.5,2,607.0
68,24.0,-112.5,2,607.0
69,24.2,-95.1,2,607.0
71,24.6,-53.5,2,607.0
72,25.0,-64.4,2,607.0
74,25.4,-72.3,2,607.0
76,25.6,-26.8,2,607.0
77,26.0,-5.4,2,607.0
78,26.2,-107.1,2,607.0
80,26.4,-65.6,2,607.0
81,27.0,-16.0,2,607.0
82,27.2,-45.6,2,607.0
85,27.6,4.0,2,607.0
86,28.2,12.0,2,607.0
87,28.4,-21.5,2,607.0
89,28.6,46.9,2,607.0
90,29.4,-17.4,2,607.0
91,30.2,36.2,2,607.0
92,31.0,75.0,2,607.0
93,31.2,8.1,2,607.0
94,32.0,54.9,2,607.0
96,32.8,46.9,2,607.0
97,33.4,16.0,2,607.0
98,33.8,45.6,2,607.0
99,34.4,1.3,2,607.0
100,34.8,75.0,2,607.0
101,35.2,-16.0,2,607.0
103,35.4,69.6,2,607.0
104,35.6,34.8,2,607.0
106,36.2,-37.5,2,607.0
108,38.0,46.9,2,607.0
110,39.2,5.4,2,607.0
111,39.4,-1.3,2,607.0
112,40.0,-21.5,2,607.0
113,40.4,-13.3,2,607.0
114,41.6,30.8,3,138.0
116,42.4,29.4,3,138.0
117,42.8,0.0,3,138.0
119,43.0,14.7,3,138.0
120,44.0,-1.3,3,138.0
121,44.4,0.0,3,138.0
122,45.0,10.7,3,138.0
123,46.6,10.7,3,138.0
124,47.8,-26.8,3,138.0
126,48.8,-13.3,3,138.0
127,50.6,0.0,3,138.0
128,52.0,10.7,3,138.0
129,53.2,-14.7,3,138.0
130,55.0,-2.7,3,138.0
132,55.4,-2.7,3,138.0
133,57.6,10.7,3,138.0
