,tsales,sales,margin,nown,nfull,npart,naux,hoursw,hourspw,inv1,inv2,ssize,start
1,750000,4411.765,41.0,1.0,1.0,1.0,1.5357,76,16.75596,17166.67,27177.04,170,41.0
2,1926395,4280.878,39.0,2.0,2.0,3.0,1.5357,192,22.49376,17166.67,27177.04,450,39.0
3,1250000,4166.667,40.0,1.0,2.0,2.2222,1.4091,114,17.1912,292857.2,71570.55,300,40.0
4,694227,2670.104,40.0,1.0,1.0,1.2833,1.3673,100,21.5026,22207.04,15000.0,260,40.0
5,750000,15000.0,44.0,2.0,1.9556,1.2833,1.3673,104,15.74279,22207.04,10000.0,50,44.0
6,400000,4444.444,41.0,2.0,1.9556,1.2833,1.3673,72,10.89885,22207.04,22859.85,90,41.0
7,1300000,3250.0,39.0,1.2228,1.0,3.0,4.0,161,17.45674,22207.04,22859.85,400,39.0
8,495340,4953.4,28.0,2.0,1.9556,1.2833,1.3673,80,12.10984,22207.04,22859.85,100,28.0
9,1200000,2666.667,41.0,1.0,3.0,2.2222,1.4091,158,20.7042,292857.2,5000.0,450,41.0
10,495340,6604.533,37.0,1.0,1.9556,1.2833,1.0,87,16.60654,22207.04,22859.85,75,37.0
11,911315,7594.292,32.0,1.0,1.0,1.0,1.5357,156,34.39381,17166.67,27177.04,120,32.0
12,231000,5775.0,30.0,1.0,1.9556,1.0,1.3673,40,7.5147,22207.04,5000.0,40,30.0
13,492033,5467.033,39.0,1.0,2.2656,1.0,1.3333,96,17.14622,62269.23,16624.89,90,39.0
14,1500000,13636.36,37.0,1.0,5.0,1.0,1.0,305,38.125,62269.23,10000.0,110,37.0
15,330000,8250.0,34.0,1.0,2.2656,2.0741,1.3333,92,13.7869,62269.23,16624.89,40,34.0
16,870000,4350.0,44.0,1.0,1.0,1.2833,1.3673,80,17.20208,22207.04,12700.0,200,44.0
17,694227,7713.633,33.0,1.0,1.9556,1.0,1.3673,124,23.29557,22207.04,22859.85,90,33.0
18,245228,3503.257,49.0,1.0,1.9556,1.2833,1.3673,69,12.3078,22207.04,3500.0,70,49.0
19,375000,3947.368,41.0,2.0,1.9556,1.2833,1.3673,60,9.082377,22207.04,50000.0,95,41.0
20,330000,4714.286,41.0,1.0,1.9556,1.2833,1.3673,65,11.59431,22207.04,22859.85,70,41.0
21,301133,2409.064,40.0,2.0,1.9556,1.2833,1.3673,86,13.01807,22207.04,2000.0,125,40.0
22,976817,5745.982,44.0,1.0,2.0,1.5946,1.5357,116,18.9224,5000.0,15000.0,170,44.0
23,1500000,6000.0,45.0,1.0,5.0,3.0,1.4091,270,25.93884,292857.2,71570.55,250,45.0
24,77369,1289.483,21.0,1.0,1.9556,1.2833,1.3673,40,7.134958,22207.04,22859.85,60,21.0
25,471000,4957.895,39.0,1.0,1.9556,1.2833,2.0,99,15.86818,22207.04,22859.85,95,39.0
26,601000,3756.25,35.0,1.0,2.0,2.0741,1.3333,124,19.35262,62269.23,20000.0,160,35.0
27,976817,7235.682,37.0,1.0,1.0,1.2833,3.0,120,19.09824,5000.0,22859.85,135,37.0
28,850000,15454.55,46.0,2.0,1.9556,1.2833,1.3673,136,20.58672,22207.04,22859.85,55,46.0
29,495340,4503.091,39.0,1.0,2.2656,2.0741,1.3333,95,14.23647,5000.0,35000.0,110,39.0
30,694227,5785.225,44.0,1.0,4.359,2.0,1.4091,84,9.580183,292857.2,71570.55,120,44.0
31,156168,3470.4,30.0,1.0,1.9556,1.2833,1.3673,50,8.918697,22207.04,22859.85,45,30.0
32,495340,4953.4,41.0,2.0,1.9231,1.5946,1.5357,86,12.1927,17166.67,27177.04,100,41.0
33,1000000,7142.857,42.0,4.0,3.0,1.0,1.3333,190,20.35722,180000.0,100000.0,140,42.0
34,694227,6311.155,38.0,1.0,1.9556,1.2833,1.3673,80,14.26992,5000.0,5000.0,110,38.0
35,976817,6302.045,41.0,1.0,1.0,2.0741,1.0,128,25.22615,62269.23,3000.0,155,41.0
36,156168,3123.36,35.0,1.0,1.9556,1.0,1.3673,48,9.017641,22207.04,5000.0,50,35.0
37,400000,1818.182,41.0,1.0,1.0,1.0,1.3673,98,22.43949,22207.04,22859.85,220,41.0
38,179655,2530.352,35.0,1.0,1.9556,1.2833,1.3673,43,7.67008,2850.0,3640.0,71,35.0
39,876000,6257.143,40.0,1.0,1.0,2.2222,1.0,96,18.38306,292857.2,71570.55,140,40.0
40,301133,2316.408,39.0,2.0,1.9556,1.2833,1.3673,95,14.38043,22207.04,30000.0,130,39.0
41,495340,11257.73,39.0,2.0,1.9556,1.2833,1.3673,55,8.325512,22207.04,2000.0,44,39.0
42,301133,3764.163,35.0,1.0,1.9231,1.0,1.5357,64,11.72419,17166.67,27177.04,80,35.0
43,853000,7049.587,46.0,1.0,1.0,1.0,1.3333,118,27.23098,62269.23,1200.0,121,46.0
44,976817,4884.085,49.0,2.0,1.0,1.0,1.3673,141,26.27019,5000.0,1000.0,200,49.0
45,1894931,5573.327,39.0,1.0,3.0,2.0,2.0,204,25.5,2000.0,5000.0,340,39.0
46,976817,6105.106,31.0,2.0,1.0,1.0,1.3673,126,23.47549,22207.04,22859.85,160,31.0
47,694227,4958.764,31.0,2.0,2.2656,1.0,1.0,144,22.98264,20000.0,5000.0,140,31.0
48,495340,4307.304,31.0,1.0,1.0,1.2833,1.3673,110,23.65286,22207.04,5000.0,115,31.0
49,694227,1735.568,25.0,1.0,3.0,1.0,1.3673,192,30.15407,230000.0,15000.0,400,25.0
50,976817,10282.28,41.0,1.0,2.2656,1.0,1.3333,80,14.28852,8000.0,16624.89,95,41.0
51,976817,5141.142,39.0,2.0,3.0,1.0,1.5357,183,24.28441,17166.67,10000.0,190,39.0
52,815000,5821.429,30.0,1.0,1.0,2.0741,1.3333,100,18.49318,62269.23,16624.89,140,30.0
53,495340,6604.533,44.0,2.0,2.2656,2.0741,1.0,104,14.16952,62269.23,16624.89,75,44.0
54,1718000,8590.0,47.0,1.0,4.0,1.2833,1.3673,282,36.85986,22207.04,10000.0,200,47.0
55,875000,14583.33,37.0,2.0,4.359,2.2222,1.4091,86,8.60835,292857.2,71570.55,60,37.0
56,790000,2633.333,40.0,1.0,2.0,2.0741,1.3333,114,17.79193,62269.23,16624.89,300,40.0
57,495340,3538.143,39.0,2.0,2.2656,2.0741,1.3333,80,10.42617,62269.23,16624.89,140,39.0
58,1850000,12333.33,41.0,1.0,5.0,1.2833,1.3673,228,26.35655,22207.04,22859.85,150,41.0
59,549000,4575.0,41.0,2.0,1.0,2.0741,1.3333,88,13.73412,25000.0,16624.89,120,41.0
60,745000,2660.714,41.0,2.0,2.0,2.0741,1.3333,126,17.01002,62269.23,16624.89,280,41.0
61,694227,7713.633,41.0,1.0,1.9231,1.0,1.0,62,12.59369,2500.0,2500.0,90,41.0
62,156168,3904.2,37.0,1.0,1.9556,1.2833,1.3673,43,7.67008,22207.04,22859.85,40,37.0
63,976817,15027.95,43.0,1.0,1.9556,1.0,1.0,78,15.73977,22207.04,5000.0,65,43.0
64,450000,5000.0,39.0,1.0,2.0,1.5946,1.5357,117,19.08553,17166.67,27177.04,90,39.0
65,156168,3904.2,37.4615,1.0,1.9556,1.2833,1.3673,70,12.48618,1300.0,22859.85,40,41.6731
66,700000,5833.333,41.0,1.0,1.0,1.2833,1.3673,81,17.41711,22207.04,22859.85,120,41.0
67,498000,2490.0,40.0,1.0,2.2656,2.0741,2.0,80,10.89963,62269.23,3000.0,200,40.0
68,1421000,4736.667,38.0,2.0,2.0,1.5946,1.0,166,25.17211,17166.67,27177.04,300,38.0
69,1600000,3200.0,39.0,2.0,5.0,2.2222,1.4091,280,26.33732,400000.0,400000.0,500,39.0
70,510000,3923.077,41.0,2.0,1.9556,1.2833,1.3673,100,15.1373,22207.04,22859.85,130,41.0
71,694227,4628.18,33.0,1.0,1.9231,1.0,1.0,110,22.34365,17166.67,27177.04,150,33.0
72,700000,3111.111,41.0,1.0,1.0,1.2833,1.3673,81,17.41711,22207.04,22859.85,225,41.0
73,694227,3305.843,41.0,1.0,1.9231,1.5946,1.5357,82,13.54611,17166.67,27177.04,210,41.0
74,312107,2837.336,38.0,2.0,1.9231,1.5946,1.5357,104,14.74466,17166.67,2250.0,110,38.0
75,301133,8603.8,37.0,1.0,1.9556,1.2833,1.3673,43,7.67008,22207.04,22859.85,35,37.0
76,156168,1382.018,37.0,1.0,1.9556,1.2833,1.3673,104,18.55089,22207.04,22859.85,113,37.0
77,301133,3764.163,31.0,1.0,1.9556,1.0,1.3673,66,12.39926,22207.04,22859.85,80,31.0
78,301133,3011.33,35.0,1.0,1.0,1.2833,1.0,63,14.70829,22207.04,1000.0,100,35.0
79,301133,3345.922,39.0,1.0,1.9556,1.2833,1.0,63,12.02542,22207.04,1250.0,90,39.0
80,495340,3538.143,37.0,1.0,1.9231,1.5946,1.0,84,15.22373,17166.67,150000.0,140,37.0
81,1926395,5206.473,47.0,1.0,5.0,3.0,1.0,296,29.6,292857.2,20000.0,370,47.0
82,1022300,10223.0,42.0,1.2228,2.0,2.0,1.0,122,19.60532,22207.04,22859.85,100,42.0
83,1343500,19192.86,42.0,1.2228,3.0,2.0,1.3673,154,20.28959,22207.04,22859.85,70,42.0
84,1290500,18435.71,42.0,1.2228,3.0,2.0,1.0,148,20.49067,22207.04,15000.0,70,42.0
85,550000,4583.333,37.0,2.0,1.9231,1.0,1.5357,152,23.53378,17166.67,27177.04,120,37.0
86,2053200,14665.71,45.0,1.2228,5.0,1.0,1.3673,210,24.44675,22207.04,11500.0,140,45.0
87,495340,12383.5,37.4615,1.0,1.9556,1.2833,1.3673,100,17.83739,22207.04,22859.85,40,41.6731
88,680000,7083.333,45.0,2.0,1.9556,1.2833,1.3673,104,15.74279,22207.04,1000.0,96,45.0
89,800000,9411.765,43.0,1.0,1.0,1.5946,1.5357,130,25.33965,1000.0,27177.04,85,43.0
90,235000,2350.0,37.4615,1.0,1.9556,1.2833,1.3673,43,7.67008,22207.04,22859.85,100,41.6731
91,976817,4884.085,41.0,1.0,1.0,1.2833,1.3673,90,19.35234,22207.04,22859.85,200,41.0
92,400000,8000.0,39.0,1.0,1.9231,1.5946,1.5357,132,21.80593,17166.67,27177.04,50,39.0
93,625000,6944.444,36.0,1.0,1.9556,1.2833,1.0,90,17.17918,190000.0,22859.85,90,36.0
94,777362,5182.414,32.0,1.0,1.9556,1.2833,2.0,92,14.74619,22207.04,22859.85,150,32.0
95,976817,4884.085,39.0,1.0,1.9556,2.0,1.3673,104,16.44815,22207.04,22859.85,200,39.0
96,301133,5018.883,49.0,1.0,1.9556,1.2833,1.3673,65,11.59431,22207.04,22859.85,60,49.0
97,800000,8000.0,39.0,1.0,1.9556,1.2833,1.0,88,16.79742,20000.0,20000.0,100,39.0
98,495340,4953.4,37.0,1.0,1.9556,1.0,1.3673,74,13.9022,22207.04,5000.0,100,37.0
99,553809,6153.433,42.0,1.0,2.2656,2.0741,1.0,61,9.621906,62269.23,16624.89,90,42.0
100,976817,6977.264,45.0,2.0,2.0,2.0,1.5357,162,21.49767,17000.0,2500.0,140,45.0
101,425000,2361.111,36.0,2.0,2.2656,2.0741,1.3333,80,10.42617,325000.0,16624.89,180,36.0
102,495340,1981.36,39.0,1.0,2.2656,2.0741,1.3333,120,17.98292,62269.23,16624.89,250,39.0
103,495340,4503.091,31.0,1.0,2.2656,2.0741,1.3333,72,10.78975,62269.23,16624.89,110,31.0
104,301133,3764.163,41.0,1.0,1.9556,1.0,1.3673,52,9.769111,22207.04,22859.85,80,41.0
105,876845,5480.281,42.0,1.0,1.0,1.0,1.3333,126,29.07715,350000.0,16624.89,160,42.0
106,420000,14000.0,38.0,1.0,1.0,2.0741,1.3333,80,14.79454,62269.23,16624.89,30,38.0
107,694227,5833.84,41.0,2.0,2.2656,1.0,1.3333,108,16.36636,62269.23,16624.89,119,41.0
108,156168,1952.1,41.0,1.0,1.9556,1.0,1.3673,71,13.33859,10000.0,5000.0,80,41.0
109,495340,8255.667,41.0,1.0,1.9556,1.0,1.3673,62,11.64779,22207.04,22859.85,60,41.0
110,694227,4338.919,39.0,2.0,1.9556,2.0,1.3673,125,17.06974,100000.0,10000.0,160,39.0
111,1033543,4306.429,41.0,1.0,1.0,2.0,1.5357,188,33.96138,17166.67,27177.04,240,41.0
112,200005,2500.063,41.0,1.0,1.9556,1.2833,1.3673,52,9.275445,22207.04,22859.85,80,41.0
113,1158200,8516.177,41.0,2.0,2.0,2.2222,1.4091,128,16.77303,292857.2,5800.0,136,41.0
114,393000,2079.365,40.0,1.0,2.2656,2.0741,1.0,63,9.937379,62269.23,16624.89,189,40.0
115,77369,4835.563,33.0,1.0,1.9556,1.2833,1.3673,62,11.05918,22207.04,22859.85,16,33.0
116,156168,1952.1,25.0,1.0,1.9556,1.2833,1.3673,32,5.707966,2500.0,22859.85,80,25.0
117,1926395,3210.658,41.0,2.0,5.0,2.0741,1.3333,271,26.03916,62000.0,14000.0,600,41.0
118,976817,9768.17,44.0,1.0,1.0,1.2833,1.3673,72,15.48187,22207.04,22859.85,100,44.0
119,694227,3305.843,41.0,1.0,1.0,1.0,1.3673,118,27.01898,22207.04,10000.0,210,41.0
120,301133,3345.922,33.0,1.0,1.9556,1.2833,1.3673,42,7.491705,6750.0,1500.0,90,33.0
121,687800,7642.222,37.0,1.0,1.0,2.0741,1.3333,87,16.08906,62269.23,1250.0,90,37.0
122,949840,2713.829,37.0,1.0,2.0,1.2833,1.3673,122,21.59063,22207.04,1200.0,350,37.0
123,694227,5553.816,40.0,1.0,1.0,3.0,1.3333,114,18.0001,62269.23,14500.0,125,40.0
124,976817,2790.906,28.0,1.0,1.0,2.2222,1.4091,117,20.77673,1500000.0,300000.0,350,28.0
125,400000,2857.143,43.0,1.0,1.9556,1.2833,1.3673,100,17.83739,10000.0,3000.0,140,43.0
126,495340,3002.061,31.0,1.0,1.9556,1.2833,1.3673,72,12.84292,2000.0,3000.0,165,31.0
127,301133,2007.553,28.0,2.0,1.9556,1.2833,1.3673,100,15.1373,22207.04,22859.85,150,28.0
128,3543400,9842.777,38.0,1.0,5.0,1.2833,1.0,244,29.45686,22207.04,22859.85,360,38.0
129,495340,3538.143,38.0,1.0,1.9556,1.2833,1.0,51,9.734868,22207.04,2500.0,140,38.0
130,1283500,8556.667,41.0,2.0,1.0,2.0,1.3673,142,22.30145,22207.04,22859.85,150,41.0
131,976817,5745.982,33.0,2.0,2.2656,2.0741,1.0,151,20.57305,62269.23,16624.89,170,33.0
132,767905,5485.036,39.0,1.0,2.2656,2.0741,1.0,102,16.08909,62269.23,15000.0,140,39.0
133,832000,4622.222,43.0,1.0,1.9231,1.5946,1.5357,75,12.38973,17166.67,600.0,180,43.0
134,495340,4953.4,39.0,2.0,2.2656,2.0741,1.3333,70,9.122898,230000.0,3500.0,100,39.0
135,1300000,11304.35,39.0,1.0,2.0,1.2833,1.3673,160,28.31558,22207.04,22859.85,115,39.0
136,976817,13954.53,41.0,1.0,1.0,2.2222,1.4091,92,16.33726,292857.2,71570.55,70,41.0
137,976817,12210.21,42.0,2.0,1.9231,1.0,1.5357,120,18.5793,17166.67,5000.0,80,42.0
138,630000,4500.0,36.0,1.0,1.0,1.5946,1.5357,104,20.27172,17166.67,1800.0,140,36.0
139,694227,5340.208,39.0,2.0,2.2656,2.0741,1.0,124,16.89442,62269.23,5000.0,130,39.0
140,976817,5280.092,41.0,1.0,2.2656,2.0,1.3333,100,15.15404,2000.0,2000.0,185,41.0
141,1378586,7877.634,44.0,1.0,2.0,2.0,2.0,175,25.0,292857.2,25000.0,175,44.0
142,145000,2900.0,37.0,1.0,1.9556,1.2833,1.3673,62,11.05918,22207.04,22859.85,50,37.0
143,1943500,24293.75,35.0,2.0,2.2656,2.0741,1.0,318,43.32602,150000.0,16624.89,80,35.0
144,301133,6022.66,31.0,1.0,1.9556,1.2833,1.3673,80,14.26992,22207.04,22859.85,50,31.0
145,1000000,5000.0,40.0,2.0,2.0,2.2222,1.0,180,24.92315,5000.0,1000.0,200,40.0
146,775000,12916.67,39.0,2.0,1.9556,1.2833,1.3673,120,18.16475,22207.04,22859.85,60,39.0
147,1223975,7649.844,41.0,1.0,1.0,1.0,1.3333,132,30.46177,62269.23,6000.0,160,41.0
148,694227,4083.688,42.0,1.0,1.9556,1.0,1.3673,72,13.52646,22207.04,22859.85,170,42.0
149,976817,9768.17,52.0,1.0,1.9556,1.2833,1.3673,120,21.40487,5000.0,2500.0,100,52.0
150,1350000,6192.661,33.0,1.0,2.0,2.0741,1.3333,116,18.10407,62269.23,2000.0,218,33.0
151,390000,5571.429,42.0,1.0,1.9231,1.5946,1.5357,86,14.20689,17166.67,27177.04,70,42.0
152,535000,4458.333,34.0,1.0,1.9556,1.2833,1.0,80,15.27038,22207.04,6500.0,120,34.0
153,2500000,10416.67,16.0,1.2228,4.0,1.0,4.0,199,19.46629,22207.04,22859.85,240,16.0
154,1926395,17512.68,41.0,2.0,4.0,1.2833,1.3673,240,27.74374,22207.04,30000.0,110,41.0
155,524000,6550.0,38.0,1.0,1.9556,1.2833,1.3673,62,11.05918,22207.04,80000.0,80,38.0
156,729353,9116.912,33.0,2.0,2.2656,1.0,1.3333,114,17.27561,62269.23,16624.89,80,33.0
157,620000,2254.545,42.0,2.0,1.0,1.5946,1.0,103,18.41061,17166.67,8500.0,275,42.0
158,1223000,11759.62,35.0,1.0,1.0,1.2833,1.0,91,21.2453,22207.04,25000.0,104,35.0
159,625000,8333.333,41.0,1.2228,1.0,1.0,1.3673,65,14.16091,22207.04,5000.0,75,41.0
160,538055,4483.792,42.0,1.3238,1.0,2.0,1.0,96,18.03223,62269.23,16624.89,120,42.0
161,250000,4545.455,41.0,1.0,1.9556,1.2833,1.0,51,9.734868,22207.04,22859.85,55,41.0
162,301133,9410.406,41.0,1.0,1.9556,1.2833,1.0,51,9.734868,22207.04,22859.85,32,41.0
163,77369,1487.865,35.0,1.0,1.9556,1.2833,1.3673,40,7.134958,22207.04,22859.85,52,35.0
164,1378586,13785.86,41.0,1.0,2.0,2.0,1.5357,147,22.49185,17166.67,27177.04,100,41.0
165,495340,6191.75,34.0,1.0,1.9556,1.2833,1.0,85,16.22478,9000.0,2000.0,80,34.0
166,333000,2081.25,49.0,1.0,1.9231,1.5946,1.0,75,13.59262,4500.0,27177.04,160,49.0
167,1378586,6892.93,49.0,1.0,1.0,2.0741,2.0,111,18.27431,62269.23,16624.89,200,49.0
168,301133,2007.553,31.0,1.0,1.9556,1.2833,1.3673,82,14.62666,22207.04,22859.85,150,31.0
169,340000,4250.0,37.0,1.0,1.9556,1.2833,1.0,71,13.55246,22207.04,1200.0,80,37.0
170,976817,5426.761,44.0,1.0,2.2656,1.0,1.0,98,18.61136,62269.23,16624.89,180,44.0
171,1926395,7269.415,41.0,1.0,2.0,2.0,1.3333,184,29.05278,20000.0,16624.89,265,41.0
172,1001500,3576.786,35.0,1.0,2.0,1.0,2.0,174,29.0,22207.04,80000.0,280,35.0
173,301133,6022.66,37.4615,1.0,1.9556,1.2833,1.3673,71,12.66455,22207.04,22859.85,50,41.6731
174,750000,3750.0,38.0,1.0,1.0,2.0741,1.3333,131,24.22606,62269.23,16624.89,200,38.0
175,694227,3085.453,39.0,2.0,1.0,2.0741,1.0,128,21.07308,62269.23,16624.89,225,39.0
176,495340,4953.4,44.0,2.0,1.0,1.2833,1.3673,120,21.23668,2500.0,2500.0,100,44.0
177,750000,7500.0,41.0,1.0,1.0,1.2833,1.3673,98,21.07255,22207.04,22859.85,100,41.0
178,694227,5340.208,33.0,1.0,1.9556,1.2833,2.0,78,12.5022,22207.04,10000.0,130,33.0
179,750000,7653.061,39.0,1.0,1.9556,1.2833,1.3673,104,18.55089,22207.04,22859.85,98,39.0
180,400000,3333.333,30.0,1.0,2.2656,2.0741,1.0,59,9.306434,62269.23,16624.89,120,30.0
181,1200000,6000.0,36.0,2.0,3.0,1.5946,4.0,192,18.12244,20000.0,45000.0,200,36.0
182,694227,2169.459,39.0,1.0,1.0,1.0,1.3333,94,21.69247,2000.0,16624.89,320,39.0
183,250000,2272.727,41.0,1.0,1.9556,1.2833,1.0,63,12.02542,22207.04,22859.85,110,41.0
184,976817,4884.085,44.0,1.0,3.0,1.0,1.4091,196,30.58152,292857.2,71570.55,200,44.0
185,845000,4225.0,40.0,1.0,1.0,2.0,1.0,144,28.8,17166.67,27177.04,200,40.0
186,1926395,12842.63,44.0,1.0,5.0,4.0,1.4091,297,26.03185,292857.2,71570.55,150,44.0
187,976817,2382.48,66.0,1.0,4.0,3.0,1.0,313,34.77778,17166.67,72000.0,410,66.0
188,600000,5454.545,32.0,2.0,1.0,1.2833,1.3673,90,15.92751,22207.04,22859.85,110,32.0
189,694227,9917.528,39.0,1.0,4.359,2.2222,1.4091,150,16.68465,292857.2,71570.55,70,39.0
190,760000,5066.667,34.0,2.0,1.9231,1.5946,2.0,86,11.43967,17166.67,27177.04,150,34.0
191,976817,9768.17,41.0,1.0,4.0,1.2833,1.3673,191,24.96536,25000.0,25000.0,100,41.0
192,156168,6246.72,37.4615,1.0,1.9556,1.2833,1.3673,104,18.55089,80000.0,22859.85,25,41.6731
193,495340,6191.75,38.0,1.0,1.0,1.2833,1.3673,120,25.80312,22207.04,22859.85,80,38.0
194,1378586,5143.978,28.0,2.0,3.0,1.0,1.3673,212,28.77581,22207.04,5000.0,268,28.0
195,1164149,12934.99,37.0,1.0,1.0,1.0,1.3333,128,29.53869,62269.23,16624.89,90,37.0
196,1200000,8000.0,40.0,1.0,1.9556,1.2833,2.0,97,15.54761,50000.0,275000.0,150,40.0
197,976817,12210.21,38.0,1.0,1.9556,2.0,1.3673,93,14.70844,22207.04,22859.85,80,38.0
198,694227,9256.36,41.0,1.2228,2.0,1.2833,1.3673,80,13.62073,22207.04,22859.85,75,41.0
199,694227,3305.843,42.0,1.0,1.0,3.0,1.3333,102,16.10535,62269.23,16624.89,210,42.0
200,694227,4958.764,44.0,1.0,1.0,3.0,1.3333,102,16.10535,62269.23,16624.89,140,44.0
201,694227,4958.764,44.0,1.0,1.0,2.0,1.0,92,18.4,62269.23,5000.0,140,44.0
202,1926395,4815.987,42.0,3.0,2.0,1.0,1.0,297,42.42857,22207.04,400000.0,400,42.0
203,301133,3764.163,41.0,1.0,1.9556,1.2833,1.3673,90,16.05366,22207.04,22859.85,80,41.0
204,1340000,8375.0,43.0,2.0,1.0,2.0,1.3333,179,28.26331,62269.23,13000.0,160,43.0
205,785000,4361.111,39.0,1.3238,1.0,2.0,1.3333,74,13.08091,30000.0,10000.0,180,39.0
206,1400000,4117.647,40.0,1.3238,3.0,2.0,1.3333,142,18.54488,62269.23,20000.0,340,40.0
207,2700000,27000.0,40.0,1.0,3.0,1.2833,1.3673,160,24.05798,22207.04,9000.0,100,40.0
208,1926395,8756.341,43.0,1.0,4.0,1.0,1.0,236,33.71429,292857.2,60000.0,220,43.0
209,694227,6428.028,44.0,1.0,1.9556,1.2833,1.3673,80,14.26992,22207.04,22859.85,108,44.0
210,600000,6000.0,39.0,1.0,1.0,1.5946,1.5357,81,15.78855,17166.67,27177.04,100,39.0
211,976817,8880.154,39.0,1.0,3.0,1.2833,1.3673,170,25.5616,100000.0,150000.0,110,39.0
212,694227,5785.225,37.0,1.0,1.0,2.0,1.3333,120,22.50014,62269.23,75000.0,120,37.0
213,694227,4338.919,31.0,2.0,1.0,1.0,1.3673,116,21.61236,22207.04,22859.85,160,31.0
214,495340,4127.833,40.0,1.0,1.9231,1.0,1.5357,114,20.88371,11000.0,27177.04,120,40.0
215,495340,3669.185,39.0,1.0,1.9231,1.5946,1.5357,70,11.56375,17166.67,27177.04,135,39.0
216,350000,2916.667,38.0,1.0,1.0,1.2833,1.3673,90,19.35234,15000.0,15000.0,120,38.0
217,77369,910.2235,21.0,1.0,1.9556,1.2833,1.3673,45,8.026828,22207.04,22859.85,85,21.0
218,976817,5141.142,41.0,1.0,2.0,1.0,1.4091,190,35.12599,1000.0,71570.55,190,41.0
219,1475000,4402.985,41.0,1.0,2.0,2.0,1.3333,170,26.84225,62269.23,16624.89,335,41.0
220,795655,1768.122,41.0,2.0,2.0,1.5946,1.5357,160,22.43945,17166.67,27177.04,450,41.0
221,570000,5700.0,40.0,1.0,1.9556,1.0,1.3673,63,11.83565,22207.04,22859.85,100,40.0
222,976817,6977.264,40.0,2.0,1.0,1.0,1.5357,135,24.38716,15000.0,27177.04,140,40.0
223,711661,6469.646,41.0,1.0,1.0,1.2833,1.3673,139,29.88862,22207.04,10000.0,110,41.0
224,156168,6246.72,36.0,1.0,1.9556,1.2833,1.3673,60,10.70244,22207.04,22859.85,25,36.0
225,960000,7680.0,35.0,2.0,2.2656,2.0741,1.3333,100,13.03271,62269.23,16624.89,125,35.0
226,860000,3822.222,36.0,1.0,1.0,2.0,1.0,145,29.0,62269.23,8000.0,225,36.0
227,694227,8677.838,28.0,1.0,1.9556,1.0,1.0,68,13.72185,22207.04,22859.85,80,28.0
228,777102,5180.68,44.0,1.0,2.0,1.5946,1.0,146,26.09659,17166.67,27177.04,150,44.0
229,976817,3256.057,35.0,2.0,1.0,1.0,1.5357,142,25.65168,17166.67,27177.04,300,35.0
230,770200,2026.842,41.0,2.0,2.2656,2.0,1.3333,126,16.58135,62269.23,16624.89,380,41.0
231,560000,7000.0,37.0,2.0,1.9556,1.2833,1.3673,86,13.01807,2000.0,4000.0,80,37.0
232,495340,3810.308,37.0,1.0,1.9231,1.0,1.0,88,17.87492,17166.67,10000.0,130,37.0
233,1182183,1688.833,40.0,1.0,5.0,1.2833,1.3673,240,27.74374,22207.04,101552.0,700,40.0
234,694227,12622.31,45.0,2.0,1.9556,1.0,1.0,116,19.47747,10000.0,22859.85,55,45.0
235,716000,7955.556,38.0,1.0,2.0,2.0741,2.0,108,15.26696,62269.23,1750.0,90,38.0
236,976817,4341.409,39.0,1.4091,3.0,2.2222,1.0,122,15.98679,292857.2,71570.55,225,39.0
237,495340,2896.725,40.0,1.0,1.9556,1.2833,1.3673,87,15.51853,22207.04,22859.85,171,40.0
238,820000,6833.333,38.0,1.0,1.0,1.2833,1.3673,80,17.20208,22207.04,16000.0,120,38.0
239,1040000,11555.56,38.0,1.0,2.0,1.2833,1.3673,101,17.87421,22207.04,9000.0,90,38.0
240,3545901,23639.34,45.0,1.0,4.0,1.0,1.3673,228,30.94757,22207.04,12000.0,150,45.0
241,900000,3600.0,60.0,3.0,2.0,1.0,1.3333,244,33.27288,62269.23,15720.0,250,60.0
242,436000,7266.667,37.0,1.0,1.9556,1.0,2.0,79,13.26483,22207.04,22859.85,60,37.0
243,800000,8000.0,33.0,1.0,2.0,1.2833,1.3673,87,15.3966,22207.04,22859.85,100,33.0
244,301133,7528.325,28.0,1.0,1.9556,1.0,1.3673,56,10.52058,22207.04,22859.85,40,28.0
245,495340,7620.615,41.0,1.0,1.9556,1.2833,1.0,82,15.65214,6000.0,5000.0,65,41.0
246,1400000,7777.778,41.0,2.0,1.9556,3.0,1.3673,160,19.22407,22207.04,5000.0,180,41.0
247,640000,3878.788,34.0,2.0,1.0,1.2833,1.3673,158,27.96163,22207.04,2000.0,165,34.0
248,301133,6022.66,41.0,1.0,1.9556,1.2833,1.3673,40,7.134958,22207.04,22859.85,50,41.0
249,495340,1905.154,41.0,1.0,1.0,2.0741,1.3333,90,16.64386,62269.23,16624.89,260,41.0
250,156168,3904.2,36.0,1.0,1.9556,1.0,1.3673,55,10.33271,22207.04,22859.85,40,36.0
251,971500,3736.539,41.0,2.0,1.0,2.0,1.0,171,28.5,292857.2,1483.0,260,41.0
252,812397,9026.634,38.0,1.0,1.9231,1.0,1.5357,67,12.27376,17166.67,6884.0,90,38.0
253,1054268,10542.68,38.0,1.0,1.0,1.2833,1.0,132,30.81736,22207.04,15000.0,100,38.0
254,750000,8823.529,42.0,1.0,1.0,1.2833,1.3673,84,18.06219,22207.04,22859.85,85,42.0
255,77369,1547.38,23.0,1.0,1.9556,1.2833,1.3673,43,7.67008,22207.04,22859.85,50,23.0
256,126179,3154.475,33.0,1.0,1.9556,1.2833,1.3673,52,9.275445,22207.04,600.0,40,33.0
257,1378586,12883.98,37.0,1.0,2.0,1.2833,1.0,88,16.65626,22207.04,10000.0,107,37.0
258,694227,10680.42,41.0,1.0,4.359,1.0,1.4091,86,11.07092,292857.2,2000.0,65,41.0
259,1378586,14360.27,37.4615,1.2228,2.0,4.0,1.3673,154,17.92761,22207.04,22859.85,96,41.6731
260,976817,2790.906,44.0,2.0,2.0,1.0,1.0,165,27.5,292857.2,71570.55,350,44.0
261,490000,8166.667,25.0,1.2228,2.0,1.0,1.3673,102,18.24654,22207.04,22859.85,60,25.0
262,301133,4182.403,31.0,1.0,1.9556,1.2833,1.3673,62,11.05918,22207.04,1500.0,72,31.0
263,694227,4958.764,37.4615,2.0,2.0,1.2833,1.3673,126,18.94566,22207.04,22859.85,140,41.6731
264,1130000,13294.12,31.0,1.0,2.0,1.2833,1.3673,132,23.36035,8800.0,2000.0,85,31.0
265,156168,4338.0,37.4615,1.0,1.9556,1.2833,1.3673,62,11.05918,22207.04,22859.85,36,41.6731
266,976817,13954.53,37.0,2.0,2.2656,2.0741,1.3333,116,15.11795,62269.23,16624.89,70,37.0
267,1000000,8333.333,39.0,1.0,2.0,1.2833,1.3673,100,17.69724,22207.04,100000.0,120,39.0
268,1926395,19263.95,40.0,10.0,4.0,2.2222,1.4091,582,33.00948,292857.2,71570.55,100,40.0
269,243517,4427.582,28.0,1.0,1.9556,1.2833,1.3673,72,12.84292,22207.04,2476.0,55,28.0
270,301133,3764.163,39.0,1.0,1.9556,1.2833,1.0,55,10.49839,40000.0,48450.0,80,39.0
271,4000000,9302.325,41.0,1.0,7.0,1.0,1.3673,359,34.62811,22207.04,22859.85,430,41.0
272,750000,3750.0,36.0,2.0,1.0,1.0,2.0,173,28.83333,62269.23,16624.89,200,36.0
273,301133,3011.33,39.0,1.0,1.9556,1.2833,1.3673,87,15.51853,22207.04,22859.85,100,39.0
274,850000,7727.273,43.0,1.0,1.0,2.0,1.5357,143,25.83232,17166.67,5000.0,110,43.0
275,301133,2737.573,35.0,1.0,1.9556,1.0,1.3673,90,16.90808,22207.04,22859.85,110,35.0
276,229000,2726.19,41.0,1.0,1.9556,1.2833,1.3673,60,10.70244,22207.04,22859.85,84,41.0
277,400000,5000.0,39.0,2.0,2.2656,2.0741,1.3333,80,10.42617,62269.23,16624.89,80,39.0
278,976817,15027.95,38.0,1.0,1.9556,1.0,1.3673,110,20.66543,2500.0,13500.0,65,38.0
279,976817,12210.21,39.0,2.0,1.9556,1.2833,1.3673,100,15.1373,22207.04,5000.0,80,39.0
280,1926395,7705.58,48.0,1.0,3.0,2.0,1.0,213,30.42857,292857.2,71570.55,250,48.0
281,1378586,5105.874,45.0,1.0,1.0,4.0,1.3333,178,24.27284,62269.23,16624.89,270,45.0
282,2737701,7822.003,39.0,1.0,6.0,2.0,1.3333,294,28.4517,62269.23,16624.89,350,39.0
283,694227,4958.764,44.0,1.4091,2.0,2.2222,1.0,84,12.6672,292857.2,71570.55,140,44.0
284,800000,5333.333,37.0,2.0,1.0,1.0,1.5357,192,34.68396,17166.67,2000.0,150,37.0
285,890700,7125.6,44.0,1.3238,2.0,2.0,1.0,134,21.18979,62269.23,8000.0,125,44.0
286,1891500,5404.286,36.0,1.0,4.0,1.0,3.0,250,27.77778,292857.2,9500.0,350,36.0
287,60000,300.0,25.0,1.0,1.9556,1.2833,1.3673,50,8.918697,22207.04,22859.85,200,25.0
288,976817,6105.106,31.0,1.0,1.0,2.0,1.0,107,21.4,22207.04,22859.85,160,31.0
289,976817,3907.268,41.0,1.0,1.0,2.2222,1.0,86,16.46815,292857.2,71570.55,250,41.0
290,976817,3907.268,41.0,1.0,1.0,2.2222,1.0,86,16.46815,292857.2,71570.55,250,41.0
291,1076500,5053.991,39.0,1.0,2.0,3.0,1.3333,186,25.36375,62269.23,16624.89,213,39.0
292,1378586,6352.931,38.0,1.0,4.0,1.5946,1.5357,191,23.49237,17166.67,27177.04,217,38.0
293,409167,5114.587,37.0,1.0,1.9556,1.2833,1.0,67,12.78894,22207.04,5900.0,80,37.0
294,694227,15427.27,35.0,1.2228,2.0,1.2833,1.3673,80,13.62073,22207.04,6000.0,45,35.0
295,900000,5000.0,39.0,1.0,1.0,2.0,1.0,137,27.4,100000.0,40000.0,180,39.0
296,1926395,5503.986,41.0,1.0,5.0,3.0,1.3333,284,27.48396,62269.23,16700.0,350,41.0
297,976817,4884.085,36.0,1.2228,1.0,1.0,1.0,58,13.73496,22207.04,350.0,200,36.0
298,887000,10313.95,39.0,1.0,4.359,1.0,1.4091,110,14.16048,292857.2,15000.0,86,39.0
299,2737701,10950.8,42.0,1.0,4.0,1.0,3.0,274,30.44444,22207.04,22859.85,250,42.0
300,1300000,8666.667,39.0,2.0,1.0,1.2833,1.0,177,33.50179,22207.04,22859.85,150,39.0
301,156168,3549.273,40.0,1.0,1.9556,1.2833,1.3673,63,11.23756,22207.04,22859.85,44,40.0
302,1000000,10638.3,41.0,2.0,2.0,1.0,1.3673,184,28.89765,30000.0,22859.85,94,41.0
303,528000,6600.0,41.0,1.0,2.2656,2.0741,1.3333,120,17.98292,62269.23,16624.89,80,41.0
304,77369,1934.225,33.0,1.0,1.9556,1.2833,1.3673,80,14.26992,22207.04,22859.85,40,33.0
305,1926395,13759.96,49.0,1.2857,2.0,2.0,2.0,136,18.6667,17166.67,27177.04,140,49.0
306,694227,6942.27,35.0,2.0,1.9231,1.5946,1.0,65,9.972843,17166.67,10000.0,100,35.0
307,475000,11309.52,28.0,1.0,1.9556,1.2833,1.3673,60,10.70244,22207.04,2000.0,42,28.0
308,800000,5555.556,41.0,2.0,3.0,2.0741,2.0,240,26.4489,62269.23,5000.0,144,41.0
309,984717,5182.721,37.0,1.0,3.0,1.2833,1.3673,162,24.3587,22207.04,22859.85,190,37.0
310,77369,859.6556,25.0,1.0,2.2656,2.0741,1.3333,90,13.48719,62269.23,16624.89,90,25.0
311,976817,4884.085,40.0,1.0,1.0,3.0,1.3333,133,21.00011,62269.23,16624.89,200,40.0
312,495340,6191.75,39.0,1.0,1.0,1.0,1.3333,131,30.231,15000.0,16624.89,80,39.0
313,1926395,5665.868,21.0,3.0,1.9556,1.2833,1.3673,120,15.7766,65000.0,80000.0,340,21.0
314,301133,5018.883,35.0,1.2228,1.0,1.2833,1.3673,40,8.207822,22207.04,22859.85,60,35.0
315,196065,3267.75,31.0,1.0,1.9556,1.0,1.3673,80,15.0294,22207.04,22859.85,60,31.0
316,1100000,5238.095,42.0,1.0,3.0,2.0741,1.0,137,19.36642,62269.23,16000.0,210,42.0
317,50000,3125.0,30.0,1.0,1.9556,1.2833,1.3673,40,7.134958,22207.04,22859.85,16,30.0
318,495340,8255.667,38.0,1.0,1.9556,1.2833,1.3673,52,9.275445,22207.04,22859.85,60,38.0
319,694227,6942.27,42.0,2.0,1.0,1.5946,1.5357,137,22.34801,17166.67,27177.04,100,42.0
320,1000000,7692.308,44.0,1.0,2.0,2.2222,2.0,138,19.10775,292857.2,71570.55,130,44.0
321,797825,3989.125,42.0,1.0,2.2656,1.0,2.0,94,15.00255,62269.23,1900.0,200,42.0
322,1413502,11129.94,41.0,1.0,4.0,2.0741,2.0,204,22.48157,12000.0,3400.0,127,41.0
323,355724,5081.771,39.0,1.0,1.9556,1.2833,1.0,57,10.88015,22207.04,22859.85,70,39.0
324,777042,3885.21,40.0,1.0,1.0,1.0,1.3333,115,26.53867,62269.23,16624.89,200,40.0
325,495340,5503.778,42.0,1.0,2.2656,2.0741,1.3333,104,15.58519,62269.23,16624.89,90,42.0
326,775000,4078.947,40.0,1.0,1.0,1.0,2.0,125,25.0,150000.0,50000.0,190,40.0
327,1000000,10000.0,41.0,1.0,2.0,1.2833,1.0,149,28.20207,22207.04,22859.85,100,41.0
328,694227,6311.155,39.0,1.0,2.0,1.2833,1.3673,136,24.06824,22207.04,30000.0,110,39.0
329,480000,10666.67,38.0,1.0,1.9556,1.2833,1.3673,104,18.55089,22207.04,22859.85,45,38.0
330,188790,3933.125,39.0,1.0,1.9556,1.2833,1.3673,60,10.70244,22207.04,22859.85,48,39.0
331,575000,4107.143,35.0,1.0,1.0,2.0741,1.3333,70,12.94522,62269.23,16624.89,140,35.0
332,976817,3907.268,33.0,1.0,1.0,1.5946,3.0,122,18.49998,17166.67,27177.04,250,33.0
333,725000,3625.0,36.0,1.0,1.9231,1.5946,2.0,112,17.18398,17166.67,27177.04,200,36.0
334,650000,6500.0,38.0,1.0,2.2656,1.0,1.3333,70,12.50246,62269.23,5000.0,100,38.0
335,976817,4440.077,37.0,1.0,1.9231,1.5946,2.0,113,17.3374,17166.67,5000.0,220,37.0
336,1100000,6111.111,39.0,1.0,2.0,1.2833,1.3673,125,22.12154,22207.04,22859.85,180,39.0
337,495340,7393.134,44.0,2.0,1.9556,1.2833,1.3673,80,12.10984,5000.0,22859.85,67,44.0
338,375000,11718.75,44.0,2.0,1.9556,1.2833,1.0,104,16.66961,22207.04,22859.85,32,44.0
339,400000,3333.333,40.0,1.0,1.9231,1.0,1.5357,75,13.73928,20000.0,27177.04,120,40.0
340,495340,4503.091,39.0,1.0,2.2656,2.0741,1.3333,65,9.740746,62269.23,15000.0,110,39.0
341,1400000,5384.615,42.0,1.0,4.0,2.0,3.0,279,27.9,10000.0,5000.0,260,42.0
342,495340,6191.75,33.0,1.2228,1.0,1.0,1.3673,55,11.98231,22207.04,5000.0,80,33.0
343,694227,6942.27,33.0,2.0,2.2656,2.0741,1.3333,104,13.55402,62269.23,16624.89,100,33.0
344,694227,4958.764,44.0,1.0,1.9231,1.5946,1.5357,72,11.89414,17166.67,27177.04,140,44.0
345,525000,10937.5,40.0,1.0,1.9556,1.2833,1.3673,60,10.70244,22207.04,22859.85,48,40.0
346,425000,2500.0,39.0,2.0,1.9556,1.0,1.3673,82,12.96873,22207.04,22859.85,170,39.0
347,1450000,3222.222,47.0,1.0,3.0,1.0,1.4091,224,34.95031,292857.2,200000.0,450,47.0
348,655965,5963.318,42.0,1.0,2.2656,1.0,1.0,84,15.9526,62269.23,6000.0,110,42.0
349,600000,10000.0,34.0,2.0,1.9556,1.2833,1.3673,120,18.16475,22207.04,150000.0,60,34.0
350,300000,5000.0,34.0,1.0,1.9556,1.2833,1.3673,69,12.3078,22207.04,1000.0,60,34.0
351,301133,5018.883,33.0,1.0,1.9556,1.2833,1.3673,45,8.026828,22207.04,22859.85,60,33.0
352,694227,7713.633,38.0,2.0,1.9556,1.2833,1.3673,50,7.568648,47880.0,78868.0,90,38.0
353,1286703,3216.758,39.0,1.0,4.0,1.0,1.0,228,32.57143,17166.67,27177.04,400,66.0
354,500000,8333.333,28.0,2.0,1.9556,1.2833,1.3673,144,21.7977,1500.0,22859.85,60,28.0
355,650000,7647.059,39.0,1.0,1.9556,1.2833,2.0,100,16.02847,5000.0,10000.0,85,88.0
356,950000,5277.778,42.0,2.0,1.9231,2.0,1.0,198,28.59991,17166.67,27177.04,180,82.0
357,930000,8086.957,43.0,2.0,1.0,1.2833,1.3673,150,26.54585,10000.0,22859.85,115,32.0
358,565400,14135.0,44.0,1.0,3.0,2.0741,1.3333,167,22.54502,62269.23,5000.0,40,59.0
359,634245,7047.167,36.0,1.0,1.0,1.0,1.0,127,31.75,22207.04,15000.0,90,58.0
360,946412,5061.027,38.0,1.0,1.0,1.2833,1.3673,160,34.40416,22207.04,7500.0,187,63.0
361,1700000,4473.684,40.0,1.0,5.0,5.0,1.0,118,9.833333,17166.67,10000.0,380,70.0
362,605000,4033.333,37.0,1.0,1.0,2.0,1.3673,152,28.31964,22207.04,22859.85,150,73.0
363,395000,4157.895,37.0,1.0,1.9556,1.2833,1.3673,78,13.91317,22207.04,22859.85,95,84.0
364,1800000,5000.0,46.0,1.0,3.0,1.0,1.4091,192,29.95741,292857.2,71570.55,360,83.0
365,2000000,8510.639,38.0,2.0,3.0,3.0,3.0,294,26.72727,17166.67,100000.0,235,61.0
366,1086835,9880.318,38.0,1.0,2.0,1.0,2.0,168,28.0,20000.0,22859.85,110,83.0
367,1200000,8000.0,45.0,1.0,1.0,1.0,1.3673,124,28.39283,22207.04,22859.85,150,88.0
368,1518000,7590.0,39.0,1.0,3.0,1.0,1.0,234,39.0,114000.0,100000.0,200,67.0
369,732981,5235.579,40.0,1.0,2.0,1.2833,1.3673,163,28.84649,22207.04,22859.85,140,56.0
370,1400000,9333.333,43.0,1.0,2.0,1.0,1.5357,160,28.9033,17166.67,175000.0,150,77.0
371,544015,6800.188,38.0,1.0,1.9556,1.2833,1.3673,85,15.16179,22207.04,22859.85,80,82.0
372,199286,3321.433,31.0,1.0,1.9231,1.5946,1.5357,65,10.73777,17166.67,27177.04,60,88.0
373,2000000,5128.205,38.0,1.0,2.0,3.0,2.0,210,26.25,17166.67,9000.0,390,90.0
374,480000,6857.143,45.0,1.0,1.0,2.0741,1.3333,103,19.04797,62269.23,16624.89,70,72.0
375,842389,3829.041,45.0,1.0,2.0,2.0741,1.0,161,26.50599,62269.23,120000.0,220,65.0
376,502000,5020.0,44.0,2.0,2.2656,2.0741,1.0,110,14.98699,5000.0,100000.0,100,90.0
377,1950000,7222.222,46.0,1.0,4.0,1.5946,1.5357,264,32.47113,17166.67,27177.04,270,75.0
378,580000,1933.333,39.0,1.0,3.0,2.0,1.3333,176,24.00011,60000.0,30000.0,300,65.0
379,1000000,4545.455,41.0,1.0,4.359,1.0,1.0,120,16.30656,292857.2,71570.55,220,69.0
380,671755,6106.864,44.0,1.0,2.2656,1.0,1.3333,140,25.00491,62269.23,5000.0,110,82.0
381,536459,4291.672,37.0,1.0,1.0,1.0,1.5357,156,34.39381,2500.0,2500.0,125,64.0
382,955867,6827.622,43.0,1.0,2.0,3.0,1.5357,122,16.1896,9000.0,7600.0,140,75.0
383,1472900,12274.17,45.0,1.0,1.0,1.2833,1.3673,108,23.22281,22207.04,22859.85,120,79.0
384,445000,11125.0,35.0,1.0,1.9556,1.2833,1.3673,70,12.48618,22207.04,22859.85,40,87.0
385,772665,5519.036,39.0,1.0,1.0,1.2833,1.3673,105,22.57773,20000.0,22859.85,140,61.0
386,1200000,9230.77,42.0,2.0,3.0,1.0,1.3673,250,33.93373,22207.04,22500.0,130,64.0
387,420000,5600.0,40.0,1.0,1.9556,1.2833,1.3673,82,14.62666,22207.04,22859.85,75,81.0
388,1067500,10675.0,40.0,1.0,1.0,1.2833,1.0,109,25.44767,8600.0,22859.85,100,82.0
389,846000,6042.857,40.0,2.0,1.0,2.2222,1.4091,150,22.62,30000.0,15000.0,140,80.0
390,500000,8333.333,44.0,2.0,1.9556,1.2833,1.3673,110,16.65102,25000.0,22859.85,60,88.0
391,1993529,1642.116,48.0,2.0,5.0,5.0,3.0,385,25.66667,62269.23,16624.89,1214,86.0
392,695000,3861.111,42.0,1.0,1.0,1.0,1.0,151,37.75,292857.2,1687.0,180,75.0
393,407400,2314.773,43.0,1.0,1.9231,1.5946,1.0,106,19.2109,17166.67,27177.04,176,69.0
394,1800000,3964.758,48.0,3.0,2.2656,3.0,1.3333,221,23.02347,62269.23,2450.0,454,48.0
395,1164688,5823.44,46.0,1.0,1.0,1.0,1.3673,117,26.79001,22207.04,22859.85,200,80.0
396,500000,5000.0,37.0,1.0,1.9231,1.0,1.5357,104,19.05181,17166.67,80000.0,100,90.0
397,5000000,16666.67,40.0,1.0,8.0,9.0,1.0,120,6.31579,292857.2,126800.0,300,76.0
398,517381,5173.81,40.0,1.0,1.0,1.5946,1.5357,92,17.93267,17166.67,27177.04,100,89.0
399,1252320,3339.52,36.0,1.0,2.0,1.5946,2.0,170,25.77867,17166.67,27177.04,375,72.0
400,600000,8571.429,39.0,1.0,1.9556,1.2833,1.0,74,14.1251,22207.04,22859.85,70,85.0
