,Study,Film,ext,neur,imp,soc,lie,traitanx,state1,EA1,TA1,PA1,NA1,EA2,TA2,PA2,NA2,state2,MEQ,BDI
1,maps,3,18.0,9.0,7.0,10.0,3.0,24.0,22.0,24.0,14.0,26.0,2.0,6.0,5.0,7.0,4.0,37.0,41.0,24.0
2,maps,3,16.0,12.0,5.0,8.0,1.0,41.0,40.0,9.0,13.0,10.0,4.0,4.0,14.0,5.0,5.0,37.0,41.0,9.0
3,maps,3,6.0,5.0,3.0,1.0,2.0,37.0,44.0,1.0,14.0,4.0,2.0,2.0,15.0,3.0,1.0,37.0,41.0,1.0
4,maps,3,12.0,15.0,4.0,6.0,3.0,54.0,40.0,5.0,15.0,1.0,0.0,4.0,15.0,0.0,2.0,37.0,41.0,5.0
5,maps,3,14.0,2.0,5.0,6.0,3.0,39.0,67.0,12.0,20.0,7.0,13.0,14.0,15.0,16.0,13.0,37.0,41.0,12.0
6,maps,1,6.0,15.0,2.0,4.0,5.0,51.0,38.0,9.0,14.0,5.0,1.0,7.0,12.0,2.0,2.0,37.0,41.0,9.0
7,maps,1,15.0,12.0,4.0,9.0,3.0,40.0,32.0,1.0,5.0,7.0,0.0,13.0,14.0,8.0,8.0,37.0,41.0,1.0
8,maps,2,18.0,10.0,7.0,9.0,2.0,32.0,41.0,17.0,11.0,10.0,1.0,19.0,15.0,16.0,0.0,37.0,41.0,17.0
9,maps,2,15.0,1.0,3.0,11.0,3.0,22.0,26.0,19.0,5.0,14.0,0.0,19.0,6.0,14.0,0.0,37.0,41.0,19.0
10,maps,2,8.0,10.0,2.0,5.0,2.0,35.0,31.0,15.0,8.0,7.0,0.0,28.0,19.0,11.0,2.0,37.0,41.0,15.0
11,maps,1,13.0,9.0,3.0,9.0,3.0,43.0,39.0,14.0,13.0,10.0,2.0,9.0,21.0,3.0,7.0,37.0,41.0,14.0
12,maps,4,14.0,1.0,3.0,12.0,6.0,33.0,25.0,24.0,15.0,23.0,2.0,27.0,11.0,29.0,0.0,37.0,41.0,24.0
13,maps,4,15.0,2.0,4.0,10.0,5.0,23.0,32.0,7.0,14.0,1.0,0.0,11.0,17.0,4.0,0.0,37.0,41.0,7.0
14,maps,4,19.0,3.0,7.0,11.0,0.0,23.0,23.0,21.0,13.0,20.0,1.0,23.0,18.0,21.0,2.0,37.0,41.0,21.0
15,maps,1,15.0,7.0,4.0,10.0,2.0,27.0,28.0,22.0,15.0,16.0,1.0,16.0,18.0,12.0,4.0,37.0,41.0,22.0
16,maps,1,11.0,13.0,6.0,5.0,7.0,45.0,28.0,2.0,0.0,5.0,0.0,23.0,26.0,21.0,9.0,37.0,41.0,2.0
17,maps,1,16.0,18.0,5.0,10.0,0.0,58.0,56.0,3.0,11.0,3.0,7.0,8.0,17.0,4.0,18.0,37.0,41.0,3.0
18,maps,1,17.0,11.0,6.0,11.0,4.0,39.0,44.0,19.0,18.0,23.0,1.0,21.0,20.0,21.0,6.0,37.0,41.0,19.0
19,maps,1,7.0,10.0,2.0,4.0,1.0,43.0,56.0,14.0,21.0,17.0,8.0,18.0,22.0,12.0,12.0,37.0,41.0,14.0
20,maps,1,13.0,12.0,4.0,8.0,4.0,38.0,35.0,9.0,6.0,1.0,0.0,11.0,10.0,8.0,1.0,37.0,41.0,9.0
21,maps,2,14.0,3.0,5.0,7.0,3.0,35.0,28.0,18.0,8.0,12.0,0.0,16.0,17.0,7.0,2.0,37.0,41.0,18.0
22,maps,2,11.0,10.0,3.0,7.0,1.0,37.0,47.0,11.0,12.0,5.0,1.0,16.0,22.0,12.0,4.0,37.0,41.0,11.0
23,maps,2,20.0,10.0,7.0,10.0,2.0,43.0,43.0,5.0,10.0,2.0,1.0,10.0,25.0,2.0,6.0,37.0,41.0,5.0
24,maps,2,12.0,8.0,1.0,10.0,2.0,36.0,42.0,4.0,15.0,3.0,0.0,11.0,19.0,7.0,1.0,37.0,41.0,4.0
25,maps,2,13.0,9.0,4.0,7.0,1.0,40.0,32.0,14.0,13.0,12.0,1.0,13.0,15.0,15.0,3.0,37.0,41.0,14.0
26,maps,2,10.0,9.0,3.0,7.0,1.0,43.0,38.0,6.0,7.0,4.0,0.0,15.0,17.0,10.0,6.0,37.0,41.0,6.0
27,maps,4,18.0,2.0,6.0,10.0,3.0,30.0,36.0,7.0,10.0,15.0,0.0,10.0,9.0,10.0,0.0,37.0,41.0,7.0
28,maps,4,14.0,12.0,5.0,7.0,4.0,29.0,41.0,12.0,10.0,11.0,1.0,21.0,13.0,16.0,0.0,37.0,41.0,12.0
29,maps,3,13.0,7.0,4.0,7.0,3.0,42.0,42.0,12.0,11.0,7.0,2.0,15.0,14.0,5.0,0.0,37.0,41.0,12.0
30,maps,4,16.0,19.0,6.0,9.0,5.0,35.0,37.0,6.0,13.0,16.0,2.0,19.0,11.0,24.0,0.0,37.0,41.0,6.0
31,maps,4,11.0,14.0,5.0,4.0,2.0,23.0,51.0,13.0,18.0,16.0,10.0,13.0,19.0,15.0,10.0,37.0,41.0,13.0
32,maps,4,8.0,17.0,3.0,5.0,1.0,64.0,61.0,9.0,23.0,9.0,11.0,15.0,13.0,14.0,5.0,37.0,41.0,9.0
33,maps,4,10.0,15.0,5.0,3.0,1.0,40.0,28.0,3.0,12.0,7.0,2.0,20.0,17.0,15.0,1.0,37.0,41.0,3.0
34,maps,3,13.0,14.0,5.0,8.0,2.0,42.0,35.0,24.0,16.0,22.0,4.0,22.0,13.0,22.0,1.0,37.0,41.0,24.0
35,maps,3,11.0,10.0,4.0,5.0,2.0,39.0,32.0,20.0,9.0,12.0,0.0,21.0,23.0,13.0,11.0,37.0,41.0,20.0
36,maps,2,5.0,9.0,1.0,3.0,3.0,46.0,50.0,7.0,12.0,3.0,2.0,19.0,20.0,8.0,4.0,37.0,41.0,7.0
37,maps,3,13.0,10.0,5.0,8.0,2.0,39.0,38.0,0.0,8.0,1.0,3.0,0.0,8.0,0.0,1.0,37.0,41.0,0.0
38,maps,2,7.0,5.0,1.0,3.0,2.0,36.0,34.0,1.0,10.0,0.0,0.0,0.0,10.0,2.0,0.0,37.0,41.0,1.0
39,maps,3,12.0,10.0,4.0,7.0,2.0,38.0,27.0,24.0,18.0,28.0,2.0,18.0,13.0,21.0,0.0,37.0,41.0,24.0
40,maps,2,10.0,13.0,5.0,4.0,0.0,54.0,41.0,6.0,10.0,1.0,6.0,7.0,11.0,2.0,1.0,37.0,41.0,6.0
41,maps,2,14.0,14.0,3.0,10.0,0.0,37.0,45.0,13.0,15.0,17.0,9.0,12.0,22.0,10.0,14.0,37.0,41.0,13.0
42,maps,2,11.0,8.0,3.0,7.0,4.0,29.0,29.0,19.0,9.0,18.0,0.0,16.0,16.0,11.0,1.0,37.0,41.0,19.0
43,maps,1,15.0,2.0,5.0,9.0,5.0,24.0,24.0,23.0,11.0,27.0,2.0,15.0,19.0,15.0,20.0,37.0,41.0,23.0
44,maps,1,14.0,18.0,5.0,7.0,1.0,61.0,28.0,11.0,4.0,10.0,0.0,14.0,9.0,12.0,10.0,37.0,41.0,11.0
45,maps,4,19.0,11.0,7.0,9.0,1.0,34.0,42.0,18.0,19.0,13.0,7.0,23.0,17.0,24.0,0.0,37.0,41.0,18.0
46,maps,1,14.0,13.0,5.0,8.0,3.0,44.0,50.0,5.0,14.0,6.0,6.0,3.0,12.0,1.0,6.0,37.0,41.0,5.0
47,maps,1,11.0,17.0,3.0,8.0,0.0,60.0,62.0,4.0,16.0,6.0,15.0,5.0,24.0,5.0,15.0,37.0,41.0,4.0
48,maps,1,16.0,13.0,5.0,9.0,3.0,45.0,54.0,6.0,12.0,8.0,9.0,5.0,16.0,7.0,11.0,37.0,41.0,6.0
49,maps,1,19.0,13.0,6.0,11.0,2.0,47.0,53.0,6.0,24.0,17.0,11.0,3.0,25.0,14.0,16.0,37.0,41.0,6.0
50,maps,1,20.0,7.0,8.0,10.0,0.0,34.0,31.0,19.0,13.0,15.0,0.0,12.0,16.0,8.0,6.0,37.0,41.0,19.0
51,maps,4,7.0,16.0,0.0,5.0,1.0,46.0,32.0,11.0,12.0,12.0,0.0,21.0,18.0,15.0,1.0,37.0,41.0,11.0
52,maps,1,10.0,18.0,5.0,3.0,2.0,54.0,36.0,15.0,12.0,6.0,1.0,12.0,21.0,4.0,7.0,37.0,41.0,15.0
53,maps,1,9.0,13.0,2.0,6.0,2.0,44.0,33.0,13.0,9.0,15.0,3.0,14.0,19.0,6.0,6.0,37.0,41.0,13.0
54,maps,1,12.0,13.0,4.0,6.0,4.0,48.0,52.0,10.0,16.0,2.0,4.0,9.0,9.0,0.0,0.0,37.0,41.0,10.0
55,maps,3,14.0,12.0,5.0,8.0,1.0,32.0,27.0,19.0,5.0,16.0,0.0,15.0,9.0,9.0,2.0,37.0,41.0,19.0
56,maps,3,20.0,6.0,7.0,12.0,3.0,29.0,25.0,7.0,8.0,8.0,1.0,10.0,9.0,15.0,0.0,37.0,41.0,7.0
57,maps,3,11.0,8.0,3.0,7.0,5.0,38.0,30.0,23.0,17.0,19.0,1.0,18.0,16.0,13.0,4.0,37.0,41.0,23.0
58,maps,4,10.0,10.0,4.0,5.0,2.0,32.0,27.0,2.0,5.0,10.0,0.0,6.0,8.0,8.0,0.0,37.0,41.0,2.0
59,maps,4,14.0,10.0,5.0,8.0,2.0,37.0,29.0,16.0,7.0,14.0,0.0,23.0,13.0,18.0,0.0,37.0,41.0,16.0
60,maps,3,12.0,10.0,4.0,7.0,3.0,36.0,42.0,5.0,12.0,14.0,4.0,4.0,16.0,10.0,5.0,37.0,41.0,5.0
61,maps,3,15.0,3.0,3.0,11.0,2.0,23.0,40.0,8.0,7.0,8.0,0.0,9.0,10.0,11.0,0.0,37.0,41.0,8.0
62,maps,3,12.0,7.0,2.0,9.0,2.0,27.0,24.0,16.0,8.0,21.0,0.0,20.0,14.0,23.0,0.0,37.0,41.0,16.0
63,maps,2,5.0,15.0,3.0,1.0,2.0,57.0,53.0,11.0,11.0,4.0,9.0,12.0,22.0,6.0,5.0,37.0,41.0,11.0
64,maps,4,13.0,6.0,4.0,7.0,3.0,36.0,39.0,21.0,14.0,18.0,2.0,19.0,18.0,11.0,3.0,37.0,41.0,21.0
65,maps,4,10.0,6.0,1.0,9.0,5.0,33.0,31.0,14.0,7.0,9.0,0.0,19.0,10.0,16.0,0.0,37.0,41.0,14.0
66,maps,4,5.0,19.0,3.0,2.0,3.0,51.0,55.0,8.0,16.0,7.0,17.0,16.0,13.0,14.0,0.0,37.0,41.0,8.0
67,maps,4,6.0,14.0,3.0,2.0,4.0,42.0,43.0,7.0,13.0,3.0,1.0,17.0,11.0,16.0,1.0,37.0,41.0,7.0
68,maps,4,18.0,2.0,7.0,9.0,3.0,29.0,32.0,26.0,11.0,27.0,2.0,29.0,12.0,20.0,0.0,37.0,41.0,26.0
69,maps,2,12.0,18.0,4.0,7.0,1.0,50.0,36.0,0.0,7.0,4.0,6.0,10.0,8.0,12.0,4.0,37.0,41.0,0.0
70,maps,2,18.0,13.0,5.0,11.0,3.0,38.0,46.0,12.0,14.0,7.0,5.0,8.0,15.0,2.0,3.0,37.0,41.0,12.0
71,maps,2,17.0,13.0,6.0,10.0,1.0,40.0,51.0,14.0,19.0,20.0,4.0,14.0,16.0,17.0,4.0,37.0,41.0,14.0
72,maps,2,17.0,13.0,6.0,9.0,1.0,51.0,27.0,20.0,13.0,18.0,0.0,24.0,19.0,16.0,1.0,37.0,41.0,20.0
73,maps,2,12.0,5.0,5.0,4.0,0.0,30.0,27.0,23.0,11.0,22.0,0.0,21.0,21.0,17.0,8.0,37.0,41.0,23.0
74,maps,3,6.0,3.0,2.0,2.0,6.0,37.0,27.0,16.0,8.0,10.0,2.0,14.0,6.0,10.0,2.0,37.0,41.0,16.0
75,maps,3,18.0,6.0,7.0,8.0,1.0,35.0,32.0,23.0,13.0,19.0,0.0,23.0,11.0,20.0,0.0,37.0,41.0,23.0
76,maps,3,12.0,16.0,2.0,9.0,0.0,60.0,68.0,8.0,24.0,8.0,23.0,1.0,20.0,9.0,18.0,37.0,41.0,8.0
77,maps,4,17.0,7.0,6.0,10.0,4.0,35.0,61.0,1.0,17.0,0.0,7.0,4.0,15.0,8.0,1.0,37.0,41.0,1.0
78,maps,3,19.0,10.0,8.0,10.0,2.0,38.0,42.0,9.0,12.0,3.0,1.0,6.0,18.0,3.0,0.0,37.0,41.0,9.0
79,maps,4,13.0,18.0,6.0,6.0,2.0,56.0,61.0,16.0,24.0,13.0,8.0,23.0,16.0,15.0,3.0,37.0,41.0,16.0
80,maps,4,13.0,10.0,5.0,8.0,2.0,38.0,40.0,11.0,11.0,9.0,3.0,16.0,12.0,13.0,0.0,37.0,41.0,11.0
81,maps,4,11.0,8.0,3.0,6.0,2.0,42.0,40.0,22.0,16.0,16.0,1.0,21.0,15.0,8.0,1.0,37.0,41.0,22.0
82,maps,4,17.0,13.0,7.0,9.0,0.0,37.0,34.0,20.0,12.0,12.0,3.0,20.0,15.0,16.0,0.0,37.0,41.0,20.0
83,maps,4,19.0,8.0,7.0,9.0,2.0,29.0,26.0,11.0,9.0,12.0,1.0,17.0,14.0,15.0,0.0,37.0,41.0,11.0
84,maps,1,15.0,12.0,6.0,8.0,2.0,30.0,34.0,0.0,10.0,1.0,4.0,14.0,22.0,6.0,10.0,37.0,41.0,0.0
85,maps,3,16.0,0.0,4.0,12.0,5.0,25.0,27.0,14.0,6.0,8.0,0.0,15.0,7.0,13.0,0.0,37.0,41.0,14.0
86,maps,1,13.0,3.0,4.0,8.0,4.0,23.0,35.0,12.0,11.0,5.0,0.0,11.0,21.0,3.0,6.0,37.0,41.0,12.0
87,maps,1,16.0,4.0,6.0,9.0,3.0,44.0,40.0,16.0,16.0,14.0,3.0,12.0,16.0,11.0,7.0,37.0,41.0,16.0
88,maps,2,14.0,10.0,7.0,7.0,2.0,37.0,32.0,10.0,10.0,6.0,1.0,11.0,19.0,6.0,7.0,37.0,41.0,10.0
89,maps,3,13.0,14.0,3.0,8.0,2.0,39.0,63.0,2.0,22.0,8.0,13.0,0.0,22.0,6.0,15.0,37.0,41.0,2.0
90,maps,3,10.0,8.0,2.0,6.0,2.0,39.0,43.0,2.0,10.0,10.0,2.0,1.0,9.0,8.0,1.0,37.0,41.0,2.0
91,maps,3,6.0,5.0,2.0,1.0,1.0,34.0,27.0,1.0,3.0,1.0,0.0,0.0,3.0,5.0,0.0,37.0,41.0,1.0
92,maps,3,2.0,11.0,1.0,1.0,5.0,36.0,36.0,8.0,8.0,9.0,2.0,7.0,6.0,9.0,3.0,37.0,41.0,8.0
93,maps,2,6.0,18.0,1.0,4.0,4.0,71.0,48.0,0.0,10.0,2.0,1.0,23.0,30.0,14.0,14.0,37.0,41.0,0.0
94,maps,2,11.0,15.0,2.0,7.0,1.0,47.0,53.0,0.0,15.0,0.0,3.0,3.0,21.0,0.0,3.0,37.0,41.0,0.0
95,maps,2,19.0,11.0,6.0,11.0,1.0,30.0,40.0,12.0,5.0,13.0,4.0,18.0,13.0,17.0,7.0,37.0,41.0,12.0
96,maps,2,17.0,18.0,8.0,8.0,2.0,71.0,79.0,0.0,25.0,9.0,28.0,12.0,25.0,12.0,30.0,37.0,41.0,0.0
97,maps,4,17.0,12.0,6.0,10.0,1.0,46.0,54.0,5.0,11.0,6.0,6.0,12.0,14.0,9.0,1.0,37.0,41.0,5.0
98,maps,2,10.0,21.0,2.0,8.0,2.0,51.0,70.0,7.0,23.0,5.0,12.0,7.0,29.0,4.0,13.0,37.0,41.0,7.0
99,maps,1,13.0,12.0,4.0,8.0,2.0,43.0,69.0,21.0,26.0,21.0,17.0,10.0,26.0,11.0,19.0,37.0,41.0,21.0
100,maps,1,12.0,7.0,5.0,6.0,5.0,26.0,26.0,16.0,10.0,11.0,1.0,18.0,18.0,10.0,9.0,37.0,41.0,16.0
101,maps,4,14.0,7.0,3.0,9.0,3.0,42.0,37.0,17.0,18.0,20.0,3.0,14.0,14.0,16.0,2.0,37.0,41.0,17.0
102,maps,4,13.0,13.0,5.0,6.0,0.0,39.0,57.0,0.0,19.0,3.0,6.0,0.0,20.0,4.0,5.0,37.0,41.0,0.0
103,maps,1,22.0,10.0,9.0,11.0,0.0,42.0,37.0,0.0,6.0,0.0,0.0,7.0,23.0,1.0,7.0,37.0,41.0,0.0
104,maps,4,8.0,11.0,3.0,4.0,2.0,45.0,56.0,0.0,15.0,0.0,5.0,5.0,16.0,15.0,7.0,37.0,41.0,0.0
105,maps,4,22.0,12.0,8.0,11.0,1.0,44.0,56.0,3.0,19.0,4.0,6.0,19.0,15.0,17.0,0.0,37.0,41.0,3.0
106,maps,4,14.0,9.0,4.0,9.0,5.0,36.0,33.0,7.0,12.0,9.0,2.0,16.0,14.0,12.0,0.0,37.0,41.0,7.0
107,maps,4,9.0,12.0,3.0,6.0,5.0,48.0,46.0,16.0,12.0,13.0,9.0,14.0,15.0,14.0,6.0,37.0,41.0,16.0
108,maps,3,12.0,11.0,5.0,5.0,2.0,37.0,33.0,4.0,7.0,10.0,1.0,3.0,9.0,7.0,0.0,37.0,41.0,4.0
109,maps,3,16.0,3.0,4.0,10.0,2.0,25.0,29.0,2.0,10.0,1.0,0.0,1.0,14.0,1.0,0.0,37.0,41.0,2.0
110,maps,3,13.0,6.0,5.0,7.0,4.0,28.0,34.0,0.0,10.0,1.0,0.0,0.0,15.0,0.0,1.0,37.0,41.0,0.0
111,maps,3,15.0,13.0,3.0,11.0,4.0,38.0,43.0,1.0,14.0,6.0,2.0,1.0,12.0,3.0,0.0,37.0,41.0,1.0
112,maps,3,16.0,10.0,7.0,6.0,1.0,40.0,35.0,12.0,11.0,7.0,0.0,7.0,11.0,5.0,0.0,37.0,41.0,12.0
113,maps,1,14.0,5.0,5.0,8.0,4.0,28.0,26.0,15.0,5.0,19.0,0.0,15.0,20.0,17.0,6.0,37.0,41.0,15.0
114,maps,1,9.0,13.0,2.0,5.0,2.0,40.0,35.0,4.0,14.0,4.0,1.0,9.0,21.0,3.0,15.0,37.0,41.0,4.0
115,maps,2,13.0,10.0,5.0,8.0,2.0,37.0,38.0,26.0,14.0,19.0,3.0,23.0,19.0,24.0,10.0,37.0,41.0,26.0
116,maps,1,21.0,5.0,7.0,12.0,2.0,29.0,39.0,1.0,10.0,4.0,1.0,4.0,20.0,1.0,10.0,37.0,41.0,1.0
117,maps,2,15.0,7.0,4.0,9.0,2.0,35.0,34.0,15.0,13.0,13.0,0.0,15.0,25.0,5.0,9.0,37.0,41.0,15.0
118,maps,2,12.0,2.0,2.0,8.0,6.0,25.0,22.0,17.0,10.0,9.0,0.0,12.0,9.0,8.0,0.0,37.0,41.0,17.0
119,maps,1,17.0,8.0,4.0,11.0,3.0,32.0,25.0,11.0,5.0,17.0,2.0,15.0,21.0,21.0,19.0,37.0,41.0,11.0
120,maps,1,13.0,10.0,5.0,8.0,2.0,53.0,45.0,7.0,7.0,5.0,1.0,14.0,21.0,12.0,10.0,37.0,41.0,7.0
121,maps,1,9.0,5.0,1.0,7.0,2.0,33.0,31.0,7.0,8.0,6.0,1.0,8.0,16.0,3.0,3.0,37.0,41.0,7.0
122,maps,1,19.0,6.0,7.0,9.0,2.0,32.0,55.0,4.0,20.0,2.0,8.0,13.0,22.0,2.0,5.0,37.0,41.0,4.0
123,maps,1,12.0,10.0,3.0,7.0,3.0,39.0,41.0,16.0,12.0,16.0,4.0,12.0,13.0,11.0,10.0,37.0,41.0,16.0
124,maps,1,16.0,7.0,4.0,11.0,4.0,31.0,28.0,18.0,11.0,21.0,1.0,13.0,20.0,15.0,4.0,37.0,41.0,18.0
125,maps,1,10.0,2.0,7.0,2.0,4.0,28.0,23.0,21.0,13.0,28.0,6.0,23.0,27.0,23.0,16.0,37.0,41.0,21.0
126,maps,1,13.0,19.0,5.0,7.0,1.0,54.0,30.0,16.0,10.0,6.0,0.0,16.0,26.0,5.0,9.0,37.0,41.0,16.0
127,maps,1,13.0,11.0,6.0,7.0,2.0,44.0,45.0,4.0,13.0,10.0,3.0,21.0,24.0,9.0,6.0,37.0,41.0,4.0
128,maps,3,13.0,17.0,5.0,8.0,3.0,46.0,54.0,14.0,22.0,10.0,13.0,16.0,16.0,12.0,4.0,37.0,41.0,14.0
129,maps,3,17.0,7.0,6.0,10.0,5.0,32.0,27.0,29.0,17.0,25.0,2.0,10.0,18.0,2.0,4.0,37.0,41.0,29.0
130,maps,4,11.0,20.0,3.0,8.0,3.0,43.0,34.0,13.0,9.0,11.0,1.0,13.0,11.0,10.0,1.0,37.0,41.0,13.0
131,maps,4,14.0,10.0,5.0,8.0,2.0,68.0,60.0,7.0,20.0,2.0,13.0,6.0,18.0,3.0,10.0,37.0,41.0,7.0
132,maps,4,14.0,12.0,5.0,9.0,3.0,39.0,39.0,14.0,19.0,24.0,7.0,11.0,16.0,24.0,5.0,37.0,41.0,14.0
133,maps,3,11.0,10.0,4.0,6.0,3.0,39.0,32.0,9.0,9.0,10.0,0.0,10.0,13.0,6.0,0.0,37.0,41.0,9.0
134,maps,3,10.0,10.0,3.0,6.0,1.0,40.0,32.0,9.0,10.0,10.0,0.0,6.0,12.0,11.0,0.0,37.0,41.0,9.0
135,maps,3,14.0,8.0,5.0,7.0,2.0,31.0,32.0,18.0,15.0,18.0,2.0,14.0,14.0,15.0,2.0,37.0,41.0,18.0
136,maps,3,13.0,11.0,4.0,8.0,2.0,47.0,39.0,11.0,16.0,15.0,10.0,7.0,11.0,12.0,5.0,37.0,41.0,11.0
137,maps,3,15.0,13.0,3.0,11.0,4.0,36.0,48.0,0.0,10.0,7.0,7.0,13.0,22.0,12.0,11.0,37.0,41.0,0.0
138,maps,3,13.0,22.0,5.0,7.0,2.0,52.0,55.0,5.0,16.0,1.0,5.0,7.0,15.0,3.0,5.0,37.0,41.0,5.0
139,maps,1,13.0,2.0,4.0,8.0,2.0,29.0,39.0,8.0,14.0,9.0,3.0,11.0,15.0,9.0,4.0,37.0,41.0,8.0
140,maps,1,20.0,9.0,7.0,11.0,3.0,32.0,36.0,13.0,8.0,9.0,1.0,11.0,8.0,8.0,2.0,37.0,41.0,13.0
141,maps,1,15.0,12.0,5.0,7.0,2.0,34.0,40.0,14.0,14.0,10.0,1.0,16.0,21.0,6.0,10.0,37.0,41.0,14.0
142,maps,1,10.0,18.0,4.0,5.0,4.0,53.0,52.0,2.0,13.0,7.0,2.0,9.0,23.0,4.0,10.0,37.0,41.0,2.0
143,maps,1,22.0,3.0,8.0,12.0,0.0,27.0,38.0,18.0,17.0,18.0,5.0,20.0,21.0,17.0,14.0,37.0,41.0,18.0
144,maps,2,10.0,8.0,2.0,7.0,3.0,34.0,44.0,12.0,11.0,14.0,9.0,17.0,18.0,17.0,15.0,37.0,41.0,12.0
145,maps,2,16.0,13.0,5.0,9.0,2.0,44.0,40.0,17.0,18.0,17.0,1.0,15.0,26.0,6.0,11.0,37.0,41.0,17.0
146,maps,4,16.0,12.0,6.0,7.0,3.0,52.0,48.0,0.0,12.0,0.0,3.0,8.0,13.0,3.0,0.0,37.0,41.0,0.0
147,maps,4,16.0,14.0,5.0,9.0,1.0,38.0,66.0,3.0,24.0,8.0,16.0,8.0,20.0,12.0,8.0,37.0,41.0,3.0
148,maps,4,18.0,12.0,5.0,10.0,3.0,45.0,44.0,3.0,19.0,14.0,4.0,3.0,16.0,16.0,3.0,37.0,41.0,3.0
149,maps,4,18.0,10.0,7.0,10.0,2.0,38.0,39.0,7.0,11.0,5.0,3.0,20.0,12.0,18.0,0.0,37.0,41.0,7.0
150,maps,2,4.0,12.0,0.0,4.0,2.0,53.0,54.0,8.0,15.0,0.0,3.0,8.0,15.0,0.0,0.0,37.0,41.0,8.0
151,maps,2,12.0,2.0,4.0,7.0,5.0,28.0,36.0,6.0,15.0,0.0,0.0,7.0,16.0,0.0,0.0,37.0,41.0,6.0
152,maps,2,21.0,0.0,8.0,12.0,3.0,23.0,23.0,20.0,14.0,21.0,5.0,19.0,12.0,21.0,4.0,37.0,41.0,20.0
153,maps,2,12.0,15.0,4.0,6.0,2.0,45.0,50.0,2.0,16.0,7.0,3.0,17.0,21.0,11.0,2.0,37.0,41.0,2.0
154,maps,2,21.0,9.0,8.0,10.0,2.0,31.0,44.0,6.0,14.0,5.0,0.0,2.0,16.0,2.0,0.0,37.0,41.0,6.0
155,maps,2,11.0,16.0,2.0,8.0,2.0,51.0,47.0,1.0,13.0,7.0,2.0,7.0,15.0,6.0,3.0,37.0,41.0,1.0
156,maps,3,19.0,5.0,5.0,11.0,1.0,33.0,33.0,16.0,17.0,12.0,0.0,12.0,14.0,7.0,1.0,37.0,41.0,16.0
157,maps,3,15.0,13.0,7.0,8.0,4.0,45.0,31.0,18.0,9.0,18.0,4.0,19.0,9.0,20.0,1.0,37.0,41.0,18.0
158,maps,3,1.0,12.0,1.0,0.0,3.0,60.0,55.0,8.0,16.0,1.0,3.0,9.0,17.0,1.0,1.0,37.0,41.0,8.0
159,maps,3,14.0,9.0,6.0,5.0,1.0,41.0,45.0,15.0,13.0,9.0,4.0,27.0,25.0,20.0,11.0,37.0,41.0,15.0
160,maps,3,20.0,16.0,8.0,9.0,0.0,47.0,45.0,2.0,15.0,2.0,6.0,6.0,17.0,5.0,2.0,37.0,41.0,2.0
161,flat,4,7.0,19.0,5.0,2.0,3.0,60.0,45.0,2.0,14.0,2.0,2.0,3.0,15.0,3.0,0.0,48.0,49.0,0.0
162,flat,1,10.0,16.0,3.0,4.0,1.0,52.0,53.0,3.0,18.0,0.0,3.0,7.0,17.0,0.0,2.0,55.0,43.0,0.0
163,flat,1,11.0,7.0,2.0,9.0,3.0,39.0,27.0,21.0,11.0,18.0,1.0,23.0,21.0,14.5,15.0,51.0,50.0,0.0
164,flat,1,10.0,22.0,4.0,4.0,1.0,53.0,68.0,7.0,22.0,6.0,14.0,14.0,21.0,12.0,20.0,71.0,49.0,0.0
165,flat,1,8.0,6.0,1.0,7.0,2.0,38.0,38.0,4.0,8.0,3.0,0.0,2.0,8.0,0.0,3.0,35.0,39.0,0.0
166,flat,4,17.0,14.0,6.0,10.0,1.0,50.0,51.0,1.3,9.0,0.0,9.0,0.0,17.0,0.0,0.0,37.0,21.0,0.0
167,flat,4,17.0,6.0,5.0,11.0,5.0,37.0,36.0,7.0,13.0,7.0,1.0,13.0,15.0,10.0,0.0,37.0,39.0,0.0
168,flat,4,18.0,5.0,5.0,11.0,1.0,30.0,31.0,15.0,13.0,14.0,0.0,20.0,16.0,15.0,0.0,28.0,49.0,0.0
169,flat,4,15.8,6.3,5.0,8.5,1.0,37.0,34.0,0.0,12.0,4.0,0.0,0.0,11.0,3.0,0.0,36.0,33.0,0.0
170,flat,4,7.0,12.0,2.0,4.0,0.0,41.0,45.0,3.0,15.0,4.0,7.0,10.0,14.6,7.5,0.0,36.0,26.0,0.0
171,flat,2,7.0,7.0,2.0,5.0,2.0,35.0,42.0,3.0,14.0,7.0,4.0,2.0,12.0,7.0,1.0,39.0,38.0,0.0
172,flat,3,10.0,11.0,2.0,8.0,3.2,47.0,24.0,20.0,8.0,21.0,0.0,19.0,8.0,16.0,0.0,26.0,44.0,0.0
173,flat,2,12.0,3.0,3.0,7.0,6.0,27.0,25.0,9.0,6.0,7.0,0.0,15.0,13.0,6.0,1.0,37.0,55.0,0.0
174,flat,3,19.0,11.0,7.0,11.0,1.0,41.0,41.0,6.0,13.0,11.0,6.0,14.0,18.0,12.0,2.0,49.0,26.0,0.0
175,flat,1,16.0,7.0,4.0,10.0,2.0,32.0,32.0,0.0,8.0,10.0,0.0,10.0,12.0,6.0,4.0,38.0,21.0,0.0
176,flat,2,5.0,21.0,2.0,2.0,3.0,56.0,51.0,0.0,17.0,1.5,5.0,7.0,22.0,5.0,6.0,52.0,47.0,0.0
177,flat,2,20.0,11.0,7.0,11.0,1.0,45.0,43.0,5.0,13.0,5.0,4.0,11.0,21.0,4.0,6.0,46.0,36.0,0.0
178,flat,2,12.0,14.0,5.0,7.0,1.0,52.0,42.0,8.0,14.0,5.0,5.0,15.0,20.0,14.0,6.0,45.0,28.0,0.0
179,flat,1,7.0,3.0,2.0,3.0,3.0,43.0,56.0,8.0,17.0,4.0,12.0,4.0,20.0,5.0,7.0,51.0,41.0,0.0
180,flat,1,16.0,13.0,6.0,8.0,2.0,40.0,45.0,0.0,14.0,1.0,3.0,6.0,19.0,0.0,12.0,60.0,41.0,0.0
181,flat,1,12.0,12.0,4.0,7.0,3.0,36.0,42.0,13.0,16.0,18.0,8.0,15.0,21.0,11.0,13.0,58.0,49.0,0.0
182,flat,2,12.0,8.0,3.0,8.0,3.0,36.0,34.0,6.0,10.0,9.0,1.0,7.0,21.0,5.0,6.0,39.0,50.0,0.0
183,flat,3,19.0,5.0,7.0,10.0,4.0,28.0,29.0,4.0,3.0,8.0,0.0,3.0,7.0,6.0,0.0,28.0,39.0,0.0
184,flat,3,18.0,7.0,7.0,9.0,1.0,30.0,35.0,16.0,7.0,11.0,2.0,6.0,14.0,6.0,5.0,46.0,33.0,0.0
185,flat,3,17.0,15.0,7.0,8.0,4.0,46.0,41.0,17.0,13.0,20.0,6.0,0.0,8.0,5.0,1.0,40.0,48.0,0.0
186,flat,3,15.0,12.0,4.0,10.0,0.0,37.0,44.0,11.0,11.0,7.0,9.0,7.0,12.0,5.0,4.0,40.0,43.0,0.0
187,flat,3,14.0,12.0,2.0,11.0,0.0,39.0,40.0,1.0,11.0,9.0,9.0,1.0,9.0,10.0,5.5,38.0,35.0,0.0
188,flat,2,14.0,9.0,5.0,8.0,1.0,43.0,40.0,0.0,11.0,0.0,3.0,7.0,22.0,8.0,4.0,44.0,41.0,0.0
189,flat,2,15.0,15.0,6.0,7.0,1.0,38.0,43.0,5.0,14.0,2.0,3.0,5.0,21.0,3.0,3.0,49.0,52.0,0.0
190,flat,2,13.0,18.0,3.0,8.0,0.0,49.0,30.0,9.0,10.0,7.0,0.0,1.0,15.0,2.0,4.0,50.0,45.0,0.0
191,flat,2,14.0,14.0,5.0,8.0,0.0,48.0,50.0,1.0,16.0,0.0,2.0,2.5,21.5,1.0,6.0,54.0,40.0,0.0
192,flat,1,18.0,17.0,8.0,8.0,1.0,44.0,41.0,9.0,15.0,10.0,7.0,9.0,12.0,3.0,8.0,47.0,49.0,0.0
193,flat,4,12.0,10.0,4.0,7.0,2.0,35.0,39.0,11.0,12.0,9.0,0.8,16.0,16.0,11.0,1.0,38.0,57.0,0.0
194,flat,4,21.0,13.0,8.0,12.0,0.0,46.0,50.0,18.0,16.0,13.0,9.0,9.0,16.0,9.0,5.0,48.0,52.0,0.0
195,flat,4,10.0,4.0,4.0,5.0,7.0,35.0,42.0,23.0,14.0,18.0,2.0,17.0,14.0,16.0,2.0,30.0,56.0,0.0
196,flat,4,13.0,2.0,3.0,8.0,0.0,35.0,40.0,9.0,10.0,12.0,5.0,13.5,10.0,14.0,2.0,35.0,28.0,0.0
197,flat,1,19.0,16.0,5.0,13.0,0.0,36.0,34.0,9.0,13.0,8.0,6.0,5.0,10.0,4.0,7.0,44.0,30.0,0.0
198,flat,1,12.0,10.0,4.0,7.0,1.0,34.0,51.0,12.0,18.0,12.0,7.0,9.0,17.0,10.0,7.0,52.0,47.0,0.0
199,flat,1,18.1,9.1,7.1,10.0,0.0,39.0,39.0,8.0,11.0,6.0,1.0,7.0,15.0,3.0,8.0,56.0,36.0,0.0
200,flat,1,7.0,13.0,2.0,3.0,4.0,48.0,62.0,27.0,26.0,18.0,8.0,11.0,16.0,2.0,7.0,60.0,37.0,0.0
201,flat,1,11.0,13.0,3.0,5.0,2.0,39.0,42.0,4.0,10.0,5.0,5.0,0.0,18.0,1.0,19.0,60.0,48.0,0.0
202,flat,3,7.0,20.0,3.0,3.0,2.0,46.0,37.0,8.0,9.0,7.0,1.0,1.0,16.4,7.0,1.9,38.0,38.0,0.0
203,flat,3,9.0,5.0,0.0,9.0,4.0,35.0,30.4,16.0,12.0,5.0,0.0,5.0,12.0,1.0,0.0,33.0,55.0,0.0
204,flat,3,4.0,17.0,1.0,1.0,3.0,53.0,76.0,1.0,24.0,12.0,23.0,17.0,11.0,23.0,7.0,29.0,33.0,0.0
205,flat,3,11.0,4.0,2.0,9.0,3.0,29.0,47.0,9.0,16.0,9.0,5.0,9.0,17.0,10.0,5.0,52.0,38.0,0.0
206,flat,3,11.0,10.0,5.0,6.0,3.0,42.0,46.0,7.1,16.0,10.0,4.0,13.0,14.0,8.0,2.0,43.0,30.0,0.0
207,flat,4,11.0,10.0,2.0,8.0,3.0,38.0,41.0,5.0,15.0,0.0,1.0,13.0,14.0,1.0,0.0,34.0,42.0,0.0
208,flat,4,20.0,1.0,6.0,11.0,2.0,29.0,27.0,22.0,15.0,22.0,1.0,20.0,16.0,16.0,0.0,26.0,20.0,0.0
209,flat,4,12.0,5.0,3.0,9.0,2.2,27.0,36.0,20.0,18.5,16.0,2.0,16.0,13.5,11.0,1.0,31.0,37.0,0.0
210,flat,4,19.0,0.0,7.0,11.0,2.0,28.0,43.0,19.0,15.0,13.0,0.0,14.0,9.0,9.0,0.0,26.0,35.0,0.0
211,flat,1,15.0,4.0,4.0,10.0,3.0,29.0,30.0,11.0,16.0,7.0,0.0,8.0,19.0,2.0,3.0,49.0,30.0,0.0
212,flat,1,19.0,5.0,7.0,10.0,3.0,28.0,30.0,1.0,10.0,6.0,0.0,4.0,16.0,0.0,3.0,44.0,23.0,0.0
213,flat,1,14.0,7.0,5.0,9.0,2.0,30.0,36.0,4.0,10.0,8.0,0.0,2.0,23.0,6.0,12.0,61.0,43.0,0.0
214,flat,1,9.0,11.0,3.0,6.0,3.0,43.0,42.0,4.0,10.0,4.0,0.0,7.0,10.0,2.0,2.0,39.0,32.0,0.0
215,flat,1,19.0,10.0,5.0,12.0,1.0,29.0,32.0,12.0,13.0,22.0,4.0,14.0,19.0,16.0,13.0,37.0,42.0,0.0
216,flat,3,9.0,16.0,3.0,5.0,0.0,56.0,50.0,5.0,10.0,12.0,8.0,17.0,20.0,19.0,12.0,57.0,37.0,0.0
217,flat,2,1.0,15.0,0.0,1.0,3.0,56.0,44.0,6.0,10.0,6.0,2.0,9.0,14.0,5.0,6.0,46.0,41.0,0.0
218,flat,2,10.0,12.0,4.0,5.0,1.0,42.0,56.0,1.0,15.0,8.0,8.0,0.0,19.0,2.0,10.0,56.0,36.0,0.0
219,flat,2,16.0,16.0,6.0,9.0,3.0,43.0,39.0,5.0,11.0,10.0,1.0,4.0,21.0,6.0,9.0,46.5,29.0,0.0
220,flat,4,15.0,17.0,5.0,9.0,2.0,41.0,41.0,2.0,9.0,2.0,3.0,14.0,14.0,5.0,0.0,35.0,43.0,0.0
221,flat,2,19.0,5.0,6.0,11.0,1.0,31.0,48.0,7.0,16.0,8.0,5.0,13.0,15.0,10.0,3.0,46.0,16.0,0.0
222,flat,2,5.0,9.0,0.0,3.0,1.0,34.0,36.0,0.0,8.0,0.0,0.0,0.0,9.0,0.0,0.0,41.0,29.0,0.0
223,flat,4,16.0,12.0,5.0,9.0,2.0,50.0,60.0,7.0,20.0,15.0,18.0,17.0,16.0,20.0,11.0,38.0,38.0,0.0
224,flat,3,4.0,16.0,3.0,1.0,2.0,55.0,59.0,8.0,19.0,0.0,12.0,9.0,14.0,1.0,0.0,43.0,48.0,0.0
225,flat,3,14.0,11.0,5.0,8.0,4.0,34.0,42.0,0.0,18.0,5.0,8.0,11.0,11.0,12.0,1.0,27.0,45.0,0.0
226,flat,3,11.0,6.0,2.0,8.0,3.0,44.0,49.0,5.0,13.0,3.0,3.0,1.0,9.0,4.0,5.0,51.0,44.0,0.0
227,flat,4,13.0,13.0,6.0,6.0,0.0,44.0,53.0,5.0,19.0,1.0,3.1,12.0,16.0,6.0,0.0,49.0,52.0,0.0
228,flat,3,12.0,9.0,3.0,9.0,3.0,43.0,40.0,7.0,13.0,6.0,1.0,6.0,14.0,3.0,0.0,43.0,37.0,0.0
229,flat,3,17.0,12.0,5.0,9.0,1.0,40.0,50.0,0.0,18.0,0.0,0.0,4.0,18.0,2.0,0.0,50.0,15.0,0.0
230,flat,2,13.0,8.0,3.0,8.0,2.0,33.0,34.0,5.0,11.0,4.0,1.0,10.0,11.0,12.0,2.0,30.6,31.0,0.0
231,flat,2,17.0,4.0,7.0,8.0,3.0,25.0,36.0,8.0,12.5,3.0,3.0,11.0,12.5,2.0,0.0,41.0,49.0,0.0
232,flat,2,13.0,11.0,3.0,9.0,0.0,49.0,54.0,3.0,18.0,6.0,7.0,6.0,23.0,7.0,8.0,57.0,36.0,0.0
233,flat,4,21.0,6.0,8.0,11.0,2.0,28.0,32.0,2.0,6.0,3.0,0.0,9.0,9.0,8.0,0.0,24.0,45.0,0.0
234,flat,1,6.0,8.0,2.0,4.0,4.0,46.0,49.0,7.6,12.9,7.5,3.8,1.0,18.0,7.0,12.0,56.0,32.0,0.0
235,flat,1,10.0,18.0,4.0,5.0,1.0,54.0,39.0,1.0,12.0,0.0,1.0,0.0,12.0,0.0,2.0,44.0,26.0,0.0
236,flat,1,19.0,11.0,6.0,10.0,2.0,36.0,33.0,13.0,15.0,7.0,4.0,13.0,16.0,8.0,3.0,34.0,35.0,0.0
237,flat,1,7.0,18.0,3.0,3.0,2.0,57.0,51.0,2.0,13.5,0.0,2.0,9.0,17.5,2.0,15.0,51.0,65.0,0.0
238,flat,1,8.0,9.0,3.0,3.0,1.0,41.0,36.0,0.0,8.0,1.0,2.0,3.0,10.0,1.0,4.0,42.0,22.0,0.0
239,flat,2,9.0,6.0,1.0,6.0,2.0,36.0,33.0,13.0,8.0,8.0,2.0,23.0,15.0,26.0,0.0,28.0,28.0,0.0
240,flat,2,10.0,6.0,2.0,6.0,3.0,38.0,59.0,17.0,16.0,12.0,16.0,14.0,23.0,10.0,18.0,65.0,57.0,0.0
241,flat,2,14.0,14.0,5.0,8.0,0.0,39.0,38.0,0.0,11.0,0.0,1.0,2.0,16.0,0.0,1.0,40.0,32.0,0.0
242,flat,2,11.0,4.0,3.0,6.0,2.0,29.0,47.0,17.0,12.0,13.0,5.0,24.0,25.0,10.0,7.0,49.0,32.0,0.0
243,flat,2,6.0,3.0,1.0,4.0,5.0,29.0,34.0,13.0,15.0,10.0,2.0,11.0,16.0,6.0,4.0,31.0,46.0,0.0
244,flat,2,10.0,11.0,3.0,5.0,2.0,45.0,51.0,1.0,14.0,0.0,3.0,4.0,20.0,2.0,4.0,48.0,48.0,0.0
245,flat,3,6.0,10.0,2.0,2.0,1.0,49.0,46.0,2.0,17.0,4.0,5.0,4.0,18.0,4.0,8.0,53.0,34.0,0.0
246,flat,3,10.0,11.0,2.0,7.0,3.0,36.0,44.0,0.0,17.0,5.0,8.0,6.0,11.0,11.0,3.0,42.0,24.0,0.0
247,flat,2,13.0,10.0,4.0,8.0,2.0,44.0,39.0,9.0,13.0,7.0,1.0,11.0,18.0,9.0,5.0,46.6,46.0,0.0
248,flat,2,13.0,9.0,3.0,10.0,1.0,29.0,45.0,10.0,15.0,11.0,3.0,13.0,20.0,15.0,9.0,53.0,41.0,0.0
249,flat,3,2.0,20.0,1.0,0.0,1.0,41.0,45.0,7.0,10.0,4.0,2.0,5.0,8.0,3.0,0.0,40.0,36.0,0.0
250,flat,3,11.7,3.0,4.0,6.7,6.0,27.0,38.0,12.0,12.0,3.0,3.0,15.0,14.0,11.0,0.0,31.0,17.0,0.0
251,flat,2,11.0,5.0,3.0,8.0,3.0,32.0,34.0,9.0,6.0,5.0,0.0,22.0,23.0,9.0,4.0,43.0,43.0,0.0
252,flat,2,11.0,12.0,4.0,6.0,2.0,51.0,48.0,1.0,15.0,1.0,4.0,7.0,20.0,0.0,2.0,50.0,32.0,0.0
253,flat,2,21.0,5.0,7.0,11.0,1.0,40.0,49.0,0.0,18.0,3.0,11.0,19.0,31.0,12.0,15.0,67.0,35.0,0.0
254,flat,3,2.0,22.0,2.0,0.0,4.0,71.0,65.0,3.0,24.5,0.0,11.0,0.0,14.0,0.0,0.0,50.0,38.0,0.0
255,flat,3,18.0,8.0,5.0,11.0,1.0,26.0,50.0,0.0,18.0,0.0,0.0,3.0,18.0,0.0,0.0,50.0,58.0,0.0
256,flat,3,18.0,17.0,7.0,8.0,2.0,43.0,28.0,17.0,14.0,18.0,4.0,19.0,10.0,14.0,1.0,24.0,30.0,0.0
257,flat,3,20.0,11.0,6.0,12.0,1.0,27.0,22.0,22.0,16.5,25.0,0.0,21.0,16.5,26.0,0.0,22.0,27.0,0.0
258,flat,4,19.0,5.0,6.0,11.0,2.0,35.0,36.0,6.0,12.0,6.0,1.0,15.0,14.0,10.0,0.0,27.0,30.0,0.0
259,flat,4,16.0,17.0,6.0,10.0,2.0,44.0,38.0,16.0,12.0,14.0,4.0,21.0,15.0,18.0,4.0,34.0,43.0,0.0
260,flat,4,14.0,13.0,5.0,7.0,2.0,37.0,50.0,0.0,15.0,3.0,6.0,6.0,15.0,10.0,4.0,50.0,35.0,0.0
261,flat,4,16.0,16.0,4.0,9.0,1.0,55.0,56.0,17.0,14.0,15.0,15.0,19.0,16.0,17.0,6.0,44.0,48.0,0.0
262,flat,4,9.0,6.0,1.0,7.0,2.0,38.0,39.0,2.0,5.0,4.0,1.0,5.0,10.0,8.0,0.0,39.0,47.0,0.0
263,flat,4,18.0,9.0,5.0,13.0,5.0,36.0,26.0,21.0,12.0,19.0,0.0,25.0,16.0,22.0,0.0,24.0,32.0,0.0
264,flat,3,10.0,10.0,3.0,5.0,1.0,35.0,37.0,13.0,11.0,11.0,0.0,0.0,8.0,3.0,0.0,37.0,44.0,0.0
265,flat,4,17.0,6.0,6.0,11.0,4.0,29.0,46.0,7.0,9.0,13.0,7.0,7.0,16.0,14.0,5.0,45.0,41.0,0.0
266,flat,4,15.0,16.0,7.0,7.0,3.0,50.0,36.0,19.0,10.0,25.0,8.0,16.0,15.0,22.0,12.0,44.0,37.0,0.0
267,flat,3,15.0,12.0,6.0,7.0,1.0,49.0,42.0,5.0,12.0,9.0,2.0,16.0,14.0,15.0,1.0,34.0,54.0,0.0
268,flat,3,7.7,13.0,3.0,3.7,4.0,37.0,35.0,17.0,12.5,11.0,2.0,18.0,13.5,14.0,0.0,32.0,29.0,0.0
269,flat,3,16.0,23.0,4.0,10.0,3.0,58.0,53.0,6.0,18.0,5.0,8.0,10.0,18.0,14.0,13.0,46.0,42.0,0.0
270,flat,1,10.0,4.0,2.0,7.0,3.0,30.0,31.0,8.0,14.0,15.0,4.0,8.0,14.0,10.0,7.0,33.0,23.0,0.0
271,flat,1,2.0,5.0,0.0,0.0,5.0,54.0,50.0,12.0,19.0,8.0,5.0,13.0,19.0,6.0,4.0,48.0,16.0,0.0
272,flat,1,13.0,1.0,2.0,11.0,5.0,24.0,20.0,29.0,10.0,29.0,0.0,23.0,12.0,20.0,1.0,23.0,65.0,0.0
273,flat,4,9.0,16.0,5.0,2.0,2.0,62.0,32.0,12.0,8.0,10.0,2.0,15.0,6.0,15.0,1.0,35.0,53.0,0.0
274,flat,4,16.0,11.0,5.0,9.0,2.0,32.0,38.0,3.0,10.0,2.0,1.0,11.0,15.0,10.0,1.0,31.0,46.0,0.0
275,flat,4,17.0,4.0,8.0,7.0,1.0,27.0,21.0,19.0,4.0,15.0,0.0,22.0,10.0,14.0,0.0,20.0,38.0,0.0
276,flat,4,15.0,16.0,5.0,8.0,4.0,36.0,54.0,0.0,13.0,13.0,5.0,4.0,12.7,12.8,3.0,49.0,48.0,0.0
277,flat,3,13.0,20.0,2.0,9.0,3.0,46.0,45.0,0.0,14.0,1.0,3.0,9.0,14.1,1.0,0.5,36.0,35.0,0.0
278,flat,4,17.0,23.0,6.0,10.0,2.0,38.0,41.0,19.0,18.0,13.0,6.0,10.0,18.0,12.0,6.0,46.0,46.0,0.0
279,flat,4,0.0,17.0,0.0,0.0,0.0,51.0,54.0,1.0,15.0,3.0,5.0,13.0,17.0,5.0,0.0,37.8,49.0,0.0
280,flat,4,10.0,21.0,5.0,5.0,2.0,58.0,42.0,5.0,15.0,6.0,3.0,6.0,10.0,7.0,1.0,40.0,41.0,0.0
281,flat,4,13.0,1.0,4.0,9.0,2.0,26.0,32.0,1.0,8.0,8.0,0.0,10.0,13.0,8.0,0.0,30.0,45.0,0.0
282,flat,3,16.0,8.0,3.0,12.0,2.0,35.0,41.0,11.0,14.0,11.0,9.0,3.0,11.0,8.0,8.0,40.0,21.0,0.0
283,flat,3,19.0,12.0,7.0,9.0,1.0,32.0,48.0,16.0,20.0,13.0,9.0,13.0,10.0,8.0,1.0,31.0,48.0,0.0
284,flat,3,16.0,14.0,5.0,11.0,4.0,39.0,60.0,5.0,15.0,4.0,4.0,6.0,14.0,10.0,0.0,37.0,32.0,0.0
285,flat,1,8.0,13.0,2.0,4.0,1.0,44.0,41.0,6.0,11.0,10.0,7.0,8.0,17.0,3.0,9.0,48.0,40.0,0.0
286,flat,1,10.0,11.0,2.0,6.0,2.0,40.6,46.0,3.0,14.0,0.0,4.0,0.0,20.0,1.0,8.0,63.0,27.0,0.0
287,flat,1,21.0,12.0,7.0,11.0,1.0,43.0,38.0,1.0,10.0,4.0,1.0,2.0,11.0,2.0,2.0,39.0,28.0,0.0
288,flat,1,12.0,12.0,2.0,9.0,2.0,35.0,43.0,3.0,15.0,11.0,6.0,2.0,17.0,7.0,11.0,50.0,29.0,0.0
289,flat,1,16.0,13.0,5.0,11.0,3.0,52.0,55.0,0.0,18.0,0.0,7.0,2.0,20.0,1.6,10.3,62.0,27.0,0.0
290,flat,2,14.0,10.0,4.0,9.0,2.0,53.0,44.0,5.0,10.0,7.0,6.0,10.0,13.0,9.0,5.0,42.0,38.0,0.0
291,flat,2,4.0,12.0,3.0,2.0,4.0,51.0,54.0,10.0,19.0,9.0,12.0,11.0,21.0,10.0,12.0,55.8,45.0,0.0
292,flat,1,18.0,12.0,7.0,9.0,2.0,37.0,31.0,23.0,13.0,25.0,1.0,15.0,17.0,12.0,14.0,45.0,46.0,0.0
293,flat,1,13.0,8.0,3.0,7.0,1.0,32.0,28.0,7.0,2.5,4.0,2.0,3.0,12.5,1.0,6.0,48.0,37.0,0.0
294,flat,1,5.0,4.0,0.0,3.0,0.0,34.0,43.0,0.0,11.0,1.0,7.0,11.0,17.0,11.0,20.0,65.0,43.0,0.0
295,flat,2,10.0,7.0,4.0,6.0,5.0,38.0,31.0,10.0,13.0,1.0,0.0,11.0,22.0,0.0,2.0,44.0,33.0,0.0
296,flat,2,17.0,11.0,7.0,8.0,5.0,32.0,33.0,15.0,12.0,21.0,6.0,22.0,18.0,24.0,7.0,25.0,39.0,0.0
297,flat,4,21.0,12.0,7.0,12.0,0.0,46.0,38.0,10.0,10.0,8.0,0.0,11.0,11.0,7.0,0.0,36.0,24.0,0.0
298,flat,2,3.0,7.0,1.0,1.0,7.0,36.0,46.0,11.0,14.0,15.0,2.0,8.0,18.0,3.0,9.0,56.0,58.0,0.0
299,flat,2,15.0,7.0,3.0,10.0,2.0,43.0,41.0,0.0,12.0,0.0,0.0,7.0,18.0,0.0,0.0,46.0,23.0,0.0
300,flat,2,19.0,9.0,7.0,11.0,2.0,47.0,48.0,0.0,15.0,0.0,1.0,3.0,16.0,0.0,5.0,51.0,27.0,0.0
301,flat,2,16.0,4.0,5.0,9.0,2.0,28.0,40.0,7.0,13.0,7.0,2.0,14.0,23.0,9.0,6.0,53.0,54.0,0.0
302,flat,4,19.0,5.0,6.0,11.0,3.0,23.0,29.0,22.0,16.0,17.0,0.0,24.0,17.0,17.7,0.0,29.0,59.0,0.0
303,flat,4,15.0,15.0,7.0,7.0,1.0,55.0,62.0,0.0,16.0,0.0,16.0,0.0,14.0,0.0,7.0,54.0,33.0,0.0
304,flat,4,4.0,1.0,2.0,1.0,7.0,28.0,35.0,9.0,11.0,10.0,0.0,17.0,14.0,9.0,0.0,39.0,45.0,0.0
305,flat,2,6.0,8.0,2.0,2.0,2.0,30.0,60.0,0.0,20.0,8.0,10.0,0.0,19.0,7.0,8.0,57.0,30.0,0.0
306,flat,2,17.0,6.0,5.0,11.0,2.0,25.0,24.0,11.0,10.0,7.0,0.0,11.0,28.0,2.0,15.0,66.0,50.0,0.0
307,flat,2,12.0,11.0,4.0,6.0,3.0,34.0,33.0,5.0,10.0,8.0,1.4,17.0,21.0,11.0,3.0,36.0,55.0,0.0
308,flat,3,5.0,21.0,3.0,2.0,3.0,61.0,54.0,2.0,18.0,0.0,7.0,3.0,14.0,0.0,2.0,52.0,42.0,0.0
309,flat,3,15.0,3.0,4.0,11.0,3.0,26.0,25.0,13.0,10.0,7.0,2.0,17.0,10.0,15.0,0.0,20.0,59.0,0.0
310,flat,3,11.0,4.0,2.0,7.0,1.0,33.0,54.0,15.0,10.0,18.0,7.3,6.7,19.9,14.0,14.1,51.4,50.0,0.0
311,flat,3,17.0,7.0,5.0,10.0,0.0,26.0,39.0,7.0,14.0,9.0,2.0,0.0,15.0,7.0,4.0,38.0,44.0,0.0
312,flat,1,14.0,7.0,3.0,10.0,5.0,35.0,34.0,11.0,11.0,9.0,1.0,6.0,15.0,4.0,6.0,52.0,45.0,0.0
313,flat,1,20.0,14.0,8.0,9.0,0.0,41.0,39.0,2.0,10.0,7.0,2.0,1.0,11.0,5.0,2.0,45.0,42.0,0.0
314,flat,1,18.0,17.0,6.0,9.0,3.0,53.0,52.0,3.0,13.0,7.0,7.0,7.0,24.0,11.0,22.0,61.0,51.0,0.0
315,flat,1,10.0,5.0,4.0,5.0,1.0,35.0,38.0,13.0,15.0,11.0,2.0,7.0,19.0,4.0,10.0,52.0,40.0,0.0
316,flat,2,13.0,11.0,5.0,5.0,0.0,35.0,33.0,16.0,6.0,12.0,0.0,13.0,9.0,7.0,0.0,37.0,34.0,0.0
317,flat,4,17.0,0.0,6.0,10.0,2.0,31.0,34.0,18.0,11.0,18.0,0.0,16.0,10.0,9.0,0.0,33.0,41.0,0.0
318,flat,4,11.0,8.0,1.0,10.0,2.0,38.0,34.0,8.0,8.0,5.0,2.0,6.0,7.0,6.0,0.0,32.0,44.0,0.0
319,flat,4,15.0,16.0,5.0,9.0,2.0,40.0,59.0,8.0,24.0,1.0,8.0,4.0,6.0,0.0,1.0,37.0,42.0,0.0
320,flat,4,14.0,8.0,6.0,7.0,1.0,37.0,45.0,0.0,12.0,1.0,4.0,1.0,14.0,1.0,0.0,39.0,37.0,0.0
321,flat,4,16.0,5.0,5.0,9.0,2.0,30.0,25.0,4.0,12.0,1.0,0.4,10.7,13.0,9.3,0.0,24.0,50.0,0.0
322,flat,4,11.0,9.0,3.0,7.0,2.0,31.0,53.0,8.0,15.5,1.0,6.0,21.0,10.5,17.0,0.0,25.0,22.0,0.0
323,flat,4,16.0,6.0,5.0,8.0,2.0,33.0,41.0,1.0,9.0,5.0,2.0,2.0,11.0,3.0,1.0,40.0,33.0,0.0
324,flat,4,11.0,5.0,4.0,5.0,2.0,30.0,40.0,0.0,10.0,0.0,1.0,5.0,7.0,1.0,0.0,31.0,38.0,0.0
325,flat,1,14.0,1.0,3.0,9.0,5.0,27.0,21.0,19.0,9.0,20.0,0.0,21.0,9.0,17.0,2.0,20.0,57.0,0.0
326,flat,1,17.0,16.0,5.0,10.0,1.0,59.0,38.0,0.0,7.0,1.0,7.0,0.0,14.0,1.0,9.0,46.0,28.0,0.0
327,flat,3,18.0,6.0,8.0,9.0,1.0,37.0,43.0,8.0,8.0,1.0,2.0,20.0,13.0,14.0,1.0,43.0,49.0,0.0
328,flat,3,16.0,22.0,8.0,6.0,1.0,58.0,41.0,8.0,15.0,0.0,0.0,9.0,12.0,0.0,0.0,40.0,42.0,0.0
329,flat,3,8.0,10.0,1.0,6.0,2.0,39.0,46.0,5.0,16.0,0.0,6.0,3.0,17.0,1.0,2.0,45.0,41.0,0.0
330,flat,3,14.0,7.0,2.0,10.0,2.0,35.0,38.0,1.0,10.0,3.0,0.0,4.0,10.0,3.0,0.0,35.0,39.0,0.0
