,time,discoveries
1,1860,5
2,1861,3
3,1862,0
4,1863,2
5,1864,0
6,1865,3
7,1866,2
8,1867,3
9,1868,6
10,1869,1
11,1870,2
12,1871,1
13,1872,2
14,1873,1
15,1874,3
16,1875,3
17,1876,3
18,1877,5
19,1878,2
20,1879,4
21,1880,4
22,1881,0
23,1882,2
24,1883,3
25,1884,7
26,1885,12
27,1886,3
28,1887,10
29,1888,9
30,1889,2
31,1890,3
32,1891,7
33,1892,7
34,1893,2
35,1894,3
36,1895,3
37,1896,6
38,1897,2
39,1898,4
40,1899,3
41,1900,5
42,1901,2
43,1902,2
44,1903,4
45,1904,0
46,1905,4
47,1906,2
48,1907,5
49,1908,2
50,1909,3
51,1910,3
52,1911,6
53,1912,5
54,1913,8
55,1914,3
56,1915,6
57,1916,6
58,1917,0
59,1918,5
60,1919,2
61,1920,2
62,1921,2
63,1922,6
64,1923,3
65,1924,4
66,1925,4
67,1926,2
68,1927,2
69,1928,4
70,1929,7
71,1930,5
72,1931,3
73,1932,3
74,1933,0
75,1934,2
76,1935,2
77,1936,2
78,1937,1
79,1938,3
80,1939,4
81,1940,2
82,1941,2
83,1942,1
84,1943,1
85,1944,1
86,1945,2
87,1946,1
88,1947,4
89,1948,4
90,1949,3
91,1950,2
92,1951,1
93,1952,4
94,1953,1
95,1954,1
96,1955,1
97,1956,0
98,1957,0
99,1958,2
100,1959,0
