,stage,time,age,diagyr,delta
1,1,0.6,77,76,1
2,1,1.3,53,71,1
3,1,2.4,45,71,1
4,1,2.5,57,78,0
5,1,3.2,58,74,1
6,1,3.2,51,77,0
7,1,3.3,76,74,1
8,1,3.3,63,77,0
9,1,3.5,43,71,1
10,1,3.5,60,73,1
11,1,4.0,52,71,1
12,1,4.0,63,76,1
13,1,4.3,86,74,1
14,1,4.5,48,76,0
15,1,4.5,68,76,0
16,1,5.3,81,72,1
17,1,5.5,70,75,0
18,1,5.9,58,75,0
19,1,5.9,47,75,0
20,1,6.0,75,73,1
21,1,6.1,77,75,0
22,1,6.2,64,75,0
23,1,6.4,77,72,1
24,1,6.5,67,70,1
25,1,6.5,79,74,0
26,1,6.7,61,74,0
27,1,7.0,66,74,0
28,1,7.4,68,71,1
29,1,7.4,73,73,0
30,1,8.1,56,73,0
31,1,8.1,73,73,0
32,1,9.6,58,71,0
33,1,10.7,68,70,0
34,2,0.2,86,74,1
35,2,1.8,64,77,1
36,2,2.0,63,75,1
37,2,2.2,71,78,0
38,2,2.6,67,78,0
39,2,3.3,51,77,0
40,2,3.6,70,77,1
41,2,3.6,72,77,0
42,2,4.0,81,71,1
43,2,4.3,47,76,0
44,2,4.3,64,76,0
45,2,5.0,66,76,0
46,2,6.2,74,72,1
47,2,7.0,62,73,1
48,2,7.5,50,73,0
49,2,7.6,53,73,0
50,2,9.3,61,71,0
51,3,0.3,49,72,1
52,3,0.3,71,76,1
53,3,0.5,57,74,1
54,3,0.7,79,77,1
55,3,0.8,82,74,1
56,3,1.0,49,76,1
57,3,1.3,60,76,1
58,3,1.6,64,72,1
59,3,1.8,74,71,1
60,3,1.9,72,74,1
61,3,1.9,53,74,1
62,3,3.2,54,75,1
63,3,3.5,81,74,1
64,3,3.7,52,77,0
65,3,4.5,66,76,0
66,3,4.8,54,76,0
67,3,4.8,63,76,0
68,3,5.0,59,73,1
69,3,5.0,49,76,0
70,3,5.1,69,76,0
71,3,6.3,70,72,1
72,3,6.4,65,72,1
73,3,6.5,65,74,0
74,3,7.8,68,72,1
75,3,8.0,78,73,0
76,3,9.3,69,71,0
77,3,10.1,51,71,0
78,4,0.1,65,72,1
79,4,0.3,71,76,1
80,4,0.4,76,77,1
81,4,0.8,65,76,1
82,4,0.8,78,77,1
83,4,1.0,41,77,1
84,4,1.5,68,73,1
85,4,2.0,69,76,1
86,4,2.3,62,71,1
87,4,2.9,74,78,0
88,4,3.6,71,75,1
89,4,3.8,84,74,1
90,4,4.3,48,76,0
