,duration,delta,race,poverty,smoke,alcohol,agemth,ybirth,yschool,pc3mth
1,16,1,1,0,0,1,24,82,14,0
2,1,1,1,0,1,0,26,85,12,0
3,4,0,1,0,0,0,25,85,12,0
4,3,1,1,0,1,1,21,85,9,0
5,36,1,1,0,1,0,22,82,12,0
6,36,1,1,0,0,0,18,82,11,0
7,16,1,1,1,1,0,20,81,9,0
8,8,0,1,0,1,0,24,85,12,0
9,20,1,1,1,0,0,24,85,12,0
10,44,1,1,0,0,0,24,82,14,0
11,20,1,1,0,1,0,26,84,12,0
12,30,1,1,0,1,0,22,84,12,1
13,24,1,1,0,0,0,19,83,12,0
14,13,1,1,0,0,0,22,80,14,0
15,6,1,1,0,0,0,27,84,16,0
16,2,1,1,0,0,0,22,81,12,1
17,5,1,1,0,0,0,26,85,13,0
18,192,1,1,0,0,0,21,78,12,0
19,4,1,1,0,0,0,20,83,12,0
20,12,1,1,0,1,0,22,81,12,0
21,4,1,2,0,0,0,24,86,12,0
22,16,0,2,1,1,1,21,84,12,1
23,24,1,1,0,0,0,27,84,14,0
24,16,1,1,0,1,0,23,81,12,0
25,3,1,1,0,0,0,26,84,14,0
26,16,1,1,0,1,0,24,82,14,0
27,28,1,1,0,0,0,23,81,12,0
28,1,1,1,0,1,0,19,81,12,0
29,13,1,1,0,0,1,23,85,14,0
30,36,1,1,0,0,0,21,83,10,0
31,32,1,1,0,1,0,20,82,12,1
32,16,1,1,0,1,1,21,80,12,0
33,2,1,1,0,0,1,21,83,12,0
34,8,1,1,0,0,1,24,83,14,1
35,1,1,1,0,0,0,22,83,10,0
36,24,1,2,0,0,0,18,79,11,0
37,64,1,1,0,1,0,20,84,12,0
38,8,1,1,0,0,0,23,84,10,1
39,2,1,1,0,0,0,16,80,9,1
40,12,1,1,0,0,0,22,80,13,0
41,18,1,1,0,0,0,24,83,12,0
42,32,1,1,0,0,0,24,85,14,0
43,2,1,1,0,0,0,19,78,12,0
44,7,1,1,0,0,0,26,85,16,0
45,5,1,1,0,0,0,22,81,12,0
46,44,1,1,0,0,0,22,82,16,0
47,2,1,1,1,1,0,21,81,12,1
48,4,1,1,0,1,0,18,81,10,1
49,2,0,1,0,0,0,21,86,12,1
50,6,1,1,0,0,0,25,85,16,0
51,4,1,1,0,0,0,22,81,12,0
52,36,1,1,0,0,0,24,83,12,0
53,12,1,1,0,0,0,22,83,13,1
54,24,1,1,0,0,0,20,85,12,0
55,42,1,1,0,0,0,25,82,16,0
56,16,1,1,0,1,0,21,79,13,0
57,44,1,1,0,0,0,25,84,12,0
58,44,1,1,0,0,0,26,84,16,0
59,10,1,1,0,0,0,22,83,12,0
60,4,1,1,1,0,0,20,81,11,0
61,12,1,1,0,1,0,26,84,12,0
62,28,1,1,0,0,0,22,82,12,0
63,24,1,1,0,0,0,18,82,11,0
64,6,1,1,0,1,0,19,78,11,0
65,28,1,1,0,0,0,21,83,12,0
66,12,1,1,1,1,0,21,81,12,0
67,34,1,1,0,0,0,24,82,12,0
68,2,1,1,0,0,0,21,84,13,0
69,48,1,1,0,0,0,21,84,14,0
70,16,1,1,0,0,0,20,80,12,0
71,26,1,1,0,0,0,26,84,12,1
72,6,1,1,0,1,0,24,84,14,0
73,2,1,3,0,0,0,22,85,12,1
74,24,1,1,0,0,0,24,85,12,0
75,6,1,1,0,0,0,23,83,12,0
76,16,1,1,0,1,0,28,85,16,0
77,16,1,1,1,0,0,20,80,12,0
78,8,1,1,0,1,0,21,84,12,0
79,28,1,1,0,0,0,23,85,14,0
80,7,1,1,0,0,0,24,83,15,0
81,5,1,1,1,1,0,19,82,8,0
82,18,1,1,0,1,0,22,80,12,0
83,4,1,1,0,1,0,19,82,12,1
84,18,1,1,0,0,0,19,83,12,0
85,6,1,2,0,0,0,19,83,12,0
86,1,1,1,1,1,0,20,84,8,1
87,10,1,1,1,1,1,17,78,8,0
88,1,1,1,0,1,0,23,81,13,0
89,1,1,1,0,0,0,17,81,11,0
90,12,1,3,0,0,0,22,81,12,0
91,12,1,3,0,0,0,23,85,14,0
92,40,1,1,0,0,0,25,83,12,0
93,12,1,1,0,1,0,22,83,12,0
94,14,1,1,0,1,0,17,79,11,0
95,52,1,1,0,1,0,21,81,12,0
96,5,1,1,0,1,0,16,78,10,0
97,3,1,1,0,1,0,19,83,12,0
98,28,1,1,0,0,0,19,80,10,0
99,16,1,1,0,1,0,20,82,12,1
100,8,1,1,0,0,0,25,86,16,0
101,4,1,1,1,1,0,20,85,10,0
102,13,1,1,0,0,0,25,84,12,0
103,20,1,1,0,1,0,18,78,10,0
104,12,1,1,0,0,0,21,79,12,0
105,4,1,1,0,0,0,22,84,12,0
106,52,1,1,0,1,0,20,80,12,1
107,23,0,1,0,0,0,27,84,12,0
108,16,1,3,1,0,0,17,79,9,1
109,4,0,1,0,1,0,23,85,13,0
110,6,1,1,0,0,1,26,85,12,0
111,4,1,1,0,0,0,22,85,12,0
112,1,1,1,0,0,0,25,84,13,0
113,16,1,1,0,0,0,18,81,12,0
114,18,1,2,0,1,0,20,81,14,0
115,3,1,1,0,0,0,23,85,12,0
116,16,1,1,0,0,0,24,85,14,1
117,96,1,1,0,0,0,21,80,13,0
118,24,1,3,0,0,0,19,83,9,0
119,48,1,2,0,1,0,18,79,12,0
120,4,1,1,0,0,0,19,83,11,0
121,2,1,3,0,0,0,18,82,12,1
122,16,1,1,0,1,1,19,79,11,0
123,28,1,1,0,0,0,19,82,12,0
124,1,1,1,0,0,0,23,85,12,0
125,52,1,1,0,0,0,23,82,14,0
126,32,1,2,1,0,0,20,82,14,0
127,20,1,3,0,0,0,20,82,12,0
128,12,1,3,0,0,0,20,85,12,0
129,8,1,3,0,0,0,17,78,11,0
130,36,1,1,0,0,0,24,81,16,0
131,8,1,1,0,0,0,24,85,12,1
132,24,1,1,0,0,0,20,83,11,1
133,36,1,1,0,0,0,24,83,16,0
134,16,1,1,0,0,0,24,84,12,0
135,3,1,1,0,1,0,22,80,12,0
136,32,1,1,0,0,0,22,80,15,0
137,16,1,1,0,0,0,22,84,12,0
138,48,1,1,0,0,0,23,85,16,0
139,1,1,1,0,0,0,21,80,12,0
140,36,1,1,0,1,0,25,84,12,1
141,30,1,1,0,0,0,24,81,12,0
142,2,1,1,0,0,0,19,78,12,0
143,52,1,1,0,0,0,20,79,13,0
144,36,1,1,1,0,1,21,83,13,0
145,28,1,1,0,0,0,23,82,12,1
146,48,1,1,0,0,0,21,80,16,0
147,16,1,3,0,1,0,19,78,7,0
148,4,1,1,0,0,0,25,83,12,0
149,1,1,1,0,0,0,25,85,12,0
150,6,1,1,0,0,0,20,82,12,1
151,12,1,1,0,0,0,20,78,12,0
152,24,1,1,0,1,0,19,80,11,0
153,40,1,1,1,0,0,22,80,10,0
154,8,1,1,1,0,0,26,85,19,0
155,4,1,1,0,1,0,22,82,12,0
156,20,1,2,0,0,0,23,84,12,0
157,6,1,2,0,0,0,19,83,12,0
158,12,1,1,0,0,0,21,82,12,0
159,8,1,1,1,0,0,23,84,16,0
160,3,0,1,0,0,0,28,85,16,0
161,12,1,1,0,0,1,25,85,16,0
162,16,1,1,0,0,0,19,80,12,0
163,20,1,1,0,1,0,19,78,8,0
164,12,1,2,0,1,0,18,79,12,0
165,16,1,3,0,0,0,20,83,12,0
166,17,1,1,0,1,0,25,83,11,0
167,60,1,3,0,0,0,19,80,11,1
168,12,1,3,1,0,0,19,81,10,1
169,4,1,1,1,0,0,17,79,10,1
170,16,1,1,0,0,0,21,81,14,0
171,3,1,1,0,1,0,21,83,12,0
172,3,1,1,0,1,0,25,85,12,0
173,16,1,1,0,0,0,19,82,12,0
174,24,1,1,1,0,1,19,78,12,0
175,21,1,1,0,1,0,19,78,12,0
176,32,1,1,0,0,0,20,81,12,0
177,8,1,1,1,1,0,26,85,11,0
178,6,1,1,0,0,0,23,84,12,0
179,16,1,1,0,1,0,17,82,11,0
180,12,1,1,0,1,0,24,81,12,0
181,16,1,1,1,0,0,18,82,12,0
182,16,1,1,1,1,0,28,85,12,0
183,8,1,1,0,0,0,26,85,16,1
184,20,1,1,0,1,0,21,85,12,0
185,40,1,1,0,0,0,22,83,12,0
186,12,1,1,0,0,0,22,83,12,0
187,36,1,1,0,0,0,25,84,16,0
188,18,1,1,0,0,0,20,82,13,0
189,48,1,1,0,0,0,20,81,12,0
190,7,1,1,1,1,0,18,81,10,1
191,1,1,1,0,0,0,25,85,12,0
192,24,1,1,0,0,0,21,85,12,0
193,12,1,3,1,0,0,17,80,9,0
194,36,1,3,1,0,0,17,82,8,0
195,3,1,3,1,0,0,18,79,10,0
196,1,1,3,0,0,0,23,81,6,0
197,5,1,3,0,0,0,20,83,10,0
198,24,1,3,1,0,0,19,83,11,1
199,21,1,1,1,0,1,19,81,12,1
200,1,1,1,0,1,0,17,78,11,0
201,8,1,1,0,0,0,21,79,12,0
202,24,1,2,0,0,0,24,84,16,0
203,68,1,1,1,0,0,20,80,12,0
204,20,1,1,0,0,0,19,80,14,0
205,2,1,1,0,1,0,16,80,9,0
206,12,1,1,0,0,0,25,84,12,0
207,40,1,1,0,0,1,24,82,14,0
208,4,1,1,0,0,0,26,84,12,0
209,1,1,1,0,0,1,25,85,12,0
210,32,1,1,0,1,0,25,84,11,1
211,1,1,3,0,0,0,19,80,10,0
212,6,1,1,0,0,0,24,81,16,0
213,13,1,1,0,0,1,27,85,16,0
214,2,1,1,1,1,0,22,85,12,0
215,50,1,2,0,0,0,19,83,11,1
216,32,1,1,0,1,0,21,78,12,0
217,12,1,1,0,1,0,16,79,9,0
218,2,1,2,0,0,0,22,79,12,0
219,8,1,2,0,0,0,23,82,12,1
220,20,1,2,0,0,0,21,83,15,0
221,12,1,1,0,0,0,26,85,12,0
222,8,1,1,0,0,0,21,85,12,0
223,1,1,1,0,0,0,24,83,13,0
224,16,1,1,0,1,0,21,83,11,0
225,24,1,1,0,0,0,17,80,11,0
226,4,1,1,0,0,0,24,85,13,0
227,22,1,2,0,0,0,25,83,12,0
228,5,1,2,0,0,0,20,82,12,0
229,36,1,2,1,0,0,23,84,12,0
230,12,1,1,0,0,0,23,80,12,0
231,52,1,1,0,0,0,19,79,13,0
232,9,1,1,0,0,0,25,85,16,0
233,6,1,1,0,0,0,22,85,14,0
234,26,1,1,0,0,0,21,81,13,0
235,8,1,1,0,0,0,26,84,16,0
236,18,0,1,1,0,0,23,84,14,0
237,2,1,3,0,0,0,27,85,19,0
238,20,1,1,0,0,0,23,82,16,0
239,16,1,1,0,0,0,25,85,14,1
240,2,0,1,0,0,0,22,86,12,0
241,48,1,1,0,0,1,20,80,12,1
242,4,1,1,0,1,0,23,83,11,0
243,8,1,1,0,0,0,22,80,12,0
244,40,1,1,0,1,0,19,81,12,1
245,14,0,1,0,0,0,27,85,19,0
246,80,1,1,0,0,0,25,83,16,0
247,13,0,1,0,0,0,24,85,16,0
248,20,1,1,0,1,0,26,84,16,1
249,44,1,1,0,0,0,18,78,12,0
250,12,1,1,0,0,0,20,84,13,0
251,20,1,1,0,0,0,22,79,14,0
252,32,1,1,0,0,0,24,84,12,1
253,2,1,1,0,0,0,23,83,12,0
254,28,1,2,0,0,0,22,85,14,1
255,6,1,2,0,0,0,21,84,12,0
256,6,1,1,0,1,0,26,83,12,0
257,38,1,1,0,0,0,22,81,12,0
258,16,1,1,0,1,0,21,80,14,0
259,1,1,1,0,0,0,26,85,12,0
260,7,1,1,0,0,0,26,84,12,0
261,10,1,1,0,1,0,23,83,12,0
262,3,1,1,0,0,0,23,82,16,0
263,36,1,1,0,0,0,21,83,12,0
264,12,1,1,0,0,0,20,85,12,0
265,8,1,2,1,0,0,19,81,11,1
266,14,1,1,0,0,0,22,81,12,0
267,4,1,1,0,1,1,20,79,11,1
268,1,1,1,0,1,0,22,83,12,0
269,2,1,1,0,0,0,24,85,13,1
270,1,1,1,0,1,1,21,83,12,0
271,4,1,1,0,0,0,24,85,12,0
272,24,1,1,1,0,0,22,79,14,0
273,12,1,1,0,0,0,23,80,15,0
274,12,1,1,0,1,0,21,79,12,0
275,20,1,1,0,0,0,26,84,12,0
276,7,1,1,0,0,0,21,84,12,0
277,12,1,1,0,1,0,17,80,10,0
278,8,1,1,0,1,0,16,78,9,0
279,6,1,1,0,1,0,19,81,11,0
280,16,1,1,0,0,1,23,84,15,0
281,48,1,1,0,0,0,20,79,13,0
282,2,1,1,0,0,0,22,85,12,0
283,1,1,1,0,0,0,22,84,12,0
284,16,1,1,1,1,0,18,80,11,1
285,8,1,1,0,0,0,21,85,14,0
286,24,1,1,0,0,0,23,83,15,0
287,4,1,1,0,0,0,20,80,12,0
288,2,1,2,0,0,0,23,83,12,0
289,5,0,1,0,0,0,27,85,16,0
290,24,1,2,1,0,0,20,79,12,0
291,1,1,2,1,0,0,18,82,11,0
292,12,1,1,0,0,0,21,78,13,0
293,10,1,1,1,0,0,19,81,12,0
294,48,1,1,0,0,0,21,81,11,0
295,24,1,1,0,0,0,21,84,13,0
296,56,1,1,0,0,0,25,83,13,0
297,52,1,1,0,0,0,21,79,12,0
298,6,1,1,0,1,0,19,79,10,0
299,32,1,1,1,0,0,17,81,10,0
300,8,1,1,0,1,0,22,84,12,1
301,6,1,1,0,0,0,17,81,10,0
302,24,1,1,1,1,0,18,81,11,0
303,2,1,3,0,0,0,19,79,12,0
304,20,1,3,0,0,0,23,84,12,0
305,40,1,2,1,1,0,23,80,12,0
306,4,1,2,0,0,0,20,82,12,1
307,3,0,1,0,1,0,24,86,11,1
308,24,1,1,0,1,0,19,78,9,1
309,8,1,1,0,0,0,20,84,12,0
310,24,1,1,0,0,0,21,82,12,0
311,36,1,1,0,0,0,19,83,12,0
312,1,1,1,0,1,0,21,80,12,1
313,8,1,1,0,0,0,19,78,12,0
314,8,1,1,0,1,0,23,81,12,0
315,40,1,1,0,0,0,20,84,12,0
316,5,1,1,0,0,0,16,79,9,1
317,24,1,1,0,0,0,23,85,16,0
318,2,1,3,0,0,0,21,83,12,0
319,6,0,1,0,0,0,26,85,12,0
320,24,1,1,0,0,0,22,80,14,0
321,42,1,1,0,1,0,21,84,11,0
322,12,1,1,0,0,0,16,79,10,0
323,48,1,2,0,0,0,19,80,12,0
324,12,1,1,0,0,1,20,83,10,0
325,7,1,3,0,0,0,23,81,12,1
326,10,1,1,0,1,0,24,84,12,0
327,1,1,1,0,0,0,21,78,12,0
328,2,1,1,0,0,0,23,85,12,1
329,3,1,1,0,0,0,21,85,12,0
330,6,1,1,0,1,0,19,80,11,0
331,40,1,1,0,1,0,20,79,12,0
332,38,1,1,0,0,0,22,80,12,0
333,1,1,1,0,0,0,18,79,11,0
334,2,1,1,0,1,0,19,81,10,1
335,8,1,1,0,1,0,21,85,11,1
336,20,1,1,0,0,0,17,79,10,0
337,2,1,1,0,0,0,20,83,11,0
338,2,1,1,0,0,0,20,84,11,0
339,3,1,1,0,0,0,26,83,12,0
340,13,0,1,1,0,0,27,85,13,1
341,20,1,1,0,0,0,21,78,12,0
342,3,1,3,0,1,0,18,82,11,0
343,10,1,1,0,0,0,23,84,13,0
344,2,1,1,0,1,0,22,85,12,1
345,24,1,1,0,0,0,19,82,12,0
346,2,1,1,1,0,0,23,83,12,1
347,10,1,1,0,1,0,21,81,12,1
348,28,1,1,0,1,0,16,78,9,1
349,7,1,1,0,0,1,21,80,12,0
350,2,1,1,0,0,0,26,83,13,0
351,1,1,1,0,0,0,25,84,12,0
352,40,1,1,0,0,0,21,84,12,0
353,104,1,1,1,1,1,20,83,12,0
354,1,1,1,0,1,0,18,78,11,1
355,16,1,1,0,0,0,18,79,10,0
356,7,0,1,0,0,0,22,85,12,1
357,40,1,1,0,0,0,23,84,12,0
358,8,1,1,1,0,0,20,79,12,0
359,2,1,1,0,1,0,18,78,12,0
360,3,1,1,0,0,0,19,79,12,0
361,1,1,1,0,0,0,26,83,12,0
362,14,1,1,0,1,0,21,79,11,0
363,2,1,1,0,0,0,20,81,12,0
364,15,1,1,0,0,0,24,83,12,1
365,6,1,1,0,0,0,19,81,12,0
366,8,1,1,0,1,0,22,85,12,0
367,1,1,1,0,0,0,21,81,13,0
368,7,1,1,0,0,0,25,84,16,0
369,24,1,1,0,0,0,24,85,14,0
370,3,1,1,0,1,0,21,82,12,0
371,12,1,1,1,0,0,19,82,12,1
372,2,1,1,0,0,0,19,79,11,0
373,10,1,1,0,1,0,23,86,12,0
374,26,1,1,0,1,0,21,85,13,0
375,7,1,1,0,0,0,22,83,12,0
376,1,1,1,1,1,0,20,81,8,0
377,2,1,3,1,0,0,19,82,11,1
378,32,1,3,0,0,1,23,85,15,0
379,20,1,1,0,0,0,25,82,16,0
380,6,1,1,0,0,1,21,80,13,0
381,1,1,1,0,1,0,20,81,9,0
382,4,1,1,0,0,0,25,84,14,0
383,10,1,1,0,0,0,21,85,15,0
384,6,1,1,0,0,0,18,79,9,0
385,24,1,1,0,0,0,21,84,13,1
386,24,1,1,0,0,0,20,82,13,0
387,24,1,1,0,0,0,24,81,16,0
388,6,1,1,0,0,0,19,81,12,0
389,7,1,1,0,0,0,26,84,12,0
390,2,1,1,0,0,0,22,82,12,0
391,32,1,1,0,0,0,21,78,14,0
392,1,1,1,1,0,0,20,83,12,1
393,6,1,1,0,1,0,22,82,12,0
394,2,1,1,0,1,0,21,79,12,0
395,8,1,1,0,0,0,22,81,12,0
396,24,1,1,0,0,0,20,83,12,1
397,12,1,1,0,0,0,25,85,12,1
398,18,0,1,0,1,0,21,84,12,0
399,10,1,1,0,1,0,20,85,12,0
400,12,1,1,0,1,0,22,85,10,0
401,3,1,1,0,1,0,20,82,12,0
402,40,1,1,0,0,0,26,83,12,0
403,72,1,1,1,0,0,23,80,15,0
404,8,1,1,0,1,0,21,79,12,0
405,60,1,1,0,0,0,23,81,13,0
406,48,1,1,1,1,0,19,83,8,1
407,2,1,1,0,0,0,15,78,10,0
408,20,1,1,0,0,0,21,84,12,0
409,60,1,1,0,0,0,19,78,12,0
410,2,1,1,0,0,0,22,83,12,0
411,2,1,1,0,0,0,23,80,12,0
412,44,1,1,1,1,0,25,82,10,1
413,12,1,1,0,1,0,22,81,12,0
414,1,1,1,0,0,0,27,85,12,0
415,6,1,1,0,0,0,26,84,16,0
416,24,1,1,0,0,0,22,80,15,0
417,8,1,1,1,1,0,22,85,12,0
418,10,1,1,0,0,0,22,85,12,1
419,8,1,1,0,0,0,22,84,12,0
420,44,1,1,0,0,0,23,84,14,0
421,8,1,1,1,1,0,21,85,12,0
422,32,1,1,0,1,0,21,79,13,0
423,15,1,1,0,0,0,25,85,12,1
424,5,1,1,0,1,0,24,84,12,0
425,12,1,1,1,1,0,20,83,12,0
426,8,1,1,0,0,0,23,85,16,0
427,40,1,1,0,1,1,24,83,13,1
428,24,1,1,0,0,0,20,82,13,0
429,1,0,1,0,0,1,26,86,16,1
430,6,1,1,1,0,0,21,85,14,0
431,6,1,1,0,0,0,20,85,13,1
432,8,1,1,0,0,0,18,79,12,0
433,16,1,1,0,0,0,24,82,15,0
434,2,1,1,0,0,0,16,79,9,0
435,32,1,1,0,0,0,20,81,12,1
436,1,1,1,0,1,0,24,85,12,0
437,2,1,1,0,0,0,20,80,13,0
438,1,1,2,1,0,0,22,85,13,0
439,6,1,1,0,1,0,17,80,9,0
440,1,1,1,0,0,0,19,79,12,0
441,1,1,1,1,0,0,19,82,9,0
442,8,1,1,0,1,0,23,84,12,0
443,1,1,1,0,1,0,23,82,13,0
444,28,1,3,0,0,0,23,81,16,0
445,1,1,1,0,1,0,24,82,12,0
446,8,1,1,0,0,0,24,84,16,0
447,28,1,1,0,0,0,22,82,14,0
448,12,1,2,0,0,0,16,80,9,0
449,4,1,2,0,0,1,17,80,10,1
450,6,1,2,0,0,0,17,82,11,0
451,52,1,1,0,0,0,20,80,13,0
452,7,0,1,0,1,0,27,85,14,0
453,52,1,1,0,1,0,24,82,12,0
454,28,1,1,0,1,0,17,81,10,1
455,2,1,1,0,0,0,19,81,12,1
456,4,1,1,0,0,0,19,82,11,0
457,52,1,1,0,0,0,26,84,14,0
458,3,1,1,0,0,0,21,81,12,0
459,10,1,1,0,1,1,22,82,12,0
460,4,1,1,1,1,1,21,81,12,1
461,16,1,1,0,1,0,16,80,10,0
462,20,1,3,0,0,0,18,78,11,0
463,9,0,3,0,0,0,27,85,13,0
464,12,1,3,0,0,0,18,79,10,0
465,6,0,1,0,0,0,21,85,12,0
466,2,1,3,0,0,0,22,84,12,0
467,8,1,1,1,1,1,20,80,12,1
468,48,1,3,0,0,0,22,82,13,0
469,12,1,3,0,0,0,23,82,12,0
470,1,1,3,0,0,0,24,82,12,0
471,8,1,3,1,0,0,25,85,15,1
472,8,1,3,0,0,0,26,83,14,0
473,4,1,3,0,1,0,21,80,13,0
474,48,1,3,1,0,0,19,82,12,0
475,3,1,3,0,1,0,20,80,12,0
476,32,1,3,0,1,0,18,79,11,1
477,28,1,3,0,0,0,19,81,12,0
478,24,1,3,0,0,0,20,84,8,0
479,8,1,3,0,0,0,21,83,12,0
480,40,1,2,0,0,0,20,81,12,0
481,4,1,2,1,0,0,19,83,12,1
482,48,1,2,0,0,0,20,84,12,0
483,15,1,2,1,0,0,17,81,10,1
484,48,1,2,0,0,0,17,80,10,0
485,1,1,1,1,0,0,20,81,12,0
486,6,1,2,1,0,0,18,82,11,0
487,8,1,2,0,0,0,21,81,13,0
488,24,1,2,0,0,0,21,78,12,0
489,56,1,2,0,0,0,23,84,12,1
490,6,0,2,0,0,0,26,85,14,0
491,1,1,2,0,0,0,20,84,13,0
492,24,1,2,0,1,0,19,78,12,0
493,4,1,2,0,0,0,24,82,12,0
494,1,1,2,0,0,0,24,82,14,0
495,4,0,2,0,0,0,26,85,13,0
496,16,1,2,1,0,0,19,81,12,1
497,4,1,2,0,0,0,25,86,14,1
498,24,1,2,0,0,0,20,84,13,0
499,3,1,2,1,0,0,19,82,11,0
500,2,1,2,0,0,0,22,84,15,0
501,28,1,2,0,0,0,20,81,13,1
502,10,1,1,0,0,0,25,83,16,0
503,24,1,1,0,0,0,18,80,11,0
504,16,1,1,0,1,1,22,81,16,0
505,36,1,1,0,0,0,24,81,17,0
506,5,1,1,0,0,0,27,84,16,0
507,6,1,1,0,0,0,26,84,17,0
508,48,1,1,0,0,0,25,83,15,0
509,48,1,1,0,1,0,21,83,12,0
510,12,1,1,0,1,0,19,79,12,0
511,4,1,3,1,0,0,18,79,11,1
512,18,1,2,0,0,0,20,80,13,0
513,1,1,2,1,1,1,18,83,12,0
514,50,1,3,1,0,0,19,82,12,1
515,20,1,1,0,0,0,23,83,8,0
516,12,1,1,0,0,0,19,83,11,1
517,12,1,2,1,0,0,23,81,12,0
518,96,1,3,1,0,0,19,79,8,0
519,12,1,3,0,0,0,23,82,13,0
520,12,1,3,0,0,0,24,82,16,0
521,2,1,1,1,1,1,22,83,10,0
522,1,1,1,0,1,0,23,81,12,0
523,1,1,2,0,1,0,21,85,12,0
524,28,1,2,0,0,0,20,79,12,1
525,4,1,1,0,1,1,23,83,12,0
526,22,1,1,1,1,0,20,81,13,0
527,2,1,1,0,0,0,17,78,10,0
528,4,1,1,0,0,0,18,80,11,0
529,1,1,1,1,1,0,21,84,12,1
530,6,0,2,0,0,0,28,85,18,0
531,1,1,2,0,0,0,21,81,14,1
532,8,1,2,0,1,0,20,83,12,1
533,48,1,2,1,0,0,21,81,11,0
534,24,1,2,1,0,0,26,84,15,0
535,8,1,2,0,0,0,22,83,12,0
536,4,1,2,1,1,0,17,78,10,0
537,20,1,2,1,1,1,18,80,11,0
538,4,1,1,1,0,0,20,80,10,0
539,11,1,1,0,0,0,26,85,16,0
540,15,1,1,1,1,0,19,78,10,1
541,16,1,1,0,0,0,23,82,14,0
542,1,1,1,0,0,0,20,79,7,1
543,24,1,2,0,0,0,25,82,12,1
544,15,1,2,0,0,0,20,83,13,0
545,6,1,2,0,0,0,22,81,13,0
546,1,1,1,0,1,0,19,82,12,0
547,32,1,1,0,1,0,24,83,12,0
548,2,1,3,0,0,0,26,85,15,0
549,3,1,2,0,0,0,19,81,12,0
550,16,1,1,0,0,0,20,83,12,0
551,6,1,2,0,0,0,19,81,12,0
552,3,1,1,0,0,0,21,79,13,0
553,42,1,1,0,0,0,23,80,15,0
554,3,1,1,0,1,0,20,83,12,0
555,32,1,1,0,0,0,25,84,16,1
556,8,1,1,1,1,0,15,79,7,1
557,4,1,2,0,0,0,23,84,13,1
558,3,1,2,1,1,0,18,83,10,0
559,7,0,1,0,0,0,26,85,16,0
560,4,1,1,0,1,0,25,83,17,0
561,6,1,1,0,1,0,26,85,16,0
562,20,1,1,0,0,0,27,85,17,0
563,18,1,3,0,1,0,21,82,12,0
564,3,1,1,0,1,0,25,83,14,0
565,16,1,2,0,0,0,24,83,16,0
566,26,1,1,0,0,0,25,84,16,0
567,1,0,1,0,0,0,28,86,16,0
568,20,1,1,0,0,0,27,85,18,0
569,12,1,1,0,1,0,15,79,8,1
570,16,1,3,1,0,0,23,83,6,0
571,32,1,1,0,0,0,22,81,12,0
572,60,1,1,0,0,0,21,79,12,0
573,24,1,1,0,0,0,24,84,16,0
574,7,1,1,1,1,0,17,80,9,1
575,1,1,2,0,0,0,23,86,13,1
576,16,1,1,1,0,0,17,78,10,0
577,48,1,1,0,0,0,20,79,12,1
578,12,1,1,0,0,0,20,79,13,0
579,4,1,3,1,0,0,25,85,13,1
580,8,1,3,1,0,0,18,82,10,0
581,4,1,3,1,0,0,18,82,11,1
582,4,1,3,0,0,0,18,80,12,0
583,18,1,3,0,1,1,20,83,10,0
584,48,1,3,0,0,0,24,82,12,0
585,24,1,2,1,0,0,21,79,14,0
586,8,1,3,0,0,0,22,82,12,0
587,52,1,3,0,0,0,19,82,12,0
588,1,1,1,0,1,0,19,83,10,0
589,12,1,2,0,0,1,23,81,16,0
590,4,1,3,0,0,0,20,79,14,1
591,12,1,3,0,0,0,19,81,12,0
592,8,1,3,0,0,0,17,81,10,1
593,2,1,1,0,0,0,21,83,14,0
594,96,1,1,1,1,0,18,78,10,1
595,8,1,3,0,0,0,19,84,12,0
596,8,1,2,0,0,1,22,83,13,0
597,40,1,1,1,0,0,22,79,12,0
598,10,1,3,0,0,0,21,82,12,0
599,12,1,3,0,0,0,19,78,12,0
600,12,1,3,0,0,0,22,83,14,0
601,9,1,3,1,0,0,27,84,18,1
602,6,1,2,0,0,0,22,82,13,0
603,16,1,1,0,1,0,28,85,12,0
604,1,1,3,0,0,0,25,83,11,0
605,6,1,3,1,0,0,21,84,12,0
606,4,1,3,0,0,0,18,81,10,1
607,2,1,3,0,0,0,19,79,11,0
608,4,1,3,0,0,0,20,80,11,0
609,8,1,1,0,1,0,27,85,11,1
610,6,1,1,0,0,0,25,82,16,0
611,40,1,1,0,0,0,23,81,11,0
612,24,1,3,0,0,0,22,81,16,0
613,1,1,3,0,0,0,24,82,13,0
614,5,1,3,0,0,0,20,79,12,0
615,2,1,3,0,0,0,22,79,13,0
616,8,1,3,0,1,0,24,81,12,0
617,4,1,3,0,0,0,21,85,13,0
618,12,1,3,0,0,0,22,79,3,0
619,12,1,3,1,0,0,18,79,6,0
620,3,1,3,1,1,0,16,78,7,0
621,48,1,1,0,0,0,23,82,14,0
622,8,1,3,1,0,0,16,79,8,0
623,14,1,1,0,1,0,23,83,11,1
624,9,1,3,1,0,0,21,85,12,0
625,4,1,1,0,1,0,24,83,12,0
626,14,1,3,0,0,0,26,85,14,0
627,3,1,3,0,0,0,19,83,10,1
628,3,1,3,0,0,0,20,78,11,0
629,6,1,3,0,0,0,23,85,12,0
630,12,1,1,0,0,1,22,83,12,0
631,8,0,1,0,1,0,25,85,12,0
632,3,1,3,0,0,0,24,81,12,1
633,3,1,3,0,0,0,19,83,12,0
634,10,1,3,0,0,0,22,80,12,0
635,3,1,3,1,1,0,19,81,11,1
636,44,1,3,0,0,0,25,83,16,0
637,2,1,1,0,0,0,22,84,13,0
638,1,1,1,1,0,0,16,80,8,0
639,1,1,2,1,0,0,23,83,12,0
640,12,1,2,0,0,0,23,82,14,0
641,4,1,2,1,0,0,19,82,12,0
642,16,1,2,0,1,0,18,79,11,0
643,5,0,1,0,0,0,22,85,12,0
644,24,1,1,0,0,0,20,81,9,0
645,6,0,1,0,0,0,28,85,14,0
646,52,1,1,1,0,0,20,78,12,0
647,2,1,3,1,0,0,15,80,8,1
648,2,1,1,0,1,1,25,84,13,0
649,10,1,1,0,0,0,24,84,12,0
650,48,1,1,0,0,0,23,81,12,1
651,52,1,1,0,0,0,20,81,12,0
652,2,1,1,0,0,0,25,85,14,1
653,24,1,1,0,1,0,19,80,9,1
654,12,1,1,1,1,0,21,82,10,0
655,8,1,2,0,0,0,16,78,11,0
656,4,1,1,1,0,1,24,84,12,0
657,4,1,1,0,0,0,19,78,12,1
658,4,1,1,1,0,0,16,78,9,0
659,8,1,1,0,0,0,20,80,12,0
660,48,1,2,0,0,1,24,81,14,1
661,24,1,1,0,0,1,27,84,18,1
662,3,1,1,0,1,0,26,84,16,1
663,20,1,1,0,1,0,25,84,15,0
664,52,1,1,0,1,0,25,82,16,0
665,60,1,1,0,1,0,24,84,14,0
666,2,1,1,0,0,0,21,79,13,0
667,2,1,3,0,0,0,22,84,14,0
668,5,1,3,1,0,0,20,81,12,0
669,12,1,3,1,0,0,17,80,8,0
670,24,1,3,0,0,0,27,84,10,0
671,12,1,3,0,0,0,19,81,12,0
672,4,1,3,0,0,0,23,85,13,0
673,2,1,3,0,0,0,16,79,10,0
674,6,1,3,0,0,0,24,85,13,0
675,1,1,1,0,0,0,22,81,15,0
676,4,1,3,0,0,0,17,80,10,0
677,2,1,1,0,1,1,19,82,8,0
678,48,1,2,0,0,0,21,83,12,1
679,8,1,2,1,0,0,20,79,9,1
680,24,1,1,0,0,0,20,81,12,0
681,12,1,2,0,0,0,26,85,14,0
682,2,1,1,1,1,0,22,82,12,1
683,3,1,1,0,1,0,21,84,9,0
684,96,1,1,1,0,0,19,80,8,0
685,3,1,1,1,0,0,19,83,10,0
686,16,1,2,0,1,0,23,82,16,0
687,6,1,1,0,1,1,21,84,12,0
688,4,1,1,1,0,0,19,79,10,0
689,56,1,2,1,0,0,17,80,11,0
690,4,1,2,0,0,0,20,84,12,0
691,6,1,1,1,0,0,19,81,10,1
692,2,1,2,1,0,0,21,81,14,0
693,8,1,1,0,0,0,21,84,14,0
694,14,1,2,0,0,0,22,82,13,0
695,8,1,3,0,0,0,19,83,10,0
696,1,1,3,0,0,0,24,85,9,0
697,2,1,3,0,0,0,19,83,11,1
698,16,0,1,0,0,1,27,84,16,1
699,8,1,1,0,0,0,26,84,16,0
700,48,1,1,1,1,1,18,80,8,0
701,52,1,1,1,1,0,17,81,7,0
702,25,1,1,1,1,0,21,82,11,0
703,20,1,1,1,1,0,22,83,12,0
704,12,1,1,1,1,0,19,81,11,1
705,8,1,3,0,0,0,23,83,14,0
706,5,1,3,1,1,1,20,81,10,1
707,4,1,1,0,1,1,25,84,16,0
708,16,1,1,0,0,0,25,84,16,0
709,1,1,1,0,0,0,22,81,15,0
710,5,1,1,0,1,0,26,85,16,0
711,3,1,1,1,1,0,19,83,11,0
712,46,1,1,1,1,0,20,78,12,0
713,8,1,3,1,0,0,18,78,12,0
714,40,1,1,0,0,0,18,80,10,0
715,1,1,3,1,1,1,22,82,12,0
716,4,1,2,0,0,1,24,86,13,0
717,3,1,1,0,1,0,22,81,12,0
718,2,1,3,0,0,1,25,84,12,0
719,2,1,1,0,0,0,27,85,15,0
720,3,1,1,0,0,0,22,80,16,0
721,46,1,1,0,0,0,25,83,14,0
722,2,1,3,0,0,0,19,81,12,1
723,36,1,1,0,0,0,21,82,12,0
724,6,0,3,0,0,0,22,85,12,0
725,8,1,1,0,0,0,18,81,11,0
726,16,1,1,0,0,0,19,79,12,0
727,16,1,1,1,1,0,19,78,9,0
728,12,1,3,1,0,0,23,80,9,1
729,6,1,2,1,0,0,20,83,13,0
730,5,0,3,0,0,0,21,85,14,0
731,16,1,3,1,1,0,19,84,11,0
732,12,1,3,0,0,0,19,81,12,0
733,1,1,3,0,0,0,26,85,11,0
734,4,1,1,1,1,0,21,78,12,0
735,24,1,1,1,0,0,19,78,11,0
736,1,1,1,0,0,0,22,80,12,0
737,10,1,3,0,1,1,22,81,13,0
738,10,1,1,0,0,0,25,85,13,0
739,2,1,3,1,0,0,20,84,12,1
740,2,1,3,0,1,1,24,84,12,0
741,64,1,3,1,0,0,21,80,11,0
742,8,1,2,1,0,0,21,84,12,0
743,48,1,2,1,1,0,21,81,12,0
744,28,1,3,0,0,0,21,80,11,1
745,24,1,3,0,0,0,18,79,10,0
746,18,1,2,1,0,0,23,82,11,0
747,6,1,3,0,0,0,21,85,12,0
748,3,1,2,1,1,0,19,82,11,1
749,56,1,3,0,0,0,26,84,15,1
750,18,1,1,0,0,0,24,83,13,0
751,2,1,3,0,0,0,21,81,9,0
752,6,1,3,0,0,0,20,79,6,1
753,12,1,3,0,0,0,24,82,14,0
754,32,1,1,0,1,0,19,82,9,0
755,3,1,3,0,0,0,21,83,12,1
756,72,1,1,0,0,0,19,83,11,0
757,5,1,1,1,1,0,19,84,7,0
758,12,1,2,0,0,0,20,80,13,1
759,8,1,3,0,0,0,23,82,12,0
760,8,1,1,0,1,0,23,81,13,0
761,16,1,1,0,1,0,21,78,14,0
762,2,0,1,0,0,0,26,85,13,0
763,3,0,1,0,0,0,27,85,16,0
764,12,1,2,1,0,0,17,79,10,0
765,40,1,2,1,0,0,18,81,12,0
766,96,1,1,0,0,0,25,83,14,0
767,4,1,1,0,1,1,22,81,12,0
768,3,1,1,0,1,0,20,84,12,1
769,12,1,1,0,0,0,25,83,16,0
770,28,1,1,0,1,0,25,83,16,0
771,7,1,1,1,1,1,22,84,11,0
772,1,1,2,1,0,0,22,85,15,0
773,1,1,1,0,1,0,23,83,14,0
774,4,1,3,0,0,0,26,83,9,0
775,3,1,3,0,0,0,25,84,14,1
776,12,1,3,1,0,0,24,84,12,0
777,1,1,2,0,0,0,19,83,12,0
778,14,1,1,0,0,1,26,84,15,0
779,12,1,1,0,0,0,20,79,12,0
780,8,1,2,1,0,0,19,81,12,0
781,12,1,3,0,0,0,25,82,12,0
782,1,1,3,0,0,0,22,85,11,0
783,8,1,1,1,0,0,17,81,10,0
784,8,1,1,1,1,0,24,85,9,1
785,8,1,1,1,1,0,15,80,9,0
786,7,1,3,0,1,0,23,84,13,0
787,12,1,3,0,0,0,21,82,12,0
788,6,1,3,0,0,0,24,84,12,0
789,2,1,2,0,0,0,23,85,14,0
790,16,1,3,1,0,0,20,81,11,1
791,24,1,1,0,0,0,18,80,9,1
792,24,1,3,0,0,0,20,79,10,0
793,12,1,3,0,1,1,24,83,9,0
794,72,1,1,1,0,0,16,81,9,1
795,6,1,1,0,1,0,23,83,12,0
796,1,1,2,0,0,0,25,82,13,0
797,48,1,1,0,0,0,20,80,12,0
798,3,1,1,0,1,0,22,83,12,0
799,24,1,1,0,0,0,23,81,12,0
800,12,1,1,0,0,0,23,82,12,0
801,26,1,1,0,0,0,22,80,12,0
802,3,1,1,0,1,0,23,83,12,0
803,24,1,1,0,0,0,20,80,12,0
804,1,1,1,0,0,1,20,78,12,0
805,5,1,1,0,1,0,24,83,12,0
806,2,1,1,0,1,0,21,79,12,0
807,12,1,1,0,0,0,19,80,12,0
808,48,1,1,0,0,0,23,81,12,0
809,3,1,2,0,1,1,23,81,13,0
810,4,1,1,0,1,0,22,81,12,0
811,6,1,1,0,1,0,22,81,12,0
812,4,1,1,0,1,1,24,82,13,0
813,52,1,1,1,0,0,22,81,12,0
814,8,1,2,1,0,0,23,81,12,0
815,20,1,1,1,0,0,21,81,12,0
816,20,1,1,0,0,0,23,82,12,0
817,28,1,1,0,0,0,22,83,12,0
818,4,1,1,0,0,0,24,82,12,1
819,16,1,1,1,0,0,19,78,12,0
820,8,1,2,0,0,0,19,79,12,0
821,5,1,1,0,0,0,21,80,12,0
822,11,1,1,0,1,0,24,83,12,0
823,4,1,2,0,0,0,24,83,12,0
824,3,1,1,0,0,0,22,81,12,0
825,2,1,1,0,0,0,23,81,12,0
826,2,1,1,0,0,0,21,80,12,0
827,6,1,1,0,0,0,21,80,13,0
828,8,1,1,1,1,0,21,79,12,0
829,1,1,1,0,1,1,18,79,12,1
830,48,1,1,0,1,0,19,79,12,0
831,32,1,1,0,0,0,20,79,13,0
832,32,1,1,0,0,1,20,79,12,0
833,6,1,1,0,1,0,22,81,12,0
834,6,1,1,0,0,0,25,82,12,0
835,24,1,1,0,0,1,20,79,12,0
836,4,1,3,0,0,0,20,79,14,0
837,16,1,1,0,0,0,22,82,12,0
838,12,1,1,0,0,0,21,80,12,0
839,2,1,1,0,1,0,24,83,12,0
840,1,1,1,0,0,0,21,81,12,0
841,3,1,1,0,1,0,22,82,12,0
842,7,1,1,1,1,1,25,83,12,0
843,56,1,1,0,0,0,24,81,12,0
844,1,1,1,0,0,0,22,80,12,0
845,24,1,1,0,0,0,21,81,12,0
846,16,1,1,0,1,0,19,78,12,0
847,20,1,1,0,1,0,22,82,12,0
848,1,1,1,0,0,0,22,81,13,0
849,120,1,3,0,0,0,22,80,12,0
850,44,1,1,0,0,0,22,81,14,0
851,3,1,1,0,0,0,25,83,12,0
852,32,1,1,0,0,0,20,80,12,0
853,6,1,1,0,0,0,22,82,12,0
854,52,1,1,0,0,0,22,79,12,0
855,24,1,2,0,0,1,23,81,12,0
856,72,1,1,0,0,0,21,81,12,0
857,24,1,2,0,0,0,21,81,12,0
858,3,1,1,0,1,0,22,82,10,0
859,6,1,1,0,1,0,21,79,12,0
860,24,1,1,0,1,0,24,82,12,0
861,16,1,2,0,0,0,23,83,12,0
862,5,1,1,0,1,0,25,83,12,0
863,48,1,1,0,0,0,20,79,12,0
864,10,1,1,0,1,0,23,82,12,0
865,48,1,1,0,0,0,23,82,13,0
866,2,1,1,1,1,0,24,82,12,0
867,6,1,1,0,0,0,24,82,14,0
868,36,1,2,0,0,0,22,82,14,0
869,12,1,1,0,0,0,22,83,12,0
870,2,1,1,0,1,0,21,85,12,0
871,4,1,1,0,1,0,18,80,12,1
872,24,1,1,0,0,0,23,82,13,0
873,1,1,1,0,0,0,23,83,11,0
874,20,1,1,0,0,0,21,81,13,0
875,76,1,1,0,0,0,21,83,14,0
876,8,1,1,0,0,0,20,79,12,0
877,4,1,3,0,0,0,24,81,11,0
878,36,1,1,0,1,0,20,80,12,0
879,6,1,1,0,0,0,21,82,12,0
880,32,1,1,0,0,0,19,83,14,0
881,4,1,1,0,0,0,20,81,12,0
882,4,1,1,0,1,0,21,79,12,0
883,40,1,1,1,1,0,22,85,12,0
884,3,1,3,0,0,0,20,81,9,0
885,8,1,1,1,0,1,23,83,10,1
886,32,1,1,0,0,0,18,80,11,0
887,10,0,1,0,0,0,28,85,15,1
888,1,1,1,0,0,0,20,84,12,1
889,1,1,1,0,1,0,20,80,12,0
890,5,1,1,1,1,1,21,78,15,0
891,24,1,1,0,1,0,18,81,10,0
892,48,1,1,0,0,0,23,83,12,0
893,12,1,1,0,1,0,24,83,12,0
894,20,1,1,0,0,0,27,85,17,0
895,4,1,1,0,1,0,21,84,12,0
896,16,1,1,1,1,0,21,82,12,0
897,32,1,3,1,0,0,18,82,10,1
898,24,1,1,0,0,0,26,85,14,1
899,13,1,1,0,0,0,21,82,12,0
900,1,1,1,1,0,0,16,81,9,1
901,16,1,1,0,1,0,20,81,12,0
902,44,1,1,0,0,0,21,80,12,0
903,32,1,1,0,1,1,22,83,12,0
904,1,1,1,0,1,1,20,83,12,0
905,8,1,1,0,1,0,22,79,12,0
906,6,1,1,0,0,0,22,82,13,1
907,6,1,1,1,1,0,21,81,12,0
908,32,1,1,0,0,1,25,84,18,0
909,28,1,1,0,1,1,19,80,12,0
910,7,1,1,0,0,1,24,83,14,0
911,12,1,1,1,1,1,20,80,10,1
912,4,1,1,1,0,0,18,81,11,0
913,32,1,1,0,0,0,23,81,16,0
914,48,1,1,1,0,0,20,84,11,1
915,32,1,1,1,0,0,17,78,12,1
916,3,1,2,0,1,0,19,79,11,1
917,4,1,2,0,0,0,21,78,12,0
918,4,1,1,0,1,0,23,82,12,0
919,2,1,1,0,0,0,24,82,13,0
920,3,1,1,0,0,1,21,80,12,0
921,1,1,1,0,1,1,20,81,12,0
922,32,1,1,0,1,0,24,81,12,0
923,24,1,1,0,0,0,20,80,12,0
924,4,1,1,0,0,0,20,79,12,0
925,5,1,1,0,0,1,22,81,12,0
926,24,1,2,0,0,0,21,80,12,0
927,6,1,1,0,1,0,20,80,12,0
