,id,rx,number,size,stop,event,enum
1,1,1,1,3,1,0,1
2,1,1,1,3,1,0,2
3,1,1,1,3,1,0,3
4,1,1,1,3,1,0,4
5,2,1,2,1,4,0,1
6,2,1,2,1,4,0,2
7,2,1,2,1,4,0,3
8,2,1,2,1,4,0,4
9,3,1,1,1,7,0,1
10,3,1,1,1,7,0,2
11,3,1,1,1,7,0,3
12,3,1,1,1,7,0,4
13,4,1,5,1,10,0,1
14,4,1,5,1,10,0,2
15,4,1,5,1,10,0,3
16,4,1,5,1,10,0,4
17,5,1,4,1,6,1,1
18,5,1,4,1,10,0,2
19,5,1,4,1,10,0,3
20,5,1,4,1,10,0,4
21,6,1,1,1,14,0,1
22,6,1,1,1,14,0,2
23,6,1,1,1,14,0,3
24,6,1,1,1,14,0,4
25,7,1,1,1,18,0,1
26,7,1,1,1,18,0,2
27,7,1,1,1,18,0,3
28,7,1,1,1,18,0,4
29,8,1,1,3,5,1,1
30,8,1,1,3,18,0,2
31,8,1,1,3,18,0,3
32,8,1,1,3,18,0,4
33,9,1,1,1,12,1,1
34,9,1,1,1,16,1,2
35,9,1,1,1,18,0,3
36,9,1,1,1,18,0,4
37,10,1,3,3,23,0,1
38,10,1,3,3,23,0,2
39,10,1,3,3,23,0,3
40,10,1,3,3,23,0,4
41,11,1,1,3,10,1,1
42,11,1,1,3,15,1,2
43,11,1,1,3,23,0,3
44,11,1,1,3,23,0,4
45,12,1,1,1,3,1,1
46,12,1,1,1,16,1,2
47,12,1,1,1,23,1,3
48,12,1,1,1,23,0,4
49,13,1,3,1,3,1,1
50,13,1,3,1,9,1,2
51,13,1,3,1,21,1,3
52,13,1,3,1,23,0,4
53,14,1,2,3,7,1,1
54,14,1,2,3,10,1,2
55,14,1,2,3,16,1,3
56,14,1,2,3,24,1,4
57,15,1,1,1,3,1,1
58,15,1,1,1,15,1,2
59,15,1,1,1,25,1,3
60,15,1,1,1,25,0,4
61,16,1,1,2,26,0,1
62,16,1,1,2,26,0,2
63,16,1,1,2,26,0,3
64,16,1,1,2,26,0,4
65,17,1,8,1,1,1,1
66,17,1,8,1,26,0,2
67,17,1,8,1,26,0,3
68,17,1,8,1,26,0,4
69,18,1,1,4,2,1,1
70,18,1,1,4,26,1,2
71,18,1,1,4,26,0,3
72,18,1,1,4,26,0,4
73,19,1,1,2,25,1,1
74,19,1,1,2,28,0,2
75,19,1,1,2,28,0,3
76,19,1,1,2,28,0,4
77,20,1,1,4,29,0,1
78,20,1,1,4,29,0,2
79,20,1,1,4,29,0,3
80,20,1,1,4,29,0,4
81,21,1,1,2,29,0,1
82,21,1,1,2,29,0,2
83,21,1,1,2,29,0,3
84,21,1,1,2,29,0,4
85,22,1,4,1,29,0,1
86,22,1,4,1,29,0,2
87,22,1,4,1,29,0,3
88,22,1,4,1,29,0,4
89,23,1,1,6,28,1,1
90,23,1,1,6,30,1,2
91,23,1,1,6,30,0,3
92,23,1,1,6,30,0,4
93,24,1,1,5,2,1,1
94,24,1,1,5,17,1,2
95,24,1,1,5,22,1,3
96,24,1,1,5,30,0,4
97,25,1,2,1,3,1,1
98,25,1,2,1,6,1,2
99,25,1,2,1,8,1,3
100,25,1,2,1,12,1,4
101,26,1,1,3,12,1,1
102,26,1,1,3,15,1,2
103,26,1,1,3,24,1,3
104,26,1,1,3,31,0,4
105,27,1,1,2,32,0,1
106,27,1,1,2,32,0,2
107,27,1,1,2,32,0,3
108,27,1,1,2,32,0,4
109,28,1,2,1,34,0,1
110,28,1,2,1,34,0,2
111,28,1,2,1,34,0,3
112,28,1,2,1,34,0,4
113,29,1,2,1,36,0,1
114,29,1,2,1,36,0,2
115,29,1,2,1,36,0,3
116,29,1,2,1,36,0,4
117,30,1,3,1,29,1,1
118,30,1,3,1,36,0,2
119,30,1,3,1,36,0,3
120,30,1,3,1,36,0,4
121,31,1,1,2,37,0,1
122,31,1,1,2,37,0,2
123,31,1,1,2,37,0,3
124,31,1,1,2,37,0,4
125,32,1,4,1,9,1,1
126,32,1,4,1,17,1,2
127,32,1,4,1,22,1,3
128,32,1,4,1,24,1,4
129,33,1,5,1,16,1,1
130,33,1,5,1,19,1,2
131,33,1,5,1,23,1,3
132,33,1,5,1,29,1,4
133,34,1,1,2,41,0,1
134,34,1,1,2,41,0,2
135,34,1,1,2,41,0,3
136,34,1,1,2,41,0,4
137,35,1,1,1,3,1,1
138,35,1,1,1,43,0,2
139,35,1,1,1,43,0,3
140,35,1,1,1,43,0,4
141,36,1,2,6,6,1,1
142,36,1,2,6,43,0,2
143,36,1,2,6,43,0,3
144,36,1,2,6,43,0,4
145,37,1,2,1,3,1,1
146,37,1,2,1,6,1,2
147,37,1,2,1,9,1,3
148,37,1,2,1,44,0,4
149,38,1,1,1,9,1,1
150,38,1,1,1,11,1,2
151,38,1,1,1,20,1,3
152,38,1,1,1,26,1,4
153,39,1,1,1,18,1,1
154,39,1,1,1,48,0,2
155,39,1,1,1,48,0,3
156,39,1,1,1,48,0,4
157,40,1,1,3,49,0,1
158,40,1,1,3,49,0,2
159,40,1,1,3,49,0,3
160,40,1,1,3,49,0,4
161,41,1,3,1,35,1,1
162,41,1,3,1,51,0,2
163,41,1,3,1,51,0,3
164,41,1,3,1,51,0,4
165,42,1,1,7,17,1,1
166,42,1,1,7,53,0,2
167,42,1,1,7,53,0,3
168,42,1,1,7,53,0,4
169,43,1,3,1,3,1,1
170,43,1,3,1,15,1,2
171,43,1,3,1,46,1,3
172,43,1,3,1,51,1,4
173,44,1,1,1,59,0,1
174,44,1,1,1,59,0,2
175,44,1,1,1,59,0,3
176,44,1,1,1,59,0,4
177,45,1,3,2,2,1,1
178,45,1,3,2,15,1,2
179,45,1,3,2,24,1,3
180,45,1,3,2,30,1,4
181,46,1,1,3,5,1,1
182,46,1,1,3,14,1,2
183,46,1,1,3,19,1,3
184,46,1,1,3,27,1,4
185,47,1,2,3,2,1,1
186,47,1,2,3,8,1,2
187,47,1,2,3,12,1,3
188,47,1,2,3,13,1,4
189,48,2,1,3,1,0,1
190,48,2,1,3,1,0,2
191,48,2,1,3,1,0,3
192,48,2,1,3,1,0,4
193,49,2,1,1,1,0,1
194,49,2,1,1,1,0,2
195,49,2,1,1,1,0,3
196,49,2,1,1,1,0,4
197,50,2,8,1,5,1,1
198,50,2,8,1,5,0,2
199,50,2,8,1,5,0,3
200,50,2,8,1,5,0,4
201,51,2,1,2,9,0,1
202,51,2,1,2,9,0,2
203,51,2,1,2,9,0,3
204,51,2,1,2,9,0,4
205,52,2,1,1,10,0,1
206,52,2,1,1,10,0,2
207,52,2,1,1,10,0,3
208,52,2,1,1,10,0,4
209,53,2,1,1,13,0,1
210,53,2,1,1,13,0,2
211,53,2,1,1,13,0,3
212,53,2,1,1,13,0,4
213,54,2,2,6,3,1,1
214,54,2,2,6,14,0,2
215,54,2,2,6,14,0,3
216,54,2,2,6,14,0,4
217,55,2,5,3,1,1,1
218,55,2,5,3,3,1,2
219,55,2,5,3,5,1,3
220,55,2,5,3,7,1,4
221,56,2,5,1,18,0,1
222,56,2,5,1,18,0,2
223,56,2,5,1,18,0,3
224,56,2,5,1,18,0,4
225,57,2,1,3,17,1,1
226,57,2,1,3,18,0,2
227,57,2,1,3,18,0,3
228,57,2,1,3,18,0,4
229,58,2,5,1,2,1,1
230,58,2,5,1,19,0,2
231,58,2,5,1,19,0,3
232,58,2,5,1,19,0,4
233,59,2,1,1,17,1,1
234,59,2,1,1,19,1,2
235,59,2,1,1,21,0,3
236,59,2,1,1,21,0,4
237,60,2,1,1,22,0,1
238,60,2,1,1,22,0,2
239,60,2,1,1,22,0,3
240,60,2,1,1,22,0,4
241,61,2,1,3,25,0,1
242,61,2,1,3,25,0,2
243,61,2,1,3,25,0,3
244,61,2,1,3,25,0,4
245,62,2,1,5,25,0,1
246,62,2,1,5,25,0,2
247,62,2,1,5,25,0,3
248,62,2,1,5,25,0,4
249,63,2,1,1,25,0,1
250,63,2,1,1,25,0,2
251,63,2,1,1,25,0,3
252,63,2,1,1,25,0,4
253,64,2,1,1,6,1,1
254,64,2,1,1,12,1,2
255,64,2,1,1,13,1,3
256,64,2,1,1,26,0,4
257,65,2,1,1,6,1,1
258,65,2,1,1,27,0,2
259,65,2,1,1,27,0,3
260,65,2,1,1,27,0,4
261,66,2,2,1,2,1,1
262,66,2,2,1,29,0,2
263,66,2,2,1,29,0,3
264,66,2,2,1,29,0,4
265,67,2,8,3,26,1,1
266,67,2,8,3,35,1,2
267,67,2,8,3,36,0,3
268,67,2,8,3,36,0,4
269,68,2,1,1,38,0,1
270,68,2,1,1,38,0,2
271,68,2,1,1,38,0,3
272,68,2,1,1,38,0,4
273,69,2,1,1,22,1,1
274,69,2,1,1,23,1,2
275,69,2,1,1,27,1,3
276,69,2,1,1,32,1,4
277,70,2,6,1,4,1,1
278,70,2,6,1,16,1,2
279,70,2,6,1,23,1,3
280,70,2,6,1,27,1,4
281,71,2,3,1,24,1,1
282,71,2,3,1,26,1,2
283,71,2,3,1,29,1,3
284,71,2,3,1,40,1,4
285,72,2,3,2,41,0,1
286,72,2,3,2,41,0,2
287,72,2,3,2,41,0,3
288,72,2,3,2,41,0,4
289,73,2,1,1,41,0,1
290,73,2,1,1,41,0,2
291,73,2,1,1,41,0,3
292,73,2,1,1,41,0,4
293,74,2,1,1,1,1,1
294,74,2,1,1,27,1,2
295,74,2,1,1,43,0,3
296,74,2,1,1,43,0,4
297,75,2,1,1,44,0,1
298,75,2,1,1,44,0,2
299,75,2,1,1,44,0,3
300,75,2,1,1,44,0,4
301,76,2,6,1,2,1,1
302,76,2,6,1,20,1,2
303,76,2,6,1,23,1,3
304,76,2,6,1,27,1,4
305,77,2,1,2,45,0,1
306,77,2,1,2,45,0,2
307,77,2,1,2,45,0,3
308,77,2,1,2,45,0,4
309,78,2,1,4,2,1,1
310,78,2,1,4,46,0,2
311,78,2,1,4,46,0,3
312,78,2,1,4,46,0,4
313,79,2,1,4,46,0,1
314,79,2,1,4,46,0,2
315,79,2,1,4,46,0,3
316,79,2,1,4,46,0,4
317,80,2,3,3,49,0,1
318,80,2,3,3,49,0,2
319,80,2,3,3,49,0,3
320,80,2,3,3,49,0,4
321,81,2,1,1,50,0,1
322,81,2,1,1,50,0,2
323,81,2,1,1,50,0,3
324,81,2,1,1,50,0,4
325,82,2,4,1,4,1,1
326,82,2,4,1,24,1,2
327,82,2,4,1,47,1,3
328,82,2,4,1,50,0,4
329,83,2,3,4,54,0,1
330,83,2,3,4,54,0,2
331,83,2,3,4,54,0,3
332,83,2,3,4,54,0,4
333,84,2,2,1,38,1,1
334,84,2,2,1,54,0,2
335,84,2,2,1,54,0,3
336,84,2,2,1,54,0,4
337,85,2,1,3,59,0,1
338,85,2,1,3,59,0,2
339,85,2,1,3,59,0,3
340,85,2,1,3,59,0,4
