,capexp,gdp,sales,nbaf,netinc
Belgium,2.0,0.8524,2.12,4.82,11.5
Denmark,3.0,0.57,0.15,1.24,0.1
France,3.0,5.3726,2.7,9.08,0.4
Germany,24.0,6.6299,5.35,10.85,9.1
Greece,0.25,0.3395,0.02,0.79,0.1
Ireland,1.0,0.1718,0.29,2.15,5.1
Italy,1.0,3.4458,1.43,5.4,2.9
Netherlands,12.0,1.3652,3.72,6.74,12.1
U.K.,297.0,4.7322,42.88,19.44,46.0
Austria,0.0,0.6664,0.03,1.34,-0.1
Norway,0.0,0.5608,0.0,1.19,-1.5
Portugal,0.0,0.2129,0.0,0.74,0
Spain,1.0,1.8125,0.43,3.62,0.025
Sweden,3.0,0.9877,0.2,2.01,0.1
Switzerland,9.0,0.9673,2.08,5.24,35.8
Turkey,0.0,0.4998,0.0,0.277,0
Japan,4.0,10.6192,7.38,7.04,4.2
Australia,9.0,1.6421,8.35,7.52,13.0
N. Zealand,4.0,0.2382,0.6,1.17,-0.2
S. Africa,1.0,0.7433,0.43,2.87,-0.1
Argentina,1.0,0.6445,0.61,2.06,1.3
Brazil,4.0,2.4847,1.64,6.01,7.2
Chile,0.25,0.2414,0.0,0.91,
Colombia,0.25,0.3497,0.0,1.79,
Ecuador,0.25,0.1233,0.04,0.67,0.1
Peru,0.0,0.2162,0.0,0.77,0.025
Venezuela,0.25,0.6949,0.09,3.47,-0.4
Mexico,2.0,1.7127,0.96,7.02,-3.3
Panama,5.0,0.0419,0.59,1.93,42.6
Tr/Tob,0.25,0.0697,0.0,0.37,
Egypt,0.25,0.264,0.02,0.7,0.2
Libya,0.0,0.2836,0.0,0.29,0
Liberia,0.0,0.0095,0.51,0.55,1.8
Nigeria,0.0,0.7172,0.0,0.89,0
Israel,1.0,0.2049,0.0,0.71,
Hong-Kong,2.0,0.2444,0.0,3.21,
India,0.0,1.5076,0.0,0.92,0.1
Indonesia,1.0,0.9016,0.0,1.43,
Malaysia,0.25,0.2587,0.13,1.14,0.3
Philippines,3.0,0.3985,0.0,1.86,
Singapore,1.0,0.1465,0.58,2.38,0.8
S.Korea,0.25,0.6842,0.1,0.93,-0.1
Thailand,0.25,0.3679,0.02,0.87,0.025
Canada,140.0,2.8957,62.36,20.75,41.8
Finland,0.0,0.4893,0.0,0.51,0
S. Arabia,0.25,1.5359,0.07,1.6,-0.5
Jamaica,0.25,0.0318,0.08,0.54,0.1
U. Arab Em.,0.0,0.2987,0.0,0.76,0
Luxembourg,0.0,0.0386,1.1,0.62,12.0
Bahamas,3.0,0.0145,0.9,1.78,6.2
