,height,finger
1,4.63020833333333,10.0
2,4.71354166666667,10.3
3,4.796875,9.9
4,4.796875,10.2
5,4.796875,10.2
6,4.796875,10.3
7,4.796875,10.4
8,4.796875,10.7
9,4.88020833333333,10.0
10,4.88020833333333,10.1
11,4.88020833333333,10.2
12,4.88020833333333,10.2
13,4.88020833333333,10.3
14,4.88020833333333,10.3
15,4.88020833333333,10.3
16,4.88020833333333,10.4
17,4.88020833333333,10.5
18,4.88020833333333,10.6
19,4.88020833333333,10.7
20,4.88020833333333,10.7
21,4.88020833333333,10.8
22,4.88020833333333,10.8
23,4.88020833333333,11.0
24,4.88020833333333,11.0
25,4.88020833333333,11.1
26,4.88020833333333,11.1
27,4.88020833333333,11.1
28,4.88020833333333,11.2
29,4.88020833333333,11.2
30,4.88020833333333,11.2
31,4.88020833333333,11.3
32,4.96354166666667,9.9
33,4.96354166666667,10.0
34,4.96354166666667,10.0
35,4.96354166666667,10.1
36,4.96354166666667,10.1
37,4.96354166666667,10.1
38,4.96354166666667,10.2
39,4.96354166666667,10.2
40,4.96354166666667,10.3
41,4.96354166666667,10.3
42,4.96354166666667,10.4
43,4.96354166666667,10.4
44,4.96354166666667,10.5
45,4.96354166666667,10.5
46,4.96354166666667,10.5
47,4.96354166666667,10.6
48,4.96354166666667,10.6
49,4.96354166666667,10.6
50,4.96354166666667,10.6
51,4.96354166666667,10.7
52,4.96354166666667,10.7
53,4.96354166666667,10.7
54,4.96354166666667,10.7
55,4.96354166666667,10.8
56,4.96354166666667,10.8
57,4.96354166666667,10.8
58,4.96354166666667,10.8
59,4.96354166666667,10.8
60,4.96354166666667,10.9
61,4.96354166666667,10.9
62,4.96354166666667,11.0
63,4.96354166666667,11.0
64,4.96354166666667,11.0
65,4.96354166666667,11.0
66,4.96354166666667,11.0
67,4.96354166666667,11.0
68,4.96354166666667,11.1
69,4.96354166666667,11.1
70,4.96354166666667,11.1
71,4.96354166666667,11.2
72,4.96354166666667,11.2
73,4.96354166666667,11.4
74,4.96354166666667,11.4
75,4.96354166666667,11.4
76,4.96354166666667,11.6
77,4.96354166666667,11.6
78,4.96354166666667,11.8
79,4.96354166666667,11.9
80,5.046875,9.5
81,5.046875,10.1
82,5.046875,10.2
83,5.046875,10.3
84,5.046875,10.3
85,5.046875,10.4
86,5.046875,10.4
87,5.046875,10.4
88,5.046875,10.5
89,5.046875,10.5
90,5.046875,10.5
91,5.046875,10.5
92,5.046875,10.5
93,5.046875,10.5
94,5.046875,10.5
95,5.046875,10.6
96,5.046875,10.6
97,5.046875,10.6
98,5.046875,10.6
99,5.046875,10.6
100,5.046875,10.7
101,5.046875,10.7
102,5.046875,10.7
103,5.046875,10.7
104,5.046875,10.7
105,5.046875,10.7
106,5.046875,10.7
107,5.046875,10.7
108,5.046875,10.7
109,5.046875,10.8
110,5.046875,10.8
111,5.046875,10.8
112,5.046875,10.8
113,5.046875,10.8
114,5.046875,10.8
115,5.046875,10.9
116,5.046875,10.9
117,5.046875,10.9
118,5.046875,10.9
119,5.046875,10.9
120,5.046875,10.9
121,5.046875,11.0
122,5.046875,11.0
123,5.046875,11.0
124,5.046875,11.0
125,5.046875,11.0
126,5.046875,11.0
127,5.046875,11.0
128,5.046875,11.0
129,5.046875,11.0
130,5.046875,11.0
131,5.046875,11.0
132,5.046875,11.0
133,5.046875,11.1
134,5.046875,11.1
135,5.046875,11.1
136,5.046875,11.1
137,5.046875,11.1
138,5.046875,11.1
139,5.046875,11.1
140,5.046875,11.1
141,5.046875,11.1
142,5.046875,11.1
143,5.046875,11.1
144,5.046875,11.1
145,5.046875,11.2
146,5.046875,11.2
147,5.046875,11.2
148,5.046875,11.2
149,5.046875,11.2
150,5.046875,11.2
151,5.046875,11.2
152,5.046875,11.3
153,5.046875,11.3
154,5.046875,11.3
155,5.046875,11.3
156,5.046875,11.3
157,5.046875,11.4
158,5.046875,11.4
159,5.046875,11.4
160,5.046875,11.4
161,5.046875,11.5
162,5.046875,11.5
163,5.046875,11.5
164,5.046875,11.5
165,5.046875,11.5
166,5.046875,11.6
167,5.046875,11.7
168,5.046875,11.7
169,5.046875,11.9
170,5.13020833333333,9.8
171,5.13020833333333,9.9
172,5.13020833333333,10.0
173,5.13020833333333,10.0
174,5.13020833333333,10.3
175,5.13020833333333,10.3
176,5.13020833333333,10.3
177,5.13020833333333,10.4
178,5.13020833333333,10.4
179,5.13020833333333,10.4
180,5.13020833333333,10.5
181,5.13020833333333,10.5
182,5.13020833333333,10.5
183,5.13020833333333,10.5
184,5.13020833333333,10.5
185,5.13020833333333,10.5
186,5.13020833333333,10.6
187,5.13020833333333,10.6
188,5.13020833333333,10.6
189,5.13020833333333,10.6
190,5.13020833333333,10.6
191,5.13020833333333,10.6
192,5.13020833333333,10.6
193,5.13020833333333,10.6
194,5.13020833333333,10.6
195,5.13020833333333,10.7
196,5.13020833333333,10.7
197,5.13020833333333,10.7
198,5.13020833333333,10.7
199,5.13020833333333,10.7
200,5.13020833333333,10.7
201,5.13020833333333,10.7
202,5.13020833333333,10.7
203,5.13020833333333,10.7
204,5.13020833333333,10.7
205,5.13020833333333,10.7
206,5.13020833333333,10.7
207,5.13020833333333,10.7
208,5.13020833333333,10.7
209,5.13020833333333,10.8
210,5.13020833333333,10.8
211,5.13020833333333,10.8
212,5.13020833333333,10.8
213,5.13020833333333,10.8
214,5.13020833333333,10.8
215,5.13020833333333,10.8
216,5.13020833333333,10.8
217,5.13020833333333,10.8
218,5.13020833333333,10.8
219,5.13020833333333,10.8
220,5.13020833333333,10.8
221,5.13020833333333,10.8
222,5.13020833333333,10.8
223,5.13020833333333,10.9
224,5.13020833333333,10.9
225,5.13020833333333,10.9
226,5.13020833333333,10.9
227,5.13020833333333,10.9
228,5.13020833333333,10.9
229,5.13020833333333,10.9
230,5.13020833333333,10.9
231,5.13020833333333,10.9
232,5.13020833333333,10.9
233,5.13020833333333,10.9
234,5.13020833333333,10.9
235,5.13020833333333,10.9
236,5.13020833333333,10.9
237,5.13020833333333,11.0
238,5.13020833333333,11.0
239,5.13020833333333,11.0
240,5.13020833333333,11.0
241,5.13020833333333,11.0
242,5.13020833333333,11.0
243,5.13020833333333,11.0
244,5.13020833333333,11.0
245,5.13020833333333,11.0
246,5.13020833333333,11.0
247,5.13020833333333,11.0
248,5.13020833333333,11.0
249,5.13020833333333,11.0
250,5.13020833333333,11.0
251,5.13020833333333,11.0
252,5.13020833333333,11.1
253,5.13020833333333,11.1
254,5.13020833333333,11.1
255,5.13020833333333,11.1
256,5.13020833333333,11.1
257,5.13020833333333,11.1
258,5.13020833333333,11.1
259,5.13020833333333,11.1
260,5.13020833333333,11.1
261,5.13020833333333,11.1
262,5.13020833333333,11.1
263,5.13020833333333,11.1
264,5.13020833333333,11.1
265,5.13020833333333,11.1
266,5.13020833333333,11.1
267,5.13020833333333,11.1
268,5.13020833333333,11.1
269,5.13020833333333,11.1
270,5.13020833333333,11.1
271,5.13020833333333,11.1
272,5.13020833333333,11.1
273,5.13020833333333,11.1
274,5.13020833333333,11.2
275,5.13020833333333,11.2
276,5.13020833333333,11.2
277,5.13020833333333,11.2
278,5.13020833333333,11.2
279,5.13020833333333,11.2
280,5.13020833333333,11.2
281,5.13020833333333,11.2
282,5.13020833333333,11.2
283,5.13020833333333,11.2
284,5.13020833333333,11.2
285,5.13020833333333,11.2
286,5.13020833333333,11.2
287,5.13020833333333,11.2
288,5.13020833333333,11.2
289,5.13020833333333,11.2
290,5.13020833333333,11.2
291,5.13020833333333,11.2
292,5.13020833333333,11.2
293,5.13020833333333,11.2
294,5.13020833333333,11.2
295,5.13020833333333,11.3
296,5.13020833333333,11.3
297,5.13020833333333,11.3
298,5.13020833333333,11.3
299,5.13020833333333,11.3
300,5.13020833333333,11.3
301,5.13020833333333,11.3
302,5.13020833333333,11.3
303,5.13020833333333,11.3
304,5.13020833333333,11.3
305,5.13020833333333,11.4
306,5.13020833333333,11.4
307,5.13020833333333,11.4
308,5.13020833333333,11.4
309,5.13020833333333,11.4
310,5.13020833333333,11.4
311,5.13020833333333,11.4
312,5.13020833333333,11.4
313,5.13020833333333,11.4
314,5.13020833333333,11.5
315,5.13020833333333,11.5
316,5.13020833333333,11.5
317,5.13020833333333,11.5
318,5.13020833333333,11.5
319,5.13020833333333,11.5
320,5.13020833333333,11.5
321,5.13020833333333,11.5
322,5.13020833333333,11.5
323,5.13020833333333,11.5
324,5.13020833333333,11.5
325,5.13020833333333,11.6
326,5.13020833333333,11.6
327,5.13020833333333,11.6
328,5.13020833333333,11.6
329,5.13020833333333,11.7
330,5.13020833333333,11.7
331,5.13020833333333,11.7
332,5.13020833333333,11.7
333,5.13020833333333,11.7
334,5.13020833333333,11.7
335,5.13020833333333,11.7
336,5.13020833333333,11.7
337,5.13020833333333,11.7
338,5.13020833333333,11.8
339,5.13020833333333,11.8
340,5.13020833333333,11.9
341,5.13020833333333,11.9
342,5.13020833333333,12.0
343,5.13020833333333,12.2
344,5.13020833333333,12.4
345,5.21354166666667,10.1
346,5.21354166666667,10.2
347,5.21354166666667,10.2
348,5.21354166666667,10.3
349,5.21354166666667,10.3
350,5.21354166666667,10.3
351,5.21354166666667,10.3
352,5.21354166666667,10.3
353,5.21354166666667,10.4
354,5.21354166666667,10.4
355,5.21354166666667,10.4
356,5.21354166666667,10.4
357,5.21354166666667,10.5
358,5.21354166666667,10.5
359,5.21354166666667,10.5
360,5.21354166666667,10.5
361,5.21354166666667,10.6
362,5.21354166666667,10.6
363,5.21354166666667,10.6
364,5.21354166666667,10.6
365,5.21354166666667,10.6
366,5.21354166666667,10.6
367,5.21354166666667,10.6
368,5.21354166666667,10.6
369,5.21354166666667,10.6
370,5.21354166666667,10.6
371,5.21354166666667,10.6
372,5.21354166666667,10.6
373,5.21354166666667,10.6
374,5.21354166666667,10.6
375,5.21354166666667,10.7
376,5.21354166666667,10.7
377,5.21354166666667,10.7
378,5.21354166666667,10.7
379,5.21354166666667,10.7
380,5.21354166666667,10.7
381,5.21354166666667,10.7
382,5.21354166666667,10.7
383,5.21354166666667,10.7
384,5.21354166666667,10.7
385,5.21354166666667,10.7
386,5.21354166666667,10.7
387,5.21354166666667,10.7
388,5.21354166666667,10.7
389,5.21354166666667,10.7
390,5.21354166666667,10.7
391,5.21354166666667,10.8
392,5.21354166666667,10.8
393,5.21354166666667,10.8
394,5.21354166666667,10.8
395,5.21354166666667,10.8
396,5.21354166666667,10.8
397,5.21354166666667,10.8
398,5.21354166666667,10.8
399,5.21354166666667,10.8
400,5.21354166666667,10.8
401,5.21354166666667,10.8
402,5.21354166666667,10.8
403,5.21354166666667,10.8
404,5.21354166666667,10.8
405,5.21354166666667,10.8
406,5.21354166666667,10.8
407,5.21354166666667,10.8
408,5.21354166666667,10.8
409,5.21354166666667,10.8
410,5.21354166666667,10.8
411,5.21354166666667,10.8
412,5.21354166666667,10.8
413,5.21354166666667,10.8
414,5.21354166666667,10.8
415,5.21354166666667,10.8
416,5.21354166666667,10.8
417,5.21354166666667,10.8
418,5.21354166666667,10.9
419,5.21354166666667,10.9
420,5.21354166666667,10.9
421,5.21354166666667,10.9
422,5.21354166666667,10.9
423,5.21354166666667,10.9
424,5.21354166666667,10.9
425,5.21354166666667,10.9
426,5.21354166666667,10.9
427,5.21354166666667,10.9
428,5.21354166666667,10.9
429,5.21354166666667,10.9
430,5.21354166666667,10.9
431,5.21354166666667,10.9
432,5.21354166666667,10.9
433,5.21354166666667,10.9
434,5.21354166666667,10.9
435,5.21354166666667,10.9
436,5.21354166666667,10.9
437,5.21354166666667,10.9
438,5.21354166666667,10.9
439,5.21354166666667,10.9
440,5.21354166666667,10.9
441,5.21354166666667,10.9
442,5.21354166666667,11.0
443,5.21354166666667,11.0
444,5.21354166666667,11.0
445,5.21354166666667,11.0
446,5.21354166666667,11.0
447,5.21354166666667,11.0
448,5.21354166666667,11.0
449,5.21354166666667,11.0
450,5.21354166666667,11.0
451,5.21354166666667,11.0
452,5.21354166666667,11.0
453,5.21354166666667,11.0
454,5.21354166666667,11.0
455,5.21354166666667,11.0
456,5.21354166666667,11.0
457,5.21354166666667,11.0
458,5.21354166666667,11.0
459,5.21354166666667,11.0
460,5.21354166666667,11.0
461,5.21354166666667,11.0
462,5.21354166666667,11.0
463,5.21354166666667,11.0
464,5.21354166666667,11.0
465,5.21354166666667,11.0
466,5.21354166666667,11.0
467,5.21354166666667,11.0
468,5.21354166666667,11.0
469,5.21354166666667,11.0
470,5.21354166666667,11.0
471,5.21354166666667,11.0
472,5.21354166666667,11.0
473,5.21354166666667,11.1
474,5.21354166666667,11.1
475,5.21354166666667,11.1
476,5.21354166666667,11.1
477,5.21354166666667,11.1
478,5.21354166666667,11.1
479,5.21354166666667,11.1
480,5.21354166666667,11.1
481,5.21354166666667,11.1
482,5.21354166666667,11.1
483,5.21354166666667,11.1
484,5.21354166666667,11.1
485,5.21354166666667,11.1
486,5.21354166666667,11.1
487,5.21354166666667,11.1
488,5.21354166666667,11.1
489,5.21354166666667,11.1
490,5.21354166666667,11.1
491,5.21354166666667,11.1
492,5.21354166666667,11.1
493,5.21354166666667,11.1
494,5.21354166666667,11.1
495,5.21354166666667,11.1
496,5.21354166666667,11.1
497,5.21354166666667,11.1
498,5.21354166666667,11.1
499,5.21354166666667,11.2
500,5.21354166666667,11.2
501,5.21354166666667,11.2
502,5.21354166666667,11.2
503,5.21354166666667,11.2
504,5.21354166666667,11.2
505,5.21354166666667,11.2
506,5.21354166666667,11.2
507,5.21354166666667,11.2
508,5.21354166666667,11.2
509,5.21354166666667,11.2
510,5.21354166666667,11.2
511,5.21354166666667,11.2
512,5.21354166666667,11.2
513,5.21354166666667,11.2
514,5.21354166666667,11.2
515,5.21354166666667,11.2
516,5.21354166666667,11.2
517,5.21354166666667,11.2
518,5.21354166666667,11.2
519,5.21354166666667,11.2
520,5.21354166666667,11.2
521,5.21354166666667,11.2
522,5.21354166666667,11.2
523,5.21354166666667,11.2
524,5.21354166666667,11.2
525,5.21354166666667,11.2
526,5.21354166666667,11.2
527,5.21354166666667,11.2
528,5.21354166666667,11.2
529,5.21354166666667,11.3
530,5.21354166666667,11.3
531,5.21354166666667,11.3
532,5.21354166666667,11.3
533,5.21354166666667,11.3
534,5.21354166666667,11.3
535,5.21354166666667,11.3
536,5.21354166666667,11.3
537,5.21354166666667,11.3
538,5.21354166666667,11.3
539,5.21354166666667,11.3
540,5.21354166666667,11.3
541,5.21354166666667,11.3
542,5.21354166666667,11.3
543,5.21354166666667,11.3
544,5.21354166666667,11.3
545,5.21354166666667,11.3
546,5.21354166666667,11.3
547,5.21354166666667,11.3
548,5.21354166666667,11.3
549,5.21354166666667,11.3
550,5.21354166666667,11.3
551,5.21354166666667,11.3
552,5.21354166666667,11.3
553,5.21354166666667,11.4
554,5.21354166666667,11.4
555,5.21354166666667,11.4
556,5.21354166666667,11.4
557,5.21354166666667,11.4
558,5.21354166666667,11.4
559,5.21354166666667,11.4
560,5.21354166666667,11.4
561,5.21354166666667,11.4
562,5.21354166666667,11.4
563,5.21354166666667,11.4
564,5.21354166666667,11.4
565,5.21354166666667,11.4
566,5.21354166666667,11.4
567,5.21354166666667,11.4
568,5.21354166666667,11.4
569,5.21354166666667,11.4
570,5.21354166666667,11.4
571,5.21354166666667,11.4
572,5.21354166666667,11.4
573,5.21354166666667,11.4
574,5.21354166666667,11.4
575,5.21354166666667,11.4
576,5.21354166666667,11.4
577,5.21354166666667,11.4
578,5.21354166666667,11.4
579,5.21354166666667,11.4
580,5.21354166666667,11.4
581,5.21354166666667,11.4
582,5.21354166666667,11.5
583,5.21354166666667,11.5
584,5.21354166666667,11.5
585,5.21354166666667,11.5
586,5.21354166666667,11.5
587,5.21354166666667,11.5
588,5.21354166666667,11.5
589,5.21354166666667,11.5
590,5.21354166666667,11.5
591,5.21354166666667,11.5
592,5.21354166666667,11.5
593,5.21354166666667,11.5
594,5.21354166666667,11.5
595,5.21354166666667,11.5
596,5.21354166666667,11.5
597,5.21354166666667,11.5
598,5.21354166666667,11.5
599,5.21354166666667,11.6
600,5.21354166666667,11.6
601,5.21354166666667,11.6
602,5.21354166666667,11.6
603,5.21354166666667,11.6
604,5.21354166666667,11.6
605,5.21354166666667,11.6
606,5.21354166666667,11.6
607,5.21354166666667,11.6
608,5.21354166666667,11.6
609,5.21354166666667,11.6
610,5.21354166666667,11.6
611,5.21354166666667,11.6
612,5.21354166666667,11.7
613,5.21354166666667,11.7
614,5.21354166666667,11.7
615,5.21354166666667,11.7
616,5.21354166666667,11.7
617,5.21354166666667,11.7
618,5.21354166666667,11.7
619,5.21354166666667,11.7
620,5.21354166666667,11.7
621,5.21354166666667,11.7
622,5.21354166666667,11.7
623,5.21354166666667,11.7
624,5.21354166666667,11.7
625,5.21354166666667,11.7
626,5.21354166666667,11.7
627,5.21354166666667,11.7
628,5.21354166666667,11.7
629,5.21354166666667,11.8
630,5.21354166666667,11.8
631,5.21354166666667,11.8
632,5.21354166666667,11.8
633,5.21354166666667,11.8
634,5.21354166666667,11.8
635,5.21354166666667,11.8
636,5.21354166666667,11.8
637,5.21354166666667,11.8
638,5.21354166666667,11.8
639,5.21354166666667,11.8
640,5.21354166666667,11.9
641,5.21354166666667,11.9
642,5.21354166666667,11.9
643,5.21354166666667,11.9
644,5.21354166666667,11.9
645,5.21354166666667,11.9
646,5.21354166666667,11.9
647,5.21354166666667,11.9
648,5.21354166666667,11.9
649,5.21354166666667,11.9
650,5.21354166666667,11.9
651,5.21354166666667,11.9
652,5.21354166666667,12.0
653,5.21354166666667,12.0
654,5.21354166666667,12.0
655,5.21354166666667,12.0
656,5.21354166666667,12.1
657,5.21354166666667,12.1
658,5.21354166666667,12.2
659,5.21354166666667,12.2
660,5.21354166666667,12.4
661,5.21354166666667,12.5
662,5.296875,10.1
663,5.296875,10.4
664,5.296875,10.4
665,5.296875,10.4
666,5.296875,10.5
667,5.296875,10.5
668,5.296875,10.5
669,5.296875,10.6
670,5.296875,10.6
671,5.296875,10.6
672,5.296875,10.6
673,5.296875,10.6
674,5.296875,10.6
675,5.296875,10.7
676,5.296875,10.7
677,5.296875,10.7
678,5.296875,10.7
679,5.296875,10.7
680,5.296875,10.7
681,5.296875,10.7
682,5.296875,10.7
683,5.296875,10.7
684,5.296875,10.7
685,5.296875,10.7
686,5.296875,10.7
687,5.296875,10.7
688,5.296875,10.7
689,5.296875,10.7
690,5.296875,10.8
691,5.296875,10.8
692,5.296875,10.8
693,5.296875,10.8
694,5.296875,10.8
695,5.296875,10.8
696,5.296875,10.8
697,5.296875,10.8
698,5.296875,10.8
699,5.296875,10.8
700,5.296875,10.9
701,5.296875,10.9
702,5.296875,10.9
703,5.296875,10.9
704,5.296875,10.9
705,5.296875,10.9
706,5.296875,10.9
707,5.296875,10.9
708,5.296875,10.9
709,5.296875,10.9
710,5.296875,10.9
711,5.296875,10.9
712,5.296875,10.9
713,5.296875,10.9
714,5.296875,10.9
715,5.296875,10.9
716,5.296875,10.9
717,5.296875,10.9
718,5.296875,10.9
719,5.296875,10.9
720,5.296875,10.9
721,5.296875,10.9
722,5.296875,10.9
723,5.296875,10.9
724,5.296875,10.9
725,5.296875,10.9
726,5.296875,10.9
727,5.296875,11.0
728,5.296875,11.0
729,5.296875,11.0
730,5.296875,11.0
731,5.296875,11.0
732,5.296875,11.0
733,5.296875,11.0
734,5.296875,11.0
735,5.296875,11.0
736,5.296875,11.0
737,5.296875,11.0
738,5.296875,11.0
739,5.296875,11.0
740,5.296875,11.0
741,5.296875,11.0
742,5.296875,11.0
743,5.296875,11.0
744,5.296875,11.0
745,5.296875,11.0
746,5.296875,11.0
747,5.296875,11.0
748,5.296875,11.0
749,5.296875,11.0
750,5.296875,11.0
751,5.296875,11.0
752,5.296875,11.0
753,5.296875,11.0
754,5.296875,11.0
755,5.296875,11.0
756,5.296875,11.0
757,5.296875,11.0
758,5.296875,11.0
759,5.296875,11.0
760,5.296875,11.0
761,5.296875,11.0
762,5.296875,11.0
763,5.296875,11.0
764,5.296875,11.1
765,5.296875,11.1
766,5.296875,11.1
767,5.296875,11.1
768,5.296875,11.1
769,5.296875,11.1
770,5.296875,11.1
771,5.296875,11.1
772,5.296875,11.1
773,5.296875,11.1
774,5.296875,11.1
775,5.296875,11.1
776,5.296875,11.1
777,5.296875,11.1
778,5.296875,11.1
779,5.296875,11.1
780,5.296875,11.1
781,5.296875,11.1
782,5.296875,11.1
783,5.296875,11.1
784,5.296875,11.1
785,5.296875,11.1
786,5.296875,11.1
787,5.296875,11.1
788,5.296875,11.2
789,5.296875,11.2
790,5.296875,11.2
791,5.296875,11.2
792,5.296875,11.2
793,5.296875,11.2
794,5.296875,11.2
795,5.296875,11.2
796,5.296875,11.2
797,5.296875,11.2
798,5.296875,11.2
799,5.296875,11.2
800,5.296875,11.2
801,5.296875,11.2
802,5.296875,11.2
803,5.296875,11.2
804,5.296875,11.2
805,5.296875,11.2
806,5.296875,11.2
807,5.296875,11.2
808,5.296875,11.2
809,5.296875,11.2
810,5.296875,11.2
811,5.296875,11.2
812,5.296875,11.2
813,5.296875,11.2
814,5.296875,11.2
815,5.296875,11.2
816,5.296875,11.2
817,5.296875,11.2
818,5.296875,11.2
819,5.296875,11.2
820,5.296875,11.2
821,5.296875,11.2
822,5.296875,11.2
823,5.296875,11.2
824,5.296875,11.2
825,5.296875,11.2
826,5.296875,11.3
827,5.296875,11.3
828,5.296875,11.3
829,5.296875,11.3
830,5.296875,11.3
831,5.296875,11.3
832,5.296875,11.3
833,5.296875,11.3
834,5.296875,11.3
835,5.296875,11.3
836,5.296875,11.3
837,5.296875,11.3
838,5.296875,11.3
839,5.296875,11.3
840,5.296875,11.3
841,5.296875,11.3
842,5.296875,11.3
843,5.296875,11.3
844,5.296875,11.3
845,5.296875,11.3
846,5.296875,11.3
847,5.296875,11.3
848,5.296875,11.3
849,5.296875,11.3
850,5.296875,11.3
851,5.296875,11.3
852,5.296875,11.4
853,5.296875,11.4
854,5.296875,11.4
855,5.296875,11.4
856,5.296875,11.4
857,5.296875,11.4
858,5.296875,11.4
859,5.296875,11.4
860,5.296875,11.4
861,5.296875,11.4
862,5.296875,11.4
863,5.296875,11.4
864,5.296875,11.4
865,5.296875,11.4
866,5.296875,11.4
867,5.296875,11.4
868,5.296875,11.4
869,5.296875,11.4
870,5.296875,11.4
871,5.296875,11.4
872,5.296875,11.4
873,5.296875,11.4
874,5.296875,11.4
875,5.296875,11.4
876,5.296875,11.4
877,5.296875,11.4
878,5.296875,11.4
879,5.296875,11.4
880,5.296875,11.4
881,5.296875,11.4
882,5.296875,11.4
883,5.296875,11.4
884,5.296875,11.4
885,5.296875,11.4
886,5.296875,11.4
887,5.296875,11.4
888,5.296875,11.4
889,5.296875,11.4
890,5.296875,11.4
891,5.296875,11.4
892,5.296875,11.4
893,5.296875,11.4
894,5.296875,11.4
895,5.296875,11.4
896,5.296875,11.4
897,5.296875,11.4
898,5.296875,11.4
899,5.296875,11.4
900,5.296875,11.4
901,5.296875,11.4
902,5.296875,11.4
903,5.296875,11.4
904,5.296875,11.4
905,5.296875,11.4
906,5.296875,11.4
907,5.296875,11.4
908,5.296875,11.5
909,5.296875,11.5
910,5.296875,11.5
911,5.296875,11.5
912,5.296875,11.5
913,5.296875,11.5
914,5.296875,11.5
915,5.296875,11.5
916,5.296875,11.5
917,5.296875,11.5
918,5.296875,11.5
919,5.296875,11.5
920,5.296875,11.5
921,5.296875,11.5
922,5.296875,11.5
923,5.296875,11.5
924,5.296875,11.5
925,5.296875,11.5
926,5.296875,11.5
927,5.296875,11.5
928,5.296875,11.5
929,5.296875,11.5
930,5.296875,11.5
931,5.296875,11.5
932,5.296875,11.5
933,5.296875,11.5
934,5.296875,11.5
935,5.296875,11.5
936,5.296875,11.5
937,5.296875,11.5
938,5.296875,11.5
939,5.296875,11.5
940,5.296875,11.5
941,5.296875,11.6
942,5.296875,11.6
943,5.296875,11.6
944,5.296875,11.6
945,5.296875,11.6
946,5.296875,11.6
947,5.296875,11.6
948,5.296875,11.6
949,5.296875,11.6
950,5.296875,11.6
951,5.296875,11.6
952,5.296875,11.6
953,5.296875,11.6
954,5.296875,11.6
955,5.296875,11.6
956,5.296875,11.6
957,5.296875,11.6
958,5.296875,11.6
959,5.296875,11.6
960,5.296875,11.6
961,5.296875,11.6
962,5.296875,11.6
963,5.296875,11.6
964,5.296875,11.6
965,5.296875,11.6
966,5.296875,11.6
967,5.296875,11.6
968,5.296875,11.6
969,5.296875,11.6
970,5.296875,11.6
971,5.296875,11.6
972,5.296875,11.6
973,5.296875,11.6
974,5.296875,11.6
975,5.296875,11.6
976,5.296875,11.6
977,5.296875,11.6
978,5.296875,11.7
979,5.296875,11.7
980,5.296875,11.7
981,5.296875,11.7
982,5.296875,11.7
983,5.296875,11.7
984,5.296875,11.7
985,5.296875,11.7
986,5.296875,11.7
987,5.296875,11.7
988,5.296875,11.7
989,5.296875,11.7
990,5.296875,11.7
991,5.296875,11.7
992,5.296875,11.7
993,5.296875,11.7
994,5.296875,11.7
995,5.296875,11.7
996,5.296875,11.7
997,5.296875,11.7
998,5.296875,11.7
999,5.296875,11.7
1000,5.296875,11.7
1001,5.296875,11.7
1002,5.296875,11.7
1003,5.296875,11.7
1004,5.296875,11.7
1005,5.296875,11.7
1006,5.296875,11.7
1007,5.296875,11.7
1008,5.296875,11.8
1009,5.296875,11.8
1010,5.296875,11.8
1011,5.296875,11.8
1012,5.296875,11.8
1013,5.296875,11.8
1014,5.296875,11.8
1015,5.296875,11.8
1016,5.296875,11.8
1017,5.296875,11.8
1018,5.296875,11.8
1019,5.296875,11.8
1020,5.296875,11.8
1021,5.296875,11.8
1022,5.296875,11.8
1023,5.296875,11.9
1024,5.296875,11.9
1025,5.296875,11.9
1026,5.296875,11.9
1027,5.296875,11.9
1028,5.296875,11.9
1029,5.296875,11.9
1030,5.296875,11.9
1031,5.296875,11.9
1032,5.296875,11.9
1033,5.296875,12.0
1034,5.296875,12.0
1035,5.296875,12.0
1036,5.296875,12.0
1037,5.296875,12.0
1038,5.296875,12.0
1039,5.296875,12.0
1040,5.296875,12.0
1041,5.296875,12.1
1042,5.296875,12.1
1043,5.296875,12.1
1044,5.296875,12.1
1045,5.296875,12.2
1046,5.296875,12.2
1047,5.296875,12.2
1048,5.296875,12.2
1049,5.296875,12.2
1050,5.296875,12.3
1051,5.296875,12.3
1052,5.296875,12.3
1053,5.296875,12.3
1054,5.296875,12.4
1055,5.38020833333333,10.0
1056,5.38020833333333,10.2
1057,5.38020833333333,10.4
1058,5.38020833333333,10.4
1059,5.38020833333333,10.4
1060,5.38020833333333,10.5
1061,5.38020833333333,10.6
1062,5.38020833333333,10.6
1063,5.38020833333333,10.6
1064,5.38020833333333,10.7
1065,5.38020833333333,10.7
1066,5.38020833333333,10.7
1067,5.38020833333333,10.7
1068,5.38020833333333,10.7
1069,5.38020833333333,10.7
1070,5.38020833333333,10.7
1071,5.38020833333333,10.8
1072,5.38020833333333,10.8
1073,5.38020833333333,10.8
1074,5.38020833333333,10.8
1075,5.38020833333333,10.8
1076,5.38020833333333,10.8
1077,5.38020833333333,10.8
1078,5.38020833333333,10.9
1079,5.38020833333333,10.9
1080,5.38020833333333,10.9
1081,5.38020833333333,10.9
1082,5.38020833333333,10.9
1083,5.38020833333333,10.9
1084,5.38020833333333,10.9
1085,5.38020833333333,10.9
1086,5.38020833333333,10.9
1087,5.38020833333333,10.9
1088,5.38020833333333,10.9
1089,5.38020833333333,10.9
1090,5.38020833333333,10.9
1091,5.38020833333333,10.9
1092,5.38020833333333,11.0
1093,5.38020833333333,11.0
1094,5.38020833333333,11.0
1095,5.38020833333333,11.0
1096,5.38020833333333,11.0
1097,5.38020833333333,11.0
1098,5.38020833333333,11.0
1099,5.38020833333333,11.0
1100,5.38020833333333,11.0
1101,5.38020833333333,11.0
1102,5.38020833333333,11.0
1103,5.38020833333333,11.0
1104,5.38020833333333,11.0
1105,5.38020833333333,11.0
1106,5.38020833333333,11.0
1107,5.38020833333333,11.0
1108,5.38020833333333,11.0
1109,5.38020833333333,11.0
1110,5.38020833333333,11.0
1111,5.38020833333333,11.0
1112,5.38020833333333,11.0
1113,5.38020833333333,11.0
1114,5.38020833333333,11.0
1115,5.38020833333333,11.0
1116,5.38020833333333,11.0
1117,5.38020833333333,11.0
1118,5.38020833333333,11.0
1119,5.38020833333333,11.1
1120,5.38020833333333,11.1
1121,5.38020833333333,11.1
1122,5.38020833333333,11.1
1123,5.38020833333333,11.1
1124,5.38020833333333,11.1
1125,5.38020833333333,11.1
1126,5.38020833333333,11.1
1127,5.38020833333333,11.1
1128,5.38020833333333,11.1
1129,5.38020833333333,11.1
1130,5.38020833333333,11.1
1131,5.38020833333333,11.1
1132,5.38020833333333,11.1
1133,5.38020833333333,11.1
1134,5.38020833333333,11.1
1135,5.38020833333333,11.1
1136,5.38020833333333,11.1
1137,5.38020833333333,11.1
1138,5.38020833333333,11.1
1139,5.38020833333333,11.1
1140,5.38020833333333,11.1
1141,5.38020833333333,11.1
1142,5.38020833333333,11.1
1143,5.38020833333333,11.1
1144,5.38020833333333,11.1
1145,5.38020833333333,11.2
1146,5.38020833333333,11.2
1147,5.38020833333333,11.2
1148,5.38020833333333,11.2
1149,5.38020833333333,11.2
1150,5.38020833333333,11.2
1151,5.38020833333333,11.2
1152,5.38020833333333,11.2
1153,5.38020833333333,11.2
1154,5.38020833333333,11.2
1155,5.38020833333333,11.2
1156,5.38020833333333,11.2
1157,5.38020833333333,11.2
1158,5.38020833333333,11.2
1159,5.38020833333333,11.2
1160,5.38020833333333,11.2
1161,5.38020833333333,11.2
1162,5.38020833333333,11.2
1163,5.38020833333333,11.2
1164,5.38020833333333,11.2
1165,5.38020833333333,11.2
1166,5.38020833333333,11.2
1167,5.38020833333333,11.2
1168,5.38020833333333,11.2
1169,5.38020833333333,11.2
1170,5.38020833333333,11.2
1171,5.38020833333333,11.2
1172,5.38020833333333,11.2
1173,5.38020833333333,11.2
1174,5.38020833333333,11.3
1175,5.38020833333333,11.3
1176,5.38020833333333,11.3
1177,5.38020833333333,11.3
1178,5.38020833333333,11.3
1179,5.38020833333333,11.3
1180,5.38020833333333,11.3
1181,5.38020833333333,11.3
1182,5.38020833333333,11.3
1183,5.38020833333333,11.3
1184,5.38020833333333,11.3
1185,5.38020833333333,11.3
1186,5.38020833333333,11.3
1187,5.38020833333333,11.3
1188,5.38020833333333,11.3
1189,5.38020833333333,11.3
1190,5.38020833333333,11.3
1191,5.38020833333333,11.3
1192,5.38020833333333,11.3
1193,5.38020833333333,11.3
1194,5.38020833333333,11.3
1195,5.38020833333333,11.3
1196,5.38020833333333,11.3
1197,5.38020833333333,11.3
1198,5.38020833333333,11.3
1199,5.38020833333333,11.3
1200,5.38020833333333,11.3
1201,5.38020833333333,11.3
1202,5.38020833333333,11.3
1203,5.38020833333333,11.3
1204,5.38020833333333,11.3
1205,5.38020833333333,11.3
1206,5.38020833333333,11.3
1207,5.38020833333333,11.3
1208,5.38020833333333,11.3
1209,5.38020833333333,11.3
1210,5.38020833333333,11.3
1211,5.38020833333333,11.3
1212,5.38020833333333,11.3
1213,5.38020833333333,11.4
1214,5.38020833333333,11.4
1215,5.38020833333333,11.4
1216,5.38020833333333,11.4
1217,5.38020833333333,11.4
1218,5.38020833333333,11.4
1219,5.38020833333333,11.4
1220,5.38020833333333,11.4
1221,5.38020833333333,11.4
1222,5.38020833333333,11.4
1223,5.38020833333333,11.4
1224,5.38020833333333,11.4
1225,5.38020833333333,11.4
1226,5.38020833333333,11.4
1227,5.38020833333333,11.4
1228,5.38020833333333,11.4
1229,5.38020833333333,11.4
1230,5.38020833333333,11.4
1231,5.38020833333333,11.4
1232,5.38020833333333,11.4
1233,5.38020833333333,11.4
1234,5.38020833333333,11.4
1235,5.38020833333333,11.4
1236,5.38020833333333,11.4
1237,5.38020833333333,11.4
1238,5.38020833333333,11.4
1239,5.38020833333333,11.4
1240,5.38020833333333,11.4
1241,5.38020833333333,11.4
1242,5.38020833333333,11.4
1243,5.38020833333333,11.4
1244,5.38020833333333,11.4
1245,5.38020833333333,11.4
1246,5.38020833333333,11.4
1247,5.38020833333333,11.4
1248,5.38020833333333,11.4
1249,5.38020833333333,11.4
1250,5.38020833333333,11.4
1251,5.38020833333333,11.4
1252,5.38020833333333,11.4
1253,5.38020833333333,11.4
1254,5.38020833333333,11.4
1255,5.38020833333333,11.4
1256,5.38020833333333,11.4
1257,5.38020833333333,11.4
1258,5.38020833333333,11.4
1259,5.38020833333333,11.4
1260,5.38020833333333,11.4
1261,5.38020833333333,11.4
1262,5.38020833333333,11.4
1263,5.38020833333333,11.4
1264,5.38020833333333,11.4
1265,5.38020833333333,11.4
1266,5.38020833333333,11.4
1267,5.38020833333333,11.4
1268,5.38020833333333,11.4
1269,5.38020833333333,11.4
1270,5.38020833333333,11.4
1271,5.38020833333333,11.5
1272,5.38020833333333,11.5
1273,5.38020833333333,11.5
1274,5.38020833333333,11.5
1275,5.38020833333333,11.5
1276,5.38020833333333,11.5
1277,5.38020833333333,11.5
1278,5.38020833333333,11.5
1279,5.38020833333333,11.5
1280,5.38020833333333,11.5
1281,5.38020833333333,11.5
1282,5.38020833333333,11.5
1283,5.38020833333333,11.5
1284,5.38020833333333,11.5
1285,5.38020833333333,11.5
1286,5.38020833333333,11.5
1287,5.38020833333333,11.5
1288,5.38020833333333,11.5
1289,5.38020833333333,11.5
1290,5.38020833333333,11.5
1291,5.38020833333333,11.5
1292,5.38020833333333,11.5
1293,5.38020833333333,11.5
1294,5.38020833333333,11.5
1295,5.38020833333333,11.5
1296,5.38020833333333,11.5
1297,5.38020833333333,11.5
1298,5.38020833333333,11.5
1299,5.38020833333333,11.5
1300,5.38020833333333,11.5
1301,5.38020833333333,11.5
1302,5.38020833333333,11.5
1303,5.38020833333333,11.5
1304,5.38020833333333,11.5
1305,5.38020833333333,11.5
1306,5.38020833333333,11.5
1307,5.38020833333333,11.5
1308,5.38020833333333,11.5
1309,5.38020833333333,11.5
1310,5.38020833333333,11.5
1311,5.38020833333333,11.5
1312,5.38020833333333,11.5
1313,5.38020833333333,11.5
1314,5.38020833333333,11.5
1315,5.38020833333333,11.5
1316,5.38020833333333,11.5
1317,5.38020833333333,11.5
1318,5.38020833333333,11.5
1319,5.38020833333333,11.5
1320,5.38020833333333,11.5
1321,5.38020833333333,11.5
1322,5.38020833333333,11.5
1323,5.38020833333333,11.5
1324,5.38020833333333,11.5
1325,5.38020833333333,11.5
1326,5.38020833333333,11.5
1327,5.38020833333333,11.5
1328,5.38020833333333,11.6
1329,5.38020833333333,11.6
1330,5.38020833333333,11.6
1331,5.38020833333333,11.6
1332,5.38020833333333,11.6
1333,5.38020833333333,11.6
1334,5.38020833333333,11.6
1335,5.38020833333333,11.6
1336,5.38020833333333,11.6
1337,5.38020833333333,11.6
1338,5.38020833333333,11.6
1339,5.38020833333333,11.6
1340,5.38020833333333,11.6
1341,5.38020833333333,11.6
1342,5.38020833333333,11.6
1343,5.38020833333333,11.6
1344,5.38020833333333,11.6
1345,5.38020833333333,11.6
1346,5.38020833333333,11.6
1347,5.38020833333333,11.6
1348,5.38020833333333,11.6
1349,5.38020833333333,11.6
1350,5.38020833333333,11.6
1351,5.38020833333333,11.6
1352,5.38020833333333,11.6
1353,5.38020833333333,11.6
1354,5.38020833333333,11.6
1355,5.38020833333333,11.6
1356,5.38020833333333,11.6
1357,5.38020833333333,11.6
1358,5.38020833333333,11.6
1359,5.38020833333333,11.6
1360,5.38020833333333,11.6
1361,5.38020833333333,11.6
1362,5.38020833333333,11.6
1363,5.38020833333333,11.6
1364,5.38020833333333,11.6
1365,5.38020833333333,11.6
1366,5.38020833333333,11.6
1367,5.38020833333333,11.7
1368,5.38020833333333,11.7
1369,5.38020833333333,11.7
1370,5.38020833333333,11.7
1371,5.38020833333333,11.7
1372,5.38020833333333,11.7
1373,5.38020833333333,11.7
1374,5.38020833333333,11.7
1375,5.38020833333333,11.7
1376,5.38020833333333,11.7
1377,5.38020833333333,11.7
1378,5.38020833333333,11.7
1379,5.38020833333333,11.7
1380,5.38020833333333,11.7
1381,5.38020833333333,11.7
1382,5.38020833333333,11.7
1383,5.38020833333333,11.7
1384,5.38020833333333,11.7
1385,5.38020833333333,11.7
1386,5.38020833333333,11.7
1387,5.38020833333333,11.7
1388,5.38020833333333,11.7
1389,5.38020833333333,11.7
1390,5.38020833333333,11.7
1391,5.38020833333333,11.7
1392,5.38020833333333,11.7
1393,5.38020833333333,11.7
1394,5.38020833333333,11.7
1395,5.38020833333333,11.7
1396,5.38020833333333,11.7
1397,5.38020833333333,11.7
1398,5.38020833333333,11.7
1399,5.38020833333333,11.7
1400,5.38020833333333,11.7
1401,5.38020833333333,11.7
1402,5.38020833333333,11.7
1403,5.38020833333333,11.7
1404,5.38020833333333,11.8
1405,5.38020833333333,11.8
1406,5.38020833333333,11.8
1407,5.38020833333333,11.8
1408,5.38020833333333,11.8
1409,5.38020833333333,11.8
1410,5.38020833333333,11.8
1411,5.38020833333333,11.8
1412,5.38020833333333,11.8
1413,5.38020833333333,11.8
1414,5.38020833333333,11.8
1415,5.38020833333333,11.8
1416,5.38020833333333,11.8
1417,5.38020833333333,11.8
1418,5.38020833333333,11.8
1419,5.38020833333333,11.8
1420,5.38020833333333,11.8
1421,5.38020833333333,11.8
1422,5.38020833333333,11.8
1423,5.38020833333333,11.8
1424,5.38020833333333,11.8
1425,5.38020833333333,11.8
1426,5.38020833333333,11.8
1427,5.38020833333333,11.8
1428,5.38020833333333,11.8
1429,5.38020833333333,11.8
1430,5.38020833333333,11.8
1431,5.38020833333333,11.8
1432,5.38020833333333,11.8
1433,5.38020833333333,11.8
1434,5.38020833333333,11.8
1435,5.38020833333333,11.8
1436,5.38020833333333,11.8
1437,5.38020833333333,11.8
1438,5.38020833333333,11.8
1439,5.38020833333333,11.9
1440,5.38020833333333,11.9
1441,5.38020833333333,11.9
1442,5.38020833333333,11.9
1443,5.38020833333333,11.9
1444,5.38020833333333,11.9
1445,5.38020833333333,11.9
1446,5.38020833333333,11.9
1447,5.38020833333333,11.9
1448,5.38020833333333,11.9
1449,5.38020833333333,11.9
1450,5.38020833333333,11.9
1451,5.38020833333333,11.9
1452,5.38020833333333,11.9
1453,5.38020833333333,11.9
1454,5.38020833333333,11.9
1455,5.38020833333333,11.9
1456,5.38020833333333,11.9
1457,5.38020833333333,11.9
1458,5.38020833333333,11.9
1459,5.38020833333333,11.9
1460,5.38020833333333,11.9
1461,5.38020833333333,11.9
1462,5.38020833333333,11.9
1463,5.38020833333333,11.9
1464,5.38020833333333,11.9
1465,5.38020833333333,11.9
1466,5.38020833333333,12.0
1467,5.38020833333333,12.0
1468,5.38020833333333,12.0
1469,5.38020833333333,12.0
1470,5.38020833333333,12.0
1471,5.38020833333333,12.0
1472,5.38020833333333,12.0
1473,5.38020833333333,12.0
1474,5.38020833333333,12.0
1475,5.38020833333333,12.0
1476,5.38020833333333,12.0
1477,5.38020833333333,12.0
1478,5.38020833333333,12.0
1479,5.38020833333333,12.0
1480,5.38020833333333,12.0
1481,5.38020833333333,12.0
1482,5.38020833333333,12.0
1483,5.38020833333333,12.0
1484,5.38020833333333,12.0
1485,5.38020833333333,12.1
1486,5.38020833333333,12.1
1487,5.38020833333333,12.1
1488,5.38020833333333,12.1
1489,5.38020833333333,12.1
1490,5.38020833333333,12.1
1491,5.38020833333333,12.1
1492,5.38020833333333,12.1
1493,5.38020833333333,12.1
1494,5.38020833333333,12.1
1495,5.38020833333333,12.1
1496,5.38020833333333,12.1
1497,5.38020833333333,12.1
1498,5.38020833333333,12.2
1499,5.38020833333333,12.2
1500,5.38020833333333,12.2
1501,5.38020833333333,12.2
1502,5.38020833333333,12.2
1503,5.38020833333333,12.2
1504,5.38020833333333,12.3
1505,5.38020833333333,12.3
1506,5.38020833333333,12.3
1507,5.38020833333333,12.3
1508,5.38020833333333,12.3
1509,5.38020833333333,12.3
1510,5.38020833333333,12.3
1511,5.38020833333333,12.3
1512,5.38020833333333,12.4
1513,5.38020833333333,12.4
1514,5.38020833333333,12.5
1515,5.38020833333333,12.6
1516,5.38020833333333,12.7
1517,5.46354166666667,10.5
1518,5.46354166666667,10.5
1519,5.46354166666667,10.5
1520,5.46354166666667,10.6
1521,5.46354166666667,10.7
1522,5.46354166666667,10.7
1523,5.46354166666667,10.7
1524,5.46354166666667,10.8
1525,5.46354166666667,10.9
1526,5.46354166666667,10.9
1527,5.46354166666667,10.9
1528,5.46354166666667,10.9
1529,5.46354166666667,10.9
1530,5.46354166666667,10.9
1531,5.46354166666667,10.9
1532,5.46354166666667,10.9
1533,5.46354166666667,10.9
1534,5.46354166666667,10.9
1535,5.46354166666667,11.0
1536,5.46354166666667,11.0
1537,5.46354166666667,11.0
1538,5.46354166666667,11.0
1539,5.46354166666667,11.0
1540,5.46354166666667,11.0
1541,5.46354166666667,11.0
1542,5.46354166666667,11.0
1543,5.46354166666667,11.0
1544,5.46354166666667,11.0
1545,5.46354166666667,11.0
1546,5.46354166666667,11.0
1547,5.46354166666667,11.0
1548,5.46354166666667,11.0
1549,5.46354166666667,11.0
1550,5.46354166666667,11.0
1551,5.46354166666667,11.0
1552,5.46354166666667,11.1
1553,5.46354166666667,11.1
1554,5.46354166666667,11.1
1555,5.46354166666667,11.1
1556,5.46354166666667,11.1
1557,5.46354166666667,11.1
1558,5.46354166666667,11.1
1559,5.46354166666667,11.1
1560,5.46354166666667,11.1
1561,5.46354166666667,11.1
1562,5.46354166666667,11.1
1563,5.46354166666667,11.1
1564,5.46354166666667,11.1
1565,5.46354166666667,11.1
1566,5.46354166666667,11.1
1567,5.46354166666667,11.1
1568,5.46354166666667,11.1
1569,5.46354166666667,11.1
1570,5.46354166666667,11.1
1571,5.46354166666667,11.1
1572,5.46354166666667,11.1
1573,5.46354166666667,11.1
1574,5.46354166666667,11.1
1575,5.46354166666667,11.1
1576,5.46354166666667,11.2
1577,5.46354166666667,11.2
1578,5.46354166666667,11.2
1579,5.46354166666667,11.2
1580,5.46354166666667,11.2
1581,5.46354166666667,11.2
1582,5.46354166666667,11.2
1583,5.46354166666667,11.2
1584,5.46354166666667,11.2
1585,5.46354166666667,11.2
1586,5.46354166666667,11.2
1587,5.46354166666667,11.2
1588,5.46354166666667,11.2
1589,5.46354166666667,11.2
1590,5.46354166666667,11.2
1591,5.46354166666667,11.2
1592,5.46354166666667,11.2
1593,5.46354166666667,11.2
1594,5.46354166666667,11.2
1595,5.46354166666667,11.2
1596,5.46354166666667,11.2
1597,5.46354166666667,11.2
1598,5.46354166666667,11.2
1599,5.46354166666667,11.2
1600,5.46354166666667,11.2
1601,5.46354166666667,11.2
1602,5.46354166666667,11.2
1603,5.46354166666667,11.3
1604,5.46354166666667,11.3
1605,5.46354166666667,11.3
1606,5.46354166666667,11.3
1607,5.46354166666667,11.3
1608,5.46354166666667,11.3
1609,5.46354166666667,11.3
1610,5.46354166666667,11.3
1611,5.46354166666667,11.3
1612,5.46354166666667,11.3
1613,5.46354166666667,11.3
1614,5.46354166666667,11.3
1615,5.46354166666667,11.3
1616,5.46354166666667,11.3
1617,5.46354166666667,11.3
1618,5.46354166666667,11.3
1619,5.46354166666667,11.3
1620,5.46354166666667,11.3
1621,5.46354166666667,11.3
1622,5.46354166666667,11.3
1623,5.46354166666667,11.3
1624,5.46354166666667,11.3
1625,5.46354166666667,11.3
1626,5.46354166666667,11.3
1627,5.46354166666667,11.3
1628,5.46354166666667,11.3
1629,5.46354166666667,11.4
1630,5.46354166666667,11.4
1631,5.46354166666667,11.4
1632,5.46354166666667,11.4
1633,5.46354166666667,11.4
1634,5.46354166666667,11.4
1635,5.46354166666667,11.4
1636,5.46354166666667,11.4
1637,5.46354166666667,11.4
1638,5.46354166666667,11.4
1639,5.46354166666667,11.4
1640,5.46354166666667,11.4
1641,5.46354166666667,11.4
1642,5.46354166666667,11.4
1643,5.46354166666667,11.4
1644,5.46354166666667,11.4
1645,5.46354166666667,11.4
1646,5.46354166666667,11.4
1647,5.46354166666667,11.4
1648,5.46354166666667,11.4
1649,5.46354166666667,11.4
1650,5.46354166666667,11.4
1651,5.46354166666667,11.4
1652,5.46354166666667,11.4
1653,5.46354166666667,11.4
1654,5.46354166666667,11.4
1655,5.46354166666667,11.5
1656,5.46354166666667,11.5
1657,5.46354166666667,11.5
1658,5.46354166666667,11.5
1659,5.46354166666667,11.5
1660,5.46354166666667,11.5
1661,5.46354166666667,11.5
1662,5.46354166666667,11.5
1663,5.46354166666667,11.5
1664,5.46354166666667,11.5
1665,5.46354166666667,11.5
1666,5.46354166666667,11.5
1667,5.46354166666667,11.5
1668,5.46354166666667,11.5
1669,5.46354166666667,11.5
1670,5.46354166666667,11.5
1671,5.46354166666667,11.5
1672,5.46354166666667,11.5
1673,5.46354166666667,11.5
1674,5.46354166666667,11.5
1675,5.46354166666667,11.5
1676,5.46354166666667,11.5
1677,5.46354166666667,11.5
1678,5.46354166666667,11.5
1679,5.46354166666667,11.5
1680,5.46354166666667,11.5
1681,5.46354166666667,11.5
1682,5.46354166666667,11.5
1683,5.46354166666667,11.5
1684,5.46354166666667,11.5
1685,5.46354166666667,11.5
1686,5.46354166666667,11.5
1687,5.46354166666667,11.5
1688,5.46354166666667,11.5
1689,5.46354166666667,11.5
1690,5.46354166666667,11.5
1691,5.46354166666667,11.5
1692,5.46354166666667,11.5
1693,5.46354166666667,11.6
1694,5.46354166666667,11.6
1695,5.46354166666667,11.6
1696,5.46354166666667,11.6
1697,5.46354166666667,11.6
1698,5.46354166666667,11.6
1699,5.46354166666667,11.6
1700,5.46354166666667,11.6
1701,5.46354166666667,11.6
1702,5.46354166666667,11.6
1703,5.46354166666667,11.6
1704,5.46354166666667,11.6
1705,5.46354166666667,11.6
1706,5.46354166666667,11.6
1707,5.46354166666667,11.6
1708,5.46354166666667,11.6
1709,5.46354166666667,11.6
1710,5.46354166666667,11.6
1711,5.46354166666667,11.6
1712,5.46354166666667,11.6
1713,5.46354166666667,11.6
1714,5.46354166666667,11.6
1715,5.46354166666667,11.6
1716,5.46354166666667,11.6
1717,5.46354166666667,11.6
1718,5.46354166666667,11.6
1719,5.46354166666667,11.6
1720,5.46354166666667,11.6
1721,5.46354166666667,11.6
1722,5.46354166666667,11.6
1723,5.46354166666667,11.6
1724,5.46354166666667,11.6
1725,5.46354166666667,11.6
1726,5.46354166666667,11.6
1727,5.46354166666667,11.6
1728,5.46354166666667,11.6
1729,5.46354166666667,11.6
1730,5.46354166666667,11.6
1731,5.46354166666667,11.6
1732,5.46354166666667,11.6
1733,5.46354166666667,11.6
1734,5.46354166666667,11.6
1735,5.46354166666667,11.6
1736,5.46354166666667,11.6
1737,5.46354166666667,11.6
1738,5.46354166666667,11.6
1739,5.46354166666667,11.6
1740,5.46354166666667,11.6
1741,5.46354166666667,11.7
1742,5.46354166666667,11.7
1743,5.46354166666667,11.7
1744,5.46354166666667,11.7
1745,5.46354166666667,11.7
1746,5.46354166666667,11.7
1747,5.46354166666667,11.7
1748,5.46354166666667,11.7
1749,5.46354166666667,11.7
1750,5.46354166666667,11.7
1751,5.46354166666667,11.7
1752,5.46354166666667,11.7
1753,5.46354166666667,11.7
1754,5.46354166666667,11.7
1755,5.46354166666667,11.7
1756,5.46354166666667,11.7
1757,5.46354166666667,11.7
1758,5.46354166666667,11.7
1759,5.46354166666667,11.7
1760,5.46354166666667,11.7
1761,5.46354166666667,11.7
1762,5.46354166666667,11.7
1763,5.46354166666667,11.7
1764,5.46354166666667,11.7
1765,5.46354166666667,11.7
1766,5.46354166666667,11.7
1767,5.46354166666667,11.7
1768,5.46354166666667,11.7
1769,5.46354166666667,11.7
1770,5.46354166666667,11.7
1771,5.46354166666667,11.7
1772,5.46354166666667,11.7
1773,5.46354166666667,11.7
1774,5.46354166666667,11.7
1775,5.46354166666667,11.7
1776,5.46354166666667,11.7
1777,5.46354166666667,11.7
1778,5.46354166666667,11.7
1779,5.46354166666667,11.7
1780,5.46354166666667,11.7
1781,5.46354166666667,11.7
1782,5.46354166666667,11.7
1783,5.46354166666667,11.7
1784,5.46354166666667,11.7
1785,5.46354166666667,11.7
1786,5.46354166666667,11.7
1787,5.46354166666667,11.7
1788,5.46354166666667,11.7
1789,5.46354166666667,11.8
1790,5.46354166666667,11.8
1791,5.46354166666667,11.8
1792,5.46354166666667,11.8
1793,5.46354166666667,11.8
1794,5.46354166666667,11.8
1795,5.46354166666667,11.8
1796,5.46354166666667,11.8
1797,5.46354166666667,11.8
1798,5.46354166666667,11.8
1799,5.46354166666667,11.8
1800,5.46354166666667,11.8
1801,5.46354166666667,11.8
1802,5.46354166666667,11.8
1803,5.46354166666667,11.8
1804,5.46354166666667,11.8
1805,5.46354166666667,11.8
1806,5.46354166666667,11.8
1807,5.46354166666667,11.8
1808,5.46354166666667,11.8
1809,5.46354166666667,11.8
1810,5.46354166666667,11.8
1811,5.46354166666667,11.8
1812,5.46354166666667,11.8
1813,5.46354166666667,11.8
1814,5.46354166666667,11.8
1815,5.46354166666667,11.8
1816,5.46354166666667,11.8
1817,5.46354166666667,11.8
1818,5.46354166666667,11.8
1819,5.46354166666667,11.8
1820,5.46354166666667,11.8
1821,5.46354166666667,11.8
1822,5.46354166666667,11.8
1823,5.46354166666667,11.8
1824,5.46354166666667,11.8
1825,5.46354166666667,11.8
1826,5.46354166666667,11.8
1827,5.46354166666667,11.8
1828,5.46354166666667,11.8
1829,5.46354166666667,11.8
1830,5.46354166666667,11.9
1831,5.46354166666667,11.9
1832,5.46354166666667,11.9
1833,5.46354166666667,11.9
1834,5.46354166666667,11.9
1835,5.46354166666667,11.9
1836,5.46354166666667,11.9
1837,5.46354166666667,11.9
1838,5.46354166666667,11.9
1839,5.46354166666667,11.9
1840,5.46354166666667,11.9
1841,5.46354166666667,11.9
1842,5.46354166666667,11.9
1843,5.46354166666667,11.9
1844,5.46354166666667,11.9
1845,5.46354166666667,11.9
1846,5.46354166666667,11.9
1847,5.46354166666667,11.9
1848,5.46354166666667,11.9
1849,5.46354166666667,11.9
1850,5.46354166666667,11.9
1851,5.46354166666667,11.9
1852,5.46354166666667,11.9
1853,5.46354166666667,11.9
1854,5.46354166666667,11.9
1855,5.46354166666667,11.9
1856,5.46354166666667,11.9
1857,5.46354166666667,11.9
1858,5.46354166666667,11.9
1859,5.46354166666667,11.9
1860,5.46354166666667,11.9
1861,5.46354166666667,11.9
1862,5.46354166666667,12.0
1863,5.46354166666667,12.0
1864,5.46354166666667,12.0
1865,5.46354166666667,12.0
1866,5.46354166666667,12.0
1867,5.46354166666667,12.0
1868,5.46354166666667,12.0
1869,5.46354166666667,12.0
1870,5.46354166666667,12.0
1871,5.46354166666667,12.0
1872,5.46354166666667,12.0
1873,5.46354166666667,12.0
1874,5.46354166666667,12.0
1875,5.46354166666667,12.0
1876,5.46354166666667,12.0
1877,5.46354166666667,12.0
1878,5.46354166666667,12.0
1879,5.46354166666667,12.0
1880,5.46354166666667,12.0
1881,5.46354166666667,12.0
1882,5.46354166666667,12.0
1883,5.46354166666667,12.0
1884,5.46354166666667,12.0
1885,5.46354166666667,12.0
1886,5.46354166666667,12.0
1887,5.46354166666667,12.0
1888,5.46354166666667,12.0
1889,5.46354166666667,12.0
1890,5.46354166666667,12.0
1891,5.46354166666667,12.0
1892,5.46354166666667,12.0
1893,5.46354166666667,12.0
1894,5.46354166666667,12.0
1895,5.46354166666667,12.0
1896,5.46354166666667,12.0
1897,5.46354166666667,12.0
1898,5.46354166666667,12.0
1899,5.46354166666667,12.0
1900,5.46354166666667,12.0
1901,5.46354166666667,12.0
1902,5.46354166666667,12.0
1903,5.46354166666667,12.0
1904,5.46354166666667,12.1
1905,5.46354166666667,12.1
1906,5.46354166666667,12.1
1907,5.46354166666667,12.1
1908,5.46354166666667,12.1
1909,5.46354166666667,12.1
1910,5.46354166666667,12.1
1911,5.46354166666667,12.1
1912,5.46354166666667,12.1
1913,5.46354166666667,12.1
1914,5.46354166666667,12.1
1915,5.46354166666667,12.1
1916,5.46354166666667,12.1
1917,5.46354166666667,12.1
1918,5.46354166666667,12.1
1919,5.46354166666667,12.1
1920,5.46354166666667,12.1
1921,5.46354166666667,12.1
1922,5.46354166666667,12.1
1923,5.46354166666667,12.1
1924,5.46354166666667,12.1
1925,5.46354166666667,12.1
1926,5.46354166666667,12.2
1927,5.46354166666667,12.2
1928,5.46354166666667,12.2
1929,5.46354166666667,12.2
1930,5.46354166666667,12.2
1931,5.46354166666667,12.2
1932,5.46354166666667,12.2
1933,5.46354166666667,12.2
1934,5.46354166666667,12.2
1935,5.46354166666667,12.2
1936,5.46354166666667,12.2
1937,5.46354166666667,12.2
1938,5.46354166666667,12.2
1939,5.46354166666667,12.2
1940,5.46354166666667,12.2
1941,5.46354166666667,12.2
1942,5.46354166666667,12.2
1943,5.46354166666667,12.2
1944,5.46354166666667,12.2
1945,5.46354166666667,12.2
1946,5.46354166666667,12.2
1947,5.46354166666667,12.2
1948,5.46354166666667,12.2
1949,5.46354166666667,12.3
1950,5.46354166666667,12.3
1951,5.46354166666667,12.3
1952,5.46354166666667,12.3
1953,5.46354166666667,12.3
1954,5.46354166666667,12.3
1955,5.46354166666667,12.3
1956,5.46354166666667,12.3
1957,5.46354166666667,12.3
1958,5.46354166666667,12.3
1959,5.46354166666667,12.4
1960,5.46354166666667,12.4
1961,5.46354166666667,12.4
1962,5.46354166666667,12.4
1963,5.46354166666667,12.4
1964,5.46354166666667,12.4
1965,5.46354166666667,12.4
1966,5.46354166666667,12.5
1967,5.46354166666667,12.5
1968,5.46354166666667,12.5
1969,5.46354166666667,12.7
1970,5.46354166666667,12.8
1971,5.46354166666667,13.0
1972,5.46354166666667,13.0
1973,5.46354166666667,13.0
1974,5.46354166666667,13.2
1975,5.546875,10.5
1976,5.546875,10.7
1977,5.546875,10.8
1978,5.546875,10.8
1979,5.546875,10.9
1980,5.546875,10.9
1981,5.546875,10.9
1982,5.546875,10.9
1983,5.546875,11.0
1984,5.546875,11.0
1985,5.546875,11.0
1986,5.546875,11.0
1987,5.546875,11.0
1988,5.546875,11.0
1989,5.546875,11.0
1990,5.546875,11.0
1991,5.546875,11.0
1992,5.546875,11.0
1993,5.546875,11.1
1994,5.546875,11.1
1995,5.546875,11.1
1996,5.546875,11.1
1997,5.546875,11.1
1998,5.546875,11.1
1999,5.546875,11.1
2000,5.546875,11.2
2001,5.546875,11.2
2002,5.546875,11.2
2003,5.546875,11.2
2004,5.546875,11.2
2005,5.546875,11.2
2006,5.546875,11.2
2007,5.546875,11.2
2008,5.546875,11.2
2009,5.546875,11.2
2010,5.546875,11.2
2011,5.546875,11.2
2012,5.546875,11.2
2013,5.546875,11.2
2014,5.546875,11.2
2015,5.546875,11.2
2016,5.546875,11.2
2017,5.546875,11.2
2018,5.546875,11.2
2019,5.546875,11.2
2020,5.546875,11.3
2021,5.546875,11.3
2022,5.546875,11.3
2023,5.546875,11.3
2024,5.546875,11.3
2025,5.546875,11.3
2026,5.546875,11.3
2027,5.546875,11.3
2028,5.546875,11.3
2029,5.546875,11.3
2030,5.546875,11.3
2031,5.546875,11.3
2032,5.546875,11.3
2033,5.546875,11.3
2034,5.546875,11.3
2035,5.546875,11.3
2036,5.546875,11.3
2037,5.546875,11.3
2038,5.546875,11.3
2039,5.546875,11.3
2040,5.546875,11.3
2041,5.546875,11.3
2042,5.546875,11.3
2043,5.546875,11.3
2044,5.546875,11.4
2045,5.546875,11.4
2046,5.546875,11.4
2047,5.546875,11.4
2048,5.546875,11.4
2049,5.546875,11.4
2050,5.546875,11.4
2051,5.546875,11.4
2052,5.546875,11.4
2053,5.546875,11.4
2054,5.546875,11.4
2055,5.546875,11.4
2056,5.546875,11.4
2057,5.546875,11.4
2058,5.546875,11.4
2059,5.546875,11.4
2060,5.546875,11.4
2061,5.546875,11.4
2062,5.546875,11.4
2063,5.546875,11.4
2064,5.546875,11.4
2065,5.546875,11.4
2066,5.546875,11.5
2067,5.546875,11.5
2068,5.546875,11.5
2069,5.546875,11.5
2070,5.546875,11.5
2071,5.546875,11.5
2072,5.546875,11.5
2073,5.546875,11.5
2074,5.546875,11.5
2075,5.546875,11.5
2076,5.546875,11.5
2077,5.546875,11.5
2078,5.546875,11.5
2079,5.546875,11.5
2080,5.546875,11.5
2081,5.546875,11.5
2082,5.546875,11.5
2083,5.546875,11.5
2084,5.546875,11.5
2085,5.546875,11.5
2086,5.546875,11.5
2087,5.546875,11.5
2088,5.546875,11.5
2089,5.546875,11.5
2090,5.546875,11.5
2091,5.546875,11.5
2092,5.546875,11.5
2093,5.546875,11.5
2094,5.546875,11.5
2095,5.546875,11.5
2096,5.546875,11.5
2097,5.546875,11.5
2098,5.546875,11.5
2099,5.546875,11.5
2100,5.546875,11.6
2101,5.546875,11.6
2102,5.546875,11.6
2103,5.546875,11.6
2104,5.546875,11.6
2105,5.546875,11.6
2106,5.546875,11.6
2107,5.546875,11.6
2108,5.546875,11.6
2109,5.546875,11.6
2110,5.546875,11.6
2111,5.546875,11.6
2112,5.546875,11.6
2113,5.546875,11.6
2114,5.546875,11.6
2115,5.546875,11.6
2116,5.546875,11.6
2117,5.546875,11.6
2118,5.546875,11.6
2119,5.546875,11.6
2120,5.546875,11.6
2121,5.546875,11.6
2122,5.546875,11.6
2123,5.546875,11.6
2124,5.546875,11.6
2125,5.546875,11.6
2126,5.546875,11.6
2127,5.546875,11.6
2128,5.546875,11.6
2129,5.546875,11.6
2130,5.546875,11.6
2131,5.546875,11.6
2132,5.546875,11.6
2133,5.546875,11.6
2134,5.546875,11.6
2135,5.546875,11.6
2136,5.546875,11.6
2137,5.546875,11.6
2138,5.546875,11.7
2139,5.546875,11.7
2140,5.546875,11.7
2141,5.546875,11.7
2142,5.546875,11.7
2143,5.546875,11.7
2144,5.546875,11.7
2145,5.546875,11.7
2146,5.546875,11.7
2147,5.546875,11.7
2148,5.546875,11.7
2149,5.546875,11.7
2150,5.546875,11.7
2151,5.546875,11.7
2152,5.546875,11.7
2153,5.546875,11.7
2154,5.546875,11.7
2155,5.546875,11.7
2156,5.546875,11.7
2157,5.546875,11.7
2158,5.546875,11.7
2159,5.546875,11.7
2160,5.546875,11.7
2161,5.546875,11.7
2162,5.546875,11.7
2163,5.546875,11.7
2164,5.546875,11.7
2165,5.546875,11.7
2166,5.546875,11.7
2167,5.546875,11.7
2168,5.546875,11.7
2169,5.546875,11.7
2170,5.546875,11.7
2171,5.546875,11.7
2172,5.546875,11.7
2173,5.546875,11.7
2174,5.546875,11.7
2175,5.546875,11.7
2176,5.546875,11.7
2177,5.546875,11.7
2178,5.546875,11.7
2179,5.546875,11.7
2180,5.546875,11.7
2181,5.546875,11.7
2182,5.546875,11.7
2183,5.546875,11.8
2184,5.546875,11.8
2185,5.546875,11.8
2186,5.546875,11.8
2187,5.546875,11.8
2188,5.546875,11.8
2189,5.546875,11.8
2190,5.546875,11.8
2191,5.546875,11.8
2192,5.546875,11.8
2193,5.546875,11.8
2194,5.546875,11.8
2195,5.546875,11.8
2196,5.546875,11.8
2197,5.546875,11.8
2198,5.546875,11.8
2199,5.546875,11.8
2200,5.546875,11.8
2201,5.546875,11.8
2202,5.546875,11.8
2203,5.546875,11.8
2204,5.546875,11.8
2205,5.546875,11.8
2206,5.546875,11.8
2207,5.546875,11.8
2208,5.546875,11.8
2209,5.546875,11.8
2210,5.546875,11.8
2211,5.546875,11.8
2212,5.546875,11.8
2213,5.546875,11.8
2214,5.546875,11.8
2215,5.546875,11.8
2216,5.546875,11.8
2217,5.546875,11.9
2218,5.546875,11.9
2219,5.546875,11.9
2220,5.546875,11.9
2221,5.546875,11.9
2222,5.546875,11.9
2223,5.546875,11.9
2224,5.546875,11.9
2225,5.546875,11.9
2226,5.546875,11.9
2227,5.546875,11.9
2228,5.546875,11.9
2229,5.546875,11.9
2230,5.546875,11.9
2231,5.546875,11.9
2232,5.546875,11.9
2233,5.546875,11.9
2234,5.546875,11.9
2235,5.546875,11.9
2236,5.546875,11.9
2237,5.546875,11.9
2238,5.546875,11.9
2239,5.546875,11.9
2240,5.546875,11.9
2241,5.546875,11.9
2242,5.546875,11.9
2243,5.546875,11.9
2244,5.546875,11.9
2245,5.546875,11.9
2246,5.546875,11.9
2247,5.546875,11.9
2248,5.546875,11.9
2249,5.546875,11.9
2250,5.546875,11.9
2251,5.546875,11.9
2252,5.546875,12.0
2253,5.546875,12.0
2254,5.546875,12.0
2255,5.546875,12.0
2256,5.546875,12.0
2257,5.546875,12.0
2258,5.546875,12.0
2259,5.546875,12.0
2260,5.546875,12.0
2261,5.546875,12.0
2262,5.546875,12.0
2263,5.546875,12.0
2264,5.546875,12.0
2265,5.546875,12.0
2266,5.546875,12.0
2267,5.546875,12.0
2268,5.546875,12.0
2269,5.546875,12.0
2270,5.546875,12.0
2271,5.546875,12.0
2272,5.546875,12.0
2273,5.546875,12.0
2274,5.546875,12.0
2275,5.546875,12.0
2276,5.546875,12.0
2277,5.546875,12.0
2278,5.546875,12.0
2279,5.546875,12.0
2280,5.546875,12.0
2281,5.546875,12.0
2282,5.546875,12.0
2283,5.546875,12.0
2284,5.546875,12.0
2285,5.546875,12.0
2286,5.546875,12.0
2287,5.546875,12.0
2288,5.546875,12.0
2289,5.546875,12.0
2290,5.546875,12.0
2291,5.546875,12.1
2292,5.546875,12.1
2293,5.546875,12.1
2294,5.546875,12.1
2295,5.546875,12.1
2296,5.546875,12.1
2297,5.546875,12.1
2298,5.546875,12.1
2299,5.546875,12.1
2300,5.546875,12.1
2301,5.546875,12.1
2302,5.546875,12.1
2303,5.546875,12.1
2304,5.546875,12.1
2305,5.546875,12.1
2306,5.546875,12.1
2307,5.546875,12.1
2308,5.546875,12.1
2309,5.546875,12.1
2310,5.546875,12.1
2311,5.546875,12.1
2312,5.546875,12.1
2313,5.546875,12.1
2314,5.546875,12.1
2315,5.546875,12.1
2316,5.546875,12.1
2317,5.546875,12.1
2318,5.546875,12.1
2319,5.546875,12.2
2320,5.546875,12.2
2321,5.546875,12.2
2322,5.546875,12.2
2323,5.546875,12.2
2324,5.546875,12.2
2325,5.546875,12.2
2326,5.546875,12.2
2327,5.546875,12.2
2328,5.546875,12.2
2329,5.546875,12.2
2330,5.546875,12.2
2331,5.546875,12.2
2332,5.546875,12.2
2333,5.546875,12.2
2334,5.546875,12.2
2335,5.546875,12.2
2336,5.546875,12.3
2337,5.546875,12.3
2338,5.546875,12.3
2339,5.546875,12.3
2340,5.546875,12.3
2341,5.546875,12.3
2342,5.546875,12.3
2343,5.546875,12.3
2344,5.546875,12.3
2345,5.546875,12.3
2346,5.546875,12.3
2347,5.546875,12.3
2348,5.546875,12.3
2349,5.546875,12.4
2350,5.546875,12.4
2351,5.546875,12.4
2352,5.546875,12.4
2353,5.546875,12.4
2354,5.546875,12.4
2355,5.546875,12.4
2356,5.546875,12.4
2357,5.546875,12.4
2358,5.546875,12.4
2359,5.546875,12.4
2360,5.546875,12.4
2361,5.546875,12.5
2362,5.546875,12.5
2363,5.546875,12.5
2364,5.546875,12.5
2365,5.546875,12.5
2366,5.546875,12.5
2367,5.546875,12.5
2368,5.546875,12.5
2369,5.546875,12.5
2370,5.546875,12.5
2371,5.546875,12.5
2372,5.546875,12.5
2373,5.546875,12.6
2374,5.546875,12.6
2375,5.546875,12.6
2376,5.546875,12.7
2377,5.546875,12.7
2378,5.546875,12.7
2379,5.546875,12.7
2380,5.546875,12.7
2381,5.546875,12.7
2382,5.546875,12.7
2383,5.546875,12.8
2384,5.546875,12.8
2385,5.546875,12.9
2386,5.546875,13.1
2387,5.546875,13.2
2388,5.63020833333333,10.7
2389,5.63020833333333,10.7
2390,5.63020833333333,10.8
2391,5.63020833333333,10.9
2392,5.63020833333333,11.0
2393,5.63020833333333,11.0
2394,5.63020833333333,11.0
2395,5.63020833333333,11.0
2396,5.63020833333333,11.0
2397,5.63020833333333,11.0
2398,5.63020833333333,11.1
2399,5.63020833333333,11.1
2400,5.63020833333333,11.1
2401,5.63020833333333,11.1
2402,5.63020833333333,11.2
2403,5.63020833333333,11.2
2404,5.63020833333333,11.2
2405,5.63020833333333,11.2
2406,5.63020833333333,11.3
2407,5.63020833333333,11.3
2408,5.63020833333333,11.3
2409,5.63020833333333,11.3
2410,5.63020833333333,11.3
2411,5.63020833333333,11.3
2412,5.63020833333333,11.3
2413,5.63020833333333,11.4
2414,5.63020833333333,11.4
2415,5.63020833333333,11.4
2416,5.63020833333333,11.4
2417,5.63020833333333,11.4
2418,5.63020833333333,11.4
2419,5.63020833333333,11.4
2420,5.63020833333333,11.4
2421,5.63020833333333,11.4
2422,5.63020833333333,11.4
2423,5.63020833333333,11.5
2424,5.63020833333333,11.5
2425,5.63020833333333,11.5
2426,5.63020833333333,11.5
2427,5.63020833333333,11.5
2428,5.63020833333333,11.5
2429,5.63020833333333,11.5
2430,5.63020833333333,11.5
2431,5.63020833333333,11.5
2432,5.63020833333333,11.5
2433,5.63020833333333,11.5
2434,5.63020833333333,11.5
2435,5.63020833333333,11.5
2436,5.63020833333333,11.5
2437,5.63020833333333,11.5
2438,5.63020833333333,11.5
2439,5.63020833333333,11.5
2440,5.63020833333333,11.5
2441,5.63020833333333,11.5
2442,5.63020833333333,11.5
2443,5.63020833333333,11.5
2444,5.63020833333333,11.5
2445,5.63020833333333,11.5
2446,5.63020833333333,11.5
2447,5.63020833333333,11.5
2448,5.63020833333333,11.6
2449,5.63020833333333,11.6
2450,5.63020833333333,11.6
2451,5.63020833333333,11.6
2452,5.63020833333333,11.6
2453,5.63020833333333,11.6
2454,5.63020833333333,11.6
2455,5.63020833333333,11.6
2456,5.63020833333333,11.6
2457,5.63020833333333,11.6
2458,5.63020833333333,11.6
2459,5.63020833333333,11.6
2460,5.63020833333333,11.6
2461,5.63020833333333,11.6
2462,5.63020833333333,11.6
2463,5.63020833333333,11.6
2464,5.63020833333333,11.6
2465,5.63020833333333,11.6
2466,5.63020833333333,11.6
2467,5.63020833333333,11.6
2468,5.63020833333333,11.6
2469,5.63020833333333,11.6
2470,5.63020833333333,11.6
2471,5.63020833333333,11.6
2472,5.63020833333333,11.6
2473,5.63020833333333,11.6
2474,5.63020833333333,11.6
2475,5.63020833333333,11.7
2476,5.63020833333333,11.7
2477,5.63020833333333,11.7
2478,5.63020833333333,11.7
2479,5.63020833333333,11.7
2480,5.63020833333333,11.7
2481,5.63020833333333,11.7
2482,5.63020833333333,11.7
2483,5.63020833333333,11.7
2484,5.63020833333333,11.7
2485,5.63020833333333,11.7
2486,5.63020833333333,11.7
2487,5.63020833333333,11.7
2488,5.63020833333333,11.7
2489,5.63020833333333,11.7
2490,5.63020833333333,11.7
2491,5.63020833333333,11.7
2492,5.63020833333333,11.7
2493,5.63020833333333,11.7
2494,5.63020833333333,11.7
2495,5.63020833333333,11.7
2496,5.63020833333333,11.7
2497,5.63020833333333,11.7
2498,5.63020833333333,11.7
2499,5.63020833333333,11.8
2500,5.63020833333333,11.8
2501,5.63020833333333,11.8
2502,5.63020833333333,11.8
2503,5.63020833333333,11.8
2504,5.63020833333333,11.8
2505,5.63020833333333,11.8
2506,5.63020833333333,11.8
2507,5.63020833333333,11.8
2508,5.63020833333333,11.8
2509,5.63020833333333,11.8
2510,5.63020833333333,11.8
2511,5.63020833333333,11.8
2512,5.63020833333333,11.8
2513,5.63020833333333,11.8
2514,5.63020833333333,11.8
2515,5.63020833333333,11.8
2516,5.63020833333333,11.8
2517,5.63020833333333,11.8
2518,5.63020833333333,11.8
2519,5.63020833333333,11.8
2520,5.63020833333333,11.8
2521,5.63020833333333,11.8
2522,5.63020833333333,11.8
2523,5.63020833333333,11.8
2524,5.63020833333333,11.8
2525,5.63020833333333,11.8
2526,5.63020833333333,11.8
2527,5.63020833333333,11.8
2528,5.63020833333333,11.9
2529,5.63020833333333,11.9
2530,5.63020833333333,11.9
2531,5.63020833333333,11.9
2532,5.63020833333333,11.9
2533,5.63020833333333,11.9
2534,5.63020833333333,11.9
2535,5.63020833333333,11.9
2536,5.63020833333333,11.9
2537,5.63020833333333,11.9
2538,5.63020833333333,11.9
2539,5.63020833333333,11.9
2540,5.63020833333333,11.9
2541,5.63020833333333,11.9
2542,5.63020833333333,11.9
2543,5.63020833333333,11.9
2544,5.63020833333333,11.9
2545,5.63020833333333,11.9
2546,5.63020833333333,11.9
2547,5.63020833333333,12.0
2548,5.63020833333333,12.0
2549,5.63020833333333,12.0
2550,5.63020833333333,12.0
2551,5.63020833333333,12.0
2552,5.63020833333333,12.0
2553,5.63020833333333,12.0
2554,5.63020833333333,12.0
2555,5.63020833333333,12.0
2556,5.63020833333333,12.0
2557,5.63020833333333,12.0
2558,5.63020833333333,12.0
2559,5.63020833333333,12.0
2560,5.63020833333333,12.0
2561,5.63020833333333,12.0
2562,5.63020833333333,12.0
2563,5.63020833333333,12.0
2564,5.63020833333333,12.0
2565,5.63020833333333,12.0
2566,5.63020833333333,12.0
2567,5.63020833333333,12.0
2568,5.63020833333333,12.0
2569,5.63020833333333,12.1
2570,5.63020833333333,12.1
2571,5.63020833333333,12.1
2572,5.63020833333333,12.1
2573,5.63020833333333,12.1
2574,5.63020833333333,12.1
2575,5.63020833333333,12.1
2576,5.63020833333333,12.1
2577,5.63020833333333,12.1
2578,5.63020833333333,12.1
2579,5.63020833333333,12.1
2580,5.63020833333333,12.1
2581,5.63020833333333,12.1
2582,5.63020833333333,12.1
2583,5.63020833333333,12.1
2584,5.63020833333333,12.2
2585,5.63020833333333,12.2
2586,5.63020833333333,12.2
2587,5.63020833333333,12.2
2588,5.63020833333333,12.2
2589,5.63020833333333,12.2
2590,5.63020833333333,12.2
2591,5.63020833333333,12.2
2592,5.63020833333333,12.2
2593,5.63020833333333,12.2
2594,5.63020833333333,12.2
2595,5.63020833333333,12.2
2596,5.63020833333333,12.2
2597,5.63020833333333,12.2
2598,5.63020833333333,12.2
2599,5.63020833333333,12.2
2600,5.63020833333333,12.3
2601,5.63020833333333,12.3
2602,5.63020833333333,12.3
2603,5.63020833333333,12.3
2604,5.63020833333333,12.3
2605,5.63020833333333,12.3
2606,5.63020833333333,12.3
2607,5.63020833333333,12.3
2608,5.63020833333333,12.3
2609,5.63020833333333,12.3
2610,5.63020833333333,12.3
2611,5.63020833333333,12.3
2612,5.63020833333333,12.3
2613,5.63020833333333,12.3
2614,5.63020833333333,12.3
2615,5.63020833333333,12.3
2616,5.63020833333333,12.3
2617,5.63020833333333,12.3
2618,5.63020833333333,12.3
2619,5.63020833333333,12.3
2620,5.63020833333333,12.4
2621,5.63020833333333,12.4
2622,5.63020833333333,12.4
2623,5.63020833333333,12.4
2624,5.63020833333333,12.5
2625,5.63020833333333,12.5
2626,5.63020833333333,12.5
2627,5.63020833333333,12.5
2628,5.63020833333333,12.5
2629,5.63020833333333,12.5
2630,5.63020833333333,12.5
2631,5.63020833333333,12.5
2632,5.63020833333333,12.5
2633,5.63020833333333,12.5
2634,5.63020833333333,12.5
2635,5.63020833333333,12.6
2636,5.63020833333333,12.6
2637,5.63020833333333,12.6
2638,5.63020833333333,12.6
2639,5.63020833333333,12.6
2640,5.63020833333333,12.7
2641,5.63020833333333,12.7
2642,5.63020833333333,12.7
2643,5.63020833333333,12.7
2644,5.63020833333333,12.7
2645,5.63020833333333,12.8
2646,5.63020833333333,12.8
2647,5.63020833333333,12.8
2648,5.63020833333333,12.9
2649,5.63020833333333,12.9
2650,5.63020833333333,13.0
2651,5.63020833333333,13.1
2652,5.71354166666667,10.5
2653,5.71354166666667,10.6
2654,5.71354166666667,11.1
2655,5.71354166666667,11.2
2656,5.71354166666667,11.3
2657,5.71354166666667,11.3
2658,5.71354166666667,11.4
2659,5.71354166666667,11.4
2660,5.71354166666667,11.4
2661,5.71354166666667,11.4
2662,5.71354166666667,11.4
2663,5.71354166666667,11.4
2664,5.71354166666667,11.4
2665,5.71354166666667,11.4
2666,5.71354166666667,11.4
2667,5.71354166666667,11.4
2668,5.71354166666667,11.4
2669,5.71354166666667,11.5
2670,5.71354166666667,11.5
2671,5.71354166666667,11.5
2672,5.71354166666667,11.5
2673,5.71354166666667,11.5
2674,5.71354166666667,11.5
2675,5.71354166666667,11.5
2676,5.71354166666667,11.5
2677,5.71354166666667,11.5
2678,5.71354166666667,11.5
2679,5.71354166666667,11.5
2680,5.71354166666667,11.6
2681,5.71354166666667,11.6
2682,5.71354166666667,11.6
2683,5.71354166666667,11.6
2684,5.71354166666667,11.6
2685,5.71354166666667,11.6
2686,5.71354166666667,11.6
2687,5.71354166666667,11.6
2688,5.71354166666667,11.6
2689,5.71354166666667,11.6
2690,5.71354166666667,11.6
2691,5.71354166666667,11.6
2692,5.71354166666667,11.7
2693,5.71354166666667,11.7
2694,5.71354166666667,11.7
2695,5.71354166666667,11.7
2696,5.71354166666667,11.7
2697,5.71354166666667,11.7
2698,5.71354166666667,11.7
2699,5.71354166666667,11.7
2700,5.71354166666667,11.7
2701,5.71354166666667,11.8
2702,5.71354166666667,11.8
2703,5.71354166666667,11.8
2704,5.71354166666667,11.8
2705,5.71354166666667,11.8
2706,5.71354166666667,11.8
2707,5.71354166666667,11.8
2708,5.71354166666667,11.8
2709,5.71354166666667,11.8
2710,5.71354166666667,11.8
2711,5.71354166666667,11.9
2712,5.71354166666667,11.9
2713,5.71354166666667,11.9
2714,5.71354166666667,11.9
2715,5.71354166666667,11.9
2716,5.71354166666667,11.9
2717,5.71354166666667,11.9
2718,5.71354166666667,11.9
2719,5.71354166666667,11.9
2720,5.71354166666667,11.9
2721,5.71354166666667,12.0
2722,5.71354166666667,12.0
2723,5.71354166666667,12.0
2724,5.71354166666667,12.0
2725,5.71354166666667,12.0
2726,5.71354166666667,12.0
2727,5.71354166666667,12.0
2728,5.71354166666667,12.0
2729,5.71354166666667,12.0
2730,5.71354166666667,12.0
2731,5.71354166666667,12.0
2732,5.71354166666667,12.0
2733,5.71354166666667,12.0
2734,5.71354166666667,12.0
2735,5.71354166666667,12.0
2736,5.71354166666667,12.0
2737,5.71354166666667,12.1
2738,5.71354166666667,12.1
2739,5.71354166666667,12.1
2740,5.71354166666667,12.1
2741,5.71354166666667,12.1
2742,5.71354166666667,12.1
2743,5.71354166666667,12.1
2744,5.71354166666667,12.1
2745,5.71354166666667,12.1
2746,5.71354166666667,12.1
2747,5.71354166666667,12.1
2748,5.71354166666667,12.1
2749,5.71354166666667,12.1
2750,5.71354166666667,12.1
2751,5.71354166666667,12.1
2752,5.71354166666667,12.1
2753,5.71354166666667,12.1
2754,5.71354166666667,12.1
2755,5.71354166666667,12.1
2756,5.71354166666667,12.1
2757,5.71354166666667,12.1
2758,5.71354166666667,12.1
2759,5.71354166666667,12.1
2760,5.71354166666667,12.1
2761,5.71354166666667,12.1
2762,5.71354166666667,12.1
2763,5.71354166666667,12.1
2764,5.71354166666667,12.2
2765,5.71354166666667,12.2
2766,5.71354166666667,12.2
2767,5.71354166666667,12.2
2768,5.71354166666667,12.2
2769,5.71354166666667,12.2
2770,5.71354166666667,12.2
2771,5.71354166666667,12.2
2772,5.71354166666667,12.2
2773,5.71354166666667,12.2
2774,5.71354166666667,12.2
2775,5.71354166666667,12.3
2776,5.71354166666667,12.3
2777,5.71354166666667,12.3
2778,5.71354166666667,12.3
2779,5.71354166666667,12.3
2780,5.71354166666667,12.3
2781,5.71354166666667,12.3
2782,5.71354166666667,12.3
2783,5.71354166666667,12.3
2784,5.71354166666667,12.3
2785,5.71354166666667,12.3
2786,5.71354166666667,12.3
2787,5.71354166666667,12.3
2788,5.71354166666667,12.3
2789,5.71354166666667,12.3
2790,5.71354166666667,12.3
2791,5.71354166666667,12.3
2792,5.71354166666667,12.3
2793,5.71354166666667,12.3
2794,5.71354166666667,12.3
2795,5.71354166666667,12.3
2796,5.71354166666667,12.3
2797,5.71354166666667,12.3
2798,5.71354166666667,12.4
2799,5.71354166666667,12.4
2800,5.71354166666667,12.4
2801,5.71354166666667,12.4
2802,5.71354166666667,12.4
2803,5.71354166666667,12.4
2804,5.71354166666667,12.4
2805,5.71354166666667,12.5
2806,5.71354166666667,12.5
2807,5.71354166666667,12.5
2808,5.71354166666667,12.5
2809,5.71354166666667,12.5
2810,5.71354166666667,12.5
2811,5.71354166666667,12.5
2812,5.71354166666667,12.5
2813,5.71354166666667,12.6
2814,5.71354166666667,12.6
2815,5.71354166666667,12.6
2816,5.71354166666667,12.6
2817,5.71354166666667,12.6
2818,5.71354166666667,12.6
2819,5.71354166666667,12.6
2820,5.71354166666667,12.7
2821,5.71354166666667,12.7
2822,5.71354166666667,12.7
2823,5.71354166666667,12.7
2824,5.71354166666667,12.7
2825,5.71354166666667,12.8
2826,5.71354166666667,12.9
2827,5.71354166666667,12.9
2828,5.71354166666667,13.2
2829,5.796875,11.5
2830,5.796875,11.5
2831,5.796875,11.6
2832,5.796875,11.6
2833,5.796875,11.7
2834,5.796875,11.7
2835,5.796875,11.7
2836,5.796875,11.7
2837,5.796875,11.7
2838,5.796875,11.7
2839,5.796875,11.7
2840,5.796875,11.7
2841,5.796875,11.7
2842,5.796875,11.8
2843,5.796875,11.8
2844,5.796875,11.8
2845,5.796875,11.8
2846,5.796875,11.8
2847,5.796875,11.9
2848,5.796875,11.9
2849,5.796875,11.9
2850,5.796875,11.9
2851,5.796875,11.9
2852,5.796875,11.9
2853,5.796875,11.9
2854,5.796875,11.9
2855,5.796875,11.9
2856,5.796875,12.0
2857,5.796875,12.0
2858,5.796875,12.0
2859,5.796875,12.0
2860,5.796875,12.0
2861,5.796875,12.0
2862,5.796875,12.0
2863,5.796875,12.0
2864,5.796875,12.1
2865,5.796875,12.1
2866,5.796875,12.1
2867,5.796875,12.1
2868,5.796875,12.1
2869,5.796875,12.1
2870,5.796875,12.1
2871,5.796875,12.1
2872,5.796875,12.1
2873,5.796875,12.1
2874,5.796875,12.2
2875,5.796875,12.2
2876,5.796875,12.2
2877,5.796875,12.2
2878,5.796875,12.2
2879,5.796875,12.2
2880,5.796875,12.2
2881,5.796875,12.2
2882,5.796875,12.3
2883,5.796875,12.3
2884,5.796875,12.3
2885,5.796875,12.3
2886,5.796875,12.3
2887,5.796875,12.3
2888,5.796875,12.4
2889,5.796875,12.4
2890,5.796875,12.4
2891,5.796875,12.4
2892,5.796875,12.4
2893,5.796875,12.4
2894,5.796875,12.4
2895,5.796875,12.5
2896,5.796875,12.5
2897,5.796875,12.5
2898,5.796875,12.5
2899,5.796875,12.5
2900,5.796875,12.5
2901,5.796875,12.6
2902,5.796875,12.6
2903,5.796875,12.6
2904,5.796875,12.6
2905,5.796875,12.6
2906,5.796875,12.6
2907,5.796875,12.6
2908,5.796875,12.6
2909,5.796875,12.7
2910,5.796875,12.7
2911,5.796875,12.7
2912,5.796875,12.7
2913,5.796875,12.7
2914,5.796875,12.7
2915,5.796875,12.7
2916,5.796875,12.7
2917,5.796875,12.8
2918,5.796875,12.8
2919,5.796875,12.8
2920,5.796875,12.8
2921,5.796875,12.8
2922,5.796875,12.8
2923,5.796875,12.8
2924,5.796875,12.8
2925,5.796875,13.0
2926,5.88020833333333,11.6
2927,5.88020833333333,11.6
2928,5.88020833333333,11.7
2929,5.88020833333333,11.7
2930,5.88020833333333,11.8
2931,5.88020833333333,11.9
2932,5.88020833333333,11.9
2933,5.88020833333333,11.9
2934,5.88020833333333,12.0
2935,5.88020833333333,12.0
2936,5.88020833333333,12.1
2937,5.88020833333333,12.1
2938,5.88020833333333,12.1
2939,5.88020833333333,12.1
2940,5.88020833333333,12.2
2941,5.88020833333333,12.3
2942,5.88020833333333,12.3
2943,5.88020833333333,12.3
2944,5.88020833333333,12.3
2945,5.88020833333333,12.3
2946,5.88020833333333,12.4
2947,5.88020833333333,12.5
2948,5.88020833333333,12.5
2949,5.88020833333333,12.5
2950,5.88020833333333,12.5
2951,5.88020833333333,12.5
2952,5.88020833333333,12.5
2953,5.88020833333333,12.5
2954,5.88020833333333,12.5
2955,5.88020833333333,12.6
2956,5.88020833333333,12.6
2957,5.88020833333333,12.6
2958,5.88020833333333,12.6
2959,5.88020833333333,12.6
2960,5.88020833333333,12.6
2961,5.88020833333333,12.7
2962,5.88020833333333,12.7
2963,5.88020833333333,12.8
2964,5.88020833333333,12.8
2965,5.88020833333333,12.8
2966,5.88020833333333,12.8
2967,5.88020833333333,12.8
2968,5.88020833333333,12.9
2969,5.88020833333333,13.2
2970,5.88020833333333,13.2
2971,5.88020833333333,13.2
2972,5.96354166666667,11.9
2973,5.96354166666667,12.0
2974,5.96354166666667,12.0
2975,5.96354166666667,12.1
2976,5.96354166666667,12.2
2977,5.96354166666667,12.6
2978,5.96354166666667,12.6
2979,5.96354166666667,12.6
2980,5.96354166666667,12.7
2981,5.96354166666667,12.7
2982,5.96354166666667,12.8
2983,5.96354166666667,12.8
2984,5.96354166666667,12.8
2985,5.96354166666667,12.9
2986,5.96354166666667,13.0
2987,5.96354166666667,13.0
2988,5.96354166666667,13.3
2989,6.046875,11.6
2990,6.046875,12.5
2991,6.046875,12.5
2992,6.046875,12.6
2993,6.046875,12.8
2994,6.046875,13.0
2995,6.046875,13.5
2996,6.13020833333333,12.4
2997,6.13020833333333,12.6
2998,6.13020833333333,12.8
2999,6.13020833333333,13.3
3000,6.38020833333333,11.2
