,family,father,mother,midparentHeight,children,childNum,gender,childHeight
1,001,78.5,67.0,75.43,4,1,male,73.2
2,001,78.5,67.0,75.43,4,2,female,69.2
3,001,78.5,67.0,75.43,4,3,female,69.0
4,001,78.5,67.0,75.43,4,4,female,69.0
5,002,75.5,66.5,73.66,4,1,male,73.5
6,002,75.5,66.5,73.66,4,2,male,72.5
7,002,75.5,66.5,73.66,4,3,female,65.5
8,002,75.5,66.5,73.66,4,4,female,65.5
9,003,75.0,64.0,72.06,2,1,male,71.0
10,003,75.0,64.0,72.06,2,2,female,68.0
11,004,75.0,64.0,72.06,5,1,male,70.5
12,004,75.0,64.0,72.06,5,2,male,68.5
13,004,75.0,64.0,72.06,5,3,female,67.0
14,004,75.0,64.0,72.06,5,4,female,64.5
15,004,75.0,64.0,72.06,5,5,female,63.0
16,005,75.0,58.5,69.09,6,1,male,72.0
17,005,75.0,58.5,69.09,6,2,male,69.0
18,005,75.0,58.5,69.09,6,3,male,68.0
19,005,75.0,58.5,69.09,6,4,female,66.5
20,005,75.0,58.5,69.09,6,5,female,62.5
21,005,75.0,58.5,69.09,6,6,female,62.5
22,006,74.0,68.0,73.72,1,1,female,69.5
23,007,74.0,68.0,73.72,6,1,male,76.5
24,007,74.0,68.0,73.72,6,2,male,74.0
25,007,74.0,68.0,73.72,6,3,male,73.0
26,007,74.0,68.0,73.72,6,4,male,73.0
27,007,74.0,68.0,73.72,6,5,female,70.5
28,007,74.0,68.0,73.72,6,6,female,64.0
29,008,74.0,66.5,72.91,3,1,female,70.5
30,008,74.0,66.5,72.91,3,2,female,68.0
31,008,74.0,66.5,72.91,3,3,female,66.0
32,009,74.5,66.0,72.89,1,1,female,66.0
33,010,74.0,65.5,72.37,1,1,female,65.5
34,011,74.0,62.0,70.48,8,1,male,74.0
35,011,74.0,62.0,70.48,8,2,male,70.0
36,011,74.0,62.0,70.48,8,3,female,68.0
37,011,74.0,62.0,70.48,8,4,female,67.0
38,011,74.0,62.0,70.48,8,5,female,67.0
39,011,74.0,62.0,70.48,8,6,female,66.0
40,011,74.0,62.0,70.48,8,7,female,63.5
41,011,74.0,62.0,70.48,8,8,female,63.0
42,012,74.0,61.0,69.94,1,1,female,65.0
43,013,73.0,67.0,72.68,2,1,male,71.0
44,013,73.0,67.0,72.68,2,2,female,62.0
45,014,73.0,67.0,72.68,2,1,male,68.0
46,014,73.0,67.0,72.68,2,2,male,67.0
47,015,73.0,66.5,72.41,3,1,male,71.0
48,015,73.0,66.5,72.41,3,2,male,70.5
49,015,73.0,66.5,72.41,3,3,female,66.7
50,016,73.0,65.0,71.6,9,1,male,72.0
51,016,73.0,65.0,71.6,9,2,male,70.5
52,016,73.0,65.0,71.6,9,3,male,70.2
53,016,73.0,65.0,71.6,9,4,male,70.2
54,016,73.0,65.0,71.6,9,5,male,69.2
55,016,73.0,65.0,71.6,9,6,female,68.7
56,016,73.0,65.0,71.6,9,7,female,66.5
57,016,73.0,65.0,71.6,9,8,female,64.5
58,016,73.0,65.0,71.6,9,9,female,63.5
59,017,73.0,64.5,71.33,6,1,male,74.0
60,017,73.0,64.5,71.33,6,2,male,73.0
61,017,73.0,64.5,71.33,6,3,male,71.5
62,017,73.0,64.5,71.33,6,4,male,62.5
63,017,73.0,64.5,71.33,6,5,female,66.5
64,017,73.0,64.5,71.33,6,6,female,62.3
65,018,73.0,64.0,71.06,3,1,female,66.0
66,018,73.0,64.0,71.06,3,2,female,64.5
67,018,73.0,64.0,71.06,3,3,female,64.0
68,019,73.2,63.0,70.62,1,1,female,62.7
69,020,72.7,69.0,73.61,8,1,male,73.2
70,020,72.7,69.0,73.61,8,2,male,73.0
71,020,72.7,69.0,73.61,8,3,male,72.7
72,020,72.7,69.0,73.61,8,4,female,70.0
73,020,72.7,69.0,73.61,8,5,female,69.0
74,020,72.7,69.0,73.61,8,6,female,68.5
75,020,72.7,69.0,73.61,8,7,female,68.0
76,020,72.7,69.0,73.61,8,8,female,66.0
77,021,72.0,68.0,72.72,3,1,male,73.0
78,021,72.0,68.0,72.72,3,2,female,68.5
79,021,72.0,68.0,72.72,3,3,female,68.0
80,022,72.0,67.0,72.18,3,1,male,73.0
81,022,72.0,67.0,72.18,3,2,male,71.0
82,022,72.0,67.0,72.18,3,3,female,67.0
83,023,72.0,65.0,71.1,7,1,male,74.2
84,023,72.0,65.0,71.1,7,2,male,70.5
85,023,72.0,65.0,71.1,7,3,male,69.5
86,023,72.0,65.0,71.1,7,4,female,66.0
87,023,72.0,65.0,71.1,7,5,female,65.5
88,023,72.0,65.0,71.1,7,6,female,65.0
89,023,72.0,65.0,71.1,7,7,female,65.0
90,024,72.0,65.5,71.37,1,1,female,65.5
91,025,72.0,64.0,70.56,2,1,female,66.0
92,025,72.0,64.0,70.56,2,2,female,63.0
93,026,72.0,63.0,70.02,5,1,male,70.5
94,026,72.0,63.0,70.02,5,2,male,70.5
95,026,72.0,63.0,70.02,5,3,male,69.0
96,026,72.0,63.0,70.02,5,4,female,65.0
97,026,72.0,63.0,70.02,5,5,female,63.0
98,027,72.0,63.0,70.02,3,1,male,69.0
99,027,72.0,63.0,70.02,3,2,male,67.0
100,027,72.0,63.0,70.02,3,3,female,63.0
101,028,72.0,63.0,70.02,6,1,male,73.0
102,028,72.0,63.0,70.02,6,2,male,67.0
103,028,72.0,63.0,70.02,6,3,female,70.5
104,028,72.0,63.0,70.02,6,4,female,70.0
105,028,72.0,63.0,70.02,6,5,female,66.5
106,028,72.0,63.0,70.02,6,6,female,63.0
107,029,72.5,63.5,70.54,3,1,female,67.5
108,029,72.5,63.5,70.54,3,2,female,67.2
109,029,72.5,63.5,70.54,3,3,female,66.7
110,030,72.0,62.0,69.48,1,1,female,64.0
111,031,72.5,62.0,69.73,6,1,male,71.0
112,031,72.5,62.0,69.73,6,2,male,70.0
113,031,72.5,62.0,69.73,6,3,male,70.0
114,031,72.5,62.0,69.73,6,4,female,66.0
115,031,72.5,62.0,69.73,6,5,female,65.0
116,031,72.5,62.0,69.73,6,6,female,65.0
117,032,72.0,62.0,69.48,5,1,male,74.0
118,032,72.0,62.0,69.48,5,2,male,72.0
119,032,72.0,62.0,69.48,5,3,male,69.0
120,032,72.0,62.0,69.48,5,4,female,67.5
121,032,72.0,62.0,69.48,5,5,female,63.5
122,033,72.0,62.0,69.48,5,1,male,72.0
123,033,72.0,62.0,69.48,5,2,male,71.5
124,033,72.0,62.0,69.48,5,3,male,71.5
125,033,72.0,62.0,69.48,5,4,male,70.0
126,033,72.0,62.0,69.48,5,5,female,68.0
127,034,72.0,61.0,68.94,1,1,female,65.7
128,035,71.0,69.0,72.76,5,1,male,78.0
129,035,71.0,69.0,72.76,5,2,male,74.0
130,035,71.0,69.0,72.76,5,3,male,73.0
131,035,71.0,69.0,72.76,5,4,male,72.0
132,035,71.0,69.0,72.76,5,5,female,67.0
133,036,71.0,67.0,71.68,4,1,male,73.2
134,036,71.0,67.0,71.68,4,2,male,73.0
135,036,71.0,67.0,71.68,4,3,male,69.0
136,036,71.0,67.0,71.68,4,4,female,67.0
137,037,71.0,66.0,71.14,4,1,male,70.0
138,037,71.0,66.0,71.14,4,2,female,67.0
139,037,71.0,66.0,71.14,4,3,female,67.0
140,037,71.0,66.0,71.14,4,4,female,66.5
141,038,71.0,66.0,71.14,6,1,male,70.0
142,038,71.0,66.0,71.14,6,2,male,69.0
143,038,71.0,66.0,71.14,6,3,male,68.5
144,038,71.0,66.0,71.14,6,4,female,66.0
145,038,71.0,66.0,71.14,6,5,female,64.5
146,038,71.0,66.0,71.14,6,6,female,63.0
147,039,71.0,66.0,71.14,2,1,male,71.0
148,039,71.0,66.0,71.14,2,2,female,67.0
149,040,71.0,66.0,71.14,5,1,male,76.0
150,040,71.0,66.0,71.14,5,2,male,72.0
151,040,71.0,66.0,71.14,5,3,male,71.0
152,040,71.0,66.0,71.14,5,4,male,66.0
153,040,71.0,66.0,71.14,5,5,female,66.0
154,041,71.7,65.5,71.22,1,1,male,70.5
155,042,71.0,65.5,70.87,6,1,male,72.0
156,042,71.0,65.5,70.87,6,2,male,72.0
157,042,71.0,65.5,70.87,6,3,male,71.0
158,042,71.0,65.5,70.87,6,4,male,69.0
159,042,71.0,65.5,70.87,6,5,female,66.0
160,042,71.0,65.5,70.87,6,6,female,65.0
161,043,71.5,65.5,71.12,2,1,male,73.0
162,043,71.5,65.5,71.12,2,2,female,65.2
163,044,71.5,65.0,70.85,2,1,male,68.5
164,044,71.5,65.0,70.85,2,2,male,67.7
165,045,71.0,65.0,70.6,3,1,male,68.0
166,045,71.0,65.0,70.6,3,2,male,68.0
167,045,71.0,65.0,70.6,3,3,female,62.0
168,046,71.0,64.0,70.06,8,1,female,68.0
169,046,71.0,64.0,70.06,8,2,female,68.0
170,046,71.0,64.0,70.06,8,3,female,67.5
171,046,71.0,64.0,70.06,8,4,female,66.5
172,046,71.0,64.0,70.06,8,5,female,66.5
173,046,71.0,64.0,70.06,8,6,female,66.0
174,046,71.0,64.0,70.06,8,7,female,65.5
175,046,71.0,64.0,70.06,8,8,female,65.0
176,047,71.7,64.5,70.68,4,1,male,72.0
177,047,71.7,64.5,70.68,4,2,male,71.0
178,047,71.7,64.5,70.68,4,3,male,70.5
179,047,71.7,64.5,70.68,4,4,female,67.0
180,048,71.0,64.0,70.06,3,1,male,68.0
181,048,71.0,64.0,70.06,3,2,male,68.0
182,048,71.0,64.0,70.06,3,3,male,68.0
183,049,71.5,64.5,70.58,7,1,male,72.0
184,049,71.5,64.5,70.58,7,2,male,71.0
185,049,71.5,64.5,70.58,7,3,male,70.0
186,049,71.5,64.5,70.58,7,4,female,66.0
187,049,71.5,64.5,70.58,7,5,female,64.5
188,049,71.5,64.5,70.58,7,6,female,64.5
189,049,71.5,64.5,70.58,7,7,female,62.0
190,050,71.0,64.5,70.33,2,1,male,73.0
191,050,71.0,64.5,70.33,2,2,female,62.0
192,051,71.2,63.0,69.62,2,1,female,67.5
193,051,71.2,63.0,69.62,2,2,female,64.5
194,052,71.0,63.5,69.79,5,1,male,71.0
195,052,71.0,63.5,69.79,5,2,male,67.0
196,052,71.0,63.5,69.79,5,3,female,66.0
197,052,71.0,63.5,69.79,5,4,female,65.0
198,052,71.0,63.5,69.79,5,5,female,63.5
199,053,71.0,63.0,69.52,9,1,male,71.0
200,053,71.0,63.0,69.52,9,2,male,70.0
201,053,71.0,63.0,69.52,9,3,male,70.0
202,053,71.0,63.0,69.52,9,4,male,64.0
203,053,71.0,63.0,69.52,9,5,female,65.0
204,053,71.0,63.0,69.52,9,6,female,65.0
205,053,71.0,63.0,69.52,9,7,female,64.0
206,053,71.0,63.0,69.52,9,8,female,63.0
207,053,71.0,63.0,69.52,9,9,female,63.0
208,054,71.0,63.0,69.52,4,1,male,71.0
209,054,71.0,63.0,69.52,4,2,male,71.0
210,054,71.0,63.0,69.52,4,3,male,70.0
211,054,71.0,63.0,69.52,4,4,female,63.5
212,055,71.0,62.0,68.98,5,1,male,71.0
213,055,71.0,62.0,68.98,5,2,male,70.0
214,055,71.0,62.0,68.98,5,3,female,64.5
215,055,71.0,62.0,68.98,5,4,female,62.5
216,055,71.0,62.0,68.98,5,5,female,61.5
217,056,71.0,62.0,68.98,5,1,male,72.0
218,056,71.0,62.0,68.98,5,2,male,70.5
219,056,71.0,62.0,68.98,5,3,male,70.5
220,056,71.0,62.0,68.98,5,4,female,64.5
221,056,71.0,62.0,68.98,5,5,female,60.0
222,057,71.0,62.5,69.25,5,1,male,70.0
223,057,71.0,62.5,69.25,5,2,female,64.0
224,057,71.0,62.5,69.25,5,3,female,64.0
225,057,71.0,62.5,69.25,5,4,female,64.0
226,057,71.0,62.5,69.25,5,5,female,62.5
227,058,71.0,62.0,68.98,7,1,male,70.5
228,058,71.0,62.0,68.98,7,2,male,70.0
229,058,71.0,62.0,68.98,7,3,male,69.0
230,058,71.0,62.0,68.98,7,4,male,69.0
231,058,71.0,62.0,68.98,7,5,male,66.0
232,058,71.0,62.0,68.98,7,6,female,64.5
233,058,71.0,62.0,68.98,7,7,female,64.0
234,059,71.0,61.0,68.44,1,1,female,62.0
235,060,71.0,58.0,66.82,2,1,male,71.5
236,060,71.0,58.0,66.82,2,2,male,69.0
237,061,70.0,69.0,72.26,4,1,male,71.0
238,061,70.0,69.0,72.26,4,2,male,70.0
239,061,70.0,69.0,72.26,4,3,male,69.0
240,061,70.0,69.0,72.26,4,4,female,69.0
241,062,70.0,69.0,72.26,6,1,male,70.0
242,062,70.0,69.0,72.26,6,2,male,68.7
243,062,70.0,69.0,72.26,6,3,female,68.0
244,062,70.0,69.0,72.26,6,4,female,66.0
245,062,70.0,69.0,72.26,6,5,female,64.0
246,062,70.0,69.0,72.26,6,6,female,62.0
247,063,70.0,68.0,71.72,1,1,male,75.0
248,064,70.0,67.0,71.18,5,1,male,70.0
249,064,70.0,67.0,71.18,5,2,male,69.0
250,064,70.0,67.0,71.18,5,3,female,66.0
251,064,70.0,67.0,71.18,5,4,female,64.0
252,064,70.0,67.0,71.18,5,5,female,60.0
253,065,70.0,67.0,71.18,1,1,female,67.5
254,066,70.0,66.5,70.91,11,1,male,73.0
255,066,70.0,66.5,70.91,11,2,male,72.0
256,066,70.0,66.5,70.91,11,3,male,72.0
257,066,70.0,66.5,70.91,11,4,male,66.5
258,066,70.0,66.5,70.91,11,5,female,69.2
259,066,70.0,66.5,70.91,11,6,female,67.2
260,066,70.0,66.5,70.91,11,7,female,66.5
261,066,70.0,66.5,70.91,11,8,female,66.0
262,066,70.0,66.5,70.91,11,9,female,66.0
263,066,70.0,66.5,70.91,11,10,female,64.2
264,066,70.0,66.5,70.91,11,11,female,63.7
265,067,70.5,65.0,70.35,4,1,male,72.0
266,067,70.5,65.0,70.35,4,2,male,70.2
267,067,70.5,65.0,70.35,4,3,male,69.0
268,067,70.5,65.0,70.35,4,4,male,68.5
269,068,70.5,65.0,70.35,5,1,female,68.0
270,068,70.5,65.0,70.35,5,2,female,65.0
271,068,70.5,65.0,70.35,5,3,female,61.5
272,068,70.5,65.0,70.35,5,4,female,61.0
273,068,70.5,65.0,70.35,5,5,female,61.0
274,069,70.0,65.0,70.1,8,1,male,73.0
275,069,70.0,65.0,70.1,8,2,male,72.0
276,069,70.0,65.0,70.1,8,3,male,70.5
277,069,70.0,65.0,70.1,8,4,male,65.0
278,069,70.0,65.0,70.1,8,5,male,65.0
279,069,70.0,65.0,70.1,8,6,female,64.5
280,069,70.0,65.0,70.1,8,7,female,63.0
281,069,70.0,65.0,70.1,8,8,female,62.0
282,070,70.0,65.0,70.1,5,1,male,67.0
283,070,70.0,65.0,70.1,5,2,male,65.0
284,070,70.0,65.0,70.1,5,3,female,64.5
285,070,70.0,65.0,70.1,5,4,female,62.5
286,070,70.0,65.0,70.1,5,5,female,62.5
287,071,70.0,65.0,70.1,6,1,male,70.0
288,071,70.0,65.0,70.1,6,2,male,70.0
289,071,70.0,65.0,70.1,6,3,female,67.0
290,071,70.0,65.0,70.1,6,4,female,65.0
291,071,70.0,65.0,70.1,6,5,female,65.0
292,071,70.0,65.0,70.1,6,6,female,63.0
293,072,70.0,65.0,70.1,7,1,male,79.0
294,072,70.0,65.0,70.1,7,2,male,75.0
295,072,70.0,65.0,70.1,7,3,male,71.0
296,072,70.0,65.0,70.1,7,4,female,69.0
297,072,70.0,65.0,70.1,7,5,female,67.0
298,072,70.0,65.0,70.1,7,6,female,65.7
299,072,70.0,65.0,70.1,7,7,female,62.0
300,073,70.0,65.0,70.1,3,1,male,73.0
301,073,70.0,65.0,70.1,3,2,male,72.5
302,073,70.0,65.0,70.1,3,3,female,65.0
303,074,70.0,65.0,70.1,2,1,male,69.0
304,074,70.0,65.0,70.1,2,2,male,69.0
305,075,70.0,64.7,69.938,7,1,male,72.0
306,075,70.0,64.7,69.938,7,2,male,70.0
307,075,70.0,64.7,69.938,7,3,male,68.7
308,075,70.0,64.7,69.938,7,4,female,66.5
309,075,70.0,64.7,69.938,7,5,female,65.5
310,075,70.0,64.7,69.938,7,6,female,64.7
311,075,70.0,64.7,69.938,7,7,female,64.5
312,076,70.0,64.0,69.56,7,1,male,70.7
313,076,70.0,64.0,69.56,7,2,male,70.0
314,076,70.0,64.0,69.56,7,3,male,68.0
315,076,70.0,64.0,69.56,7,4,male,67.0
316,076,70.0,64.0,69.56,7,5,male,66.0
317,076,70.0,64.0,69.56,7,6,male,65.0
318,076,70.0,64.0,69.56,7,7,female,67.0
319,077,70.0,64.0,69.56,4,1,male,70.0
320,077,70.0,64.0,69.56,4,2,male,68.0
321,077,70.0,64.0,69.56,4,3,male,66.7
322,077,70.0,64.0,69.56,4,4,female,65.5
323,078,70.0,64.2,69.668,5,1,male,72.0
324,078,70.0,64.2,69.668,5,2,male,70.0
325,078,70.0,64.2,69.668,5,3,female,62.5
326,078,70.0,64.2,69.668,5,4,female,61.2
327,078,70.0,64.2,69.668,5,5,female,60.1
328,079,70.5,64.0,69.81,8,1,male,74.0
329,079,70.5,64.0,69.81,8,2,male,69.5
330,079,70.5,64.0,69.81,8,3,male,69.0
331,079,70.5,64.0,69.81,8,4,male,68.0
332,079,70.5,64.0,69.81,8,5,male,68.0
333,079,70.5,64.0,69.81,8,6,male,68.0
334,079,70.5,64.0,69.81,8,7,female,65.5
335,079,70.5,64.0,69.81,8,8,female,65.0
336,080,70.5,64.5,70.08,1,1,female,60.0
337,081,70.0,64.0,69.56,4,1,male,68.0
338,081,70.0,64.0,69.56,4,2,female,65.0
339,081,70.0,64.0,69.56,4,3,female,64.0
340,081,70.0,64.0,69.56,4,4,female,62.0
341,082,70.0,64.0,69.56,9,1,male,71.0
342,082,70.0,64.0,69.56,9,2,male,70.0
343,082,70.0,64.0,69.56,9,3,male,70.0
344,082,70.0,64.0,69.56,9,4,male,70.0
345,082,70.0,64.0,69.56,9,5,male,69.5
346,082,70.0,64.0,69.56,9,6,male,68.5
347,082,70.0,64.0,69.56,9,7,female,69.0
348,082,70.0,64.0,69.56,9,8,female,65.0
349,082,70.0,64.0,69.56,9,9,female,64.0
350,083,70.0,63.7,69.398,8,1,male,70.0
351,083,70.0,63.7,69.398,8,2,male,67.0
352,083,70.0,63.7,69.398,8,3,male,65.5
353,083,70.0,63.7,69.398,8,4,female,63.7
354,083,70.0,63.7,69.398,8,5,female,63.2
355,083,70.0,63.7,69.398,8,6,female,62.5
356,083,70.0,63.7,69.398,8,7,female,62.2
357,083,70.0,63.7,69.398,8,8,female,61.0
358,084,70.5,63.0,69.27,4,1,male,70.0
359,084,70.5,63.0,69.27,4,2,male,68.5
360,084,70.5,63.0,69.27,4,3,female,65.5
361,084,70.5,63.0,69.27,4,4,female,63.5
362,085,70.5,63.0,69.27,5,1,male,72.5
363,085,70.5,63.0,69.27,5,2,male,69.0
364,085,70.5,63.0,69.27,5,3,male,67.0
365,085,70.5,63.0,69.27,5,4,female,64.5
366,085,70.5,63.0,69.27,5,5,female,64.0
367,086,70.0,63.5,69.29,4,1,male,71.0
368,086,70.0,63.5,69.29,4,2,male,67.5
369,086,70.0,63.5,69.29,4,3,female,67.5
370,086,70.0,63.5,69.29,4,4,female,63.5
371,087,70.0,63.0,69.02,4,1,male,68.0
372,087,70.0,63.0,69.02,4,2,male,67.0
373,087,70.0,63.0,69.02,4,3,female,63.7
374,087,70.0,63.0,69.02,4,4,female,62.0
375,088,70.0,63.0,69.02,4,1,male,70.0
376,088,70.0,63.0,69.02,4,2,male,66.5
377,088,70.0,63.0,69.02,4,3,female,62.0
378,088,70.0,63.0,69.02,4,4,female,61.0
379,089,70.5,62.0,68.73,8,1,male,72.0
380,089,70.5,62.0,68.73,8,2,male,70.0
381,089,70.5,62.0,68.73,8,3,male,69.5
382,089,70.5,62.0,68.73,8,4,male,69.5
383,089,70.5,62.0,68.73,8,5,male,68.0
384,089,70.5,62.0,68.73,8,6,female,65.0
385,089,70.5,62.0,68.73,8,7,female,64.0
386,089,70.5,62.0,68.73,8,8,female,63.0
387,090,70.3,62.7,69.008,7,1,male,70.7
388,090,70.3,62.7,69.008,7,2,male,69.7
389,090,70.3,62.7,69.008,7,3,male,69.2
390,090,70.3,62.7,69.008,7,4,male,65.2
391,090,70.3,62.7,69.008,7,5,female,64.0
392,090,70.3,62.7,69.008,7,6,female,63.5
393,090,70.3,62.7,69.008,7,7,female,63.2
394,091,70.5,62.0,68.73,3,1,male,72.0
395,091,70.5,62.0,68.73,3,2,male,72.0
396,091,70.5,62.0,68.73,3,3,female,60.0
397,092,70.0,61.0,67.94,2,1,male,71.2
398,092,70.0,61.0,67.94,2,2,male,67.0
399,093,70.0,60.0,67.4,4,1,male,67.0
400,093,70.0,60.0,67.4,4,2,male,64.5
401,093,70.0,60.0,67.4,4,3,female,65.0
402,093,70.0,60.0,67.4,4,4,female,63.0
403,094,70.0,60.0,67.4,2,1,female,65.0
404,094,70.0,60.0,67.4,2,2,female,65.0
405,095,70.0,58.5,66.59,3,1,male,71.5
406,095,70.0,58.5,66.59,3,2,male,64.5
407,095,70.0,58.5,66.59,3,3,female,63.0
408,096,70.0,58.0,66.32,5,1,male,72.0
409,096,70.0,58.0,66.32,5,2,male,66.0
410,096,70.0,58.0,66.32,5,3,female,66.0
411,096,70.0,58.0,66.32,5,4,female,65.0
412,096,70.0,58.0,66.32,5,5,female,63.0
413,097,69.0,68.5,71.49,10,1,male,75.0
414,097,69.0,68.5,71.49,10,2,male,71.0
415,097,69.0,68.5,71.49,10,3,male,70.0
416,097,69.0,68.5,71.49,10,4,female,66.0
417,097,69.0,68.5,71.49,10,5,female,66.0
418,097,69.0,68.5,71.49,10,6,female,65.5
419,097,69.0,68.5,71.49,10,7,female,65.0
420,097,69.0,68.5,71.49,10,8,female,65.0
421,097,69.0,68.5,71.49,10,9,female,64.0
422,097,69.0,68.5,71.49,10,10,female,64.0
423,098,69.0,67.0,70.68,1,1,female,64.0
424,099,69.0,66.0,70.14,8,1,male,73.0
425,099,69.0,66.0,70.14,8,2,male,72.0
426,099,69.0,66.0,70.14,8,3,male,71.7
427,099,69.0,66.0,70.14,8,4,male,71.5
428,099,69.0,66.0,70.14,8,5,female,65.5
429,099,69.0,66.0,70.14,8,6,female,65.0
430,099,69.0,66.0,70.14,8,7,female,62.7
431,099,69.0,66.0,70.14,8,8,female,62.5
432,100,69.0,66.0,70.14,3,1,male,71.2
433,100,69.0,66.0,70.14,3,2,male,71.0
434,100,69.0,66.0,70.14,3,3,male,70.0
435,101,69.0,66.7,70.518,4,1,male,75.0
436,101,69.0,66.7,70.518,4,2,male,74.0
437,101,69.0,66.7,70.518,4,3,male,72.0
438,101,69.0,66.7,70.518,4,4,male,68.5
439,102,69.0,66.0,70.14,6,1,male,70.0
440,102,69.0,66.0,70.14,6,2,male,68.5
441,102,69.0,66.0,70.14,6,3,male,68.0
442,102,69.0,66.0,70.14,6,4,female,65.0
443,102,69.0,66.0,70.14,6,5,female,63.0
444,102,69.0,66.0,70.14,6,6,female,62.5
445,103,69.0,66.5,70.41,7,1,male,73.0
446,103,69.0,66.5,70.41,7,2,male,71.0
447,103,69.0,66.5,70.41,7,3,male,70.5
448,103,69.0,66.5,70.41,7,4,male,70.5
449,103,69.0,66.5,70.41,7,5,male,67.0
450,103,69.0,66.5,70.41,7,6,male,66.0
451,103,69.0,66.5,70.41,7,7,female,61.0
452,104,69.5,66.5,70.66,4,1,male,70.5
453,104,69.5,66.5,70.66,4,2,male,67.5
454,104,69.5,66.5,70.66,4,3,female,64.5
455,104,69.5,66.5,70.66,4,4,female,64.0
456,105,69.0,66.5,70.41,6,1,male,71.0
457,105,69.0,66.5,70.41,6,2,female,68.5
458,105,69.0,66.5,70.41,6,3,female,67.5
459,105,69.0,66.5,70.41,6,4,female,66.0
460,105,69.0,66.5,70.41,6,5,female,63.0
461,105,69.0,66.5,70.41,6,6,female,63.0
462,106,69.5,66.0,70.39,7,1,male,71.0
463,106,69.5,66.0,70.39,7,2,male,71.0
464,106,69.5,66.0,70.39,7,3,male,70.5
465,106,69.5,66.0,70.39,7,4,male,70.5
466,106,69.5,66.0,70.39,7,5,female,66.5
467,106,69.5,66.0,70.39,7,6,female,65.5
468,106,69.5,66.0,70.39,7,7,female,64.5
469,107,69.0,66.0,70.14,9,1,male,73.0
470,107,69.0,66.0,70.14,9,2,male,72.0
471,107,69.0,66.0,70.14,9,3,male,69.0
472,107,69.0,66.0,70.14,9,4,male,69.0
473,107,69.0,66.0,70.14,9,5,female,66.5
474,107,69.0,66.0,70.14,9,6,female,65.5
475,107,69.0,66.0,70.14,9,7,female,65.5
476,107,69.0,66.0,70.14,9,8,female,65.0
477,107,69.0,66.0,70.14,9,9,female,64.0
478,108,69.0,65.0,69.6,7,1,male,70.0
479,108,69.0,65.0,69.6,7,2,male,68.5
480,108,69.0,65.0,69.6,7,3,male,67.0
481,108,69.0,65.0,69.6,7,4,female,65.0
482,108,69.0,65.0,69.6,7,5,female,64.0
483,108,69.0,65.0,69.6,7,6,female,63.5
484,108,69.0,65.0,69.6,7,7,female,61.0
485,109,69.5,64.5,69.58,7,1,male,69.7
486,109,69.5,64.5,69.58,7,2,male,68.0
487,109,69.5,64.5,69.58,7,3,male,60.0
488,109,69.5,64.5,69.58,7,4,female,65.2
489,109,69.5,64.5,69.58,7,5,female,64.5
490,109,69.5,64.5,69.58,7,6,female,63.7
491,109,69.5,64.5,69.58,7,7,female,60.0
492,110,69.2,64.0,69.16,4,1,male,71.7
493,110,69.2,64.0,69.16,4,2,male,66.5
494,110,69.2,64.0,69.16,4,3,female,65.0
495,110,69.2,64.0,69.16,4,4,female,63.5
496,111,69.0,63.5,68.79,1,1,female,65.5
497,112,69.0,63.0,68.52,3,1,male,69.0
498,112,69.0,63.0,68.52,3,2,female,67.5
499,112,69.0,63.0,68.52,3,3,female,63.5
500,113,69.0,63.0,68.52,1,1,male,72.0
501,114,69.0,63.0,68.52,6,1,male,73.0
502,114,69.0,63.0,68.52,6,2,male,70.0
503,114,69.0,63.0,68.52,6,3,male,70.0
504,114,69.0,63.0,68.52,6,4,male,64.0
505,114,69.0,63.0,68.52,6,5,female,66.0
506,114,69.0,63.0,68.52,6,6,female,62.0
507,115,69.0,63.5,68.79,7,1,male,70.5
508,115,69.0,63.5,68.79,7,2,male,67.0
509,115,69.0,63.5,68.79,7,3,male,66.0
510,115,69.0,63.5,68.79,7,4,female,65.0
511,115,69.0,63.5,68.79,7,5,female,63.0
512,115,69.0,63.5,68.79,7,6,female,62.0
513,115,69.0,63.5,68.79,7,7,female,61.0
514,116,69.0,63.5,68.79,3,1,male,70.5
515,116,69.0,63.5,68.79,3,2,female,63.7
516,116,69.0,63.5,68.79,3,3,female,63.0
517,117,69.7,62.0,68.33,1,1,female,62.5
518,118,69.5,62.0,68.23,3,1,male,73.0
519,118,69.5,62.0,68.23,3,2,male,72.0
520,118,69.5,62.0,68.23,3,3,male,69.0
521,119,69.0,62.0,67.98,5,1,male,73.0
522,119,69.0,62.0,67.98,5,2,male,71.0
523,119,69.0,62.0,67.98,5,3,male,71.0
524,119,69.0,62.0,67.98,5,4,male,69.0
525,119,69.0,62.0,67.98,5,5,female,63.0
526,120,69.5,62.0,68.23,11,1,male,72.0
527,120,69.5,62.0,68.23,11,2,male,70.0
528,120,69.5,62.0,68.23,11,3,male,67.8
529,120,69.5,62.0,68.23,11,4,female,65.2
530,120,69.5,62.0,68.23,11,5,female,64.7
531,120,69.5,62.0,68.23,11,6,female,64.5
532,120,69.5,62.0,68.23,11,7,female,63.5
533,120,69.5,62.0,68.23,11,8,female,63.5
534,120,69.5,62.0,68.23,11,9,female,62.5
535,120,69.5,62.0,68.23,11,10,female,62.0
536,120,69.5,62.0,68.23,11,11,female,61.5
537,121,69.0,62.5,68.25,8,1,male,71.0
538,121,69.0,62.5,68.25,8,2,male,70.0
539,121,69.0,62.5,68.25,8,3,male,70.0
540,121,69.0,62.5,68.25,8,4,male,69.0
541,121,69.0,62.5,68.25,8,5,female,63.5
542,121,69.0,62.5,68.25,8,6,female,62.5
543,121,69.0,62.5,68.25,8,7,female,62.5
544,121,69.0,62.5,68.25,8,8,female,62.0
545,122,69.0,62.0,67.98,4,1,male,72.0
546,122,69.0,62.0,67.98,4,2,male,68.0
547,122,69.0,62.0,67.98,4,3,female,66.0
548,122,69.0,62.0,67.98,4,4,female,66.0
549,123,69.5,61.0,67.69,5,1,male,70.0
550,123,69.5,61.0,67.69,5,2,male,69.5
551,123,69.5,61.0,67.69,5,3,male,69.0
552,123,69.5,61.0,67.69,5,4,female,63.0
553,123,69.5,61.0,67.69,5,5,female,62.0
554,124,69.0,61.0,67.44,9,1,male,68.0
555,124,69.0,61.0,67.44,9,2,male,68.0
556,124,69.0,61.0,67.44,9,3,male,67.5
557,124,69.0,61.0,67.44,9,4,male,64.0
558,124,69.0,61.0,67.44,9,5,male,63.0
559,124,69.0,61.0,67.44,9,6,male,63.0
560,124,69.0,61.0,67.44,9,7,female,63.5
561,124,69.0,61.0,67.44,9,8,female,62.0
562,124,69.0,61.0,67.44,9,9,female,62.0
563,125,69.0,60.0,66.9,3,1,male,70.5
564,125,69.0,60.0,66.9,3,2,female,68.0
565,125,69.0,60.0,66.9,3,3,female,62.5
566,126,69.0,60.0,66.9,4,1,male,69.0
567,126,69.0,60.0,66.9,4,2,male,66.0
568,126,69.0,60.0,66.9,4,3,female,61.7
569,126,69.0,60.0,66.9,4,4,female,60.5
570,127,69.0,60.5,67.17,1,1,male,69.5
571,128,68.7,70.5,72.42,2,1,male,71.0
572,128,68.7,70.5,72.42,2,2,female,61.7
573,129,68.5,67.0,70.43,3,1,male,73.0
574,129,68.5,67.0,70.43,3,2,male,71.0
575,129,68.5,67.0,70.43,3,3,female,67.0
576,130,68.5,66.5,70.16,11,1,male,70.0
577,130,68.5,66.5,70.16,11,2,male,69.0
578,130,68.5,66.5,70.16,11,3,male,69.0
579,130,68.5,66.5,70.16,11,4,male,68.7
580,130,68.5,66.5,70.16,11,5,male,68.5
581,130,68.5,66.5,70.16,11,6,male,68.5
582,130,68.5,66.5,70.16,11,7,male,68.0
583,130,68.5,66.5,70.16,11,8,male,68.0
584,130,68.5,66.5,70.16,11,9,male,68.0
585,130,68.5,66.5,70.16,11,10,male,66.2
586,130,68.5,66.5,70.16,11,11,female,63.2
587,131,68.0,65.0,69.1,2,1,male,67.5
588,131,68.0,65.0,69.1,2,2,male,66.0
589,132,68.0,65.5,69.37,2,1,male,66.0
590,132,68.0,65.5,69.37,2,2,female,64.0
591,133,68.0,65.5,69.37,7,1,male,71.7
592,133,68.0,65.5,69.37,7,2,male,71.5
593,133,68.0,65.5,69.37,7,3,male,70.7
594,133,68.0,65.5,69.37,7,4,male,65.5
595,133,68.0,65.5,69.37,7,5,female,66.5
596,133,68.0,65.5,69.37,7,6,female,65.2
597,133,68.0,65.5,69.37,7,7,female,61.5
598,134,68.0,65.0,69.1,4,1,male,72.0
599,134,68.0,65.0,69.1,4,2,male,72.0
600,134,68.0,65.0,69.1,4,3,female,68.0
601,134,68.0,65.0,69.1,4,4,female,66.0
602,135,68.5,65.0,69.35,8,1,male,69.2
603,135,68.5,65.0,69.35,8,2,male,68.0
604,135,68.5,65.0,69.35,8,3,male,66.0
605,135,68.5,65.0,69.35,8,4,male,66.0
606,135,68.5,65.0,69.35,8,5,female,62.0
607,135,68.5,65.0,69.35,8,6,female,61.5
608,135,68.5,65.0,69.35,8,7,female,61.0
609,135,68.5,65.0,69.35,8,8,female,60.0
610,136A,68.5,65.0,69.35,8,1,male,72.0
611,136A,68.5,65.0,69.35,8,2,male,70.5
612,136A,68.5,65.0,69.35,8,3,male,68.7
613,136A,68.5,65.0,69.35,8,4,male,68.5
614,136A,68.5,65.0,69.35,8,5,male,67.7
615,136A,68.5,65.0,69.35,8,6,female,64.0
616,136A,68.5,65.0,69.35,8,7,female,63.5
617,136A,68.5,65.0,69.35,8,8,female,63.0
618,136,68.0,64.0,68.56,10,1,male,71.0
619,136,68.0,64.0,68.56,10,2,male,68.0
620,136,68.0,64.0,68.56,10,3,male,68.0
621,136,68.0,64.0,68.56,10,4,male,67.0
622,136,68.0,64.0,68.56,10,5,female,65.0
623,136,68.0,64.0,68.56,10,6,female,64.0
624,136,68.0,64.0,68.56,10,7,female,63.0
625,136,68.0,64.0,68.56,10,8,female,63.0
626,136,68.0,64.0,68.56,10,9,female,62.0
627,136,68.0,64.0,68.56,10,10,female,61.0
628,137,68.0,64.0,68.56,4,1,male,66.0
629,137,68.0,64.0,68.56,4,2,male,63.0
630,137,68.0,64.0,68.56,4,3,female,65.5
631,137,68.0,64.0,68.56,4,4,female,62.0
632,138,68.0,64.0,68.56,5,1,male,71.2
633,138,68.0,64.0,68.56,5,2,male,71.2
634,138,68.0,64.0,68.56,5,3,male,69.0
635,138,68.0,64.0,68.56,5,4,male,68.5
636,138,68.0,64.0,68.56,5,5,female,62.5
637,139,68.0,64.5,68.83,1,1,female,62.0
638,140,68.0,64.0,68.56,10,1,male,69.0
639,140,68.0,64.0,68.56,10,2,male,67.0
640,140,68.0,64.0,68.56,10,3,male,66.0
641,140,68.0,64.0,68.56,10,4,female,66.0
642,140,68.0,64.0,68.56,10,5,female,66.0
643,140,68.0,64.0,68.56,10,6,female,65.0
644,140,68.0,64.0,68.56,10,7,female,65.0
645,140,68.0,64.0,68.56,10,8,female,65.0
646,140,68.0,64.0,68.56,10,9,female,64.0
647,140,68.0,64.0,68.56,10,10,female,63.0
648,141,68.0,63.0,68.02,8,1,male,70.5
649,141,68.0,63.0,68.02,8,2,male,70.0
650,141,68.0,63.0,68.02,8,3,male,68.0
651,141,68.0,63.0,68.02,8,4,male,66.0
652,141,68.0,63.0,68.02,8,5,male,66.0
653,141,68.0,63.0,68.02,8,6,female,66.0
654,141,68.0,63.0,68.02,8,7,female,62.0
655,141,68.0,63.0,68.02,8,8,female,61.5
656,142,68.5,63.5,68.54,4,1,male,73.5
657,142,68.5,63.5,68.54,4,2,male,70.0
658,142,68.5,63.5,68.54,4,3,male,69.5
659,142,68.5,63.5,68.54,4,4,female,65.5
660,143,68.0,63.0,68.02,1,1,male,67.0
661,144,68.0,63.0,68.02,4,1,male,70.0
662,144,68.0,63.0,68.02,4,2,male,68.0
663,144,68.0,63.0,68.02,4,3,female,64.5
664,144,68.0,63.0,68.02,4,4,female,64.0
665,145,68.0,63.0,68.02,8,1,male,71.0
666,145,68.0,63.0,68.02,8,2,male,68.0
667,145,68.0,63.0,68.02,8,3,male,66.0
668,145,68.0,63.0,68.02,8,4,male,65.5
669,145,68.0,63.0,68.02,8,5,male,65.0
670,145,68.0,63.0,68.02,8,6,female,63.0
671,145,68.0,63.0,68.02,8,7,female,62.0
672,145,68.0,63.0,68.02,8,8,female,62.0
673,146,68.0,63.0,68.02,6,1,male,67.0
674,146,68.0,63.0,68.02,6,2,male,67.0
675,146,68.0,63.0,68.02,6,3,male,66.0
676,146,68.0,63.0,68.02,6,4,female,64.0
677,146,68.0,63.0,68.02,6,5,female,63.5
678,146,68.0,63.0,68.02,6,6,female,61.0
679,147,68.5,63.5,68.54,1,1,male,68.2
680,148,68.0,63.0,68.02,1,1,male,70.0
681,149,68.2,63.5,68.39,5,1,male,70.0
682,149,68.2,63.5,68.39,5,2,male,69.0
683,149,68.2,63.5,68.39,5,3,male,67.0
684,149,68.2,63.5,68.39,5,4,male,65.5
685,149,68.2,63.5,68.39,5,5,female,64.5
686,150,68.0,62.5,67.75,1,1,male,68.5
687,151,68.7,62.0,67.83,2,1,male,67.7
688,151,68.7,62.0,67.83,2,2,female,61.7
689,152,68.0,62.5,67.75,1,1,male,66.5
690,153,68.0,61.0,66.94,5,1,male,68.5
691,153,68.0,61.0,66.94,5,2,male,68.0
692,153,68.0,61.0,66.94,5,3,male,64.0
693,153,68.0,61.0,66.94,5,4,female,63.5
694,153,68.0,61.0,66.94,5,5,female,63.0
695,154,68.0,60.2,66.508,1,1,male,66.7
696,155,68.0,60.0,66.4,7,1,male,64.0
697,155,68.0,60.0,66.4,7,2,female,61.0
698,155,68.0,60.0,66.4,7,3,female,61.0
699,155,68.0,60.0,66.4,7,4,female,60.0
700,155,68.0,60.0,66.4,7,5,female,60.0
701,155,68.0,60.0,66.4,7,6,female,60.0
702,155,68.0,60.0,66.4,7,7,female,56.0
703,156,68.0,60.0,66.4,4,1,male,67.5
704,156,68.0,60.0,66.4,4,2,male,67.0
705,156,68.0,60.0,66.4,4,3,male,66.5
706,156,68.0,60.0,66.4,4,4,female,60.0
707,157,68.5,59.0,66.11,1,1,male,69.0
708,158,68.0,59.0,65.86,10,1,male,68.0
709,158,68.0,59.0,65.86,10,2,male,65.0
710,158,68.0,59.0,65.86,10,3,male,64.7
711,158,68.0,59.0,65.86,10,4,male,64.0
712,158,68.0,59.0,65.86,10,5,male,64.0
713,158,68.0,59.0,65.86,10,6,male,63.0
714,158,68.0,59.0,65.86,10,7,female,65.0
715,158,68.0,59.0,65.86,10,8,female,65.0
716,158,68.0,59.0,65.86,10,9,female,62.0
717,158,68.0,59.0,65.86,10,10,female,61.0
718,159,67.0,66.2,69.248,5,1,male,72.7
719,159,67.0,66.2,69.248,5,2,male,72.7
720,159,67.0,66.2,69.248,5,3,male,71.5
721,159,67.0,66.2,69.248,5,4,female,65.5
722,159,67.0,66.2,69.248,5,5,female,63.5
723,160,67.0,66.5,69.41,1,1,male,71.0
724,161,67.0,66.0,69.14,8,1,male,73.0
725,161,67.0,66.0,69.14,8,2,male,71.0
726,161,67.0,66.0,69.14,8,3,male,70.7
727,161,67.0,66.0,69.14,8,4,male,70.0
728,161,67.0,66.0,69.14,8,5,male,69.0
729,161,67.0,66.0,69.14,8,6,female,68.0
730,161,67.0,66.0,69.14,8,7,female,65.5
731,161,67.0,66.0,69.14,8,8,female,62.0
732,162,67.0,65.0,68.6,6,1,male,69.7
733,162,67.0,65.0,68.6,6,2,male,67.5
734,162,67.0,65.0,68.6,6,3,female,65.5
735,162,67.0,65.0,68.6,6,4,female,65.0
736,162,67.0,65.0,68.6,6,5,female,64.5
737,162,67.0,65.0,68.6,6,6,female,63.5
738,163,67.0,65.5,68.87,5,1,male,70.0
739,163,67.0,65.5,68.87,5,2,male,69.0
740,163,67.0,65.5,68.87,5,3,female,65.5
741,163,67.0,65.5,68.87,5,4,female,65.5
742,163,67.0,65.5,68.87,5,5,female,63.0
743,164,67.0,65.5,68.87,4,1,male,70.0
744,164,67.0,65.5,68.87,4,2,male,67.7
745,164,67.0,65.5,68.87,4,3,female,63.0
746,164,67.0,65.5,68.87,4,4,female,60.0
747,165,67.0,65.0,68.6,3,1,male,65.0
748,165,67.0,65.0,68.6,3,2,female,62.0
749,165,67.0,65.0,68.6,3,3,female,62.0
750,166,67.5,65.0,68.85,11,1,male,71.0
751,166,67.5,65.0,68.85,11,2,male,69.0
752,166,67.5,65.0,68.85,11,3,female,64.0
753,166,67.5,65.0,68.85,11,4,female,64.0
754,166,67.5,65.0,68.85,11,5,female,63.0
755,166,67.5,65.0,68.85,11,6,female,63.0
756,166,67.5,65.0,68.85,11,7,female,63.0
757,166,67.5,65.0,68.85,11,8,female,63.0
758,166,67.5,65.0,68.85,11,9,female,63.0
759,166,67.5,65.0,68.85,11,10,female,62.5
760,166,67.5,65.0,68.85,11,11,female,62.0
761,167,67.0,64.0,68.06,4,1,male,71.5
762,167,67.0,64.0,68.06,4,2,male,70.0
763,167,67.0,64.0,68.06,4,3,male,67.0
764,167,67.0,64.0,68.06,4,4,male,67.0
765,168,67.0,63.5,67.79,8,1,male,71.0
766,168,67.0,63.5,67.79,8,2,male,70.2
767,168,67.0,63.5,67.79,8,3,male,69.2
768,168,67.0,63.5,67.79,8,4,male,68.5
769,168,67.0,63.5,67.79,8,5,male,68.0
770,168,67.0,63.5,67.79,8,6,male,67.0
771,168,67.0,63.5,67.79,8,7,male,65.5
772,168,67.0,63.5,67.79,8,8,female,63.5
773,169,67.0,63.0,67.52,3,1,male,69.0
774,169,67.0,63.0,67.52,3,2,male,68.0
775,169,67.0,63.0,67.52,3,3,female,63.0
776,170,67.5,62.0,67.23,5,1,male,70.0
777,170,67.5,62.0,67.23,5,2,male,69.5
778,170,67.5,62.0,67.23,5,3,male,69.0
779,170,67.5,62.0,67.23,5,4,male,68.5
780,170,67.5,62.0,67.23,5,5,female,66.0
781,171,67.0,61.0,66.44,1,1,male,67.0
782,172,66.0,67.0,69.18,8,1,male,70.5
783,172,66.0,67.0,69.18,8,2,male,70.5
784,172,66.0,67.0,69.18,8,3,male,67.0
785,172,66.0,67.0,69.18,8,4,male,66.0
786,172,66.0,67.0,69.18,8,5,male,66.0
787,172,66.0,67.0,69.18,8,6,female,62.0
788,172,66.0,67.0,69.18,8,7,female,62.0
789,172,66.0,67.0,69.18,8,8,female,61.5
790,173,66.0,67.0,69.18,9,1,male,72.0
791,173,66.0,67.0,69.18,9,2,male,65.0
792,173,66.0,67.0,69.18,9,3,male,65.0
793,173,66.0,67.0,69.18,9,4,female,67.0
794,173,66.0,67.0,69.18,9,5,female,64.0
795,173,66.0,67.0,69.18,9,6,female,64.0
796,173,66.0,67.0,69.18,9,7,female,62.0
797,173,66.0,67.0,69.18,9,8,female,60.0
798,173,66.0,67.0,69.18,9,9,female,60.0
799,174,66.0,66.0,68.64,5,1,male,66.0
800,174,66.0,66.0,68.64,5,2,male,65.0
801,174,66.0,66.0,68.64,5,3,female,67.0
802,174,66.0,66.0,68.64,5,4,female,66.5
803,174,66.0,66.0,68.64,5,5,female,65.5
804,175,66.0,66.0,68.64,6,1,male,72.0
805,175,66.0,66.0,68.64,6,2,male,68.0
806,175,66.0,66.0,68.64,6,3,female,66.0
807,175,66.0,66.0,68.64,6,4,female,65.0
808,175,66.0,66.0,68.64,6,5,female,62.0
809,175,66.0,66.0,68.64,6,6,female,61.0
810,176,66.5,65.0,68.35,8,1,male,68.7
811,176,66.5,65.0,68.35,8,2,male,68.5
812,176,66.5,65.0,68.35,8,3,male,66.5
813,176,66.5,65.0,68.35,8,4,male,64.5
814,176,66.5,65.0,68.35,8,5,female,62.5
815,176,66.5,65.0,68.35,8,6,female,60.5
816,176,66.5,65.0,68.35,8,7,female,60.5
817,176,66.5,65.0,68.35,8,8,female,57.5
818,177,66.0,65.5,68.37,5,1,male,72.0
819,177,66.0,65.5,68.37,5,2,male,71.0
820,177,66.0,65.5,68.37,5,3,male,67.0
821,177,66.0,65.5,68.37,5,4,female,66.0
822,177,66.0,65.5,68.37,5,5,female,65.0
823,178,66.0,63.0,67.02,1,1,male,70.0
824,179,66.0,63.5,67.29,2,1,female,64.5
825,179,66.0,63.5,67.29,2,2,female,62.0
826,180,66.5,63.0,67.27,6,1,male,67.2
827,180,66.5,63.0,67.27,6,2,male,67.0
828,180,66.5,63.0,67.27,6,3,male,65.0
829,180,66.5,63.0,67.27,6,4,female,65.0
830,180,66.5,63.0,67.27,6,5,female,65.0
831,180,66.5,63.0,67.27,6,6,female,63.0
832,181,66.5,62.5,67.0,7,1,male,70.0
833,181,66.5,62.5,67.0,7,2,male,68.0
834,181,66.5,62.5,67.0,7,3,female,63.5
835,181,66.5,62.5,67.0,7,4,female,62.5
836,181,66.5,62.5,67.0,7,5,female,62.5
837,181,66.5,62.5,67.0,7,6,female,62.5
838,181,66.5,62.5,67.0,7,7,female,62.5
839,182,66.0,61.5,66.21,1,1,male,70.0
840,183,66.0,60.0,65.4,4,1,male,68.0
841,183,66.0,60.0,65.4,4,2,male,67.0
842,183,66.0,60.0,65.4,4,3,male,65.0
843,183,66.0,60.0,65.4,4,4,female,60.0
844,184,66.0,60.0,65.4,1,1,male,65.0
845,185,66.0,59.0,64.86,15,1,male,68.0
846,185,66.0,59.0,64.86,15,2,male,67.0
847,185,66.0,59.0,64.86,15,3,male,66.5
848,185,66.0,59.0,64.86,15,4,male,66.0
849,185,66.0,59.0,64.86,15,5,male,65.7
850,185,66.0,59.0,64.86,15,6,male,65.5
851,185,66.0,59.0,64.86,15,7,male,65.0
852,185,66.0,59.0,64.86,15,8,female,65.0
853,185,66.0,59.0,64.86,15,9,female,64.0
854,185,66.0,59.0,64.86,15,10,female,63.0
855,185,66.0,59.0,64.86,15,11,female,62.0
856,185,66.0,59.0,64.86,15,12,female,61.0
857,185,66.0,59.0,64.86,15,13,female,60.0
858,185,66.0,59.0,64.86,15,14,female,58.0
859,185,66.0,59.0,64.86,15,15,female,57.0
860,186,65.0,67.0,68.68,4,1,male,66.5
861,186,65.0,67.0,68.68,4,2,male,66.0
862,186,65.0,67.0,68.68,4,3,male,66.0
863,186,65.0,67.0,68.68,4,4,female,65.0
864,187,65.0,67.0,68.68,1,1,female,63.0
865,188,65.0,66.0,68.14,4,1,male,63.0
866,188,65.0,66.0,68.14,4,2,female,63.0
867,188,65.0,66.0,68.14,4,3,female,63.0
868,188,65.0,66.0,68.14,4,4,female,60.0
869,189,65.0,66.0,68.14,5,1,male,67.0
870,189,65.0,66.0,68.14,5,2,male,66.0
871,189,65.0,66.0,68.14,5,3,male,65.0
872,189,65.0,66.0,68.14,5,4,female,65.0
873,189,65.0,66.0,68.14,5,5,female,61.0
874,190,65.0,65.0,67.6,9,1,male,69.0
875,190,65.0,65.0,67.6,9,2,male,68.0
876,190,65.0,65.0,67.6,9,3,male,68.0
877,190,65.0,65.0,67.6,9,4,female,65.0
878,190,65.0,65.0,67.6,9,5,female,65.0
879,190,65.0,65.0,67.6,9,6,female,62.0
880,190,65.0,65.0,67.6,9,7,female,62.0
881,190,65.0,65.0,67.6,9,8,female,61.0
882,190,65.0,65.0,67.6,9,9,female,59.0
883,191,65.0,65.5,67.87,2,1,male,70.7
884,191,65.0,65.5,67.87,2,2,female,65.5
885,192,65.0,65.0,67.6,6,1,male,69.2
886,192,65.0,65.0,67.6,6,2,male,69.0
887,192,65.0,65.0,67.6,6,3,male,68.0
888,192,65.0,65.0,67.6,6,4,male,67.7
889,192,65.0,65.0,67.6,6,5,female,64.5
890,192,65.0,65.0,67.6,6,6,female,60.5
891,193,65.0,64.0,67.06,6,1,male,67.0
892,193,65.0,64.0,67.06,6,2,male,67.0
893,193,65.0,64.0,67.06,6,3,female,64.0
894,193,65.0,64.0,67.06,6,4,female,64.0
895,193,65.0,64.0,67.06,6,5,female,62.5
896,193,65.0,64.0,67.06,6,6,female,60.5
897,194,65.0,63.0,66.52,2,1,male,70.0
898,194,65.0,63.0,66.52,2,2,female,63.0
899,195,65.0,63.0,66.52,3,1,male,66.0
900,195,65.0,63.0,66.52,3,2,male,66.0
901,195,65.0,63.0,66.52,3,3,female,63.0
902,196,65.5,63.0,66.77,4,1,male,71.0
903,196,65.5,63.0,66.77,4,2,male,71.0
904,196,65.5,63.0,66.77,4,3,male,69.0
905,196,65.5,63.0,66.77,4,4,female,63.5
906,197,65.5,60.0,65.15,5,1,male,68.0
907,197,65.5,60.0,65.15,5,2,male,68.0
908,197,65.5,60.0,65.15,5,3,male,67.0
909,197,65.5,60.0,65.15,5,4,male,67.0
910,197,65.5,60.0,65.15,5,5,female,62.0
911,198,64.0,64.0,66.56,7,1,male,71.5
912,198,64.0,64.0,66.56,7,2,male,68.0
913,198,64.0,64.0,66.56,7,3,female,65.5
914,198,64.0,64.0,66.56,7,4,female,64.0
915,198,64.0,64.0,66.56,7,5,female,62.0
916,198,64.0,64.0,66.56,7,6,female,62.0
917,198,64.0,64.0,66.56,7,7,female,61.0
918,199,64.0,64.0,66.56,7,1,male,70.5
919,199,64.0,64.0,66.56,7,2,male,68.0
920,199,64.0,64.0,66.56,7,3,female,67.0
921,199,64.0,64.0,66.56,7,4,female,65.0
922,199,64.0,64.0,66.56,7,5,female,64.0
923,199,64.0,64.0,66.56,7,6,female,64.0
924,199,64.0,64.0,66.56,7,7,female,60.0
925,200,64.0,63.0,66.02,1,1,male,64.5
926,201,64.0,60.0,64.4,2,1,male,66.0
927,201,64.0,60.0,64.4,2,2,female,60.0
928,202,63.0,63.5,65.79,2,1,female,68.5
929,202,63.0,63.5,65.79,2,2,female,63.5
930,203,62.0,66.0,66.64,3,1,male,64.0
931,203,62.0,66.0,66.64,3,2,female,62.0
932,203,62.0,66.0,66.64,3,3,female,61.0
933,204,62.5,63.0,65.27,2,1,male,66.5
934,204,62.5,63.0,65.27,2,2,female,57.0
