,union,left,size,concen
Sweden,82.4,111.84,8.27664912542186,1.55
Israel,80.0,73.17,6.90475076996184,1.71
Iceland,74.3,17.25,4.39444915467244,2.06
Finland,73.3,59.33,7.61775957660851,1.56
Belgium,71.9,43.25,8.11611843160937,1.52
Denmark,69.8,90.24,7.70751219460034,1.52
Ireland,68.1,0.0,6.78671695060508,1.75
Austria,65.6,48.67,7.81156848934518,1.53
NZ,59.4,60.0,6.95654544315157,1.64
Norway,58.9,83.08,7.41276401742656,1.58
Australia,51.4,33.74,8.60079877527103,1.37
Italy,50.6,0.0,9.66896702819858,0.86
UK,48.0,43.67,10.156461713809,1.13
Germany,39.6,35.33,10.043379921188,0.92
Netherlands,37.7,31.5,8.41383067842108,1.25
Switzerland,35.4,11.87,7.80791662892641,1.68
Canada,31.2,0.0,9.26065318584977,1.35
Japan,31.0,1.92,10.5948832000573,1.11
France,28.2,8.67,9.8440559687667,0.95
USA,24.5,0.0,11.4392681604813,1.0
