,y
1,5.66
2,5.5
3,5.65
4,5.59
5,5.64
6,5.61
7,5.6
8,5.55
9,5.68
10,5.63
11,5.58
12,5.62
13,5.57
14,5.58
15,5.63
16,5.54
17,5.59
18,5.59
19,5.59
20,5.65
21,5.6
22,5.67
23,5.55
24,5.57
25,5.61
26,5.62
27,5.63
28,5.62
29,5.66
30,5.67
31,5.59
32,5.67
33,5.66
34,5.54
35,5.55
36,5.57
37,5.54
38,5.55
39,5.59
40,5.66
41,5.61
42,5.65
43,5.55
44,5.66
45,5.62
46,5.6
47,5.62
48,5.65
49,5.67
50,5.61
51,5.58
52,5.65
53,5.65
54,5.63
55,5.51
56,5.58
57,5.51
58,5.6
59,5.68
60,5.58
61,5.67
62,5.59
63,5.65
64,5.69
65,5.67
66,5.66
67,5.59
68,5.72
69,5.63
70,5.57
71,5.59
72,5.58
73,5.67
74,5.67
75,5.69
