1000	0.000000	0.000125	0.000038	0.012684	0.000638	0.051091	0.000151	0.044208	0.004264	0.000617	0.007746	0.036569	0.001813	0.000305	0.003171	0.004114	0.000530	0.016800	0.003396	0.017566	0.034756	0.000018	0.051096	0.000022	0.001749	0.000210	0.006065	0.006969	0.016719	0.006028	0.003378	0.003200	0.025072	0.000291	0.000116	0.001633	0.000028	0.011305	0.000019	0.010359	0.006533	0.047593	0.027411	0.000059	0.017558	0.000518	0.000946	0.044212	0.000094	0.005404	0.026762	0.009941	0.003801	0.000027	0.000161	0.000901	0.000019	0.000518	0.034732	0.000059	0.000126	0.000970	0.011814	0.005997	0.000205	0.001832	0.008792	0.036318	0.000149	0.032781	0.010692	0.000530	0.010557	0.016641	0.008180	0.001606	0.000092	0.007445	0.026718	0.027457	0.000957	0.005901	0.000314	0.000162	0.000856	0.004776	0.008114	0.003693	0.000038	0.024965	0.044256	0.007180	0.000022	0.010297	0.000994	0.044255	0.001725	0.016541	0.003658	0.000288


1000	0.000090	0.000000	0.012595	0.007752	0.029982	0.000086	0.025117	0.000125	0.016180	0.034081	0.011879	0.000666	0.001977	0.012394	0.005083	0.018335	0.008097	0.003589	0.001246	0.000673	0.000093	0.031979	0.000103	0.022892	0.003229	0.031668	0.000773	0.012830	0.002321	0.000259	0.000381	0.002040	0.000228	0.002345	0.036628	0.020686	0.030657	0.008833	0.033887	0.000501	0.013725	0.000437	0.001735	0.020993	0.001335	0.004925	0.012420	0.000087	0.015749	0.013200	0.000892	0.008467	0.018343	0.017404	0.003672	0.020724	0.027902	0.018258	0.000163	0.008730	0.031875	0.000908	0.007828	0.003276	0.018289	0.000591	0.010949	0.000447	0.036619	0.001726	0.002000	0.001451	0.000913	0.000328	0.006426	0.011964	0.005754	0.010357	0.000529	0.002241	0.005181	0.001311	0.025021	0.011212	0.029904	0.016909	0.003567	0.006376	0.026139	0.000110	0.000528	0.012725	0.033520	0.000183	0.003167	0.000433	0.008168	0.000135	0.011899	0.007597


1000	0.000038	0.017610	0.000000	0.004088	0.026950	0.000059	0.044504	0.000022	0.012665	0.016754	0.006971	0.000127	0.000057	0.044731	0.000308	0.009224	0.036468	0.000622	0.000039	0.001743	0.000158	0.025121	0.000028	0.044299	0.017494	0.005936	0.000027	0.007627	0.003620	0.001850	0.003397	0.010635	0.000018	0.025084	0.026997	0.003581	0.006032	0.003790	0.016558	0.000022	0.005121	0.000203	0.001610	0.001847	0.000127	0.000157	0.000923	0.000094	0.000986	0.011710	0.000115	0.006922	0.011831	0.051303	0.034705	0.032195	0.034877	0.001707	0.000019	0.051294	0.036437	0.010364	0.005230	0.000215	0.047618	0.006133	0.004097	0.000528	0.010445	0.000843	0.000150	0.016626	0.003247	0.000019	0.000856	0.027490	0.044377	0.009302	0.000939	0.000615	0.026599	0.005958	0.003205	0.000529	0.008088	0.006909	0.008186	0.016407	0.003359	0.000285	0.000154	0.007064	0.010396	0.000984	0.000094	0.000320	0.000529	0.000521	0.001596	0.000286


1000	0.006350	0.005407	0.002039	0.000000	0.011658	0.006303	0.005386	0.006285	0.022672	0.011619	0.025906	0.012948	0.004037	0.005805	0.009033	0.022831	0.006385	0.019539	0.004478	0.011004	0.005773	0.001925	0.006369	0.001942	0.007651	0.005964	0.004832	0.025500	0.018804	0.004332	0.003949	0.008320	0.005899	0.002753	0.005262	0.013826	0.002080	0.026564	0.001932	0.005241	0.024556	0.012968	0.020186	0.002391	0.011777	0.003333	0.007617	0.006100	0.002579	0.023427	0.012321	0.025651	0.022366	0.001953	0.002501	0.012157	0.001900	0.006869	0.006109	0.002189	0.005327	0.003238	0.026548	0.010186	0.005568	0.003614	0.025633	0.012301	0.005554	0.020966	0.010899	0.002982	0.010079	0.005554	0.017546	0.012923	0.002298	0.024570	0.011774	0.020751	0.007032	0.009090	0.006343	0.002824	0.012306	0.023306	0.016488	0.014729	0.002195	0.005454	0.013197	0.025649	0.002010	0.004707	0.003734	0.012911	0.008366	0.005047	0.015666	0.003081


1000	0.000369	0.024148	0.015524	0.013462	0.000000	0.000409	0.026282	0.000359	0.023827	0.028584	0.018455	0.001468	0.001286	0.020131	0.003902	0.022984	0.016415	0.005220	0.000983	0.002943	0.000543	0.018040	0.000355	0.018505	0.009650	0.016869	0.000749	0.019447	0.007097	0.001520	0.002056	0.007118	0.000427	0.006857	0.026463	0.015857	0.012124	0.013854	0.016437	0.000603	0.017659	0.001409	0.005115	0.007744	0.001899	0.002349	0.007302	0.000464	0.005894	0.021646	0.001587	0.015972	0.024510	0.017261	0.008780	0.028405	0.018639	0.009867	0.000380	0.013451	0.027305	0.003796	0.014436	0.003051	0.023748	0.002834	0.015305	0.001836	0.020562	0.004300	0.002295	0.005133	0.003874	0.000492	0.007028	0.022070	0.011036	0.018621	0.002283	0.004365	0.012865	0.005174	0.013103	0.004418	0.022431	0.020613	0.010252	0.015316	0.009779	0.000674	0.001417	0.018999	0.014521	0.001130	0.001753	0.001595	0.005399	0.000851	0.010437	0.003248


1000	0.050851	0.000120	0.000058	0.012531	0.000704	0.000000	0.000192	0.034589	0.004575	0.000599	0.007824	0.029192	0.000971	0.000451	0.001983	0.004021	0.000823	0.013128	0.001847	0.024315	0.044068	0.000020	0.043857	0.000029	0.002826	0.000166	0.003392	0.007058	0.020783	0.010338	0.006070	0.005128	0.016611	0.000542	0.000122	0.001273	0.000022	0.010692	0.000018	0.006055	0.005996	0.045845	0.030543	0.000040	0.012092	0.000283	0.000617	0.050958	0.000059	0.005955	0.019670	0.010772	0.003914	0.000039	0.000292	0.001117	0.000022	0.000355	0.024884	0.000097	0.000146	0.001835	0.012270	0.003815	0.000283	0.003398	0.008076	0.042609	0.000129	0.031902	0.006999	0.001003	0.015621	0.010283	0.006042	0.002163	0.000160	0.008228	0.034165	0.023652	0.001527	0.009193	0.000229	0.000096	0.000734	0.004467	0.010937	0.005097	0.000028	0.034631	0.038636	0.007167	0.000019	0.016639	0.000534	0.047015	0.001093	0.024915	0.002704	0.000162


1000	0.000108	0.025162	0.031885	0.007736	0.032690	0.000139	0.000000	0.000085	0.018590	0.025529	0.012034	0.000434	0.000329	0.031692	0.001293	0.015965	0.024978	0.001929	0.000230	0.002052	0.000254	0.026416	0.000093	0.033648	0.012497	0.012505	0.000163	0.012971	0.004850	0.001454	0.002322	0.008170	0.000090	0.012667	0.031922	0.008901	0.011190	0.007674	0.020941	0.000126	0.010381	0.000507	0.002760	0.004998	0.000527	0.000771	0.003192	0.000184	0.003177	0.016760	0.000444	0.010831	0.018494	0.033904	0.017389	0.032750	0.030842	0.005113	0.000084	0.027985	0.036715	0.005734	0.008980	0.000927	0.036748	0.003731	0.008535	0.000900	0.018175	0.001878	0.000650	0.008665	0.003230	0.000102	0.002741	0.025493	0.022802	0.013660	0.001329	0.001677	0.018306	0.005115	0.008116	0.001998	0.015974	0.013138	0.008855	0.015755	0.007560	0.000377	0.000455	0.012366	0.015861	0.000907	0.000503	0.000663	0.002039	0.000571	0.004720	0.001244


1000	0.044217	0.000175	0.000022	0.012555	0.000621	0.034758	0.000118	0.000000	0.003911	0.000772	0.007659	0.046490	0.005953	0.000168	0.007877	0.004546	0.000255	0.024858	0.010304	0.008045	0.016707	0.000022	0.051195	0.000018	0.000710	0.000406	0.016640	0.006912	0.009970	0.001841	0.000985	0.001256	0.044150	0.000096	0.000133	0.002915	0.000057	0.012302	0.000028	0.025004	0.007872	0.040934	0.019458	0.000161	0.031585	0.001810	0.002381	0.025162	0.000286	0.004618	0.040952	0.008366	0.003812	0.000019	0.000059	0.000680	0.000019	0.001244	0.051108	0.000028	0.000120	0.000282	0.010666	0.013724	0.000133	0.000527	0.010330	0.021696	0.000249	0.029908	0.022078	0.000162	0.004414	0.034675	0.014294	0.000983	0.000038	0.006169	0.013825	0.032274	0.000417	0.002333	0.000688	0.000529	0.001337	0.005681	0.004363	0.002019	0.000092	0.010328	0.046504	0.007309	0.000039	0.003387	0.003398	0.031644	0.004384	0.006011	0.006802	0.000984


1000	0.002135	0.011289	0.006319	0.022679	0.020641	0.002302	0.012947	0.001958	0.000000	0.019000	0.025540	0.005421	0.002256	0.012770	0.006067	0.025715	0.012602	0.011631	0.002153	0.008061	0.002642	0.005716	0.002033	0.006222	0.011363	0.009604	0.002027	0.025894	0.015308	0.003843	0.004205	0.010470	0.001912	0.005728	0.011978	0.015157	0.004553	0.022435	0.005312	0.001972	0.023477	0.005709	0.013363	0.003846	0.005418	0.002617	0.007260	0.002467	0.003492	0.026585	0.005281	0.024516	0.026605	0.006262	0.005953	0.021247	0.005960	0.007894	0.001912	0.006353	0.012641	0.004938	0.023605	0.005905	0.013028	0.004622	0.022673	0.006644	0.010340	0.012094	0.005506	0.005344	0.008807	0.001910	0.012129	0.020407	0.006141	0.025684	0.007323	0.011575	0.012156	0.009541	0.008696	0.003192	0.016952	0.024470	0.017045	0.019056	0.004154	0.002891	0.005578	0.025594	0.004984	0.003485	0.002460	0.006214	0.006683	0.003142	0.013412	0.002901


1000	0.000358	0.027561	0.009690	0.013472	0.028700	0.000349	0.020608	0.000448	0.022022	0.000000	0.018190	0.001835	0.002842	0.012754	0.007108	0.023994	0.009654	0.006947	0.002095	0.001839	0.000365	0.018249	0.000392	0.014557	0.005231	0.024233	0.001517	0.019153	0.005182	0.000723	0.000934	0.003838	0.000671	0.003162	0.026552	0.022433	0.017709	0.014712	0.018912	0.001138	0.019764	0.001372	0.004248	0.013823	0.002926	0.005224	0.012986	0.000351	0.011405	0.019214	0.002223	0.014269	0.023955	0.012033	0.004252	0.022408	0.016590	0.016737	0.000535	0.007616	0.024252	0.001666	0.013569	0.005353	0.016627	0.001256	0.016983	0.001394	0.026563	0.004235	0.003823	0.002286	0.002249	0.000854	0.010239	0.015403	0.005731	0.016337	0.001564	0.005057	0.007191	0.002850	0.020666	0.009106	0.028555	0.022686	0.006862	0.010143	0.015911	0.000407	0.001570	0.019050	0.018843	0.000573	0.003912	0.001371	0.009819	0.000467	0.015501	0.007013


1000	0.003824	0.008170	0.003428	0.025544	0.015758	0.003881	0.008261	0.003780	0.025175	0.015470	0.000000	0.009005	0.003513	0.008266	0.008367	0.025152	0.008528	0.016299	0.003600	0.009114	0.003836	0.003398	0.003808	0.003431	0.008784	0.008200	0.003607	0.026475	0.016775	0.003789	0.003753	0.008798	0.003740	0.003643	0.008142	0.015705	0.003333	0.025470	0.003345	0.003671	0.025212	0.008916	0.016574	0.003391	0.008842	0.003430	0.008349	0.003880	0.003400	0.025305	0.008813	0.025489	0.025070	0.003392	0.003561	0.015959	0.003383	0.008197	0.003747	0.003514	0.008266	0.003653	0.025649	0.008729	0.008291	0.003745	0.025300	0.009022	0.008076	0.016490	0.008664	0.003649	0.009006	0.003678	0.015959	0.015857	0.003499	0.025447	0.009118	0.016434	0.008737	0.008821	0.008168	0.003438	0.015400	0.024995	0.016333	0.016265	0.003326	0.003835	0.009062	0.026471	0.003367	0.003802	0.003527	0.009110	0.008435	0.003787	0.015871	0.003452


1000	0.026139	0.000664	0.000091	0.018485	0.001816	0.020965	0.000431	0.033224	0.007738	0.002260	0.013039	0.000000	0.008545	0.000508	0.012344	0.009059	0.000670	0.029818	0.012550	0.008251	0.011211	0.000113	0.030569	0.000089	0.001357	0.001335	0.017323	0.012108	0.012209	0.002000	0.001252	0.002037	0.031652	0.000236	0.000518	0.006536	0.000257	0.018656	0.000139	0.022627	0.013814	0.031517	0.020696	0.000586	0.031585	0.003632	0.005192	0.015824	0.000914	0.008582	0.036531	0.013187	0.007765	0.000085	0.000168	0.001822	0.000095	0.003184	0.033606	0.000106	0.000460	0.000501	0.016049	0.018295	0.000449	0.000792	0.016735	0.018130	0.000897	0.030154	0.025105	0.000338	0.005193	0.027626	0.020717	0.002249	0.000127	0.010522	0.012624	0.034018	0.000938	0.003203	0.002021	0.001462	0.003564	0.010838	0.006473	0.003709	0.000376	0.007601	0.036597	0.012694	0.000186	0.003178	0.005752	0.025059	0.008131	0.004943	0.012260	0.002325


1000	0.001816	0.002761	0.000057	0.008081	0.002230	0.000977	0.000458	0.005965	0.004515	0.004906	0.007132	0.011980	0.000000	0.000181	0.047457	0.008140	0.000142	0.023466	0.051179	0.000360	0.000282	0.000535	0.003361	0.000163	0.000119	0.009298	0.044046	0.006973	0.001275	0.000038	0.000028	0.000128	0.016533	0.000019	0.001447	0.020843	0.003400	0.010575	0.000996	0.034634	0.012377	0.003650	0.002572	0.010426	0.029092	0.044301	0.034435	0.000526	0.016773	0.003871	0.019542	0.004446	0.005803	0.000092	0.000022	0.001099	0.000287	0.024352	0.010227	0.000039	0.000819	0.000018	0.005896	0.045431	0.000278	0.000022	0.012504	0.001048	0.005160	0.006075	0.038573	0.000018	0.000229	0.024875	0.031879	0.000661	0.000027	0.003873	0.000606	0.013015	0.000125	0.000158	0.015645	0.025231	0.010996	0.010746	0.000722	0.000600	0.006069	0.000157	0.006892	0.007648	0.001853	0.000057	0.051328	0.001998	0.042799	0.000091	0.030504	0.034943


1000	0.000220	0.012488	0.032234	0.008386	0.025184	0.000328	0.031875	0.000121	0.018442	0.015891	0.012110	0.000514	0.000131	0.000000	0.000623	0.013481	0.036908	0.001655	0.000106	0.005148	0.000762	0.012721	0.000159	0.023046	0.025151	0.005070	0.000089	0.012828	0.008878	0.004987	0.007633	0.018414	0.000087	0.026659	0.018417	0.004714	0.003640	0.007562	0.008624	0.000083	0.008702	0.000865	0.004690	0.001435	0.000421	0.000245	0.001283	0.000494	0.000894	0.018234	0.000431	0.013000	0.016757	0.028135	0.031100	0.032738	0.017591	0.001968	0.000099	0.034438	0.025054	0.015888	0.010405	0.000521	0.036945	0.011375	0.007617	0.002005	0.007962	0.002654	0.000433	0.021180	0.008151	0.000081	0.001853	0.033020	0.033916	0.015947	0.003192	0.001870	0.031889	0.012492	0.003139	0.000570	0.008662	0.010661	0.016015	0.025154	0.002270	0.001223	0.000649	0.012018	0.005757	0.003151	0.000178	0.001305	0.000884	0.001952	0.002704	0.000370


1000	0.002286	0.005104	0.000221	0.013005	0.004864	0.001436	0.001296	0.005676	0.008732	0.008826	0.012216	0.012447	0.034131	0.000621	0.000000	0.013687	0.000507	0.025428	0.032168	0.000898	0.000565	0.001245	0.003654	0.000501	0.000424	0.012573	0.027983	0.012060	0.002800	0.000133	0.000106	0.000438	0.012599	0.000089	0.003131	0.025502	0.004958	0.016025	0.001985	0.022873	0.018453	0.004969	0.004654	0.011295	0.025119	0.030909	0.031988	0.000902	0.015890	0.007697	0.018199	0.008340	0.010609	0.000321	0.000100	0.002807	0.000772	0.025114	0.008623	0.000163	0.002031	0.000082	0.010277	0.036842	0.000875	0.000092	0.018372	0.001953	0.008122	0.008863	0.031639	0.000083	0.000648	0.017423	0.032945	0.001855	0.000122	0.007603	0.001309	0.015928	0.000450	0.000499	0.018325	0.021226	0.016048	0.016764	0.001862	0.001672	0.007589	0.000368	0.008121	0.012921	0.003165	0.000177	0.033852	0.003172	0.036852	0.000246	0.032967	0.026537


1000	0.002058	0.012778	0.004598	0.022813	0.019888	0.002021	0.011107	0.002274	0.025687	0.020679	0.025489	0.006340	0.004063	0.009324	0.009500	0.000000	0.008683	0.014364	0.003762	0.005687	0.001950	0.005959	0.002154	0.005384	0.007322	0.012836	0.003401	0.025844	0.012161	0.002221	0.002358	0.006695	0.002638	0.003296	0.012338	0.019858	0.006202	0.023592	0.006086	0.003131	0.025744	0.005545	0.011634	0.006045	0.007424	0.004772	0.011250	0.001982	0.005807	0.024612	0.006730	0.022719	0.026494	0.004951	0.003563	0.018182	0.005653	0.011856	0.002428	0.004291	0.011898	0.002719	0.022685	0.008959	0.010264	0.002554	0.024662	0.005386	0.012806	0.011922	0.008013	0.002986	0.005903	0.002844	0.016081	0.015901	0.003882	0.023528	0.005513	0.012871	0.008041	0.006175	0.012418	0.005543	0.020630	0.026554	0.012754	0.014216	0.006114	0.001975	0.005963	0.025879	0.006233	0.002103	0.004478	0.005511	0.010490	0.002004	0.018124	0.005194


1000	0.000381	0.008095	0.026077	0.009152	0.020377	0.000593	0.024929	0.000183	0.018058	0.011935	0.012398	0.000673	0.000102	0.036623	0.000505	0.012457	0.000000	0.001757	0.000091	0.008272	0.001456	0.007568	0.000258	0.015683	0.031784	0.003181	0.000084	0.012956	0.012204	0.008801	0.012740	0.025273	0.000110	0.032018	0.012505	0.003590	0.001952	0.007922	0.004876	0.000086	0.008293	0.001312	0.006519	0.000778	0.000458	0.000161	0.000894	0.000925	0.000498	0.018743	0.000517	0.014439	0.015777	0.020777	0.033891	0.029679	0.011121	0.001296	0.000137	0.030711	0.018116	0.022885	0.011555	0.000464	0.031605	0.017700	0.007577	0.003263	0.005012	0.003509	0.000427	0.027967	0.012660	0.000093	0.001723	0.034141	0.033356	0.017182	0.005210	0.002250	0.036717	0.018422	0.001996	0.000331	0.006356	0.009828	0.020845	0.029633	0.001212	0.002346	0.000918	0.012091	0.003152	0.005805	0.000127	0.002063	0.000660	0.003703	0.002241	0.000227


1000	0.009725	0.002894	0.000359	0.022592	0.005227	0.007635	0.001552	0.014387	0.013444	0.006927	0.019113	0.024148	0.013554	0.001325	0.020422	0.016621	0.001417	0.000000	0.015894	0.005309	0.004287	0.000682	0.012083	0.000460	0.001851	0.005266	0.017580	0.018408	0.010463	0.001253	0.000944	0.002243	0.018058	0.000420	0.002218	0.015631	0.001517	0.024213	0.000863	0.018671	0.022075	0.016508	0.015512	0.002855	0.027495	0.008906	0.013041	0.005814	0.003884	0.013549	0.026488	0.016873	0.014303	0.000391	0.000372	0.004415	0.000542	0.009664	0.016465	0.000352	0.001842	0.000574	0.019708	0.024221	0.001398	0.000733	0.024041	0.009626	0.003825	0.022470	0.026553	0.000482	0.003882	0.018745	0.028516	0.004251	0.000347	0.014806	0.007234	0.028511	0.001596	0.002865	0.007133	0.005266	0.010247	0.019172	0.006881	0.005178	0.002057	0.003147	0.020688	0.019215	0.001140	0.001687	0.011335	0.012997	0.016711	0.002278	0.022521	0.006960


1000	0.003385	0.001730	0.000039	0.008916	0.001695	0.001850	0.000318	0.010270	0.004285	0.003598	0.007270	0.017503	0.050908	0.000147	0.044490	0.007496	0.000126	0.027372	0.000000	0.000539	0.000528	0.000293	0.006061	0.000096	0.000129	0.006022	0.050914	0.006995	0.001671	0.000059	0.000039	0.000153	0.024929	0.000019	0.000920	0.016828	0.001843	0.011330	0.000534	0.044000	0.012070	0.005852	0.003551	0.006084	0.036468	0.034592	0.026903	0.000998	0.010358	0.003839	0.026671	0.004834	0.005352	0.000058	0.000019	0.000908	0.000162	0.017547	0.016578	0.000029	0.000539	0.000022	0.006512	0.047061	0.000207	0.000028	0.012784	0.001691	0.003246	0.008338	0.044214	0.000019	0.000322	0.034583	0.032764	0.000613	0.000022	0.004043	0.000950	0.016826	0.000122	0.000206	0.010589	0.016703	0.008231	0.010030	0.000864	0.000637	0.003384	0.000286	0.010617	0.007680	0.000992	0.000094	0.044113	0.003238	0.036478	0.000158	0.027590	0.025028


1000	0.012541	0.000670	0.001240	0.015692	0.003635	0.017441	0.002038	0.005742	0.011492	0.002262	0.013180	0.008241	0.000257	0.005081	0.000890	0.008115	0.008229	0.006547	0.000386	0.000000	0.027600	0.000235	0.008631	0.000513	0.018407	0.000460	0.000585	0.012550	0.033757	0.030455	0.026042	0.024927	0.002339	0.007662	0.000913	0.001791	0.000104	0.012626	0.000167	0.000922	0.008387	0.018319	0.029949	0.000088	0.003261	0.000137	0.000533	0.022637	0.000088	0.014393	0.005150	0.018987	0.009328	0.000780	0.004999	0.006631	0.000337	0.000451	0.003681	0.002013	0.001335	0.015574	0.018021	0.001365	0.003209	0.020816	0.009908	0.031748	0.000517	0.020485	0.002062	0.011209	0.036501	0.001453	0.003594	0.012136	0.003141	0.017361	0.036505	0.012101	0.012672	0.031529	0.000431	0.000097	0.001735	0.007526	0.029874	0.021081	0.000091	0.031586	0.012557	0.012124	0.000130	0.033156	0.000188	0.025072	0.000672	0.033494	0.002318	0.000113


1000	0.034777	0.000130	0.000158	0.011538	0.000940	0.044302	0.000353	0.016714	0.005279	0.000630	0.007775	0.015693	0.000281	0.001054	0.000785	0.003899	0.002031	0.007411	0.000530	0.038683	0.000000	0.000028	0.025006	0.000059	0.006968	0.000122	0.000988	0.007097	0.028185	0.024929	0.016587	0.011986	0.006085	0.001858	0.000161	0.000831	0.000018	0.009134	0.000022	0.001853	0.005014	0.034488	0.032617	0.000022	0.005157	0.000092	0.000286	0.051157	0.000028	0.007116	0.009224	0.011992	0.004211	0.000092	0.000988	0.001815	0.000039	0.000187	0.010342	0.000288	0.000229	0.005974	0.012472	0.001501	0.000595	0.010253	0.006636	0.047324	0.000115	0.026090	0.002797	0.003399	0.029103	0.003389	0.003211	0.003957	0.000517	0.009684	0.045560	0.015548	0.003830	0.019568	0.000141	0.000039	0.000595	0.003949	0.018079	0.009268	0.000019	0.051108	0.024290	0.007000	0.000019	0.034654	0.000162	0.042792	0.000462	0.044064	0.001516	0.000059


1000	0.000018	0.044382	0.024934	0.003830	0.031085	0.000020	0.036595	0.000022	0.011371	0.031317	0.006858	0.000157	0.000532	0.017522	0.001720	0.011866	0.010506	0.001173	0.000292	0.000328	0.000028	0.000000	0.000019	0.044052	0.003247	0.026668	0.000161	0.007624	0.001204	0.000164	0.000290	0.001749	0.000040	0.003415	0.047439	0.012040	0.034627	0.004303	0.050868	0.000096	0.007438	0.000116	0.000712	0.016680	0.000327	0.001841	0.005942	0.000023	0.010364	0.008979	0.000209	0.004867	0.012736	0.034594	0.006016	0.022119	0.050913	0.010607	0.000028	0.016639	0.044386	0.000991	0.004139	0.000970	0.026744	0.000542	0.005515	0.000154	0.036504	0.000592	0.000525	0.001844	0.000539	0.000059	0.002371	0.011950	0.010355	0.006525	0.000215	0.000713	0.005989	0.000937	0.017586	0.006090	0.022339	0.010081	0.002387	0.005320	0.024925	0.000039	0.000130	0.007399	0.044088	0.000095	0.000997	0.000129	0.003273	0.000058	0.005378	0.003414


1000	0.051081	0.000143	0.000027	0.012717	0.000615	0.044051	0.000129	0.051170	0.004058	0.000676	0.007712	0.042754	0.003353	0.000219	0.005068	0.004304	0.000359	0.020867	0.006078	0.012086	0.024984	0.000019	0.000000	0.000019	0.001100	0.000286	0.010386	0.006940	0.013056	0.003365	0.001829	0.001993	0.034830	0.000163	0.000120	0.002170	0.000038	0.011880	0.000022	0.016723	0.007184	0.045738	0.023541	0.000095	0.024291	0.000974	0.001500	0.034739	0.000162	0.004975	0.034270	0.009148	0.003781	0.000022	0.000094	0.000766	0.000018	0.000796	0.044201	0.000039	0.000119	0.000517	0.011292	0.009259	0.000160	0.000978	0.009579	0.028879	0.000187	0.032073	0.015778	0.000287	0.006891	0.025069	0.010966	0.001235	0.000057	0.006773	0.019666	0.030506	0.000619	0.003718	0.000457	0.000290	0.001055	0.005197	0.005959	0.002708	0.000058	0.016555	0.047056	0.007248	0.000028	0.006009	0.001862	0.038660	0.002768	0.010216	0.005012	0.000531


1000	0.000022	0.031796	0.044005	0.003867	0.031913	0.000029	0.046652	0.000018	0.012386	0.025003	0.006930	0.000124	0.000162	0.031769	0.000693	0.010731	0.021788	0.000792	0.000096	0.000716	0.000059	0.044088	0.000019	0.000000	0.007993	0.013769	0.000059	0.007681	0.002016	0.000535	0.000994	0.004451	0.000022	0.010346	0.041187	0.006742	0.016641	0.003951	0.034544	0.000040	0.006170	0.000134	0.001002	0.006098	0.000182	0.000527	0.002361	0.000040	0.003418	0.010499	0.000137	0.005778	0.012689	0.050955	0.016528	0.029274	0.051014	0.004419	0.000019	0.034628	0.046497	0.003400	0.004581	0.000424	0.040984	0.001879	0.004691	0.000258	0.021842	0.000648	0.000254	0.006035	0.001287	0.000028	0.001357	0.019509	0.025026	0.007868	0.000414	0.000606	0.013733	0.002368	0.008015	0.001866	0.014305	0.008470	0.004434	0.009723	0.010308	0.000095	0.000124	0.007264	0.025107	0.000289	0.000292	0.000181	0.001288	0.000160	0.002891	0.000998


1000	0.001251	0.003216	0.012461	0.010926	0.011933	0.002030	0.012424	0.000507	0.016221	0.006443	0.012721	0.001357	0.000085	0.024862	0.000421	0.010464	0.031663	0.002286	0.000093	0.018433	0.004979	0.002330	0.000787	0.005732	0.000000	0.001324	0.000104	0.012890	0.020769	0.021016	0.026214	0.036640	0.000233	0.031739	0.005156	0.002287	0.000575	0.008897	0.001432	0.000129	0.007739	0.003225	0.012157	0.000260	0.000677	0.000093	0.000525	0.003205	0.000185	0.018385	0.000907	0.016905	0.013359	0.008568	0.027705	0.020667	0.003673	0.000654	0.000334	0.017362	0.008077	0.033238	0.013888	0.000471	0.018166	0.030718	0.007749	0.008275	0.001987	0.006387	0.000528	0.033684	0.025160	0.000166	0.001744	0.029967	0.022461	0.018617	0.012607	0.003605	0.036576	0.031725	0.000898	0.000140	0.003528	0.008439	0.030002	0.033920	0.000374	0.007640	0.002070	0.012037	0.000916	0.015779	0.000088	0.005226	0.000458	0.011192	0.001771	0.000111


1000	0.000150	0.031620	0.004239	0.008538	0.020913	0.000120	0.012464	0.000291	0.013744	0.029921	0.011906	0.001339	0.006649	0.005024	0.012503	0.018389	0.003177	0.006520	0.004329	0.000462	0.000088	0.019186	0.000205	0.009898	0.001327	0.000000	0.002708	0.012662	0.001808	0.000118	0.000150	0.000904	0.000677	0.000677	0.024815	0.029851	0.032657	0.010412	0.024497	0.001710	0.016170	0.000642	0.001737	0.032799	0.003261	0.014116	0.025004	0.000100	0.029398	0.010939	0.002023	0.007692	0.016597	0.006544	0.001050	0.012117	0.014058	0.031741	0.000435	0.002712	0.018381	0.000289	0.007815	0.008295	0.008071	0.000207	0.013272	0.000446	0.036665	0.002250	0.005104	0.000434	0.000527	0.001061	0.012040	0.006384	0.001685	0.008817	0.000437	0.003582	0.002047	0.000651	0.036667	0.024605	0.034144	0.018658	0.002235	0.003533	0.033873	0.000085	0.000920	0.012931	0.029295	0.000098	0.009936	0.000528	0.018404	0.000086	0.020516	0.019244


1000	0.006069	0.001077	0.000027	0.009657	0.001296	0.003410	0.000227	0.016647	0.004051	0.002615	0.007311	0.024250	0.043978	0.000124	0.038847	0.006803	0.000117	0.030389	0.051106	0.000820	0.000988	0.000162	0.010396	0.000059	0.000146	0.003781	0.000000	0.006928	0.002200	0.000094	0.000058	0.000189	0.034795	0.000019	0.000588	0.013064	0.000974	0.011861	0.000286	0.051185	0.011489	0.009085	0.004854	0.003384	0.042743	0.024863	0.019783	0.001866	0.006032	0.003801	0.034229	0.005223	0.004896	0.000038	0.000018	0.000764	0.000093	0.012000	0.025068	0.000022	0.000361	0.000027	0.007104	0.045376	0.000159	0.000039	0.012742	0.002706	0.002003	0.011142	0.047205	0.000022	0.000464	0.044221	0.031940	0.000583	0.000019	0.004208	0.001496	0.020897	0.000126	0.000278	0.006870	0.010330	0.006007	0.009171	0.001053	0.000693	0.001819	0.000526	0.015660	0.007601	0.000525	0.000160	0.034738	0.005141	0.029086	0.000282	0.023758	0.016614


1000	0.003440	0.008823	0.003751	0.025142	0.016604	0.003501	0.008904	0.003412	0.025523	0.016288	0.026474	0.008362	0.003435	0.008756	0.008260	0.025501	0.008911	0.015698	0.003464	0.008678	0.003501	0.003778	0.003427	0.003803	0.008900	0.008721	0.003418	0.000000	0.016241	0.003634	0.003656	0.008772	0.003420	0.003788	0.008820	0.016083	0.003654	0.025134	0.003711	0.003432	0.025234	0.008233	0.015814	0.003638	0.008358	0.003466	0.008516	0.003517	0.003600	0.025502	0.008241	0.025273	0.025482	0.003741	0.003758	0.016685	0.003760	0.008496	0.003400	0.003805	0.008945	0.003678	0.025309	0.008482	0.008871	0.003709	0.025125	0.008410	0.008671	0.015636	0.008291	0.003735	0.008695	0.003397	0.015653	0.016334	0.003745	0.025431	0.008579	0.015639	0.008994	0.008650	0.008586	0.003587	0.016052	0.025226	0.016123	0.016399	0.003611	0.003534	0.008380	0.026482	0.003717	0.003592	0.003505	0.008441	0.008467	0.003530	0.015903	0.003545


1000	0.009642	0.001864	0.002080	0.021659	0.007078	0.012041	0.003889	0.005749	0.017627	0.005148	0.019596	0.009849	0.000734	0.007079	0.002240	0.014018	0.009806	0.010423	0.000966	0.027267	0.016244	0.000697	0.007531	0.001166	0.016752	0.001455	0.001268	0.018973	0.000000	0.017368	0.015650	0.020418	0.003178	0.006988	0.002284	0.004423	0.000405	0.018761	0.000552	0.001717	0.014314	0.016586	0.028454	0.000362	0.005333	0.000484	0.001605	0.014302	0.000364	0.020459	0.007184	0.024556	0.015351	0.001529	0.005246	0.010546	0.000881	0.001431	0.004281	0.002881	0.002947	0.011105	0.023764	0.003006	0.005245	0.013525	0.015973	0.023936	0.001565	0.022110	0.003924	0.008961	0.026339	0.002314	0.006992	0.015628	0.003849	0.023163	0.026364	0.015629	0.013109	0.023799	0.001392	0.000387	0.004313	0.013304	0.028389	0.022603	0.000368	0.017771	0.013013	0.018544	0.000470	0.018352	0.000600	0.020547	0.001872	0.018418	0.005244	0.000427


1000	0.006013	0.000360	0.001839	0.008631	0.002623	0.010361	0.002017	0.001836	0.007655	0.001243	0.007657	0.002791	0.000038	0.006878	0.000185	0.004430	0.012233	0.002159	0.000059	0.042554	0.024853	0.000164	0.003358	0.000535	0.029323	0.000164	0.000094	0.007344	0.030045	0.000000	0.051020	0.038738	0.000528	0.016781	0.000610	0.000607	0.000039	0.006336	0.000094	0.000161	0.003978	0.009237	0.020950	0.000022	0.000814	0.000022	0.000123	0.016573	0.000019	0.010117	0.001468	0.012768	0.005702	0.000982	0.010427	0.006102	0.000289	0.000116	0.000978	0.003429	0.001087	0.034610	0.011040	0.000292	0.003767	0.044001	0.004688	0.024492	0.000224	0.010703	0.000465	0.025139	0.047042	0.000284	0.001061	0.013232	0.006016	0.012224	0.034004	0.004883	0.019847	0.045707	0.000129	0.000018	0.000725	0.003732	0.031926	0.023955	0.000028	0.034627	0.005137	0.006876	0.000059	0.050986	0.000028	0.015605	0.000145	0.044027	0.000693	0.000019


1000	0.003372	0.000529	0.003378	0.007871	0.003549	0.006087	0.003222	0.000983	0.008379	0.001606	0.007587	0.001748	0.000027	0.010532	0.000147	0.004704	0.017715	0.001627	0.000039	0.036404	0.016543	0.000291	0.001826	0.000995	0.036593	0.000209	0.000058	0.007391	0.027083	0.051041	0.000000	0.044286	0.000287	0.025132	0.000941	0.000631	0.000058	0.005774	0.000159	0.000094	0.003866	0.005973	0.016876	0.000028	0.000533	0.000019	0.000118	0.010304	0.000022	0.010826	0.000928	0.012473	0.006242	0.001831	0.016749	0.008230	0.000530	0.000124	0.000523	0.006097	0.001719	0.044010	0.010368	0.000215	0.005946	0.050968	0.004374	0.017749	0.000309	0.007984	0.000319	0.034806	0.044257	0.000159	0.000864	0.016960	0.010260	0.012527	0.026617	0.003565	0.026823	0.047443	0.000151	0.000019	0.000853	0.003814	0.032726	0.027661	0.000038	0.024978	0.003241	0.006855	0.000095	0.044072	0.000022	0.010609	0.000127	0.034651	0.000632	0.000018


1000	0.002294	0.002038	0.007596	0.011913	0.008826	0.003694	0.008145	0.000900	0.014987	0.004740	0.012777	0.002043	0.000092	0.018252	0.000435	0.009594	0.025246	0.002777	0.000110	0.025031	0.008588	0.001259	0.001429	0.003200	0.036740	0.000904	0.000136	0.012739	0.025383	0.027839	0.031812	0.000000	0.000377	0.026430	0.003236	0.001943	0.000330	0.009523	0.000777	0.000182	0.007612	0.005089	0.016036	0.000167	0.000908	0.000083	0.000451	0.005716	0.000127	0.017622	0.001302	0.017791	0.012119	0.004958	0.021099	0.016145	0.002000	0.000513	0.000571	0.011301	0.005138	0.033389	0.014984	0.000534	0.012506	0.033924	0.007979	0.012554	0.001293	0.008642	0.000656	0.030800	0.031668	0.000253	0.001898	0.025693	0.015708	0.018743	0.018241	0.004734	0.031874	0.036635	0.000652	0.000104	0.002725	0.007919	0.032959	0.033002	0.000225	0.012543	0.003214	0.011947	0.000508	0.022678	0.000087	0.008145	0.000430	0.017300	0.001701	0.000091


1000	0.025025	0.000317	0.000018	0.011761	0.000737	0.016658	0.000125	0.044059	0.003811	0.001154	0.007561	0.044199	0.016466	0.000120	0.017447	0.005263	0.000154	0.031136	0.024961	0.003270	0.006070	0.000040	0.034775	0.000022	0.000325	0.000942	0.034708	0.006916	0.005501	0.000529	0.000287	0.000525	0.000000	0.000040	0.000205	0.005454	0.000159	0.012699	0.000059	0.044080	0.009408	0.026572	0.011946	0.000531	0.044202	0.005987	0.006030	0.010409	0.000988	0.004123	0.047423	0.006933	0.004073	0.000019	0.000028	0.000621	0.000028	0.003200	0.051042	0.000019	0.000155	0.000093	0.009262	0.026584	0.000116	0.000162	0.011717	0.010416	0.000522	0.022625	0.036729	0.000059	0.001737	0.051020	0.022337	0.000699	0.000022	0.005189	0.006017	0.031258	0.000216	0.000923	0.001716	0.001853	0.002360	0.006920	0.002352	0.001195	0.000283	0.003387	0.036519	0.007464	0.000095	0.000986	0.010359	0.017543	0.010548	0.001824	0.012189	0.003393


1000	0.000289	0.003249	0.024852	0.005467	0.011793	0.000542	0.017517	0.000095	0.011374	0.005416	0.007339	0.000329	0.000019	0.036654	0.000123	0.006551	0.044365	0.000722	0.000019	0.010672	0.001847	0.003409	0.000162	0.010319	0.044146	0.000940	0.000019	0.007631	0.012050	0.016728	0.025042	0.036661	0.000040	0.000000	0.006034	0.001178	0.000526	0.004310	0.001823	0.000023	0.004047	0.000939	0.005493	0.000163	0.000158	0.000028	0.000211	0.001000	0.000096	0.012697	0.000210	0.010041	0.009097	0.016526	0.050881	0.022094	0.006055	0.000316	0.000059	0.034592	0.010494	0.044057	0.007533	0.000124	0.026684	0.034834	0.003810	0.003303	0.001696	0.002328	0.000127	0.050835	0.017665	0.000028	0.000595	0.031478	0.043787	0.012063	0.006022	0.001165	0.047074	0.026846	0.000527	0.000060	0.002346	0.004828	0.022442	0.030939	0.000285	0.003417	0.000541	0.006949	0.000997	0.010377	0.000023	0.001762	0.000156	0.006066	0.000718	0.000040


1000	0.000083	0.036720	0.019356	0.007563	0.032938	0.000088	0.031945	0.000096	0.017210	0.032915	0.011869	0.000521	0.001039	0.018324	0.003126	0.017747	0.012538	0.002757	0.000664	0.000920	0.000116	0.034267	0.000086	0.029727	0.005190	0.024914	0.000423	0.012857	0.002850	0.000440	0.000679	0.003248	0.000148	0.004366	0.000000	0.015957	0.024423	0.008248	0.032808	0.000286	0.012453	0.000413	0.001905	0.014064	0.000901	0.002646	0.007998	0.000099	0.009802	0.014414	0.000642	0.009075	0.018725	0.024716	0.006666	0.025572	0.033014	0.012361	0.000114	0.014345	0.036931	0.001711	0.008035	0.002047	0.025239	0.001089	0.009935	0.000516	0.031531	0.001652	0.001284	0.002739	0.001337	0.000198	0.004673	0.016032	0.010012	0.011332	0.000666	0.001897	0.008242	0.002025	0.018134	0.006563	0.025405	0.015651	0.004764	0.008739	0.019002	0.000150	0.000452	0.012566	0.029442	0.000292	0.001673	0.000452	0.005100	0.000201	0.008679	0.004234


1000	0.000945	0.016676	0.002064	0.015980	0.015872	0.000740	0.007163	0.001686	0.017513	0.022362	0.018409	0.005291	0.012035	0.003771	0.020474	0.022969	0.002895	0.015625	0.009768	0.001452	0.000481	0.006993	0.001256	0.003913	0.001851	0.024101	0.007555	0.018853	0.004438	0.000352	0.000366	0.001569	0.003162	0.000685	0.012831	0.000000	0.013586	0.018647	0.008995	0.005779	0.023758	0.002844	0.005080	0.017610	0.009823	0.016375	0.026489	0.000591	0.018619	0.015195	0.007144	0.013282	0.020249	0.002818	0.000863	0.010474	0.005231	0.027303	0.002299	0.001541	0.009826	0.000453	0.014288	0.016883	0.005208	0.000405	0.021695	0.001812	0.020530	0.006965	0.012880	0.000546	0.001391	0.004274	0.022288	0.006868	0.001133	0.013735	0.001590	0.010309	0.002296	0.001407	0.026446	0.018813	0.028523	0.024575	0.004285	0.005106	0.015741	0.000415	0.003913	0.019443	0.011286	0.000353	0.014437	0.002276	0.024110	0.000369	0.028405	0.018028


1000	0.000028	0.042759	0.006017	0.004160	0.020996	0.000022	0.015580	0.000058	0.009101	0.030543	0.006760	0.000360	0.003397	0.005039	0.006887	0.012412	0.002723	0.002624	0.001851	0.000146	0.000018	0.034800	0.000039	0.016711	0.000806	0.045618	0.000975	0.007410	0.000703	0.000039	0.000058	0.000461	0.000160	0.000530	0.033980	0.023506	0.000000	0.005264	0.044317	0.000527	0.009597	0.000157	0.000588	0.044225	0.001096	0.010309	0.019530	0.000019	0.034786	0.006751	0.000597	0.003987	0.011397	0.010282	0.000973	0.010914	0.024996	0.029272	0.000093	0.003392	0.024428	0.000159	0.003874	0.003833	0.009166	0.000095	0.007228	0.000116	0.047402	0.000732	0.001982	0.000284	0.000192	0.000283	0.005976	0.004808	0.001837	0.004962	0.000124	0.001240	0.001482	0.000278	0.038882	0.025066	0.032000	0.012084	0.001057	0.002096	0.051169	0.000019	0.000232	0.007512	0.051152	0.000028	0.006056	0.000131	0.012127	0.000021	0.012864	0.016674


1000	0.005659	0.006160	0.001890	0.026560	0.011995	0.005377	0.005342	0.006157	0.022424	0.012687	0.025826	0.013065	0.005282	0.005234	0.011129	0.023606	0.005526	0.020938	0.005689	0.008852	0.004569	0.002162	0.005949	0.001984	0.006229	0.007272	0.005934	0.025487	0.016286	0.003179	0.002896	0.006650	0.006369	0.002169	0.005738	0.016130	0.002632	0.000000	0.002269	0.006188	0.025699	0.011879	0.018049	0.003184	0.013059	0.004521	0.009619	0.005003	0.003489	0.022694	0.013053	0.024495	0.022635	0.001900	0.002037	0.011714	0.002037	0.008667	0.006286	0.001938	0.005551	0.002426	0.025697	0.012180	0.005260	0.002671	0.026528	0.010396	0.006580	0.019820	0.012589	0.002284	0.008007	0.006282	0.019796	0.011729	0.001948	0.023498	0.009675	0.020884	0.005885	0.007199	0.007907	0.003850	0.014067	0.024449	0.014111	0.012832	0.002860	0.004192	0.012692	0.025779	0.002454	0.003482	0.004986	0.011344	0.010476	0.003790	0.018194	0.004204


1000	0.000019	0.047249	0.016511	0.003861	0.028456	0.000018	0.029146	0.000028	0.010615	0.032608	0.006782	0.000194	0.000995	0.011933	0.002756	0.012175	0.006800	0.001492	0.000536	0.000234	0.000022	0.051105	0.000022	0.034677	0.002004	0.034207	0.000286	0.007525	0.000958	0.000094	0.000159	0.001084	0.000059	0.001835	0.045630	0.015557	0.044302	0.004536	0.000000	0.000162	0.008108	0.000118	0.000631	0.025206	0.000470	0.003402	0.009189	0.000019	0.016787	0.008149	0.000281	0.004476	0.012401	0.024858	0.003332	0.017978	0.044037	0.015682	0.000039	0.010270	0.038861	0.000521	0.003970	0.001522	0.019581	0.000289	0.005996	0.000129	0.042912	0.000601	0.000798	0.000973	0.000360	0.000094	0.003205	0.008899	0.006012	0.005893	0.000165	0.000819	0.003756	0.000596	0.024397	0.010438	0.026359	0.010801	0.001759	0.003846	0.034843	0.000028	0.000146	0.007409	0.051274	0.000058	0.001863	0.000119	0.005192	0.000038	0.007297	0.006114


1000	0.010336	0.000697	0.000022	0.010446	0.001040	0.006070	0.000175	0.024945	0.003928	0.001957	0.007420	0.031586	0.034483	0.000115	0.031665	0.006245	0.000120	0.032183	0.044041	0.001289	0.001848	0.000096	0.016692	0.000040	0.000180	0.002381	0.051042	0.006937	0.002971	0.000161	0.000094	0.000254	0.044067	0.000023	0.000397	0.009965	0.000525	0.012336	0.000162	0.000000	0.010890	0.013603	0.006647	0.001851	0.046461	0.016531	0.013886	0.003427	0.003396	0.003864	0.040930	0.005734	0.004572	0.000028	0.000019	0.000684	0.000059	0.007952	0.034669	0.000019	0.000259	0.000038	0.007808	0.040637	0.000134	0.000059	0.012599	0.004325	0.001262	0.014571	0.046662	0.000028	0.000704	0.051015	0.029712	0.000593	0.000018	0.004481	0.002392	0.024977	0.000141	0.000400	0.004393	0.006077	0.004406	0.008408	0.001345	0.000802	0.000979	0.000985	0.021968	0.007585	0.000288	0.000287	0.025042	0.008002	0.021870	0.000521	0.019730	0.010336


1000	0.003271	0.009573	0.002554	0.024554	0.015291	0.003016	0.007227	0.003940	0.023468	0.017045	0.025568	0.009675	0.006183	0.006023	0.012817	0.025762	0.005785	0.019091	0.006062	0.005882	0.002509	0.003738	0.003597	0.003098	0.005419	0.011295	0.005748	0.025592	0.012426	0.001996	0.001940	0.005315	0.004719	0.002038	0.008663	0.020554	0.004799	0.025702	0.004056	0.005464	0.000000	0.007850	0.013357	0.005574	0.011376	0.006281	0.012987	0.002759	0.005868	0.022723	0.010418	0.022616	0.024466	0.002775	0.002100	0.013591	0.003370	0.012500	0.004308	0.002402	0.007996	0.001902	0.023550	0.012776	0.006596	0.001931	0.026585	0.006623	0.010349	0.015063	0.011991	0.001955	0.005571	0.005066	0.020430	0.012096	0.002210	0.022448	0.006239	0.017080	0.005611	0.005325	0.011947	0.006135	0.018922	0.026540	0.011541	0.011653	0.005153	0.002331	0.008833	0.025919	0.004457	0.002071	0.006362	0.007312	0.013128	0.002162	0.021086	0.006282


1000	0.034289	0.000439	0.000146	0.018661	0.001756	0.033186	0.000508	0.029486	0.008213	0.001702	0.013012	0.031767	0.002624	0.000862	0.004967	0.007985	0.001317	0.020546	0.004230	0.018487	0.024833	0.000084	0.032962	0.000097	0.003250	0.000646	0.006541	0.012016	0.020722	0.006671	0.004312	0.005114	0.019180	0.000680	0.000414	0.003540	0.000113	0.017097	0.000085	0.009822	0.011297	0.000000	0.029904	0.000199	0.018206	0.001020	0.002004	0.029802	0.000284	0.009826	0.024975	0.015549	0.007522	0.000113	0.000434	0.002286	0.000086	0.001270	0.024526	0.000203	0.000444	0.001680	0.017720	0.008098	0.000639	0.002724	0.014129	0.031749	0.000498	0.034107	0.012478	0.001067	0.012588	0.014033	0.011903	0.003525	0.000284	0.012514	0.025306	0.029796	0.002064	0.008099	0.000871	0.000427	0.002173	0.008913	0.011975	0.006628	0.000143	0.019391	0.036750	0.012286	0.000096	0.009972	0.001673	0.036874	0.003152	0.014206	0.006498	0.000657


1000	0.015894	0.001402	0.000930	0.023378	0.005130	0.017793	0.002225	0.011280	0.015472	0.004244	0.019467	0.016788	0.001488	0.003760	0.003744	0.013484	0.005267	0.015538	0.002065	0.024324	0.018901	0.000414	0.013654	0.000582	0.009859	0.001405	0.002813	0.018575	0.028611	0.012177	0.009805	0.012970	0.006939	0.003203	0.001535	0.005090	0.000341	0.020907	0.000365	0.003863	0.015470	0.024066	0.000000	0.000394	0.009745	0.000837	0.002239	0.018830	0.000449	0.017942	0.012890	0.023461	0.013875	0.000715	0.002316	0.007051	0.000476	0.001779	0.008951	0.001260	0.001817	0.005748	0.024166	0.005280	0.002857	0.007655	0.017834	0.027495	0.001330	0.028375	0.007155	0.004329	0.020741	0.005188	0.010197	0.010256	0.001670	0.020992	0.026748	0.022278	0.007296	0.016683	0.001527	0.000540	0.004200	0.013622	0.022303	0.015857	0.000352	0.018166	0.020671	0.018488	0.000349	0.014527	0.001131	0.026686	0.002876	0.016540	0.006978	0.000666


1000	0.000059	0.029140	0.001834	0.004759	0.013347	0.000040	0.006925	0.000160	0.007652	0.023726	0.006843	0.000816	0.010365	0.001977	0.015614	0.012039	0.001080	0.004914	0.006081	0.000122	0.000022	0.016683	0.000095	0.006094	0.000363	0.045597	0.003370	0.007343	0.000625	0.000022	0.000028	0.000232	0.000530	0.000164	0.019473	0.030323	0.044013	0.006338	0.025094	0.001848	0.011094	0.000275	0.000677	0.000000	0.002796	0.024955	0.033948	0.000029	0.050948	0.005651	0.001471	0.003784	0.010044	0.003372	0.000286	0.006093	0.010310	0.042837	0.000286	0.000993	0.012220	0.000058	0.004042	0.009318	0.003759	0.000040	0.008756	0.000142	0.039013	0.001076	0.005068	0.000095	0.000133	0.000982	0.010917	0.002588	0.000528	0.004353	0.000125	0.002152	0.000617	0.000162	0.047195	0.044017	0.032085	0.012893	0.000737	0.001239	0.050951	0.000019	0.000471	0.007654	0.034597	0.000019	0.016623	0.000194	0.024317	0.000018	0.020583	0.034645


1000	0.012552	0.001330	0.000090	0.016817	0.002348	0.008685	0.000524	0.022576	0.007734	0.003604	0.012805	0.031590	0.020753	0.000416	0.024914	0.010609	0.000456	0.033955	0.026153	0.003266	0.003684	0.000235	0.017371	0.000130	0.000677	0.003253	0.030538	0.012104	0.006611	0.000583	0.000382	0.000905	0.031660	0.000113	0.000895	0.012136	0.000783	0.018651	0.000336	0.033288	0.016245	0.018066	0.012015	0.002006	0.000000	0.011095	0.012635	0.005780	0.003184	0.007823	0.036534	0.010874	0.008490	0.000103	0.000095	0.001821	0.000167	0.008111	0.027656	0.000087	0.000674	0.000182	0.013684	0.031652	0.000449	0.000261	0.018469	0.008021	0.002029	0.020955	0.036642	0.000140	0.002050	0.033613	0.029956	0.001736	0.000086	0.008932	0.005197	0.029872	0.000541	0.001310	0.005143	0.005009	0.006492	0.013184	0.003563	0.002320	0.001238	0.002317	0.025061	0.012907	0.000508	0.000911	0.015773	0.012508	0.018294	0.001435	0.020966	0.007617


1000	0.000520	0.006884	0.000157	0.006678	0.004077	0.000285	0.001076	0.001815	0.005243	0.009030	0.006972	0.005098	0.044350	0.000340	0.043024	0.009570	0.000225	0.015435	0.034815	0.000193	0.000092	0.001854	0.000978	0.000531	0.000130	0.019760	0.024930	0.007045	0.000842	0.000022	0.000019	0.000116	0.006018	0.000028	0.003689	0.028392	0.010331	0.009062	0.003410	0.016622	0.012587	0.001420	0.001448	0.025128	0.015571	0.000000	0.045767	0.000161	0.034864	0.004175	0.009131	0.003961	0.006983	0.000281	0.000038	0.001805	0.000980	0.038920	0.003355	0.000094	0.002038	0.000018	0.004987	0.034095	0.000592	0.000018	0.011586	0.000445	0.012146	0.003234	0.024028	0.000022	0.000143	0.010268	0.026196	0.000900	0.000057	0.003779	0.000284	0.007334	0.000165	0.000118	0.029263	0.044352	0.018243	0.012034	0.000594	0.000632	0.016663	0.000057	0.002763	0.007657	0.006051	0.000027	0.051246	0.000800	0.047182	0.000037	0.032303	0.051314


1000	0.000678	0.012396	0.000659	0.010899	0.009049	0.000444	0.003180	0.001706	0.010386	0.016027	0.012116	0.005204	0.024617	0.001271	0.031794	0.016111	0.000892	0.016140	0.019335	0.000535	0.000205	0.004273	0.001075	0.001696	0.000527	0.024994	0.014164	0.012359	0.001994	0.000089	0.000085	0.000450	0.004328	0.000152	0.007962	0.032795	0.013975	0.013766	0.006578	0.009970	0.018585	0.001993	0.002767	0.024410	0.012662	0.032680	0.000000	0.000298	0.029238	0.008575	0.008167	0.007689	0.012935	0.001039	0.000201	0.004838	0.002680	0.036550	0.002728	0.000435	0.005160	0.000097	0.008915	0.025294	0.001993	0.000089	0.016907	0.000893	0.018213	0.004829	0.018254	0.000117	0.000457	0.006650	0.025605	0.002721	0.000287	0.007693	0.000673	0.008907	0.000670	0.000423	0.031567	0.032723	0.025561	0.018625	0.001674	0.001924	0.018973	0.000151	0.003273	0.013077	0.009791	0.000098	0.029446	0.001339	0.036715	0.000116	0.032781	0.033971


1000	0.044036	0.000121	0.000094	0.012136	0.000799	0.050994	0.000254	0.025057	0.004907	0.000602	0.007828	0.022049	0.000523	0.000680	0.001247	0.003947	0.001283	0.010003	0.000997	0.031582	0.050923	0.000023	0.034611	0.000040	0.004465	0.000139	0.001858	0.007095	0.024702	0.016547	0.010284	0.007941	0.010387	0.001002	0.000136	0.001017	0.000019	0.009956	0.000019	0.003421	0.005489	0.041200	0.032345	0.000029	0.008053	0.000159	0.000415	0.000000	0.000040	0.006519	0.013815	0.011456	0.004046	0.000058	0.000533	0.001407	0.000028	0.000253	0.016653	0.000163	0.000178	0.003350	0.012484	0.002409	0.000402	0.006011	0.007352	0.046513	0.000118	0.029568	0.004485	0.001856	0.021856	0.006066	0.004428	0.002914	0.000283	0.008971	0.040772	0.019581	0.002417	0.013672	0.000176	0.000060	0.000649	0.004191	0.014257	0.006910	0.000022	0.043919	0.031665	0.007102	0.000019	0.024878	0.000293	0.046492	0.000706	0.034476	0.002018	0.000096


1000	0.000094	0.021882	0.000980	0.005138	0.010168	0.000059	0.004406	0.000285	0.006954	0.019595	0.006869	0.001276	0.016691	0.001233	0.021986	0.011577	0.000692	0.006692	0.010362	0.000123	0.000028	0.010375	0.000161	0.003419	0.000258	0.040907	0.006012	0.007273	0.000629	0.000019	0.000022	0.000177	0.000987	0.000096	0.013585	0.032089	0.034651	0.006951	0.016727	0.003394	0.011690	0.000393	0.000772	0.050996	0.004442	0.034656	0.040701	0.000040	0.000000	0.005180	0.002348	0.003747	0.009259	0.001829	0.000160	0.004469	0.006042	0.046680	0.000525	0.000532	0.008093	0.000039	0.004191	0.013855	0.002346	0.000029	0.009525	0.000173	0.031886	0.001368	0.007893	0.000059	0.000122	0.001833	0.014271	0.001919	0.000286	0.004123	0.000139	0.002903	0.000413	0.000135	0.046637	0.050986	0.029822	0.012975	0.000651	0.000988	0.044056	0.000022	0.000709	0.007678	0.024954	0.000018	0.024968	0.000257	0.031705	0.000019	0.024618	0.044053


1000	0.002706	0.009208	0.005842	0.023430	0.018747	0.002996	0.011670	0.002312	0.026580	0.016574	0.025667	0.006012	0.001934	0.012624	0.005347	0.024634	0.013077	0.011720	0.001928	0.010095	0.003561	0.004513	0.002492	0.005273	0.012877	0.007642	0.001902	0.025868	0.017765	0.005078	0.005432	0.012309	0.002068	0.006394	0.010030	0.013148	0.003377	0.022701	0.004077	0.001939	0.022727	0.006829	0.015495	0.002840	0.005479	0.002083	0.005993	0.003277	0.002601	0.000000	0.005602	0.025656	0.025775	0.005532	0.006350	0.020439	0.004862	0.006368	0.002163	0.006159	0.010944	0.005985	0.024645	0.005438	0.012281	0.005796	0.022377	0.008293	0.008278	0.013610	0.005314	0.006229	0.010900	0.001971	0.011478	0.020922	0.006241	0.026541	0.009195	0.012403	0.013202	0.011568	0.006931	0.002416	0.014534	0.023361	0.019384	0.020747	0.003060	0.003922	0.006435	0.025504	0.003751	0.004680	0.002030	0.007615	0.005683	0.004259	0.012052	0.002245


1000	0.019221	0.000893	0.000083	0.017675	0.001971	0.014194	0.000443	0.029408	0.007574	0.002751	0.012822	0.036706	0.014005	0.000428	0.018134	0.009662	0.000518	0.032865	0.019216	0.005181	0.006621	0.000151	0.024621	0.000098	0.000911	0.002027	0.024570	0.011990	0.008947	0.001057	0.000668	0.001305	0.034125	0.000152	0.000641	0.008868	0.000428	0.018729	0.000202	0.029461	0.014946	0.024898	0.015967	0.001060	0.036704	0.006537	0.008188	0.009962	0.001691	0.008035	0.000000	0.011873	0.007961	0.000085	0.000116	0.001733	0.000116	0.005071	0.032836	0.000088	0.000521	0.000285	0.014781	0.025088	0.000418	0.000434	0.017622	0.012336	0.001296	0.025796	0.031850	0.000203	0.003214	0.032819	0.025554	0.001886	0.000096	0.009553	0.008190	0.032931	0.000672	0.001992	0.003175	0.002718	0.004707	0.011851	0.004700	0.002830	0.000659	0.004271	0.031795	0.012697	0.000290	0.001688	0.009918	0.018306	0.012475	0.002676	0.016235	0.004281


1000	0.004980	0.005909	0.003455	0.025665	0.013840	0.005422	0.007545	0.004190	0.024523	0.012314	0.025866	0.009242	0.002222	0.009004	0.005797	0.022750	0.010078	0.014602	0.002429	0.013323	0.006004	0.002447	0.004584	0.002903	0.011845	0.005376	0.002615	0.025647	0.021332	0.006412	0.006261	0.012432	0.003480	0.005058	0.006318	0.011498	0.001995	0.024513	0.002240	0.002879	0.022631	0.010812	0.020270	0.001902	0.007619	0.001978	0.005377	0.005762	0.001882	0.025667	0.008281	0.000000	0.023442	0.003130	0.004610	0.015759	0.002633	0.005203	0.003806	0.003863	0.006926	0.005695	0.026594	0.006455	0.008272	0.006067	0.023314	0.012402	0.005504	0.018487	0.006891	0.005399	0.013262	0.003136	0.012888	0.017555	0.004180	0.026589	0.013017	0.016539	0.011082	0.012862	0.005220	0.001905	0.011466	0.022164	0.020788	0.019685	0.001912	0.006244	0.010118	0.025429	0.002124	0.006441	0.002123	0.011804	0.005595	0.006340	0.011961	0.001940


1000	0.001904	0.012801	0.005905	0.022379	0.021238	0.001970	0.012884	0.001909	0.026613	0.020673	0.025440	0.005442	0.002900	0.011606	0.007373	0.026530	0.011013	0.012378	0.002690	0.006546	0.002108	0.006405	0.001894	0.006376	0.009360	0.011600	0.002451	0.025859	0.013335	0.002863	0.003133	0.008469	0.002044	0.004583	0.013035	0.017529	0.005703	0.022652	0.006207	0.002296	0.024482	0.005230	0.011987	0.005050	0.005949	0.003487	0.009044	0.002035	0.004651	0.025787	0.005552	0.023442	0.000000	0.006125	0.004917	0.020543	0.006391	0.009835	0.001953	0.005682	0.013180	0.003760	0.022855	0.006971	0.012380	0.003473	0.023387	0.005645	0.012160	0.011429	0.006287	0.004157	0.007072	0.002135	0.013563	0.018637	0.005270	0.024603	0.006062	0.011605	0.010283	0.007645	0.010718	0.004279	0.019250	0.025587	0.014697	0.016727	0.005347	0.002245	0.005350	0.025693	0.006039	0.002614	0.003225	0.005475	0.008255	0.002388	0.015427	0.003889


1000	0.000027	0.024357	0.051349	0.003918	0.029992	0.000039	0.047363	0.000019	0.012560	0.020823	0.006903	0.000119	0.000093	0.039078	0.000448	0.009942	0.029082	0.000679	0.000058	0.001097	0.000092	0.034884	0.000022	0.051341	0.012039	0.009172	0.000038	0.007613	0.002664	0.000988	0.001843	0.006948	0.000019	0.016695	0.034503	0.004892	0.010317	0.003812	0.024950	0.000028	0.005569	0.000158	0.001238	0.003399	0.000145	0.000281	0.001457	0.000058	0.001843	0.011098	0.000119	0.006277	0.012283	0.000000	0.024976	0.031414	0.044377	0.002737	0.000018	0.044325	0.042716	0.006061	0.004839	0.000291	0.045899	0.003436	0.004327	0.000356	0.015445	0.000715	0.000187	0.010308	0.002027	0.000021	0.001048	0.023602	0.034931	0.008529	0.000607	0.000589	0.019599	0.003759	0.005098	0.000988	0.010839	0.007615	0.006016	0.012752	0.006012	0.000159	0.000131	0.007118	0.016753	0.000525	0.000160	0.000231	0.000807	0.000282	0.002112	0.000527


1000	0.000161	0.005115	0.034570	0.004993	0.015183	0.000293	0.024176	0.000058	0.011883	0.007323	0.007211	0.000235	0.000022	0.042990	0.000139	0.007119	0.047212	0.000643	0.000019	0.007001	0.000987	0.006037	0.000094	0.016574	0.038742	0.001465	0.000018	0.007611	0.009095	0.010450	0.016779	0.029424	0.000028	0.051154	0.009261	0.001490	0.000972	0.004069	0.003328	0.000019	0.004195	0.000602	0.003993	0.000287	0.000133	0.000038	0.000281	0.000535	0.000160	0.012679	0.000162	0.009200	0.009812	0.024856	0.000000	0.025909	0.010288	0.000453	0.000039	0.044087	0.015400	0.034925	0.006834	0.000127	0.034135	0.025328	0.003774	0.002057	0.002691	0.001729	0.000118	0.044192	0.012204	0.000022	0.000601	0.032744	0.050993	0.011467	0.003814	0.000929	0.045467	0.019832	0.000794	0.000094	0.003156	0.005207	0.018294	0.028188	0.000517	0.001859	0.000364	0.006936	0.001842	0.006106	0.000028	0.001105	0.000192	0.003404	0.000820	0.000058


1000	0.000520	0.016677	0.018528	0.014026	0.028380	0.000648	0.026307	0.000393	0.024505	0.022297	0.018673	0.001473	0.000634	0.026146	0.002250	0.020993	0.023888	0.004406	0.000526	0.005365	0.001048	0.012825	0.000443	0.016960	0.016697	0.009765	0.000441	0.019523	0.010563	0.003533	0.004763	0.013008	0.000359	0.012834	0.020527	0.010455	0.006297	0.013516	0.010375	0.000396	0.015681	0.001833	0.007024	0.003532	0.001471	0.001039	0.003901	0.000816	0.002588	0.023578	0.001394	0.018171	0.023687	0.018063	0.014969	0.000000	0.015010	0.005255	0.000364	0.018219	0.023923	0.008222	0.015866	0.001915	0.027136	0.006397	0.014036	0.002953	0.012818	0.005099	0.001588	0.010430	0.007270	0.000364	0.005138	0.028414	0.016841	0.021049	0.003947	0.004373	0.020585	0.009742	0.007177	0.001909	0.015527	0.018138	0.015654	0.022149	0.004708	0.001402	0.001618	0.018798	0.008279	0.002583	0.000814	0.002317	0.002964	0.001878	0.007015	0.001407


1000	0.000019	0.038877	0.034755	0.003796	0.032245	0.000023	0.042896	0.000019	0.011902	0.028583	0.006853	0.000133	0.000286	0.024326	0.001071	0.011301	0.015499	0.000937	0.000162	0.000472	0.000039	0.051115	0.000018	0.051175	0.005139	0.019617	0.000093	0.007618	0.001528	0.000290	0.000532	0.002790	0.000028	0.006090	0.045885	0.009041	0.024971	0.004070	0.044006	0.000059	0.006733	0.000119	0.000821	0.010349	0.000234	0.000977	0.003741	0.000028	0.006059	0.009711	0.000162	0.005257	0.012759	0.044182	0.010292	0.025989	0.000000	0.006901	0.000022	0.025074	0.047196	0.001849	0.004304	0.000624	0.034280	0.001008	0.005034	0.000192	0.029090	0.000599	0.000353	0.003390	0.000818	0.000039	0.001758	0.015492	0.016728	0.007135	0.000288	0.000636	0.009222	0.001476	0.012066	0.003402	0.018130	0.009227	0.003228	0.007219	0.016569	0.000059	0.000121	0.007294	0.034787	0.000161	0.000530	0.000146	0.002033	0.000093	0.003908	0.001846


1000	0.000373	0.018290	0.001223	0.009865	0.012272	0.000256	0.005113	0.000894	0.011334	0.020734	0.011940	0.003203	0.017473	0.001957	0.025055	0.017042	0.001298	0.012005	0.012658	0.000454	0.000134	0.007657	0.000573	0.003187	0.000658	0.031846	0.008623	0.012377	0.001785	0.000084	0.000089	0.000514	0.002305	0.000229	0.012352	0.033928	0.021024	0.012450	0.011267	0.005731	0.017955	0.001268	0.002206	0.030916	0.008159	0.027895	0.036685	0.000182	0.033657	0.009145	0.005077	0.007469	0.014118	0.001960	0.000326	0.006542	0.004962	0.000000	0.001430	0.000781	0.008212	0.000123	0.008317	0.018419	0.003167	0.000103	0.015662	0.000639	0.025173	0.003557	0.012352	0.000163	0.000427	0.003648	0.020609	0.003492	0.000494	0.007848	0.000521	0.006418	0.000908	0.000438	0.036772	0.034100	0.030013	0.018940	0.001709	0.002219	0.026309	0.000107	0.002031	0.012967	0.015808	0.000084	0.022844	0.000897	0.031791	0.000090	0.029618	0.032023


1000	0.034760	0.000228	0.000019	0.012211	0.000658	0.025021	0.000117	0.051139	0.003821	0.000923	0.007596	0.047052	0.010213	0.000136	0.011973	0.004857	0.000191	0.028465	0.016644	0.005159	0.010344	0.000028	0.044249	0.000019	0.000468	0.000607	0.025073	0.006892	0.007429	0.000981	0.000525	0.000797	0.051178	0.000059	0.000159	0.003977	0.000093	0.012568	0.000039	0.034773	0.008612	0.034069	0.015450	0.000287	0.038716	0.003346	0.003811	0.016733	0.000527	0.004324	0.045754	0.007604	0.003901	0.000018	0.000039	0.000631	0.000022	0.001990	0.000000	0.000022	0.000131	0.000157	0.009959	0.019623	0.000119	0.000286	0.011046	0.015353	0.000351	0.026566	0.029413	0.000094	0.002762	0.044184	0.018184	0.000808	0.000027	0.005626	0.009248	0.032540	0.000291	0.001452	0.001075	0.000991	0.001752	0.006248	0.003177	0.001526	0.000158	0.006030	0.042704	0.007369	0.000058	0.001833	0.006077	0.024213	0.006893	0.003350	0.009184	0.001843


1000	0.000059	0.012131	0.050974	0.004361	0.023206	0.000097	0.038816	0.000028	0.012653	0.013085	0.007100	0.000148	0.000039	0.047492	0.000226	0.008556	0.042682	0.000607	0.000029	0.002813	0.000287	0.016660	0.000039	0.034642	0.024221	0.003774	0.000022	0.007688	0.004984	0.003429	0.006093	0.015724	0.000019	0.034696	0.019883	0.002657	0.003379	0.003861	0.010234	0.000019	0.004785	0.000281	0.002168	0.000995	0.000122	0.000093	0.000605	0.000164	0.000532	0.012268	0.000122	0.007691	0.011312	0.044010	0.043984	0.031460	0.025005	0.001083	0.000022	0.000000	0.029019	0.016712	0.005741	0.000171	0.045761	0.010480	0.003967	0.000821	0.006827	0.001049	0.000131	0.024966	0.005194	0.000018	0.000737	0.030645	0.051061	0.010138	0.001500	0.000684	0.034002	0.009268	0.002013	0.000291	0.005979	0.006316	0.011028	0.020503	0.001828	0.000533	0.000196	0.007069	0.006088	0.001857	0.000059	0.000472	0.000364	0.000987	0.001250	0.000162


1000	0.000090	0.031847	0.026036	0.007630	0.033871	0.000105	0.036616	0.000086	0.018101	0.029962	0.012009	0.000461	0.000586	0.024842	0.002021	0.017057	0.018103	0.002282	0.000388	0.001341	0.000164	0.031953	0.000085	0.033446	0.008102	0.018392	0.000259	0.012995	0.003666	0.000781	0.001235	0.005140	0.000111	0.007568	0.036806	0.012178	0.017498	0.007952	0.027846	0.000186	0.011454	0.000441	0.002247	0.008796	0.000676	0.001456	0.005165	0.000128	0.005820	0.015674	0.000521	0.009916	0.018868	0.030495	0.011047	0.029703	0.033842	0.008190	0.000094	0.020865	0.000000	0.003134	0.008479	0.001373	0.031591	0.002000	0.009238	0.000659	0.025038	0.001724	0.000903	0.004916	0.002041	0.000138	0.003578	0.020565	0.015627	0.012491	0.000913	0.001752	0.012462	0.003184	0.012578	0.003751	0.020749	0.014505	0.006461	0.011799	0.012639	0.000228	0.000439	0.012540	0.022928	0.000499	0.000928	0.000529	0.003270	0.000326	0.006471	0.002359


1000	0.000971	0.001267	0.010338	0.006475	0.006574	0.001846	0.007983	0.000283	0.009871	0.002873	0.007408	0.000702	0.000018	0.021995	0.000114	0.005441	0.031928	0.000992	0.000022	0.021841	0.005978	0.000996	0.000518	0.003414	0.046547	0.000403	0.000027	0.007460	0.019280	0.034737	0.044153	0.046632	0.000093	0.044359	0.002380	0.000783	0.000159	0.004852	0.000521	0.000039	0.003803	0.002335	0.009925	0.000059	0.000255	0.000018	0.000135	0.003367	0.000039	0.011968	0.000397	0.011381	0.007514	0.006041	0.034976	0.014252	0.001851	0.000172	0.000157	0.016776	0.004375	0.000000	0.008867	0.000140	0.013764	0.051220	0.003929	0.008051	0.000677	0.004253	0.000174	0.051278	0.031627	0.000057	0.000643	0.025146	0.024992	0.012573	0.013684	0.001930	0.040916	0.040990	0.000250	0.000028	0.001323	0.004148	0.029646	0.032176	0.000092	0.010283	0.001263	0.006824	0.000289	0.024968	0.000018	0.004402	0.000119	0.016562	0.000602	0.000022


1000	0.005909	0.005454	0.002606	0.026520	0.012488	0.006165	0.006246	0.005333	0.023573	0.011690	0.025985	0.011229	0.002943	0.007195	0.007131	0.022678	0.008053	0.017027	0.003267	0.012624	0.006234	0.002078	0.005649	0.002298	0.009715	0.005453	0.003551	0.025641	0.020610	0.005535	0.005196	0.010454	0.004641	0.003789	0.005584	0.012349	0.001935	0.025674	0.001984	0.003914	0.023526	0.012301	0.020844	0.002029	0.009573	0.002486	0.006224	0.006269	0.002102	0.024616	0.010293	0.026550	0.022817	0.002409	0.003419	0.013738	0.002152	0.005784	0.004977	0.002879	0.005913	0.004429	0.000000	0.008057	0.006699	0.004863	0.024487	0.012901	0.005324	0.020210	0.008686	0.004108	0.012016	0.004240	0.014988	0.015116	0.003094	0.025763	0.012929	0.018871	0.008937	0.011185	0.005550	0.002222	0.011592	0.022615	0.018955	0.017281	0.001946	0.006179	0.011938	0.025599	0.001966	0.005806	0.002746	0.012866	0.006694	0.005982	0.013509	0.002353


1000	0.004274	0.003253	0.000153	0.014501	0.003762	0.002732	0.000919	0.009780	0.008404	0.006573	0.012603	0.018243	0.032312	0.000514	0.036433	0.012765	0.000461	0.029823	0.033649	0.001363	0.001070	0.000694	0.006601	0.000303	0.000469	0.008249	0.032323	0.012248	0.003715	0.000209	0.000154	0.000531	0.018984	0.000089	0.002027	0.020796	0.002729	0.017344	0.001084	0.029028	0.018190	0.008011	0.006490	0.006666	0.031557	0.024222	0.025165	0.001724	0.009902	0.007742	0.024898	0.009184	0.009919	0.000206	0.000090	0.002363	0.000445	0.018257	0.013976	0.000122	0.001365	0.000100	0.011483	0.000000	0.000666	0.000122	0.018975	0.003181	0.005186	0.012257	0.036352	0.000091	0.000926	0.024196	0.034062	0.001752	0.000100	0.008044	0.002077	0.020718	0.000452	0.000662	0.012539	0.014153	0.012166	0.015831	0.002263	0.001808	0.004288	0.000678	0.012562	0.013132	0.001724	0.000296	0.029156	0.005178	0.031578	0.000435	0.030044	0.019109


1000	0.000147	0.018351	0.034170	0.008009	0.029585	0.000205	0.036805	0.000096	0.018736	0.020630	0.012096	0.000452	0.000200	0.036790	0.000874	0.014777	0.031717	0.001739	0.000149	0.003238	0.000428	0.019335	0.000115	0.029607	0.018300	0.008110	0.000115	0.012943	0.006551	0.002720	0.004291	0.012565	0.000084	0.019327	0.025261	0.006482	0.006594	0.007568	0.014091	0.000097	0.009489	0.000639	0.003549	0.002717	0.000452	0.000425	0.002004	0.000291	0.001694	0.017665	0.000419	0.011893	0.017798	0.032907	0.024591	0.033836	0.024686	0.003172	0.000086	0.033043	0.031727	0.009901	0.009647	0.000673	0.000000	0.006701	0.008022	0.001315	0.012360	0.002181	0.000510	0.014157	0.005160	0.000086	0.002206	0.029903	0.029531	0.014860	0.002032	0.001723	0.025105	0.008116	0.005094	0.001063	0.011920	0.011871	0.012041	0.020345	0.004243	0.000666	0.000522	0.012218	0.009951	0.001691	0.000290	0.000904	0.001318	0.001046	0.003531	0.000669


1000	0.001823	0.000819	0.006081	0.007182	0.004878	0.003397	0.005162	0.000525	0.009184	0.002153	0.007548	0.001102	0.000022	0.015650	0.000127	0.005079	0.024541	0.001261	0.000028	0.029012	0.010196	0.000541	0.000973	0.001876	0.042753	0.000287	0.000039	0.007476	0.023337	0.043891	0.050819	0.047087	0.000161	0.034857	0.001506	0.000696	0.000095	0.005310	0.000288	0.000059	0.003837	0.003762	0.013137	0.000040	0.000363	0.000018	0.000124	0.006005	0.000029	0.011517	0.000601	0.012052	0.006898	0.003404	0.025209	0.011020	0.001003	0.000143	0.000284	0.010455	0.002775	0.050904	0.009675	0.000170	0.009258	0.000000	0.004150	0.012185	0.000455	0.005866	0.000232	0.044176	0.038630	0.000093	0.000736	0.021137	0.016622	0.012705	0.019550	0.002620	0.034268	0.045647	0.000191	0.000023	0.001056	0.003984	0.031943	0.030611	0.000058	0.016516	0.002026	0.006880	0.000165	0.034473	0.000019	0.006925	0.000120	0.024802	0.000609	0.000019


1000	0.004403	0.007640	0.002044	0.025641	0.013258	0.004064	0.005944	0.005173	0.022673	0.014652	0.025667	0.011725	0.006249	0.005275	0.012766	0.024689	0.005287	0.020799	0.006423	0.006950	0.003321	0.002772	0.004799	0.002356	0.005429	0.009274	0.006377	0.025490	0.013873	0.002353	0.002195	0.005574	0.005879	0.001919	0.006914	0.018777	0.003616	0.026541	0.003000	0.006324	0.026595	0.009822	0.015404	0.004401	0.012938	0.005783	0.011819	0.003697	0.004783	0.022382	0.012288	0.023308	0.023382	0.002157	0.001891	0.012170	0.002521	0.010908	0.005528	0.001992	0.006451	0.001965	0.024521	0.013333	0.005578	0.002089	0.000000	0.008202	0.008330	0.017480	0.013110	0.001929	0.006361	0.006099	0.021028	0.011383	0.001904	0.022655	0.007579	0.019421	0.005365	0.005842	0.010073	0.005191	0.016565	0.025674	0.012271	0.011684	0.003960	0.003024	0.010913	0.025854	0.003317	0.002535	0.006140	0.009134	0.012481	0.002734	0.020412	0.005538


1000	0.026084	0.000448	0.000378	0.017646	0.002280	0.030746	0.000899	0.015580	0.009528	0.001725	0.013126	0.018216	0.000751	0.001991	0.001946	0.007733	0.003266	0.011943	0.001218	0.031938	0.033968	0.000111	0.020747	0.000186	0.008313	0.000447	0.001943	0.012236	0.029811	0.017633	0.012773	0.012577	0.007495	0.002386	0.000515	0.002248	0.000083	0.014916	0.000093	0.003113	0.009501	0.031649	0.034057	0.000103	0.008058	0.000318	0.000896	0.033539	0.000125	0.011895	0.012336	0.017780	0.008093	0.000255	0.001477	0.003671	0.000138	0.000638	0.011018	0.000591	0.000660	0.005775	0.018526	0.003205	0.001311	0.008795	0.011763	0.000000	0.000416	0.029617	0.005099	0.003762	0.025267	0.004863	0.006378	0.006501	0.000909	0.015042	0.036834	0.020542	0.005284	0.018380	0.000508	0.000164	0.001699	0.007874	0.020751	0.012413	0.000088	0.032028	0.024903	0.012148	0.000086	0.022975	0.000495	0.036642	0.001300	0.027995	0.003602	0.000225


1000	0.000107	0.036747	0.007496	0.007991	0.025619	0.000093	0.018206	0.000179	0.014871	0.032962	0.011784	0.000904	0.003709	0.007930	0.008117	0.018439	0.005030	0.004760	0.002345	0.000522	0.000083	0.026395	0.000135	0.015781	0.002002	0.036848	0.001442	0.012652	0.001955	0.000162	0.000223	0.001299	0.000377	0.001229	0.031563	0.025556	0.034104	0.009468	0.030884	0.000911	0.014891	0.000498	0.001653	0.028204	0.002045	0.008720	0.018312	0.000085	0.023030	0.011909	0.001300	0.007915	0.017485	0.011075	0.001939	0.015985	0.020951	0.025216	0.000253	0.004930	0.025149	0.000487	0.007668	0.005241	0.012362	0.000329	0.011981	0.000417	0.000000	0.001887	0.003170	0.000764	0.000653	0.000573	0.008805	0.008669	0.003116	0.009411	0.000448	0.002744	0.003189	0.000875	0.031891	0.017667	0.033052	0.017835	0.002716	0.004627	0.032066	0.000088	0.000661	0.012738	0.033709	0.000123	0.005802	0.000447	0.012621	0.000099	0.015881	0.012761


1000	0.019027	0.001396	0.000488	0.024306	0.004317	0.018604	0.001516	0.017356	0.014016	0.004235	0.019387	0.024485	0.003519	0.002130	0.007137	0.013832	0.002838	0.022529	0.004854	0.016654	0.015134	0.000345	0.018621	0.000377	0.005185	0.001822	0.006463	0.018385	0.022253	0.006227	0.004643	0.006996	0.013157	0.001359	0.001333	0.006986	0.000424	0.022982	0.000348	0.008476	0.017463	0.027477	0.028404	0.000627	0.017013	0.001871	0.003912	0.017230	0.000796	0.015776	0.020846	0.021420	0.013242	0.000413	0.001004	0.005123	0.000348	0.002871	0.015407	0.000610	0.001395	0.002465	0.023455	0.009981	0.001758	0.003422	0.020258	0.023934	0.001520	0.000000	0.013213	0.001828	0.012826	0.010693	0.015664	0.006765	0.000757	0.018533	0.020581	0.028692	0.003840	0.009495	0.002228	0.001050	0.005004	0.014877	0.015292	0.010328	0.000499	0.012788	0.026865	0.018670	0.000380	0.008153	0.002619	0.026659	0.005300	0.010323	0.010493	0.001400


1000	0.007672	0.001999	0.000107	0.015619	0.002848	0.005045	0.000649	0.015839	0.007888	0.004726	0.012593	0.025201	0.027617	0.000429	0.031496	0.011493	0.000427	0.032913	0.031824	0.002072	0.002006	0.000378	0.011324	0.000183	0.000529	0.005109	0.033850	0.012051	0.004882	0.000334	0.000229	0.000657	0.026403	0.000092	0.001280	0.015971	0.001420	0.018046	0.000572	0.033554	0.017186	0.012427	0.008854	0.003650	0.036776	0.017184	0.018282	0.003231	0.005679	0.007615	0.031818	0.009870	0.009005	0.000133	0.000085	0.001972	0.000253	0.012324	0.021087	0.000094	0.000904	0.000125	0.012461	0.036593	0.000508	0.000167	0.018783	0.005094	0.003158	0.016334	0.000000	0.000104	0.001336	0.030787	0.032943	0.001656	0.000084	0.008325	0.003271	0.025624	0.000462	0.000892	0.008027	0.008625	0.008779	0.014360	0.002750	0.001959	0.002268	0.001249	0.018496	0.012909	0.000898	0.000504	0.022688	0.008219	0.024899	0.000777	0.025624	0.012508


1000	0.000529	0.002017	0.016526	0.005943	0.008858	0.001005	0.012022	0.000161	0.010645	0.003930	0.007375	0.000472	0.000018	0.029216	0.000115	0.005955	0.038879	0.000831	0.000019	0.015664	0.003389	0.001847	0.000287	0.006039	0.047004	0.000603	0.000022	0.007548	0.015504	0.025142	0.034795	0.042863	0.000059	0.051002	0.003797	0.000941	0.000283	0.004552	0.000969	0.000028	0.003895	0.001478	0.007449	0.000095	0.000195	0.000022	0.000163	0.001859	0.000059	0.012411	0.000282	0.010753	0.008279	0.010237	0.044099	0.018014	0.003382	0.000226	0.000094	0.024972	0.006838	0.051096	0.008195	0.000127	0.019610	0.044292	0.003842	0.005226	0.001058	0.003142	0.000144	0.000000	0.024370	0.000039	0.000604	0.028755	0.034455	0.012404	0.009259	0.001483	0.045450	0.034325	0.000354	0.000039	0.001738	0.004449	0.026390	0.032325	0.000158	0.006088	0.000819	0.006881	0.000530	0.016717	0.000019	0.002802	0.000132	0.010356	0.000642	0.000028


1000	0.007552	0.000910	0.002314	0.014400	0.004794	0.011226	0.003213	0.003157	0.012580	0.002771	0.013050	0.005197	0.000163	0.008061	0.000643	0.008441	0.012618	0.004797	0.000231	0.036573	0.020805	0.000387	0.004931	0.000924	0.025174	0.000526	0.000332	0.012600	0.032672	0.033732	0.031722	0.031599	0.001245	0.012707	0.001329	0.001720	0.000137	0.011442	0.000257	0.000505	0.007960	0.012498	0.025587	0.000096	0.002051	0.000102	0.000456	0.015696	0.000087	0.015572	0.003201	0.018938	0.010099	0.001443	0.008732	0.009003	0.000585	0.000425	0.001974	0.003725	0.002036	0.022596	0.017186	0.000929	0.005125	0.027770	0.009085	0.025166	0.000648	0.015807	0.001332	0.017473	0.000000	0.000778	0.002767	0.016150	0.005701	0.018125	0.031616	0.008868	0.018474	0.036559	0.000449	0.000087	0.001897	0.007488	0.032943	0.025867	0.000109	0.026113	0.008169	0.012027	0.000186	0.033288	0.000129	0.018328	0.000527	0.030481	0.001963	0.000092


1000	0.016660	0.000457	0.000019	0.011106	0.000852	0.010343	0.000142	0.034708	0.003819	0.001473	0.007459	0.038693	0.024849	0.000112	0.024199	0.005690	0.000130	0.032419	0.034731	0.002038	0.003391	0.000059	0.025105	0.000028	0.000233	0.001482	0.044243	0.006890	0.004017	0.000285	0.000160	0.000354	0.051174	0.000028	0.000275	0.007395	0.000283	0.012564	0.000094	0.051185	0.010131	0.019499	0.008958	0.000987	0.047071	0.010246	0.009292	0.006097	0.001840	0.003941	0.045746	0.006267	0.004266	0.000021	0.000022	0.000631	0.000039	0.005079	0.044199	0.000018	0.000192	0.000057	0.008488	0.033985	0.000119	0.000094	0.012192	0.006779	0.000796	0.018443	0.042956	0.000039	0.001088	0.000000	0.026311	0.000623	0.000019	0.004774	0.003799	0.028561	0.000168	0.000593	0.002740	0.003402	0.003196	0.007604	0.001747	0.000953	0.000520	0.001833	0.029211	0.007493	0.000160	0.000524	0.016699	0.012065	0.015536	0.000970	0.015723	0.006053


1000	0.004746	0.005194	0.000495	0.020335	0.007053	0.003522	0.002212	0.008293	0.014052	0.010234	0.018758	0.016817	0.018457	0.001487	0.026521	0.018651	0.001393	0.028583	0.019070	0.002921	0.001862	0.001381	0.006364	0.000789	0.001415	0.009747	0.018521	0.018398	0.007035	0.000617	0.000502	0.001536	0.012985	0.000347	0.003768	0.022349	0.003463	0.022947	0.001858	0.017278	0.023679	0.009586	0.010204	0.006357	0.024313	0.015150	0.020737	0.002580	0.008303	0.013300	0.020644	0.014927	0.015709	0.000606	0.000349	0.005161	0.001020	0.016629	0.010542	0.000428	0.002895	0.000372	0.017389	0.027728	0.001777	0.000429	0.024362	0.005152	0.007093	0.015660	0.026640	0.000351	0.002244	0.015249	0.000000	0.004195	0.000373	0.013655	0.003878	0.022342	0.001380	0.001780	0.012906	0.010589	0.015486	0.021521	0.005001	0.004303	0.004694	0.001369	0.013076	0.019284	0.002548	0.000782	0.017285	0.007184	0.024201	0.001011	0.028672	0.012962


1000	0.000933	0.009685	0.015915	0.014998	0.022182	0.001263	0.020600	0.000571	0.023677	0.015418	0.018665	0.001828	0.000383	0.026528	0.001495	0.018469	0.027642	0.004267	0.000357	0.009877	0.002298	0.006970	0.000718	0.011370	0.024355	0.005176	0.000338	0.019226	0.015747	0.007707	0.009875	0.020825	0.000407	0.018394	0.012945	0.006896	0.002791	0.013615	0.005167	0.000345	0.014039	0.002843	0.010278	0.001509	0.001411	0.000521	0.002207	0.001700	0.001118	0.024279	0.001526	0.020362	0.021618	0.013652	0.019031	0.028583	0.009001	0.002822	0.000469	0.017853	0.016662	0.014593	0.017562	0.001429	0.024125	0.012343	0.013207	0.005260	0.006993	0.006773	0.001341	0.016748	0.013119	0.000362	0.004201	0.000000	0.018785	0.022903	0.007232	0.005031	0.026877	0.016804	0.003775	0.000852	0.010080	0.015714	0.022427	0.028478	0.002024	0.003168	0.002253	0.018354	0.003864	0.005822	0.000447	0.003879	0.001801	0.004291	0.005025	0.000660


1000	0.000092	0.008039	0.044342	0.004603	0.019144	0.000161	0.031801	0.000038	0.012298	0.009902	0.007107	0.000178	0.000027	0.047029	0.000170	0.007783	0.046613	0.000602	0.000022	0.004413	0.000518	0.010424	0.000057	0.025173	0.031508	0.002358	0.000019	0.007608	0.006693	0.006049	0.010310	0.021974	0.000022	0.044160	0.013953	0.001964	0.001840	0.003903	0.006024	0.000018	0.004428	0.000395	0.002889	0.000532	0.000121	0.000057	0.000402	0.000285	0.000288	0.012500	0.000134	0.008369	0.010551	0.034873	0.051153	0.029240	0.016774	0.000689	0.000027	0.051341	0.021853	0.025033	0.006204	0.000141	0.041120	0.016753	0.003813	0.001269	0.004338	0.001308	0.000118	0.034635	0.007993	0.000019	0.000644	0.032422	0.000000	0.010773	0.002356	0.000769	0.040663	0.013737	0.001256	0.000162	0.004343	0.005693	0.014300	0.024440	0.000977	0.000977	0.000255	0.006955	0.003429	0.003371	0.000039	0.000699	0.000255	0.001817	0.000988	0.000094


1000	0.003727	0.007223	0.004640	0.024568	0.016124	0.004138	0.009509	0.003088	0.025674	0.014089	0.025806	0.007369	0.001935	0.011038	0.005281	0.023544	0.011985	0.012804	0.002030	0.012174	0.004845	0.003279	0.003392	0.003951	0.013036	0.006158	0.002105	0.025790	0.020108	0.006135	0.006284	0.013089	0.002602	0.006073	0.007884	0.011882	0.002481	0.023500	0.002948	0.002248	0.022447	0.008696	0.018124	0.002187	0.006255	0.001886	0.005375	0.004509	0.002070	0.026535	0.006658	0.026571	0.024587	0.004251	0.005742	0.018243	0.003571	0.005464	0.002814	0.005088	0.008720	0.006286	0.025788	0.005650	0.010329	0.006392	0.022646	0.010485	0.006541	0.015985	0.005808	0.006224	0.012685	0.002387	0.011782	0.019733	0.005378	0.000000	0.011405	0.014217	0.012708	0.012907	0.005738	0.001999	0.012569	0.022535	0.020852	0.020960	0.002292	0.005231	0.008069	0.025461	0.002725	0.005879	0.001932	0.009700	0.005339	0.005533	0.011581	0.001940


1000	0.019102	0.000526	0.000669	0.016813	0.002823	0.024541	0.001321	0.009882	0.010454	0.001926	0.013205	0.012627	0.000432	0.003155	0.001299	0.007878	0.005190	0.008934	0.000681	0.036556	0.032553	0.000154	0.014064	0.000297	0.012607	0.000436	0.001069	0.012424	0.032686	0.024370	0.019068	0.018191	0.004310	0.004330	0.000662	0.001964	0.000088	0.013818	0.000118	0.001714	0.008910	0.025112	0.032980	0.000090	0.005198	0.000202	0.000672	0.029266	0.000100	0.013129	0.008152	0.018577	0.008652	0.000432	0.002727	0.004886	0.000206	0.000518	0.006607	0.001076	0.000910	0.009771	0.018482	0.002083	0.002017	0.014047	0.010819	0.036666	0.000445	0.025351	0.003259	0.006635	0.031600	0.002713	0.004779	0.008899	0.001680	0.016288	0.000000	0.016103	0.008267	0.024910	0.000451	0.000121	0.001673	0.007658	0.025498	0.016405	0.000084	0.033792	0.018342	0.012166	0.000100	0.029163	0.000298	0.031704	0.000915	0.032471	0.002852	0.000153


1000	0.015914	0.001809	0.000355	0.024022	0.004376	0.013773	0.001352	0.018702	0.013395	0.005049	0.019295	0.027583	0.007527	0.001498	0.012808	0.014912	0.001817	0.028545	0.009782	0.009824	0.009006	0.000415	0.017686	0.000352	0.002923	0.002897	0.012104	0.018361	0.015709	0.002837	0.002071	0.003827	0.018151	0.000679	0.001528	0.010326	0.000718	0.024181	0.000474	0.014508	0.019774	0.023970	0.022269	0.001252	0.024217	0.004236	0.007206	0.011394	0.001687	0.014357	0.026574	0.019135	0.013427	0.000340	0.000539	0.004388	0.000368	0.005173	0.018845	0.000397	0.001416	0.001117	0.021870	0.016847	0.001386	0.001526	0.022475	0.016577	0.002208	0.028651	0.020698	0.000862	0.007186	0.016535	0.022317	0.005018	0.000445	0.016459	0.013054	0.000000	0.002286	0.005173	0.003816	0.002316	0.006845	0.016780	0.010201	0.007042	0.000926	0.006942	0.026698	0.018952	0.000578	0.003866	0.005800	0.020675	0.009739	0.005184	0.015742	0.003156


1000	0.000683	0.005153	0.018919	0.010028	0.015886	0.001096	0.018174	0.000298	0.017328	0.008844	0.012634	0.000937	0.000089	0.031476	0.000446	0.011474	0.036524	0.001969	0.000088	0.012672	0.002732	0.004292	0.000442	0.009833	0.036522	0.002039	0.000090	0.013008	0.016228	0.014204	0.019187	0.031741	0.000155	0.033795	0.008176	0.002832	0.001057	0.008392	0.002679	0.000101	0.008001	0.002045	0.008983	0.000442	0.000540	0.000117	0.000668	0.001732	0.000296	0.018822	0.000668	0.015793	0.014655	0.013928	0.032467	0.025441	0.006583	0.000902	0.000207	0.024337	0.012406	0.029174	0.012757	0.000452	0.024884	0.024585	0.007647	0.005252	0.003160	0.004723	0.000459	0.032522	0.018438	0.000119	0.001699	0.033022	0.028946	0.018122	0.008255	0.002815	0.000000	0.025117	0.001320	0.000209	0.004724	0.009117	0.025706	0.032721	0.000666	0.004331	0.001360	0.012128	0.001709	0.009934	0.000101	0.003291	0.000534	0.006636	0.001956	0.000153


1000	0.004241	0.001313	0.004266	0.013047	0.006431	0.006637	0.005111	0.001676	0.013691	0.003528	0.012840	0.003220	0.000113	0.012412	0.000498	0.008870	0.018446	0.003556	0.000149	0.031735	0.014053	0.000676	0.002672	0.001707	0.031888	0.000653	0.000199	0.012591	0.029657	0.032925	0.034161	0.036722	0.000665	0.019400	0.002022	0.001748	0.000200	0.010334	0.000428	0.000288	0.007644	0.008078	0.020675	0.000117	0.001317	0.000085	0.000424	0.009864	0.000097	0.016602	0.001993	0.018451	0.010967	0.002689	0.014255	0.012119	0.001061	0.000437	0.001043	0.006677	0.003191	0.029419	0.016071	0.000668	0.008097	0.032964	0.008383	0.018390	0.000873	0.011756	0.000893	0.024724	0.036727	0.000426	0.002205	0.020782	0.009843	0.018527	0.025038	0.006413	0.025282	0.000000	0.000509	0.000088	0.002187	0.007560	0.034068	0.030097	0.000146	0.019180	0.005125	0.011896	0.000291	0.029441	0.000097	0.012511	0.000446	0.024497	0.001747	0.000084


1000	0.000225	0.025047	0.002294	0.009104	0.016286	0.000166	0.008110	0.000494	0.012477	0.025582	0.011890	0.002032	0.011217	0.003118	0.018269	0.017836	0.001998	0.008854	0.007633	0.000434	0.000102	0.012684	0.000329	0.005776	0.000902	0.036760	0.004934	0.012498	0.001734	0.000093	0.000109	0.000654	0.001235	0.000381	0.018107	0.032839	0.027905	0.011350	0.017516	0.003163	0.017148	0.000869	0.001893	0.034035	0.005169	0.020958	0.031660	0.000127	0.033601	0.009947	0.003177	0.007488	0.015374	0.003646	0.000571	0.008928	0.008669	0.036744	0.000772	0.001450	0.012602	0.000179	0.007973	0.012641	0.005082	0.000138	0.014452	0.000508	0.031812	0.002759	0.008039	0.000255	0.000451	0.001967	0.015982	0.004668	0.000900	0.008236	0.000453	0.004731	0.001329	0.000509	0.000000	0.030869	0.033061	0.018967	0.001892	0.002733	0.031881	0.000089	0.001328	0.012937	0.022815	0.000085	0.015799	0.000658	0.025145	0.000082	0.025275	0.026354


1000	0.000161	0.015551	0.000525	0.005615	0.007608	0.000096	0.002767	0.000527	0.006345	0.015617	0.006933	0.002037	0.025064	0.000785	0.029318	0.011030	0.000460	0.009056	0.016681	0.000135	0.000039	0.006086	0.000289	0.001863	0.000195	0.034177	0.010278	0.007234	0.000668	0.000018	0.000019	0.000145	0.001848	0.000060	0.009080	0.032367	0.024926	0.007658	0.010383	0.006063	0.012201	0.000590	0.000927	0.043981	0.006975	0.044010	0.045472	0.000060	0.050897	0.004803	0.003768	0.003787	0.008504	0.000979	0.000094	0.003290	0.003386	0.047211	0.000985	0.000290	0.005207	0.000028	0.004422	0.019767	0.001469	0.000023	0.010320	0.000227	0.024417	0.001801	0.011967	0.000039	0.000121	0.003383	0.018168	0.001459	0.000161	0.003976	0.000168	0.003977	0.000291	0.000121	0.042769	0.000000	0.026457	0.012897	0.000607	0.000823	0.034587	0.000028	0.001107	0.007723	0.016589	0.000019	0.034611	0.000363	0.038784	0.000022	0.028267	0.050913


1000	0.000498	0.024215	0.004684	0.014286	0.022552	0.000428	0.012912	0.000777	0.019674	0.028592	0.018133	0.002898	0.006377	0.006962	0.012941	0.023969	0.005148	0.010288	0.004799	0.001413	0.000346	0.013034	0.000613	0.008339	0.002868	0.027690	0.003489	0.018900	0.004347	0.000423	0.000497	0.002210	0.001374	0.001371	0.020520	0.028650	0.018578	0.016334	0.015308	0.002567	0.021968	0.001753	0.004210	0.018717	0.005278	0.010568	0.020737	0.000379	0.017381	0.016871	0.003809	0.013304	0.022335	0.006272	0.001835	0.015625	0.010536	0.024259	0.001018	0.003484	0.016816	0.000768	0.013472	0.009920	0.009620	0.000617	0.019225	0.001375	0.026670	0.005011	0.007111	0.001013	0.001541	0.001856	0.015513	0.010084	0.002517	0.014593	0.001360	0.006864	0.003846	0.001769	0.026744	0.015446	0.000000	0.024152	0.004981	0.006795	0.019023	0.000338	0.002249	0.019170	0.017317	0.000373	0.008394	0.001545	0.016884	0.000341	0.022261	0.013080


1000	0.002394	0.011810	0.003451	0.023338	0.017876	0.002250	0.009160	0.002847	0.024497	0.019594	0.025385	0.007602	0.005376	0.007391	0.011661	0.026612	0.006866	0.016604	0.005044	0.005285	0.001979	0.005073	0.002606	0.004259	0.005918	0.013051	0.004595	0.025621	0.011567	0.001876	0.001916	0.005538	0.003476	0.002434	0.010904	0.021292	0.006051	0.024488	0.005411	0.004225	0.026579	0.006202	0.011779	0.006487	0.009246	0.006014	0.013034	0.002110	0.006523	0.023391	0.008272	0.022182	0.025608	0.003801	0.002611	0.015743	0.004625	0.013205	0.003130	0.003175	0.010140	0.002077	0.022671	0.011135	0.008264	0.002007	0.025702	0.005497	0.012414	0.012851	0.010034	0.002236	0.005249	0.003808	0.018596	0.013558	0.002846	0.022568	0.005370	0.014515	0.006403	0.005275	0.013234	0.006495	0.020833	0.000000	0.011459	0.012323	0.006260	0.001909	0.006929	0.025837	0.005798	0.001853	0.005797	0.005899	0.012544	0.001847	0.020402	0.006326


1000	0.004706	0.002883	0.004731	0.019103	0.010286	0.006374	0.007143	0.002531	0.019742	0.006857	0.019192	0.005253	0.000418	0.012845	0.001499	0.014788	0.016849	0.006895	0.000503	0.024273	0.010481	0.001390	0.003457	0.002580	0.024342	0.001809	0.000611	0.018945	0.028557	0.018565	0.019022	0.026669	0.001367	0.013091	0.003841	0.004296	0.000612	0.016353	0.001019	0.000782	0.013372	0.009642	0.022312	0.000429	0.002891	0.000343	0.001355	0.008303	0.000379	0.022456	0.003796	0.024072	0.017019	0.003474	0.010615	0.015720	0.001872	0.001379	0.001842	0.006414	0.005226	0.017176	0.021985	0.001842	0.009698	0.018621	0.014213	0.016760	0.002187	0.015283	0.002223	0.015344	0.026715	0.001012	0.004999	0.022389	0.008271	0.024161	0.020688	0.010210	0.020887	0.027501	0.001527	0.000354	0.004971	0.013258	0.000000	0.028766	0.000495	0.012913	0.007166	0.018238	0.000791	0.017203	0.000380	0.013000	0.001402	0.015164	0.004292	0.000343


1000	0.002137	0.005140	0.009460	0.017024	0.015330	0.002963	0.012678	0.001168	0.022019	0.010112	0.019066	0.003003	0.000346	0.020125	0.001343	0.016444	0.023894	0.005177	0.000370	0.017088	0.005360	0.003091	0.001568	0.005643	0.027455	0.002852	0.000401	0.019224	0.022682	0.013896	0.016039	0.026639	0.000693	0.018005	0.007028	0.005106	0.001212	0.014834	0.002224	0.000465	0.013470	0.005324	0.015826	0.000719	0.001878	0.000365	0.001554	0.004015	0.000573	0.023976	0.002280	0.022739	0.019323	0.007346	0.016316	0.022190	0.004177	0.001785	0.000882	0.011896	0.009521	0.018597	0.019996	0.001468	0.016346	0.017802	0.013500	0.010002	0.003718	0.010298	0.001580	0.018749	0.020926	0.000551	0.004292	0.028361	0.014102	0.024228	0.013278	0.007031	0.026524	0.024237	0.002201	0.000479	0.006765	0.014224	0.028697	0.000000	0.000910	0.007124	0.003986	0.018367	0.001656	0.011501	0.000355	0.007392	0.001424	0.009143	0.004325	0.000412


1000	0.000038	0.036512	0.003356	0.004395	0.016960	0.000028	0.010542	0.000092	0.008316	0.027483	0.006755	0.000528	0.006072	0.003147	0.010557	0.012254	0.001693	0.003563	0.003404	0.000127	0.000019	0.025087	0.000058	0.010366	0.000525	0.047387	0.001823	0.007335	0.000641	0.000028	0.000038	0.000315	0.000285	0.000287	0.026476	0.027275	0.051245	0.005728	0.034906	0.000983	0.010321	0.000199	0.000610	0.051273	0.001736	0.016653	0.026553	0.000022	0.044293	0.006128	0.000920	0.003828	0.010702	0.006000	0.000518	0.008172	0.016611	0.036685	0.000158	0.001838	0.017671	0.000092	0.003901	0.006032	0.005906	0.000059	0.007928	0.000122	0.044635	0.000862	0.003170	0.000158	0.000153	0.000521	0.008112	0.003492	0.000977	0.004591	0.000118	0.001602	0.000936	0.000204	0.044488	0.034834	0.032816	0.012520	0.000856	0.001576	0.000000	0.000018	0.000320	0.007543	0.044197	0.000022	0.010344	0.000152	0.017606	0.000018	0.016509	0.025092


1000	0.024960	0.000153	0.000284	0.010891	0.001165	0.034787	0.000524	0.010324	0.005772	0.000701	0.007766	0.010632	0.000157	0.001691	0.000511	0.003946	0.003269	0.005435	0.000287	0.044233	0.051067	0.000040	0.016557	0.000095	0.010684	0.000118	0.000526	0.007158	0.030811	0.034705	0.025024	0.017493	0.003392	0.003436	0.000208	0.000716	0.000019	0.008372	0.000028	0.000987	0.004655	0.026908	0.031324	0.000019	0.003240	0.000057	0.000210	0.044085	0.000022	0.007830	0.005945	0.012463	0.004481	0.000158	0.001859	0.002427	0.000059	0.000149	0.006024	0.000534	0.000317	0.010269	0.012352	0.000951	0.000925	0.016595	0.006038	0.044585	0.000122	0.022028	0.001741	0.006101	0.036499	0.001830	0.002358	0.005450	0.000974	0.010446	0.047257	0.011975	0.006065	0.026686	0.000124	0.000028	0.000581	0.003807	0.022256	0.012309	0.000018	0.000000	0.017533	0.006959	0.000022	0.044150	0.000095	0.036545	0.000318	0.051099	0.001180	0.000039


1000	0.031638	0.000526	0.000110	0.018844	0.001752	0.027751	0.000452	0.033239	0.007962	0.001933	0.013124	0.036602	0.004916	0.000641	0.008054	0.008521	0.000915	0.025550	0.007614	0.012574	0.017354	0.000093	0.033650	0.000089	0.002070	0.000917	0.011188	0.012137	0.016133	0.003681	0.002322	0.003205	0.026156	0.000389	0.000449	0.004834	0.000166	0.018126	0.000105	0.015739	0.012613	0.036466	0.025486	0.000338	0.025060	0.001968	0.003266	0.022727	0.000508	0.009188	0.031647	0.014439	0.007636	0.000093	0.000260	0.002002	0.000086	0.002019	0.030504	0.000141	0.000437	0.000902	0.017064	0.012600	0.000518	0.001456	0.015578	0.024788	0.000656	0.033090	0.018428	0.000587	0.008164	0.020859	0.016111	0.002772	0.000182	0.011523	0.018341	0.032931	0.001362	0.005099	0.001321	0.000795	0.002767	0.009881	0.008831	0.004924	0.000228	0.012537	0.000000	0.012576	0.000129	0.005721	0.003198	0.031593	0.005168	0.008586	0.009071	0.001253


1000	0.003544	0.008751	0.003474	0.025289	0.016222	0.003555	0.008489	0.003607	0.025228	0.016201	0.026470	0.008766	0.003767	0.008203	0.008849	0.025537	0.008317	0.016386	0.003803	0.008384	0.003453	0.003667	0.003579	0.003597	0.008311	0.008906	0.003750	0.026483	0.015875	0.003403	0.003391	0.008227	0.003691	0.003450	0.008620	0.016586	0.003704	0.025422	0.003654	0.003753	0.025558	0.008418	0.015741	0.003792	0.008912	0.003767	0.009011	0.003520	0.003800	0.025144	0.008727	0.025059	0.025319	0.003498	0.003425	0.016065	0.003600	0.008901	0.003635	0.003499	0.008632	0.003364	0.025268	0.009095	0.008375	0.003413	0.025484	0.008350	0.008730	0.015879	0.008882	0.003405	0.008300	0.003695	0.016407	0.015593	0.003424	0.025107	0.008400	0.016142	0.008386	0.008172	0.008888	0.003829	0.016282	0.025439	0.015521	0.015669	0.003714	0.003436	0.008684	0.000000	0.003713	0.003402	0.003830	0.008508	0.009024	0.003385	0.016596	0.003822


1000	0.000022	0.046576	0.010331	0.004005	0.025051	0.000020	0.022000	0.000039	0.009927	0.032376	0.006803	0.000259	0.001844	0.007940	0.004379	0.012427	0.004381	0.001965	0.000993	0.000182	0.000019	0.044141	0.000028	0.025117	0.001278	0.040767	0.000523	0.007510	0.000813	0.000059	0.000095	0.000706	0.000095	0.001000	0.040808	0.019452	0.050959	0.004890	0.051097	0.000288	0.008879	0.000132	0.000601	0.034633	0.000709	0.006015	0.013631	0.000019	0.024956	0.007472	0.000402	0.004229	0.012024	0.016634	0.001837	0.014295	0.034691	0.021926	0.000058	0.006088	0.031887	0.000288	0.003920	0.002413	0.013780	0.000165	0.006606	0.000119	0.046676	0.000653	0.001248	0.000530	0.000260	0.000160	0.004380	0.006632	0.003410	0.005429	0.000140	0.000995	0.002387	0.000405	0.031669	0.016620	0.029717	0.011534	0.001360	0.002854	0.043964	0.000022	0.000180	0.007501	0.000000	0.000039	0.003390	0.000122	0.008026	0.000028	0.009778	0.010316


1000	0.010289	0.000255	0.000980	0.009394	0.001953	0.016705	0.001260	0.003384	0.006953	0.000986	0.007696	0.004443	0.000057	0.004353	0.000246	0.004201	0.008083	0.002912	0.000094	0.046407	0.034607	0.000096	0.006006	0.000290	0.022054	0.000137	0.000160	0.007272	0.031801	0.051072	0.044128	0.031610	0.000987	0.010427	0.000406	0.000610	0.000028	0.006950	0.000058	0.000287	0.004134	0.013830	0.025034	0.000019	0.001274	0.000027	0.000137	0.024958	0.000018	0.009339	0.002348	0.012848	0.005214	0.000522	0.006103	0.004468	0.000161	0.000117	0.001830	0.001861	0.000695	0.024919	0.011600	0.000415	0.002346	0.034618	0.005058	0.031965	0.000171	0.014036	0.000702	0.016743	0.046500	0.000523	0.001346	0.010012	0.003359	0.011734	0.040761	0.006666	0.013905	0.040939	0.000118	0.000019	0.000640	0.003694	0.029635	0.019860	0.000022	0.044126	0.007997	0.006886	0.000039	0.000000	0.000039	0.021953	0.000177	0.051091	0.000793	0.000022


1000	0.000990	0.004395	0.000093	0.007431	0.003021	0.000535	0.000697	0.003384	0.004893	0.006714	0.007119	0.008017	0.051025	0.000245	0.046791	0.008918	0.000176	0.019507	0.044086	0.000262	0.000162	0.000997	0.001856	0.000291	0.000123	0.013811	0.034587	0.007074	0.001037	0.000028	0.000022	0.000120	0.010339	0.000023	0.002317	0.024856	0.006026	0.009923	0.001855	0.025003	0.012661	0.002314	0.001943	0.016621	0.021980	0.050886	0.040947	0.000293	0.024942	0.004038	0.013757	0.004223	0.006414	0.000159	0.000028	0.001404	0.000528	0.031649	0.006050	0.000059	0.001289	0.000018	0.005470	0.040752	0.000401	0.000019	0.012215	0.000686	0.008025	0.004496	0.031502	0.000019	0.000179	0.016618	0.029678	0.000766	0.000039	0.003844	0.000415	0.009970	0.000141	0.000135	0.021905	0.034636	0.014388	0.011520	0.000652	0.000611	0.010278	0.000095	0.004457	0.007729	0.003386	0.000039	0.000000	0.001278	0.046459	0.000058	0.032200	0.043986


1000	0.031667	0.000432	0.000228	0.018452	0.001974	0.033801	0.000660	0.022639	0.008879	0.001690	0.013205	0.025086	0.001427	0.001291	0.003149	0.007883	0.002057	0.016066	0.002324	0.025130	0.030602	0.000093	0.027672	0.000130	0.005230	0.000527	0.003676	0.012236	0.025496	0.011193	0.007607	0.008129	0.012577	0.001268	0.000450	0.002814	0.000094	0.016216	0.000085	0.005739	0.010451	0.036623	0.032933	0.000139	0.012520	0.000571	0.001337	0.033401	0.000185	0.010883	0.018238	0.016860	0.007821	0.000164	0.000791	0.002870	0.000105	0.000893	0.017312	0.000339	0.000528	0.003146	0.018408	0.005198	0.000898	0.004980	0.013051	0.036507	0.000444	0.032866	0.008196	0.002009	0.018335	0.008623	0.008860	0.004777	0.000499	0.013864	0.031732	0.025526	0.003299	0.012458	0.000656	0.000261	0.001903	0.008420	0.016036	0.009141	0.000109	0.026156	0.031622	0.012332	0.000088	0.015721	0.000918	0.000000	0.002036	0.020832	0.004872	0.000382


1000	0.001235	0.008148	0.000377	0.011965	0.006688	0.000787	0.002031	0.003138	0.009557	0.012113	0.012236	0.008146	0.030581	0.000875	0.036612	0.015015	0.000659	0.020672	0.026204	0.000674	0.000331	0.002353	0.001983	0.000925	0.000459	0.018388	0.020815	0.012282	0.002324	0.000104	0.000091	0.000430	0.007567	0.000112	0.005075	0.029837	0.008674	0.014987	0.003715	0.015695	0.018778	0.003133	0.003552	0.017476	0.018325	0.033675	0.036698	0.000508	0.022765	0.008127	0.012438	0.007998	0.011800	0.000575	0.000138	0.003675	0.001455	0.031658	0.004932	0.000261	0.003265	0.000085	0.009585	0.031725	0.001310	0.000087	0.017846	0.001297	0.012547	0.006539	0.024850	0.000095	0.000527	0.011112	0.029868	0.002219	0.000182	0.007637	0.000917	0.012033	0.000535	0.000445	0.025059	0.027897	0.020801	0.017916	0.001731	0.001762	0.012574	0.000228	0.005176	0.013090	0.005762	0.000127	0.033394	0.002037	0.000000	0.000162	0.033933	0.031815


1000	0.016595	0.000189	0.000521	0.010115	0.001477	0.025114	0.000796	0.006030	0.006294	0.000807	0.007696	0.006937	0.000091	0.002707	0.000342	0.004018	0.005176	0.003948	0.000159	0.047069	0.044182	0.000059	0.010253	0.000161	0.015706	0.000121	0.000283	0.007175	0.032043	0.044279	0.034835	0.024211	0.001834	0.006120	0.000280	0.000639	0.000021	0.007596	0.000038	0.000524	0.004333	0.019782	0.028618	0.000018	0.002014	0.000037	0.000162	0.034727	0.000019	0.008533	0.003738	0.012698	0.004783	0.000281	0.003416	0.003262	0.000093	0.000126	0.003358	0.000993	0.000457	0.016596	0.012000	0.000612	0.001457	0.025007	0.005477	0.039107	0.000138	0.017844	0.001086	0.010415	0.042751	0.000972	0.001748	0.007409	0.001818	0.011089	0.045567	0.008974	0.009325	0.034201	0.000115	0.000022	0.000589	0.003696	0.026227	0.015852	0.000018	0.051277	0.012050	0.006880	0.000028	0.051297	0.000058	0.029208	0.000228	0.000000	0.000940	0.000028


1000	0.002117	0.009593	0.000920	0.018109	0.010448	0.001572	0.003799	0.003936	0.015499	0.015455	0.018607	0.009926	0.017615	0.002164	0.026470	0.020966	0.001807	0.022515	0.016017	0.001879	0.000877	0.003124	0.002901	0.001678	0.001433	0.016566	0.013741	0.018644	0.005263	0.000402	0.000366	0.001373	0.007068	0.000418	0.006980	0.028409	0.007436	0.021034	0.004220	0.011443	0.024375	0.005220	0.006964	0.011956	0.016972	0.018633	0.026481	0.001172	0.014286	0.013930	0.013082	0.013819	0.017823	0.001217	0.000475	0.007028	0.002262	0.023837	0.005311	0.000725	0.005222	0.000348	0.015632	0.024394	0.002837	0.000354	0.023588	0.002902	0.012760	0.010463	0.020668	0.000372	0.001588	0.009089	0.028598	0.005005	0.000570	0.013389	0.002309	0.015719	0.001586	0.001407	0.020357	0.016432	0.022166	0.023551	0.004282	0.004325	0.009529	0.000683	0.007344	0.019456	0.005674	0.000459	0.018705	0.003940	0.027424	0.000542	0.000000	0.017971


1000	0.000287	0.010553	0.000284	0.006135	0.005602	0.000163	0.001725	0.000981	0.005776	0.012047	0.006972	0.003243	0.034767	0.000510	0.036712	0.010353	0.000316	0.011990	0.025035	0.000157	0.000058	0.003417	0.000530	0.000998	0.000155	0.026773	0.016556	0.007161	0.000738	0.000019	0.000018	0.000126	0.003390	0.000040	0.005867	0.031066	0.016606	0.008374	0.006092	0.010329	0.012513	0.000909	0.001145	0.034671	0.010625	0.050999	0.047282	0.000096	0.044046	0.004471	0.005943	0.003861	0.007741	0.000523	0.000058	0.002429	0.001841	0.044405	0.001836	0.000162	0.003280	0.000022	0.004691	0.026732	0.000926	0.000019	0.011025	0.000312	0.017665	0.002405	0.017382	0.000028	0.000128	0.006029	0.022275	0.001133	0.000094	0.003865	0.000213	0.005430	0.000214	0.000116	0.036572	0.050994	0.022439	0.012581	0.000590	0.000710	0.024954	0.000039	0.001748	0.007720	0.010314	0.000022	0.044025	0.000532	0.044302	0.000028	0.030963	0.000000

