1 0 2.52078447201548 0 0 0 2.004684436494304 2.000347299268466 0 2.228387042742021 2.228387042742023 0 0 0 0 0 0
0 2.857738033247042 0 0 2.619965104088255 0 2.004684436494304 2.000347299268466 0 2.228387042742021 2.228387042742023 0 0 0 0 0 0
0 2.857738033247042 0 2.061393766919624 0 0 2.004684436494304 0 0 2.228387042742021 2.228387042742023 0 0 0 0 0 0
1 0 0 2.061393766919624 2.619965104088255 0 2.004684436494304 2.000347299268466 0 0 0 0 2.055002875864414 0 0 0 0
1 2.857738033247042 0 2.061393766919624 2.619965104088255 0 2.004684436494304 0 0 0 0 0 2.055002875864414 0 0 0 0
0 2.857738033247042 0 2.061393766919624 2.619965104088255 0 2.004684436494304 2.000347299268466 0 2.228387042742021 2.228387042742023 0 0 0 0 0 0
1 0 0 0 2.619965104088255 0 2.004684436494304 0 0 2.228387042742021 2.228387042742023 0 2.055002875864414 0 0 0 0
1 0 0 0 2.619965104088255 0 2.004684436494304 0 0 2.228387042742021 2.228387042742023 0 2.055002875864414 0 0 0 0
0 2.857738033247042 0 2.061393766919624 2.619965104088255 0 2.004684436494304 2.000347299268466 2.122974378789621 2.228387042742021 2.228387042742023 0 0 0 0 12.72816758217773 0
0 2.857738033247042 0 0 2.619965104088255 0 0 0 0 2.228387042742021 2.228387042742023 0 2.055002875864414 0 0 0 0
1 2.857738033247042 0 0 2.619965104088255 0 0 2.000347299268466 0 2.228387042742021 2.228387042742023 0 0 0 0 0 0
1 2.857738033247042 0 0 2.619965104088255 0 2.004684436494304 2.000347299268466 2.122974378789621 0 0 0 0 0 0 0 0
1 0 0 0 0 4.745052855503306 2.004684436494304 0 2.122974378789621 2.228387042742021 2.228387042742023 0 0 0 0 0 0
1 2.857738033247042 0 0 2.619965104088255 0 2.004684436494304 0 2.122974378789621 2.228387042742021 2.228387042742023 0 2.055002875864414 0 0 0 0
0 2.857738033247042 0 0 2.619965104088255 0 0 0 0 2.228387042742021 2.228387042742023 0 2.055002875864414 0 0 0 0
0 0 0 2.061393766919624 2.619965104088255 0 0 0 2.122974378789621 2.228387042742021 2.228387042742023 0 0 0 0 0 0
0 2.857738033247042 0 0 0 0 2.004684436494304 0 2.122974378789621 2.228387042742021 2.228387042742023 0 0 0 0 0 0
0 2.857738033247042 0 0 2.619965104088255 0 0 2.000347299268466 0 2.228387042742021 2.228387042742023 0 2.055002875864414 0 0 0 0
0 2.857738033247042 0 0 2.619965104088255 0 2.004684436494304 0 0 2.228387042742021 2.228387042742023 0 2.055002875864414 0 0 0 0
1 2.857738033247042 0 0 2.619965104088255 0 0 2.000347299268466 0 2.228387042742021 2.228387042742023 0 0 0 0 0 0
0 2.857738033247042 0 0 2.619965104088255 0 2.004684436494304 2.000347299268466 0 2.228387042742021 2.228387042742023 0 0 0 0 0 0
0 2.857738033247042 0 0 0 0 2.004684436494304 0 0 2.228387042742021 2.228387042742023 0 2.055002875864414 0 0 0 0
0 2.857738033247042 0 0 2.619965104088255 0 2.004684436494304 2.000347299268466 2.122974378789621 2.228387042742021 2.228387042742023 0 0 0 0 0 0
1 2.857738033247042 0 2.061393766919624 2.619965104088255 0 0 0 0 2.228387042742021 2.228387042742023 0 2.055002875864414 0 0 0 0
1 2.857738033247042 0 0 2.619965104088255 0 2.004684436494304 2.000347299268466 0 2.228387042742021 2.228387042742023 0 0 0 0 0 0
1 2.857738033247042 0 2.061393766919624 2.619965104088255 0 2.004684436494304 2.000347299268466 2.122974378789621 2.228387042742021 2.228387042742023 0 0 0 0 0 0
0 2.857738033247042 0 2.061393766919624 2.619965104088255 0 0 2.000347299268466 2.122974378789621 2.228387042742021 2.228387042742023 0 0 0 0 0 0
1 2.857738033247042 0 2.061393766919624 2.619965104088255 0 2.004684436494304 2.000347299268466 0 0 0 0 0 0 0 0 0
0 2.857738033247042 0 0 2.619965104088255 0 2.004684436494304 0 0 2.228387042742021 2.228387042742023 0 0 0 0 0 0
1 2.857738033247042 0 0 2.619965104088255 0 2.004684436494304 2.000347299268466 0 0 0 0 2.055002875864414 0 0 0 0
1 2.857738033247042 2.52078447201548 0 2.619965104088255 0 2.004684436494304 2.000347299268466 0 2.228387042742021 2.228387042742023 0 0 0 0 0 0
0 0 0 0 2.619965104088255 0 0 2.000347299268466 0 2.228387042742021 2.228387042742023 0 2.055002875864414 0 0 0 0
1 2.857738033247042 0 2.061393766919624 2.619965104088255 0 0 0 0 2.228387042742021 2.228387042742023 0 2.055002875864414 0 0 0 0
0 2.857738033247042 0 0 2.619965104088255 0 2.004684436494304 0 2.122974378789621 0 0 0 2.055002875864414 0 0 0 0
1 2.857738033247042 2.52078447201548 2.061393766919624 2.619965104088255 0 0 0 0 2.228387042742021 2.228387042742023 0 0 0 0 0 0
0 2.857738033247042 2.52078447201548 0 2.619965104088255 0 0 0 0 2.228387042742021 2.228387042742023 0 0 0 0 0 0
1 0 0 2.061393766919624 2.619965104088255 0 2.004684436494304 0 0 2.228387042742021 2.228387042742023 0 0 0 0 0 0
1 2.857738033247042 0 2.061393766919624 0 0 2.004684436494304 2.000347299268466 0 2.228387042742021 2.228387042742023 0 2.055002875864414 0 0 0 0
1 0 0 0 2.619965104088255 0 2.004684436494304 0 2.122974378789621 2.228387042742021 2.228387042742023 0 0 0 0 0 0
0 2.857738033247042 0 0 2.619965104088255 0 2.004684436494304 2.000347299268466 0 2.228387042742021 2.228387042742023 0 2.055002875864414 0 0 0 0
1 2.857738033247042 0 0 2.619965104088255 0 0 2.000347299268466 0 2.228387042742021 2.228387042742023 0 0 0 0 0 0
0 2.857738033247042 0 0 2.619965104088255 0 2.004684436494304 0 2.122974378789621 2.228387042742021 2.228387042742023 0 0 0 0 0 0
0 2.857738033247042 0 0 2.619965104088255 0 2.004684436494304 2.000347299268466 0 2.228387042742021 2.228387042742023 0 2.055002875864414 0 0 0 0
1 2.857738033247042 2.52078447201548 0 2.619965104088255 0 2.004684436494304 2.000347299268466 0 0 0 0 0 0 0 0 0
1 0 0 0 2.619965104088255 0 2.004684436494304 0 0 2.228387042742021 2.228387042742023 0 2.055002875864414 0 0 0 0
0 2.857738033247042 0 0 2.619965104088255 0 2.004684436494304 2.000347299268466 0 0 0 0 2.055002875864414 0 0 0 0
1 2.857738033247042 0 2.061393766919624 2.619965104088255 0 2.004684436494304 2.000347299268466 0 0 0 0 2.055002875864414 0 0 0 0
0 2.857738033247042 2.52078447201548 0 0 0 2.004684436494304 0 2.122974378789621 0 0 0 2.055002875864414 0 0 0 0
1 2.857738033247042 0 0 2.619965104088255 0 2.004684436494304 2.000347299268466 2.122974378789621 2.228387042742021 2.228387042742023 6.857275130999357 2.055002875864414 0 0 0 0
1 2.857738033247042 0 2.061393766919624 2.619965104088255 0 0 2.000347299268466 0 0 0 0 2.055002875864414 0 0 0 0
0 2.857738033247042 0 2.061393766919624 0 0 0 2.000347299268466 0 2.228387042742021 2.228387042742023 0 0 0 0 0 0
0 2.857738033247042 0 0 2.619965104088255 0 0 0 0 2.228387042742021 2.228387042742023 0 2.055002875864414 0 0 0 0
0 0 0 0 2.619965104088255 0 2.004684436494304 2.000347299268466 2.122974378789621 0 0 0 0 0 10.4087817597473 0 0
1 2.857738033247042 0 0 2.619965104088255 0 2.004684436494304 2.000347299268466 2.122974378789621 2.228387042742021 2.228387042742023 0 0 0 0 0 0
1 2.857738033247042 0 0 2.619965104088255 0 0 2.000347299268466 0 2.228387042742021 2.228387042742023 0 0 0 0 0 0
0 2.857738033247042 2.52078447201548 0 2.619965104088255 0 0 0 0 2.228387042742021 2.228387042742023 0 0 0 0 0 0
0 2.857738033247042 0 0 2.619965104088255 0 2.004684436494304 2.000347299268466 0 2.228387042742021 2.228387042742023 0 0 0 0 0 0
0 2.857738033247042 0 0 2.619965104088255 0 2.004684436494304 0 0 2.228387042742021 2.228387042742023 0 2.055002875864414 0 0 0 0
1 2.857738033247042 0 2.061393766919624 2.619965104088255 0 0 0 2.122974378789621 0 0 0 2.055002875864414 0 0 0 0
1 2.857738033247042 2.52078447201548 2.061393766919624 2.619965104088255 0 2.004684436494304 0 0 0 0 0 0 0 0 0 0
0 2.857738033247042 0 0 2.619965104088255 0 0 0 0 2.228387042742021 2.228387042742023 0 2.055002875864414 0 0 0 0
0 2.857738033247042 0 0 2.619965104088255 0 2.004684436494304 2.000347299268466 0 2.228387042742021 2.228387042742023 0 2.055002875864414 0 0 0 0
1 2.857738033247042 0 2.061393766919624 2.619965104088255 0 0 2.000347299268466 0 2.228387042742021 2.228387042742023 0 2.055002875864414 0 0 0 0
1 2.857738033247042 0 2.061393766919624 2.619965104088255 0 0 2.000347299268466 0 2.228387042742021 2.228387042742023 0 2.055002875864414 0 0 0 0
1 2.857738033247042 0 0 2.619965104088255 0 0 2.000347299268466 0 2.228387042742021 2.228387042742023 0 0 0 0 0 0
0 2.857738033247042 0 2.061393766919624 2.619965104088255 0 2.004684436494304 0 0 2.228387042742021 2.228387042742023 0 2.055002875864414 0 0 0 0
0 0 0 2.061393766919624 0 0 0 2.000347299268466 0 2.228387042742021 2.228387042742023 0 2.055002875864414 0 0 0 0
0 2.857738033247042 2.52078447201548 0 2.619965104088255 0 0 0 0 2.228387042742021 2.228387042742023 0 0 0 0 0 0
1 2.857738033247042 0 2.061393766919624 0 0 2.004684436494304 0 0 2.228387042742021 2.228387042742023 0 0 0 0 0 0
1 2.857738033247042 0 2.061393766919624 2.619965104088255 0 2.004684436494304 2.000347299268466 2.122974378789621 2.228387042742021 2.228387042742023 0 0 12.72816758217773 0 0 0
0 2.857738033247042 0 2.061393766919624 2.619965104088255 0 2.004684436494304 0 0 0 0 0 2.055002875864414 0 0 0 0
0 2.857738033247042 0 2.061393766919624 0 0 0 2.000347299268466 0 2.228387042742021 2.228387042742023 0 0 0 0 0 0
0 2.857738033247042 0 0 2.619965104088255 4.745052855503306 0 2.000347299268466 0 0 0 0 2.055002875864414 0 0 0 0
0 2.857738033247042 0 2.061393766919624 2.619965104088255 0 0 2.000347299268466 0 2.228387042742021 2.228387042742023 0 2.055002875864414 0 0 0 0
1 2.857738033247042 0 0 2.619965104088255 0 2.004684436494304 0 0 2.228387042742021 2.228387042742023 0 0 0 0 0 0
1 2.857738033247042 0 0 2.619965104088255 0 2.004684436494304 2.000347299268466 0 2.228387042742021 2.228387042742023 0 0 0 0 0 0
1 0 2.52078447201548 2.061393766919624 2.619965104088255 0 2.004684436494304 2.000347299268466 0 0 0 0 0 0 0 0 0
1 2.857738033247042 0 0 2.619965104088255 0 2.004684436494304 2.000347299268466 0 0 0 0 2.055002875864414 0 0 0 0
1 0 0 2.061393766919624 2.619965104088255 0 2.004684436494304 0 0 2.228387042742021 2.228387042742023 0 0 0 0 0 0
0 2.857738033247042 0 0 2.619965104088255 0 0 0 0 2.228387042742021 2.228387042742023 0 2.055002875864414 0 0 0 0
1 2.857738033247042 2.52078447201548 0 2.619965104088255 0 2.004684436494304 0 0 2.228387042742021 2.228387042742023 0 0 0 0 0 0
0 2.857738033247042 0 0 2.619965104088255 0 2.004684436494304 2.000347299268466 0 2.228387042742021 2.228387042742023 0 0 0 0 0 0
1 2.857738033247042 0 0 2.619965104088255 0 0 0 0 2.228387042742021 2.228387042742023 0 2.055002875864414 0 0 0 0
1 2.857738033247042 0 2.061393766919624 0 0 0 0 2.122974378789621 2.228387042742021 2.228387042742023 0 0 0 0 0 0
1 2.857738033247042 0 0 2.619965104088255 0 0 2.000347299268466 0 2.228387042742021 2.228387042742023 0 0 0 0 0 0
0 2.857738033247042 0 0 0 0 2.004684436494304 2.000347299268466 0 2.228387042742021 2.228387042742023 0 0 0 0 0 0
1 2.857738033247042 0 0 2.619965104088255 0 0 2.000347299268466 2.122974378789621 2.228387042742021 2.228387042742023 0 0 0 0 0 0
1 2.857738033247042 0 0 2.619965104088255 0 2.004684436494304 2.000347299268466 0 2.228387042742021 2.228387042742023 0 2.055002875864414 0 0 0 0
0 2.857738033247042 0 0 2.619965104088255 0 2.004684436494304 2.000347299268466 2.122974378789621 0 0 0 2.055002875864414 0 0 0 0
1 0 2.52078447201548 0 2.619965104088255 0 2.004684436494304 0 0 2.228387042742021 2.228387042742023 0 0 0 0 0 0
1 2.857738033247042 2.52078447201548 0 2.619965104088255 0 2.004684436494304 2.000347299268466 0 2.228387042742021 2.228387042742023 0 0 0 0 0 0
0 2.857738033247042 0 0 2.619965104088255 0 0 2.000347299268466 0 2.228387042742021 2.228387042742023 0 0 0 0 0 0
0 2.857738033247042 0 0 2.619965104088255 0 2.004684436494304 0 2.122974378789621 2.228387042742021 2.228387042742023 0 0 0 0 0 0
1 2.857738033247042 0 0 2.619965104088255 0 2.004684436494304 2.000347299268466 2.122974378789621 0 0 0 0 0 0 0 0
0 0 2.52078447201548 2.061393766919624 2.619965104088255 0 0 0 0 2.228387042742021 2.228387042742023 0 0 0 0 0 0
1 2.857738033247042 0 0 2.619965104088255 0 2.004684436494304 0 2.122974378789621 2.228387042742021 2.228387042742023 0 0 0 0 0 0
0 2.857738033247042 2.52078447201548 2.061393766919624 0 0 2.004684436494304 0 2.122974378789621 0 0 0 0 0 0 0 0
1 2.857738033247042 0 0 2.619965104088255 0 0 2.000347299268466 2.122974378789621 2.228387042742021 2.228387042742023 0 0 0 0 0 0
1 2.857738033247042 0 2.061393766919624 2.619965104088255 0 2.004684436494304 2.000347299268466 0 0 0 0 2.055002875864414 0 0 0 0
1 2.857738033247042 0 0 2.619965104088255 0 0 2.000347299268466 0 2.228387042742021 2.228387042742023 0 0 0 0 0 0
0 2.857738033247042 0 2.061393766919624 2.619965104088255 0 2.004684436494304 0 2.122974378789621 0 0 0 2.055002875864414 0 0 0 0
1 2.857738033247042 0 2.061393766919624 2.619965104088255 0 2.004684436494304 0 0 0 0 0 2.055002875864414 0 0 0 0
1 2.857738033247042 0 0 0 0 0 2.000347299268466 0 2.228387042742021 2.228387042742023 0 2.055002875864414 0 0 0 0
1 2.857738033247042 0 2.061393766919624 2.619965104088255 0 2.004684436494304 0 2.122974378789621 0 0 0 0 0 0 0 0
0 2.857738033247042 0 0 2.619965104088255 4.745052855503306 0 0 0 2.228387042742021 2.228387042742023 0 0 0 0 0 0
1 2.857738033247042 0 0 2.619965104088255 0 2.004684436494304 0 0 2.228387042742021 2.228387042742023 0 0 0 0 0 0
0 2.857738033247042 0 0 2.619965104088255 0 2.004684436494304 2.000347299268466 0 0 0 0 2.055002875864414 0 0 0 0
0 2.857738033247042 0 0 2.619965104088255 0 2.004684436494304 0 2.122974378789621 2.228387042742021 2.228387042742023 0 2.055002875864414 0 0 0 0
0 2.857738033247042 0 2.061393766919624 2.619965104088255 0 2.004684436494304 0 2.122974378789621 2.228387042742021 2.228387042742023 0 0 0 0 0 0
1 0 2.52078447201548 2.061393766919624 2.619965104088255 0 0 0 0 2.228387042742021 2.228387042742023 0 0 0 0 0 0
1 2.857738033247042 0 0 2.619965104088255 0 0 0 0 2.228387042742021 2.228387042742023 0 2.055002875864414 0 0 0 0
0 2.857738033247042 0 0 2.619965104088255 0 0 0 0 2.228387042742021 2.228387042742023 0 2.055002875864414 0 0 0 0
0 2.857738033247042 0 0 0 0 0 2.000347299268466 0 2.228387042742021 2.228387042742023 0 2.055002875864414 0 0 0 0
1 2.857738033247042 0 0 2.619965104088255 0 2.004684436494304 2.000347299268466 0 2.228387042742021 2.228387042742023 0 2.055002875864414 0 0 0 0
0 0 0 2.061393766919624 2.619965104088255 0 2.004684436494304 0 2.122974378789621 2.228387042742021 2.228387042742023 0 0 0 0 0 0
0 2.857738033247042 0 2.061393766919624 2.619965104088255 0 0 0 2.122974378789621 2.228387042742021 2.228387042742023 0 0 0 0 0 0
1 0 0 0 2.619965104088255 0 0 2.000347299268466 2.122974378789621 2.228387042742021 2.228387042742023 0 0 0 0 0 0
0 2.857738033247042 0 0 2.619965104088255 0 0 0 2.122974378789621 2.228387042742021 2.228387042742023 0 0 0 0 0 0
1 2.857738033247042 0 2.061393766919624 0 0 2.004684436494304 0 0 2.228387042742021 2.228387042742023 0 0 0 0 0 0
0 2.857738033247042 2.52078447201548 0 2.619965104088255 0 2.004684436494304 2.000347299268466 0 0 0 0 0 0 0 0 0
0 2.857738033247042 0 2.061393766919624 2.619965104088255 0 2.004684436494304 0 2.122974378789621 0 0 0 0 0 0 0 0
1 2.857738033247042 0 0 2.619965104088255 0 0 0 2.122974378789621 2.228387042742021 2.228387042742023 0 0 0 0 0 0
0 2.857738033247042 0 2.061393766919624 0 0 2.004684436494304 2.000347299268466 0 0 0 0 2.055002875864414 0 0 0 0
0 2.857738033247042 0 0 2.619965104088255 0 2.004684436494304 2.000347299268466 2.122974378789621 0 0 0 0 0 0 0 0
1 0 0 2.061393766919624 2.619965104088255 0 2.004684436494304 2.000347299268466 0 2.228387042742021 2.228387042742023 0 0 0 0 0 0
0 2.857738033247042 0 2.061393766919624 2.619965104088255 0 2.004684436494304 0 2.122974378789621 2.228387042742021 2.228387042742023 0 0 0 0 0 0
0 0 2.52078447201548 2.061393766919624 2.619965104088255 0 2.004684436494304 2.000347299268466 2.122974378789621 0 0 0 0 0 0 0 0
1 2.857738033247042 0 0 0 0 0 2.000347299268466 0 2.228387042742021 2.228387042742023 0 2.055002875864414 0 0 0 0
0 2.857738033247042 0 0 2.619965104088255 0 2.004684436494304 2.000347299268466 0 2.228387042742021 2.228387042742023 0 0 0 0 0 0
1 2.857738033247042 0 0 2.619965104088255 0 2.004684436494304 2.000347299268466 0 0 0 0 2.055002875864414 0 0 0 0
0 2.857738033247042 0 2.061393766919624 2.619965104088255 0 2.004684436494304 2.000347299268466 0 0 0 0 0 0 0 0 0
1 0 0 0 2.619965104088255 0 0 0 2.122974378789621 2.228387042742021 2.228387042742023 6.857275130999357 0 0 0 0 0
0 2.857738033247042 2.52078447201548 0 2.619965104088255 0 0 0 2.122974378789621 0 0 0 2.055002875864414 0 0 0 0
1 2.857738033247042 2.52078447201548 0 2.619965104088255 0 0 2.000347299268466 2.122974378789621 0 0 0 0 0 0 0 0
1 2.857738033247042 0 0 2.619965104088255 0 2.004684436494304 2.000347299268466 2.122974378789621 2.228387042742021 2.228387042742023 0 2.055002875864414 0 0 0 0
1 2.857738033247042 0 0 2.619965104088255 4.745052855503306 2.004684436494304 2.000347299268466 0 0 0 0 0 0 0 0 0
1 2.857738033247042 0 0 2.619965104088255 0 0 2.000347299268466 0 2.228387042742021 2.228387042742023 0 0 0 0 0 0
1 0 2.52078447201548 2.061393766919624 2.619965104088255 0 2.004684436494304 2.000347299268466 0 0 0 0 0 0 0 0 0
1 2.857738033247042 0 2.061393766919624 2.619965104088255 0 2.004684436494304 0 0 2.228387042742021 2.228387042742023 0 2.055002875864414 0 0 0 0
1 2.857738033247042 0 0 2.619965104088255 0 2.004684436494304 0 2.122974378789621 2.228387042742021 2.228387042742023 0 0 0 0 0 0
0 2.857738033247042 0 0 2.619965104088255 0 2.004684436494304 2.000347299268466 0 0 0 0 2.055002875864414 0 0 0 0
0 2.857738033247042 0 2.061393766919624 2.619965104088255 0 2.004684436494304 0 2.122974378789621 0 0 0 0 0 0 0 0
0 2.857738033247042 0 0 2.619965104088255 0 2.004684436494304 2.000347299268466 0 2.228387042742021 2.228387042742023 0 2.055002875864414 0 0 0 0
1 0 0 0 2.619965104088255 0 2.004684436494304 0 2.122974378789621 2.228387042742021 2.228387042742023 0 0 0 0 0 0
0 0 0 0 2.619965104088255 0 0 0 2.122974378789621 2.228387042742021 2.228387042742023 0 2.055002875864414 0 0 0 0
1 2.857738033247042 0 2.061393766919624 2.619965104088255 4.745052855503306 2.004684436494304 2.000347299268466 0 0 0 0 2.055002875864414 0 0 0 0
1 2.857738033247042 2.52078447201548 2.061393766919624 0 0 0 2.000347299268466 0 2.228387042742021 2.228387042742023 0 0 0 0 0 0
1 2.857738033247042 0 0 2.619965104088255 0 2.004684436494304 2.000347299268466 0 2.228387042742021 2.228387042742023 0 0 0 0 0 0
1 2.857738033247042 0 0 2.619965104088255 0 2.004684436494304 2.000347299268466 0 2.228387042742021 2.228387042742023 0 0 0 0 0 0
1 2.857738033247042 0 0 2.619965104088255 0 0 0 0 2.228387042742021 2.228387042742023 0 2.055002875864414 0 0 0 0
1 2.857738033247042 0 0 0 0 0 2.000347299268466 2.122974378789621 2.228387042742021 2.228387042742023 0 0 0 0 0 0
0 2.857738033247042 0 0 2.619965104088255 0 0 0 2.122974378789621 2.228387042742021 2.228387042742023 0 0 0 0 0 0
1 2.857738033247042 0 0 2.619965104088255 0 0 2.000347299268466 2.122974378789621 0 0 0 2.055002875864414 0 0 0 0
0 0 2.52078447201548 2.061393766919624 2.619965104088255 0 2.004684436494304 2.000347299268466 0 0 0 0 0 0 0 0 0
1 2.857738033247042 0 0 2.619965104088255 0 2.004684436494304 0 0 2.228387042742021 2.228387042742023 0 0 0 0 0 0
1 2.857738033247042 0 2.061393766919624 0 0 0 0 2.122974378789621 2.228387042742021 2.228387042742023 0 0 0 0 0 0
1 0 0 2.061393766919624 2.619965104088255 4.745052855503306 2.004684436494304 2.000347299268466 0 0 0 0 0 0 0 0 0
1 2.857738033247042 2.52078447201548 2.061393766919624 2.619965104088255 0 0 0 0 2.228387042742021 2.228387042742023 0 0 0 0 0 0
0 2.857738033247042 0 2.061393766919624 0 0 0 0 2.122974378789621 2.228387042742021 2.228387042742023 0 2.055002875864414 0 0 0 0
0 2.857738033247042 0 0 2.619965104088255 0 0 0 0 2.228387042742021 2.228387042742023 0 2.055002875864414 0 0 0 0
1 2.857738033247042 0 0 2.619965104088255 0 2.004684436494304 0 0 2.228387042742021 2.228387042742023 0 0 0 0 0 0
0 2.857738033247042 2.52078447201548 0 2.619965104088255 0 0 0 0 2.228387042742021 2.228387042742023 0 2.055002875864414 0 0 0 0
1 2.857738033247042 0 0 2.619965104088255 0 2.004684436494304 0 0 2.228387042742021 2.228387042742023 0 0 0 0 0 0
0 2.857738033247042 0 0 2.619965104088255 0 0 0 2.122974378789621 2.228387042742021 2.228387042742023 0 0 0 0 0 0
1 2.857738033247042 0 0 2.619965104088255 0 0 0 2.122974378789621 2.228387042742021 2.228387042742023 0 0 0 0 0 0
1 2.857738033247042 0 0 2.619965104088255 0 0 0 0 2.228387042742021 2.228387042742023 0 2.055002875864414 0 0 0 0
1 0 2.52078447201548 0 0 0 2.004684436494304 2.000347299268466 0 2.228387042742021 2.228387042742023 0 0 0 0 0 0
1 2.857738033247042 0 0 2.619965104088255 0 0 2.000347299268466 0 2.228387042742021 2.228387042742023 0 2.055002875864414 0 0 0 0
1 2.857738033247042 0 2.061393766919624 2.619965104088255 0 0 0 2.122974378789621 0 0 0 2.055002875864414 0 0 0 0
1 2.857738033247042 0 0 2.619965104088255 0 2.004684436494304 2.000347299268466 0 2.228387042742021 2.228387042742023 0 0 0 0 0 0
0 2.857738033247042 0 2.061393766919624 2.619965104088255 0 2.004684436494304 0 0 2.228387042742021 2.228387042742023 0 0 0 0 0 0
1 2.857738033247042 2.52078447201548 0 2.619965104088255 0 2.004684436494304 0 2.122974378789621 0 0 0 0 0 0 0 0
0 0 0 2.061393766919624 2.619965104088255 0 0 2.000347299268466 0 2.228387042742021 2.228387042742023 0 0 0 0 0 0
0 2.857738033247042 2.52078447201548 0 2.619965104088255 0 0 2.000347299268466 0 2.228387042742021 2.228387042742023 0 0 0 0 0 0
1 2.857738033247042 0 2.061393766919624 2.619965104088255 0 0 0 0 2.228387042742021 2.228387042742023 0 0 0 0 0 0
0 2.857738033247042 0 2.061393766919624 0 0 2.004684436494304 2.000347299268466 0 2.228387042742021 2.228387042742023 0 0 0 0 0 0
1 2.857738033247042 0 2.061393766919624 2.619965104088255 0 0 0 0 2.228387042742021 2.228387042742023 0 2.055002875864414 0 0 0 0
1 2.857738033247042 0 2.061393766919624 2.619965104088255 0 0 2.000347299268466 0 0 0 0 2.055002875864414 0 0 0 0
0 2.857738033247042 0 0 0 0 2.004684436494304 2.000347299268466 2.122974378789621 0 0 6.857275130999357 0 0 0 0 0
1 2.857738033247042 0 0 2.619965104088255 0 2.004684436494304 2.000347299268466 0 2.228387042742021 2.228387042742023 0 0 0 0 0 0
1 2.857738033247042 0 0 2.619965104088255 0 2.004684436494304 2.000347299268466 2.122974378789621 0 0 0 0 0 0 0 0
0 0 2.52078447201548 2.061393766919624 0 0 0 0 2.122974378789621 2.228387042742021 2.228387042742023 0 2.055002875864414 0 0 0 0
0 2.857738033247042 0 2.061393766919624 2.619965104088255 0 0 0 0 2.228387042742021 2.228387042742023 0 0 0 0 0 0
1 2.857738033247042 2.52078447201548 0 2.619965104088255 0 0 0 0 2.228387042742021 2.228387042742023 0 0 0 0 0 0
0 0 0 2.061393766919624 2.619965104088255 0 0 0 2.122974378789621 2.228387042742021 2.228387042742023 0 0 0 0 0 0
1 2.857738033247042 0 0 2.619965104088255 0 2.004684436494304 2.000347299268466 0 2.228387042742021 2.228387042742023 0 2.055002875864414 0 0 0 0
0 2.857738033247042 0 0 2.619965104088255 0 2.004684436494304 0 0 2.228387042742021 2.228387042742023 0 0 0 0 0 0
1 2.857738033247042 0 0 2.619965104088255 0 0 2.000347299268466 0 2.228387042742021 2.228387042742023 0 2.055002875864414 0 0 0 0
0 2.857738033247042 0 2.061393766919624 0 0 0 2.000347299268466 0 2.228387042742021 2.228387042742023 0 2.055002875864414 0 0 0 0
0 2.857738033247042 2.52078447201548 0 2.619965104088255 0 0 0 0 2.228387042742021 2.228387042742023 0 0 0 0 0 0
0 2.857738033247042 0 0 2.619965104088255 0 0 2.000347299268466 2.122974378789621 0 0 0 2.055002875864414 0 0 0 0
1 2.857738033247042 2.52078447201548 0 2.619965104088255 0 0 2.000347299268466 0 2.228387042742021 2.228387042742023 0 0 0 0 0 0
0 2.857738033247042 0 0 2.619965104088255 0 2.004684436494304 2.000347299268466 0 2.228387042742021 2.228387042742023 0 0 0 0 0 0
1 2.857738033247042 2.52078447201548 0 2.619965104088255 0 2.004684436494304 2.000347299268466 0 0 0 0 0 0 0 0 0
1 2.857738033247042 0 0 2.619965104088255 0 2.004684436494304 0 2.122974378789621 0 0 0 2.055002875864414 0 0 0 0
1 2.857738033247042 0 2.061393766919624 2.619965104088255 0 2.004684436494304 2.000347299268466 0 0 0 0 0 0 0 0 0
1 2.857738033247042 2.52078447201548 0 2.619965104088255 0 0 0 0 2.228387042742021 2.228387042742023 0 0 0 0 0 0
0 2.857738033247042 2.52078447201548 0 2.619965104088255 0 2.004684436494304 2.000347299268466 0 2.228387042742021 2.228387042742023 0 0 0 0 0 0
0 2.857738033247042 0 0 2.619965104088255 0 0 0 0 2.228387042742021 2.228387042742023 0 2.055002875864414 0 0 0 0
1 2.857738033247042 0 0 2.619965104088255 0 0 2.000347299268466 0 2.228387042742021 2.228387042742023 0 0 0 0 0 0
0 0 2.52078447201548 0 0 0 2.004684436494304 2.000347299268466 0 2.228387042742021 2.228387042742023 0 2.055002875864414 0 0 0 0
1 2.857738033247042 2.52078447201548 0 2.619965104088255 0 0 0 0 2.228387042742021 2.228387042742023 0 0 0 0 0 0
0 2.857738033247042 0 0 2.619965104088255 0 0 2.000347299268466 0 2.228387042742021 2.228387042742023 0 0 0 0 0 0
0 2.857738033247042 0 0 2.619965104088255 0 2.004684436494304 2.000347299268466 2.122974378789621 0 0 0 0 0 0 0 0
0 2.857738033247042 0 0 2.619965104088255 0 2.004684436494304 0 2.122974378789621 0 0 0 2.055002875864414 0 0 0 0
1 2.857738033247042 0 0 2.619965104088255 0 0 2.000347299268466 0 2.228387042742021 2.228387042742023 0 0 0 0 0 0
1 2.857738033247042 2.52078447201548 2.061393766919624 2.619965104088255 0 0 2.000347299268466 0 0 0 0 0 0 0 0 0
0 2.857738033247042 0 2.061393766919624 2.619965104088255 0 2.004684436494304 0 2.122974378789621 2.228387042742021 2.228387042742023 0 2.055002875864414 0 0 0 0
0 2.857738033247042 0 2.061393766919624 2.619965104088255 0 0 0 2.122974378789621 0 0 0 2.055002875864414 0 0 0 0
1 2.857738033247042 0 0 2.619965104088255 0 0 2.000347299268466 2.122974378789621 2.228387042742021 2.228387042742023 0 0 0 0 0 0
1 2.857738033247042 0 2.061393766919624 0 0 0 0 2.122974378789621 2.228387042742021 2.228387042742023 0 0 0 0 0 0
1 2.857738033247042 2.52078447201548 2.061393766919624 2.619965104088255 0 0 2.000347299268466 0 0 0 0 0 0 0 0 0
0 2.857738033247042 0 0 2.619965104088255 0 0 2.000347299268466 0 2.228387042742021 2.228387042742023 0 0 0 0 0 0
0 2.857738033247042 2.52078447201548 2.061393766919624 2.619965104088255 0 0 2.000347299268466 0 0 0 0 0 0 0 0 0
0 2.857738033247042 2.52078447201548 0 2.619965104088255 0 2.004684436494304 2.000347299268466 0 0 0 0 0 0 0 0 0
0 2.857738033247042 0 2.061393766919624 0 0 0 2.000347299268466 2.122974378789621 2.228387042742021 2.228387042742023 0 0 0 0 0 0
1 2.857738033247042 0 0 2.619965104088255 0 2.004684436494304 2.000347299268466 0 2.228387042742021 2.228387042742023 0 0 0 0 0 0
0 2.857738033247042 0 2.061393766919624 0 0 0 2.000347299268466 0 2.228387042742021 2.228387042742023 0 0 0 0 0 0
0 2.857738033247042 0 2.061393766919624 0 0 2.004684436494304 2.000347299268466 0 2.228387042742021 2.228387042742023 0 0 0 0 0 0
0 2.857738033247042 0 2.061393766919624 0 0 0 0 2.122974378789621 2.228387042742021 2.228387042742023 0 0 0 0 0 0
1 2.857738033247042 0 0 2.619965104088255 0 0 0 0 2.228387042742021 2.228387042742023 0 2.055002875864414 0 0 0 0
0 2.857738033247042 2.52078447201548 0 2.619965104088255 0 0 0 0 2.228387042742021 2.228387042742023 0 0 0 0 0 0
0 2.857738033247042 0 2.061393766919624 2.619965104088255 0 0 2.000347299268466 2.122974378789621 0 0 0 0 0 0 0 0
1 0 0 2.061393766919624 0 0 2.004684436494304 2.000347299268466 2.122974378789621 2.228387042742021 2.228387042742023 0 0 0 0 0 0
0 2.857738033247042 0 2.061393766919624 0 0 2.004684436494304 2.000347299268466 0 0 0 0 2.055002875864414 0 0 0 0
0 2.857738033247042 0 2.061393766919624 0 0 0 2.000347299268466 0 2.228387042742021 2.228387042742023 0 2.055002875864414 0 0 0 0
0 0 2.52078447201548 0 2.619965104088255 0 0 0 2.122974378789621 2.228387042742021 2.228387042742023 0 0 0 0 0 0
0 2.857738033247042 2.52078447201548 0 2.619965104088255 0 0 0 0 2.228387042742021 2.228387042742023 0 0 0 0 0 0
0 2.857738033247042 0 2.061393766919624 2.619965104088255 0 2.004684436494304 2.000347299268466 0 2.228387042742021 2.228387042742023 0 2.055002875864414 0 0 0 0
0 2.857738033247042 0 0 2.619965104088255 4.745052855503306 2.004684436494304 2.000347299268466 0 0 0 0 0 0 0 0 0
1 0 0 0 0 0 0 0 2.122974378789621 0 0 0 0 12.72816758217773 10.4087817597473 12.72816758217773 17.97228742438751
0 2.857738033247042 0 2.061393766919624 2.619965104088255 4.745052855503306 2.004684436494304 0 2.122974378789621 2.228387042742021 2.228387042742023 0 0 0 0 0 0
0 2.857738033247042 0 0 0 0 2.004684436494304 2.000347299268466 0 2.228387042742021 2.228387042742023 0 2.055002875864414 0 0 0 0
1 0 2.52078447201548 2.061393766919624 0 0 2.004684436494304 2.000347299268466 0 0 0 0 2.055002875864414 0 0 0 0
0 2.857738033247042 0 2.061393766919624 0 0 0 0 2.122974378789621 2.228387042742021 2.228387042742023 0 2.055002875864414 0 0 0 0
0 2.857738033247042 0 0 2.619965104088255 0 2.004684436494304 2.000347299268466 0 2.228387042742021 2.228387042742023 0 0 0 0 0 0
1 0 0 0 2.619965104088255 0 2.004684436494304 2.000347299268466 0 2.228387042742021 2.228387042742023 0 0 0 0 0 0
1 2.857738033247042 2.52078447201548 2.061393766919624 2.619965104088255 0 2.004684436494304 0 0 2.228387042742021 2.228387042742023 0 0 0 0 0 0
1 2.857738033247042 2.52078447201548 2.061393766919624 2.619965104088255 0 2.004684436494304 2.000347299268466 0 0 0 0 0 0 0 0 0
1 2.857738033247042 0 2.061393766919624 2.619965104088255 0 0 2.000347299268466 0 0 0 0 2.055002875864414 0 0 0 0
0 2.857738033247042 0 0 2.619965104088255 0 2.004684436494304 2.000347299268466 0 2.228387042742021 2.228387042742023 0 2.055002875864414 0 0 0 0
0 0 0 2.061393766919624 2.619965104088255 0 2.004684436494304 0 0 2.228387042742021 2.228387042742023 0 0 0 0 0 0
1 2.857738033247042 2.52078447201548 2.061393766919624 2.619965104088255 0 0 0 0 2.228387042742021 2.228387042742023 0 0 0 0 0 0
1 0 0 0 2.619965104088255 0 2.004684436494304 2.000347299268466 0 2.228387042742021 2.228387042742023 0 0 0 0 0 0
1 2.857738033247042 0 0 0 0 0 0 2.122974378789621 2.228387042742021 2.228387042742023 0 2.055002875864414 0 0 0 0
1 2.857738033247042 0 2.061393766919624 2.619965104088255 0 0 2.000347299268466 0 2.228387042742021 2.228387042742023 0 2.055002875864414 0 0 0 0
0 2.857738033247042 2.52078447201548 0 0 0 0 2.000347299268466 0 2.228387042742021 2.228387042742023 0 0 0 0 0 0
1 2.857738033247042 0 0 2.619965104088255 0 2.004684436494304 2.000347299268466 2.122974378789621 0 0 0 0 0 0 0 0
1 2.857738033247042 0 0 2.619965104088255 0 2.004684436494304 2.000347299268466 0 2.228387042742021 2.228387042742023 0 0 0 0 0 0
1 2.857738033247042 0 2.061393766919624 2.619965104088255 4.745052855503306 2.004684436494304 0 0 0 0 0 0 0 0 0 0
1 0 0 2.061393766919624 0 0 2.004684436494304 2.000347299268466 0 0 0 6.857275130999357 2.055002875864414 0 0 0 0
0 2.857738033247042 0 0 2.619965104088255 0 2.004684436494304 0 0 2.228387042742021 2.228387042742023 0 2.055002875864414 0 0 0 0
1 2.857738033247042 2.52078447201548 2.061393766919624 2.619965104088255 0 0 0 0 2.228387042742021 2.228387042742023 0 0 0 0 0 0
0 2.857738033247042 0 0 2.619965104088255 0 2.004684436494304 2.000347299268466 2.122974378789621 0 0 0 2.055002875864414 0 0 0 0
0 2.857738033247042 0 2.061393766919624 2.619965104088255 0 2.004684436494304 0 0 2.228387042742021 2.228387042742023 0 0 0 0 0 0
1 2.857738033247042 0 0 2.619965104088255 0 0 0 0 2.228387042742021 2.228387042742023 0 2.055002875864414 0 0 0 0
0 2.857738033247042 0 0 2.619965104088255 0 2.004684436494304 0 0 2.228387042742021 2.228387042742023 0 0 0 0 0 0
0 2.857738033247042 0 2.061393766919624 0 4.745052855503306 0 0 2.122974378789621 2.228387042742021 2.228387042742023 0 0 0 0 0 0
0 2.857738033247042 0 0 2.619965104088255 0 2.004684436494304 2.000347299268466 0 0 0 0 2.055002875864414 0 0 0 0
1 2.857738033247042 0 0 2.619965104088255 0 0 0 0 2.228387042742021 2.228387042742023 6.857275130999357 0 0 0 0 0
0 2.857738033247042 2.52078447201548 0 2.619965104088255 0 2.004684436494304 2.000347299268466 0 0 0 0 2.055002875864414 0 0 0 0
0 2.857738033247042 0 2.061393766919624 0 0 0 2.000347299268466 0 2.228387042742021 2.228387042742023 0 2.055002875864414 0 0 0 0
0 2.857738033247042 0 2.061393766919624 0 0 0 0 2.122974378789621 2.228387042742021 2.228387042742023 0 0 0 0 0 0
0 2.857738033247042 0 2.061393766919624 2.619965104088255 0 0 0 2.122974378789621 2.228387042742021 2.228387042742023 0 2.055002875864414 0 0 0 0
0 2.857738033247042 0 2.061393766919624 2.619965104088255 0 0 0 0 2.228387042742021 2.228387042742023 0 0 0 0 0 0
1 2.857738033247042 0 2.061393766919624 2.619965104088255 0 0 0 0 2.228387042742021 2.228387042742023 0 0 0 0 0 0
0 2.857738033247042 0 0 0 4.745052855503306 0 0 0 2.228387042742021 2.228387042742023 0 2.055002875864414 0 0 0 0
0 2.857738033247042 2.52078447201548 0 2.619965104088255 0 0 0 2.122974378789621 0 0 0 2.055002875864414 0 0 0 0
0 2.857738033247042 0 0 2.619965104088255 0 2.004684436494304 2.000347299268466 2.122974378789621 0 0 0 2.055002875864414 0 0 0 0
0 2.857738033247042 0 0 2.619965104088255 0 2.004684436494304 2.000347299268466 2.122974378789621 0 0 0 0 0 0 0 0
1 2.857738033247042 0 2.061393766919624 2.619965104088255 0 2.004684436494304 2.000347299268466 2.122974378789621 0 0 0 0 0 0 0 0
1 2.857738033247042 0 0 2.619965104088255 0 0 0 2.122974378789621 2.228387042742021 2.228387042742023 0 0 0 0 0 0
1 2.857738033247042 2.52078447201548 0 0 0 0 2.000347299268466 0 2.228387042742021 2.228387042742023 0 0 0 0 0 0
0 2.857738033247042 0 2.061393766919624 2.619965104088255 4.745052855503306 2.004684436494304 2.000347299268466 0 0 0 0 2.055002875864414 0 0 0 0
0 2.857738033247042 0 2.061393766919624 2.619965104088255 0 0 0 2.122974378789621 0 0 0 2.055002875864414 0 0 0 0
0 0 2.52078447201548 2.061393766919624 0 0 0 0 2.122974378789621 2.228387042742021 2.228387042742023 0 0 0 0 0 0
0 2.857738033247042 0 0 2.619965104088255 4.745052855503306 2.004684436494304 0 2.122974378789621 2.228387042742021 2.228387042742023 0 0 0 0 0 0
1 2.857738033247042 0 0 2.619965104088255 0 2.004684436494304 0 0 2.228387042742021 2.228387042742023 0 0 0 0 0 0
0 2.857738033247042 0 2.061393766919624 0 0 0 0 2.122974378789621 2.228387042742021 2.228387042742023 0 0 0 0 0 0
0 2.857738033247042 0 0 2.619965104088255 0 2.004684436494304 2.000347299268466 2.122974378789621 0 0 0 0 0 0 0 0
0 2.857738033247042 0 0 2.619965104088255 0 0 0 0 2.228387042742021 2.228387042742023 0 2.055002875864414 0 0 0 0
1 0 2.52078447201548 2.061393766919624 2.619965104088255 0 2.004684436494304 0 0 2.228387042742021 2.228387042742023 0 0 0 0 0 0
0 2.857738033247042 0 2.061393766919624 2.619965104088255 0 0 0 2.122974378789621 2.228387042742021 2.228387042742023 0 0 0 0 0 0
0 2.857738033247042 0 0 2.619965104088255 0 2.004684436494304 0 0 2.228387042742021 2.228387042742023 0 0 0 0 0 0
0 2.857738033247042 0 0 2.619965104088255 0 0 0 0 2.228387042742021 2.228387042742023 0 2.055002875864414 0 0 0 0
1 2.857738033247042 0 0 2.619965104088255 0 0 0 0 2.228387042742021 2.228387042742023 0 2.055002875864414 0 0 0 0
1 2.857738033247042 0 0 2.619965104088255 0 0 0 0 2.228387042742021 2.228387042742023 0 2.055002875864414 0 0 0 0
1 2.857738033247042 0 0 2.619965104088255 0 0 0 2.122974378789621 2.228387042742021 2.228387042742023 0 2.055002875864414 0 0 0 0
1 2.857738033247042 0 0 0 0 0 2.000347299268466 2.122974378789621 0 0 6.857275130999357 2.055002875864414 0 0 0 0
0 2.857738033247042 0 2.061393766919624 2.619965104088255 4.745052855503306 2.004684436494304 0 0 2.228387042742021 2.228387042742023 0 0 0 0 0 0
1 2.857738033247042 0 2.061393766919624 2.619965104088255 0 2.004684436494304 0 0 2.228387042742021 2.228387042742023 0 0 0 0 0 0
0 2.857738033247042 2.52078447201548 0 2.619965104088255 0 0 0 0 2.228387042742021 2.228387042742023 0 2.055002875864414 0 0 0 0
1 2.857738033247042 0 0 2.619965104088255 0 2.004684436494304 2.000347299268466 0 2.228387042742021 2.228387042742023 0 2.055002875864414 0 0 0 0
1 2.857738033247042 0 0 2.619965104088255 0 0 2.000347299268466 0 2.228387042742021 2.228387042742023 0 0 0 0 0 0
1 2.857738033247042 0 0 2.619965104088255 0 2.004684436494304 2.000347299268466 0 0 0 0 2.055002875864414 0 0 0 0
0 2.857738033247042 2.52078447201548 0 2.619965104088255 0 0 2.000347299268466 2.122974378789621 0 0 0 0 0 0 0 0
0 2.857738033247042 0 0 2.619965104088255 0 0 0 2.122974378789621 2.228387042742021 2.228387042742023 0 2.055002875864414 0 0 0 0
0 0 0 2.061393766919624 0 0 2.004684436494304 2.000347299268466 2.122974378789621 0 0 0 2.055002875864414 0 0 0 0
1 2.857738033247042 0 0 2.619965104088255 0 2.004684436494304 2.000347299268466 0 2.228387042742021 2.228387042742023 0 0 0 0 0 0
1 2.857738033247042 2.52078447201548 2.061393766919624 0 0 0 0 0 2.228387042742021 2.228387042742023 0 0 0 0 0 0
1 0 0 0 2.619965104088255 0 0 2.000347299268466 0 2.228387042742021 2.228387042742023 6.857275130999357 0 0 0 0 0
1 2.857738033247042 0 2.061393766919624 2.619965104088255 0 0 0 0 2.228387042742021 2.228387042742023 0 2.055002875864414 0 0 0 0
0 2.857738033247042 0 0 2.619965104088255 0 2.004684436494304 0 0 2.228387042742021 2.228387042742023 0 0 0 0 0 0
1 2.857738033247042 0 0 2.619965104088255 0 2.004684436494304 2.000347299268466 0 0 0 0 2.055002875864414 0 0 0 0
0 2.857738033247042 0 2.061393766919624 2.619965104088255 0 2.004684436494304 2.000347299268466 0 0 0 0 2.055002875864414 0 0 0 0
0 2.857738033247042 2.52078447201548 2.061393766919624 2.619965104088255 0 0 2.000347299268466 0 0 0 0 0 0 0 0 0
0 2.857738033247042 0 0 2.619965104088255 0 0 0 2.122974378789621 2.228387042742021 2.228387042742023 0 2.055002875864414 0 0 0 0
0 2.857738033247042 0 2.061393766919624 2.619965104088255 0 2.004684436494304 0 0 0 0 0 2.055002875864414 0 0 0 0
1 2.857738033247042 0 0 2.619965104088255 0 2.004684436494304 2.000347299268466 2.122974378789621 2.228387042742021 2.228387042742023 0 0 0 0 0 0
0 2.857738033247042 2.52078447201548 0 0 0 0 0 2.122974378789621 2.228387042742021 2.228387042742023 0 0 0 0 0 0
0 2.857738033247042 0 2.061393766919624 2.619965104088255 4.745052855503306 0 0 0 2.228387042742021 2.228387042742023 0 0 0 0 0 0
1 0 0 0 2.619965104088255 0 2.004684436494304 2.000347299268466 0 2.228387042742021 2.228387042742023 0 0 0 0 0 0
0 2.857738033247042 2.52078447201548 0 0 0 0 0 2.122974378789621 2.228387042742021 2.228387042742023 0 0 0 0 0 0
1 2.857738033247042 2.52078447201548 0 2.619965104088255 0 2.004684436494304 0 0 2.228387042742021 2.228387042742023 0 0 0 0 0 0
0 2.857738033247042 0 0 2.619965104088255 0 0 0 2.122974378789621 2.228387042742021 2.228387042742023 0 0 0 0 0 0
0 2.857738033247042 0 2.061393766919624 0 0 2.004684436494304 0 2.122974378789621 0 0 0 0 0 10.4087817597473 0 0
0 2.857738033247042 0 2.061393766919624 2.619965104088255 0 2.004684436494304 0 2.122974378789621 0 0 0 0 0 0 0 0
1 2.857738033247042 0 0 2.619965104088255 0 2.004684436494304 2.000347299268466 0 2.228387042742021 2.228387042742023 0 0 0 0 0 0
0 2.857738033247042 0 0 2.619965104088255 0 2.004684436494304 2.000347299268466 2.122974378789621 0 0 0 0 0 0 0 0
1 2.857738033247042 0 0 2.619965104088255 0 0 2.000347299268466 0 2.228387042742021 2.228387042742023 0 0 0 0 0 0
1 0 2.52078447201548 0 2.619965104088255 0 0 0 0 2.228387042742021 2.228387042742023 0 2.055002875864414 0 0 0 0
1 2.857738033247042 0 0 2.619965104088255 0 0 0 2.122974378789621 2.228387042742021 2.228387042742023 0 2.055002875864414 0 0 0 0
