0.642887358953626 -0.885986275703465
2.18916476133214 -0.963040755022905
1.49817292397027 1.97560260598511
-1.02163277134744 -2.17914787888627
-0.424815877333667 -0.847659953869844
-0.0124738036042509 2.5284811007402
4.13448054278604 -0.169170250871541
1.05445901631944 0.318159577740484
-0.853967469265544 1.06768410051043
-0.406626217134131 4.06161170352734
-1.87821145639111 -0.0378168406014346
1.02250042855436 1.43603527739238
0.935915371051764 1.50249085842413
-2.59095298754447 0.112065995635151
-2.00647451027401 -1.06453169478379
1.09636401070541 0.596337133406775
-0.803585696820826 2.84422285377408
0.129204942186253 0.466329517127686
1.97577862998174 -3.71808086821084
-1.22513249882879 -1.04900374276713
0.534393481958055 -1.36791596325509
2.31755704402175 -2.06515864737616
0.0484464005812048 1.8527154187534
2.68144920722548 0.244763323942109
-1.93376024266066 0.992599634934836
-0.491329422197528 1.31174870483673
-1.00798262750427 -0.298236946992635
1.39472089322958 -1.40896054660121
-0.636686516224367 0.980487666216967
-0.564440744991818 -2.19999500846776
0.830626202717063 2.04594989889891
-0.179275152567003 0.49206331619848
0.103833217293912 0.0558630301057556
-2.80964643726596 2.86165365000385
-1.50403055161027 0.503199929963652
1.35460993022234 -0.595457961231519
-0.305884099599501 0.743352614679639
1.00361410267757 -0.22139835627171
0.908263191188121 -1.66705564879459
0.527298355412361 0.826433312961784
-0.456457647550176 2.07744578792573
2.42196525538209 -2.34967079472499
-0.855711073590873 3.42570768467497
0.917895173258165 2.20319435993115
1.95517299218239 -1.71246655847708
0.464944762398714 -0.908640036826702
-0.407661918993423 -2.06696878536824
-4.60256549910869 -0.209407699253785
-1.76496477913832 0.792167752803396
1.83516053653423 0.496315245941566
1.77072628976231 0.122129531231025
3.87827796870592 0.281369430475123
-0.207029367491049 -1.19866312467689
-2.10687983208806 1.31343602988801
-2.37751732167365 -0.383423953732435
-0.295268158735395 -0.0263463920919306
-1.72571937030593 0.040226673360555
-2.09848757931854 1.2143955222538
-0.41639645836121 -2.20175669335814
0.322786388718675 -0.406978751045374
3.51961748486283 -0.945426798566792
1.90343976546363 0.893646513499371
1.87512735972289 -1.25921845412059
0.232975825899602 -0.596392102566081
3.3782847638079 -1.32776201470746
0.17196716501976 -1.35227957340119
-3.39826735335157 1.77480270179945
0.818928581023144 -0.890231749490635
1.39275514153942 -3.34761710928597
-0.142217731848805 0.662771430528434
1.26259519393223 2.4322344886956
-2.90632949578221 -0.224879062968366
-3.375269158526 2.93111621691437
-1.60520198021801 -0.214841857759914
-0.867990159615306 -2.69005310252296
-1.54559409291428 2.65350372679703
-1.00751539614978 1.53678709213366
0.418222439643364 -0.883677972501962
0.570575661675302 1.15828880448499
1.38648811352192 2.37675850534139
6.32962090103145 1.78522791788292
5.40336878784436 2.59894593363933
6.24058201267702 1.30971595715633
4.98910202282383 2.25387745252401
6.12930977436652 2.04216577099698
5.47845227273917 2.025497364305
5.44552709257781 1.62948862987756
6.59206757282775 2.74258613795429
6.05441557471798 1.62754381451771
5.2862345139061 0.938077080327792
5.86385454336629 1.44313864526608
5.43753821097433 1.65301222470874
5.99960691219583 2.01746556949035
6.61288737741747 1.09057074126666
5.28113370520027 1.1225951683607
6.51548648620161 2.05421960589386
6.15270035639462 2.16113985134219
6.60472225962496 1.96687142069993
6.01068547261081 1.79699930141068
6.14689538061248 1.74254338739918
5.35694224972114 1.89338591161889
5.96641033632581 1.84133863786075
5.55617801893129 1.19373990675255
5.74405432148806 1.75278401674089
6.45235110652466 1.50949694461102
5.51124195676289 1.96860609695467
6.12517343391972 1.803999026518
6.93830018269521 2.3348119048113
6.36105364988401 1.60254997290205
6.20749227780621 2.74149992580223
5.31061207442745 3.14745424159197
5.81873321492127 2.27741179662073
5.9801249364681 2.27074146887699
7.64213882853041 1.60589063347081
5.99042967895801 1.3861027661864
5.76680151112596 2.77726703317627
6.01885843935998 1.71545372712182
5.48436392505398 1.96478165605166
6.67778838744669 2.20631677124038
6.03834303045031 1.70764467046251
6.51356790441891 2.39475752259806
5.53654052736696 1.95069279528619
6.61131366812395 2.59903795100214
6.99727463291437 1.02344117980721
5.28140363775429 2.17790982032372
5.481664611999 0.240050800032927
6.46257488910924 1.4245114679436
6.28824910749135 2.10434793788413
6.21268247122735 2.38087723114382
6.17918224622783 2.04324308614061
5.75698740108359 -2.10691845544253
6.48700963954149 -1.01860253064583
5.65874594486451 -0.610754819584184
6.07692409235256 -1.18696693215469
6.15965381630825 -1.55552357087961
6.57132791126481 -1.08906022252792
6.24811428823896 -0.881358714351399
6.5348392319956 -1.43835950688166
6.02345090991651 -1.25426386544049
7.0126414765553 -1.54883676385446
6.11807841955984 -0.00077534401434709
5.18047338066379 -1.50139544035269
6.26672536785724 -0.866037407193754
5.85194519970996 -1.12116849459062
6.04599002747609 -0.435828228385542
6.59944766256702 -1.10560687189794
5.36046954103729 -1.45077678764982
6.42024239500792 -1.77434300175627
5.76733444125333 -1.42033953265346
5.28367940538202 -0.5995899460925
6.43741695077834 -1.29467915295993
6.01291620456935 -1.46368936132592
6.27135580469655 -0.385143059687636
6.22026213040726 -0.885277021850318
6.16752830786316 -0.200573023888055
5.713517055484 -0.373889980281373
5.1307159492971 -2.0716001391411
5.62458341299385 -1.94060170778138
5.20699360460161 -0.582061947262352
5.12720908857869 -1.48780655880996
5.85426520532433 -1.78120804357747
6.32417977238454 -1.8852128818365
6.20724640543241 -0.922994472949159
5.54758784289738 -0.121794084746378
5.59026294990286 -0.503411042188701
6.06682038082657 -1.13453679845618
5.97226716878906 -0.598693552165631
6.80810979920758 -1.15214567234112
6.95149080466879 -2.58928127745293
6.67672964379016 -0.676478372938907
5.54260690275285 -0.682503027643139
5.76919882546436 -1.51231271465296
5.34035751540506 -2.02595026436198
5.58366694464548 -1.32186667962802
6.50135824808367 -1.19741075603115
6.26681038415842 -0.278813934266083
5.95696726197691 -1.01991285953481
5.85720667494652 -1.0746769624454
6.73106554417333 0.230021731523615
5.76316293969646 -0.819455339299942
7.20151864546918 2.93499701758301
9.83504351553511 -0.86352539379101
7.06935872585465 -1.65321547028206
7.64270723879156 3.74957477730826
6.51062231192051 3.17972488451988
6.76313084811146 1.3866976036734
7.74764901457867 3.69984085826733
6.63256813122795 -2.00211324061283
6.94510629140314 2.83284499261124
9.42848073213932 3.44358870884464
8.98149525540372 2.62438602811481
5.73199118424333 3.89776581399965
7.70849460815836 1.27982295167074
6.17833106730673 3.42207619097044
5.5819382090436 2.96378844936827
8.13819712485349 1.47677131179027
4.71638250157774 -0.0144768716506873
4.35790886195385 3.28780360490687
4.32747190098878 1.95559798871472
6.88295905577081 3.30415805596325